109 68 0 0
22 68 391 0
39 91 513 0
97 42 520 1
103 45 527 1
69 72 1299 0
33 93 1385 0
19 87 1794 0
59 79 1865 0
19 92 1991 0
77 67 2142 0
74 69 2639 0
46 60 2886 0
19 90 2958 0
92 58 2999 0
103 46 3079 1
91 59 3194 0
96 57 3446 0
34 94 3642 0
21 100 3646 0
18 99 3960 0
20 98 3998 0
77 51 4088 1
23 72 4092 0
57 80 4237 0
18 97 4284 0
2 40 4449 0
23 16 4624 0
19 96 4635 0
92 59 4723 0
61 51 4898 0
99 55 4976 0
44 87 5913 0
32 96 5914 0
71 70 5937 0
14 116 6147 0
43 88 6279 0
53 82 6739 0
64 75 7070 0
19 99 7650 0
42 70 7858 1
47 97 8105 1
99 41 9044 1
68 55 9684 1
103 50 10721 1
91 43 10753 1
78 50 10787 1
65 58 10826 1
83 47 11175 1
40 72 11480 1
77 50 11995 1
96 41 12205 1
71 53 12239 1
83 82 12245 1
69 55 12604 1
5 6 12720 1
109 68 12980 0
67 74 13847 0
53 19 14350 1
104 47 14432 1
3 25 14542 1
87 71 14636 1
59 43 14673 1
33 77 15073 1
49 85 15199 0
103 47 15482 1
32 109 15506 1
84 71 15547 1
103 48 15655 1
104 49 15894 1
90 43 16195 1
18 91 16297 0
102 42 16441 1
100 41 16466 1
23 83 16777 1
22 84 16788 1
47 69 16810 1
103 45 16822 1
70 55 16950 1
83 63 17159 0
101 41 17166 1
102 44 17200 1
79 50 17214 1
103 51 17276 1
17 92 17345 0
53 66 17418 1
95 41 17442 1
67 56 17456 1
97 57 17480 0
103 43 17506 1
42 71 17530 1
75 68 17582 0
18 95 17641 0
104 48 17772 1
80 49 17805 1
102 43 17806 1
68 57 17836 1
98 41 17855 1
76 68 17857 0
84 64 17866 0
103 49 17867 1
85 47 18044 1
44 70 18103 1
93 42 18182 1
104 46 18203 1
103 44 18292 1
90 44 18343 1
82 64 18418 0
87 44 18435 1
101 42 18562 1
99 42 18586 1
52 66 18633 1
95 58 18904 0
87 61 18917 0
49 67 19016 1
62 58 19031 1
20 100 19042 0
97 41 19049 1
48 67 19064 1
104 47 19067 1
33 76 19083 1
99 56 19171 0
92 43 19266 1
42 89 19380 0
82 48 19589 1
83 48 19647 1
103 45 19838 1
89 60 19959 0
19 89 19995 0
74 52 20023 1
19 88 20037 0
104 45 20093 1
85 63 20132 0
98 40 20145 1
46 86 20156 0
80 65 20161 0
19 95 20202 0
64 57 20305 1
78 49 20398 1
63 57 20414 1
3 63 20445 0
100 42 20486 1
102 42 20543 1
51 67 20621 1
94 58 20636 0
52 82 20684 0
73 69 20789 0
47 86 20811 0
23 99 20827 0
92 58 20952 0
24 99 21027 0
19 98 21079 0
59 61 21103 1
30 96 21113 0
66 74 21177 0
34 92 21198 0
103 42 21345 1
47 84 21355 0
47 67 21421 1
65 57 21451 1
18 93 21497 0
19 96 21507 0
19 97 21514 0
85 46 21524 1
42 88 21539 0
50 67 21546 1
93 59 21639 0
85 45 21649 1
58 61 21780 1
62 78 21872 0
33 94 21891 0
47 68 21898 1
81 48 21907 1
20 99 21908 0
34 93 21963 0
25 98 21978 0
100 41 22009 1
102 41 22100 1
23 98 22166 0
94 41 22212 1
35 92 22352 0
73 53 22356 1
61 77 22362 0
49 68 22364 1
31 94 22366 0
75 69 22376 0
50 84 22379 0
91 59 22386 0
21 97 22406 0
62 77 22415 0
22 100 22415 0
50 66 22613 1
39 90 22692 0
19 92 22744 0
36 92 22832 0
86 62 22856 0
34 76 22861 1
77 49 22917 1
97 40 22937 1
51 83 22995 0
89 59 23052 0
103 44 23059 1
88 44 23344 1
40 71 23397 1
75 52 23400 1
99 41 23443 1
18 88 23803 0
32 76 23825 1
18 94 23915 0
106 56 24051 1
43 70 24194 1
96 41 24333 1
31 95 24348 0
19 95 24634 0
104 46 24647 1
103 48 24752 1
120 16 24793 1
19 90 24965 0
71 84 24979 1
71 98 25037 1
101 41 25098 1
102 43 25239 1
43 0 25317 1
26 22 25333 1
98 41 25404 1
31 77 25416 1
45 69 25498 1
59 78 25690 0
93 58 25751 0
40 117 25857 1
90 60 26046 0
20 98 26062 0
103 43 26082 1
104 47 26251 1
37 91 26293 0
28 79 26350 1
75 51 26608 1
21 99 26689 0
18 92 26707 0
103 45 26963 1
68 56 26974 1
104 49 26977 1
48 68 27018 1
64 58 27069 1
103 47 27216 1
31 96 27351 0
50 68 27375 1
35 26 27466 0
38 91 27605 0
48 84 27731 0
72 53 27744 1
58 62 27989 1
25 28 28010 0
27 79 28034 1
61 60 28036 1
104 44 28057 1
51 66 28221 1
19 96 28271 0
89 43 28278 1
73 52 28422 1
63 58 28606 1
78 67 28879 0
92 59 28890 0
86 46 29053 1
97 56 29106 0
104 48 29125 1
75 68 29210 0
43 87 29286 0
18 90 29404 0
103 49 29406 1
97 41 29443 1
22 99 29456 0
23 100 29467 0
68 73 29652 0
45 86 29749 0
102 42 29772 1
78 66 29785 0
104 45 29881 1
83 47 29991 1
95 41 30121 1
102 52 30121 1
41 71 30121 1
79 49 30154 1
69 7 30229 0
57 62 30412 1
85 62 30582 0
60 61 30585 1
92 42 30600 1
83 63 30724 0
103 44 30758 1
76 68 30782 0
46 68 30805 1
37 92 30864 0
82 47 30935 1
98 40 30986 1
98 56 31212 0
100 41 31249 1
40 90 31283 0
84 47 31283 1
93 58 31303 0
104 46 31347 1
96 57 31666 0
66 57 31692 1
92 58 31889 0
20 87 31889 0
77 67 31945 0
19 89 31951 0
104 47 32063 1
99 55 32086 0
18 91 32091 0
19 92 32138 0
57 79 32270 0
93 42 32370 1
44 69 32404 1
35 75 32452 1
65 74 32467 0
28 97 32507 0
101 41 32515 1
60 60 32539 1
54 82 32650 0
101 42 32694 1
86 45 32760 1
52 66 32840 1
96 40 32897 1
19 97 32899 0
103 50 32934 1
61 76 33096 0
103 45 33100 1
105 46 33184 1
67 56 33235 1
32 77 33302 1
19 88 33304 0
77 68 33311 0
87 45 33316 1
24 98 33382 0
45 85 33578 0
74 69 33606 0
82 64 33623 0
58 78 33738 0
46 69 33748 1
29 96 33753 0
47 85 33784 0
103 43 33848 1
58 79 33908 0
34 75 33936 1
66 75 33970 0
55 81 33973 0
63 76 33982 0
80 48 33995 1
58 80 34024 0
59 77 34110 0
82 48 34194 1
95 57 34260 0
99 40 34265 1
21 97 34267 0
102 41 34311 1
41 70 34343 1
74 52 34364 1
59 78 34371 0
19 95 34450 0
90 43 34494 1
44 122 34514 1
48 67 34547 1
102 42 34549 1
91 42 34550 1
52 82 34585 0
100 40 34627 1
81 48 34654 1
44 70 34662 1
53 66 34772 1
60 78 34827 0
33 76 34875 1
66 56 34932 1
54 81 34997 0
44 87 35071 0
108 16 35159 0
69 72 35249 0
64 76 35300 0
23 98 35309 0
96 41 35314 1
29 79 35317 1
56 80 35348 0
72 70 35441 0
49 67 35462 1
43 65 35507 1
97 74 35585 1
104 45 35625 1
98 63 35632 1
27 24 35701 1
19 87 35737 0
50 67 35812 1
74 68 35870 0
20 86 35899 0
104 50 35935 1
77 66 36184 0
104 43 36190 1
45 68 36252 1
88 61 36259 0
3 63 36262 1
19 92 36396 0
35 5 36441 1
10 104 36460 1
46 85 36464 0
99 115 36486 1
104 46 36520 1
26 97 36527 0
53 65 36643 1
65 58 36710 1
19 90 36731 0
103 42 36745 1
97 41 36751 1
70 71 36848 0
93 58 36883 0
87 44 36886 1
97 40 36953 1
76 51 36970 1
103 44 37108 1
95 42 37131 1
104 44 37196 1
22 119 37229 1
53 82 37258 0
26 98 37366 0
98 41 37401 1
42 70 37597 1
23 99 37643 0
104 49 37713 1
70 54 37750 1
81 65 37763 0
93 41 37795 1
94 41 37972 1
65 57 38020 1
42 9 38045 0
35 5 38228 0
102 44 38240 1
83 64 38255 0
78 50 38318 1
24 99 38416 0
94 58 38448 0
85 63 38485 0
98 31 38558 0
18 96 38584 0
19 96 38596 0
83 48 38612 1
20 98 38613 0
35 76 38686 1
70 72 38692 0
91 59 38708 0
72 71 38729 0
89 60 38830 0
64 57 38856 1
18 87 38901 0
71 54 39003 1
103 51 39068 1
47 69 39399 1
51 67 39454 1
80 49 39630 1
19 98 39662 0
104 47 39683 1
100 41 39960 1
98 40 40043 1
17 93 40147 0
91 43 40191 1
43 70 40383 1
104 48 40419 1
20 91 40596 0
24 98 40666 0
42 71 40906 1
76 69 40924 0
72 69 41237 0
81 47 41799 1
74 68 41802 0
71 53 41887 1
79 50 41899 1
33 95 41925 0
28 80 41946 1
21 99 41988 0
95 57 42046 0
62 59 42070 1
62 77 42217 0
20 101 42243 0
30 78 42263 1
83 63 42374 0
25 98 42401 0
46 86 42436 0
90 59 42461 0
48 85 42493 0
87 61 42629 0
21 26 42630 0
45 90 42718 0
32 95 42930 0
71 70 42970 0
61 78 43069 0
86 62 43106 0
79 66 43279 0
51 66 43326 1
21 77 43381 0
18 98 43435 0
103 101 43455 0
103 43 43455 1
38 92 43493 0
92 43 43524 1
89 59 43542 0
13 104 43587 0
63 77 43594 0
65 56 43681 1
102 42 43853 1
61 77 44061 0
73 69 44099 0
20 96 44169 0
58 78 44270 0
50 66 44429 1
104 45 44608 1
101 41 44611 1
104 46 44646 1
98 56 44660 0
85 62 44666 0
40 89 44821 0
92 58 44837 0
48 84 44892 0
75 68 44945 0
35 106 45075 1
22 98 45148 0
99 40 45171 1
31 93 45322 0
41 87 45368 0
31 94 45376 0
95 41 45614 1
97 56 45629 0
19 89 45646 0
31 95 45691 0
93 58 45741 0
18 93 45750 0
77 67 45778 0
60 78 45875 0
86 63 45974 0
108 16 45985 0
53 81 46024 0
72 52 46095 1
78 66 46098 0
34 92 46211 0
49 84 46231 0
19 95 46307 0
100 55 46309 0
103 42 46348 1
83 47 46485 1
21 97 46586 0
25 99 46600 0
59 78 46622 0
37 74 46686 1
19 88 46733 0
65 75 46891 0
36 74 46900 1
74 68 46928 0
103 41 46934 1
103 45 46955 1
80 65 47037 0
33 93 47043 0
19 92 47101 0
56 79 47347 0
77 50 47473 1
76 50 47496 1
61 59 47555 1
45 86 47567 0
100 40 47586 1
69 54 47592 1
20 96 47651 0
83 82 47673 0
67 55 47712 1
75 52 47729 1
95 40 47911 1
88 44 47919 1
75 51 48110 1
125 92 48141 1
97 40 48216 1
18 89 48232 0
78 49 48370 1
94 57 48390 0
104 44 48403 1
43 69 48414 1
102 41 48414 1
101 40 48422 1
58 61 48435 1
54 64 48457 1
67 56 48482 1
26 21 48497 1
59 60 48514 1
96 40 48569 1
103 44 48590 1
21 98 48635 0
8 124 48733 1
43 87 48841 0
23 98 48914 0
90 59 48927 0
22 99 49014 0
97 41 49123 1
19 93 49180 0
59 61 49180 1
45 69 49221 1
37 7 49292 0
39 90 49310 0
33 77 49347 1
34 76 49430 1
89 61 49462 0
104 43 49522 1
34 94 49624 0
98 40 49701 1
20 99 49785 0
68 56 49813 1
72 69 49815 0
100 54 49922 0
69 55 50091 1
47 67 50091 1
80 48 50092 1
19 90 50166 0
85 46 50174 1
39 73 50177 1
55 64 50202 1
45 87 50236 0
85 45 50250 1
52 66 50303 1
42 69 50307 1
27 22 50368 1
99 55 50498 0
47 68 50576 1
22 98 50592 0
33 94 50607 0
26 97 50613 0
37 92 50706 0
32 76 50841 1
31 79 51041 1
20 96 51044 0
24 98 51058 0
103 49 51102 1
74 52 51203 1
92 42 51293 1
33 75 51382 1
26 80 51571 1
68 55 51604 1
59 105 51606 1
25 115 51607 1
37 116 51665 1
34 75 51739 1
20 91 51857 0
115 75 51901 1
37 91 51934 0
27 34 51985 1
51 100 52039 1
88 0 52062 1
39 115 52082 1
97 120 52233 1
43 63 52272 1
47 84 52342 0
61 76 52350 0
19 93 52609 0
73 53 52686 1
73 52 52758 1
95 57 52796 0
81 48 52953 1
26 82 52965 1
109 68 52970 1
94 57 53013 0
48 67 53172 1
20 87 53271 0
104 47 53393 1
102 42 53400 1
89 43 53495 1
24 96 53840 0
19 92 53874 0
93 42 53915 1
72 53 54026 1
49 68 54174 1
26 99 54176 0
95 58 54186 0
105 47 54197 1
21 101 54225 0
35 75 54329 1
99 40 54389 1
17 85 54485 0
104 46 54501 1
82 47 54763 1
56 63 54770 1
96 41 54839 1
104 49 54847 1
44 68 54900 1
21 98 55013 0
20 96 55020 0
19 91 55282 0
17 89 55365 0
104 45 55487 1
34 44 55598 0
100 41 55654 1
70 55 56030 1
79 48 56279 1
86 46 56336 1
84 62 56397 0
101 41 56491 1
52 82 56546 0
22 98 56746 0
29 77 56802 1
29 78 56825 1
82 48 56939 1
78 67 57040 0
19 93 57062 0
64 75 57101 0
44 87 57121 0
92 58 57224 0
102 40 57300 1
51 83 57456 0
68 74 57468 0
94 41 57533 1
53 65 57611 1
44 69 57737 1
50 67 57827 1
100 39 57852 1
50 83 57901 0
104 41 57961 1
91 42 58022 1
105 46 58150 1
66 56 58190 1
92 57 58228 0
103 40 58250 1
103 42 58338 1
20 89 58378 0
23 99 58499 0
84 46 58512 1
104 44 58625 1
93 60 58677 0
103 41 58729 1
68 73 58748 0
36 92 58810 0
102 41 58824 1
61 60 59036 1
104 42 59045 1
105 43 59072 1
53 81 59091 0
94 57 59151 0
47 85 59153 0
43 86 59175 0
19 91 59176 0
104 50 59213 1
88 43 59241 1
109 68 59258 1
103 43 59260 1
77 66 59279 0
59 77 59362 0
102 37 59377 1
63 57 59434 1
38 91 59476 0
100 40 59520 1
19 87 59762 0
58 78 59767 0
19 97 59772 0
25 82 59909 1
34 93 59911 0
42 88 59914 0
15 27 59924 0
23 26 59936 0
49 67 59954 1
93 58 59978 0
83 63 59985 0
30 96 60005 0
51 66 60115 1
31 77 60119 1
74 68 60260 0
81 47 60300 1
97 40 60418 1
94 58 60425 0
105 45 60551 1
56 79 60622 0
50 66 60632 1
104 43 60651 1
53 66 60666 1
21 87 60696 0
20 96 60764 0
54 81 60768 0
60 78 60879 0
90 42 60888 1
63 76 61001 0
21 98 61017 0
21 97 61046 0
84 62 61079 0
35 92 61127 0
23 101 61163 0
61 77 61166 0
46 69 61188 1
37 73 61231 1
86 62 61300 0
83 47 61394 1
101 40 61424 1
17 97 61438 0
95 40 61549 1
53 80 61605 0
90 59 61606 0
19 89 61655 0
27 97 61735 0
76 68 61800 0
82 64 61824 0
27 98 61846 0
42 70 61853 1
98 40 61885 1
31 94 61932 0
101 41 61986 1
85 63 62012 0
20 85 62280 0
45 85 62284 0
64 58 62344 1
62 77 62408 0
65 57 62457 1
90 43 62502 1
19 93 62604 0
102 42 62647 1
23 98 62667 0
20 89 62687 0
46 68 62854 1
69 72 62887 0
95 56 62933 0
19 91 62946 0
58 62 63001 1
77 67 63017 0
19 94 63022 0
89 59 63099 0
85 62 63138 0
49 83 63154 0
79 65 63212 0
18 92 63362 0
18 95 63386 0
20 91 63403 0
26 98 63428 0
30 77 63440 1
20 86 63514 0
29 96 63673 0
103 50 63824 1
95 41 63933 1
19 90 63970 0
44 70 64026 1
84 47 64045 1
40 90 64074 0
99 54 64078 0
19 95 64182 0
60 60 64240 1
22 98 64461 0
82 65 64609 0
86 45 64662 1
99 40 64940 1
33 76 64980 1
87 44 64999 1
24 82 65026 1
35 93 65039 0
42 86 65161 0
24 98 65224 0
91 59 65272 0
97 41 65320 1
41 70 65375 1
46 87 65446 0
94 59 65545 0
26 81 65548 1
20 95 65828 0
32 95 66035 0
74 51 66089 1
91 60 66179 0
19 96 66251 0
41 89 66367 0
46 67 66419 1
50 83 66596 0
93 41 66682 1
15 95 66722 0
25 98 66956 0
35 74 67090 1
103 42 67134 1
96 40 67136 1
97 39 67345 1
80 48 67352 1
21 98 67398 0
20 89 67509 0
45 86 67535 0
78 68 67631 0
19 91 67740 0
46 85 67789 0
45 68 67876 1
92 59 68176 0
49 66 68210 1
19 94 68343 0
20 96 68432 0
44 86 68488 0
67 56 68711 1
59 78 68820 0
64 57 68869 1
98 56 68884 0
20 97 68959 0
22 97 69209 0
20 95 69355 0
92 58 69376 0
85 64 69414 0
56 81 69847 0
74 36 70071 0
19 92 70164 0
75 68 70244 0
20 88 70334 0
62 76 70424 0
19 85 70683 0
28 98 70717 0
17 94 70793 0
48 84 70887 0
100 72 71575 1
48 66 71577 1
37 7 71827 1
1 84 71846 1
84 62 72029 0
78 66 72165 0
87 61 72172 0
70 71 72448 0
83 46 72527 1
104 42 72532 1
36 91 72662 0
56 80 72768 0
52 65 72928 1
24 96 73073 0
20 95 73257 0
22 97 73330 0
20 87 73683 0
104 48 73709 1
18 100 73745 0
20 97 73776 0
28 96 73857 0
104 44 73902 1
98 38 74204 1
43 70 74262 1
104 46 74341 1
105 46 74372 1
19 94 74401 0
17 91 74463 0
87 62 74596 0
77 49 74937 1
34 92 74938 0
19 93 75038 0
94 57 75162 0
49 83 75206 0
98 39 75235 1
32 77 75701 1
19 91 75739 0
24 99 75983 0
57 79 76092 0
19 86 76207 0
34 75 76501 1
95 57 76961 0
103 41 77414 1
51 67 77590 1
44 86 77967 0
20 88 78001 0
31 93 78265 0
28 23 78330 1
45 67 78360 1
26 97 78454 0
20 97 78570 0
62 76 78909 0
46 60 78956 1
104 43 79004 1
22 97 79039 0
27 96 79054 0
96 57 79099 0
20 95 79668 0
61 76 80039 0
22 26 80120 0
98 38 80243 1
21 98 80346 0
93 57 80944 0
41 87 81089 0
12 119 81633 0
102 40 81771 1
65 56 81949 1
71 71 82056 0
43 69 82169 1
105 47 82544 1
102 41 82582 1
96 41 82620 1
100 40 82646 1
99 39 82803 1
37 99 82882 0
53 82 82962 0
104 49 83070 1
105 45 83078 1
101 40 83170 1
92 57 83397 0
105 44 83409 1
100 54 83603 0
81 48 83671 1
98 38 83672 1
89 60 83865 0
87 45 83923 1
103 42 83973 1
20 97 84046 0
54 80 84077 0
97 40 84098 1
36 91 84176 0
68 54 84179 1
94 40 84190 1
80 47 84320 1
79 66 84365 0
97 56 84395 0
94 41 84396 1
105 48 84426 1
99 55 84439 0
75 51 84509 1
87 43 84557 1
91 42 84602 1
19 94 84644 0
40 89 84673 0
82 47 84704 1
92 41 84709 1
78 50 84745 1
77 66 84761 0
104 41 84780 1
74 68 84814 0
98 40 85011 1
101 39 85016 1
104 42 85025 1
59 77 85340 0
99 54 85375 0
33 92 85422 0
95 56 85451 0
100 39 85581 1
102 40 85596 1
93 42 85599 1
53 81 85611 0
103 41 85644 1
93 57 85751 0
92 58 85766 0
83 63 85771 0
66 74 85774 0
28 96 85777 0
53 65 85853 1
92 42 85854 1
105 46 85928 1
21 94 85946 0
64 76 85949 0
22 98 86046 0
52 82 86091 0
33 93 86143 0
73 51 86169 1
81 47 86191 1
36 74 86200 1
101 41 86324 1
85 46 86325 1
68 55 86346 1
103 40 86356 1
63 58 86356 1
20 91 86403 0
65 74 86422 0
102 41 86445 1
89 43 86447 1
105 42 86464 1
85 62 86495 0
23 83 86580 1
105 43 86585 1
74 52 86739 1
99 40 86766 1
33 94 86785 0
31 95 86831 0
21 97 86877 0
67 55 86893 1
20 89 86958 0
79 48 87061 1
54 64 87079 1
52 66 87114 1
86 46 87150 1
23 98 87181 0
17 96 87211 0
66 56 87229 1
83 47 87248 1
98 39 87388 1
47 66 87396 1
105 45 87438 1
53 80 87473 0
48 67 87539 1
77 50 87561 1
98 38 87601 1
90 59 87629 0
119 111 87871 0
71 70 87946 0
35 75 88007 1
105 49 88078 1
99 39 88148 1
100 40 88263 1
105 44 88276 1
61 77 88277 0
43 87 88289 0
84 62 88355 0
22 97 88381 0
21 87 88393 0
58 78 88426 0
94 57 88504 0
57 61 88506 1
105 47 88508 1
50 83 88515 0
50 67 88520 1
101 40 88537 1
51 66 88697 1
57 80 88697 0
103 42 88697 1
76 50 88700 1
47 67 88715 1
69 55 88795 1
27 97 88825 0
23 82 88842 1
59 60 88848 1
73 52 88889 1
95 40 88896 1
79 65 88920 0
72 52 88928 1
79 46 88929 1
23 102 88974 0
19 88 89046 0
31 94 89092 0
35 91 89100 0
104 42 89140 1
36 93 89159 0
70 54 89205 1
71 53 89210 1
62 76 89218 0
43 86 89230 0
44 69 89254 1
20 95 89279 0
37 91 89281 0
72 69 89358 0
21 94 89419 0
20 91 89507 0
96 40 89527 1
47 85 89594 0
24 95 89606 0
104 41 89687 1
50 66 89698 1
60 59 89719 1
41 69 89791 1
21 91 89884 0
86 62 89909 0
92 57 89957 0
39 72 89983 1
20 88 90013 0
21 85 90015 0
58 61 90022 1
93 58 90278 0
20 97 90329 0
88 53 90355 1
88 44 90355 1
20 86 90378 0
45 85 90603 0
71 54 90699 1
20 96 90725 0
52 65 90820 1
103 41 90911 1
37 73 91011 1
27 96 91041 0
93 59 91093 0
55 81 91121 0
84 46 91126 1
61 59 91194 1
25 27 91202 0
89 59 91207 0
24 96 91226 0
95 41 91328 1
105 46 91447 1
47 84 91460 0
50 84 91480 0
102 40 91537 1
24 98 91546 0
98 38 91642 1
125 35 91744 1
102 39 91800 1
89 42 91802 1
77 66 91848 0
77 67 91865 0
22 96 91919 0
19 91 91956 0
80 65 91969 0
25 100 92230 0
99 64 92308 0
54 80 92525 0
61 76 92663 0
78 49 92738 1
93 57 92854 0
85 45 92982 1
60 78 92982 0
98 55 93073 0
23 24 93140 0
34 94 93147 0
40 72 93191 1
20 89 93193 0
18 94 93224 0
49 84 93248 0
37 94 93275 0
37 7 93275 0
20 92 93337 0
21 95 93365 0
55 64 93378 1
37 90 93420 0
73 82 93584 0
63 76 93586 0
44 86 93613 0
19 89 93658 0
20 87 93767 0
24 100 93859 0
57 62 93864 1
17 109 93883 0
80 48 93884 1
39 90 93935 0
95 57 93980 0
53 119 94047 0
13 96 94088 0
98 40 94133 1
21 100 94146 0
25 81 94151 1
33 58 94157 0
70 72 94159 0
59 61 94187 1
67 56 94422 1
87 44 94456 1
69 54 94483 1
27 26 94571 0
42 87 94753 0
42 69 94785 1
74 68 94835 0
95 39 94837 1
34 74 94923 1
104 43 94974 1
22 96 94983 0
37 7 95333 0
33 74 95409 1
58 79 95410 0
97 39 95437 1
20 85 95694 0
35 74 95694 1
45 68 95923 1
46 68 95983 1
90 42 96232 1
100 39 96311 1
104 44 96350 1
78 66 96456 0
22 97 96552 0
20 92 96566 0
54 81 96584 0
21 95 96951 0
60 60 96971 1
21 96 97081 0
62 59 97162 1
19 90 97401 0
52 83 97421 0
65 57 97508 1
97 57 97604 0
28 97 97702 0
51 65 97832 1
64 75 97889 0
96 41 97904 1
78 67 98063 0
24 26 98485 0
17 90 98499 0
37 92 98537 0
20 98 98576 0
96 39 98585 1
29 79 98603 1
46 85 98607 0
98 55 98620 0
22 96 98878 0
23 98 98953 0
21 97 98955 0
60 79 98955 0
32 0 98996 0
105 43 99000 1
20 91 99040 0
19 69 99051 0
97 40 99161 1
56 79 99169 0
20 97 99386 0
74 69 99429 0
37 7 99442 1
61 79 99523 0
25 98 99724 0
21 99 99750 0
88 43 99841 1
62 77 99975 0
17 95 99979 0
14 94 99982 0
94 58 99989 0
25 26 99997 0
26 97 100108 0
69 72 100110 0
46 86 100129 0
63 75 100166 0
48 85 100176 0
32 76 100300 1
72 70 100441 0
20 92 100627 0
42 86 100754 0
20 93 100770 0
105 45 100800 1
23 95 100873 0
21 88 100945 0
101 39 100974 1
100 54 101036 0
21 95 101132 0
98 38 101245 1
34 93 101462 0
21 86 101481 0
104 42 101512 1
53 65 101538 1
91 42 101732 1
56 80 102026 0
105 41 102164 1
33 92 102391 0
21 96 102397 0
33 75 102401 1
30 97 102571 0
25 99 102703 0
17 98 102707 0
37 74 102794 1
65 103 102863 0
22 96 102890 0
93 40 102926 1
21 94 103041 0
39 91 103095 0
20 88 103121 0
94 40 103167 1
38 73 103542 1
23 96 103587 0
101 40 103679 1
36 91 103771 0
50 65 104189 1
74 67 104211 0
64 56 104283 1
20 93 104355 0
98 38 104561 1
94 41 104673 1
104 38 104676 1
21 91 104710 0
93 41 104883 1
80 47 105034 1
101 38 105215 1
83 46 105492 1
44 68 105773 1
28 96 106089 0
34 75 106119 1
37 90 106222 0
42 87 106253 0
20 95 106256 0
20 92 106441 0
32 94 106524 0
32 75 106557 1
30 78 106823 1
18 91 106825 0
75 51 106920 1
21 96 107182 0
36 74 107206 1
98 55 107643 0
20 93 107716 0
105 47 107799 1
53 83 108095 0
54 64 108131 1
68 55 108168 1
105 48 108196 1
1 104 108253 1
55 63 108276 1
43 69 108301 1
81 48 108553 1
74 51 108722 1
73 78 108791 0
13 92 108878 0
61 60 108977 1
98 38 109223 1
33 76 109223 1
91 58 109302 0
40 71 109770 1
63 75 109924 0
39 71 110067 1
75 50 110070 1
49 65 110103 1
71 52 110166 1
103 41 110514 1
88 61 110994 0
23 96 111276 0
95 56 111570 0
73 69 111702 0
101 53 111863 0
20 93 112025 0
99 54 112235 0
100 40 112315 1
40 90 112765 0
76 66 112768 0
81 64 112875 0
105 44 113004 1
37 7 113519 1
75 67 113544 0
104 50 113673 1
23 95 113802 0
70 71 113952 0
45 86 114041 0
21 95 114149 0
62 58 114191 1
98 38 114221 1
21 96 114288 0
22 98 114400 0
102 38 114612 1
32 94 114615 0
97 55 114751 0
60 77 114864 0
84 62 115150 0
42 70 115359 1
19 92 115679 0
98 39 115738 1
95 59 115796 0
0 84 115874 1
80 66 116701 0
20 90 117107 0
102 40 117263 1
91 58 117534 0
99 39 117718 1
98 38 117938 1
48 66 118135 1
48 84 118375 0
86 45 118442 1
104 41 119042 1
38 90 119065 0
41 88 119256 0
81 47 119349 1
24 27 119405 0
103 40 119471 1
83 47 119840 1
66 56 119936 1
42 71 120273 1
86 44 120416 1
65 56 120480 1
105 46 120482 1
51 81 120566 0
100 72 120680 1
109 68 120858 1
15 33 121735 1
98 38 121849 1
100 39 121985 1
20 93 122008 0
102 41 122106 1
105 42 122174 1
70 53 122415 1
93 57 122447 0
85 62 123340 0
94 57 123354 0
105 45 123438 1
23 27 123508 0
20 90 123602 0
106 43 123631 1
105 43 124011 1
16 94 124183 0
92 41 124324 1
97 55 124336 0
85 46 124426 1
106 45 124434 1
30 76 124508 1
83 62 124571 0
96 40 124596 1
25 104 124625 0
101 39 124632 1
103 39 124698 1
104 41 124706 1
95 40 124720 1
107 44 124813 1
92 57 124820 0
98 38 124918 1
53 64 124937 1
77 66 124976 0
52 65 125037 1
107 86 125080 1
105 44 125206 1
87 43 125499 1
43 68 125503 1
67 55 125506 1
49 83 125547 0
102 40 125551 1
105 42 125554 1
86 61 125684 0
59 59 125693 1
75 67 125723 0
78 48 125760 1
53 80 125766 0
102 39 125855 1
58 60 125862 1
22 96 125920 0
32 94 125931 0
76 49 126105 1
86 96 126108 1
66 55 126110 1
68 54 126159 1
29 22 126176 1
61 76 126180 0
97 74 126210 1
87 73 126228 1
60 77 126260 0
11 15 126267 1
103 40 126289 1
21 88 126299 0
3 110 126307 1
53 81 126326 0
35 75 126329 1
76 66 126333 0
54 80 126388 0
52 66 126398 1
33 93 126430 0
104 42 126442 1
92 58 126505 0
24 95 126540 0
105 45 126579 1
97 40 126761 1
21 87 126828 0
35 92 126860 0
42 89 126892 0
59 77 126951 0
98 39 126977 1
27 96 126997 0
99 39 126997 1
105 46 126998 1
20 92 127003 0
34 92 127060 0
100 39 127064 1
98 78 127147 1
98 38 127148 1
50 66 127157 1
77 49 127188 1
73 51 127205 1
97 39 127252 1
119 56 127252 1
20 89 127391 0
100 38 127463 1
87 61 127476 0
52 64 127482 1
91 58 127482 0
21 91 127571 0
36 6 127610 1
20 91 127695 0
74 67 127714 0
21 96 127890 0
82 46 127910 1
31 93 127932 0
106 44 127942 1
62 76 127957 0
48 67 128002 1
77 50 128003 1
83 63 128076 0
22 97 128092 0
98 31 128153 1
47 67 128163 1
40 89 128204 0
99 101 128422 1
24 81 128425 1
105 43 128435 1
85 45 128471 1
81 64 128481 0
20 90 128544 0
108 54 128653 1
40 70 128707 1
23 96 128738 0
21 94 128833 0
24 96 128919 0
3 63 128965 1
41 87 128984 0
70 54 129160 1
78 66 129202 0
38 90 129207 0
45 85 129217 0
89 43 129289 1
98 38 129306 1
26 82 129317 1
51 65 129319 1
59 60 129409 1
99 54 129497 0
91 41 129528 1
79 48 129533 1
43 70 129595 1
105 47 129629 1
37 73 129651 1
51 66 129685 1
76 50 129712 1
104 41 129720 1
29 96 129731 0
35 74 129762 1
98 40 129822 1
23 25 129907 0
49 66 129956 1
97 38 130049 1
95 57 130252 0
21 85 130268 0
44 69 130345 1
16 87 130604 0
1 84 130632 0
17 92 130653 0
93 57 130686 0
23 95 130821 0
91 42 130835 1
105 48 130939 1
101 39 130947 1
105 41 130979 1
57 79 131105 0
20 93 131119 0
31 94 131213 0
83 46 131230 1
89 42 131233 1
63 75 131400 0
26 98 131401 0
35 91 131463 0
22 96 131484 0
21 82 131509 1
21 95 131509 0
21 91 131524 0
26 81 131608 1
27 79 131688 1
27 97 131767 0
71 70 131872 0
95 56 131914 0
35 73 131935 1
31 77 131968 1
46 67 132077 1
47 84 132108 0
105 42 132153 1
51 81 132181 0
43 86 132189 0
45 68 132238 1
83 62 132363 0
69 54 132553 1
105 44 132697 1
21 88 132790 0
80 47 132794 1
98 38 132912 1
45 67 133005 1
60 59 133210 1
102 40 133329 1
68 72 133410 0
28 79 133474 1
68 55 133572 1
20 90 133617 0
50 65 133706 1
106 47 133779 1
86 61 134087 0
30 77 134202 1
65 75 134252 0
97 36 134435 1
77 108 134544 1
54 64 134597 1
79 66 134603 0
98 55 134627 0
20 87 134906 0
21 84 134984 0
53 65 135009 1
98 78 135139 0
98 38 135139 1
21 86 135148 0
24 95 135245 0
71 71 135344 0
71 69 135388 0
44 86 135395 0
73 52 135445 1
64 57 135463 1
53 80 135585 0
26 97 135678 0
72 52 135718 1
97 55 135767 0
20 86 135778 0
63 76 135796 0
20 92 135797 0
20 88 135912 0
21 87 135928 0
20 91 136061 0
58 78 136317 0
89 59 136318 0
18 88 136655 0
41 89 136691 0
57 78 136730 0
55 80 136758 0
103 40 136781 1
97 56 136849 0
52 82 136880 0
79 65 136895 0
19 94 136950 0
77 66 136978 0
96 39 137146 1
41 90 137221 0
36 74 137256 1
9 114 137260 0
33 92 137460 0
94 57 137497 0
100 39 137707 1
33 93 137806 0
21 94 137867 0
64 75 137952 0
90 42 138037 1
98 38 138134 1
20 89 138187 0
36 92 138351 0
56 79 138440 0
100 54 138442 0
54 80 138576 0
21 98 138606 0
67 56 138631 1
59 101 138675 0
14 97 138724 0
23 96 138896 0
44 68 138982 1
42 69 139092 1
16 99 139166 0
33 94 139219 0
84 62 139308 0
80 65 139442 0
25 95 139451 0
17 103 139462 0
15 112 139518 0
38 90 139626 0
19 91 139886 0
105 43 140098 1
86 62 140246 0
32 94 140406 0
99 39 140461 1
67 55 140628 1
52 65 140648 1
106 45 140661 1
20 90 140711 0
81 47 140773 1
47 83 140806 0
102 39 140816 1
35 93 140849 0
98 38 140888 1
41 88 140917 0
56 63 140959 1
44 88 140973 0
75 67 140997 0
75 51 141054 1
24 98 141135 0
18 90 141196 0
44 51 141274 0
106 46 141406 1
94 40 141497 1
96 40 141592 1
59 80 141723 0
105 45 141724 1
38 91 141751 0
76 66 141980 0
32 92 141986 0
16 93 142054 0
103 39 142057 1
106 43 142296 1
92 40 142336 1
93 41 142677 1
46 85 142730 0
95 39 142731 1
98 39 142887 1
23 80 142909 0
87 60 142939 0
92 57 143041 0
104 39 143122 1
75 68 143204 0
60 77 143294 0
99 38 143549 1
19 99 143660 0
61 59 143735 1
21 96 143752 0
105 49 143825 1
74 50 144079 1
27 96 144333 0
74 68 144347 0
84 45 144406 1
93 56 144702 0
37 90 144768 0
42 88 144770 0
106 42 144774 1
88 43 144829 1
60 60 144857 1
92 41 144904 1
23 99 145114 0
55 79 145169 0
87 44 145171 1
25 95 145177 0
21 89 145346 0
68 72 145471 0
91 58 145615 0
34 93 145665 0
98 38 145876 1
23 95 145898 0
106 44 146034 1
86 61 146071 0
41 61 146303 1
21 90 146333 0
75 50 146555 1
43 88 146737 0
95 40 146743 1
93 40 146769 1
34 74 147269 1
79 47 147329 1
104 41 147348 1
61 76 147436 0
55 80 147632 0
105 40 147970 1
60 76 148009 0
105 46 148166 1
43 69 148266 1
19 110 148841 0
36 73 148967 1
107 42 149232 1
25 97 149418 0
63 57 149497 1
105 42 149660 1
88 59 150005 0
83 62 150141 0
86 45 150258 1
34 75 150425 1
101 39 150882 1
39 72 151106 1
67 72 151198 0
98 38 151322 1
48 65 151502 1
85 46 151605 1
2 111 151626 1
105 47 151643 1
21 90 151693 0
72 51 151699 1
39 17 151955 1
93 39 152123 1
100 38 152192 1
74 48 152205 1
103 40 152312 1
107 45 152315 1
90 59 152333 0
105 41 152451 1
84 63 152619 0
95 56 152670 0
101 38 152672 1
81 48 152758 1
74 48 152787 1
33 75 152845 1
102 113 152999 1
21 91 153063 0
93 57 153066 0
21 89 153112 0
65 74 153142 0
97 40 153200 1
61 60 153248 1
74 48 153348 1
97 39 153398 1
61 58 153567 1
66 56 153569 1
71 53 153632 1
66 55 153642 1
90 41 153650 1
21 95 153778 0
42 86 153867 0
74 48 153930 1
53 64 153959 1
105 43 154071 1
98 54 154120 0
100 39 154266 1
24 96 154415 0
22 82 154490 1
74 48 154497 1
52 64 154526 1
41 70 154536 1
87 61 154549 0
55 63 154649 1
81 46 154701 1
83 45 154770 1
33 58 154791 1
18 0 154812 1
68 54 154840 1
69 53 154855 1
49 65 154943 1
74 48 154946 1
95 112 154953 1
21 88 155028 0
34 92 155058 0
52 81 155186 0
105 44 155205 1
22 96 155266 0
51 65 155286 1
74 48 155495 1
42 87 155682 0
21 94 155714 0
35 74 155765 1
74 48 156019 1
101 53 156064 0
83 47 156195 1
49 63 156307 1
21 90 156404 0
28 96 156537 0
99 54 156568 0
98 38 156632 1
48 84 156675 0
60 76 156718 0
74 48 156771 1
55 79 156800 0
62 75 156819 0
102 39 156832 1
85 45 156856 1
51 64 156881 1
87 43 156944 1
77 66 156997 0
37 73 157051 1
29 78 157242 1
47 66 157251 1
89 42 157267 1
106 43 157276 1
28 81 157345 1
82 46 157348 1
25 81 157446 1
74 48 157494 1
21 87 157740 0
21 91 157893 0
103 39 157900 1
56 80 157912 0
72 53 157920 1
50 83 157941 0
118 28 157968 1
102 38 157999 1
74 48 158073 1
103 42 158079 1
85 55 158111 1
48 66 158118 1
32 76 158174 1
49 83 158406 0
34 73 158461 1
25 97 158483 0
58 62 158596 1
19 100 158610 0
42 68 158643 1
55 33 158681 0
74 48 158734 1
102 40 158751 1
76 50 159018 1
37 92 159140 0
51 81 159174 0
99 39 159237 1
61 75 159277 0
77 49 159309 1
22 92 159381 0
74 48 159399 1
106 45 159407 1
105 42 159627 1
16 96 160039 0
74 48 160052 1
106 44 160208 1
93 56 160361 0
20 90 160509 0
29 97 160551 0
63 75 160577 0
21 89 160657 0
74 48 160839 1
21 86 160862 0
59 77 161074 0
70 54 161409 1
74 48 161451 1
32 92 161743 0
18 0 161745 0
20 93 161763 0
48 67 161773 1
100 53 161836 0
20 97 161855 0
49 81 161880 0
50 66 161992 1
31 93 161992 0
98 56 162083 0
40 72 162139 1
23 23 162203 0
104 39 162355 1
101 46 162377 1
101 39 162378 1
74 48 162417 1
99 38 162476 1
98 39 162478 1
97 54 162784 0
98 54 162901 0
24 95 163025 0
105 40 163058 1
65 55 163140 1
87 60 163160 0
96 56 163170 0
74 48 163208 1
76 49 163212 1
106 41 163276 1
55 80 163306 0
35 75 163306 1
105 41 163341 1
91 41 163490 1
106 43 163512 1
105 42 163550 1
102 52 163687 0
88 60 163692 0
98 38 163734 1
106 46 163758 1
26 80 163793 1
74 48 164047 1
106 47 164061 1
57 78 164075 0
69 54 164081 1
97 55 164084 0
105 48 164098 1
101 38 164198 1
103 40 164256 1
106 48 164496 1
106 42 164518 1
91 42 164604 1
73 51 164690 1
53 80 164723 0
88 59 164754 0
74 67 164844 0
39 89 164942 0
100 39 164953 1
43 68 165006 1
25 95 165012 0
74 48 165029 1
23 96 165029 0
33 76 165049 1
100 38 165062 1
97 38 165066 1
106 44 165123 1
19 87 165156 0
21 90 165265 0
102 38 165280 1
52 81 165317 0
95 40 165326 1
68 55 165377 1
103 39 165381 1
82 64 165397 0
78 66 165434 0
106 43 165453 1
95 56 165510 0
109 45 165510 1
72 69 165561 0
77 50 165572 1
70 71 165584 0
81 47 165636 1
103 38 165674 1
92 41 165718 1
47 67 165718 1
105 42 165718 1
86 44 165718 1
109 45 165734 0
62 58 165741 1
102 39 165901 1
95 39 165943 1
105 40 165956 1
79 65 165981 0
94 40 166006 1
45 85 166013 0
74 48 166046 1
104 39 166093 1
22 92 166095 0
21 85 166109 0
105 39 166111 1
71 70 166123 0
33 92 166133 0
101 52 166159 0
62 75 166190 0
67 55 166194 1
54 80 166260 0
38 90 166277 0
38 72 166282 1
98 31 166325 1
86 61 166345 0
35 92 166347 0
93 40 166362 1
109 45 166368 1
62 76 166384 0
109 45 166419 0
96 39 166426 1
106 40 166427 1
23 95 166470 0
85 45 166473 1
101 39 166493 1
54 64 166550 1
52 65 166615 1
106 45 166624 1
96 40 166692 1
70 53 166708 1
65 57 166708 1
50 65 166754 1
85 62 166772 0
80 47 166785 1
37 89 166889 0
58 47 166916 1
92 57 166938 0
36 91 166939 0
47 84 166962 0
75 50 167030 1
41 87 167063 0
21 91 167084 0
67 71 167088 0
98 38 167175 1
97 39 167285 1
56 62 167292 1
107 39 167308 1
105 41 167320 1
23 98 167326 0
22 84 167376 0
58 78 167460 0
21 88 167573 0
74 48 167643 1
24 96 167673 0
100 53 167676 0
85 44 167688 1
71 69 167758 0
83 62 167762 0
50 64 167772 1
76 66 167785 0
54 63 167806 1
101 38 167914 1
68 72 167931 0
21 87 167956 0
35 73 167992 1
92 40 167999 1
105 43 168084 1
47 83 168097 0
40 89 168099 0
34 92 168108 0
61 76 168232 0
35 91 168245 0
78 48 168253 1
93 56 168263 0
90 58 168285 0
53 65 168296 1
60 76 168301 0
33 74 168316 1
53 81 168382 0
99 38 168416 1
44 68 168421 1
35 90 168530 0
36 74 168549 1
45 68 168549 1
79 48 168588 1
108 44 168623 1
67 54 168637 1
60 59 168675 1
96 38 168685 1
61 59 168721 1
88 42 168722 1
45 67 168753 1
46 67 168772 1
106 47 168780 1
84 45 168814 1
106 44 168842 1
25 97 168847 0
52 64 168861 1
36 73 168868 1
106 43 168872 1
93 57 168919 0
99 39 168946 1
74 48 168988 1
22 97 169023 0
87 44 169058 1
106 49 169063 1
55 79 169105 0
107 43 169114 1
21 90 169233 0
59 60 169313 1
24 95 169321 0
98 39 169337 1
21 89 169350 0
71 72 169361 0
68 54 169416 1
51 64 169442 1
104 40 169467 1
104 40 169514 1
21 91 169547 0
104 40 169563 1
104 40 169612 1
104 40 169670 1
25 80 169711 1
104 40 169724 1
106 41 169757 1
104 40 169767 1
104 40 169818 1
65 56 169821 1
56 79 169835 0
105 45 169852 1
22 99 169864 0
104 40 169875 1
102 38 169911 1
104 40 169927 1
104 40 169984 1
22 92 170018 0
104 40 170044 1
104 40 170108 1
104 40 170171 1
23 96 170175 0
89 42 170177 1
70 49 170208 1
77 49 170217 1
104 40 170242 1
104 40 170305 1
105 40 170334 1
104 40 170376 1
31 94 170410 0
104 40 170453 1
107 40 170515 1
96 56 170531 0
104 40 170541 1
27 96 170599 0
104 40 170623 1
89 40 170627 1
23 95 170630 0
58 61 170635 1
103 39 170719 1
104 40 170740 1
85 60 170741 0
48 83 170762 0
100 38 170781 1
104 40 170869 1
44 67 170960 1
64 56 170986 1
84 63 171022 0
104 40 171026 1
77 66 171059 0
44 87 171105 0
66 55 171224 1
39 72 171235 1
106 42 171251 1
104 40 171255 1
18 77 171272 0
64 75 171318 0
19 95 171440 0
37 73 171508 1
74 48 171509 1
61 75 171525 0
104 40 171566 1
81 46 171666 1
81 64 171711 0
36 90 171746 0
80 64 171769 0
104 40 172022 1
84 62 172027 0
53 80 172055 0
71 4 172069 0
104 39 172072 1
104 38 172144 1
63 75 172209 0
98 38 172234 1
25 95 172284 0
75 67 172295 0
57 62 172379 1
56 78 172430 0
87 43 172469 1
105 37 172495 1
24 97 172523 0
59 59 172643 1
20 104 172657 0
104 40 172736 1
75 49 172872 1
55 62 172913 1
106 46 172967 1
43 87 173024 0
40 71 173184 1
83 46 173244 1
16 11 173354 1
21 86 173405 0
103 38 173614 1
98 54 173623 0
29 77 173685 1
76 49 173695 1
104 51 173884 1
102 37 173926 1
71 52 174086 1
21 88 174195 0
21 90 174309 0
86 45 174410 1
89 43 174412 1
22 96 174606 0
104 40 174628 1
90 58 174639 0
82 46 174724 1
61 77 174939 0
106 45 175058 1
20 92 175078 0
105 42 175110 1
55 63 175283 1
94 39 175443 1
88 60 175453 0
74 48 175507 1
80 46 175735 1
89 58 176136 0
33 93 176193 0
21 89 176195 0
83 45 176244 1
26 97 176440 0
35 74 176461 1
21 94 176566 0
29 20 176872 1
96 56 177033 0
26 18 177184 1
62 75 177253 0
103 40 177331 1
87 60 177335 0
61 58 177567 1
37 91 177654 0
22 95 177714 0
91 58 177981 0
96 57 177982 0
39 89 177997 0
106 44 178402 1
91 38 178431 1
67 53 178552 1
28 96 178592 0
33 92 178609 0
74 50 178611 1
102 52 178697 0
105 41 178706 1
79 47 178806 1
57 79 178837 0
98 55 178906 0
104 40 179125 1
49 82 179227 0
34 74 179254 1
99 54 179473 0
100 37 179474 1
100 53 179565 0
99 53 179738 0
48 83 179787 0
41 88 179873 0
43 86 180037 0
97 54 180259 0
22 92 180351 0
76 50 180441 1
99 37 180465 1
40 52 180748 0
75 66 180830 0
32 75 180881 1
22 100 180890 0
88 43 181198 1
79 65 181256 0
99 56 181376 0
81 65 181392 0
31 93 181466 0
97 55 181473 0
80 65 181482 0
67 72 181569 0
101 54 181620 0
24 97 181631 0
21 87 181998 0
23 95 182031 0
21 97 182157 0
47 85 182229 0
47 67 182258 1
32 95 182278 0
69 54 182376 1
89 59 182394 0
28 97 182415 0
51 83 182428 0
25 25 182437 0
99 38 182681 1
66 73 182695 0
90 58 182705 0
49 84 182859 0
25 97 182863 0
22 94 182895 1
94 56 182926 0
22 95 182934 0
49 83 183053 0
20 96 183067 0
25 101 183113 0
47 32 183161 0
75 51 183165 1
32 92 183225 0
95 46 183228 1
105 39 183381 1
91 40 183658 1
88 59 183716 0
55 78 183835 0
101 38 183957 1
89 75 184072 0
95 58 184167 0
94 40 184189 1
56 78 184200 0
80 64 184228 0
27 97 184585 0
37 90 184629 0
92 41 184640 1
34 92 184672 0
24 95 184682 0
19 93 184709 0
96 56 184710 0
90 60 184804 0
53 64 184906 1
23 91 184959 0
99 53 184995 0
101 39 185225 1
79 74 185379 0
78 47 186105 1
39 71 186326 1
49 65 186883 1
101 53 186915 0
35 72 187058 1
49 64 187100 1
38 71 187532 1
50 65 187558 1
52 64 187792 1
26 95 187843 0
73 50 187865 1
38 72 188028 1
106 43 188123 1
15 115 188232 0
94 56 188305 0
72 70 188525 0
22 95 188533 0
106 42 188599 1
51 64 188622 1
95 40 188887 1
101 52 188905 0
53 63 188918 1
21 84 188988 0
103 39 189053 1
28 108 189098 0
102 38 189105 1
105 40 189280 1
104 39 189436 1
93 56 189595 0
52 81 189688 0
75 66 189717 0
100 38 189766 1
106 41 189773 1
91 41 189782 1
52 65 189867 1
67 55 189891 1
101 37 190000 1
96 39 190051 1
75 50 190125 1
93 40 190160 1
97 38 190367 1
106 43 190453 1
71 70 190459 0
55 79 190706 0
11 94 190715 0
65 74 190792 0
105 48 190819 1
85 45 190865 1
106 40 190877 1
72 52 190898 1
24 97 190961 0
77 65 191000 0
105 39 191090 1
54 80 191109 0
104 38 191129 1
95 39 191133 1
95 55 191183 1
76 66 191196 0
27 26 191213 0
103 38 191251 1
69 73 191302 0
100 96 191331 0
100 54 191331 0
98 38 191481 1
21 88 191487 0
97 39 191558 1
105 40 191568 1
105 38 191581 1
81 47 191607 1
19 98 191621 0
98 54 191636 0
22 84 191656 0
26 96 191669 0
84 45 191719 1
50 81 191720 1
92 40 191826 1
48 67 191848 1
92 58 191890 0
98 39 191932 1
42 86 192011 0
45 67 192028 1
101 38 192031 1
49 85 192098 0
86 44 192100 1
70 53 192103 1
69 53 192142 1
70 54 192219 1
103 37 192249 1
82 45 192264 1
45 66 192482 1
33 75 192482 1
106 41 192565 1
35 73 192726 1
107 46 192769 1
68 38 192817 1
68 55 192817 1
107 44 192862 1
62 58 192863 1
95 56 192949 0
23 100 192954 0
57 78 192996 0
94 56 193016 0
47 83 193030 0
99 55 193032 0
21 89 193098 0
60 60 193114 1
85 60 193141 0
83 62 193147 0
62 57 193153 1
106 43 193178 1
66 54 193204 1
48 83 193219 0
46 66 193268 1
104 37 193304 1
26 95 193314 0
66 74 193345 0
21 95 193370 0
51 81 193394 0
85 44 193418 1
41 87 193488 0
35 91 193499 0
33 92 193506 0
37 89 193553 0
21 90 193571 0
20 88 193573 0
104 39 193615 1
25 95 193632 0
80 47 193687 1
68 54 193715 1
42 87 193761 0
88 60 193762 0
102 37 193783 1
47 66 193788 1
48 86 193790 0
22 92 193836 0
100 37 193856 1
36 73 193857 1
25 98 193859 0
53 80 193868 0
106 47 193888 1
86 61 193917 0
49 81 193923 0
61 75 193998 0
67 54 194031 1
60 76 194077 0
50 64 194203 1
99 53 194291 0
35 92 194307 0
55 80 194309 0
22 95 194386 0
26 81 194479 1
35 90 194515 0
81 46 194578 1
37 72 194634 1
107 43 194767 1
90 41 194769 1
71 69 194814 0
51 63 194862 1
72 69 194886 0
27 96 194905 0
21 91 194941 0
68 53 194990 1
87 60 195043 0
36 90 195106 0
54 63 195119 1
84 44 195176 1
44 68 195232 1
77 49 195256 1
73 52 195289 1
54 64 195296 1
30 93 195304 0
81 45 195370 1
102 52 195373 0
21 25 195406 0
91 42 195448 1
105 39 195458 1
105 40 195499 1
76 49 195530 1
46 67 195576 1
104 38 195632 1
106 46 195645 1
52 63 195651 1
107 45 195733 1
23 92 195786 0
79 46 195849 1
77 65 195896 0
83 45 195909 1
73 70 195921 0
36 91 195972 0
47 84 195989 0
51 80 195994 0
92 57 196000 0
106 40 196025 1
108 41 196122 1
97 54 196142 0
101 37 196155 1
87 44 196165 1
109 45 196192 1
43 69 196203 1
44 86 196223 0
64 57 196254 1
90 58 196390 0
103 38 196392 1
89 42 196477 1
96 38 196501 1
75 66 196502 0
97 37 196548 1
96 56 196584 0
87 36 196586 1
24 95 196606 0
109 45 196644 0
99 38 196715 1
95 38 196948 1
23 96 197009 0
62 75 197030 0
36 74 197134 1
60 58 197136 1
34 73 197176 1
98 38 197193 1
73 68 197289 0
23 91 197295 0
21 86 197388 0
73 51 197521 1
21 85 197558 0
43 68 197779 1
56 62 197836 1
89 58 197927 0
26 96 197945 0
22 89 197946 0
74 48 197960 1
23 95 198025 0
27 79 198067 1
26 95 198080 0
80 64 198128 0
74 67 198294 0
56 79 198303 0
106 39 198386 1
96 58 198400 0
63 74 198558 0
23 92 198680 0
45 85 198785 0
48 66 198986 1
107 42 198987 1
101 38 199088 1
106 42 199103 1
94 56 199142 0
34 92 199148 0
40 88 199154 0
19 97 199224 0
60 59 199239 1
106 41 199272 1
62 78 199707 0
37 73 199707 1
85 45 199729 1
97 38 199748 1
21 88 199877 0
88 59 199937 0
0 0 200010 0
