52 71 0 1
100 38 443 1
101 39 608 1
103 45 809 1
102 39 1117 1
100 39 1153 1
103 44 1213 1
20 98 1216 0
103 41 1239 1
99 51 1288 0
24 101 1399 0
104 43 1424 1
102 40 1675 1
101 38 1794 1
102 38 1831 1
91 42 2104 1
55 86 2159 0
63 81 2189 0
103 42 2203 1
104 45 2268 1
85 64 2304 0
95 39 2379 1
99 39 2385 1
54 54 2432 0
19 99 2529 0
20 69 2554 0
56 86 2576 0
73 73 2588 0
59 83 2592 0
48 88 2771 0
51 87 2854 0
22 101 2888 0
96 38 2905 1
99 38 2975 1
23 100 3034 0
104 42 3045 1
92 41 3066 1
19 96 3099 0
27 101 3116 0
48 74 3131 1
57 85 3165 0
104 41 3336 1
61 66 3363 1
92 40 3504 1
91 59 3642 0
62 82 3651 0
25 101 3705 0
20 102 3716 0
48 89 3732 0
103 40 3817 1
70 58 3862 1
19 93 3939 0
53 86 3974 0
53 71 4034 1
103 43 4195 1
31 100 4232 0
19 100 4233 0
18 97 4259 0
53 72 4345 1
43 92 4469 0
25 88 4525 1
94 39 4613 1
19 97 4650 0
93 39 4769 1
47 74 4769 1
30 100 4789 0
109 68 4822 1
14 116 5152 0
26 102 5159 0
32 99 5215 0
66 62 5309 1
45 75 5333 1
38 96 5351 0
29 101 5357 0
103 41 5387 1
61 83 5427 0
46 74 5431 1
56 85 5440 0
1 26 5477 0
101 39 5559 1
29 100 5561 0
77 70 5709 0
98 38 5777 1
41 93 5804 0
42 77 5875 1
32 83 6052 1
35 82 6144 1
44 75 6215 1
54 87 6303 0
83 65 6419 0
55 70 6464 1
20 99 6464 0
73 56 6512 1
52 87 6517 0
55 69 6535 1
58 68 6550 1
102 40 6573 1
100 39 6652 1
104 44 6671 1
82 75 6720 1
41 77 6860 1
65 79 6924 0
23 89 6949 1
21 101 6961 0
32 100 7183 0
67 78 7204 0
52 72 7286 1
24 101 7292 0
56 70 7328 1
48 73 7412 1
51 72 7441 1
23 102 7445 0
20 98 7642 0
97 38 7706 1
66 61 7715 1
23 100 7733 0
45 91 7758 0
74 56 7786 1
22 102 8090 0
43 93 8158 0
51 86 8196 0
25 102 8197 0
63 82 8216 0
97 39 8237 1
35 80 8275 1
25 101 8370 0
21 102 8428 0
51 88 8478 0
103 42 8515 1
69 59 8697 1
70 57 8713 1
19 96 8719 0
68 78 8925 0
50 88 8928 0
26 89 8961 1
100 38 9014 1
102 39 9051 1
102 41 9061 1
20 92 9082 0
22 101 9092 0
24 89 9138 1
76 72 9149 0
39 80 9174 1
44 92 9185 0
19 95 9396 0
57 83 9438 0
51 71 9543 1
39 95 9657 0
28 101 9666 0
93 40 9673 1
27 101 9706 0
49 88 9748 0
61 82 9760 0
50 73 9764 1
19 92 9815 0
24 100 9830 0
27 49 9851 0
33 99 9893 0
75 72 9903 0
67 79 9966 0
57 84 10026 0
79 69 10044 0
35 57 10218 0
109 45 10249 1
102 38 10272 1
33 100 10432 0
19 91 10460 0
46 89 10473 0
13 72 10498 0
53 87 10507 0
94 40 10615 1
103 39 10659 1
32 101 10721 0
30 100 10756 0
104 43 10841 1
46 91 10894 0
20 101 10975 0
18 101 10983 0
109 45 11047 0
19 99 11314 0
24 88 11506 1
73 73 11603 0
53 86 11619 0
49 73 11667 1
19 94 11709 0
36 80 11757 1
98 31 11940 1
51 87 11965 0
29 85 12009 1
72 56 12050 1
32 84 12066 1
103 45 12248 1
83 66 12391 0
90 60 12558 0
31 84 12567 1
92 57 13031 0
74 73 13511 0
104 42 13619 1
109 68 13952 1
52 71 13973 1
99 38 13993 1
37 80 14231 1
78 52 14283 1
19 97 14390 0
103 44 14462 1
69 58 14564 1
54 70 14578 1
100 51 14682 0
104 41 14776 1
46 90 15010 0
23 88 15043 1
103 41 15131 1
94 56 15200 0
34 81 15221 1
60 83 15531 0
52 87 15592 0
53 2 15650 1
59 67 15713 1
101 38 15764 1
86 64 16004 0
54 71 16202 1
95 39 16363 1
103 40 16383 1
36 81 16714 1
29 100 16747 0
103 47 16922 1
31 101 17072 0
91 41 17632 1
43 76 17669 1
77 53 17710 1
104 45 17941 1
71 57 18047 1
20 93 18048 0
98 38 18051 1
53 70 18293 1
15 33 18323 1
102 37 18406 1
89 43 18423 1
40 78 18427 1
25 104 18519 0
103 46 18720 1
101 39 18855 1
20 99 18969 0
25 103 19102 0
21 101 19187 0
22 103 19348 0
20 98 19413 0
60 66 19929 1
31 100 20234 0
59 83 20299 0
62 65 20477 1
34 98 20563 0
50 71 20701 1
82 75 20702 1
38 80 20798 1
18 100 20840 0
41 79 21030 1
63 81 21076 0
38 79 21114 1
27 102 21618 0
39 94 21704 0
109 45 21937 1
42 76 22185 1
21 99 22318 0
109 45 22351 0
35 97 22625 0
55 86 22787 0
33 51 23075 0
64 81 23136 0
23 113 23410 0
81 51 23544 1
98 37 23661 1
102 39 24635 1
37 7 25245 0
25 88 25482 1
19 93 25675 0
104 43 25912 1
80 52 26060 1
19 100 26711 0
30 100 26779 0
37 7 27238 0
20 100 27286 1
90 59 27360 0
30 84 27541 1
99 51 27597 0
75 46 27708 0
39 61 27753 0
17 100 27801 0
39 98 28242 0
100 38 28302 1
23 100 28361 0
40 94 28427 0
93 39 28441 1
21 97 28502 0
104 42 28548 1
101 37 28559 1
71 58 28614 1
85 64 28843 0
47 91 29069 0
72 57 29082 1
102 38 29126 1
92 58 29130 0
104 44 29141 1
31 83 29278 1
33 82 29325 1
92 40 29449 1
64 80 29697 0
104 46 29720 1
37 96 29822 0
99 37 29949 1
63 127 30014 1
103 42 30084 1
24 101 30103 0
100 37 30113 1
78 70 30164 0
104 39 30243 1
53 86 30584 0
24 100 30640 0
22 101 30773 0
32 99 30784 0
25 101 30791 0
104 41 30844 1
37 79 30863 1
94 39 30991 1
103 40 31008 1
20 95 31039 0
19 96 31051 0
33 97 31203 0
51 86 31434 0
62 82 31464 0
103 41 31795 1
103 39 31915 1
40 79 31924 1
43 92 31998 0
96 38 32162 1
79 52 32252 1
74 74 32255 0
98 52 32274 0
36 98 32406 0
82 75 32422 1
18 98 32551 0
56 69 32759 1
27 101 32915 0
37 81 32950 1
21 91 32975 0
47 89 33000 0
71 74 33039 0
101 38 33187 1
21 99 33198 0
45 90 33208 0
97 38 33328 1
50 72 33338 1
102 40 33350 1
47 74 33376 1
38 95 33387 0
37 97 33417 0
52 87 33485 0
47 99 33747 0
28 101 33783 0
19 99 33798 0
19 95 34287 0
99 38 34345 1
75 73 34740 0
44 75 35165 1
25 102 35319 0
20 91 35564 0
103 45 35675 1
20 98 35825 0
61 82 35963 0
109 45 35974 1
19 97 36001 0
55 70 36017 1
109 45 36038 0
29 100 36382 0
41 94 36417 0
27 87 36708 1
20 99 36775 0
72 58 36833 1
45 75 36880 1
68 60 36931 1
82 66 36937 0
101 39 37154 1
48 74 37156 1
40 52 37210 0
40 95 37435 0
51 87 37557 0
68 59 37627 1
66 79 37715 0
98 38 37772 1
32 100 37782 0
73 56 38002 1
25 87 38046 1
19 98 38325 0
20 95 38389 0
95 55 38434 0
61 66 38466 1
75 71 38467 0
87 77 38502 0
18 95 38532 0
20 96 38629 0
46 74 38657 1
37 7 38663 1
22 89 38765 1
45 92 38872 0
33 83 39143 1
83 65 39784 0
104 42 40753 1
20 93 41248 0
49 89 41452 0
95 39 41477 1
100 37 41722 1
103 38 41730 1
75 55 41836 1
74 56 41862 1
55 69 41994 1
103 40 42086 1
104 41 42119 1
21 110 42126 0
73 73 42137 0
109 45 42208 1
109 45 42284 0
102 38 42343 1
54 70 42623 1
30 101 42634 0
104 45 42703 1
53 87 42913 0
103 39 42916 1
58 84 42969 0
93 40 43010 1
102 37 43207 1
102 39 43209 1
81 67 43476 0
85 47 43656 1
20 92 43698 0
80 51 43750 1
30 100 43771 0
95 38 43777 1
35 83 43888 1
48 88 43929 0
45 91 43950 0
34 99 44020 0
91 59 44086 0
38 96 44129 0
51 71 44174 1
1 26 44218 0
36 97 44316 0
21 101 44368 0
35 65 44444 0
104 43 44459 1
50 87 44502 0
23 100 44648 0
35 99 44651 0
75 72 44680 0
20 102 44714 0
22 102 44755 0
61 65 44765 1
70 58 44767 1
17 97 44807 0
101 38 44832 1
73 72 44955 0
95 11 45009 0
20 96 45206 0
100 38 45254 1
101 37 45259 1
24 100 45330 0
25 101 45354 0
21 94 45365 0
24 101 45487 0
104 44 45487 1
57 68 45520 1
83 48 45551 1
91 40 45758 1
21 97 46188 0
53 86 46218 0
19 98 46219 0
104 39 46306 1
56 90 46427 1
65 80 46611 0
56 70 46735 1
44 92 46746 0
56 85 46902 0
52 71 46952 1
97 38 47371 1
21 99 47408 0
33 98 47413 0
20 95 47451 0
56 90 47805 0
19 94 47896 0
22 101 48040 0
70 57 48118 1
33 99 48394 0
26 87 48459 1
43 75 48677 1
23 102 48689 0
84 48 48715 1
37 80 48801 1
104 42 48887 1
71 57 48936 1
53 70 49026 1
20 98 49036 0
27 86 49299 1
99 37 49338 1
65 61 49477 1
104 46 49568 1
104 41 49805 1
77 52 49895 1
82 75 49943 1
103 37 50021 1
43 65 50024 1
37 7 50036 1
23 101 50305 0
105 42 50332 1
19 101 50339 0
36 80 50533 1
108 107 50660 1
96 38 50854 1
32 99 51048 0
102 38 51179 1
47 73 51221 1
20 101 51229 0
3 64 51247 1
51 72 51361 1
50 87 51411 0
94 39 51462 1
32 83 51467 1
24 88 51500 1
92 40 51853 1
63 81 51941 0
58 68 51993 1
54 51 52187 0
20 96 52229 0
30 86 52401 1
55 86 52530 0
19 96 52619 0
103 40 52640 1
18 94 52722 0
103 39 52927 1
20 99 53054 0
23 89 53062 1
41 78 53283 1
97 37 53491 1
93 39 53555 1
103 45 53615 1
71 56 53987 1
38 79 54122 1
100 37 54177 1
98 38 54178 1
46 76 54349 1
51 70 54514 1
103 38 54641 1
17 96 54721 0
74 73 54748 0
30 100 54900 0
31 85 54926 1
31 100 54947 0
59 67 55035 1
39 95 55054 0
76 55 55456 1
27 101 55513 0
34 82 55538 1
69 60 55539 1
51 86 55545 0
61 84 55546 0
55 20 55547 0
101 38 55653 1
19 98 55700 0
85 64 55770 0
52 72 55788 1
47 74 55874 1
35 81 55940 1
92 58 55977 0
21 103 56255 0
17 85 56323 0
67 78 56361 0
72 56 56412 1
102 37 56513 1
64 81 56752 0
29 100 56896 0
22 99 56997 0
40 93 57028 0
57 83 57183 0
24 87 57272 1
50 88 57339 0
46 90 57379 0
48 73 57419 1
35 98 57574 0
98 37 57662 1
95 39 57666 1
69 76 57694 0
23 101 57700 0
32 98 57720 0
37 95 57813 0
31 99 57928 0
92 39 57980 1
56 69 58001 1
77 71 58212 0
47 90 58252 0
99 51 58411 0
25 99 58425 0
104 45 58430 1
35 96 58527 0
23 100 58731 0
24 102 58848 0
34 98 58994 0
55 69 59033 1
99 36 59207 1
104 41 59244 1
45 90 59258 0
20 93 59352 0
42 77 59441 1
21 97 59564 0
24 100 59596 0
19 97 59623 0
104 39 59654 1
93 57 59666 0
70 76 59751 0
73 73 59826 0
26 86 59881 1
61 82 59943 0
46 91 60100 0
52 70 60128 1
74 55 60182 1
60 66 60230 1
79 53 60590 1
62 65 60602 1
21 94 60776 0
37 79 60812 1
89 42 60962 1
69 57 60983 1
25 88 61017 1
54 70 61106 1
56 86 61316 0
50 71 61364 1
105 39 61419 1
101 37 61473 1
49 73 61527 1
22 99 61593 0
44 75 61659 1
105 43 61660 1
45 74 61689 1
104 38 61707 1
25 87 61710 1
35 80 61805 1
40 78 61923 1
46 74 61956 1
19 95 61966 0
20 96 62086 0
20 95 62161 0
64 80 62458 0
67 60 62464 1
93 56 62468 0
45 75 62521 1
103 39 62545 1
21 91 62558 0
53 86 62582 0
102 38 62723 1
95 38 62745 1
68 77 62809 0
82 75 63041 1
105 40 63533 1
25 101 63591 0
29 99 63714 0
31 83 63763 1
65 79 63812 0
73 56 63961 1
39 78 64116 1
31 99 64129 0
19 92 64270 0
103 40 64327 1
76 72 64361 0
85 46 64382 1
84 47 64467 1
97 38 64542 1
73 74 64650 0
34 100 64804 0
20 92 64936 0
18 92 64948 0
21 102 64987 0
28 101 65024 0
104 44 65133 1
29 86 65237 1
55 70 65300 1
48 89 65302 0
40 79 65364 1
21 99 65656 0
23 103 66242 0
104 42 66389 1
74 72 66530 0
78 52 66571 1
100 37 66579 1
23 88 66586 1
103 38 66627 1
105 42 66711 1
29 84 66819 1
35 82 66856 1
103 47 66905 1
18 96 67286 0
23 101 67522 0
65 78 67810 0
59 83 67943 0
20 98 67981 0
99 37 68221 1
29 101 68424 0
46 89 68510 0
24 101 68510 0
19 98 68607 0
92 57 68699 0
31 84 68826 1
71 75 68891 0
30 100 69090 0
55 84 69446 0
73 72 69918 0
75 71 70077 0
20 100 70165 0
32 98 70407 0
62 81 70820 0
39 94 71306 0
43 91 71406 0
86 63 71524 0
29 99 71525 0
30 83 71966 1
19 57 72182 1
22 99 72304 0
102 37 72538 1
43 92 72574 0
22 101 72588 0
69 59 72788 1
71 58 72834 1
74 56 72851 1
96 38 72869 1
32 99 72975 0
26 102 72980 0
21 101 73059 0
93 40 73117 1
33 98 73143 0
23 100 73172 0
19 91 73205 0
77 70 73277 0
53 70 73341 1
24 106 73488 0
56 68 73638 1
24 102 73923 0
105 41 74164 1
28 100 74179 0
41 77 74266 1
75 55 74298 1
77 53 74665 1
101 38 74788 1
25 100 75028 0
23 87 75046 1
82 49 75091 1
41 93 75202 0
104 40 75303 1
97 35 75339 1
97 39 75349 1
104 40 75410 1
104 40 75533 1
104 40 75644 1
31 99 75736 0
104 40 75760 1
104 40 75896 1
104 40 76037 1
77 69 76133 0
74 72 76135 0
104 40 76161 1
104 40 76283 1
104 40 76419 1
104 47 76470 1
104 40 76579 1
94 38 76699 1
50 72 76738 1
104 40 76739 1
112 92 76782 1
22 88 76815 1
75 54 76815 1
104 40 76877 1
104 40 77004 1
104 40 77138 1
81 66 77167 0
104 40 77284 1
37 7 77375 0
104 40 77478 1
86 46 77545 1
104 40 77650 1
104 40 77842 1
62 81 77936 0
104 40 78027 1
104 40 78262 1
104 40 78562 1
104 40 78899 1
3 63 78928 1
109 45 79070 1
104 40 79191 1
33 82 79267 1
104 39 79382 1
104 40 79524 1
33 97 79621 0
109 45 79671 0
101 36 80013 1
104 40 80037 1
51 71 80082 1
20 100 80275 0
93 39 80313 1
69 58 80464 1
2 103 80569 1
104 40 80642 1
25 100 80681 0
100 36 80685 1
94 39 80735 1
103 37 80755 1
79 52 81120 1
104 38 81218 1
105 45 81296 1
101 37 81372 1
103 38 81448 1
104 40 81525 1
104 41 81544 1
52 86 81696 0
87 80 81775 1
37 96 81798 0
102 38 81799 1
100 37 81802 1
24 99 81937 0
61 65 81942 1
42 94 81985 0
105 42 82017 1
30 85 82287 1
28 100 82318 0
105 40 82364 1
101 49 82477 0
50 87 82571 0
109 68 82628 0
19 93 82644 0
105 43 82930 1
51 86 82970 0
63 81 83110 0
102 37 83172 1
104 40 83205 1
22 100 83225 0
95 38 83309 1
51 87 83541 0
105 44 83560 1
103 39 83602 1
57 84 83620 0
20 93 83660 0
104 39 83697 1
27 87 83724 1
80 51 83850 1
43 91 83942 0
42 9 83980 1
72 56 84000 1
40 94 84012 0
45 91 84021 0
26 87 84072 1
52 87 84088 0
56 85 84269 0
20 91 84274 0
25 99 84317 0
54 69 84390 1
55 69 84525 1
57 68 84544 1
33 99 84631 0
21 97 84675 0
34 99 84725 0
97 37 84777 1
24 100 84922 0
52 71 84940 1
68 60 84985 1
104 46 85032 1
23 104 85047 0
35 97 85056 0
53 69 85085 1
45 90 85131 0
58 68 85132 1
24 89 85161 1
20 95 85184 0
38 94 85230 0
98 37 85249 1
64 80 85260 0
93 38 85262 1
39 96 85314 0
20 99 85332 0
20 96 85364 0
79 69 85366 0
104 45 85462 1
29 100 85475 0
92 59 85611 0
47 73 85611 1
21 100 85637 0
99 36 85682 1
64 79 85777 0
105 41 85787 1
102 49 85873 0
28 86 85925 1
52 86 85935 0
104 37 85973 1
62 81 85991 0
104 40 86317 1
42 76 86351 1
22 92 86394 0
89 60 86496 0
38 95 86498 0
21 94 86533 0
103 38 86560 1
49 88 86590 0
47 89 86599 0
104 38 86621 1
92 40 86777 1
73 55 86865 1
25 100 86892 0
46 90 86978 0
75 72 87047 0
24 87 87067 1
29 99 87089 0
97 38 87097 1
100 37 87100 1
99 37 87112 1
24 99 87112 0
85 64 87147 0
54 70 87147 1
22 104 87160 0
23 101 87405 0
30 84 87469 1
47 74 87549 1
105 39 87619 1
62 82 87717 0
38 78 87718 1
21 99 87762 0
20 69 87817 0
71 57 87971 1
101 36 87976 1
74 55 88045 1
74 72 88081 0
36 79 88084 1
37 79 88121 1
22 99 88200 0
32 98 88201 0
23 102 88220 0
20 92 88232 0
101 37 88264 1
82 67 88282 0
48 90 88400 0
14 55 88408 0
102 36 88480 1
40 92 88525 0
25 87 88984 1
38 79 89043 1
96 37 89075 1
39 93 89121 0
23 100 89121 0
81 68 89191 0
56 69 89234 1
22 100 89236 0
34 81 89253 1
55 84 89304 0
31 99 89308 0
29 85 89532 1
20 100 89762 0
34 98 90057 0
51 70 90066 1
57 85 90090 0
25 99 90208 0
58 83 90219 0
70 75 90269 0
31 82 90284 1
46 74 90336 1
104 39 90405 1
28 100 90480 0
51 72 90498 1
20 93 90508 0
39 78 90520 1
20 97 90577 0
59 66 90630 1
98 31 90651 1
100 49 90651 0
109 68 90722 0
33 98 90782 0
97 35 90942 1
52 86 90989 0
68 78 91099 0
80 67 91324 0
21 97 91404 0
30 100 91548 0
52 70 91899 1
24 102 92080 0
40 78 92103 1
66 61 92222 1
20 98 92247 0
58 66 92250 1
29 98 92294 0
66 80 92375 0
43 76 92436 1
21 91 92458 0
27 101 92641 0
65 80 92678 0
99 50 92694 0
53 70 92716 1
105 40 93080 1
87 63 93149 0
86 64 93229 0
21 100 93268 0
55 85 93303 0
103 37 93650 1
58 67 93894 1
89 59 93915 0
105 42 94006 1
75 71 94012 0
81 67 94030 0
54 86 94085 0
62 81 94347 0
45 74 94463 1
102 37 94549 1
71 74 94636 0
44 91 94652 0
73 72 94826 0
91 58 94844 0
48 88 94870 0
25 100 95135 0
20 96 95284 0
53 86 95311 0
48 73 95363 1
17 85 95449 0
14 116 95515 0
97 35 95671 1
81 50 95733 1
33 81 95818 1
62 64 95844 1
20 97 95849 0
37 80 96350 1
37 7 96480 1
109 68 96777 1
100 36 97148 1
94 38 97255 1
104 38 97293 1
32 99 97524 0
71 56 97712 1
37 95 97774 0
22 100 97789 0
59 30 97894 1
105 43 97906 1
46 73 98102 1
28 98 98170 0
21 95 98184 0
95 38 98226 1
73 17 98269 1
105 41 98276 1
35 79 98278 1
84 64 98404 0
95 36 98412 1
97 35 98463 1
79 46 98551 1
32 82 98572 1
83 65 98657 0
59 67 98835 1
70 58 98917 1
103 38 98988 1
79 51 99008 1
52 86 99022 0
24 99 99110 0
64 82 99335 0
55 85 99485 0
61 82 99488 0
104 40 99682 1
109 45 99796 1
72 74 99802 0
109 45 99878 0
60 65 100050 1
64 79 100224 0
70 57 100246 1
27 85 100373 1
83 47 100373 1
26 101 100407 0
95 11 100511 1
106 41 100576 1
56 68 100652 1
71 105 100682 1
100 35 100751 1
93 120 100824 1
22 90 101093 0
21 100 101132 0
20 97 101276 0
26 86 101302 1
92 39 101394 1
76 53 101442 1
85 75 101475 1
62 65 101642 1
68 58 101855 1
55 69 101963 1
29 39 102026 1
91 79 102213 1
51 86 102485 0
106 42 102857 1
73 56 102884 1
43 75 102884 1
70 56 103356 1
91 41 103407 1
101 36 103682 1
21 95 103747 0
98 36 103981 1
44 91 104182 0
24 88 104312 1
54 86 104533 0
101 37 104552 1
47 73 104601 1
75 55 104653 1
20 95 104814 0
32 83 104855 1
40 77 104953 1
49 73 105089 1
61 66 105369 1
19 102 105418 0
100 37 105690 1
57 68 105726 1
103 45 105757 1
105 39 106072 1
50 71 106162 1
109 68 106284 1
86 63 106493 0
105 40 106526 1
60 66 106528 1
105 42 106683 1
39 98 106862 0
36 80 106963 1
25 101 106964 0
19 96 107040 0
102 37 107040 1
20 97 107064 0
103 36 107140 1
105 44 107424 1
103 37 107494 1
97 37 107788 1
31 98 107794 0
20 100 107947 0
102 36 108053 1
61 65 108072 1
104 38 108151 1
104 37 108223 1
99 50 108247 0
104 39 108372 1
105 38 108414 1
99 36 108706 1
94 56 108883 0
97 35 108919 1
72 73 109001 0
62 83 109002 0
33 97 109264 0
105 40 109286 1
57 83 109321 0
26 101 109370 0
32 98 109517 0
21 94 109557 0
105 41 109560 1
45 75 109689 1
53 69 109775 1
45 90 109796 0
72 56 109906 1
106 43 109936 1
46 89 109948 0
27 86 109976 1
49 127 110026 1
51 70 110039 1
101 49 110080 0
78 70 110170 0
82 66 110278 0
55 85 110283 0
29 99 110383 0
105 39 110419 1
93 57 110434 0
98 37 110518 1
24 100 110533 0
92 57 110667 0
92 58 110669 0
40 93 110698 0
105 43 110737 1
77 69 110739 0
65 79 110752 0
69 77 110775 0
31 99 110805 0
69 76 110862 0
101 35 110967 1
33 98 110984 0
22 99 111013 0
101 36 111058 1
21 95 111172 0
105 42 111211 1
97 35 111309 1
25 86 111320 1
21 90 111364 0
55 68 111376 1
57 84 111437 0
41 77 111508 1
25 99 111546 0
55 84 111570 0
31 83 111575 1
73 73 111585 0
80 69 111601 0
30 99 111652 0
22 92 111707 0
49 86 111720 0
102 37 111757 1
21 99 111791 0
21 98 111903 0
68 59 111923 1
66 79 111969 0
106 40 111996 1
96 37 112002 1
24 101 112034 0
77 71 112088 0
64 80 112125 0
42 77 112141 1
78 52 112143 1
49 87 112143 0
72 55 112221 1
100 37 112233 1
93 39 112285 1
67 59 112352 1
54 69 112364 1
65 78 112542 0
105 45 112557 1
25 100 112637 0
28 100 112666 0
103 37 112688 1
21 97 112695 0
74 72 112695 0
23 100 112711 0
33 82 112775 1
105 37 112787 1
56 85 112903 0
62 81 112940 0
99 35 113011 1
44 75 113334 1
48 89 113416 0
15 100 113479 0
104 38 113552 1
35 96 113554 0
31 98 113651 0
47 89 113675 0
36 97 113688 0
25 102 113720 0
22 100 113764 0
21 100 113764 0
67 60 113765 1
41 94 113808 0
100 36 113854 1
38 78 113867 1
54 70 113873 1
74 55 113879 1
20 97 113942 0
86 45 113956 1
101 37 114002 1
46 90 114018 0
69 59 114021 1
80 51 114054 1
29 98 114084 0
20 90 114174 0
58 68 114211 1
22 101 114230 0
21 91 114233 0
38 96 114254 0
67 78 114267 0
94 38 114296 1
77 70 114305 0
24 99 114376 0
73 72 114378 0
43 91 114407 0
93 56 114667 0
41 118 114731 0
55 69 114791 1
13 104 114835 0
27 99 114863 0
109 45 114878 1
28 49 114883 0
58 83 114889 0
18 97 114902 0
95 38 114924 1
79 70 114962 0
21 94 115303 0
60 83 115333 0
104 37 115489 1
35 98 115529 0
83 66 115695 0
109 45 115754 0
24 87 115881 1
28 98 115973 0
47 90 116033 0
19 94 116054 0
75 71 116094 0
97 37 116115 1
37 78 116205 1
32 98 116209 0
18 102 116288 0
30 100 116361 0
40 94 116413 0
39 94 116523 0
52 86 116547 0
21 95 116618 0
56 68 116760 1
39 78 116790 1
64 79 116823 0
20 91 116873 0
54 87 116882 0
38 101 116888 0
97 35 116931 1
30 99 117091 0
105 40 117227 1
57 67 117434 1
102 36 117464 1
43 74 117480 1
44 91 117490 0
104 36 117532 1
20 92 117763 0
21 98 117847 0
25 87 117857 1
104 46 117916 1
28 99 117985 0
58 84 117992 0
44 92 118031 0
82 75 118215 1
29 99 118305 0
28 86 118424 1
29 86 118436 1
73 55 118483 1
44 74 118497 1
26 101 118610 0
85 65 118677 0
45 89 118827 0
56 83 118856 0
25 99 119027 0
42 91 119150 0
35 82 119173 1
61 81 119201 0
27 99 119262 0
48 72 119289 1
52 70 119295 1
41 93 119464 0
25 88 119517 1
54 86 119621 0
51 71 119891 1
75 54 119928 1
100 49 119960 0
62 64 120033 1
22 102 120047 0
74 54 120154 1
41 76 120196 1
34 98 120388 0
20 93 120570 0
46 74 120607 1
105 38 120776 1
105 39 120953 1
97 35 121045 1
38 95 121084 0
40 78 121242 1
103 36 121503 1
22 90 121567 0
23 91 121579 0
55 85 121779 0
106 41 121810 1
51 69 121993 1
28 99 122060 0
81 66 122160 0
105 41 122354 1
56 14 122406 1
85 63 122424 0
53 70 122441 1
28 85 122460 1
35 97 122569 0
99 34 123083 1
65 79 123208 0
21 98 123226 0
19 104 123516 0
20 97 123685 0
37 97 123898 0
30 83 123909 1
39 95 123941 0
53 69 123970 1
31 98 124024 0
33 97 124329 0
90 59 124340 0
47 73 124396 1
101 36 124627 1
105 42 124699 1
93 38 124715 1
52 69 124805 1
22 99 124821 0
68 77 124840 0
33 98 124895 0
102 37 125156 1
99 36 125223 1
97 35 125266 1
30 99 125268 0
26 86 125445 1
91 58 125523 0
38 94 125691 0
105 44 125852 1
29 83 125929 1
61 81 126370 0
45 90 126653 0
21 96 126800 0
52 71 126815 1
86 46 126888 1
34 82 126988 1
81 50 127138 1
103 37 127595 1
77 52 127662 1
46 73 127715 1
28 99 127764 0
49 71 127923 1
42 92 127931 0
35 80 128293 1
36 95 128451 0
100 35 128625 1
80 50 128762 1
46 89 128771 0
22 98 128957 0
27 99 128982 0
18 93 129151 0
84 66 129225 0
22 97 129255 0
26 85 129489 1
50 70 129678 1
55 84 129683 0
24 86 129784 1
13 76 129887 1
105 43 129959 1
21 98 130424 0
21 97 130705 0
57 68 130761 1
86 63 130888 0
104 37 131084 1
19 99 131172 0
32 81 131207 1
23 98 131289 0
94 37 131309 1
83 48 131475 1
21 96 131987 0
95 37 132127 1
23 101 132342 0
97 35 132409 1
45 74 132493 1
28 102 132703 0
109 68 132719 0
18 99 132743 0
20 95 132759 0
26 101 133094 0
19 97 133102 0
71 56 133114 1
22 97 133233 0
73 17 133236 0
5 102 133273 0
71 57 133309 1
105 40 133429 1
21 105 133453 0
63 81 133568 0
19 98 133853 0
106 42 134268 1
106 40 134503 1
85 63 134528 0
95 54 134618 0
95 55 134662 0
105 39 134730 1
45 91 134888 0
22 98 134896 0
102 36 135034 1
21 90 135101 0
96 37 135157 1
37 96 135388 0
20 69 135563 0
21 95 135566 0
72 74 135905 0
85 30 136134 0
24 100 136155 0
23 98 136255 0
24 102 136321 0
22 89 136401 0
97 36 136407 1
48 88 136523 0
28 98 136563 0
59 84 136689 0
57 83 136899 0
22 92 136902 0
21 100 136954 0
24 99 137032 0
88 62 137207 0
22 96 137227 0
25 100 137241 0
70 76 137321 0
22 97 137690 0
21 96 137696 0
67 77 137697 0
82 75 137708 1
29 98 137713 0
21 94 137781 0
101 49 137838 0
105 38 137839 1
61 81 138121 0
97 35 138466 1
37 95 138467 0
28 99 138520 0
27 86 138536 1
106 43 138553 1
50 87 138719 0
48 48 138807 1
98 36 138842 1
40 77 138949 1
77 104 139117 1
104 36 139267 1
45 73 139432 1
37 79 139504 1
22 98 139578 0
91 34 139668 1
97 37 139688 1
59 67 139872 1
61 80 139950 0
79 51 140082 1
42 76 140201 1
82 75 140247 1
1 26 140383 1
101 36 140444 1
49 37 140457 1
34 44 140521 1
103 36 140569 1
22 96 140617 0
54 68 140669 1
23 98 140686 0
12 1 140717 1
55 68 140718 1
30 99 140816 0
106 39 140869 1
82 49 140910 1
41 77 141114 1
20 96 141153 0
103 37 141164 1
34 81 141467 1
56 68 141476 1
33 97 141488 0
72 56 141552 1
21 98 141809 0
97 35 141833 1
39 77 141838 1
25 86 141887 1
23 99 141956 0
100 36 142008 1
105 37 142091 1
81 67 142275 0
57 84 142371 0
64 79 142567 0
47 72 142616 1
33 51 142648 1
106 41 142686 1
22 97 143106 0
100 95 143179 1
109 45 143324 1
107 39 143393 1
23 86 143421 1
38 78 143471 1
34 80 143513 1
55 69 143528 1
55 83 143700 0
32 98 143873 0
73 54 143925 1
109 68 143993 0
58 67 144042 1
47 60 144111 0
33 81 144127 1
105 39 144187 1
103 33 144667 1
21 96 144709 0
31 98 145154 0
30 98 145596 0
105 42 145826 1
109 45 145916 0
22 96 145959 0
94 38 145969 1
63 80 145996 0
101 35 146097 1
105 40 146361 1
29 84 146767 1
29 99 146862 0
22 98 146927 0
27 98 146929 0
51 85 146932 0
106 40 147136 1
45 89 147262 0
107 44 147454 1
31 82 147465 1
103 35 147500 1
92 40 147684 1
99 36 147944 1
102 35 148060 1
78 70 148235 0
102 36 148240 1
97 35 148407 1
75 71 148637 0
105 45 148744 1
104 37 148847 1
105 38 148993 1
77 69 149020 0
64 80 149049 0
23 99 149187 0
25 99 149211 0
56 83 149289 0
80 67 149462 0
55 84 149481 0
74 55 149490 1
61 80 149561 0
76 71 149576 0
27 85 149905 1
72 55 149911 1
75 53 149911 1
96 37 150081 1
101 36 150220 1
105 36 150294 1
95 38 150417 1
23 98 150490 0
87 45 150507 1
32 97 150547 0
77 53 150611 1
100 35 150674 1
51 86 150687 0
103 37 150699 1
105 43 150780 1
63 82 150883 0
40 93 150916 0
76 53 150924 1
21 91 150959 0
26 103 151028 0
27 99 151036 0
106 38 151061 1
28 98 151068 0
105 39 151174 1
43 92 151212 0
23 100 151248 0
20 104 151359 0
85 64 151361 0
26 99 151384 1
106 42 151411 1
30 98 151458 0
80 68 151476 0
65 78 151492 0
47 89 151502 0
94 57 151524 0
58 82 151627 0
62 81 151684 0
77 70 151728 0
57 101 151768 0
103 36 151847 1
104 36 151999 1
50 71 152222 1
109 45 152288 1
24 105 152321 0
46 89 152350 0
27 98 152388 0
23 92 152405 0
51 70 152426 1
63 63 152499 1
59 66 152698 1
22 90 152888 0
75 70 153034 0
63 80 153036 0
29 98 153046 0
22 97 153053 0
28 99 153077 0
36 79 153116 1
97 36 153141 1
40 92 153219 0
56 67 153291 1
53 69 153335 1
51 72 153438 1
21 95 153496 0
22 96 153508 0
70 75 153633 0
102 37 153750 1
63 79 153813 0
23 95 153819 0
60 65 153881 1
21 94 153937 0
39 93 153960 0
73 55 153970 1
68 60 153994 1
39 78 154052 1
51 85 154064 0
21 92 154089 0
97 37 154132 1
53 84 154245 0
62 64 154367 1
61 65 154367 1
105 37 154369 1
60 85 154412 0
35 96 154414 0
82 66 154627 0
29 100 154788 0
48 72 154814 1
95 37 154908 1
70 58 154968 1
106 40 155021 1
106 41 155047 1
106 43 155147 1
23 99 155243 0
21 97 155267 0
81 7 155436 1
106 39 155498 1
22 100 155507 0
93 39 155580 1
109 45 155677 0
29 85 155680 1
96 36 155726 1
57 67 155840 1
64 63 155903 1
32 97 155910 0
32 82 155912 1
22 98 155951 0
105 44 155991 1
55 87 156008 0
37 78 156040 1
26 86 156138 1
21 96 156142 0
22 92 156262 0
47 73 156265 1
33 99 156276 0
71 58 156756 1
107 37 156800 1
33 82 156926 1
52 69 157057 1
69 58 157085 1
38 77 157781 1
98 36 157984 1
93 57 157997 0
33 98 158365 0
101 34 158446 1
57 83 158457 0
42 92 158581 0
21 99 158762 0
97 35 158794 1
58 83 158814 0
42 75 158853 1
30 98 159048 0
102 36 159203 1
98 31 159293 1
36 95 159358 0
80 51 159688 1
57 68 159932 1
66 79 160105 0
105 38 160127 1
18 53 160141 0
18 112 160142 0
28 86 160168 1
102 48 160197 0
62 65 160293 1
59 65 160456 1
93 56 160521 0
107 41 160604 1
61 64 160644 1
46 73 160892 1
94 56 160921 0
54 85 160961 0
84 64 161092 0
21 92 161298 0
87 44 161379 1
106 37 161596 1
17 98 161842 0
74 72 161888 0
55 68 161948 1
63 79 161949 0
23 95 161958 0
53 84 161991 0
81 49 162013 1
28 98 162230 0
100 49 162331 0
76 71 162408 0
81 66 162492 0
23 98 162780 0
101 36 162793 1
55 83 162854 0
35 97 163021 0
104 36 163092 1
33 97 163169 0
65 79 163196 0
103 35 163215 1
58 66 163312 1
109 68 163325 1
56 68 163391 1
96 37 163412 1
101 35 163428 1
24 99 163439 0
40 78 163514 1
85 63 163594 0
46 90 163614 0
23 91 163617 0
56 83 163713 0
63 80 163883 0
103 36 163991 1
49 88 164157 0
55 69 164168 1
49 87 164179 0
50 86 164189 0
23 99 164198 0
39 94 164271 0
64 79 164315 0
106 40 164328 1
102 35 164546 1
45 90 164599 0
16 96 164599 0
99 36 164606 1
75 72 164657 0
106 38 164658 1
48 88 164777 0
55 84 164787 0
81 50 164815 1
27 98 164922 0
73 72 164926 0
40 77 164983 1
48 89 165120 0
22 96 165141 0
105 40 165145 1
44 75 165264 1
106 44 165321 1
32 97 165445 0
74 54 165468 1
69 76 165490 0
105 37 165524 1
39 98 165578 0
22 89 165633 0
37 99 165678 0
106 41 165895 1
24 96 165981 0
22 99 165993 0
60 82 166007 1
105 36 166022 1
38 94 166335 0
36 97 166377 0
80 68 166395 0
91 40 166500 1
80 50 166671 1
45 89 166839 0
42 76 166985 1
25 85 167104 1
100 35 167288 1
37 80 167366 1
44 73 167399 1
47 72 167428 1
105 39 167516 1
54 68 167546 1
46 88 167626 0
26 85 167632 1
22 97 167639 0
52 70 167731 1
79 50 167811 1
23 92 167841 0
41 76 167877 1
61 80 167947 0
53 70 168064 1
26 104 168123 0
31 98 168258 0
25 99 168275 0
54 85 168479 0
24 95 168670 0
31 83 168810 1
97 35 168999 1
57 82 169034 0
21 91 169140 0
106 42 169180 1
26 100 169338 0
28 100 169338 0
46 72 169503 1
28 84 169708 1
28 99 169751 0
29 98 169806 0
65 103 169855 0
30 84 169896 1
104 35 170026 1
27 86 170379 1
106 39 170522 1
21 92 170550 0
99 35 170806 1
28 98 170876 0
100 34 170933 1
30 98 171074 0
79 67 171092 0
75 71 171183 0
21 95 171367 0
32 98 171415 0
41 93 171489 0
31 99 171542 0
75 70 171636 0
54 84 171648 0
23 95 171776 0
77 69 171814 0
52 85 171987 0
85 46 172237 1
59 82 172286 0
20 97 172348 0
24 101 172493 0
22 90 172546 0
25 100 172641 0
18 0 172738 0
49 89 172797 0
25 104 172819 0
20 103 172894 0
41 91 173054 0
40 95 173071 0
41 77 173095 1
23 96 173172 0
19 110 173250 0
97 36 173356 1
25 103 173382 0
21 89 173659 0
46 91 173713 0
105 38 173749 1
65 78 174027 0
23 98 174293 0
59 67 174366 1
63 79 174394 0
54 96 174442 0
105 43 174577 1
49 86 174678 0
105 42 174680 1
106 43 174712 1
39 77 174810 1
69 57 174951 1
27 85 174985 1
49 71 175037 1
55 85 175045 0
22 98 175136 0
43 75 175160 1
101 48 175295 0
27 99 175299 0
53 84 175335 0
78 51 175364 1
46 74 175413 1
57 83 175447 0
77 70 175466 0
106 37 175665 1
83 65 175669 0
107 40 175703 1
46 89 175757 0
106 40 175895 1
98 36 175902 1
97 37 175954 1
54 84 175982 0
104 36 175993 1
97 35 176179 1
25 101 176219 0
106 36 176240 1
106 38 176278 1
67 77 176377 0
82 49 176383 1
38 78 176465 1
105 37 176473 1
55 83 176669 0
65 62 176817 1
33 97 176929 0
22 92 177029 0
22 96 177086 0
43 91 177167 0
101 35 177231 1
94 38 177231 1
98 35 177305 1
86 62 177342 0
105 36 177495 1
56 83 177504 0
50 71 177589 1
102 34 177596 1
23 96 177644 0
27 98 177730 0
103 36 177788 1
92 57 177805 0
95 37 177926 1
29 99 178004 0
26 99 178075 0
84 47 178296 1
86 63 178338 0
61 81 178361 0
55 68 178379 1
105 53 178385 1
105 35 178385 1
103 35 178445 1
32 97 178643 0
45 75 178726 1
74 55 178752 1
24 100 178810 0
72 55 178869 1
37 7 178894 0
73 54 178894 1
64 79 178911 0
102 36 179002 1
96 36 179127 1
54 85 179188 0
57 67 179196 1
24 98 179200 0
85 47 179250 1
52 85 179251 0
103 37 179302 1
21 98 179389 0
102 35 179396 1
23 99 179422 0
35 80 179557 1
26 100 179587 0
96 53 179598 0
24 96 179627 0
94 37 179705 1
63 63 179721 1
90 41 179965 1
63 80 180057 0
28 98 180246 0
36 78 180287 1
58 84 180338 0
78 52 180338 1
53 69 180355 1
54 84 180491 0
96 37 180515 1
70 57 180547 1
40 94 180566 0
105 44 180656 1
79 69 180750 0
67 78 180758 0
33 81 180782 1
106 41 180832 1
93 38 180881 1
45 73 180883 1
37 7 181040 0
42 91 181137 0
40 93 181155 0
74 71 181210 0
59 83 181339 0
104 35 181361 1
57 84 181406 0
103 34 181535 1
100 35 181658 1
106 45 181771 1
56 68 182011 1
97 36 182061 1
119 95 182139 1
115 115 182238 1
105 25 182254 1
23 89 182262 0
23 96 182358 0
56 67 182460 1
32 81 182532 1
48 72 182632 1
68 58 182659 1
29 86 183223 1
24 99 183226 0
48 71 183282 1
65 80 183402 0
76 71 183694 0
24 98 183837 0
73 55 184164 1
86 62 184366 0
101 36 184449 1
32 83 184450 1
37 98 184453 0
21 94 184481 0
24 95 184559 0
23 95 184614 0
29 98 184788 0
26 99 184828 0
47 89 184888 0
58 83 185046 0
23 98 185072 0
57 86 185087 0
101 48 185095 0
55 84 185108 0
44 96 185229 0
107 38 185250 1
59 66 185409 1
92 39 185747 1
23 91 185956 0
39 98 186027 0
79 51 186205 1
105 37 186261 1
37 94 186291 0
106 37 186344 1
22 97 186486 0
104 36 186526 1
23 92 186565 0
66 107 186988 1
59 82 187099 0
39 78 187272 1
21 92 187323 0
101 34 187443 1
106 38 187592 1
72 56 187729 1
64 63 187849 1
59 81 187977 0
71 57 188071 1
35 96 188314 0
105 36 188355 1
106 36 188515 1
40 76 188531 1
16 103 188714 0
21 90 188760 0
48 88 188772 0
58 82 188972 0
47 73 189014 1
51 85 189164 0
109 68 189198 1
75 53 189413 1
30 98 189548 0
61 65 189569 1
43 93 189600 0
24 98 189611 0
52 85 189634 0
19 95 189805 0
95 54 189825 0
74 71 189834 0
37 7 190007 1
97 35 190010 1
102 48 190241 0
70 75 190262 0
34 79 190288 1
103 35 190330 1
26 99 190344 0
106 43 190407 1
50 86 190419 0
57 66 190550 1
54 84 190633 0
55 83 190869 0
75 70 190933 0
53 84 190953 0
57 83 190998 0
47 72 191159 1
56 83 191320 0
103 47 191332 0
22 96 191402 0
107 39 191552 1
37 95 191589 0
33 97 191754 0
43 63 191784 1
27 98 191848 0
93 55 191849 0
46 88 191860 0
63 79 191863 0
53 68 191927 1
51 70 192036 1
54 68 192037 1
45 89 192047 0
23 96 192049 0
107 42 192163 1
32 97 192236 0
78 70 192310 0
62 64 192334 1
58 66 192359 1
22 92 192414 0
60 65 192445 1
36 95 192481 0
22 88 192505 0
102 34 192513 1
31 81 192627 1
65 79 192649 0
86 62 192757 0
40 77 192773 1
99 35 193125 1
22 90 193228 0
34 80 193246 1
44 91 193325 0
42 92 193479 0
44 74 193487 1
88 44 193539 1
80 68 193603 0
101 35 193675 1
100 35 193698 1
68 59 193746 1
26 100 193997 0
27 84 194010 1
52 69 194079 1
37 79 194145 1
71 74 194213 0
106 37 194219 1
24 96 194224 0
34 99 194230 0
19 90 194233 0
32 100 194261 0
77 69 194265 0
17 95 194308 0
42 76 194380 1
38 95 194421 0
55 40 194574 1
41 76 194604 1
52 68 194639 1
26 86 194648 1
66 62 194761 1
61 80 194914 0
35 97 194918 0
49 71 195012 1
22 106 195023 0
28 98 195122 0
27 85 195180 1
126 72 195291 1
104 35 195301 1
51 89 195705 0
107 40 195875 1
106 41 195920 1
62 80 195928 0
46 73 195937 1
50 71 195956 1
54 67 196035 1
106 44 196224 1
57 82 196233 0
16 11 196253 1
26 85 196313 1
47 87 196423 0
25 86 196426 1
23 88 196445 0
94 55 196658 0
37 7 196771 1
104 34 196782 1
105 35 196876 1
95 35 196879 1
97 35 196949 1
26 99 197017 0
97 36 197024 1
22 89 197076 0
81 50 197083 1
106 42 197150 1
107 31 197506 1
35 79 197739 1
82 75 197753 1
112 43 197772 1
77 52 197774 1
30 83 197966 1
45 33 198007 1
55 68 198234 1
65 77 198236 0
24 98 198300 0
38 77 198528 1
47 71 198535 1
34 97 198658 0
110 98 198716 1
121 117 198724 1
39 77 198837 1
82 66 198839 0
61 64 198872 1
109 45 198957 1
81 49 198974 1
62 63 199036 1
105 36 199294 1
109 45 199380 0
57 67 199430 1
56 67 199472 1
102 35 199502 1
65 78 199524 0
106 40 199527 1
31 97 199532 0
22 103 199574 0
27 102 199581 0
93 40 199610 1
40 78 199764 1
29 105 199797 0
96 36 199897 1
55 69 199933 1
0 0 200010 0
