80 73 0 0
47 57 101 1
48 76 123 0
73 53 131 1
65 74 378 0
106 55 401 1
83 52 466 1
107 58 540 1
75 53 594 1
40 78 612 0
89 69 683 0
68 55 705 1
23 77 729 0
39 60 890 1
27 79 913 0
25 78 991 0
107 59 1051 1
23 69 1105 0
78 53 1180 1
24 74 1214 0
29 81 1242 0
63 75 1331 0
101 52 1347 1
83 53 1447 1
88 70 1468 0
32 81 1476 0
25 77 1494 0
55 76 1507 0
37 79 1513 0
30 61 1572 1
100 68 1575 0
79 53 1636 1
81 72 1644 0
80 72 1742 0
75 73 1766 0
84 53 1841 1
41 79 1886 0
51 75 1897 0
67 55 1984 1
82 72 2013 0
58 57 2045 1
71 55 2078 1
31 61 2105 1
63 74 2197 0
87 53 2199 1
77 54 2220 1
61 57 2326 1
81 53 2335 1
48 56 2353 1
28 81 2379 0
60 56 2382 1
35 60 2451 1
23 76 2480 0
87 70 2518 0
45 57 2659 1
107 57 2667 1
102 53 2697 1
66 75 2848 0
94 51 2869 1
90 53 2869 1
67 75 2939 0
61 56 3040 1
68 76 3052 0
35 61 3072 1
96 51 3130 1
70 55 3139 1
57 57 3158 1
63 56 3244 1
64 55 3305 1
45 77 3572 0
55 40 3604 1
33 61 3638 1
69 55 3734 1
51 57 3790 1
85 53 3802 1
93 69 3839 0
32 61 3856 1
74 74 3873 0
86 71 3898 0
40 79 3939 0
48 57 3955 1
31 83 3964 0
95 70 3976 0
30 80 4108 0
77 53 4212 1
55 77 4341 0
21 74 4400 0
64 56 4432 1
34 81 4565 0
35 81 4613 0
55 57 4716 1
58 56 4716 1
36 60 4760 1
76 53 4783 1
67 76 4814 0
99 51 4887 1
61 75 5055 0
27 61 5204 1
23 68 5301 0
56 57 5322 1
95 69 5368 0
60 75 5368 0
99 68 5370 0
58 75 5382 0
104 54 5425 1
33 82 5537 0
28 82 5579 0
40 60 5826 1
76 73 5872 0
31 81 5968 0
80 54 6009 1
24 78 6134 0
59 75 6200 0
103 53 6223 1
28 83 6265 0
24 75 6490 0
59 57 6503 1
88 71 6551 0
25 76 6732 0
49 57 6735 1
90 70 6787 0
28 80 6801 0
34 61 6826 1
107 61 6858 1
50 56 6860 1
52 77 6885 0
93 52 6908 1
57 75 6926 0
60 57 7011 1
80 72 7012 0
26 76 7044 0
102 52 7054 1
55 78 7068 0
94 69 7283 0
71 54 7345 1
72 55 7391 1
93 108 7468 0
96 69 7564 0
70 75 7592 0
48 77 7632 0
36 61 7723 1
77 14 7780 0
57 56 7905 1
42 78 8006 0
23 71 8055 0
93 69 8150 0
35 82 8186 0
39 59 8335 1
86 52 8385 1
80 53 8395 1
91 53 8399 1
44 58 8481 1
85 52 8545 1
63 74 8640 0
105 53 8643 1
31 60 8706 1
99 48 8813 1
106 54 8867 1
51 56 9492 1
45 78 9537 0
41 59 9673 1
52 56 9729 1
71 75 9817 0
100 51 9826 1
106 55 9866 1
98 51 9906 1
59 56 9954 1
49 76 10009 0
107 56 10021 1
90 52 10192 1
23 72 10215 0
83 54 10305 1
54 76 10335 0
68 74 10350 0
74 55 10373 1
87 70 10410 0
66 55 10451 1
105 54 10481 1
85 71 10554 0
86 53 10600 1
95 52 10625 1
23 70 10665 0
54 57 10713 1
101 52 10784 1
53 19 10789 0
100 52 10810 1
83 71 10873 0
97 68 11020 0
45 77 11061 0
87 52 11156 1
39 78 11363 0
81 54 11394 1
24 70 11414 0
90 53 11425 1
57 76 11618 0
75 75 11658 0
22 70 11827 0
89 53 11830 1
96 50 11836 1
25 76 11839 0
46 77 11987 0
95 68 12013 0
97 51 12023 1
53 57 12039 1
81 71 12067 0
82 53 12080 1
53 56 12112 1
28 80 12118 0
76 73 12127 0
73 55 12169 1
47 77 12226 0
69 54 12259 1
103 53 12309 1
107 55 12419 1
93 69 12426 0
106 57 12447 1
37 80 12515 0
30 62 12537 1
76 74 12559 0
92 52 12619 1
55 56 12657 1
38 80 12672 0
102 52 12680 1
104 66 12730 0
51 77 12755 0
31 80 12794 0
46 76 12817 0
52 76 12855 0
23 67 12856 0
36 81 12864 0
75 73 12984 0
95 69 13029 0
58 75 13031 0
98 69 13041 0
74 54 13057 1
65 55 13061 1
80 72 13074 0
91 52 13082 1
104 53 13123 1
30 81 13215 0
34 60 13215 1
34 53 13270 1
78 54 13291 1
24 74 13355 0
107 58 13445 1
43 57 13445 1
24 66 13501 0
37 60 13565 1
54 56 13581 1
104 52 13622 1
66 74 13644 0
27 79 13762 0
62 75 13905 0
71 74 13909 0
26 80 13927 0
65 75 13933 0
23 73 13951 0
35 80 14012 0
51 76 14023 0
65 74 14024 0
33 83 14125 0
90 69 14196 0
78 73 14203 0
25 78 14298 0
62 56 14312 1
48 76 14321 0
79 54 14349 1
84 53 14419 1
22 77 14435 0
91 69 14475 0
69 75 14520 0
43 58 14547 1
25 77 14582 0
48 77 14653 0
23 72 14736 0
23 75 14809 0
38 81 14810 0
106 55 14838 1
99 50 14853 1
70 54 14882 1
67 54 14884 1
107 59 15027 1
94 52 15149 1
32 81 15174 0
72 75 15207 0
56 56 15213 1
68 54 15232 1
27 78 15320 0
107 57 15348 1
47 58 15370 1
24 70 15395 0
83 53 15409 1
29 81 15528 0
30 80 15533 0
95 51 15576 1
52 77 15590 0
73 74 15697 0
107 60 15780 1
33 60 15808 1
39 80 15843 0
23 70 15959 0
85 72 15978 0
48 56 15993 1
38 60 15994 1
108 60 16020 1
93 68 16084 0
122 53 16088 1
50 57 16089 1
81 53 16165 1
23 76 16229 0
28 80 16272 0
103 52 16361 1
114 105 16398 1
74 73 16445 0
35 83 16483 0
46 56 16499 1
84 52 16501 1
33 81 16520 0
29 62 16547 1
40 58 16554 1
48 78 16574 0
89 52 16621 1
25 76 16625 0
68 55 16666 1
52 56 16754 1
63 74 16773 0
57 57 16864 1
62 55 16865 1
101 52 16870 1
40 59 16909 1
88 52 16939 1
47 56 17019 1
24 75 17032 0
47 57 17090 1
99 51 17098 1
79 53 17103 1
60 56 17138 1
31 61 17157 1
51 94 17195 1
45 19 17264 1
43 55 17289 1
105 53 17351 1
112 98 17358 1
106 54 17376 1
95 50 17392 1
58 54 17592 1
13 89 17611 1
79 46 17627 1
82 71 17668 0
34 81 17677 0
35 61 17691 1
26 76 17693 0
90 53 17776 1
96 69 17813 0
75 74 17826 0
40 52 17901 1
84 71 17927 0
67 55 18001 1
80 52 18012 1
49 76 18054 0
45 77 18063 0
30 61 18099 1
37 79 18159 0
93 69 18160 0
85 121 18178 1
42 58 18236 1
108 59 18260 1
48 57 18321 1
73 54 18341 1
57 75 18378 0
35 81 18379 0
100 52 18521 1
29 61 18605 1
54 77 18672 0
83 51 18772 1
102 51 18788 1
43 59 18811 1
32 60 18825 1
98 50 18990 1
23 72 19010 0
53 56 19061 1
46 57 19136 1
24 65 19194 0
105 54 19218 1
61 56 19302 1
55 76 19330 0
68 75 19423 0
70 55 19437 1
91 53 19443 1
44 56 19500 1
52 57 19545 1
45 56 19588 1
93 52 19617 1
40 78 19621 0
87 70 19641 0
103 53 19643 1
22 73 19645 0
100 51 19953 1
71 74 19963 0
51 56 20032 1
108 53 20119 1
109 68 20187 1
56 76 20292 0
51 75 20316 0
82 52 20590 1
63 56 20617 1
102 52 20683 1
88 70 20748 0
58 56 20887 1
90 52 20962 1
56 75 21180 0
107 56 21251 1
27 78 21328 0
69 55 21427 1
48 77 21443 0
40 80 21463 0
30 60 21524 1
24 70 21563 0
23 69 21583 0
59 19 21618 1
96 51 21624 1
23 70 21705 0
36 60 21842 1
69 74 21910 0
89 69 21978 0
38 59 21994 1
28 80 22017 0
85 53 22029 1
92 46 22254 1
45 57 22259 1
93 68 22455 0
24 67 22553 0
98 51 22554 1
100 68 22655 0
97 69 22694 0
80 72 22753 0
80 53 22840 1
27 79 23184 0
99 68 23265 0
89 53 23305 1
95 68 23335 0
28 79 23434 0
86 53 23434 1
57 44 23445 1
57 56 23508 1
87 52 23512 1
86 52 23586 1
81 71 23620 0
78 52 23748 1
42 59 23757 1
97 68 23847 0
91 52 23891 1
101 51 23897 1
85 52 24013 1
107 62 24109 1
106 55 24146 1
103 67 24149 0
65 54 24164 1
53 57 24197 1
24 74 24235 0
107 57 24247 1
59 56 24273 1
74 53 24305 1
59 101 24314 0
64 75 24328 0
75 85 24345 0
76 73 24422 0
107 58 24445 1
101 52 24447 1
107 55 24484 1
103 66 24593 0
64 55 24718 1
44 78 24726 0
107 61 24747 1
44 57 24751 1
82 53 24789 1
108 56 24877 1
76 53 24884 1
23 72 24967 0
83 52 24973 1
94 69 25055 0
78 53 25140 1
64 56 25178 1
73 78 25403 0
34 61 25499 1
55 56 25590 1
74 73 25590 0
50 56 25649 1
28 62 25649 1
97 51 25701 1
23 71 25705 0
52 76 25871 0
63 55 25871 1
90 53 25973 1
60 75 26004 0
105 53 26017 1
31 79 26031 0
54 56 26105 1
77 53 26138 1
66 55 26185 1
54 76 26225 0
84 71 26261 0
42 78 26285 0
58 75 26317 0
71 54 26329 1
30 82 26455 0
27 82 26487 0
84 53 26503 1
31 80 26511 0
59 73 26571 0
56 56 26576 1
34 60 26629 1
99 52 26642 1
67 75 26642 0
79 52 26735 1
51 57 26754 1
68 74 26780 0
58 76 26863 0
48 76 26906 0
25 77 27113 0
102 52 27175 1
106 54 27220 1
69 74 27259 0
25 67 27276 0
71 74 27299 0
37 60 27304 1
81 72 27334 0
75 73 27459 0
46 77 27470 0
93 68 27492 0
25 76 27538 0
72 54 27553 1
27 77 27584 0
48 75 27585 0
23 80 27588 0
85 73 27608 0
70 53 27618 1
28 79 27707 0
40 79 27716 0
46 76 27731 0
76 52 27750 1
25 79 27785 0
92 52 27803 1
24 66 27922 0
75 53 27996 1
99 51 28002 1
65 55 28057 1
81 52 28062 1
85 69 28082 0
104 51 28098 1
88 52 28138 1
83 71 28191 0
56 75 28362 0
30 80 28372 0
52 56 28469 1
23 70 28511 0
35 80 28547 0
82 73 28549 0
100 51 28577 1
78 54 28605 1
24 67 28682 0
56 76 28717 0
66 74 28803 0
74 74 28815 0
26 76 28852 0
48 56 28853 1
90 52 28893 1
103 52 28992 1
57 57 29121 1
24 70 29186 0
89 52 29245 1
101 68 29288 0
31 60 29348 1
93 69 29380 0
52 77 29519 0
95 68 29564 0
69 54 29657 1
60 56 29691 1
70 74 29715 0
49 83 29721 0
81 53 29785 1
23 68 29847 0
43 79 29874 0
70 54 29901 1
5 102 29913 0
24 75 29945 0
24 82 29945 0
32 81 29953 0
97 69 30027 0
28 80 30057 0
33 60 30109 1
83 82 30355 0
41 77 30381 0
95 69 30439 0
94 51 30652 1
27 78 30671 0
39 78 30735 0
107 56 30757 1
83 53 30914 1
97 68 30917 0
68 55 31026 1
53 56 31051 1
87 52 31255 1
28 79 31275 0
48 77 31287 0
25 78 31426 0
84 52 31458 1
99 50 31539 1
99 68 31608 0
41 58 31745 1
69 74 31789 0
108 61 31953 1
24 74 31963 0
39 59 32010 1
64 54 32261 1
45 77 32359 0
108 58 32372 1
27 79 32437 0
73 73 32580 0
59 56 32598 1
30 59 32620 1
58 56 32654 1
65 74 32654 0
34 53 32700 1
76 74 32752 0
86 49 32835 1
49 77 32844 0
28 61 32950 1
97 50 33035 1
29 60 33052 1
3 63 33070 1
38 8 33212 1
31 82 33304 0
24 72 33387 0
67 55 33396 1
57 56 33455 1
51 56 33548 1
35 60 33642 1
107 57 33659 1
59 75 33693 0
101 52 33729 1
84 71 33870 0
32 60 34037 1
77 52 34149 1
23 72 34237 0
31 52 34237 1
31 61 34237 1
55 56 34249 1
105 54 34290 1
25 65 34330 0
34 83 34334 0
31 81 34508 0
47 56 34704 1
107 59 34706 1
24 67 34763 0
70 74 34970 0
53 76 35039 0
49 76 35049 0
54 56 35067 1
36 61 35137 1
95 51 35178 1
27 81 35244 0
92 68 35305 0
41 59 35461 1
68 54 35493 1
25 75 35516 0
36 60 35559 1
35 61 35574 1
91 52 35579 1
107 58 35618 1
24 64 35644 0
80 72 35693 0
90 69 35700 0
83 52 35782 1
104 67 35822 0
36 82 35941 0
104 52 36027 1
37 80 36089 0
35 81 36126 0
107 55 36160 1
108 60 36286 1
25 71 36296 0
34 80 36298 0
105 53 36299 1
84 72 36346 0
92 69 36364 0
60 77 36401 0
102 52 36415 1
26 82 36510 0
53 75 36517 0
93 52 36586 1
106 53 36795 1
24 72 36844 0
108 59 36848 1
26 78 36939 0
108 55 36964 1
85 52 36987 1
73 73 37007 0
101 51 37103 1
106 55 37219 1
61 56 37255 1
51 76 37269 0
76 73 37302 0
106 54 37323 1
81 71 37443 0
101 48 37549 1
70 55 37598 1
74 73 37671 0
25 76 37743 0
69 74 37799 0
96 51 37803 1
93 68 37834 0
66 53 37861 1
63 54 37895 1
79 53 37927 1
79 54 38041 1
82 71 38124 0
56 76 38173 0
92 68 38237 0
56 56 38372 1
96 50 38374 1
60 74 38390 0
73 53 38404 1
80 52 38423 1
78 73 38509 0
82 52 38632 1
103 52 38634 1
100 51 38634 1
73 54 38768 1
38 80 38829 0
34 60 38857 1
107 54 38915 1
90 52 39037 1
64 55 39101 1
62 55 39103 1
69 53 39121 1
48 57 39177 1
95 68 39189 0
80 53 39231 1
31 80 39259 0
34 81 39267 0
20 69 39305 0
23 70 39337 0
53 55 39342 1
97 69 39375 0
75 73 39393 0
37 60 39393 1
73 74 39394 0
85 70 39427 0
25 75 39431 0
28 60 39482 1
98 50 39492 1
109 55 39530 1
30 80 39572 0
49 55 39589 1
31 79 39669 0
41 79 39676 0
102 52 39731 1
47 57 39778 1
99 51 39785 1
88 52 39815 1
27 77 39847 0
59 55 39870 1
38 58 39887 1
51 75 39905 0
67 54 39908 1
28 79 39916 0
105 53 39945 1
100 68 39977 0
63 74 40018 0
70 75 40052 0
93 51 40142 1
52 56 40142 1
84 53 40150 1
87 70 40242 0
24 70 40335 0
53 75 40454 0
56 75 40468 0
22 69 40500 0
57 75 40508 0
37 79 40617 0
71 74 40655 0
97 68 40660 0
55 75 40679 0
105 52 40700 1
101 51 40703 1
92 68 40745 0
26 76 40768 0
57 76 40782 0
70 74 40796 0
61 75 40880 0
40 59 40941 1
66 55 40959 1
104 52 40994 1
73 73 40996 0
96 67 41020 0
76 53 41104 1
24 72 41108 0
87 52 41113 1
25 77 41163 0
25 67 41239 0
53 76 41267 0
97 51 41270 1
48 76 41279 0
108 56 41364 1
65 55 41372 1
59 73 41453 0
55 76 41459 0
26 78 41472 0
48 75 41493 0
89 52 41536 1
30 61 41617 1
40 78 41638 0
46 56 41714 1
34 61 41729 1
107 56 41790 1
50 55 41809 1
34 80 41854 0
65 54 41871 1
75 52 41875 1
30 62 41951 1
107 55 41972 1
71 54 42037 1
79 52 42087 1
46 76 42127 0
44 58 42134 1
53 56 42181 1
85 71 42193 0
102 51 42201 1
45 78 42218 0
61 55 42287 1
81 52 42336 1
91 67 42345 0
63 55 42406 1
82 53 42430 1
83 52 42452 1
25 75 42487 0
59 76 42547 0
47 79 42594 0
27 62 42652 1
108 57 42652 1
39 60 42652 1
99 50 42660 1
24 67 42751 0
33 60 42846 1
27 78 42903 0
48 56 42927 1
50 77 42951 0
52 55 42967 1
24 66 42994 0
49 77 43026 0
80 71 43037 0
27 79 43073 0
39 81 43080 0
43 57 43309 1
92 69 43438 0
30 60 43459 1
35 80 43474 0
60 56 43575 1
93 68 43590 0
83 71 43629 0
107 57 43645 1
84 52 43684 1
43 58 43727 1
109 68 43752 0
69 54 43754 1
32 80 43859 0
84 71 43872 0
53 75 43903 0
60 74 43922 0
55 55 43928 1
28 80 43956 0
77 53 43956 1
85 69 44000 0
46 57 44014 1
77 75 44023 0
59 56 44037 1
55 56 44045 1
66 75 44074 0
101 52 44106 1
92 68 44128 0
106 54 44237 1
85 70 44420 0
63 75 44438 0
78 52 44475 1
45 56 44521 1
75 53 44562 1
91 52 44575 1
42 58 44701 1
24 65 44725 0
46 78 44749 0
79 73 44768 0
23 66 44774 0
42 78 44785 0
47 77 44803 0
74 53 44826 1
89 69 44857 0
29 81 44913 0
82 72 44984 0
68 74 44987 0
54 76 45043 0
98 51 45103 1
58 75 45166 0
66 54 45215 1
50 56 45225 1
53 57 45307 1
65 34 45339 1
28 82 45387 0
91 53 45396 1
90 52 45398 1
24 72 45429 0
27 77 45448 0
57 55 45510 1
55 75 45668 0
70 54 45802 1
103 52 45911 1
94 51 45923 1
52 76 45978 0
26 78 46028 0
60 55 46069 1
81 53 46075 1
35 60 46117 1
58 56 46216 1
72 53 46286 1
71 53 46315 1
85 52 46358 1
107 61 46468 1
27 61 46509 1
51 55 46522 1
41 77 46556 0
86 52 46596 1
67 53 46597 1
44 77 46626 0
31 60 46691 1
69 74 46717 0
92 52 46739 1
67 55 46870 1
54 56 46894 1
22 80 46941 0
27 60 47081 1
54 55 47093 1
24 74 47096 0
32 80 47127 0
106 53 47159 1
29 61 47162 1
38 59 47200 1
24 75 47221 0
57 56 47267 1
80 71 47347 0
29 62 47360 1
25 76 47438 0
62 76 47659 0
100 67 47747 0
30 80 47841 0
66 74 47964 0
53 76 48026 0
26 80 48113 0
103 51 48117 1
80 51 48120 1
87 51 48132 1
101 50 48180 1
68 55 48289 1
22 71 48297 0
100 51 48405 1
28 79 48436 0
45 57 48519 1
43 56 48644 1
26 76 48676 0
84 73 48741 0
34 80 48754 0
108 58 48790 1
42 80 48879 0
92 80 48908 0
25 71 48923 0
70 74 48959 0
86 53 49050 1
56 56 49157 1
105 53 49196 1
82 75 49208 0
95 51 49227 1
80 74 49239 0
108 59 49271 1
71 73 49353 0
89 70 49371 0
21 87 49371 0
66 76 49388 0
65 75 49403 0
95 68 49404 0
94 70 49422 0
24 70 49439 0
72 54 49496 1
103 66 49549 0
32 60 49599 1
25 80 49643 0
73 72 49661 0
56 78 49703 0
97 70 49746 0
19 71 49752 0
83 72 49764 0
80 52 49771 1
21 83 49773 0
101 66 49861 0
92 68 49918 0
22 75 49999 0
32 83 50021 0
81 71 50179 0
23 72 50199 0
73 76 50237 0
43 59 50290 1
99 68 50304 0
100 69 50388 0
3 63 50425 0
69 75 50439 0
92 69 50456 0
94 67 50482 0
80 73 50484 0
104 52 50494 1
102 52 50503 1
96 51 50542 1
21 81 50633 0
29 79 50648 0
93 52 50665 1
34 60 50680 1
75 14 50695 0
79 53 50748 1
101 51 50888 1
107 53 51022 1
88 70 51081 0
73 73 51138 0
99 49 51153 1
107 55 51208 1
53 75 51232 0
32 80 51234 0
31 80 51242 0
52 56 51346 1
82 52 51468 1
25 75 51547 0
103 49 51577 1
74 73 51603 0
51 75 51633 0
49 76 51737 0
93 70 51742 0
29 82 51758 0
20 75 51767 0
96 67 51772 0
42 79 51774 0
26 78 51816 0
24 77 51958 0
60 75 51993 0
60 74 52107 0
100 67 52125 0
37 86 52142 0
80 71 52229 0
99 51 52234 1
55 75 52267 0
51 56 52275 1
43 78 52293 0
70 53 52297 1
74 76 52355 0
93 69 52360 0
108 60 52380 1
87 52 52393 1
41 81 52542 0
71 73 52571 0
107 54 52597 1
33 59 52788 1
44 77 52793 0
90 67 52802 0
92 51 52822 1
57 74 52854 0
47 55 52916 1
106 52 52930 1
76 52 53037 1
95 68 53100 0
49 75 53227 0
31 79 53263 0
89 51 53288 1
83 52 53377 1
74 52 53448 1
93 68 53481 0
45 77 53490 0
97 50 53491 1
98 49 53505 1
58 47 53517 1
85 70 53530 0
102 51 53546 1
36 60 53685 1
75 73 53686 0
91 67 53795 0
37 60 53835 1
77 52 53934 1
39 59 53981 1
69 52 53984 1
68 54 54056 1
90 52 54082 1
108 56 54137 1
41 78 54142 0
48 75 54149 0
37 79 54163 0
104 66 54164 0
56 76 54167 0
53 55 54238 1
68 53 54243 1
25 67 54262 0
29 79 54299 0
95 50 54304 1
98 50 54345 1
76 73 54373 0
77 73 54439 0
97 68 54547 0
91 68 54569 0
100 49 54591 1
105 53 54608 1
64 55 54611 1
35 26 54670 1
86 72 54688 0
35 79 54727 0
46 55 54741 1
39 78 54787 0
49 77 54848 0
62 55 54873 1
56 75 54874 0
79 74 54941 0
69 73 54945 0
53 56 54963 1
22 72 55103 0
108 55 55137 1
84 53 55246 1
82 71 55296 0
33 81 55380 0
35 59 55479 1
56 55 55513 1
24 72 55515 0
105 52 55535 1
103 52 55560 1
32 80 55566 0
25 65 55622 0
26 76 55649 0
40 58 55702 1
33 60 55731 1
24 67 55801 0
44 57 55864 1
89 52 55870 1
108 61 55887 1
47 56 55949 1
29 80 55980 0
36 80 56028 0
54 78 56065 0
55 56 56066 1
89 71 56099 0
50 55 56113 1
79 52 56114 1
52 55 56120 1
25 63 56146 0
90 51 56157 1
99 50 56176 1
72 76 56213 0
23 64 56225 0
81 52 56244 1
102 50 56267 1
37 80 56371 0
27 78 56396 0
71 75 56406 0
108 62 56416 1
49 55 56425 1
107 62 56489 1
104 52 56500 1
101 51 56512 1
63 74 56561 0
84 52 56737 1
91 51 56935 1
108 59 57047 1
25 77 57157 0
40 79 57277 0
63 72 57327 0
73 54 57349 1
57 74 57374 0
25 64 57483 0
85 51 57486 1
94 67 57498 0
48 55 57559 1
25 71 57590 0
71 54 57702 1
44 56 57703 1
38 80 57821 0
73 72 57822 0
109 58 57851 1
108 54 57882 1
25 75 57897 0
94 51 57920 1
64 54 57950 1
91 68 57994 0
41 59 58118 1
29 79 58194 0
92 68 58227 0
71 73 58240 0
35 60 58272 1
49 75 58275 0
96 50 58415 1
59 74 58460 0
48 56 58566 1
31 61 58589 1
91 52 58615 1
40 59 58683 1
30 81 58694 0
53 76 58785 0
65 54 58823 1
67 54 58863 1
55 55 58909 1
92 69 58918 0
27 77 58922 0
85 52 58964 1
69 73 58996 0
51 76 59122 0
34 80 59170 0
106 53 59242 1
100 67 59310 0
53 75 59337 0
65 55 59358 1
26 78 59371 0
106 54 59556 1
59 56 59562 1
58 55 59578 1
93 51 59578 1
80 71 59710 0
70 74 59728 0
59 75 59866 0
65 53 59931 1
69 54 59931 1
33 80 60048 0
100 51 60090 1
100 50 60097 1
36 59 60179 1
107 55 60179 1
51 55 60257 1
61 73 60313 0
90 71 60355 0
24 77 60366 0
63 55 60459 1
35 79 60592 0
94 68 60654 0
39 80 60690 0
22 68 60745 0
41 57 60752 1
42 57 61144 1
107 57 61365 1
43 78 61579 0
28 79 61669 0
36 80 61705 0
29 80 61760 0
91 68 61792 0
96 68 61902 0
24 66 61909 0
27 76 61918 0
76 53 62059 1
27 85 62099 0
31 79 62100 0
25 76 62261 0
29 60 62283 1
34 60 62759 1
78 74 62874 0
55 75 62982 0
32 59 63004 1
37 59 63035 1
91 72 63082 0
73 73 63108 0
73 79 63108 0
56 56 63118 1
77 73 63149 0
74 75 63262 0
23 73 63264 0
21 75 63281 0
62 75 63343 0
73 75 63442 0
98 98 63456 0
49 79 63468 0
29 83 63482 0
48 76 63594 0
23 87 63628 0
61 55 63645 1
32 80 63647 0
57 75 63895 0
75 93 63972 0
48 57 63973 1
54 56 64001 1
46 77 64140 0
69 76 64146 0
34 82 64148 0
69 74 64157 0
70 54 64208 1
88 51 64210 1
87 71 64231 0
87 69 64271 1
86 71 64279 0
67 77 64293 0
101 66 64299 0
38 59 64325 1
94 68 64341 0
86 52 64350 1
31 60 64371 1
31 85 64412 0
66 55 64432 1
36 81 64546 0
33 10 64566 0
41 78 64589 0
29 79 64655 0
40 78 64688 0
29 85 64689 0
61 73 64713 0
49 84 64726 0
35 92 64844 0
51 78 64848 0
44 77 64849 0
53 77 64851 0
96 67 64860 0
1 26 64915 0
69 73 65030 0
29 77 65063 0
75 53 65178 1
85 69 65180 0
59 74 65309 0
33 80 65312 0
57 78 65483 0
96 68 65542 0
59 73 65575 0
27 76 65657 0
60 56 65692 1
32 60 65738 1
57 74 65864 0
23 71 65951 0
65 74 66016 0
81 71 66064 0
71 74 66192 0
75 74 66201 0
46 76 66291 0
108 58 66442 1
60 74 66595 0
69 72 66756 0
91 68 66864 0
102 51 66977 1
35 80 67027 0
80 52 67143 1
52 56 67162 1
98 68 67289 0
54 55 67421 1
93 67 67595 0
28 77 67677 0
82 52 67719 1
49 75 67726 0
51 75 67889 0
50 78 67965 0
107 54 67985 1
29 80 68043 0
25 78 68083 0
22 78 68123 0
94 68 68127 0
23 65 68142 0
97 69 68200 0
24 77 68400 0
36 80 68599 0
103 51 68724 1
107 53 68724 1
25 67 68797 0
67 55 69096 1
108 57 69229 1
47 57 69432 1
96 68 69522 0
60 55 69851 1
100 70 69942 0
24 70 69956 0
95 51 69992 1
90 52 70000 1
63 73 70188 0
57 55 70322 1
46 56 70325 1
61 73 70871 0
86 70 71052 0
29 78 71054 0
59 55 71056 1
73 53 71058 1
78 52 71418 1
109 56 71651 1
84 70 71801 0
43 78 71826 0
80 72 71930 0
35 78 71970 0
93 67 71999 0
34 59 72022 1
33 80 72258 0
24 78 72260 0
110 59 72324 1
48 77 72390 0
52 78 72422 0
28 77 72442 0
98 68 72568 0
69 72 72589 0
44 78 72749 0
74 53 72782 1
37 81 72796 0
41 58 73016 1
105 53 73083 1
87 52 73255 1
101 50 73287 1
75 52 73446 1
30 80 73798 0
21 78 74047 0
94 68 74243 0
24 73 74276 0
72 73 74480 0
24 79 74540 0
103 67 74565 0
65 73 74718 0
30 83 74742 0
29 78 74796 0
74 74 74800 0
91 69 74923 0
103 65 75078 0
47 82 75215 0
96 68 75299 0
26 82 75389 0
24 69 75473 0
74 80 75609 0
108 56 75816 1
49 56 75868 1
104 52 75898 1
49 56 75940 1
49 56 76016 1
83 52 76025 1
105 52 76076 1
49 56 76087 1
49 56 76165 1
94 67 76202 0
32 79 76233 0
49 56 76248 1
101 51 76306 1
91 67 76324 0
49 56 76345 1
96 51 76390 1
49 56 76429 1
49 56 76510 1
34 79 76525 0
49 56 76587 1
49 56 76662 1
49 56 76744 1
73 77 76800 0
49 56 76830 1
105 64 76839 0
108 55 76860 1
77 53 76925 1
87 70 76925 0
49 56 76931 1
49 56 77023 1
106 52 77070 1
95 68 77115 0
49 56 77127 1
85 70 77193 0
49 56 77209 1
90 67 77218 0
35 26 77223 0
49 56 77313 1
63 73 77404 0
49 56 77420 1
99 50 77424 1
79 53 77471 1
49 56 77528 1
108 60 77597 1
93 68 77663 0
49 56 77668 1
98 50 77671 1
84 70 77679 0
27 79 77729 0
103 51 77803 1
49 56 77836 1
93 67 77840 0
108 59 77861 1
30 60 77907 1
105 51 77910 1
77 73 77964 0
49 56 78004 1
74 73 78059 0
97 50 78096 1
81 52 78130 1
81 51 78137 1
107 53 78219 1
79 52 78220 1
103 66 78223 0
64 55 78245 1
49 56 78258 1
105 65 78260 0
68 54 78273 1
69 53 78305 1
104 51 78368 1
53 55 78368 1
72 53 78388 1
87 51 78477 1
96 67 78517 0
102 51 78547 1
49 56 78568 1
97 49 78576 1
94 51 78669 1
71 73 78681 0
73 72 78735 0
83 51 78748 1
95 50 78783 1
92 68 78784 0
37 60 78788 1
26 76 78799 0
76 51 78815 1
58 75 78834 0
63 72 78842 0
108 54 78845 1
58 78 78877 0
94 50 78881 1
67 74 78905 0
63 54 79009 1
100 67 79024 0
80 71 79024 0
49 56 79057 1
70 52 79058 1
89 51 79061 1
62 55 79067 1
107 61 79101 1
98 68 79260 0
24 71 79299 0
27 76 79309 0
48 75 79316 0
101 51 79341 1
65 73 79378 0
105 52 79411 1
93 51 79433 1
84 71 79468 0
77 52 79484 1
52 79 79486 0
72 73 79488 0
91 51 79497 1
94 67 79504 0
71 53 79509 1
52 55 79525 1
76 52 79537 1
108 56 79539 1
43 77 79541 0
41 77 79569 0
93 50 79587 1
39 59 79590 1
62 73 79635 0
24 77 79670 0
102 68 79686 0
92 51 79687 1
101 66 79687 0
107 52 79703 1
49 56 79707 1
49 55 79720 1
90 53 79725 1
59 74 79778 0
25 75 79837 0
59 77 79910 0
25 71 79994 0
53 75 80041 0
84 52 80078 1
35 79 80111 0
42 58 80146 1
91 67 80153 0
86 70 80180 0
70 53 80186 1
34 53 80202 1
85 51 80217 1
82 52 80225 1
90 50 80237 1
90 51 80237 1
30 61 80256 1
50 55 80259 1
29 78 80270 0
33 59 80280 1
69 73 80284 0
84 51 80312 1
71 54 80327 1
96 50 80332 1
100 49 80353 1
82 51 80367 1
97 68 80377 0
48 55 80421 1
55 55 80425 1
81 73 80435 0
27 77 80439 0
75 73 80491 0
31 80 80539 0
103 51 80545 1
43 58 80564 1
24 73 80608 0
91 68 80626 0
95 68 80656 0
47 55 80657 1
33 60 80662 1
24 68 80673 0
101 50 80758 1
97 67 80772 0
108 55 80775 1
46 57 80829 1
36 60 80834 1
35 59 80843 1
107 55 80852 1
104 52 80866 1
85 52 80907 1
37 79 80910 0
83 52 80911 1
57 74 80961 0
106 52 80963 1
26 78 80965 0
32 79 80975 0
25 65 80981 0
65 54 81013 1
29 77 81052 0
70 54 81108 1
69 72 81123 0
34 79 81158 0
60 54 81180 1
67 53 81210 1
45 54 81212 1
45 56 81212 1
29 79 81228 0
96 68 81264 0
27 78 81270 0
39 78 81287 0
51 55 81292 1
45 86 81320 0
59 55 81385 1
49 56 81390 1
24 69 81421 0
68 53 81422 1
29 80 81448 0
54 55 81452 1
28 77 81482 0
107 53 81520 1
57 55 81551 1
22 67 81592 0
24 72 81627 0
25 67 81683 0
85 69 81704 0
80 52 81730 1
58 55 81730 1
73 73 81767 0
56 55 81774 1
25 64 81785 0
40 72 81806 0
40 58 81806 1
90 69 81885 0
52 55 82027 1
61 54 82028 1
79 51 82034 1
31 79 82050 0
53 56 82066 1
73 52 82079 1
26 76 82080 0
93 67 82097 0
62 54 82108 1
45 57 82126 1
109 59 82131 1
60 55 82144 1
95 51 82193 1
40 78 82220 0
35 58 82411 1
36 80 82429 0
44 58 82473 1
84 70 82530 0
66 53 82553 1
55 75 82595 0
44 19 82660 1
77 51 82680 1
74 52 82741 1
102 49 82770 1
56 75 82804 0
73 72 82820 0
59 73 82860 0
99 49 82883 1
35 60 82907 1
102 50 82915 1
53 55 82942 1
33 80 82992 0
61 73 83050 0
75 72 83112 0
29 78 83122 0
45 55 83132 1
94 68 83134 0
52 54 83135 1
43 57 83156 1
64 54 83225 1
108 53 83226 1
27 76 83259 0
72 52 83260 1
53 54 83293 1
64 73 83323 0
25 71 83351 0
49 55 83403 1
49 75 83525 0
108 59 83535 1
38 77 83549 0
107 94 83549 1
32 59 83558 1
63 73 83565 0
61 55 83570 1
29 76 83575 0
36 59 83593 1
104 51 83654 1
86 68 83749 0
48 75 83765 0
31 59 83786 1
89 51 83886 1
46 76 83891 0
108 61 83894 1
97 67 83905 0
72 73 83980 0
35 78 84069 0
109 54 84102 1
48 56 84106 1
96 67 84119 0
38 59 84205 1
49 56 84245 1
75 53 84281 1
37 60 84285 1
87 52 84324 1
99 50 84334 1
34 60 84334 1
105 52 84358 1
65 73 84480 0
34 80 84484 0
42 78 84505 0
102 51 84528 1
51 54 84579 1
89 69 84604 0
54 75 84626 0
55 55 84636 1
78 51 84668 1
39 59 84686 1
98 46 84721 1
25 75 84828 0
50 55 84944 1
71 73 84950 0
57 54 84971 1
108 54 84976 1
24 71 84979 0
88 51 85007 1
62 73 85011 0
86 51 85047 1
32 79 85060 0
78 52 85167 1
44 57 85179 1
40 59 85194 1
30 59 85199 1
33 58 85207 1
34 59 85229 1
43 77 85258 0
77 50 85267 1
64 72 85271 0
69 54 85277 1
87 68 85365 0
108 56 85375 1
87 51 85375 1
34 79 85502 0
103 51 85595 1
107 54 85616 1
62 55 85635 1
43 55 85687 1
68 54 85687 1
107 63 85702 1
49 77 85717 0
63 54 85852 1
32 80 85896 0
37 58 85927 1
28 60 85989 1
68 75 86025 0
39 85 86206 0
76 72 86246 0
81 52 86253 1
110 56 86258 1
75 52 86320 1
98 49 86327 1
24 68 86433 0
72 53 86438 1
51 55 86505 1
109 57 86551 1
41 58 86593 1
35 59 86625 1
33 59 86647 1
94 51 86701 1
23 76 86778 0
106 52 86821 1
69 53 86871 1
34 58 86908 1
101 51 86961 1
91 51 86976 1
63 55 86978 1
64 55 86986 1
37 59 87092 1
36 58 87100 1
79 53 87332 1
108 60 87348 1
83 71 87688 0
75 72 87694 0
101 67 87701 0
48 55 87705 1
63 72 87737 0
101 49 87752 1
27 77 87762 0
42 76 87824 0
37 90 87834 0
54 55 87859 1
24 73 87871 0
86 69 88004 0
58 73 88037 0
33 60 88093 1
65 54 88229 1
90 51 88393 1
92 51 88411 1
59 55 88460 1
93 51 88473 1
67 74 88518 0
98 50 88663 1
51 75 88693 0
64 73 88711 0
24 69 88756 0
97 67 88772 0
94 67 88899 0
90 67 88908 0
73 113 88968 0
31 53 89002 1
80 50 89033 1
29 77 89061 0
35 79 89246 0
69 52 89335 1
26 64 89347 0
101 50 89347 1
98 68 89424 0
56 54 89474 1
69 50 89493 1
41 76 89583 0
50 54 89586 1
73 53 89643 1
44 77 89694 0
29 78 89875 0
64 72 89917 0
99 68 90017 0
80 71 90029 0
79 52 90150 1
54 75 90160 0
53 78 90323 0
57 55 90385 1
25 67 90573 0
38 58 90628 1
86 70 90629 0
87 69 90650 0
108 55 90662 1
74 53 90683 1
95 50 90686 1
80 51 90875 1
52 74 90915 0
48 48 91248 1
28 78 91307 0
103 65 91339 0
84 70 91366 0
85 51 91441 1
60 55 91520 1
102 46 91572 1
58 55 91736 1
103 66 91775 0
31 79 91935 0
107 53 91945 1
76 72 91990 0
72 73 92013 0
36 78 92037 0
69 72 92098 0
24 71 92126 0
105 50 92129 1
93 108 92278 1
67 54 92421 1
25 66 92428 0
109 58 92528 1
75 72 92529 0
83 51 92612 1
32 79 92634 0
28 77 92645 0
91 67 92737 0
98 71 92776 0
24 68 92850 0
73 54 93056 1
29 61 93059 1
58 73 93193 0
101 66 93203 0
37 79 93216 0
47 56 93253 1
87 68 93257 0
15 30 93352 0
53 55 93359 1
104 66 93380 0
24 67 93387 0
34 79 93451 0
40 79 93460 0
86 69 93486 0
82 52 93562 1
53 75 93577 0
28 81 93625 0
41 79 93670 0
83 52 93704 1
93 67 93711 0
81 71 93727 0
25 79 93730 0
25 71 93730 0
57 77 93771 0
70 53 93815 1
25 65 93817 0
45 75 93860 1
21 84 93887 0
25 76 93895 0
45 81 93967 0
57 74 93990 0
36 89 94009 0
23 81 94039 0
71 53 94186 1
81 51 94199 1
84 51 94219 1
64 73 94244 0
27 76 94369 0
43 77 94372 0
25 87 94559 0
99 51 94568 1
43 78 94672 0
26 76 94679 0
109 52 94743 1
25 63 94801 0
52 74 94929 0
101 67 94981 0
17 77 95049 0
65 73 95057 0
55 55 95082 1
104 51 95100 1
42 76 95116 0
25 70 95137 0
41 78 95163 0
102 50 95165 1
68 73 95196 0
65 72 95197 0
105 51 95197 1
71 54 95199 1
33 78 95296 0
58 54 95308 1
47 76 95309 0
47 55 95336 1
52 55 95411 1
100 49 95479 1
82 51 95502 1
68 52 95525 1
62 73 95572 0
66 50 95682 1
80 52 95729 1
28 78 95784 0
62 74 95893 0
100 48 95921 1
41 77 95961 0
96 68 96091 0
36 79 96133 0
41 59 96158 1
71 52 96176 1
66 72 96303 0
105 48 96308 1
89 51 96327 1
54 75 96395 0
29 76 96611 0
70 54 96874 1
42 58 96885 1
64 72 96900 0
36 87 96915 0
29 79 96937 0
36 78 97124 0
54 54 97167 1
103 50 97201 1
106 49 97387 1
77 52 97436 1
25 66 97486 0
87 69 97539 0
46 56 97681 1
29 60 97776 1
50 55 97988 1
42 77 98150 0
66 77 98216 0
40 58 98392 1
91 51 98558 1
97 67 98597 0
24 69 98703 0
29 89 98723 0
60 74 98726 0
85 70 98796 0
76 74 98870 0
38 59 98926 1
24 74 99290 0
25 70 99387 0
97 50 99403 1
106 52 99481 1
23 74 99548 0
65 72 99852 0
15 75 100018 0
22 76 100056 0
96 70 100090 0
44 56 100123 1
46 55 100299 1
76 52 100310 1
70 77 100384 0
68 74 100462 0
52 74 100576 0
86 69 100578 0
32 59 100783 1
26 79 100888 0
68 73 101021 0
110 57 101429 1
106 51 101465 1
101 67 101521 0
36 79 101571 0
37 36 101618 1
34 53 101621 1
28 78 101630 0
33 78 101646 0
99 42 101685 1
66 72 101759 0
89 50 101876 1
24 71 102090 0
51 55 102127 1
48 52 102167 1
27 80 102760 0
98 67 102812 0
61 55 102834 1
30 60 103017 1
32 60 103021 1
61 73 103100 0
25 66 103413 0
28 61 103468 1
103 51 103545 1
23 70 103568 0
69 73 103587 0
28 79 103601 0
20 85 103642 0
24 68 103948 0
36 59 103984 1
71 71 104135 0
47 76 104464 0
61 78 104488 0
56 55 104638 1
94 67 104671 0
57 75 104755 0
25 70 104786 0
105 52 104827 1
76 73 104955 0
82 71 105164 0
21 69 105282 0
33 79 105366 0
87 69 105483 0
42 77 105512 0
64 52 105515 1
67 74 105579 0
67 55 105598 1
74 73 105630 0
66 73 105675 0
108 51 105710 1
52 77 106045 0
57 92 106129 0
27 81 106190 0
59 74 106252 0
24 73 106262 0
39 58 106312 1
87 51 106480 1
96 67 106576 0
72 74 106968 0
100 67 106996 0
32 82 107099 0
31 59 107320 1
64 75 107474 0
47 78 107563 0
98 67 107623 0
74 72 107711 0
23 69 107712 0
25 79 107806 0
13 77 107946 0
33 80 108099 0
62 74 108129 0
61 74 108154 0
23 82 108158 0
68 73 108260 0
73 74 108424 0
20 78 108467 0
36 79 108541 0
92 51 108673 1
52 76 108820 0
98 69 108838 0
13 107 108851 0
24 76 109021 0
36 78 109261 0
44 79 109351 0
54 75 109376 0
28 78 109767 0
90 68 109956 0
101 67 110217 0
26 71 110241 0
108 54 110588 1
72 51 110617 1
38 78 110706 0
33 79 110742 0
66 53 111077 1
34 59 111588 1
65 50 111618 1
87 49 111655 1
85 47 111696 1
94 50 111768 1
95 67 111911 0
52 75 112063 0
45 76 112145 0
66 73 112227 0
72 48 112390 1
96 50 112452 1
79 72 112498 0
108 53 112571 1
63 73 112708 0
86 51 112769 1
23 74 112972 0
77 72 112988 0
121 98 113233 1
55 54 113240 1
30 78 113422 0
74 72 114122 0
98 67 114134 0
71 72 114559 0
73 113 115273 1
54 55 115428 1
88 51 115497 1
106 50 115515 1
29 59 115641 1
40 77 115664 0
101 50 115758 1
64 73 115794 0
29 78 115864 0
108 56 115991 1
26 72 115995 0
27 80 116009 0
109 56 116024 1
26 79 116053 0
49 56 116071 1
99 50 116093 1
107 52 116101 1
24 75 116191 0
107 53 116237 1
102 67 116387 0
72 75 116394 0
25 66 116496 0
94 69 116571 0
56 83 116796 0
19 76 116802 0
90 51 116846 1
47 76 116910 0
109 55 117126 1
90 67 117140 0
104 50 117257 1
95 67 117329 0
73 72 117410 0
92 67 117465 0
67 71 117515 0
104 51 117554 1
103 51 117587 1
71 81 117615 0
77 49 117622 1
75 72 117650 0
66 72 117677 0
64 54 117686 1
108 55 117708 1
90 68 117758 0
101 66 117821 0
86 69 117848 0
99 49 117927 1
13 76 118030 0
108 52 118117 1
109 59 118279 1
85 69 118301 0
105 51 118409 1
45 77 118446 0
61 74 118504 0
73 78 118515 0
62 54 118560 1
68 53 118606 1
102 50 118625 1
91 50 118704 1
33 79 118720 0
108 54 118723 1
72 74 118737 0
85 50 118767 1
95 51 118810 1
57 55 118856 1
95 50 118893 1
63 72 118903 0
65 53 118912 1
62 55 118945 1
93 51 118975 1
103 50 119027 1
94 51 119041 1
89 51 119048 1
98 48 119061 1
100 49 119074 1
49 55 119074 1
97 49 119078 1
106 52 119087 1
107 50 119088 1
45 56 119108 1
59 55 119118 1
65 72 119193 0
93 50 119194 1
78 52 119195 1
67 53 119198 1
91 67 119219 0
109 60 119223 1
30 78 119247 0
49 54 119255 1
85 51 119298 1
72 53 119321 1
81 52 119335 1
25 67 119352 0
48 75 119370 0
86 68 119482 0
84 70 119487 0
78 51 119499 1
109 58 119500 1
49 75 119506 0
107 53 119508 1
70 52 119537 1
42 57 119545 1
58 73 119568 0
61 54 119570 1
73 73 119575 0
91 51 119612 1
107 51 119613 1
53 54 119680 1
76 72 119691 0
35 78 119705 0
34 79 119753 0
108 59 119778 1
60 55 119815 1
86 70 119815 0
60 54 119864 1
52 75 119871 0
69 72 119874 0
79 51 119877 1
29 77 119915 0
93 67 119932 0
76 51 119932 1
35 59 119958 1
59 73 119979 0
103 65 119986 0
74 52 120014 1
26 83 120064 0
48 55 120125 1
25 70 120170 0
52 54 120187 1
83 51 120198 1
37 59 120205 1
51 54 120215 1
82 52 120231 1
94 67 120251 0
45 75 120293 0
87 69 120299 0
92 68 120300 0
25 73 120302 0
101 49 120327 1
108 53 120349 1
92 69 120386 0
32 79 120392 0
23 67 120403 0
52 55 120431 1
92 70 120466 0
91 68 120488 0
43 58 120490 1
59 54 120498 1
90 50 120499 1
52 74 120506 0
43 57 120510 1
97 67 120562 0
87 68 120611 0
44 75 120660 0
98 67 120661 0
26 71 120703 0
74 72 120704 0
60 72 120720 0
98 49 120756 1
53 55 120832 1
77 72 120842 0
68 73 120855 0
75 51 120878 1
103 51 120894 1
84 51 120912 1
107 52 120924 1
96 67 120926 0
63 54 120930 1
104 50 120938 1
56 90 120962 0
109 57 120968 1
35 79 120972 0
39 78 120976 0
83 52 120977 1
38 78 120980 0
58 54 120998 1
42 77 121017 0
106 51 121019 1
27 76 121055 0
80 51 121101 1
82 51 121116 1
33 59 121117 1
39 59 121121 1
72 73 121142 0
71 72 121145 0
38 77 121188 0
67 52 121246 1
99 48 121265 1
56 54 121269 1
65 54 121294 1
27 75 121308 0
94 50 121310 1
45 76 121324 0
56 90 121360 1
69 53 121390 1
29 76 121427 0
92 67 121434 0
102 49 121467 1
40 78 121506 0
26 72 121533 0
88 50 121555 1
45 54 121585 1
96 50 121638 1
28 77 121644 0
75 53 121678 1
33 78 121692 0
24 76 121696 0
90 67 121697 0
55 55 121711 1
48 54 121715 1
73 52 121720 1
80 71 121744 0
73 53 121748 1
81 51 121765 1
57 54 121786 1
81 69 121820 0
37 58 121909 1
87 50 121958 1
54 54 121977 1
25 71 121980 0
95 67 122011 0
70 53 122024 1
41 76 122082 0
35 58 122114 1
80 52 122172 1
37 60 122200 1
43 77 122263 0
71 71 122272 0
85 68 122298 0
66 73 122312 0
50 55 122329 1
38 58 122351 1
27 77 122396 0
68 54 122495 1
26 64 122496 0
95 68 122591 0
30 59 122622 1
92 8 122643 1
36 79 122651 0
29 77 122663 0
105 51 122670 1
33 58 122677 1
77 51 122677 1
40 57 122721 1
103 50 122755 1
109 45 122788 1
63 53 122792 1
84 69 122831 0
41 57 122847 1
64 72 122867 0
25 67 122925 0
47 54 122952 1
72 72 122966 0
72 52 122970 1
40 58 123000 1
109 45 123082 0
66 53 123095 1
49 54 123172 1
30 78 123183 0
86 50 123198 1
71 53 123199 1
39 79 123213 0
42 76 123233 0
104 51 123236 1
115 42 123292 1
43 56 123356 1
31 79 123380 0
40 77 123553 0
73 72 123582 0
30 61 123623 1
75 52 123672 1
67 71 123687 0
42 58 123693 1
62 54 123741 1
57 74 123769 0
84 49 123789 1
34 58 123802 1
44 57 123829 1
95 50 123881 1
25 65 123889 0
49 55 123891 1
30 62 123901 1
29 75 123931 0
85 51 123945 1
50 54 124023 1
48 56 124044 1
41 58 124172 1
25 64 124194 0
36 78 124226 0
33 60 124274 1
50 75 124288 0
45 57 124302 1
108 54 124398 1
79 70 124416 0
36 58 124437 1
34 59 124469 1
29 78 124475 0
109 56 124487 1
82 50 124488 1
33 79 124490 0
48 75 124570 0
26 71 124577 0
32 58 124587 1
47 75 124605 0
77 52 124668 1
30 58 124683 1
55 54 124767 1
89 50 124793 1
61 54 124879 1
44 55 124880 1
51 54 124893 1
47 55 124997 1
27 75 125002 0
87 51 125008 1
60 54 125081 1
96 49 125128 1
100 68 125182 0
59 55 125213 1
57 55 125228 1
100 49 125241 1
37 79 125295 0
34 79 125336 0
108 60 125387 1
51 55 125389 1
108 55 125412 1
100 72 125431 0
109 55 125434 1
101 67 125566 0
66 71 125612 0
7 76 125720 0
103 66 125744 0
32 59 125749 1
104 50 125757 1
58 73 125761 0
29 76 125793 0
12 44 125798 0
26 72 125847 0
89 51 125864 1
66 72 125889 0
25 73 125927 0
26 82 125990 0
58 54 126008 1
107 53 126049 1
92 51 126123 1
92 67 126135 0
60 72 126476 0
91 51 126501 1
25 66 126554 0
28 76 126598 0
68 53 126774 1
64 54 126815 1
90 68 126849 0
52 54 126861 1
71 52 126862 1
53 54 126899 1
83 51 126940 1
56 54 126964 1
90 51 126973 1
45 75 127090 0
29 62 127250 1
55 75 127260 0
46 76 127267 0
108 53 127329 1
56 75 127331 0
72 53 127532 1
52 55 127561 1
108 61 127702 1
109 53 127762 1
33 59 127891 1
72 72 127899 0
87 72 128006 0
52 75 128027 0
71 73 128050 0
58 55 128059 1
27 78 128070 0
18 28 128087 0
15 73 128139 0
77 74 128152 0
47 53 128154 1
96 69 128194 0
24 77 128234 0
25 82 128258 0
35 59 128321 1
76 52 128346 1
35 78 128364 0
109 54 128367 1
84 69 128434 0
95 67 128556 0
23 74 128616 0
79 72 128679 0
101 48 128793 1
82 51 128880 1
99 49 128935 1
65 73 128998 0
52 74 129083 0
38 78 129134 0
92 48 129148 1
105 64 129163 0
27 80 129371 0
25 70 129551 0
27 75 129707 0
45 55 129765 1
38 79 129773 0
26 63 129900 0
36 59 129928 1
98 67 129937 0
77 71 130036 0
25 74 130055 0
102 50 130096 1
30 78 130142 0
93 51 130187 1
106 51 130216 1
93 50 130235 1
62 74 130246 0
105 51 130261 1
74 53 130276 1
67 53 130286 1
107 52 130331 1
51 75 130345 0
109 58 130385 1
30 84 130400 0
41 77 130427 0
85 69 130450 0
91 50 130474 1
38 59 130569 1
54 54 130574 1
90 50 130600 1
25 75 130672 0
101 66 130681 0
61 73 130699 0
103 68 130792 0
25 71 130872 0
75 73 130876 0
63 72 130882 0
65 72 130891 0
28 76 130891 0
97 49 130893 1
71 72 130894 0
73 113 130953 0
79 50 130965 1
25 73 130973 0
53 55 130997 1
86 68 131000 0
74 72 131032 0
28 78 131221 0
87 50 131296 1
109 59 131305 1
91 67 131335 0
66 71 131344 0
69 72 131352 0
108 52 131398 1
109 57 131419 1
26 74 131496 0
67 72 131521 0
103 50 131524 1
94 49 131530 1
97 48 131556 1
48 55 131569 1
62 73 131570 0
70 49 131589 1
117 62 131656 1
108 92 131657 1
104 50 131705 1
101 49 131712 1
84 50 131768 1
47 75 131781 0
23 77 131804 0
59 54 131807 1
102 49 131849 1
78 51 131900 1
19 71 131966 0
33 78 132024 0
71 71 132029 0
50 75 132084 0
24 66 132086 0
92 67 132107 0
64 53 132123 1
92 80 132142 0
100 48 132197 1
80 51 132216 1
84 51 132222 1
26 79 132244 0
38 58 132263 1
69 52 132327 1
45 76 132352 0
57 54 132366 1
94 50 132368 1
32 79 132396 0
109 56 132416 1
82 52 132416 1
63 54 132485 1
44 75 132543 0
95 81 132586 0
88 50 132613 1
49 78 132623 0
86 69 132646 0
95 11 132650 0
105 50 132697 1
27 76 132734 0
103 65 132749 0
77 72 132775 0
37 77 132809 0
59 73 132855 0
89 47 132921 1
72 72 132936 0
35 79 132968 0
78 52 133066 1
109 55 133067 1
85 68 133094 0
31 58 133111 1
81 51 133120 1
35 58 133140 1
29 77 133214 0
96 50 133226 1
27 72 133271 0
36 78 133283 0
102 67 133299 0
102 48 133315 1
79 51 133317 1
110 55 133401 1
50 55 133423 1
61 74 133462 0
75 72 133494 0
85 50 133533 1
69 53 133544 1
98 49 133587 1
59 71 133607 0
59 75 133607 0
68 52 133635 1
29 75 133641 0
77 71 133653 0
84 69 133703 0
26 76 133708 0
65 53 133717 1
93 67 133723 0
28 77 133774 0
87 68 133783 0
65 54 133801 1
100 47 133828 1
37 58 133843 1
70 74 133880 0
62 54 133914 1
55 54 133944 1
33 79 134006 0
108 53 134007 1
60 55 134009 1
58 54 134036 1
26 72 134057 0
51 54 134129 1
70 52 134242 1
95 50 134250 1
74 52 134313 1
106 51 134316 1
60 54 134432 1
95 49 134459 1
81 69 134470 0
69 51 134480 1
26 64 134519 0
49 54 134553 1
70 53 134554 1
38 77 134557 0
114 57 134563 1
75 71 134615 0
103 49 134664 1
85 51 134689 1
66 53 134704 1
67 71 134715 0
39 59 134728 1
33 58 134766 1
61 54 134788 1
100 49 134850 1
113 52 134859 1
78 50 134893 1
40 58 134992 1
60 72 134996 0
36 79 135015 0
110 58 135087 1
55 53 135105 1
69 73 135185 0
89 50 135196 1
37 56 135207 1
73 51 135231 1
73 53 135241 1
64 72 135291 0
40 77 135296 0
27 75 135339 0
28 76 135425 0
67 72 135442 0
29 76 135459 0
66 52 135470 1
20 81 135531 0
97 67 135575 0
96 67 135616 0
73 52 135616 1
42 77 135627 0
31 59 135767 1
80 52 135811 1
107 52 135832 1
79 70 135833 0
36 58 135913 1
27 86 135941 0
26 74 135993 0
73 72 136105 0
56 54 136137 1
49 55 136152 1
39 79 136158 0
68 77 136159 0
39 78 136207 0
70 51 136284 1
46 55 136292 1
90 50 136334 1
34 58 136376 1
108 56 136442 1
38 57 136474 1
66 71 136480 0
59 55 136492 1
48 53 136542 1
77 51 136545 1
103 51 136565 1
76 51 136566 1
105 51 136633 1
42 57 136643 1
58 73 136671 0
25 73 136707 0
54 54 136727 1
55 74 136786 0
43 57 136786 1
81 50 136812 1
45 75 136828 0
107 51 136939 1
34 59 137108 1
39 58 137108 1
57 53 137155 1
44 77 137178 0
34 79 137196 0
93 68 137292 0
74 51 137318 1
41 57 137329 1
35 78 137373 0
23 86 137390 0
44 81 137411 0
104 50 137497 1
109 58 137501 1
53 76 137503 0
50 54 137517 1
86 50 137529 1
41 76 137534 0
71 71 137546 0
48 54 137551 1
9 84 137560 0
41 84 137571 0
83 50 137583 1
25 67 137597 0
53 54 137605 1
31 81 137616 0
55 76 137625 0
44 56 137671 1
45 56 137701 1
105 52 137707 1
52 54 137731 1
25 74 137755 0
54 53 137867 1
42 58 137910 1
54 77 137946 0
57 54 137960 1
35 57 137980 1
78 73 138025 0
41 58 138053 1
83 52 138063 1
109 54 138067 1
71 51 138067 1
108 54 138096 1
25 69 138100 0
77 71 138109 0
57 74 138118 0
87 50 138185 1
76 78 138325 0
18 81 138415 0
30 78 138430 0
90 67 138434 0
31 79 138503 0
63 73 138506 0
35 90 138514 0
26 62 138521 0
18 80 138563 0
24 81 138569 0
76 72 138609 0
76 76 138640 0
46 72 138643 0
46 56 138643 1
26 71 138652 0
75 71 138657 0
97 74 138663 0
32 58 138673 1
64 73 138727 0
82 70 138781 0
95 67 138783 0
32 59 138798 1
66 74 138933 0
35 91 138954 0
71 52 139040 1
29 86 139084 0
91 50 139108 1
80 70 139126 0
94 67 139352 0
38 79 139403 0
72 52 139453 1
72 72 139563 0
103 50 139589 1
47 54 139621 1
60 74 139709 0
42 84 139710 0
66 72 139725 0
26 74 139782 0
109 56 139940 1
37 58 139946 1
24 76 139952 0
33 78 139971 0
41 80 139979 0
46 54 139990 1
57 55 140011 1
37 57 140231 1
67 53 140348 1
67 72 140382 0
22 81 140419 0
64 76 140491 0
36 78 140509 0
93 50 140569 1
30 85 140593 0
82 51 140657 1
29 78 140683 0
68 53 140691 1
83 68 140701 0
50 75 140759 0
33 59 140780 1
38 78 140788 0
69 72 140793 0
25 66 140794 0
47 75 140795 0
54 76 140851 0
101 66 140856 0
63 74 140899 0
85 71 140920 0
49 76 140949 0
65 76 140957 0
28 84 140974 0
25 65 140974 0
37 80 140979 0
69 97 141032 0
75 53 141043 1
96 71 141134 0
56 77 141195 0
26 72 141226 0
28 76 141272 0
29 75 141278 0
102 66 141298 0
38 90 141341 0
88 68 141357 0
33 57 141449 1
38 58 141449 1
35 58 141450 1
52 55 141466 1
25 72 141557 0
115 59 141569 1
103 48 141678 1
109 50 141728 1
58 54 141738 1
109 53 141946 1
117 62 141948 1
105 65 141956 0
63 78 142150 0
75 51 142156 1
109 57 142171 1
96 47 142240 1
105 50 142328 1
101 48 142425 1
24 86 142484 0
75 52 142490 1
59 54 142493 1
113 59 142528 1
43 55 142540 1
62 54 142572 1
55 74 142575 0
102 49 142597 1
95 11 142789 1
108 52 142807 1
25 73 142827 0
101 49 142883 1
100 66 143123 0
109 68 143141 1
59 74 143143 0
71 72 143167 0
51 54 143191 1
79 46 143213 1
87 69 143254 0
51 53 143332 1
97 47 143385 1
72 74 143408 0
109 45 143496 1
92 67 143573 0
94 50 143722 1
88 50 143758 1
37 51 143805 1
71 53 143840 1
106 51 143853 1
80 70 144046 0
109 55 144102 1
72 53 144120 1
84 69 144123 0
26 74 144157 0
90 49 144261 1
109 45 144279 0
52 74 144300 0
27 77 144318 0
85 70 144322 0
110 50 144355 1
47 55 144359 1
82 70 144363 0
97 46 144366 1
35 59 144416 1
25 69 144482 0
99 48 144539 1
60 54 144581 1
83 51 144637 1
104 47 144665 1
104 50 144753 1
106 50 144805 1
73 73 144848 0
74 72 144956 0
55 54 144957 1
63 54 144979 1
29 79 145009 0
23 83 145015 0
75 71 145030 0
63 72 145032 0
61 76 145063 0
15 71 145152 0
44 57 145152 1
85 75 145175 0
43 84 145190 0
61 54 145203 1
35 80 145209 0
68 73 145213 0
82 50 145267 1
98 48 145339 1
97 49 145387 1
65 90 145508 0
66 73 145512 0
90 50 145559 1
5 71 145581 0
77 52 145596 1
84 70 145612 0
42 76 145663 0
31 80 145665 0
99 49 145709 1
53 75 145770 0
27 80 145794 0
75 75 145800 0
103 65 145911 0
95 71 145919 0
100 49 145923 1
80 51 145923 1
89 50 145942 1
86 68 146008 0
48 75 146034 0
95 50 146118 1
107 52 146129 1
26 64 146203 0
89 49 146207 1
40 57 146225 1
104 65 146227 0
52 53 146233 1
110 57 146243 1
109 59 146254 1
39 57 146273 1
64 54 146298 1
65 72 146367 0
93 50 146404 1
85 68 146417 0
67 52 146428 1
25 74 146468 0
100 66 146507 0
72 73 146537 0
70 73 146543 0
56 54 146544 1
66 53 146558 1
105 50 146603 1
77 71 146623 0
63 71 146648 0
27 75 146673 0
85 51 146678 1
40 78 146688 0
53 53 146714 1
104 49 146740 1
29 77 146761 0
58 75 146808 0
100 48 146809 1
85 50 146876 1
76 52 146913 1
78 51 146963 1
69 52 146977 1
29 76 147059 0
45 76 147112 0
98 49 147133 1
67 72 147160 0
102 49 147179 1
26 81 147196 0
43 77 147200 0
44 75 147229 0
81 51 147253 1
55 73 147254 0
66 71 147255 0
88 68 147274 0
71 71 147281 0
103 49 147290 1
51 77 147308 0
41 77 147317 0
110 54 147331 1
87 50 147368 1
19 82 147411 0
32 81 147412 0
27 72 147475 0
37 77 147539 0
33 58 147571 1
79 78 147597 0
54 54 147619 1
40 82 147619 0
77 70 147647 0
108 53 147653 1
41 78 147687 0
81 69 147738 0
84 51 147739 1
37 78 147747 0
14 78 147747 0
33 79 147771 0
65 53 147803 1
42 78 147847 0
103 50 147851 1
107 51 147854 1
61 71 147860 0
69 80 147951 0
90 68 147983 0
88 76 147997 0
21 89 148001 0
72 72 148004 0
102 66 148046 0
57 54 148071 1
91 50 148106 1
84 50 148111 1
67 71 148118 0
36 56 148195 1
36 58 148195 1
49 54 148237 1
30 59 148275 1
80 50 148296 1
31 58 148312 1
26 71 148321 0
87 68 148404 0
60 72 148448 0
104 50 148518 1
26 74 148548 0
79 70 148563 0
55 74 148626 0
25 72 148680 0
74 52 148729 1
106 51 148753 1
58 73 148804 0
38 79 148820 0
105 66 148877 0
60 53 148926 1
109 60 148939 1
79 51 148967 1
60 76 148974 0
28 80 149018 0
41 56 149042 1
91 67 149076 0
58 54 149104 1
76 50 149142 1
70 52 149215 1
56 53 149257 1
33 78 149258 0
69 49 149281 1
80 70 149291 0
38 77 149390 0
52 75 149479 0
69 53 149492 1
48 55 149513 1
26 63 149525 0
45 79 149535 0
27 76 149582 0
86 50 149633 1
57 73 149697 0
29 75 149738 0
23 68 149758 0
94 75 149761 0
28 76 149797 0
100 66 149821 0
59 73 149831 0
22 66 149837 0
40 58 149864 1
99 69 149872 0
96 49 149885 1
69 77 149893 0
82 70 149921 0
61 73 149940 0
62 51 149997 1
35 81 150032 0
52 54 150048 1
108 51 150068 1
81 72 150088 0
25 69 150195 0
110 56 150226 1
34 58 150258 1
109 54 150290 1
36 80 150406 0
101 48 150421 1
42 56 150459 1
85 69 150541 0
55 73 150543 0
24 65 150574 0
68 52 150619 1
36 78 150622 0
63 71 150647 0
63 53 150669 1
79 50 150690 1
109 53 150730 1
30 60 150850 1
72 51 150853 1
45 75 150875 0
83 49 150904 1
59 53 150923 1
73 52 150934 1
36 57 151071 1
31 46 151156 1
64 53 151159 1
26 65 151246 0
108 52 151273 1
37 58 151332 1
61 50 151388 1
35 58 151484 1
65 71 151496 0
65 52 151527 1
101 49 151698 1
43 56 151790 1
73 53 151791 1
53 54 151875 1
35 78 151899 0
50 55 151931 1
26 72 151949 0
40 77 152058 0
69 74 152132 0
51 54 152181 1
81 50 152187 1
40 80 152263 0
71 76 152276 0
88 50 152308 1
42 79 152323 0
50 76 152359 0
27 63 152420 0
27 69 152426 0
74 73 152546 0
61 72 152591 0
77 72 152600 0
54 53 152680 1
57 74 152806 0
51 49 152848 1
34 53 152980 1
25 70 153171 0
90 50 153171 1
70 73 153203 0
29 80 153220 0
49 55 153224 1
77 51 153307 1
50 58 153378 1
50 53 153378 1
29 76 153421 0
60 54 153515 1
104 65 153693 0
29 58 153737 1
38 58 153758 1
37 78 153786 0
62 54 153786 1
82 51 154006 1
26 82 154009 0
51 52 154027 1
83 50 154053 1
57 73 154096 0
41 57 154117 1
73 113 154138 1
83 75 154149 0
61 53 154172 1
75 14 154213 1
29 59 154216 1
88 68 154276 0
65 54 154304 1
71 52 154435 1
33 60 154439 1
70 53 154456 1
51 81 154467 0
24 70 154492 0
82 69 154512 0
30 80 154517 0
100 66 154520 0
102 66 154567 0
15 75 154596 0
45 19 154615 0
50 54 154625 1
94 50 154691 1
30 78 154700 0
95 66 154730 0
49 75 154785 0
109 45 154964 1
109 55 155242 1
71 74 155519 0
55 73 155539 0
25 72 155565 0
96 50 155581 1
67 53 155611 1
26 65 155623 0
109 45 155688 0
76 51 155852 1
49 73 155855 0
65 77 155883 0
65 71 156062 0
89 50 156072 1
25 81 156082 0
24 72 156155 0
67 75 156180 0
26 71 156190 0
25 77 156197 0
21 86 156205 0
55 54 156246 1
28 89 156475 0
26 74 156499 0
90 67 156603 0
43 57 156612 1
23 79 156617 0
27 72 156637 0
105 64 156691 0
38 78 156721 0
34 79 156749 0
61 84 156792 0
82 70 156818 0
60 75 156835 0
95 11 156844 0
75 76 156885 0
103 64 156890 0
64 72 156907 0
84 69 156961 0
32 58 156966 1
73 72 157005 0
27 83 157009 0
111 55 157052 1
48 74 157103 0
49 53 157136 1
102 49 157178 1
22 93 157195 0
68 53 157198 1
62 79 157262 0
19 80 157292 0
27 79 157295 0
46 79 157305 0
37 79 157315 0
29 81 157317 0
19 84 157394 0
58 74 157432 0
25 69 157463 0
55 74 157520 0
86 69 157529 0
26 73 157555 0
71 73 157555 0
94 68 157624 0
95 66 157642 0
25 83 157766 0
49 82 157806 0
32 59 157939 1
23 75 157940 0
42 82 157943 0
26 67 157990 0
25 73 158003 0
25 63 158078 0
61 72 158089 0
48 81 158091 0
88 70 158105 0
27 73 158143 0
75 71 158173 0
61 54 158221 1
102 67 158258 0
62 73 158374 0
34 59 158521 1
68 76 158624 0
93 43 158681 1
58 47 158826 1
82 69 158853 0
92 66 158901 0
48 54 158942 1
56 92 159012 0
56 54 159012 1
117 62 159086 1
39 77 159164 0
23 74 159235 0
39 79 159331 0
50 73 159445 0
26 65 159450 0
105 50 159472 1
92 49 159479 1
106 50 159540 1
103 47 159864 1
56 51 159930 1
57 73 160029 0
78 75 160162 0
80 71 160244 0
72 52 160261 1
41 76 160296 0
95 66 160416 0
59 54 160441 1
9 61 160455 0
104 65 160499 0
50 84 160516 0
38 91 160602 0
52 91 160679 0
41 87 160689 0
10 78 160719 0
27 75 160723 0
42 57 160733 1
37 78 160890 0
100 66 160892 0
109 57 161062 1
94 65 161243 0
70 73 161246 0
48 74 161266 0
26 64 161270 0
97 66 161271 0
97 70 161306 0
27 73 161405 0
88 69 161626 0
26 67 161647 0
90 47 161718 1
30 77 161854 0
93 108 161883 1
75 48 161901 1
26 73 161909 0
38 79 162328 0
99 67 162439 0
32 0 162501 1
34 78 162586 0
92 66 162604 0
80 70 162620 0
23 53 162754 1
32 52 162826 1
63 71 162841 0
54 54 162867 1
112 50 162920 1
77 71 162938 0
17 14 162977 1
50 73 163036 0
95 49 163142 1
1 11 163146 1
91 49 163223 1
26 65 163399 0
62 53 163404 1
55 53 163433 1
78 50 163536 1
102 48 163629 1
102 66 163856 0
82 69 163968 0
63 54 163970 1
82 50 164009 1
22 74 164027 0
66 52 164053 1
26 80 164140 0
98 70 164279 0
73 50 164348 1
97 66 164642 0
57 83 164646 0
58 54 164708 1
67 72 164799 0
95 66 164951 0
101 69 164954 0
35 82 164982 0
59 47 165226 1
42 58 165344 1
103 49 165492 1
107 51 165575 1
94 46 165589 1
25 72 165650 0
82 75 165668 0
25 74 165737 0
101 66 165739 0
91 50 165869 1
58 53 165960 1
53 52 166042 1
27 73 166057 0
58 72 166108 0
26 67 166134 0
105 49 166423 1
81 78 166500 0
30 77 166529 0
57 54 166659 1
54 74 166764 0
104 65 167023 0
90 44 167030 1
97 49 167039 1
41 58 167122 1
26 73 167135 0
73 48 167143 1
109 56 167187 1
104 50 167256 1
36 58 167293 1
97 48 167412 1
104 49 167437 1
99 66 167527 0
58 74 167599 0
20 88 167692 0
98 67 167741 0
26 76 167867 0
100 49 167891 1
34 78 167958 0
32 80 168007 0
48 74 168086 0
93 66 168313 0
56 74 168508 0
109 61 168621 1
70 72 168788 0
26 77 168866 0
109 45 168937 1
77 50 169020 1
92 66 169072 0
101 65 169131 0
30 58 169179 1
111 59 169312 1
75 52 169319 1
109 45 169319 0
109 52 169355 1
27 74 169388 0
87 50 169445 1
106 51 169506 1
97 66 169521 0
103 66 169735 0
109 53 169886 1
83 51 169904 1
93 50 169920 1
75 72 169988 0
110 58 170131 1
99 48 170192 1
110 55 170267 1
22 79 170274 0
109 54 170281 1
110 57 170311 1
107 50 170354 1
26 68 170385 0
110 53 170473 1
80 51 170504 1
95 50 170618 1
32 55 170631 1
84 50 170663 1
41 85 170663 0
87 70 170705 0
33 77 170737 0
25 69 170769 0
106 50 170788 1
101 48 170804 1
30 77 170871 0
65 71 170909 0
85 51 170922 1
33 82 170945 0
108 52 170993 1
109 55 170994 1
50 73 170997 0
105 50 171023 1
85 50 171038 1
108 51 171065 1
86 68 171091 0
71 71 171164 0
83 68 171181 0
102 49 171194 1
87 48 171212 1
100 48 171219 1
86 48 171309 1
103 65 171328 0
81 51 171347 1
32 78 171403 0
103 49 171441 1
39 77 171449 0
25 64 171459 0
18 77 171468 0
94 49 171523 1
101 67 171553 0
110 59 171614 1
85 68 171655 0
107 51 171694 1
99 66 171696 0
95 66 171734 0
86 50 171735 1
48 76 171745 0
25 71 171816 0
48 79 171841 0
25 89 171848 0
26 65 171850 0
77 70 171916 0
65 70 171934 0
93 66 171944 0
69 52 171952 1
110 56 172012 1
66 71 172074 0
49 73 172090 0
90 50 172091 1
79 70 172098 0
53 53 172113 1
57 53 172180 1
86 49 172210 1
68 72 172215 0
51 53 172221 1
66 53 172222 1
74 50 172281 1
63 72 172313 0
45 55 172371 1
88 50 172384 1
93 50 172412 1
74 52 172447 1
67 71 172456 0
58 73 172460 0
21 85 172462 0
61 72 172496 0
86 46 172531 1
44 75 172606 0
33 92 172609 0
34 78 172614 0
98 48 172672 1
82 69 172705 0
81 69 172723 0
27 62 172758 0
49 54 172769 1
55 73 172773 0
37 77 172796 0
44 56 172799 1
71 72 172905 0
24 71 172910 0
87 68 172912 0
70 52 172920 1
93 72 172922 0
33 78 172925 0
46 55 172933 1
94 65 172949 0
52 74 172971 0
21 94 173012 0
104 49 173022 1
69 72 173043 0
29 75 173064 0
64 77 173076 0
101 65 173097 0
60 72 173107 0
50 75 173112 0
101 47 173123 1
79 69 173127 0
104 65 173156 0
27 72 173256 0
57 73 173264 0
28 74 173293 0
106 64 173304 0
92 66 173312 0
40 57 173316 1
65 53 173321 1
96 66 173323 0
0 0 173339 0
42 76 173339 0
19 77 173356 0
74 71 173401 0
46 74 173439 0
47 54 173451 1
9 79 173451 0
109 53 173461 1
52 53 173464 1
108 50 173468 1
80 50 173480 1
33 58 173485 1
90 49 173524 1
61 71 173533 0
97 66 173552 0
66 72 173555 0
106 49 173616 1
35 58 173626 1
63 53 173636 1
58 51 173648 1
60 53 173676 1
54 53 173682 1
102 48 173683 1
39 57 173688 1
27 73 173711 0
59 72 173727 0
117 62 173738 1
26 70 173758 0
98 49 173764 1
60 54 173811 1
73 51 173814 1
96 48 173817 1
104 48 173828 1
99 67 173846 0
107 50 173860 1
74 51 173863 1
109 58 173881 1
88 68 173932 0
100 66 173940 0
75 51 173988 1
42 77 173989 0
94 50 173990 1
26 67 173990 0
39 56 174007 1
109 59 174015 1
56 53 174063 1
37 58 174089 1
106 50 174107 1
58 72 174121 0
110 54 174132 1
103 64 174139 0
81 50 174142 1
83 51 174148 1
70 51 174149 1
55 52 174187 1
101 48 174229 1
81 48 174233 1
27 69 174257 0
62 71 174258 0
67 52 174299 1
78 51 174302 1
47 55 174305 1
99 47 174328 1
35 78 174336 0
95 49 174369 1
103 49 174395 1
33 59 174449 1
89 50 174469 1
33 77 174489 0
38 57 174494 1
50 73 174519 0
58 54 174529 1
40 58 174551 1
73 52 174562 1
87 50 174594 1
68 52 174631 1
27 74 174649 0
38 77 174689 0
82 70 174703 0
71 51 174704 1
47 75 174710 0
39 78 174710 0
36 78 174724 0
34 84 174736 0
28 77 174753 0
101 49 174771 1
61 53 174790 1
34 58 174802 1
26 68 174811 0
79 51 174825 1
71 71 174881 0
89 67 174896 0
99 48 174914 1
41 57 174950 1
50 76 174958 0
79 50 174970 1
60 48 175042 1
51 54 175058 1
103 48 175095 1
93 49 175098 1
69 51 175099 1
59 73 175110 0
70 72 175112 0
75 71 175118 0
94 66 175123 0
20 69 175128 0
30 77 175134 0
64 53 175141 1
28 76 175159 0
89 66 175173 0
37 57 175192 1
59 53 175210 1
37 78 175213 0
48 74 175239 0
87 49 175261 1
29 75 175284 0
71 52 175286 1
108 51 175337 1
93 66 175342 0
29 77 175350 0
88 49 175367 1
22 77 175372 0
105 50 175402 1
54 74 175403 0
99 66 175410 0
27 72 175486 0
102 49 175490 1
45 83 175493 0
85 50 175540 1
29 76 175570 0
45 75 175620 0
75 70 175638 0
36 57 175705 1
58 53 175706 1
35 57 175713 1
31 58 175726 1
92 49 175737 1
98 47 175767 1
62 53 175794 1
106 51 175876 1
40 77 175880 0
91 49 175884 1
53 53 175886 1
70 80 175934 0
27 80 175958 0
70 73 175977 0
26 73 176028 0
109 52 176042 1
34 57 176183 1
57 54 176226 1
107 51 176247 1
72 72 176257 0
110 57 176273 1
89 49 176312 1
109 51 176321 1
110 51 176345 1
100 49 176385 1
111 56 176440 1
68 51 176473 1
32 78 176496 0
31 57 176539 1
56 74 176548 0
103 45 176550 1
28 74 176559 0
36 56 176564 1
82 50 176575 1
33 58 176583 1
82 49 176609 1
44 57 176628 1
45 51 176629 1
96 66 176681 0
55 73 176683 0
55 53 176683 1
110 55 176747 1
83 50 176753 1
69 52 176782 1
93 50 176790 1
88 66 176825 0
125 24 176832 1
57 53 176842 1
88 69 176879 0
50 53 176881 1
35 79 176891 0
61 54 176924 1
95 66 176950 0
44 55 177034 1
51 53 177039 1
26 65 177092 0
74 71 177094 0
47 74 177119 0
40 53 177160 1
106 47 177179 1
105 49 177201 1
97 49 177224 1
26 71 177228 0
46 80 177287 0
73 71 177332 0
75 52 177347 1
46 74 177364 0
91 66 177386 0
33 54 177425 1
101 45 177461 1
34 78 177507 0
77 51 177545 1
64 52 177571 1
27 63 177631 0
27 69 177659 0
26 70 177713 0
41 56 177718 1
83 68 177765 0
33 57 177783 1
38 58 177784 1
51 74 177860 0
84 49 177876 1
100 48 177880 1
40 56 177904 1
94 49 177925 1
94 66 177968 0
56 54 177969 1
31 59 177991 1
63 54 178045 1
36 58 178101 1
89 68 178124 0
104 49 178124 1
27 61 178135 0
46 54 178139 1
85 68 178160 0
86 49 178207 1
62 54 178357 1
57 51 178366 1
26 68 178383 0
29 60 178410 1
33 77 178457 0
91 50 178473 1
54 53 178474 1
30 76 178568 0
101 65 178595 0
42 57 178653 1
42 56 178653 1
66 53 178701 1
59 72 178708 0
64 72 178817 0
72 51 178835 1
109 55 178838 1
63 52 178841 1
78 50 178894 1
95 48 178917 1
68 72 178971 0
74 36 178987 1
45 54 178996 1
74 52 179118 1
76 49 179120 1
39 76 179132 0
116 60 179148 1
43 56 179165 1
35 58 179184 1
110 56 179189 1
65 52 179193 1
58 73 179216 0
43 50 179242 1
99 119 179295 1
52 53 179331 1
94 65 179344 0
103 49 179355 1
77 70 179358 0
65 70 179477 0
81 44 179478 1
0 13 179511 1
55 73 179545 0
27 73 179643 0
28 74 179729 0
50 73 179732 0
49 50 179787 1
67 44 179787 1
112 56 179826 1
43 55 179857 1
41 76 179870 0
48 53 179909 1
117 62 179912 1
36 108 179920 1
37 77 179926 0
49 55 179950 1
90 49 179987 1
106 50 180027 1
27 74 180032 0
80 49 180061 1
56 53 180064 1
86 50 180070 1
34 53 180081 1
96 66 180089 0
81 50 180133 1
89 67 180135 0
100 45 180218 1
113 55 180262 1
30 77 180395 0
39 52 180518 1
101 48 180529 1
84 50 180536 1
35 57 180552 1
26 67 180567 0
46 56 180580 1
70 50 180586 1
99 66 180641 0
42 19 180647 1
101 46 180650 1
109 53 180681 1
44 51 180752 1
60 53 180765 1
71 49 180775 1
94 66 180782 0
80 70 180792 0
109 54 180820 1
74 71 180871 0
110 53 180915 1
32 58 180915 1
37 58 180929 1
51 72 180948 0
49 54 180949 1
76 51 181017 1
49 53 181030 1
72 52 181061 1
63 53 181124 1
30 59 181150 1
109 56 181255 1
93 46 181334 1
39 82 181371 0
39 57 181421 1
48 54 181506 1
40 57 181514 1
104 50 181521 1
45 76 181574 0
92 66 181600 0
66 52 181621 1
34 58 181631 1
102 48 181657 1
38 57 181747 1
73 71 181772 0
108 51 181836 1
63 76 181877 0
102 52 181877 1
105 47 181877 1
87 50 181878 1
58 74 181878 0
91 66 181902 0
70 72 181923 0
26 70 181927 0
76 52 181937 1
104 65 181979 0
36 57 182033 1
65 71 182077 0
67 51 182232 1
26 68 182253 0
26 77 182266 0
30 76 182315 0
56 73 182342 0
75 70 182354 0
55 51 182362 1
93 66 182524 0
32 78 182586 0
28 78 182595 0
41 77 182599 0
27 72 182611 0
47 74 182682 0
80 50 182774 1
84 69 182821 0
58 53 183034 1
93 47 183137 1
58 54 183176 1
74 72 183192 0
75 50 183234 1
61 53 183334 1
43 57 183421 1
26 72 183481 0
28 86 183507 0
13 67 183525 0
94 66 183562 0
27 75 183575 0
97 66 183617 0
26 65 183681 0
44 56 183733 1
64 71 183849 0
34 78 183850 0
40 78 183852 0
47 53 183855 1
63 71 183937 0
34 80 183999 0
26 63 184107 0
39 77 184162 0
109 45 184187 1
77 50 184257 1
78 71 184263 0
71 50 184285 1
37 57 184410 1
97 48 184521 1
62 71 184581 0
50 50 184596 1
55 82 184607 0
28 74 184622 0
109 45 184679 0
55 54 184745 1
51 74 184872 0
79 70 184983 0
96 66 185083 0
82 51 185102 1
82 69 185118 0
38 78 185221 0
66 71 185240 0
57 73 185290 0
60 72 185437 0
34 56 185514 1
61 71 185553 0
29 75 185579 0
74 71 185628 0
99 65 185698 0
83 48 185720 1
30 76 185978 0
39 76 186001 0
28 69 186058 0
105 64 186145 0
109 52 186173 1
110 58 186190 1
79 49 186193 1
100 47 186293 1
77 71 186308 0
94 66 186349 0
25 72 186407 0
58 72 186460 0
51 73 186501 0
88 46 186692 1
110 54 186709 1
55 53 186740 1
62 53 186748 1
56 73 186778 0
26 68 186991 0
65 53 187042 1
33 77 187090 0
107 50 187213 1
54 74 187219 0
61 52 187239 1
26 70 187283 0
95 66 187357 0
98 48 187431 1
34 81 187465 0
85 49 187499 1
68 72 187553 0
86 68 187570 0
56 74 187749 0
27 74 187780 0
72 50 187824 1
44 75 187875 0
41 89 187892 0
26 89 187904 0
73 71 187912 0
30 77 187985 0
26 64 188067 0
119 56 188075 1
20 79 188217 0
27 69 188259 0
25 104 188291 0
92 67 188316 0
70 117 188389 0
108 60 188437 1
93 108 188462 0
38 80 188471 0
104 49 188507 1
27 62 188537 0
57 58 188587 1
19 71 188620 0
59 53 188640 1
73 52 188648 1
71 71 188677 0
62 72 188718 0
64 71 188729 0
66 82 188738 0
91 67 188757 0
95 81 188805 0
58 76 188877 0
30 90 188890 0
65 78 188976 0
101 65 189047 0
98 66 189128 0
81 69 189186 0
94 66 189191 0
40 58 189299 1
89 68 189305 0
43 80 189331 0
25 67 189347 0
30 76 189385 0
89 67 189387 0
48 74 189437 0
67 52 189451 1
21 71 189457 0
78 79 189479 0
26 78 189483 0
61 75 189499 0
67 71 189801 0
26 74 190023 0
91 66 190067 0
27 64 190110 0
61 80 190126 0
15 72 190129 0
55 73 190134 0
43 87 190146 0
102 66 190166 0
38 77 190231 0
99 65 190360 0
42 57 190377 1
27 73 190409 0
104 65 190525 0
103 64 190588 0
61 73 190649 0
53 53 190686 1
104 46 190812 1
32 78 190835 0
47 74 190840 0
80 47 190893 1
111 61 190932 1
51 73 190947 0
69 78 191005 0
28 73 191037 0
65 72 191114 0
64 53 191129 1
51 74 191152 0
90 73 191183 0
55 74 191205 0
51 84 191282 0
39 81 191385 0
28 74 191485 0
73 72 191510 0
18 72 191534 0
56 73 191586 0
92 72 191652 0
21 70 191659 0
28 65 191675 0
57 76 191676 0
106 43 191752 1
46 74 191799 0
65 73 191802 0
74 71 191814 0
50 74 191870 0
29 76 191956 0
75 70 191962 0
87 73 192042 0
68 52 192118 1
94 66 192208 0
70 72 192246 0
103 48 192320 1
78 71 192382 0
107 51 192410 1
99 67 192425 0
26 68 192445 0
107 46 192446 1
99 66 192467 0
92 49 192467 1
79 69 192562 0
57 53 192772 1
41 57 192874 1
73 51 193118 1
102 37 193199 1
80 51 193293 1
32 77 193311 0
59 43 193386 1
53 72 193404 0
30 57 193424 1
62 70 193600 0
102 47 193618 1
71 52 193669 1
60 52 193870 1
34 57 193920 1
70 71 194044 0
55 48 194123 1
42 76 194138 0
70 52 194198 1
112 55 194236 1
27 67 194271 0
34 77 194317 0
35 77 194343 0
98 66 194396 0
34 78 194451 0
36 77 194455 0
117 62 194508 1
96 66 194538 0
89 49 194906 1
28 73 194930 0
37 76 194981 0
107 48 195012 1
62 72 195066 0
105 49 195088 1
88 69 195300 0
49 51 195426 1
105 46 195501 1
26 70 195534 0
36 78 195818 0
100 71 195830 0
56 53 196036 1
62 77 196079 0
53 74 196090 0
109 45 196421 1
26 77 196533 0
109 45 196591 0
21 72 196611 0
64 71 196644 0
90 67 196913 0
49 52 197187 1
30 76 197261 0
43 76 197310 0
54 53 197426 1
82 50 197466 1
75 46 197800 1
78 70 197869 0
27 64 197869 0
32 77 198206 0
22 73 198294 0
88 49 198600 1
48 49 198687 1
94 66 198733 0
106 49 198809 1
64 49 198809 1
62 48 198859 1
94 65 198890 0
30 121 199089 1
14 116 199168 1
51 73 199225 0
28 73 199242 0
57 57 199274 1
34 77 199343 0
35 77 199394 0
86 2 199463 1
27 67 199532 0
98 66 199562 0
59 72 199604 0
33 78 199642 0
62 52 199654 1
50 53 199733 1
81 49 199801 1
82 75 199870 0
82 42 199892 1
62 49 199899 1
0 0 200010 0
