65 52 0 1
104 42 157 1
54 56 277 1
59 53 543 1
106 43 672 1
103 41 687 1
97 40 722 1
99 40 838 1
62 53 893 1
107 46 912 1
28 95 939 0
38 94 948 0
72 80 1075 0
93 40 1206 1
64 52 1306 1
68 52 1364 1
107 55 1440 1
82 44 1480 1
23 82 1509 0
23 78 1598 0
46 60 1636 1
34 53 1757 1
91 42 1778 1
63 125 1827 1
84 44 1841 1
108 48 1845 1
42 61 1919 1
101 90 2012 1
106 44 2051 1
34 64 2071 1
92 41 2100 1
86 44 2117 1
50 60 2140 1
34 95 2150 0
36 62 2222 1
103 42 2268 1
24 74 2306 0
102 40 2332 1
31 94 2363 0
35 63 2451 1
75 48 2457 1
53 89 2464 0
106 45 2534 1
95 68 2675 0
100 68 2709 0
30 93 2761 0
60 53 2762 1
64 85 2775 0
80 77 2830 0
63 53 2897 1
27 91 2933 0
107 48 2989 1
96 40 3011 1
92 70 3095 0
59 55 3114 1
31 93 3123 0
89 71 3128 0
81 77 3158 0
46 61 3176 1
82 45 3196 1
33 95 3214 0
38 62 3348 1
98 40 3348 1
104 64 3392 1
74 48 3400 1
102 42 3409 1
47 61 3534 1
107 57 3539 1
66 53 3650 1
36 96 3694 0
34 94 3715 0
29 93 3777 0
23 86 3810 0
33 94 3856 0
40 61 3915 1
36 61 3992 1
24 72 3995 0
105 44 4062 1
25 89 4067 0
71 49 4084 1
95 40 4089 1
91 41 4115 1
43 61 4116 1
69 51 4146 1
105 42 4257 1
101 41 4258 1
104 41 4268 1
48 90 4456 0
75 47 4463 1
74 80 4471 0
41 61 4583 1
25 68 4886 0
108 51 4894 1
26 92 4946 0
70 49 4950 1
101 40 4978 1
63 85 5005 0
102 41 5049 1
108 56 5147 1
23 79 5255 0
91 70 5265 0
93 68 5411 0
45 61 5450 1
23 82 5503 0
71 82 5505 0
57 55 5509 1
84 75 5550 0
89 42 5594 1
108 52 5706 1
86 45 5806 1
98 68 5931 0
109 45 5972 1
107 49 6087 1
40 62 6089 1
61 54 6095 1
49 59 6100 1
109 45 6173 0
73 48 6216 1
94 40 6224 1
37 62 6253 1
96 68 6259 0
56 88 6336 0
105 43 6356 1
51 89 6464 0
86 75 6611 0
97 68 6636 0
84 76 6664 0
76 47 6856 1
67 52 6898 1
105 62 7059 1
58 54 7115 1
104 62 7117 1
35 95 7219 0
60 54 7280 1
108 49 7367 1
53 56 7411 1
106 60 7495 1
107 56 7550 1
26 91 7566 0
13 92 7595 0
63 86 7600 0
31 95 7651 0
52 88 7833 0
26 89 7872 0
92 40 7885 1
51 59 7997 1
49 89 8099 0
31 62 8148 1
23 83 8394 0
83 44 8409 1
23 81 8494 0
57 87 8558 0
104 42 8747 1
38 61 9060 1
34 62 9244 1
35 62 9311 1
23 80 9392 0
103 41 9461 1
105 45 9545 1
106 47 9605 1
63 87 9681 0
91 40 9709 1
80 46 9726 1
46 89 9884 0
57 44 9997 1
113 13 10285 0
96 68 10357 0
59 87 10371 0
115 47 10442 1
115 42 10442 1
64 85 10522 0
54 89 10584 0
23 82 10640 0
26 92 10695 0
61 53 10789 1
81 46 11055 1
23 71 11209 0
98 68 11401 0
69 83 11530 0
38 95 11562 0
44 61 11646 1
108 50 11681 1
98 38 11734 1
81 76 11744 0
100 40 11751 1
24 75 11922 0
106 44 11944 1
108 53 11947 1
96 67 12003 0
23 88 12064 0
25 88 12101 0
87 44 12180 1
99 40 12387 1
25 71 12413 0
23 81 12510 0
100 67 12535 0
85 44 12539 1
73 80 12572 0
25 67 12623 0
71 81 12641 0
65 52 12661 1
60 85 12722 0
97 40 12840 1
107 46 12874 1
61 85 12879 0
90 70 12915 0
82 76 12995 0
63 52 12999 1
64 53 13001 1
108 54 13136 1
34 95 13173 0
101 68 13355 0
37 94 13428 0
48 60 13569 1
95 68 13613 0
76 78 13622 0
70 83 13646 0
61 87 13661 0
58 86 13676 0
106 43 13691 1
74 48 13695 1
96 68 13757 0
61 52 13825 1
85 45 13934 1
66 52 13989 1
28 91 14028 0
35 61 14034 1
61 86 14137 0
23 83 14141 0
47 90 14255 0
25 87 14262 0
65 84 14318 0
77 47 14348 1
81 45 14372 1
105 43 14373 1
98 40 14379 1
34 61 14414 1
34 63 14547 1
31 64 14562 1
108 51 14605 1
59 86 14622 0
47 89 14644 0
35 95 14664 0
64 52 14698 1
27 92 14788 0
98 39 14788 1
60 86 14890 0
65 53 14997 1
97 39 15010 1
102 40 15054 1
27 90 15077 0
96 40 15078 1
23 78 15110 0
23 75 15191 0
80 76 15193 0
48 89 15220 0
39 61 15290 1
17 85 15399 0
58 87 15442 0
84 44 15489 1
69 52 15525 1
42 61 15558 1
103 42 15589 1
62 52 15660 1
107 45 15700 1
34 94 15721 0
33 93 15775 0
46 90 15789 0
56 87 15924 0
101 40 15936 1
73 81 16002 0
95 40 16048 1
95 39 16059 1
57 86 16094 0
105 42 16109 1
60 52 16162 1
43 60 16233 1
99 39 16235 1
28 93 16258 0
108 55 16279 1
101 66 16282 0
96 39 16299 1
41 61 16299 1
78 78 16358 0
102 41 16479 1
25 91 16493 0
108 48 16521 1
43 61 16532 1
27 91 16600 0
104 41 16610 1
85 74 16637 0
31 93 16689 0
40 61 16695 1
107 47 16702 1
49 60 16721 1
55 56 16878 1
23 81 16885 0
30 93 16894 0
24 74 16903 0
104 42 16928 1
36 95 16995 0
45 90 17008 0
55 88 17011 0
86 44 17016 1
87 43 17110 1
23 79 17366 0
98 68 17431 0
105 63 17461 1
93 40 17533 1
62 85 17540 0
26 92 17551 0
104 63 17579 1
96 68 17582 0
38 94 17684 0
103 41 17686 1
39 93 17694 0
83 82 17771 0
66 84 17776 0
40 94 17816 0
50 89 17824 0
29 91 17837 0
24 70 17858 0
24 88 17871 0
27 93 17898 0
108 49 17926 1
28 91 18022 0
33 94 18045 0
36 97 18047 0
60 85 18184 0
29 93 18198 0
31 94 18205 0
88 73 18219 0
81 44 18223 1
72 81 18232 0
43 92 18387 0
39 94 18435 0
37 61 18435 1
23 87 18448 0
25 89 18454 0
96 67 18503 0
60 88 18554 0
63 85 18605 0
28 92 18661 0
47 60 18668 1
107 58 18807 1
94 68 18845 0
49 88 18856 0
23 83 18894 0
107 46 18934 1
63 53 19033 1
36 61 19039 1
62 53 19099 1
93 68 19110 0
58 86 19124 0
72 48 19137 1
81 76 19204 0
53 57 19324 1
79 45 19372 1
22 83 19404 0
27 69 19417 0
83 76 19448 0
25 69 19626 0
88 43 19651 1
100 40 19703 1
108 52 19714 1
32 63 19725 1
30 62 19813 1
26 89 19834 0
79 46 19918 1
106 44 20010 1
29 64 20379 1
75 47 20476 1
46 60 20477 1
57 54 20717 1
68 41 20732 1
65 52 20754 1
46 61 20770 1
106 8 20775 1
43 91 20787 0
33 62 20860 1
66 53 20924 1
27 90 21023 0
51 88 21337 0
44 60 21491 1
25 87 21503 0
29 63 21514 1
49 89 21580 0
29 92 21686 0
75 48 21711 1
23 84 21766 0
64 85 21925 0
24 72 21970 0
108 50 22129 1
47 61 22171 1
24 75 22173 0
80 77 22200 0
23 76 22278 0
56 87 22365 0
28 92 22477 0
83 44 22647 1
48 88 22648 0
108 53 22731 1
62 85 23005 0
77 77 23011 0
105 61 23112 1
94 68 23182 0
23 82 23242 0
35 95 23355 0
97 40 23685 1
23 78 23701 0
25 88 23735 0
45 61 23843 1
24 89 23873 0
15 86 23972 0
101 67 23987 0
74 48 24010 1
106 59 24013 1
19 23 24017 0
26 91 24031 0
23 81 24144 0
54 57 24293 1
26 96 24424 0
108 51 24496 1
42 60 24640 1
52 90 24644 0
52 57 24820 1
96 68 24840 0
107 44 24864 1
107 50 24983 1
34 96 25015 0
99 40 25031 1
76 47 25100 1
16 11 25342 1
67 52 25523 1
86 73 25757 0
29 92 25764 0
63 52 25809 1
94 40 25902 1
23 83 25935 0
25 84 26058 0
78 78 26098 0
105 43 26201 1
66 52 26203 1
37 95 26205 0
28 91 26253 0
24 82 26336 0
95 68 26352 0
91 69 26388 0
109 45 26472 1
23 77 26498 0
22 74 26519 0
38 96 26522 0
22 86 26549 0
31 112 26551 0
29 95 26623 0
72 80 26637 0
28 92 26715 0
23 80 26766 0
86 74 26774 0
10 56 26837 0
109 45 26883 0
41 61 26984 1
94 67 26988 0
3 85 26990 0
82 76 27333 0
40 93 27386 0
26 68 27420 0
89 43 27627 1
28 94 27777 0
38 98 27824 0
107 49 27870 1
23 76 27913 0
79 78 27930 0
61 85 27984 0
37 94 27987 0
23 73 27996 0
60 87 28055 0
64 87 28103 0
21 86 28111 0
21 76 28130 0
74 80 28214 0
78 46 28307 1
94 68 28336 0
77 78 28479 0
43 91 28648 0
26 92 28661 0
40 92 28773 0
106 43 28870 1
24 71 28880 0
34 94 28964 0
121 45 29156 1
97 67 29201 0
51 88 29235 0
59 54 29243 1
44 61 29299 1
51 57 29372 1
83 75 29490 0
68 83 29640 0
32 97 29654 0
109 45 29819 1
101 40 29901 1
103 40 30054 1
109 45 30120 0
27 92 30293 0
50 91 30450 0
30 93 30621 0
29 92 30651 0
28 92 30889 0
85 44 31097 1
102 40 31258 1
48 88 31332 0
62 85 31478 0
95 69 31512 0
24 82 31569 0
23 77 31604 0
58 86 31730 0
98 40 31788 1
27 91 32017 0
73 48 32156 1
90 41 32162 1
98 68 32499 0
45 91 32524 0
38 101 32618 0
82 45 32668 1
87 44 32668 1
38 93 32721 0
50 58 32804 1
25 104 32922 0
82 44 33048 1
108 54 33178 1
38 60 33311 1
23 76 33363 0
27 89 33474 0
60 85 33707 0
82 78 33713 0
32 64 33877 1
41 60 34080 1
97 35 34094 1
38 61 34154 1
35 63 34417 1
97 67 34690 0
38 62 34788 1
27 108 34815 0
42 61 35029 1
21 97 35206 0
23 112 35362 0
107 45 35558 1
55 87 35564 0
80 45 35618 1
43 61 35623 1
39 60 35781 1
105 41 36187 1
60 53 36403 1
65 85 36516 0
84 44 36600 1
103 41 37139 1
92 69 37333 0
44 91 37727 0
105 26 37847 0
28 90 37884 0
106 44 38090 1
104 41 38206 1
22 88 38272 0
107 46 38559 1
98 38 38570 1
62 88 38686 0
105 42 38699 1
23 77 38833 0
107 47 39131 1
96 40 39255 1
108 46 39319 1
73 79 39354 0
75 79 39399 0
27 94 39456 0
100 39 39527 1
27 89 39533 0
85 75 39578 0
70 81 39807 0
68 51 39833 1
98 39 39837 1
87 73 39885 0
108 48 39895 1
96 67 39997 0
108 49 40067 1
64 52 40145 1
108 47 40151 1
56 87 40350 0
107 55 40525 1
59 86 40683 0
107 57 40700 1
104 42 41054 1
73 80 41084 0
97 68 41264 0
106 43 41305 1
95 39 41308 1
108 51 41346 1
30 94 41486 0
71 81 41551 0
29 91 41553 0
106 61 41694 1
40 61 41709 1
74 47 41719 1
87 43 41730 1
65 84 41768 0
38 93 41782 0
50 59 41803 1
40 60 41890 1
67 84 41917 0
31 93 41944 0
101 66 41947 0
52 88 42106 0
92 41 42171 1
39 61 42206 1
97 67 42207 0
79 76 42226 0
71 48 42252 1
97 35 42325 1
67 51 42393 1
97 39 42400 1
33 63 42419 1
96 39 42601 1
100 40 42619 1
80 76 42656 0
75 47 42691 1
95 40 42711 1
36 93 42893 0
45 60 42939 1
100 67 42941 0
24 74 42970 0
61 52 43017 1
86 44 43034 1
94 68 43045 0
85 43 43150 1
54 87 43177 0
46 60 43186 1
61 53 43241 1
54 56 43241 1
56 56 43253 1
28 92 43257 0
23 76 43303 0
36 62 43321 1
77 47 43363 1
37 62 43399 1
65 52 43503 1
92 40 43508 1
43 60 43590 1
108 50 43679 1
33 93 43703 0
53 58 43715 1
24 82 43824 0
108 55 43846 1
19 96 43850 0
96 68 43869 0
26 89 43964 0
108 52 43964 1
108 56 44026 1
25 70 44131 0
29 92 44148 0
94 39 44160 1
23 83 44191 0
108 53 44279 1
48 89 44378 0
20 86 44378 0
84 75 44418 0
102 40 44450 1
48 60 44513 1
62 52 44519 1
33 94 44598 0
47 60 44625 1
93 39 44775 1
73 47 44879 1
83 30 44907 1
99 39 45011 1
30 64 45065 1
28 90 45195 0
89 40 45223 1
41 93 45403 0
31 63 45635 1
105 42 45681 1
24 87 45732 0
107 46 45758 1
34 95 45947 0
35 61 46066 1
32 89 46089 0
32 62 46089 1
105 40 46168 1
93 68 46244 0
92 69 46319 0
24 75 46368 0
109 51 46485 1
42 91 46555 0
25 87 46556 0
37 60 46605 1
25 84 46620 0
44 91 46624 0
104 41 46650 1
32 92 46857 0
106 42 47101 1
55 87 47259 0
35 62 47320 1
108 45 47392 1
65 85 47401 0
34 94 47433 0
28 91 47456 0
95 68 47459 0
27 90 47505 0
81 76 47525 0
105 43 47979 1
24 84 48019 0
32 94 48062 0
101 40 48195 1
103 40 48229 1
71 83 48251 0
93 40 48268 1
23 75 48293 0
25 86 48328 0
21 89 48715 0
30 94 48798 0
57 55 48824 1
42 94 48851 0
29 93 48942 0
23 79 49165 0
30 91 49177 0
31 92 49238 1
74 48 49243 1
121 98 49244 0
63 85 49269 0
69 97 49360 0
60 52 49448 1
81 45 49466 1
24 72 49473 0
31 94 49551 0
60 86 49566 0
38 94 49699 0
74 14 49714 0
107 45 49744 1
42 60 49816 1
27 89 49923 0
51 88 49954 0
41 94 49987 0
105 62 50054 1
62 53 50292 1
94 67 50378 0
88 72 50452 0
108 49 50585 1
108 54 50662 1
98 67 50726 0
92 68 50794 0
35 94 50935 0
25 88 50938 0
108 48 50972 1
109 48 50976 1
55 56 51049 1
106 43 51069 1
61 85 51329 0
98 39 51357 1
44 60 51615 1
96 67 51649 0
107 44 51694 1
100 39 51741 1
78 78 51855 0
85 44 51875 1
64 86 51885 0
26 90 51904 0
106 41 52099 1
46 90 52117 0
108 48 52133 1
51 58 52156 1
76 47 52179 1
86 43 52296 1
34 62 52305 1
105 42 52344 1
41 61 52367 1
55 89 52368 0
64 52 52486 1
102 41 52487 1
102 40 52487 1
106 43 52494 1
37 61 52541 1
36 61 52543 1
114 65 52576 1
101 39 52598 1
102 39 52683 1
97 39 52724 1
59 52 52730 1
82 76 52778 0
84 43 52801 1
108 47 52819 1
101 67 52829 0
106 60 52832 1
24 81 52940 0
97 67 52957 0
83 44 53058 1
64 85 53070 0
25 86 53099 0
102 38 53138 1
23 77 53146 0
99 39 53231 1
63 53 53248 1
72 80 53268 0
77 46 53269 1
22 93 53275 0
47 92 53288 0
62 85 53387 0
104 41 53422 1
63 52 53541 1
51 89 53563 0
52 58 53611 1
109 50 53618 1
95 39 53623 1
24 87 53625 0
107 44 53628 1
57 86 53663 0
103 40 53712 1
76 78 53734 0
68 84 53750 0
103 41 53756 1
107 45 53813 1
87 43 53834 1
107 43 53834 1
87 44 53852 1
35 95 53862 0
54 87 53863 0
98 39 53904 1
107 46 53911 1
89 42 53920 1
24 84 53934 0
23 91 53954 0
79 46 53958 1
24 85 53968 0
108 46 53988 1
100 39 53991 1
66 52 54067 1
108 48 54127 1
108 49 54127 1
46 89 54148 0
49 89 54249 0
75 47 54251 1
109 45 54271 1
45 90 54340 0
97 40 54343 1
97 38 54353 1
105 42 54370 1
45 92 54406 0
83 75 54431 0
79 77 54435 0
35 9 54436 0
27 105 54548 0
85 43 54558 1
109 45 54560 0
36 93 54561 0
66 84 54588 0
106 43 54588 1
49 60 54589 1
32 94 54615 0
65 52 54621 1
57 87 54633 0
37 94 54640 0
33 92 54643 0
58 86 54673 0
84 44 54681 1
108 55 54711 1
86 73 54714 0
29 91 54786 0
101 66 54799 0
60 85 54813 0
98 67 54827 0
53 56 54843 1
25 71 54862 0
96 39 54862 1
81 44 54866 1
96 67 54897 0
49 59 55064 1
41 60 55097 1
37 92 55163 0
73 80 55203 0
39 94 55212 0
69 51 55269 1
102 40 55299 1
46 60 55306 1
94 67 55308 0
49 88 55315 0
30 93 55324 0
77 77 55332 0
65 50 55341 1
108 51 55353 1
33 95 55357 0
85 74 55358 0
82 44 55380 1
33 62 55422 1
31 93 55440 0
61 84 55441 0
101 39 55482 1
34 63 55516 1
109 46 55520 1
81 76 55555 0
75 48 55569 1
38 93 55594 0
27 91 55607 0
65 84 55627 0
109 49 55629 1
33 93 55726 0
106 42 55738 1
83 76 55749 0
43 91 55778 0
34 61 55788 1
39 93 55793 0
86 43 55889 1
108 54 55913 1
73 48 55952 1
65 51 55955 1
45 60 55987 1
47 60 56010 1
98 38 56020 1
76 46 56073 1
109 53 56081 1
25 89 56112 0
74 47 56178 1
97 39 56228 1
23 81 56233 0
48 88 56278 0
67 51 56282 1
93 68 56318 0
66 51 56333 1
102 66 56362 0
61 85 56366 0
109 45 56382 1
40 60 56397 1
99 39 56414 1
28 92 56428 0
25 84 56455 0
105 41 56469 1
32 92 56482 0
92 68 56521 0
43 60 56527 1
80 76 56529 0
47 59 56539 1
85 44 56557 1
28 90 56557 0
105 61 56573 1
107 57 56577 1
24 82 56615 0
108 44 56626 1
67 52 56649 1
83 43 56664 1
73 79 56669 0
24 74 56686 0
39 98 56709 0
109 45 56749 0
40 93 56793 0
74 80 56811 0
98 39 56857 1
87 43 56882 1
100 39 56903 1
31 64 56910 1
42 92 56921 0
108 47 56932 1
24 81 56960 0
63 85 56984 0
27 90 56989 0
92 40 57043 1
29 92 57053 0
85 73 57064 0
48 90 57068 0
58 54 57084 1
44 91 57111 0
26 89 57127 0
25 86 57145 0
63 51 57175 1
24 75 57286 0
35 94 57310 0
39 60 57321 1
103 40 57369 1
28 93 57376 0
107 59 57417 1
33 61 57434 1
107 44 57465 1
108 53 57475 1
108 56 57476 1
31 91 57515 0
48 59 57529 1
102 39 57551 1
94 39 57577 1
42 60 57601 1
72 81 57618 0
95 39 57622 1
30 91 57652 0
79 76 57672 0
28 91 57702 0
52 56 57727 1
65 83 57798 0
108 45 57811 1
26 90 57826 0
59 53 57859 1
27 89 57913 0
105 42 57937 1
117 62 57940 1
64 52 57950 1
43 55 57952 1
88 43 57966 1
26 67 57988 0
62 51 58021 1
61 52 58031 1
64 51 58067 1
81 43 58068 1
93 39 58074 1
91 41 58117 1
97 35 58121 1
107 43 58121 1
93 40 58148 1
42 61 58166 1
98 67 58263 0
40 94 58284 0
25 78 58402 0
86 44 58403 1
106 43 58415 1
38 60 58437 1
107 45 58437 1
62 85 58453 0
25 87 58483 0
51 59 58497 1
75 79 58504 0
98 38 58540 1
68 51 58605 1
33 94 58612 0
54 88 58619 0
34 64 58643 1
40 61 58660 1
55 55 58694 1
74 14 58697 1
30 94 58791 0
76 47 58795 1
104 41 58810 1
79 45 58816 1
34 94 58867 0
29 91 58894 0
56 87 58926 0
48 60 58943 1
40 92 58972 0
38 61 58974 1
50 59 58994 1
105 40 59006 1
85 43 59029 1
72 80 59031 0
97 67 59066 0
23 82 59083 0
92 69 59107 0
72 48 59166 1
55 87 59324 0
44 60 59351 1
106 59 59374 1
47 91 59409 0
23 78 59423 0
75 47 59492 1
27 68 59504 0
106 41 59516 1
34 92 59569 0
62 52 59600 1
30 63 59603 1
32 63 59618 1
41 60 59643 1
54 56 59683 1
70 81 59784 0
53 19 59829 0
108 46 59915 1
75 46 59943 1
78 77 59959 0
38 92 59960 0
90 69 60014 0
36 93 60033 0
109 51 60062 1
46 60 60067 1
91 42 60069 1
53 57 60082 1
42 91 60121 0
33 92 60167 0
37 94 60169 0
35 92 60204 0
83 44 60231 1
31 93 60259 0
32 94 60287 0
24 81 60347 0
32 96 60394 0
80 44 60448 1
61 53 60497 1
24 84 60518 0
103 65 60546 0
24 85 60589 0
65 85 60592 0
52 89 60634 0
25 84 60820 0
79 77 60859 0
65 52 60885 1
50 89 60988 0
47 90 61013 0
47 60 61024 1
51 90 61025 0
33 93 61056 0
27 66 61074 0
45 60 61112 1
30 65 61120 1
57 86 61123 0
24 80 61123 0
47 89 61138 0
60 85 61203 0
71 50 61243 1
108 49 61245 1
73 47 61255 1
54 87 61280 0
26 93 61297 0
43 60 61486 1
48 89 61528 0
84 43 61555 1
102 40 61653 1
32 92 61681 0
25 86 61718 0
86 43 61796 1
36 60 61880 1
23 85 62017 0
28 90 62068 0
34 60 62095 1
82 43 62223 1
108 43 62354 1
107 47 62594 1
40 60 62599 1
101 39 62601 1
24 73 62655 0
32 64 62719 1
93 67 62750 0
99 39 62753 1
55 88 62784 0
96 38 62809 1
98 67 62869 0
108 48 62875 1
36 62 62883 1
38 93 62966 0
98 39 62976 1
24 83 62995 0
25 88 62998 0
106 61 63078 1
60 53 63125 1
80 45 63246 1
100 39 63298 1
22 77 63300 0
26 90 63395 0
94 68 63402 0
25 71 63449 0
106 42 63499 1
29 92 63604 0
96 39 63696 1
35 94 64088 0
74 48 64099 1
42 60 64209 1
24 80 64454 0
65 51 64548 1
107 5 64646 1
77 46 64657 1
66 51 64666 1
55 86 64824 0
107 46 64838 1
24 87 64847 0
24 71 64871 0
95 40 64908 1
94 67 64945 0
92 39 64983 1
24 81 65044 0
103 39 65119 1
37 62 65145 1
116 33 65222 1
64 87 65300 0
107 58 65326 1
27 91 65375 0
74 14 65393 1
105 41 65422 1
85 46 65476 1
35 63 65533 1
97 39 65582 1
56 55 65705 1
77 42 65957 1
99 38 65966 1
31 92 65993 0
36 61 66196 1
51 87 66222 0
33 63 66251 1
32 61 66260 1
104 39 66404 1
31 91 66451 0
25 68 66539 0
58 87 66599 0
23 76 66601 0
96 67 66613 0
24 75 66674 0
52 88 66689 0
35 61 66702 1
25 90 66806 0
80 77 66838 0
63 52 66839 1
64 85 66882 0
109 50 66916 1
39 60 67046 1
30 91 67106 0
23 72 67179 0
26 91 67230 0
71 81 67237 0
98 40 67252 1
108 47 67261 1
32 94 67283 0
61 84 67305 0
24 80 67474 0
40 52 67686 1
31 61 67736 1
25 70 67896 0
29 65 67909 1
79 77 67927 0
24 83 68009 0
51 86 68044 0
92 68 68060 0
66 85 68297 0
24 82 68442 0
83 75 68446 0
24 74 68474 0
24 70 68485 0
84 75 68607 0
37 92 68621 0
66 84 68653 0
38 94 68657 0
24 85 68783 0
109 48 68804 1
45 59 68984 1
109 45 68989 1
81 77 69061 0
45 90 69082 0
27 89 69116 0
84 44 69262 1
49 59 69313 1
77 47 69368 1
109 45 69370 0
46 89 69425 0
54 88 69441 0
78 77 69463 0
55 56 69580 1
98 67 69615 0
47 62 69625 1
55 86 69769 0
41 60 69905 1
41 91 69925 0
27 90 70010 0
31 92 70129 0
98 38 70144 1
74 47 70297 1
25 86 70325 0
24 73 70469 0
24 80 70682 0
26 90 70768 0
109 54 70801 1
77 78 70842 0
42 92 70843 0
67 51 70894 1
26 71 70973 0
73 80 71027 0
98 31 71172 1
50 88 71195 0
24 92 71314 0
95 67 71334 0
29 91 71355 0
54 55 71383 1
33 92 71441 0
25 78 71451 0
28 91 71488 0
58 88 71531 0
29 98 71545 0
34 92 71545 0
58 86 71566 0
24 72 71585 0
103 40 71628 1
49 88 71655 0
109 52 71679 1
83 78 71681 0
85 44 71721 1
65 84 71739 0
29 93 71795 0
29 89 71827 0
25 84 71850 0
17 91 71875 0
28 89 71909 0
82 76 71954 0
41 59 72010 1
56 88 72019 0
107 42 72025 1
44 60 72117 1
66 53 72126 1
54 96 72214 0
46 90 72244 0
65 103 72253 0
31 65 72264 1
101 66 72280 0
67 84 72345 0
24 84 72397 0
11 89 72405 0
23 102 72471 0
100 67 72558 0
31 62 72654 1
28 92 72729 0
108 55 72801 1
62 86 72819 0
21 80 72923 0
24 81 73246 0
87 77 73259 0
30 93 73267 0
74 81 73269 0
62 53 73272 1
24 80 73329 0
46 60 73352 1
26 88 73363 0
83 30 73388 0
61 85 73497 0
32 92 73501 0
24 83 73532 0
25 92 73831 0
39 93 73832 0
23 80 73847 0
25 85 73856 0
48 88 74034 0
10 88 74035 0
25 95 74065 0
51 88 74114 0
27 92 74124 0
38 60 74128 1
95 39 74187 1
26 86 74343 0
31 92 74372 0
28 68 74445 0
28 89 75073 0
34 53 75123 1
75 78 75229 0
87 43 75358 1
64 51 75535 1
95 67 75700 0
35 94 75887 0
43 59 76171 1
23 85 76418 0
34 93 76447 0
34 62 76517 1
24 80 76566 0
94 39 76634 1
35 60 76684 1
76 80 77137 0
67 85 77229 0
107 44 77340 1
25 90 77423 0
79 77 77608 0
102 39 77712 1
7 28 77741 1
105 63 77760 1
108 54 77761 1
50 88 77775 0
106 60 77868 1
108 45 77877 1
64 87 77890 0
25 85 77999 0
110 51 78050 1
61 51 78125 1
26 86 78183 0
107 43 78209 1
108 46 78210 1
108 44 78226 1
60 52 78354 1
26 88 78361 0
102 66 78492 0
109 53 78590 1
109 49 78636 1
69 82 78655 0
109 51 78656 1
85 43 78747 1
97 38 78828 1
106 43 78831 1
100 39 78866 1
98 38 78922 1
24 91 78926 0
39 95 78961 0
105 40 79031 1
57 88 79032 0
101 39 79032 1
32 94 79057 0
100 37 79060 1
106 41 79062 1
93 67 79155 0
81 76 79252 0
103 66 79266 0
98 39 79304 1
28 89 79335 0
28 108 79350 0
99 68 79357 0
46 91 79372 0
22 79 79374 0
1 33 79402 0
78 45 79433 1
109 47 79527 1
27 93 79548 0
99 39 79723 1
107 44 79727 1
25 69 79745 0
105 42 79786 1
80 76 79797 0
109 50 79798 1
108 56 79806 1
51 87 79819 0
56 86 79836 0
97 67 79870 0
22 76 79882 0
74 82 79884 0
62 85 79920 0
80 78 79927 0
95 67 79941 0
26 97 79997 0
47 100 80031 0
88 72 80072 0
63 51 80136 1
53 89 80152 0
106 42 80161 1
13 97 80164 0
85 42 80176 1
101 38 80177 1
83 43 80178 1
55 90 80253 0
94 67 80267 0
68 51 80268 1
84 76 80356 0
55 86 80361 0
36 93 80362 0
93 68 80362 0
100 38 80376 1
87 74 80380 0
105 41 80393 1
20 82 80393 0
45 94 80395 0
21 87 80400 0
64 52 80429 1
73 79 80434 0
75 47 80436 1
107 43 80436 1
105 39 80455 1
97 39 80458 1
69 81 80470 0
76 78 80573 0
38 92 80580 0
44 43 80597 0
45 89 80601 0
83 95 80638 0
85 75 80760 0
24 80 80794 0
32 95 80809 0
103 39 80874 1
14 88 80923 0
99 69 80925 0
43 60 80939 1
27 67 80946 0
98 38 80963 1
61 84 80987 0
47 59 80994 1
65 83 81013 0
48 59 81018 1
72 80 81048 0
26 94 81094 0
86 43 81111 1
76 46 81116 1
93 69 81134 0
77 77 81168 0
24 73 81201 0
109 48 81231 1
43 92 81250 0
21 96 81262 0
23 93 81265 0
31 91 81280 0
69 50 81330 1
57 54 81343 1
47 60 81351 1
82 44 81351 1
34 93 81428 0
81 44 81462 1
95 38 81463 1
68 83 81486 0
35 92 81524 0
26 82 81531 0
70 50 81532 1
40 93 81550 0
26 89 81550 0
108 44 81610 1
100 66 81625 0
87 43 81647 1
104 39 81670 1
39 94 81679 0
40 92 81701 0
97 69 81713 0
102 37 81718 1
85 74 81739 0
55 87 81763 0
79 76 81774 0
76 77 81798 0
25 87 81817 0
105 40 81822 1
99 38 81842 1
30 91 81887 0
89 71 81899 0
76 47 81900 1
25 89 81917 0
41 93 81925 0
46 59 81930 1
45 60 81970 1
101 39 81972 1
28 95 81983 0
25 85 81985 0
43 91 81990 0
65 51 82000 1
63 85 82005 0
22 75 82007 0
27 85 82012 0
83 75 82015 0
91 69 82022 0
31 94 82031 0
54 87 82032 0
28 90 82032 0
34 94 82040 0
60 85 82058 0
103 40 82065 1
102 39 82078 1
44 91 82097 0
89 42 82101 1
5 71 82116 0
40 60 82168 1
61 86 82177 0
7 76 82190 0
97 38 82195 1
29 46 82195 0
66 51 82215 1
104 40 82289 1
50 59 82296 1
100 39 82304 1
26 68 82332 0
31 92 82333 0
26 86 82339 0
104 40 82343 1
38 93 82359 0
86 74 82368 0
88 42 82372 1
65 84 82380 0
13 86 82398 0
104 40 82400 1
79 79 82420 0
85 73 82420 0
34 40 82427 0
28 89 82446 0
104 40 82455 1
59 101 82466 0
37 92 82476 0
26 50 82495 0
23 84 82499 0
104 40 82509 1
84 43 82510 1
44 92 82513 0
42 59 82538 1
84 75 82554 0
75 79 82555 0
108 45 82559 1
104 40 82569 1
106 41 82571 1
86 73 82576 0
29 92 82584 0
11 82 82585 0
37 96 82590 0
24 83 82590 0
53 90 82598 0
21 88 82619 0
104 40 82626 1
45 90 82628 0
73 80 82642 0
23 91 82679 0
23 92 82679 0
39 122 82680 0
36 40 82686 1
36 68 82686 1
11 33 82687 0
20 79 82699 0
0 0 82704 0
29 101 82704 0
22 84 82704 0
26 78 82719 0
26 88 82719 0
88 43 82723 1
104 40 82738 1
107 42 82758 1
34 92 82781 0
33 93 82788 0
104 40 82803 1
27 89 82851 0
104 40 82860 1
87 42 82868 1
27 69 82880 0
39 59 82910 1
104 40 82918 1
109 46 82923 1
25 78 82926 0
25 71 82944 0
104 40 82985 1
101 66 82994 0
66 84 83033 0
24 48 83036 0
59 85 83039 0
104 40 83055 1
73 48 83082 1
104 40 83125 1
25 84 83138 0
33 92 83138 0
29 89 83139 0
104 40 83206 1
32 92 83216 0
42 60 83217 1
33 62 83232 1
98 38 83243 1
24 88 83263 0
104 40 83287 1
109 51 83309 1
96 38 83313 1
69 51 83342 1
104 40 83356 1
56 86 83375 0
23 86 83416 0
51 86 83430 0
104 40 83442 1
26 84 83527 0
104 40 83531 1
57 55 83534 1
19 81 83548 0
109 49 83551 1
1 26 83569 0
74 80 83585 0
48 89 83589 0
108 43 83603 1
61 52 83622 1
104 40 83645 1
92 68 83648 0
31 93 83683 0
106 40 83685 1
57 87 83686 0
30 94 83714 0
24 85 83770 0
104 40 83777 1
87 73 83795 0
49 89 83805 0
59 89 83863 0
77 46 83869 1
119 84 83938 0
104 40 83940 1
56 87 83980 0
45 59 84025 1
25 86 84033 0
26 92 84045 0
20 97 84065 0
75 46 84066 1
53 88 84084 0
69 84 84089 0
46 89 84093 0
26 90 84100 0
69 83 84105 0
57 86 84106 0
25 49 84128 0
104 40 84137 1
24 80 84143 0
109 52 84188 1
25 93 84212 0
107 44 84249 1
109 50 84288 1
62 51 84302 1
102 38 84323 1
37 60 84337 1
54 88 84356 0
50 88 84415 0
104 40 84417 1
58 54 84429 1
24 75 84476 0
27 90 84477 0
29 91 84487 0
49 60 84572 1
9 63 84591 0
42 43 84621 1
42 91 84621 0
90 71 84636 0
67 51 84642 1
100 66 84650 0
24 90 84659 0
57 44 84691 0
95 67 84731 0
50 58 84790 1
31 91 84808 0
70 81 84820 0
28 89 84836 0
104 40 84855 1
48 60 84870 1
93 67 84891 0
24 94 84896 0
28 67 84897 0
40 59 84901 1
74 46 84904 1
59 86 84928 0
85 43 84929 1
29 19 84963 0
34 93 85023 0
95 39 85037 1
78 77 85045 0
21 84 85047 0
33 94 85049 0
47 89 85106 0
48 88 85143 0
35 93 85150 0
56 90 85164 0
67 83 85168 0
25 85 85183 0
101 38 85205 1
24 78 85289 0
79 45 85391 1
30 91 85410 0
51 58 85439 1
78 46 85473 1
109 48 85500 1
30 96 85513 0
104 40 85566 1
92 40 85608 1
26 71 85617 0
56 89 85643 0
61 84 85669 0
103 65 85673 0
31 96 85719 0
55 55 85765 1
93 39 85776 1
83 44 85781 1
55 86 85788 0
26 86 85798 0
103 39 85798 1
74 14 85812 0
41 60 85813 1
94 67 85985 0
47 59 85988 1
49 59 86008 1
43 59 86031 1
36 93 86187 0
26 84 86217 0
86 43 86295 1
25 99 86381 0
109 53 86494 1
33 61 86500 1
53 56 86502 1
34 61 86598 1
100 38 86603 1
68 51 86606 1
25 78 86797 0
47 60 86798 1
26 82 86885 0
69 82 86907 0
87 43 86996 1
41 59 87146 1
62 52 87150 1
99 39 87166 1
32 62 87292 1
104 40 87302 1
33 60 87384 1
110 50 87385 1
94 34 87401 1
68 41 87485 1
98 39 87596 1
108 44 87612 1
101 39 87655 1
44 59 87670 1
107 57 87709 1
59 85 87795 0
100 66 87845 0
27 85 87889 0
109 47 87936 1
34 63 87997 1
99 38 88005 1
98 38 88058 1
26 88 88101 0
74 14 88133 0
38 92 88166 0
41 57 88200 1
72 47 88269 1
56 90 88332 1
73 46 88339 1
73 47 88428 1
35 92 88434 0
97 35 88528 1
56 86 88559 0
53 86 88570 0
105 62 88614 1
76 46 88637 1
52 57 88652 1
34 92 88666 0
37 94 88670 0
93 40 88688 1
48 59 88706 1
39 60 88712 1
104 39 88723 1
106 60 88753 1
36 60 88827 1
25 75 88837 0
71 47 88839 1
66 50 88842 1
95 38 88876 1
102 39 89002 1
31 63 89004 1
45 59 89009 1
43 60 89143 1
69 81 89171 0
35 93 89186 0
25 90 89360 0
91 40 89489 1
46 59 89517 1
75 47 89572 1
97 38 89711 1
108 46 89745 1
53 87 89817 0
29 89 89852 0
105 40 89855 1
96 67 89922 0
24 78 89932 0
24 80 89963 0
108 55 90005 1
107 41 90045 1
85 42 90045 1
64 51 90188 1
66 51 90286 1
32 92 90304 0
93 38 90315 1
63 51 90358 1
36 61 90411 1
45 60 90478 1
106 41 90516 1
31 92 90546 0
108 45 90595 1
37 97 90624 0
94 38 90751 1
11 28 90838 1
76 119 90853 1
65 51 90948 1
42 59 91004 1
109 55 91062 1
53 55 91140 1
109 54 91262 1
51 57 91303 1
33 92 91321 0
74 47 91364 1
38 59 91379 1
95 36 91381 1
39 59 91382 1
65 49 91486 1
38 8 91552 1
82 43 91563 1
104 40 91608 1
25 79 91645 0
121 98 91657 1
32 63 91676 1
63 50 91688 1
50 87 91702 0
43 57 91749 1
100 66 91759 0
109 45 91845 1
97 39 91868 1
37 93 91892 0
80 45 91930 1
54 56 91935 1
25 75 92129 0
52 87 92184 0
109 51 92280 1
25 85 92464 0
61 53 92469 1
28 89 92488 0
71 49 92524 1
34 93 92602 0
107 42 93034 1
27 87 93093 0
64 52 93095 1
94 39 93095 1
42 93 93165 0
17 85 93189 0
100 39 93209 1
20 89 93303 0
108 57 93335 1
53 86 93387 0
96 38 93575 1
109 49 93625 1
49 88 94013 0
64 50 94022 1
23 74 94143 0
37 7 94261 0
26 87 94364 0
107 43 94511 1
67 50 94578 1
75 78 94798 0
25 76 94815 0
14 97 94818 0
24 78 94836 0
109 50 94945 1
63 52 94996 1
24 80 95044 0
20 84 95109 0
25 79 95112 0
61 85 95121 0
64 87 95132 0
32 95 95166 0
25 77 95257 0
35 93 95266 0
37 60 95272 1
25 84 95336 0
42 92 95545 0
38 93 95612 0
74 78 95752 0
25 80 95757 0
37 92 95833 0
28 90 95860 0
109 46 95909 1
25 70 95968 0
25 75 96312 0
39 93 96333 0
26 84 96336 0
26 86 96407 0
109 52 96432 1
34 53 96464 1
27 87 96543 0
106 61 96554 1
108 56 96576 1
65 83 96667 0
37 93 96767 0
35 61 96821 1
67 83 96823 0
53 87 97051 0
30 90 97061 0
101 65 97071 0
103 39 97195 1
40 60 97395 1
79 36 97397 1
67 51 97709 1
107 59 97711 1
40 92 97761 0
41 91 97763 0
83 43 97788 1
36 94 97796 0
28 91 97822 0
34 60 97920 1
49 58 97981 1
58 53 97995 1
30 62 97998 1
32 91 98002 0
75 46 98002 1
31 53 98160 1
25 76 98185 0
59 85 98249 0
53 88 98256 0
51 87 98263 0
25 77 98293 0
50 87 98294 0
100 66 98379 0
24 81 98497 0
65 50 98539 1
25 80 98572 0
38 60 98641 1
25 79 98746 0
45 89 98890 0
42 60 98923 1
26 87 98932 0
53 58 98953 1
37 59 99045 1
97 35 99454 1
106 40 99476 1
46 92 99487 0
43 59 99568 1
52 87 99583 0
24 79 99588 0
99 38 99668 1
31 91 99725 0
80 76 99911 0
56 54 100218 1
30 90 100313 0
24 78 100346 0
100 38 100484 1
70 82 100524 0
23 85 100850 0
110 49 100879 1
24 73 101145 0
27 87 101180 0
27 86 101235 0
57 85 101359 0
95 67 101456 0
103 38 101460 1
77 46 101497 1
109 48 101539 1
53 86 101560 0
30 93 101696 0
99 67 101824 0
84 43 101827 1
40 59 101877 1
24 80 101917 0
35 62 101917 1
37 93 102159 0
101 65 102320 0
50 88 102530 0
32 91 102606 0
25 80 102625 0
90 41 102967 1
26 88 103042 0
24 87 103055 0
87 42 103153 1
64 48 103750 1
88 42 103899 1
26 87 103907 0
80 44 103952 1
37 7 104051 1
98 38 104272 1
25 77 104338 0
13 96 104431 0
63 86 104736 0
32 0 104852 0
110 54 105095 1
98 67 105341 0
27 86 105541 0
54 55 105541 1
25 75 105579 0
84 42 105638 1
53 57 105683 1
99 66 105759 0
24 79 105783 0
32 93 105890 0
36 94 105979 0
44 59 106058 1
47 59 106090 1
60 84 106222 0
86 42 106222 1
35 60 106357 1
82 75 106377 0
119 84 106417 1
103 40 106495 1
97 66 106542 0
77 45 106625 1
30 90 106678 0
29 62 106697 1
115 59 106707 1
79 45 106754 1
61 51 106883 1
60 53 106928 1
36 59 107159 1
41 59 107298 1
74 14 107394 1
89 42 107491 1
68 41 107500 1
25 76 107761 0
60 51 107953 1
56 90 108214 0
105 39 108313 1
58 54 108487 1
46 59 108765 1
86 43 109158 1
78 45 109214 1
109 47 109262 1
23 74 109283 0
25 78 109702 0
98 66 109747 1
26 69 109785 1
24 82 109927 0
39 98 109996 0
25 71 110404 0
63 84 110468 0
99 66 110495 0
25 80 110593 0
26 87 110626 0
30 91 110844 0
24 78 110881 0
97 66 111047 0
61 88 111106 0
15 93 111116 0
24 80 111127 0
28 102 111286 0
53 87 111347 0
79 77 111378 0
108 43 111430 1
85 43 111774 1
66 85 111805 0
107 5 111981 0
45 58 111995 1
82 75 112002 0
102 38 112091 1
26 82 112105 0
29 91 112234 0
24 79 112301 0
22 78 112475 0
59 53 112540 1
36 62 112602 1
97 35 112603 1
106 62 112704 1
27 86 112723 0
27 89 112767 0
5 91 112820 0
60 84 112858 0
23 90 112872 0
22 96 112898 0
13 80 112912 0
7 52 113023 0
99 67 113202 0
32 93 113251 0
24 74 113254 0
19 104 113295 0
29 89 113542 0
29 90 113551 0
55 56 113589 1
40 93 114164 0
35 93 114215 0
35 94 114803 0
22 82 114810 0
28 96 115050 0
22 92 115097 0
95 39 115214 1
99 66 115228 0
35 101 115266 0
22 90 115313 0
11 93 115317 0
47 99 115361 0
53 98 115370 0
72 80 115374 0
26 72 115405 0
82 77 115645 0
15 92 115711 0
63 84 115796 0
72 82 116185 0
5 15 116197 0
21 81 116198 0
25 79 116259 0
25 82 116263 0
56 58 116523 1
87 43 116574 1
24 106 116681 0
27 68 116899 0
36 94 116977 0
56 86 117228 0
35 106 117284 0
101 38 117543 1
58 86 117712 0
104 76 117712 0
104 39 117712 1
108 44 117788 1
63 83 117894 0
105 40 118086 1
109 53 118712 1
109 45 118776 1
82 75 118891 0
107 42 118978 1
97 38 118979 1
106 41 118986 1
29 90 119181 0
63 39 119295 1
109 48 119301 1
109 51 119396 1
24 80 119447 0
104 38 119458 1
26 83 119484 0
107 58 119554 1
73 79 119606 0
43 58 119669 1
97 66 119670 0
57 44 119672 1
109 46 119719 1
62 84 119856 0
101 65 119940 0
109 44 120037 1
109 49 120045 1
85 73 120234 0
110 48 120274 1
76 46 120355 1
108 44 120374 1
62 51 120406 1
85 74 120463 0
56 90 120483 1
105 40 120547 1
105 39 120564 1
69 50 120594 1
99 66 120639 0
69 82 120648 0
106 40 120659 1
108 42 120674 1
103 39 120681 1
107 40 120757 1
108 43 120780 1
82 44 120790 1
102 66 120796 0
24 79 120810 0
69 51 120831 1
98 38 120835 1
93 67 120861 0
74 46 120862 1
81 44 120882 1
102 38 120947 1
95 66 120982 0
68 51 121005 1
61 84 121018 0
68 50 121024 1
79 76 121038 0
109 50 121106 1
107 41 121122 1
8 37 121129 1
100 66 121146 0
101 38 121149 1
100 38 121185 1
57 54 121211 1
55 55 121220 1
99 38 121271 1
66 51 121307 1
109 45 121351 1
45 59 121379 1
95 38 121409 1
25 82 121427 0
32 93 121436 0
107 43 121452 1
83 75 121460 0
48 59 121505 1
49 59 121508 1
96 38 121542 1
42 58 121591 1
101 39 121597 1
104 39 121611 1
110 47 121617 1
108 41 121634 1
76 77 121720 0
85 42 121727 1
110 46 121820 1
32 92 121842 0
63 84 121923 0
26 76 121958 0
103 38 121980 1
109 52 122017 1
28 89 122039 0
55 86 122045 0
46 93 122045 0
46 88 122046 0
27 85 122075 0
42 59 122094 1
34 92 122136 0
109 47 122168 1
109 46 122202 1
38 92 122211 0
109 48 122224 1
109 56 122251 1
93 39 122253 1
33 62 122265 1
107 44 122297 1
47 58 122328 1
110 52 122332 1
108 58 122334 1
33 92 122341 0
91 41 122353 1
50 58 122378 1
55 54 122410 1
35 92 122442 0
80 103 122503 1
32 91 122553 0
52 87 122559 0
44 58 122603 1
48 58 122615 1
75 79 122672 0
107 42 122680 1
37 92 122700 0
68 41 122743 1
109 53 122791 1
48 88 122799 0
82 42 122802 1
66 50 122912 1
87 42 122947 1
97 38 123002 1
109 54 123002 1
63 51 123028 1
104 40 123081 1
43 59 123088 1
87 43 123090 1
45 90 123111 0
26 84 123166 0
106 41 123249 1
108 48 123278 1
25 77 123309 0
26 85 123382 0
26 71 123439 0
30 90 123441 0
86 43 123485 1
70 82 123532 0
50 87 123536 0
65 51 123542 1
81 43 123605 1
94 38 123641 1
88 42 123653 1
47 59 123672 1
110 50 123728 1
39 92 123740 0
85 43 123743 1
39 59 123744 1
46 89 123764 0
25 78 123767 0
27 87 123796 0
26 87 123912 0
65 83 123936 0
61 52 123949 1
103 64 123980 0
51 86 124007 0
57 55 124037 1
39 98 124038 0
76 78 124069 0
75 47 124107 1
109 43 124160 1
108 44 124171 1
64 51 124194 1
110 41 124202 1
25 76 124217 0
65 84 124265 0
29 89 124271 0
94 67 124291 0
31 91 124296 0
26 83 124343 0
27 86 124366 0
111 56 124424 1
67 51 124432 1
104 65 124501 0
25 75 124525 0
83 44 124537 1
60 84 124548 0
92 40 124565 1
45 59 124576 1
26 82 124591 0
63 83 124692 0
26 68 124692 0
60 85 124786 0
106 40 124787 1
31 92 124880 0
75 46 124899 1
62 84 124903 0
34 61 124923 1
60 52 124942 1
70 50 124942 1
24 98 124953 0
69 50 124975 1
36 93 124978 0
98 38 125023 1
25 80 125052 0
109 55 125068 1
26 86 125118 0
82 75 125125 0
105 39 125127 1
108 43 125129 1
109 51 125161 1
51 58 125182 1
65 50 125185 1
57 85 125216 0
46 58 125232 1
40 92 125233 0
67 50 125265 1
29 90 125412 0
95 66 125425 0
83 42 125466 1
26 70 125483 0
97 66 125486 0
105 40 125523 1
34 92 125625 0
27 85 125675 0
41 58 125718 1
102 38 125800 1
47 60 125800 1
22 104 125883 0
40 59 125908 1
37 92 125969 0
101 66 126009 0
77 46 126023 1
35 96 126026 0
106 36 126027 1
26 95 126044 0
41 59 126062 1
25 82 126081 0
110 51 126095 1
38 93 126171 0
47 89 126336 0
33 93 126443 0
104 38 126467 1
25 79 126480 0
32 92 126535 0
96 66 126550 0
83 30 126600 1
38 59 126636 1
62 52 126765 1
27 69 126811 0
27 88 126858 0
101 38 126864 1
89 42 126900 1
54 87 126932 0
106 39 126983 1
70 49 127127 1
33 92 127133 0
36 60 127161 1
49 86 127190 0
71 81 127283 0
43 59 127293 1
32 91 127364 0
18 85 127425 0
34 93 127450 0
23 74 127514 0
28 89 127537 0
97 37 127545 1
49 59 127546 1
30 91 127574 0
44 96 127578 0
25 84 127641 0
107 41 127726 1
92 39 127762 1
45 89 127807 0
104 39 127829 1
55 87 127859 0
25 69 127887 0
77 77 127910 0
26 76 127936 0
25 86 127959 0
105 38 128048 1
67 44 128145 1
26 85 128189 0
46 59 128313 1
75 78 128358 0
28 68 128383 0
65 85 128427 0
108 42 128436 1
34 62 128499 1
38 92 128509 0
35 92 128534 0
26 72 128633 0
39 92 128673 0
99 66 128730 0
25 85 128826 0
25 78 128830 0
63 84 128841 0
53 86 128861 0
83 43 128881 1
32 95 128902 0
108 56 128920 1
37 60 129059 1
100 38 129095 1
26 84 129126 0
86 42 129130 1
109 48 129176 1
76 46 129199 1
25 77 129218 0
49 87 129308 0
26 83 129379 0
62 50 129487 1
95 37 129601 1
26 67 129619 0
67 83 129624 0
68 49 129629 1
42 91 129690 0
59 52 129769 1
25 83 129852 0
99 67 129861 0
35 91 129898 0
36 61 129963 1
33 61 130074 1
107 42 130142 1
99 38 130153 1
24 80 130215 0
26 81 130261 0
68 50 130270 1
31 64 130357 1
33 97 130554 0
26 82 130563 0
101 65 130588 0
69 81 130593 0
29 89 130636 0
96 66 130695 0
30 92 130706 0
49 91 130753 0
30 88 130763 0
38 97 130783 0
106 60 130806 1
109 47 130807 1
42 59 130871 1
56 85 130939 0
62 84 130953 0
30 90 130962 0
79 44 130985 1
109 46 131262 1
25 68 131273 0
95 38 131316 1
103 38 131411 1
31 62 131581 1
25 71 131641 0
62 51 131746 1
110 49 131801 1
68 41 131978 1
25 75 131980 0
24 77 131993 0
96 37 132057 1
41 92 132068 0
109 44 132175 1
100 37 132184 1
66 50 132306 1
28 88 132307 0
86 73 132310 0
25 76 132318 0
55 101 132329 0
77 45 132376 1
95 66 132381 0
25 82 132425 0
35 61 132487 1
27 88 132576 0
25 80 132582 0
108 43 132590 1
73 79 132668 0
49 58 132732 1
59 85 132779 0
103 65 132790 0
29 90 132852 0
107 40 132858 1
99 37 132888 1
32 64 132888 1
106 40 132946 1
68 51 133005 1
85 42 133090 1
107 60 133158 1
87 42 133170 1
69 49 133210 1
90 40 133241 1
98 66 133300 0
61 84 133305 0
97 38 133309 1
84 42 133345 1
26 89 133349 0
68 83 133363 0
57 53 133451 1
23 77 133514 0
105 39 133539 1
26 70 133541 0
21 82 133550 0
101 37 133562 1
27 86 133620 0
74 78 133628 0
110 48 133735 1
64 50 133855 1
88 72 133903 0
45 59 133914 1
102 38 133918 1
109 45 133925 1
109 53 133941 1
98 37 134012 1
43 90 134050 0
82 75 134051 0
109 50 134122 1
78 45 134208 1
31 91 134219 0
108 44 134253 1
101 38 134258 1
88 42 134280 1
107 41 134281 1
26 85 134305 0
104 38 134336 1
26 81 134342 0
29 94 134373 0
32 93 134448 0
49 88 134532 0
22 80 134586 0
21 83 134600 0
41 91 134608 0
99 65 134637 0
47 59 134642 1
48 59 134665 1
82 43 134710 1
64 87 134735 0
109 46 134736 1
63 83 134745 0
110 53 134810 1
110 50 134859 1
24 75 134901 0
56 86 134942 0
26 71 134948 0
96 66 134960 0
90 70 134966 0
32 61 134998 1
85 73 135014 0
77 78 135034 0
57 86 135040 0
24 80 135044 0
56 54 135084 1
47 58 135095 1
40 58 135100 1
38 58 135102 1
108 42 135135 1
80 44 135145 1
42 58 135223 1
98 38 135283 1
43 91 135296 0
51 88 135403 0
46 90 135450 0
50 58 135462 1
48 58 135525 1
76 45 135527 1
27 87 135530 0
63 50 135555 1
107 59 135620 1
44 58 135666 1
79 45 135699 1
25 83 135743 0
28 90 135750 0
85 74 135764 0
55 86 135764 0
97 66 135779 0
10 87 135783 0
65 83 135807 0
70 81 135839 0
103 64 135840 0
96 38 135841 1
62 85 135851 0
37 92 135888 0
27 82 135911 0
103 38 135931 1
35 91 135956 0
45 58 135974 1
102 37 136011 1
89 71 136022 0
48 88 136104 0
75 46 136114 1
56 85 136129 0
43 58 136136 1
46 89 136210 0
24 69 136214 0
34 92 136221 0
108 41 136222 1
59 90 136263 0
28 86 136271 0
101 90 136278 0
50 87 136284 0
107 58 136307 1
26 76 136341 0
87 71 136359 0
27 67 136361 0
85 43 136387 1
101 65 136416 0
69 50 136445 1
39 92 136450 0
41 93 136455 0
27 85 136461 0
25 87 136475 0
77 76 136531 0
51 87 136546 0
32 92 136560 0
110 47 136677 1
52 57 136688 1
46 58 136856 1
106 61 136897 1
57 54 136928 1
75 45 136929 1
39 59 136971 1
60 84 137003 0
81 44 137020 1
28 88 137035 0
107 39 137100 1
32 91 137190 0
26 82 137212 0
67 50 137249 1
29 92 137261 0
103 37 137296 1
53 87 137303 0
26 83 137457 0
43 59 137462 1
78 44 137553 1
25 79 137561 0
90 41 137586 1
58 53 137676 1
40 92 137709 0
27 66 137795 0
99 65 137802 0
29 91 137821 0
108 43 137844 1
26 81 137890 0
102 65 137894 0
51 86 137916 0
38 92 137972 0
44 59 137975 1
74 46 137998 1
50 88 138031 0
64 85 138036 0
24 79 138038 0
17 86 138039 0
34 97 138049 0
74 47 138074 1
13 76 138098 0
27 91 138132 0
89 41 138157 1
98 66 138163 0
40 59 138222 1
109 54 138241 1
33 92 138246 0
95 66 138284 0
52 86 138290 0
46 88 138308 0
35 59 138376 1
30 92 138424 0
93 68 138529 0
27 88 138603 0
37 58 138605 1
26 84 138641 0
41 59 138727 1
83 75 138743 0
65 50 138750 1
88 41 138787 1
106 39 138917 1
58 54 138965 1
52 56 139107 1
25 72 139117 0
28 86 139269 0
72 80 139333 0
29 86 139336 0
87 43 139387 1
30 88 139394 0
86 41 139405 1
89 42 139407 1
85 41 139427 1
26 88 139500 0
55 55 139544 1
41 58 139585 1
39 98 139629 0
105 39 139648 1
29 89 139673 0
37 92 139683 0
109 43 139744 1
106 40 139744 1
35 60 139787 1
94 38 139787 1
64 84 139832 0
96 66 139921 0
37 59 139925 1
30 90 139931 0
26 72 140065 0
49 87 140165 0
24 77 140206 0
34 59 140255 1
63 51 140312 1
110 46 140348 1
110 49 140437 1
36 94 140564 0
101 67 140667 0
57 85 140669 0
100 37 140724 1
108 40 140726 1
42 58 140842 1
25 75 140868 0
87 41 140935 1
110 51 140951 1
86 1 140987 1
62 84 141059 0
55 84 141079 0
109 44 141168 1
41 92 141176 0
41 90 141258 0
44 93 141385 0
26 70 141432 0
42 92 141439 0
27 68 141476 0
23 79 141521 0
66 84 141578 0
28 88 141595 0
102 38 141630 1
24 83 141657 0
34 60 141717 1
25 77 141810 0
37 93 141826 0
66 50 141830 1
18 88 141853 0
97 37 141864 1
68 50 141919 1
53 56 141923 1
106 38 142007 1
94 37 142021 1
87 42 142068 1
77 44 142085 1
109 42 142088 1
36 58 142099 1
38 59 142269 1
32 62 142383 1
25 73 142388 0
25 82 142435 0
26 85 142443 0
98 66 142461 0
82 44 142485 1
27 89 142555 0
56 85 142590 0
76 77 142597 0
28 86 142748 0
25 83 142754 0
31 91 142859 0
97 35 142866 1
26 71 142870 0
108 55 142989 1
104 38 143169 1
45 59 143264 1
52 86 143379 0
25 81 143397 0
107 41 143423 1
35 91 143451 0
56 87 143524 0
107 42 143557 1
103 38 143578 1
27 86 143664 0
23 81 143716 0
23 83 143718 0
99 66 143773 0
25 76 143778 0
32 60 143836 1
102 65 144026 0
58 47 144032 1
29 88 144084 0
110 48 144194 1
26 81 144345 0
99 65 144413 0
36 92 144448 0
36 95 144517 0
30 61 144534 1
27 84 144620 0
26 76 144959 0
31 95 144970 0
49 58 144982 1
24 80 145032 0
54 56 145049 1
32 94 145152 0
107 43 145158 1
100 66 145195 0
105 40 145210 1
78 77 145217 0
107 57 145237 1
28 89 145293 0
25 88 145310 0
76 46 145320 1
95 38 145320 1
35 92 145416 0
24 72 145434 0
77 45 145436 1
107 40 145476 1
108 42 145488 1
46 58 145532 1
110 52 145630 1
63 84 145664 0
16 103 145667 0
26 104 145672 0
36 93 145685 0
27 82 145709 0
29 90 145753 0
86 42 145771 1
51 57 145925 1
52 88 146017 0
17 77 146043 0
67 84 146086 0
25 72 146200 0
48 58 146242 1
104 37 146249 1
39 91 146343 0
42 90 146516 0
30 92 146538 0
101 38 146602 1
63 83 146814 0
64 84 146874 0
27 88 146951 0
82 75 147034 0
21 77 147052 0
76 78 147247 0
25 73 147405 0
101 37 147485 1
110 50 147544 1
99 124 147551 1
33 60 147567 1
108 59 147595 1
87 40 147823 1
112 43 147911 1
98 66 147994 0
88 40 148063 1
72 44 148104 1
29 88 148123 0
40 58 148216 1
109 45 148230 1
47 59 148244 1
106 37 148454 1
27 84 148648 0
27 69 149175 0
82 74 149186 0
87 73 149292 0
24 77 149311 0
73 48 149323 1
39 92 149329 0
25 81 149345 0
36 92 149355 0
28 69 149694 0
109 51 149865 1
69 51 149899 1
28 86 149956 0
97 38 150055 1
35 90 150190 0
26 82 150244 0
45 58 150412 1
71 82 150513 0
79 76 150524 0
19 80 150525 0
28 88 150537 0
25 78 150652 0
95 68 150652 0
52 86 150666 0
105 38 150712 1
42 59 150911 1
55 54 150925 1
47 58 150971 1
20 85 151199 0
77 46 151246 1
19 83 151265 0
98 37 151333 1
59 53 151336 1
99 37 151345 1
74 36 151365 1
25 80 151373 0
58 52 151375 1
104 65 151596 0
85 42 151684 1
27 95 151749 0
59 88 151830 0
39 91 151974 0
66 42 152066 1
59 84 152098 0
109 46 152113 1
43 100 152256 0
70 80 152309 0
20 91 152405 0
25 97 152491 0
26 68 152511 0
25 70 152530 0
86 74 152664 0
111 39 152694 1
24 80 152722 0
27 65 152778 0
51 58 153151 1
102 65 153219 0
25 73 153282 0
34 94 153342 0
71 49 153498 1
88 42 153511 1
11 95 153555 0
45 89 153738 0
26 86 153740 0
31 61 153847 1
29 88 154029 0
82 74 154231 0
83 42 154314 1
110 47 154411 1
27 72 154452 0
36 60 154480 1
41 92 154503 0
73 80 154620 0
25 72 154641 0
34 53 154662 1
29 94 154860 0
67 50 154946 1
57 84 154962 0
64 84 154985 0
64 50 154985 1
70 49 155052 1
27 87 155498 0
109 55 155615 1
38 95 155949 0
53 86 156186 0
52 87 156323 0
36 92 156334 0
26 87 156373 0
43 55 156473 1
52 55 156785 1
64 84 157130 0
73 47 157136 1
60 86 157152 0
72 48 157217 1
38 101 157505 0
97 67 157521 0
43 59 157593 1
98 66 157655 0
52 91 157656 0
29 100 157900 0
25 81 158241 0
25 83 158337 0
108 41 158406 1
109 53 158529 1
93 67 158578 0
93 38 158634 1
54 55 158712 1
105 39 158751 1
96 37 158877 1
35 97 159084 0
99 65 159136 0
109 45 159213 1
110 49 159264 1
110 48 159289 1
43 58 159349 1
106 39 159399 1
109 44 159414 1
110 46 159437 1
101 65 159475 0
91 40 159496 1
74 45 159506 1
100 37 159588 1
84 42 159719 1
92 68 159783 0
102 37 159806 1
109 43 159817 1
96 66 159826 0
107 40 159828 1
36 59 159845 1
85 73 159879 0
69 50 159887 1
110 51 159922 1
108 42 159985 1
104 38 160021 1
49 86 160065 0
110 50 160268 1
75 78 160290 0
95 66 160328 0
27 97 160343 0
111 42 160464 1
107 39 160547 1
56 90 160569 0
65 83 160726 0
110 47 160771 1
61 84 160787 0
97 37 160790 1
50 58 160791 1
90 69 160801 0
62 87 160834 0
42 93 160860 0
76 45 160879 1
83 43 160888 1
103 38 160994 1
108 41 160997 1
87 42 161042 1
44 58 161077 1
101 37 161082 1
69 49 161097 1
72 79 161118 0
67 49 161126 1
27 83 161177 0
65 50 161197 1
50 57 161201 1
68 49 161205 1
5 45 161221 1
110 54 161256 1
86 73 161303 0
69 81 161306 0
34 92 161397 0
54 89 161403 0
103 64 161419 0
39 98 161421 0
22 83 161434 0
22 85 161437 0
82 74 161488 0
27 85 161519 0
111 51 161548 1
60 84 161549 0
30 92 161576 0
29 86 161640 0
74 78 161654 0
24 86 161657 0
21 94 161665 0
43 90 161677 0
89 42 161695 1
105 38 161714 1
30 91 161766 0
69 82 161783 0
66 49 161800 1
103 37 161821 1
26 83 161889 0
38 92 161896 0
30 88 161898 0
25 73 161941 0
80 44 162018 1
102 37 162023 1
65 49 162023 1
40 59 162044 1
29 89 162045 0
40 92 162086 0
110 53 162130 1
100 37 162166 1
18 80 162193 0
92 40 162204 1
53 57 162205 1
40 93 162231 0
37 92 162241 0
26 76 162246 0
95 37 162260 1
110 46 162285 1
42 58 162291 1
62 50 162297 1
84 41 162304 1
97 35 162366 1
35 91 162370 0
63 50 162384 1
66 50 162405 1
96 37 162457 1
59 84 162483 0
33 92 162487 0
73 79 162500 0
93 39 162509 1
99 37 162556 1
75 46 162561 1
26 69 162598 0
77 76 162624 0
41 91 162627 0
77 45 162635 1
79 44 162663 1
37 60 162700 1
32 91 162832 0
26 81 162838 0
107 40 162839 1
31 92 162847 0
50 87 162849 0
33 89 162862 0
49 59 162892 1
48 88 162894 0
55 84 162895 0
63 49 162970 1
39 91 163015 0
39 59 163041 1
111 50 163050 1
108 43 163101 1
110 48 163123 1
41 59 163146 1
61 51 163146 1
81 44 163151 1
18 87 163198 0
64 49 163224 1
26 72 163241 0
61 41 163241 1
61 52 163241 1
105 39 163260 1
28 65 163293 0
56 54 163306 1
41 58 163309 1
60 52 163338 1
46 58 163354 1
24 80 163391 0
27 82 163427 0
26 82 163449 0
47 58 163454 1
34 61 163461 1
107 38 163461 1
48 58 163567 1
64 87 163572 0
42 91 163618 0
28 68 163628 0
106 38 163655 1
27 79 163694 0
88 73 163768 0
109 43 163768 1
109 45 163774 1
68 50 163788 1
29 65 163801 0
111 44 163826 1
49 58 163871 1
56 85 163904 0
81 43 163920 1
98 37 163944 1
51 86 163999 0
29 88 164006 0
42 90 164042 0
75 45 164127 1
26 71 164187 0
62 51 164222 1
102 36 164271 1
107 41 164316 1
69 50 164343 1
109 54 164381 1
28 86 164415 0
28 67 164419 0
107 59 164424 1
76 77 164439 0
28 97 164457 0
27 83 164469 0
36 92 164551 0
49 87 164580 0
26 76 164589 0
109 46 164608 1
104 38 164662 1
43 58 164668 1
40 58 164685 1
61 83 164717 0
45 58 164755 1
35 90 164827 0
30 90 164852 0
110 47 164965 1
27 84 164967 0
49 57 164993 1
108 42 165028 1
35 92 165030 0
31 91 165038 0
93 40 165038 1
108 41 165042 1
82 43 165055 1
109 42 165131 1
44 58 165148 1
29 86 165155 0
96 68 165167 0
26 84 165210 0
37 92 165221 0
63 83 165229 0
88 42 165230 1
57 54 165236 1
89 41 165332 1
86 41 165380 1
41 90 165386 0
99 65 165391 0
102 38 165419 1
39 58 165440 1
109 56 165465 1
46 88 165497 0
23 98 165516 0
38 58 165539 1
105 37 165585 1
26 70 165598 0
42 58 165685 1
67 83 165694 0
101 37 165762 1
77 77 165770 0
107 58 165791 1
107 39 165811 1
110 52 165843 1
52 86 165859 0
35 61 165884 1
73 46 165899 1
110 50 165950 1
30 88 165955 0
75 38 165990 1
57 53 165996 1
68 82 166120 0
68 49 166171 1
56 53 166209 1
100 37 166428 1
110 51 166531 1
58 53 166561 1
91 38 166563 1
82 42 166571 1
85 42 166635 1
117 62 166681 1
61 50 166705 1
27 86 166902 0
28 81 166958 0
88 41 166990 1
35 58 166999 1
28 92 167008 0
27 69 167031 0
105 38 167035 1
90 41 167055 1
68 81 167148 0
102 37 167196 1
43 59 167215 1
27 88 167234 0
58 54 167300 1
97 37 167324 1
57 84 167596 0
69 49 167605 1
33 62 167641 1
104 37 167649 1
24 80 167655 0
27 85 167761 0
25 74 167788 0
25 90 167791 0
38 94 167806 0
39 92 167819 0
87 42 167826 1
35 91 167862 0
46 58 167924 1
110 44 167932 1
66 82 167937 0
94 38 167955 1
25 67 167956 0
25 77 167983 0
27 83 167988 0
35 93 168008 0
38 57 168152 1
101 36 168175 1
15 75 168238 0
28 99 168271 0
27 72 168298 0
108 39 168301 1
97 36 168441 1
24 78 168468 0
62 82 168530 0
57 85 168566 0
24 76 168573 0
72 79 168612 0
25 72 168624 0
18 79 168628 0
80 76 168629 0
25 79 168655 0
70 49 168664 1
110 49 168665 1
45 59 168720 1
102 65 168768 0
26 85 168775 0
38 59 168784 1
21 85 168788 0
11 107 168789 0
33 61 168822 1
31 93 168939 0
39 93 169006 0
25 96 169049 0
75 81 169059 0
27 90 169070 0
94 67 169074 0
56 86 169099 0
27 68 169129 0
107 60 169147 1
27 79 169166 0
46 89 169185 0
67 49 169195 1
15 87 169267 0
109 48 169270 1
19 79 169377 0
25 75 169413 0
85 73 169424 0
109 44 169699 1
109 41 169761 1
49 90 169765 0
36 91 169861 0
95 38 169874 1
51 57 169932 1
100 65 169982 0
47 58 170206 1
42 23 170257 1
108 40 170286 1
78 44 170292 1
68 38 170298 1
27 82 170313 0
99 37 170331 1
104 64 170470 0
54 86 170475 0
26 82 170622 0
85 41 170734 1
61 83 170749 0
41 58 170839 1
81 42 171015 1
37 59 171128 1
64 50 171180 1
48 58 171185 1
113 55 171278 1
67 50 171299 1
66 49 171321 1
28 88 171453 0
91 41 171571 1
21 79 171640 0
84 75 171655 0
82 74 171658 0
65 50 171704 1
108 56 171746 1
30 87 171871 0
52 57 171914 1
17 85 171967 0
99 36 171976 1
35 98 171995 0
67 91 172001 0
95 66 172022 0
19 97 172061 0
35 95 172134 0
26 81 172188 0
24 80 172192 0
26 72 172209 0
24 77 172218 0
55 86 172230 0
66 89 172283 0
26 76 172328 0
29 89 172335 0
43 92 172360 0
10 79 172367 0
19 71 172513 0
107 40 172541 1
27 83 172543 0
19 78 172545 0
109 43 172589 1
28 66 172652 0
30 107 172673 0
19 86 172694 0
34 101 172706 0
38 91 172715 0
17 107 172739 0
21 102 172741 0
23 89 172830 0
35 102 172839 0
35 60 172857 1
68 82 172965 0
66 82 172993 0
26 69 173133 0
22 89 173244 0
28 86 173275 0
111 46 173447 1
59 83 173454 0
68 83 173489 0
44 91 173507 0
21 73 173521 0
48 94 173542 0
86 75 173623 0
68 81 173623 0
87 71 173645 0
39 91 173703 0
47 87 173727 0
36 91 173773 0
91 70 173781 0
87 72 173790 0
45 89 173836 0
31 87 173921 0
103 37 174008 1
53 88 174011 0
64 83 174042 0
33 98 174083 0
99 64 174167 0
70 80 174191 0
100 64 174220 0
59 84 174226 0
38 92 174236 0
110 46 174250 1
33 89 174340 0
100 65 174417 0
27 77 174516 0
30 97 174600 0
97 66 174613 0
95 81 174629 0
41 92 174639 0
47 55 174730 1
26 83 174798 0
110 48 174801 1
53 55 175054 1
56 90 175088 1
32 90 175256 0
45 58 175317 1
25 74 175323 0
85 39 175356 1
30 87 175422 0
76 45 175511 1
113 42 175529 1
108 58 175570 1
110 42 175638 1
110 43 175648 1
43 58 175694 1
84 73 175721 0
24 80 176186 0
25 81 176337 0
80 75 176382 0
38 91 176463 0
28 87 176655 0
106 38 176710 1
37 58 176806 1
80 44 176995 1
35 90 177172 0
29 86 177187 0
41 57 177206 1
42 57 177228 1
65 49 177311 1
24 86 177361 0
77 45 177373 1
77 79 177462 0
28 69 177630 0
109 55 177688 1
49 58 177708 1
66 50 177709 1
110 47 177714 1
55 84 177805 0
25 104 177859 0
51 87 178235 0
100 65 178536 0
96 36 178612 1
77 42 178626 1
77 43 178707 1
97 35 178719 1
44 58 178734 1
115 69 178783 1
32 63 178839 1
101 37 178932 1
109 60 178959 1
66 83 179050 0
64 83 179074 0
112 38 179164 1
54 86 179190 0
108 41 179227 1
27 84 179229 0
32 90 179271 0
63 50 179305 1
33 59 179325 1
36 91 179409 0
68 38 179577 1
55 55 179652 1
54 54 179705 1
98 37 179722 1
47 57 179875 1
109 39 179948 1
77 41 179966 1
71 48 179996 1
74 46 180022 1
75 78 180051 0
100 64 180082 0
20 88 180140 0
80 42 180140 1
60 50 180179 1
46 57 180217 1
110 53 180257 1
39 59 180357 1
30 87 180368 0
65 48 180398 1
100 37 180434 1
117 62 180521 1
116 44 180529 1
29 88 180711 0
24 80 180740 0
75 44 180747 1
80 43 180931 1
52 56 180977 1
72 28 180985 1
38 91 181123 0
37 91 181146 0
55 85 181266 0
97 65 181321 0
84 73 181410 0
50 57 181671 1
84 42 181703 1
87 41 181769 1
45 57 181836 1
59 51 181862 1
110 55 181871 1
34 60 181959 1
39 53 181966 1
111 49 182145 1
38 58 182177 1
34 21 182207 1
27 49 182270 1
28 87 182367 0
106 41 182401 1
92 39 182558 1
26 80 182794 0
113 39 182804 1
31 60 182888 1
80 75 182937 0
32 91 182980 0
40 58 183048 1
50 58 183065 1
55 54 183124 1
24 76 183194 0
35 59 183276 1
37 60 183394 1
26 71 183646 0
102 37 183646 1
104 35 183686 1
37 92 183701 0
79 44 183786 1
22 93 184014 0
45 96 184057 0
64 87 184076 0
50 89 184124 0
89 42 184205 1
59 85 184270 0
100 65 184288 0
83 42 184466 1
16 93 184682 0
32 90 184990 0
21 75 185017 0
27 67 185393 0
104 65 185410 0
24 80 185645 0
26 78 185743 0
25 73 185803 0
96 37 185914 1
97 65 186021 0
40 91 186042 0
102 41 186077 1
43 57 186439 1
26 80 186526 0
24 84 186555 0
37 91 186737 0
64 83 186747 0
83 112 186756 1
67 47 186941 1
27 83 186993 0
26 69 187019 0
55 85 187278 0
37 118 187450 1
76 78 187853 0
74 78 187935 0
25 74 188134 0
33 90 188206 0
96 65 188432 0
28 87 188444 0
51 85 188458 0
28 81 188529 0
94 66 188583 0
3 119 188829 1
109 42 188890 1
68 82 188916 0
31 88 188972 0
68 50 188977 1
66 83 189202 0
35 91 189247 0
89 41 189286 1
50 86 189381 0
86 41 189594 1
30 88 189711 0
114 41 189931 1
56 90 190170 0
26 78 190177 0
26 74 190215 0
43 91 190391 0
64 84 190488 0
31 89 190589 0
69 83 190637 0
83 74 190937 0
26 80 191059 0
26 73 191069 0
54 86 191349 0
60 84 192017 0
24 80 192141 0
101 64 192224 0
87 72 192458 0
40 91 192616 0
62 84 192631 0
7 97 192878 0
21 106 192918 0
97 65 193013 0
97 70 193098 0
16 95 193164 0
70 82 193194 0
54 96 193341 0
76 79 193560 0
33 90 193594 0
105 38 193641 1
39 98 193652 0
80 75 193738 0
73 81 193767 0
68 85 193778 0
32 89 193813 0
82 75 194051 0
66 87 194215 0
71 79 194629 0
32 92 194864 0
46 58 194885 1
27 78 194899 0
26 74 195006 0
26 78 195071 0
31 101 195369 0
101 65 195427 0
42 58 195533 1
96 65 195545 0
58 85 195639 0
30 86 195786 0
114 11 195797 1
50 90 195871 0
94 66 195878 0
76 44 195946 1
100 65 196095 0
59 87 196238 0
88 41 196520 1
27 79 196614 0
60 51 196748 1
31 88 196926 0
31 89 196938 0
48 89 197066 0
39 58 197106 1
28 89 197119 0
26 73 197127 0
24 80 197228 0
103 64 197363 0
26 82 197371 0
55 85 197468 0
83 74 197472 0
13 105 197634 0
43 93 197714 0
34 92 197720 0
110 50 197783 1
98 36 198013 1
105 36 198218 1
99 64 198236 0
44 90 198535 0
28 87 198552 0
97 37 198560 1
40 94 198831 0
90 70 198844 0
26 80 198933 0
100 36 199012 1
95 37 199072 1
104 37 199168 1
100 64 199228 0
101 64 199256 0
58 84 199277 0
84 73 199337 0
91 69 199465 0
102 64 199467 0
75 79 199532 0
25 76 199550 0
23 70 199559 0
103 37 199562 1
19 85 199570 0
72 79 199797 0
99 37 199950 1
55 53 199980 1
0 0 200010 0
