103 49 0 1
23 76 77 0
79 80 123 0
23 79 124 0
93 43 175 1
107 53 239 1
58 88 242 0
98 74 244 0
77 78 287 0
61 50 317 1
95 43 389 1
74 48 393 1
108 55 438 1
23 80 441 0
60 51 471 1
106 51 472 1
55 91 492 0
23 75 550 0
22 85 591 0
35 64 600 1
80 45 643 1
57 90 662 0
100 45 681 1
73 81 784 0
43 98 823 0
58 50 827 1
33 98 845 0
61 49 880 1
39 99 898 0
79 78 938 0
105 49 944 1
23 74 973 0
80 44 976 1
92 75 989 0
65 49 1038 1
23 84 1072 0
84 80 1095 0
87 43 1114 1
63 51 1125 1
87 78 1151 0
62 50 1266 1
37 65 1327 1
40 98 1365 0
27 68 1372 0
33 65 1435 1
38 98 1442 0
99 46 1471 1
36 98 1478 0
52 92 1493 0
85 49 1525 1
85 44 1525 1
44 62 1571 1
67 88 1580 0
45 96 1614 0
82 80 1671 0
61 87 1691 0
16 88 1720 1
90 42 1732 1
33 97 1789 0
96 75 1836 0
38 99 1856 0
22 92 1916 0
83 44 1946 1
23 90 2014 0
31 97 2023 0
63 88 2152 0
98 46 2257 1
56 90 2268 0
64 50 2270 1
50 93 2297 0
86 44 2345 1
46 96 2412 0
23 92 2420 0
57 88 2449 0
75 47 2523 1
106 49 2528 1
92 41 2606 1
34 63 2609 1
98 45 2871 1
37 99 2917 0
32 63 2932 1
55 90 2948 0
108 60 2977 1
29 96 2979 0
23 86 2992 0
25 91 3012 0
32 97 3091 0
25 97 3179 0
24 74 3318 0
103 48 3341 1
25 92 3381 0
79 79 3420 0
25 71 3463 0
67 87 3488 0
107 52 3498 1
96 43 3519 1
49 94 3651 0
41 98 3674 0
82 81 3729 0
106 50 3764 1
72 48 3789 1
95 42 3846 1
100 46 3846 1
36 65 3969 1
107 55 4004 1
35 63 4044 1
48 61 4107 1
31 65 4124 1
58 51 4169 1
108 58 4172 1
24 94 4274 0
71 49 4294 1
61 88 4403 0
34 64 4415 1
25 94 4472 0
62 51 4610 1
66 50 4776 1
107 62 4798 1
108 53 4809 1
29 64 5002 1
33 64 5133 1
29 63 5141 1
32 64 5152 1
105 78 5163 1
68 50 5269 1
52 91 5430 0
57 50 5507 1
107 57 5544 1
101 47 5544 1
23 90 5604 0
56 52 5609 1
36 98 5613 0
92 43 5851 1
63 49 5860 1
76 47 5889 1
108 54 5903 1
78 79 5970 0
23 87 5973 0
23 88 6030 0
102 47 6132 1
97 74 6145 0
62 49 6188 1
23 76 6340 0
47 61 6463 1
79 79 6475 0
30 63 6547 1
99 47 6580 1
62 88 6580 0
27 69 6618 0
74 81 6800 0
69 84 6864 1
46 61 7016 1
93 42 7071 1
97 44 7074 1
92 42 7141 1
90 77 7175 0
23 78 7187 0
23 84 7215 0
94 42 7244 1
24 71 7328 0
37 66 7358 1
107 54 7391 1
33 98 7404 0
43 63 7423 1
27 96 7427 0
99 45 7481 1
78 80 7627 0
44 97 7652 0
84 80 7956 0
68 41 7973 1
86 80 8060 0
53 91 8064 0
23 80 8164 0
95 43 8296 1
107 53 8340 1
24 73 8593 0
66 51 8714 1
22 83 8918 0
31 98 8931 0
67 89 8978 0
25 69 9133 0
23 86 9160 0
35 64 9243 1
23 87 9294 0
23 79 9337 0
95 11 9598 0
35 65 9630 1
82 83 9660 0
22 81 9665 0
62 89 9677 0
26 69 9810 0
34 99 9849 0
95 44 9863 1
45 62 9901 1
26 95 9912 0
53 104 9915 0
107 63 9948 1
23 90 9954 0
40 99 10017 0
121 45 10043 0
108 56 10059 1
82 44 10094 1
30 96 10251 0
84 44 10276 1
79 79 10398 0
34 98 10404 0
94 74 10405 0
21 84 10469 0
82 81 10472 0
104 48 10558 1
16 88 10800 1
37 65 10856 1
108 59 10875 1
107 51 10941 1
44 61 10967 1
81 44 10972 1
105 49 11048 1
108 61 11136 1
66 88 11190 0
76 46 11280 1
24 75 11300 0
98 45 11491 1
22 90 11519 0
67 51 11548 1
106 51 11571 1
107 64 11603 1
74 80 11606 0
103 48 11661 1
38 65 11739 1
105 50 11863 1
90 41 11863 1
108 55 11967 1
79 78 12061 0
96 43 12116 1
107 61 12163 1
101 46 12203 1
68 51 12275 1
69 51 12342 1
92 76 12343 0
94 41 12398 1
65 50 12451 1
88 78 12453 0
80 80 12464 0
91 42 12476 1
108 62 12590 1
97 43 12606 1
107 52 12644 1
77 78 12697 0
82 80 12736 0
47 96 12824 0
41 97 12835 0
36 98 12896 0
73 48 12990 1
66 86 13000 0
106 50 13031 1
107 50 13120 1
24 72 13204 0
91 76 13279 0
86 43 13336 1
33 99 13377 0
30 96 13451 0
85 80 13459 0
38 99 13461 0
33 97 13560 0
23 87 13599 0
108 60 13638 1
43 97 13640 0
20 92 13688 0
87 43 13712 1
76 78 13827 0
65 51 13891 1
38 98 13938 0
48 60 13960 1
47 95 13964 0
83 44 14008 1
79 79 14015 0
28 68 14034 0
100 46 14137 1
70 49 14158 1
24 90 14165 0
49 95 14230 0
85 79 14379 0
83 81 14485 0
23 82 14504 0
32 97 14508 0
85 44 14553 1
90 77 14622 0
36 99 14687 0
81 82 14889 0
39 65 14904 1
60 90 14948 0
108 56 15040 1
45 97 15087 0
61 87 15156 0
64 88 15243 0
58 89 15276 0
45 61 15293 1
97 44 15316 1
98 31 15444 1
32 98 15494 0
95 75 15536 0
108 54 15582 1
80 44 15606 1
99 46 15643 1
59 50 15672 1
42 97 15677 0
25 92 15741 0
16 88 15768 1
85 43 15771 1
109 68 15833 1
63 50 15838 1
23 76 15865 0
25 91 15935 0
74 47 15939 1
67 50 16007 1
103 47 16077 1
23 91 16138 0
95 42 16181 1
78 45 16199 1
30 96 16216 0
39 97 16246 0
107 65 16353 1
108 53 16374 1
27 95 16449 0
60 50 16456 1
69 49 16476 1
108 59 16495 1
61 50 16526 1
106 49 16552 1
24 88 16585 1
23 52 16597 1
23 90 16597 0
98 75 16662 0
31 97 16667 0
84 80 16719 0
88 43 16743 1
26 67 16749 0
39 99 16767 0
97 73 16776 0
23 77 16780 0
102 47 16855 1
37 99 16857 0
34 101 16864 0
24 90 16873 0
62 50 16896 1
98 44 17002 1
107 53 17008 1
35 99 17010 0
78 80 17015 0
23 72 17031 0
38 99 17033 0
108 58 17035 1
33 63 17107 1
64 78 17168 0
64 50 17168 1
93 76 17191 0
27 97 17193 0
48 94 17302 0
23 81 17302 0
96 42 17388 1
103 48 17399 1
23 88 17414 0
23 86 17429 0
91 41 17436 1
34 40 17446 0
59 101 17497 0
23 75 17545 0
24 95 17555 0
27 67 17569 0
87 44 17658 1
107 62 17668 1
23 82 17753 0
26 70 17758 0
59 88 17803 0
98 45 17969 1
95 11 18110 1
36 65 18127 1
68 49 18163 1
34 63 18182 1
91 76 18278 0
75 79 18331 0
108 57 18358 1
93 75 18405 0
22 85 18419 0
23 74 18425 0
96 40 18462 1
96 43 18462 1
74 48 18465 1
40 99 18508 0
75 47 18608 1
99 45 18644 1
73 47 18646 1
108 55 18780 1
107 51 18830 1
31 64 18861 1
99 43 18865 1
95 43 18921 1
23 84 18924 0
40 98 18936 0
105 49 19057 1
94 77 19153 0
23 87 19209 0
86 44 19297 1
37 64 19310 1
104 48 19341 1
75 46 19358 1
68 41 19413 1
66 49 19431 1
32 63 19444 1
77 46 19458 1
34 64 19499 1
46 60 19541 1
23 80 19661 0
89 42 19859 1
35 63 19915 1
30 96 19945 0
64 49 20010 1
67 49 20067 1
31 63 20115 1
24 94 20120 0
93 41 20231 1
109 45 20274 1
42 99 20331 0
82 81 20339 0
23 78 20401 0
11 101 20424 1
103 45 20445 1
81 43 20464 1
79 44 20466 1
31 62 20534 1
92 41 20568 1
19 104 20734 0
35 98 20772 0
24 90 20773 0
23 81 20784 0
109 45 20817 0
76 78 20828 0
33 64 20882 1
33 98 20931 0
101 47 20952 1
35 64 21014 1
22 84 21042 0
90 78 21332 0
108 61 21397 1
27 95 21423 0
41 100 21432 0
23 82 21481 0
32 64 21525 1
42 98 21537 0
30 62 21573 1
26 96 21632 0
53 92 21679 0
62 51 21748 1
23 77 21802 0
59 51 21805 1
93 42 21874 1
32 62 21970 1
105 78 22000 0
91 78 22098 0
48 95 22297 0
64 88 22360 0
84 81 22377 0
82 80 22519 0
23 79 22584 0
79 65 22991 1
79 45 22991 1
36 98 23013 0
24 75 23210 0
97 74 23308 0
65 86 23315 0
106 50 23490 1
89 77 23560 0
100 45 23678 1
84 43 23717 1
94 76 23736 0
24 92 23753 0
66 50 24062 1
92 77 24178 0
31 96 24195 0
38 64 24339 1
16 88 24385 1
23 81 24519 0
69 50 24576 1
75 14 24665 1
35 98 24757 0
92 75 24878 0
44 98 24904 0
79 79 25081 0
84 44 25153 1
23 89 25154 0
37 65 25177 1
107 52 25227 1
63 88 25273 0
36 67 25414 1
75 79 25504 0
23 98 26151 0
81 44 26169 1
97 43 26231 1
65 88 26583 0
105 47 26646 1
40 99 26771 0
27 95 26772 0
91 76 26778 0
24 74 26880 0
41 99 27003 0
77 78 27128 0
85 81 27206 0
107 63 27438 1
27 68 27535 0
31 96 27576 0
80 79 27603 0
23 77 27744 0
29 97 27857 0
95 41 27951 1
23 82 27990 0
38 98 28128 0
65 49 28150 1
38 68 28209 1
57 51 28259 1
72 48 28264 1
83 43 28315 1
25 92 28455 0
87 43 28721 1
90 77 28753 0
24 92 28803 0
101 46 28984 1
33 97 29182 0
34 98 29290 0
93 78 29326 0
62 88 29328 0
43 96 29355 0
105 48 29372 1
87 78 29456 0
94 42 29525 1
35 98 29686 0
98 74 29704 0
23 81 29897 0
82 44 29920 1
23 89 30239 0
24 90 30269 0
87 80 30317 0
58 90 30401 0
100 46 30432 1
41 64 30467 1
57 88 30541 0
97 44 30886 1
27 93 30893 0
33 62 31033 1
30 96 31173 0
43 62 31188 1
80 79 31243 0
17 85 31603 0
31 96 31713 0
121 45 31843 1
98 38 32080 1
24 91 32094 0
95 42 32447 1
26 94 32741 0
108 60 32846 1
108 56 33053 1
96 74 33198 0
38 65 33327 1
38 99 33354 0
23 87 33576 0
24 92 33741 0
57 52 33955 1
27 95 34266 0
36 63 34391 1
108 53 34518 1
35 65 34685 1
102 47 34717 1
33 65 34973 1
42 64 35023 1
32 97 35284 0
108 54 35479 1
24 89 35624 0
24 88 35817 0
106 49 35873 1
46 96 35942 0
64 88 36050 0
23 89 36084 0
99 73 36232 0
23 83 36492 0
98 44 36639 1
107 51 36733 1
107 50 36788 1
100 72 36846 0
24 91 36899 0
69 85 36946 1
85 44 36979 1
105 49 37089 1
100 73 37107 0
80 79 37226 0
103 48 37249 1
108 59 37310 1
96 43 37346 1
67 51 37441 1
108 55 37448 1
97 43 37546 1
104 48 37604 1
104 47 37620 1
86 43 37647 1
100 45 37730 1
94 74 37757 0
121 52 37777 0
99 45 37789 1
91 42 37841 1
102 46 37898 1
108 51 38102 1
83 44 38163 1
26 94 38174 0
79 78 38196 0
100 46 38349 1
94 41 38389 1
27 93 38474 0
85 43 38484 1
75 79 38490 0
105 48 38517 1
101 46 38598 1
83 79 38653 0
103 47 38764 1
65 50 38776 1
107 64 39000 1
107 49 39035 1
107 50 39084 1
82 80 39085 0
66 86 39104 0
41 98 39107 0
108 62 39116 1
40 99 39117 0
88 78 39142 0
108 54 39183 1
108 52 39209 1
96 42 39256 1
55 90 39272 0
96 41 39340 1
84 80 39340 0
106 49 39353 1
97 43 39383 1
39 65 39483 1
46 62 39483 1
41 97 39498 0
80 80 39504 0
106 48 39521 1
92 76 39535 0
29 97 39541 0
38 101 39558 0
45 96 39563 0
96 74 39595 0
61 87 39623 0
30 97 39625 0
85 80 39656 0
23 77 39659 0
78 79 39677 0
68 50 39707 1
24 89 39767 0
92 80 39780 0
58 88 39789 0
95 42 39826 1
93 42 39845 1
72 81 39850 0
25 93 40028 0
58 51 40068 1
35 98 40086 0
71 49 40100 1
107 51 40107 1
94 40 40118 1
108 53 40146 1
63 49 40147 1
108 59 40147 1
61 50 40182 1
25 91 40194 0
60 87 40206 0
101 45 40207 1
63 50 40282 1
71 48 40302 1
61 88 40387 0
108 60 40427 1
24 88 40442 0
73 48 40474 1
108 61 40503 1
51 92 40547 0
87 43 40549 1
58 50 40611 1
46 61 40633 1
31 96 40634 0
97 73 40669 0
67 50 40697 1
61 95 40755 0
61 49 40755 1
47 61 40813 1
37 98 40922 0
100 45 40944 1
108 56 41008 1
104 47 41051 1
77 78 41078 0
27 66 41095 0
80 44 41104 1
82 43 41106 1
75 47 41144 1
65 50 41182 1
101 46 41191 1
23 81 41197 0
67 87 41223 0
85 79 41252 0
91 76 41274 0
93 40 41284 1
62 49 41290 1
92 40 41351 1
37 64 41366 1
47 60 41368 1
38 98 41386 0
106 50 41405 1
64 50 41432 1
102 46 41442 1
76 78 41474 0
92 41 41497 1
91 40 41521 1
33 97 41531 0
93 41 41582 1
107 50 41589 1
24 92 41601 0
62 50 41619 1
23 83 41629 0
79 78 41649 0
86 43 41701 1
109 60 41714 1
76 46 41726 1
35 62 41798 1
80 79 41803 0
49 94 41820 0
98 44 41883 1
77 42 41888 1
24 91 41914 0
37 60 41915 1
33 63 41978 1
100 46 41979 1
38 99 42055 0
81 44 42059 1
85 43 42078 1
108 55 42128 1
35 63 42178 1
31 95 42184 0
103 47 42201 1
65 49 42236 1
65 86 42237 0
47 62 42247 1
84 43 42264 1
34 63 42325 1
34 64 42347 1
109 57 42347 1
24 73 42352 0
44 96 42383 0
26 71 42385 0
106 49 42385 1
60 50 42400 1
77 45 42425 1
105 49 42476 1
105 48 42511 1
99 45 42535 1
25 92 42537 0
66 49 42553 1
35 64 42586 1
42 97 42627 0
23 84 42650 0
24 89 42658 0
66 50 42700 1
23 76 42717 0
92 42 42730 1
95 41 42782 1
108 63 42823 1
89 42 42858 1
35 97 42864 0
74 47 42897 1
37 63 42923 1
108 51 42946 1
59 50 42956 1
57 113 42984 1
97 43 43012 1
38 64 43074 1
73 47 43074 1
32 63 43172 1
109 59 43214 1
36 98 43251 0
36 63 43318 1
68 51 43330 1
28 67 43369 0
84 44 43375 1
46 60 43385 1
94 41 43491 1
69 50 43505 1
109 58 43580 1
96 43 43589 1
28 69 43623 0
39 97 43625 0
109 48 43627 1
24 88 43649 0
53 91 43651 0
91 41 43679 1
16 88 43712 1
78 44 43721 1
83 79 43741 0
65 99 43759 1
96 42 43785 1
26 94 43804 0
98 38 43813 1
70 49 43819 1
27 93 43827 0
68 49 43947 1
83 43 43998 1
64 49 44040 1
69 49 44078 1
52 91 44088 0
82 44 44097 1
24 75 44168 0
99 73 44185 0
49 60 44185 1
39 65 44188 1
48 94 44197 0
97 74 44233 0
36 99 44244 0
28 68 44248 0
108 54 44322 1
83 44 44336 1
56 51 44361 1
66 89 44385 0
107 52 44445 1
95 42 44485 1
24 90 44505 0
32 64 44519 1
39 64 44646 1
90 41 44683 1
88 42 44765 1
22 93 44767 0
106 51 44771 1
102 45 44786 1
40 98 44820 0
33 64 44860 1
32 96 44905 0
23 74 44947 0
86 80 45003 0
20 86 45048 0
31 95 45142 0
34 62 45152 1
37 98 45165 0
59 89 45169 0
25 91 45178 0
98 43 45267 1
28 94 45316 0
43 97 45347 0
23 82 45401 0
56 89 45424 0
24 93 45440 0
89 79 45483 0
29 93 45600 0
28 66 45634 0
108 52 45637 1
22 88 45755 0
107 63 45772 1
36 62 45815 1
81 43 45964 1
50 94 45999 0
25 93 46040 0
48 60 46041 1
38 99 46074 0
77 77 46154 0
82 80 46157 0
59 49 46158 1
67 49 46251 1
24 89 46269 0
45 61 46270 1
115 59 46343 1
60 87 46355 0
75 46 46362 1
107 51 46379 1
23 89 46401 0
24 82 46449 0
93 75 46479 0
33 62 46484 1
63 87 46626 0
35 97 46657 0
108 53 46702 1
89 77 46731 0
41 65 46745 1
56 50 46791 1
66 87 46888 0
100 72 46942 0
27 69 46991 0
25 94 46999 0
37 99 47174 0
70 84 47328 1
15 75 47346 0
23 86 47435 0
63 49 47480 1
31 99 47545 0
60 49 47577 1
82 79 47589 0
109 55 47627 1
37 64 47692 1
70 85 47784 1
24 91 47799 0
96 74 47820 0
23 83 47894 0
32 96 47958 0
24 88 48022 0
60 88 48076 0
30 100 48174 0
85 44 48428 1
35 63 48431 1
100 44 48601 1
87 43 48603 1
28 94 48745 0
44 62 48761 1
77 46 48786 1
104 47 48906 1
27 95 48978 0
34 98 49067 0
31 95 49072 0
108 60 49132 1
31 98 49134 0
31 96 49134 0
21 92 49182 0
24 74 49202 0
27 91 49344 0
61 50 49361 1
26 93 49609 0
76 77 49637 0
25 87 49716 0
108 62 49730 1
26 72 49973 0
102 37 49993 1
97 42 49999 1
26 94 50277 0
37 98 50462 0
44 61 50501 1
84 80 50520 0
82 79 50725 0
71 47 50729 1
24 82 50823 0
92 75 50992 0
103 47 51079 1
70 48 51223 1
117 62 51224 1
33 95 51264 0
95 75 51294 0
108 61 51301 1
44 97 51539 0
63 87 51584 0
32 96 51590 0
109 56 51851 1
1 48 51937 1
75 78 51946 0
44 96 51965 0
36 64 51966 1
37 97 51967 0
40 99 51975 0
105 48 52018 1
106 48 52038 1
36 64 52044 1
114 70 52055 1
36 64 52131 1
35 96 52207 0
36 64 52220 1
67 50 52274 1
36 64 52318 1
25 95 52321 0
36 64 52402 1
106 49 52406 1
79 79 52409 0
38 64 52475 1
52 92 52484 0
36 64 52495 1
66 86 52522 0
36 64 52589 1
66 87 52591 0
41 97 52642 0
36 64 52688 1
101 72 52694 0
39 99 52727 0
36 64 52790 1
68 50 52840 1
36 64 52884 1
27 93 52957 0
79 78 52958 0
109 45 52961 1
57 89 52964 0
36 64 52989 1
87 42 53015 1
28 94 53017 0
29 93 53017 0
36 64 53072 1
41 63 53130 1
31 64 53147 1
36 64 53154 1
36 64 53244 1
61 87 53277 0
36 64 53339 1
25 92 53369 0
36 64 53434 1
23 80 53444 0
109 45 53456 0
36 64 53550 1
36 64 53693 1
63 50 53710 1
82 79 53817 0
36 64 53825 1
94 75 53830 0
86 43 53903 1
45 63 53962 1
36 64 54015 1
38 98 54059 0
48 95 54225 0
36 64 54237 1
25 71 54249 0
56 89 54374 0
108 59 54400 1
45 95 54419 0
42 98 54471 0
36 64 54494 1
26 93 54502 0
24 89 54527 0
93 42 54605 1
55 54 54605 1
27 67 54625 0
43 98 54699 0
33 63 54712 1
35 97 54810 0
25 93 54811 0
96 42 54818 1
36 64 54831 1
29 97 54897 0
24 72 54913 0
26 98 54923 0
29 100 54988 0
90 77 55135 0
62 50 55149 1
101 45 55223 1
56 90 55279 0
41 98 55312 0
24 92 55346 0
62 88 55360 0
36 64 55438 1
85 85 55482 0
60 86 55527 0
22 103 55563 0
23 90 55580 0
21 91 55677 0
43 96 55700 0
79 80 55925 0
100 45 55938 1
60 89 56090 0
22 86 56096 0
92 41 56166 1
60 88 56245 0
19 92 56319 0
99 44 56338 1
101 46 56392 1
54 92 56439 0
36 64 56492 1
16 78 56512 0
36 63 56528 1
23 78 56594 0
32 96 56610 0
80 79 56638 0
35 64 57175 1
92 40 57190 1
24 88 57203 0
37 97 57277 0
23 88 57297 0
102 46 57305 1
103 46 57359 1
66 88 57506 0
72 47 57560 1
38 99 57579 0
100 46 57649 1
85 43 57806 1
31 95 57815 0
97 73 57997 0
95 42 57999 1
66 50 58101 1
24 75 58230 0
107 50 58364 1
96 75 58535 0
107 53 58551 1
37 98 58607 0
61 89 58749 0
59 88 58823 0
88 78 58905 0
24 82 58917 0
23 93 59101 0
33 61 59163 1
63 88 59167 0
108 51 59249 1
26 93 59411 0
31 63 59520 1
64 86 59551 0
97 43 59610 1
72 48 59721 1
65 50 59835 1
93 41 59839 1
36 64 59842 1
61 90 59949 0
68 87 59974 0
108 56 60067 1
48 61 60092 1
28 93 60134 0
22 76 60207 0
113 55 60272 1
107 49 60396 1
80 44 60599 1
31 65 60620 1
28 94 60793 0
38 100 60850 0
23 79 60942 0
63 89 60982 0
32 62 61005 1
98 44 61035 1
87 79 61037 0
95 41 61084 1
66 49 61098 1
94 41 61321 1
39 107 61425 0
57 50 61453 1
47 60 61596 1
84 43 61650 1
40 65 61681 1
66 87 61971 0
94 75 62103 0
35 100 62175 0
82 79 62178 0
24 91 62186 0
86 79 62607 0
82 43 62751 1
38 63 62813 1
94 74 62830 0
63 87 63106 0
98 43 63253 1
64 50 63426 1
108 50 63444 1
34 63 63622 1
80 43 63690 1
108 52 63710 1
108 49 63723 1
99 45 63895 1
16 88 64189 1
109 54 64199 1
104 47 64214 1
64 48 64404 1
28 93 64436 0
83 79 64491 0
24 81 64507 0
99 72 64554 0
23 83 64704 0
91 42 64797 1
60 86 64824 0
87 78 65111 0
24 80 65187 0
47 97 65207 0
21 96 65358 0
60 87 65436 0
19 90 65444 0
60 50 65447 1
65 86 65467 0
105 48 65536 1
25 89 65769 0
77 77 65832 0
39 65 65882 1
106 49 65895 1
100 45 65961 1
61 49 65983 1
26 93 65999 0
97 43 66084 1
100 72 66124 0
76 46 66124 1
50 93 66225 0
46 98 66244 0
106 66 66314 1
65 49 66319 1
75 47 66319 1
107 50 66322 1
68 41 66354 1
34 64 66363 1
103 47 66364 1
77 78 66484 0
101 46 66598 1
69 48 66682 1
107 64 66751 1
73 80 66797 0
27 94 66822 0
98 38 66830 1
57 89 66861 0
83 43 66890 1
62 49 66904 1
36 98 66940 0
91 76 66952 0
37 63 66976 1
81 44 67081 1
64 86 67100 0
87 43 67117 1
58 49 67291 1
62 48 67319 1
39 64 67370 1
47 95 67442 0
95 40 67556 1
85 80 67630 0
57 88 67658 0
33 97 67710 0
25 91 67768 0
29 93 67819 0
67 88 68015 0
46 96 68034 0
33 95 68036 0
105 47 68093 1
97 42 68159 1
37 64 68171 1
85 79 68188 0
27 92 68316 0
39 97 68321 0
25 84 68353 0
42 97 68369 0
93 40 68398 1
24 81 68399 0
24 90 68536 0
81 81 68591 0
21 85 68625 0
34 53 68666 0
38 99 68726 0
27 68 68743 0
35 62 68752 1
102 46 68820 1
99 73 68822 0
82 80 68823 0
29 96 68852 0
106 48 68931 1
27 91 68964 0
24 80 68968 0
35 96 68980 0
45 96 68997 0
108 51 69109 1
79 44 69112 1
96 41 69192 1
25 87 69197 0
107 49 69298 1
49 94 69375 0
40 98 69450 0
45 60 69527 1
25 78 69532 0
109 55 69553 1
59 90 69579 0
82 79 69585 0
65 47 69607 1
61 48 69631 1
28 93 69634 0
83 80 69687 0
21 97 69718 0
96 42 69721 1
46 60 69789 1
64 49 69836 1
25 88 69939 0
108 55 69968 1
99 43 69968 1
82 44 70025 1
33 101 70118 0
25 89 70122 0
86 43 70267 1
94 40 70268 1
109 53 70280 1
35 61 70313 1
38 64 70314 1
83 44 70371 1
74 80 70377 0
67 12 70391 1
60 88 70525 0
51 93 70528 0
32 96 70568 0
37 97 70592 0
98 42 70627 1
46 61 70648 1
68 49 70673 1
100 44 70678 1
104 47 70856 1
64 88 70953 0
36 64 70969 1
35 97 71012 0
44 96 71063 0
109 58 71087 1
26 68 71126 0
94 75 71131 0
67 49 71191 1
101 45 71191 1
58 89 71314 0
32 97 71332 0
108 64 71451 1
59 50 71463 1
39 63 71491 1
89 42 71533 1
32 63 71706 1
76 78 71733 0
35 63 71746 1
23 96 71754 0
27 92 71805 0
73 47 71808 1
91 75 71907 0
69 50 71912 1
26 94 71977 0
21 80 72046 0
24 80 72047 0
22 75 72074 0
40 100 72133 0
80 81 72233 0
86 79 72288 0
24 81 72292 0
28 67 72407 0
23 77 72493 0
21 95 72549 0
109 68 72581 0
100 73 72613 0
20 85 72626 0
71 48 72628 1
76 77 72675 0
58 88 72682 0
74 47 72695 1
63 49 72760 1
96 74 72790 0
66 86 72811 0
27 93 72962 0
30 96 73092 0
47 35 73117 0
25 75 73139 0
97 75 73292 0
104 46 73327 1
47 61 73369 1
48 94 73390 0
24 89 73391 0
28 94 73436 0
21 89 73472 0
84 42 73671 1
41 97 73775 0
27 94 73844 0
25 88 73907 0
67 85 73964 0
73 48 74148 1
108 63 74194 1
36 63 74352 1
49 59 74412 1
105 46 74445 1
56 89 74502 0
83 79 74549 0
107 65 74589 1
35 98 74615 0
26 89 74691 0
107 66 74840 1
81 43 74920 1
31 95 74947 0
83 80 74959 0
25 92 75044 0
94 41 75050 1
62 90 75091 0
31 94 75220 0
78 45 75255 1
34 99 75315 0
65 50 75336 1
24 73 75382 0
24 80 75531 0
29 93 75568 0
31 93 75569 0
98 74 75622 0
109 56 75731 1
38 98 75744 0
33 62 75943 1
79 78 75990 0
107 48 76027 1
33 98 76045 0
43 55 76114 1
85 43 76220 1
98 38 76224 1
105 48 76297 1
108 62 76551 1
109 57 76652 1
95 74 76658 0
39 98 76694 0
91 41 76806 1
21 83 76834 0
61 50 76942 1
60 48 77027 1
100 45 77030 1
65 48 77160 1
88 42 77191 1
98 43 77228 1
109 61 77357 1
107 50 77703 1
33 64 77739 1
101 46 77750 1
23 81 77860 0
40 64 77872 1
33 96 77934 0
93 75 77970 0
88 77 78002 0
92 41 78009 1
32 64 78020 1
38 99 78031 0
101 44 78212 1
92 75 78264 0
95 41 78277 1
108 50 78298 1
89 77 78307 0
109 59 78343 1
66 49 78364 1
75 79 78398 0
80 78 78420 0
97 42 78536 1
24 82 78537 0
25 96 78603 0
102 46 78655 1
102 45 78663 1
103 46 78666 1
57 51 78683 1
34 62 78692 1
96 41 78716 1
82 43 78761 1
106 47 78853 1
109 60 78973 1
99 72 79000 0
107 49 79023 1
105 47 79028 1
109 54 79034 1
34 53 79050 1
58 50 79176 1
70 49 79194 1
75 46 79218 1
87 43 79249 1
106 49 79257 1
109 52 79270 1
108 51 79291 1
104 47 79315 1
106 48 79331 1
74 46 79478 1
97 43 79656 1
28 93 79661 0
24 80 79695 0
24 88 79779 0
66 87 79780 0
63 48 79797 1
65 49 79809 1
25 89 79821 0
83 82 79877 0
93 40 79891 1
99 43 79894 1
41 64 79940 1
84 43 79970 1
109 45 80034 1
97 73 80093 0
99 42 80123 1
65 86 80138 0
37 63 80176 1
59 87 80192 0
84 80 80210 0
109 45 80319 0
30 110 80369 0
24 81 80373 0
86 42 80414 1
101 45 80434 1
83 80 80566 0
38 63 80589 1
33 95 80596 0
92 40 80704 1
93 39 80759 1
87 77 80792 0
27 92 80849 0
103 47 80864 1
100 44 80988 1
38 97 81019 0
64 86 81022 0
37 98 81045 0
71 49 81199 1
33 63 81217 1
26 71 81254 0
92 39 81281 1
39 64 81300 1
31 94 81301 0
69 49 81309 1
61 87 81460 0
30 93 81462 0
43 97 81501 0
61 49 81526 1
24 84 81537 0
95 42 81601 1
39 65 81602 1
25 84 81654 0
63 87 81679 0
25 87 81694 0
47 59 81708 1
87 42 81762 1
77 77 81804 0
45 95 81830 0
27 91 81841 0
78 80 81916 0
34 63 81921 1
35 96 82003 0
25 88 82004 0
100 72 82004 0
97 74 82012 0
100 43 82048 1
33 100 82076 0
55 90 82117 0
109 56 82128 1
40 99 82179 0
68 50 82210 1
96 42 82215 1
86 43 82251 1
28 66 82264 0
109 55 82267 1
11 100 82285 0
104 46 82292 1
48 60 82335 1
67 87 82354 0
80 78 82359 0
23 87 82401 0
100 45 82425 1
33 96 82427 0
83 43 82461 1
93 41 82494 1
82 79 82616 0
60 86 82621 0
22 91 82621 0
25 91 82640 0
24 80 82665 0
43 104 82679 0
41 97 82689 0
65 88 82693 0
83 79 82748 0
28 68 82841 0
39 98 82846 0
99 44 82846 1
89 78 82857 0
25 75 82872 0
39 97 82913 0
23 95 82939 0
25 70 82950 0
25 101 83045 0
94 75 83055 0
36 62 83166 1
25 78 83252 0
85 42 83283 1
58 51 83303 1
36 102 83329 0
73 79 83398 0
36 100 83423 0
29 99 83462 0
57 92 83470 0
21 87 83483 0
37 97 83487 0
24 75 83531 0
29 93 83605 0
13 86 83625 0
86 79 83643 0
33 94 83679 0
31 112 83725 0
26 72 83761 0
28 65 83778 0
97 42 83785 1
64 50 83787 1
24 78 83883 0
26 70 83896 0
95 74 83929 0
41 98 83984 0
62 49 83989 1
60 49 84045 1
30 93 84049 0
47 60 84060 1
42 97 84182 0
27 69 84221 0
27 94 84225 0
38 64 84238 1
52 91 84266 0
15 92 84298 0
88 78 84305 0
29 95 84401 0
97 41 84411 1
85 79 84486 0
26 93 84535 0
101 71 84561 0
25 76 84614 0
35 99 84624 0
28 69 84722 0
59 49 84757 1
43 96 84858 0
35 63 84887 1
98 38 84918 1
34 61 84975 1
94 41 84986 1
77 44 85014 1
27 90 85025 0
91 75 85068 0
102 46 85120 1
64 48 85215 1
98 42 85223 1
26 91 85228 0
38 97 85230 0
109 53 85255 1
31 62 85259 1
50 59 85276 1
26 89 85303 0
88 77 85307 0
62 86 85398 0
91 40 85454 1
82 42 85568 1
34 64 85704 1
95 77 85728 0
109 58 85729 1
81 44 85732 1
80 78 85872 0
24 84 85992 0
35 62 86005 1
81 78 86071 0
66 50 86113 1
23 89 86121 0
21 86 86191 0
22 79 86191 0
92 76 86210 0
81 79 86325 0
37 62 86344 1
25 89 86400 0
27 92 86527 0
36 64 86534 1
63 49 86667 1
90 41 86711 1
48 59 86903 1
95 40 86908 1
108 49 86975 1
95 41 87037 1
50 94 87068 0
94 40 87188 1
66 48 87252 1
42 63 87268 1
36 63 87271 1
83 80 87298 0
35 97 87316 0
108 51 87332 1
13 96 87384 0
33 96 87400 0
24 80 87409 0
23 84 87420 0
93 76 87477 0
31 93 87539 0
85 43 87543 1
30 93 87559 0
16 78 87687 0
24 74 87809 0
22 89 87850 0
19 96 87855 0
73 81 87859 0
14 97 87898 0
39 98 87927 0
96 41 87943 1
108 50 87943 1
68 86 88044 0
78 78 88137 0
31 78 88153 0
31 94 88153 0
68 49 88183 1
24 83 88298 0
63 50 88302 1
83 42 88396 1
105 47 88581 1
37 63 88609 1
24 78 88661 0
103 45 88717 1
46 60 88720 1
76 46 88784 1
38 63 88842 1
68 48 88844 1
48 94 88905 0
107 49 89001 1
77 46 89001 1
77 45 89088 1
33 95 89094 0
43 63 89360 1
26 91 89401 0
47 94 89531 0
109 57 89558 1
81 78 89649 0
72 48 89660 1
67 49 89708 1
39 64 89827 1
103 46 89985 1
28 93 90000 0
106 48 90019 1
25 71 90042 0
62 86 90076 0
59 87 90197 0
99 43 90349 1
79 76 90465 0
100 44 90579 1
102 45 90630 1
80 78 90869 0
98 40 90904 1
64 49 90910 1
101 45 90913 1
107 48 90922 1
25 76 91004 0
28 96 91012 0
109 54 91064 1
24 81 91103 0
104 47 91131 1
25 93 91238 0
61 86 91255 0
109 55 91318 1
24 84 91334 0
81 79 91381 0
34 97 91617 0
94 74 91677 0
1 26 91683 0
87 78 91763 0
66 49 91766 1
109 51 91836 1
109 59 91860 1
66 86 91891 0
107 46 92038 1
96 40 92052 1
25 72 92096 0
76 45 92099 1
69 50 92122 1
25 84 92129 0
109 56 92216 1
87 43 92218 1
95 39 92344 1
106 47 92586 1
81 78 92610 0
80 44 92672 1
45 61 92677 1
108 68 92697 1
109 53 92729 1
65 49 92824 1
65 50 92943 1
39 98 92944 0
109 52 92967 1
80 43 93016 1
88 42 93017 1
102 46 93036 1
89 42 93042 1
92 75 93046 0
25 77 93047 0
108 48 93128 1
97 42 93135 1
102 70 93141 0
57 89 93141 0
25 87 93171 0
109 50 93176 1
75 47 93186 1
104 46 93271 1
92 40 93296 1
67 48 93344 1
24 83 93407 0
24 78 93414 0
29 95 93556 0
51 92 93565 0
68 41 93568 1
95 74 93640 0
98 42 93661 1
99 43 93719 1
27 93 93719 0
27 91 93789 0
25 88 93790 0
26 91 93864 0
109 60 93908 1
79 78 93943 0
109 58 94052 1
72 47 94078 1
38 98 94140 0
107 62 94140 1
83 79 94180 0
65 86 94189 0
38 97 94201 0
60 87 94238 0
24 80 94279 0
42 98 94304 0
98 39 94305 1
105 47 94356 1
82 43 94394 1
107 49 94433 1
39 63 94497 1
98 38 94589 1
81 43 94600 1
100 71 94610 0
76 77 94612 0
107 50 94626 1
30 93 94629 0
100 43 94634 1
67 85 94677 0
97 41 94715 1
61 85 94754 0
109 62 94786 1
34 53 94821 1
101 44 94828 1
97 40 94833 1
33 61 94857 1
44 96 94885 0
25 75 94888 0
96 41 94934 1
111 72 95046 1
36 61 95070 1
29 65 95096 0
79 43 95141 1
25 78 95152 0
16 88 95156 1
64 86 95216 0
108 49 95240 1
87 42 95255 1
38 62 95279 1
71 47 95308 1
78 78 95380 0
62 86 95407 0
57 88 95411 0
110 57 95429 1
86 43 95436 1
37 97 95555 0
35 96 95580 0
84 42 95606 1
85 42 95612 1
102 44 95724 1
33 96 95818 0
33 94 95827 0
75 46 95850 1
33 62 96002 1
49 94 96152 0
29 93 96273 0
100 44 96321 1
109 61 96334 1
109 49 96396 1
81 78 96471 0
93 40 96507 1
75 78 96574 0
26 89 96579 0
82 81 96584 0
50 93 96625 0
61 49 96707 1
24 82 96754 0
61 88 96772 0
31 61 96784 1
31 95 96786 0
80 78 96840 0
31 93 96914 0
56 89 96932 0
108 50 96959 1
58 88 97020 0
43 99 97026 0
25 77 97055 0
62 48 97064 1
109 57 97077 1
108 62 97102 1
40 64 97148 1
19 71 97180 0
109 55 97200 1
60 50 97241 1
27 90 97296 0
54 90 97378 0
35 61 97387 1
69 49 97393 1
65 48 97404 1
78 81 97415 0
59 50 97488 1
32 61 97542 1
99 72 97545 0
31 94 97569 0
44 97 97620 0
37 101 97627 0
80 76 97644 0
68 49 97693 1
34 97 97711 0
33 60 97740 1
82 79 97837 0
36 62 97875 1
81 42 97896 1
109 54 97950 1
27 92 97951 0
95 41 97955 1
43 95 97963 0
25 76 98003 0
39 98 98016 0
61 86 98041 0
25 89 98067 0
83 43 98104 1
37 63 98130 1
62 49 98177 1
109 56 98188 1
64 87 98212 0
49 60 98258 1
32 62 98263 1
34 63 98353 1
34 62 98381 1
110 58 98423 1
101 45 98468 1
64 48 98485 1
101 72 98589 0
73 47 98598 1
31 97 98710 0
109 51 98789 1
26 91 98806 0
103 45 98836 1
24 83 98842 0
23 73 98984 0
20 82 99021 0
38 63 99060 1
25 87 99104 0
25 79 99210 0
30 93 99230 0
23 85 99414 0
68 38 99432 1
81 79 99488 0
86 42 99518 1
94 40 99544 1
24 78 99560 0
25 84 99873 0
47 94 99906 0
85 43 100058 1
84 43 100068 1
33 95 100166 0
109 63 100347 1
63 49 100641 1
40 97 100671 0
100 42 100721 1
91 41 100811 1
69 48 100877 1
26 92 100918 0
35 63 100932 1
26 76 100959 0
78 77 101087 0
32 63 101368 1
109 53 101374 1
109 59 101381 1
45 60 101389 1
25 72 101391 0
67 47 101420 1
94 41 101456 1
119 56 101658 1
24 85 101736 0
25 88 101970 0
24 80 102124 0
24 84 102185 0
104 46 102213 1
107 48 102250 1
37 62 102296 1
27 91 102314 0
100 41 102344 1
35 62 102418 1
70 48 102469 1
108 51 102576 1
92 41 102648 1
24 79 102801 0
29 67 102804 0
29 101 102861 0
39 64 102933 1
97 42 103075 1
76 81 103078 0
42 99 103117 0
38 99 103136 0
102 45 103159 1
100 72 103206 0
49 95 103209 0
74 47 103212 1
39 98 103327 0
106 47 103364 1
25 79 103458 0
99 43 103508 1
33 63 103542 1
36 63 103564 1
105 46 103605 1
109 58 103606 1
29 95 103609 0
36 97 103623 0
103 46 103632 1
34 97 103665 0
98 42 103823 1
54 91 103868 0
110 53 103937 1
77 77 103966 0
73 80 103988 0
39 97 104079 0
40 63 104086 1
109 52 104126 1
71 48 104210 1
105 47 104210 1
95 40 104240 1
111 55 104421 1
107 49 104474 1
97 73 104596 0
64 87 104615 0
81 78 104701 0
25 77 104757 0
108 49 104809 1
98 38 104829 1
93 75 104843 0
97 41 104922 1
74 46 104997 1
79 76 105012 0
59 86 105114 0
98 41 105183 1
78 78 105257 0
107 47 105260 1
100 44 105301 1
87 77 105330 0
101 43 105334 1
102 71 105355 0
99 42 105366 1
96 41 105368 1
61 48 105390 1
58 49 105427 1
75 45 105467 1
66 49 105477 1
103 69 105527 0
100 43 105575 1
108 63 105593 1
78 77 105598 0
40 98 105618 0
101 44 105631 1
96 40 105639 1
63 48 105668 1
101 41 105798 1
85 79 105888 0
26 69 105924 0
67 49 105986 1
68 84 106047 0
37 100 106050 0
63 85 106055 0
25 104 106079 0
27 41 106079 0
36 98 106089 0
65 49 106252 1
66 48 106331 1
109 55 106331 1
94 39 106404 1
80 77 106407 0
79 44 106524 1
88 42 106533 1
32 96 106559 0
89 77 106561 0
99 73 106578 0
109 53 106618 1
26 92 106667 0
66 86 106809 0
104 46 106836 1
88 77 106887 0
40 97 106887 0
42 97 106934 0
45 97 106954 0
22 80 106959 0
99 43 106990 1
59 88 107004 0
87 42 107029 1
43 97 107037 0
38 97 107098 0
28 93 107117 0
41 97 107154 0
47 60 107179 1
31 96 107189 0
69 85 107193 0
83 80 107221 0
18 91 107245 0
19 95 107261 0
39 63 107268 1
93 39 107268 1
27 21 107275 0
28 109 107277 0
62 61 107281 1
48 95 107304 0
106 47 107304 1
15 86 107306 0
33 94 107308 0
23 100 107311 0
26 71 107326 0
109 60 107342 1
25 78 107353 0
24 83 107394 0
3 85 107420 0
43 96 107443 0
29 93 107447 0
101 73 107451 0
91 77 107461 0
23 92 107465 0
88 78 107490 0
30 100 107500 0
26 95 107512 0
26 91 107515 0
57 30 107521 0
107 64 107531 1
24 80 107531 0
45 95 107552 0
90 76 107568 0
80 79 107577 0
37 47 107583 0
49 59 107585 1
103 45 107594 1
25 75 107626 0
26 97 107638 0
47 95 107677 0
94 75 107684 0
15 93 107691 0
35 96 107730 0
52 92 107768 0
76 78 107772 0
23 102 107826 0
52 57 107870 1
19 97 107872 0
81 76 107895 0
54 90 107927 0
109 56 107955 1
59 87 107980 0
31 93 107994 0
108 48 107997 1
51 91 107999 0
47 59 108004 1
60 86 108160 0
24 85 108186 0
77 80 108227 0
62 86 108234 0
98 42 108371 1
27 90 108380 0
64 86 108389 0
31 94 108400 0
41 95 108411 0
26 89 108415 0
24 79 108449 0
53 64 108458 1
30 93 108485 0
94 74 108491 0
8 47 108498 0
105 46 108504 1
67 85 108539 0
37 107 108568 0
63 87 108594 0
25 84 108630 0
24 71 108649 0
29 91 108662 0
82 42 108721 1
83 42 108721 1
91 75 108730 0
23 82 108731 0
24 89 108731 0
25 79 108733 0
13 7 108797 0
36 97 108806 0
25 87 108841 0
95 41 108946 1
49 93 108986 0
92 40 108987 1
104 45 109020 1
65 86 109043 0
61 87 109075 0
25 76 109108 0
37 97 109124 0
35 97 109165 0
25 89 109170 0
80 77 109213 0
56 92 109231 0
78 79 109240 0
26 72 109366 0
93 40 109463 1
109 54 109489 1
55 57 109507 1
48 94 109545 0
22 95 109604 0
109 51 109625 1
102 45 109645 1
95 74 109771 0
101 45 109781 1
58 50 109792 1
84 42 109794 1
78 77 109846 0
63 47 109883 1
61 85 109908 0
64 87 109923 0
27 91 109951 0
110 55 109954 1
38 62 109958 1
89 41 109980 1
85 42 109983 1
25 80 110000 0
85 43 110051 1
92 39 110106 1
34 61 110248 1
41 64 110251 1
89 42 110357 1
24 87 110369 0
77 45 110410 1
80 76 110419 0
39 98 110441 0
25 88 110447 0
11 83 110541 0
101 71 110672 0
33 95 110678 0
26 99 110680 0
81 78 110694 0
38 63 110757 1
109 50 110829 1
109 57 110846 1
97 42 110908 1
39 100 110912 0
95 40 111020 1
100 43 111056 1
72 46 111056 1
99 42 111078 1
25 72 111096 0
90 41 111141 1
37 63 111222 1
42 95 111249 0
41 63 111254 1
100 44 111320 1
22 78 111339 0
44 96 111441 0
97 41 111520 1
34 97 111537 0
25 77 111577 0
109 52 111613 1
86 79 111741 0
29 103 111759 0
24 78 111792 0
26 66 111838 0
107 48 111849 1
40 97 111862 0
108 49 111923 1
68 86 111934 0
68 49 112068 1
98 38 112105 1
83 79 112117 0
76 46 112165 1
25 78 112276 0
23 85 112284 0
80 77 112328 0
88 79 112374 0
91 40 112382 1
66 87 112429 0
28 91 112461 0
48 59 112469 1
94 40 112507 1
68 48 112552 1
26 92 112559 0
33 62 112569 1
27 72 112723 0
100 71 112788 0
67 86 112788 0
67 48 112788 1
25 80 112804 0
61 33 112878 0
27 92 112887 0
12 96 112978 0
33 93 112981 0
39 63 113198 1
36 61 113321 1
110 54 113351 1
46 59 113377 1
24 80 113385 0
109 59 113403 1
53 91 113436 0
32 99 113438 0
82 43 113443 1
95 75 113637 0
93 38 113721 1
59 49 113747 1
109 58 113838 1
36 97 113898 0
102 44 113912 1
102 44 113912 1
90 40 113991 1
37 61 114000 1
33 94 114187 0
37 62 114230 1
87 43 114240 1
29 64 114340 0
46 60 114397 1
60 49 114447 1
36 62 114546 1
65 46 114578 1
81 43 114612 1
59 48 114627 1
64 48 114635 1
37 96 114679 0
104 46 114809 1
24 79 114849 0
72 48 115168 1
80 42 115388 1
65 48 115483 1
39 64 115520 1
28 92 115579 0
68 41 115626 1
25 73 115696 0
99 43 115876 1
28 91 115950 0
64 87 115962 0
33 58 116057 1
50 58 116406 1
96 41 116480 1
101 44 116537 1
97 40 116557 1
109 61 116598 1
110 56 116607 1
106 47 116646 1
98 38 116663 1
106 45 116751 1
63 86 116868 0
44 60 116870 1
81 42 116917 1
35 63 116929 1
81 44 116990 1
45 59 116991 1
75 46 117058 1
102 46 117095 1
61 49 117100 1
62 49 117113 1
63 49 117151 1
90 76 117185 0
24 87 117216 0
109 53 117276 1
87 41 117294 1
33 61 117340 1
62 47 117423 1
34 60 117441 1
48 60 117527 1
29 92 117575 0
86 42 117586 1
98 41 117665 1
105 46 117714 1
103 45 117725 1
24 85 117779 0
34 62 117845 1
38 96 117921 0
97 41 118149 1
65 49 118171 1
108 48 118185 1
98 42 118224 1
49 58 118237 1
25 80 118276 0
107 63 118358 1
80 77 118438 0
76 45 118442 1
69 49 118489 1
96 40 118517 1
83 43 118635 1
29 97 118644 0
61 47 118645 1
94 38 118738 1
109 51 118775 1
101 46 118793 1
100 43 118915 1
107 47 118919 1
87 42 118999 1
37 96 119069 0
79 76 119171 0
60 48 119192 1
28 92 119232 0
100 72 119281 0
88 42 119291 1
29 91 119302 0
110 59 119323 1
108 49 119466 1
99 42 119509 1
104 45 119524 1
57 50 119531 1
108 64 119550 1
81 76 119633 0
109 50 119633 1
31 93 119712 0
109 55 119777 1
82 42 119796 1
110 51 119821 1
99 72 119876 0
49 93 119892 0
25 75 120081 0
109 60 120090 1
104 46 120095 1
26 70 120121 0
33 97 120124 0
26 89 120222 0
36 95 120266 0
34 63 120354 1
78 77 120354 0
63 85 120425 0
25 79 120429 0
37 99 120620 0
70 49 120622 1
110 57 120624 1
40 63 120630 1
81 79 120634 0
62 48 120685 1
92 40 120686 1
35 62 120758 1
29 92 120782 0
65 47 120823 1
72 47 120860 1
43 95 120872 0
26 76 120911 0
25 86 120958 0
26 82 120992 0
95 39 121001 1
92 75 121017 0
102 43 121033 1
30 93 121037 0
41 97 121058 0
27 90 121160 0
81 77 121188 0
47 94 121236 0
40 97 121267 0
106 46 121279 1
36 97 121285 0
91 76 121335 0
96 41 121378 1
38 96 121416 0
109 45 121426 1
35 61 121440 1
38 62 121518 1
102 45 121528 1
95 40 121534 1
25 84 121542 0
109 52 121553 1
102 44 121555 1
30 66 121584 0
39 62 121599 1
87 78 121718 0
25 76 121718 0
64 87 121741 0
37 98 121786 0
66 48 121814 1
68 47 121844 1
38 61 121855 1
25 73 121899 0
93 40 121902 1
80 76 121959 0
59 86 121976 0
85 42 122019 1
28 91 122047 0
25 87 122101 0
73 46 122120 1
36 63 122261 1
106 47 122302 1
113 42 122311 1
38 63 122362 1
101 44 122391 1
26 92 122411 0
100 44 122452 1
86 41 122484 1
45 96 122491 0
69 48 122509 1
28 92 122601 0
103 45 122620 1
63 48 122620 1
24 80 122644 0
109 45 122823 0
39 97 122824 0
57 88 122898 0
109 62 123028 1
63 86 123046 0
37 97 123159 0
80 43 123192 1
29 93 123216 0
110 54 123301 1
25 38 123331 1
25 77 123331 0
74 80 123386 0
49 94 123397 0
35 60 123462 1
86 40 123495 1
36 95 123501 0
29 92 123537 0
99 43 123538 1
38 97 123541 0
87 77 123568 0
37 96 123585 0
97 41 123612 1
105 46 123648 1
83 78 123654 0
105 45 123678 1
39 63 123688 1
83 42 123714 1
36 60 123744 1
110 55 123751 1
25 86 123779 0
89 39 123835 1
68 49 123872 1
69 47 123908 1
88 40 123917 1
67 48 123955 1
26 91 123993 0
27 91 123999 0
83 85 124014 0
76 80 124032 0
94 39 124062 1
84 42 124068 1
39 98 124119 0
33 94 124168 0
111 54 124177 1
35 96 124207 0
77 76 124224 0
25 80 124258 0
34 61 124262 1
34 94 124299 0
81 77 124310 0
109 49 124318 1
110 58 124336 1
37 63 124339 1
99 42 124387 1
109 56 124457 1
109 51 124536 1
101 43 124563 1
26 71 124567 0
38 96 124614 0
64 48 124704 1
31 93 124762 0
108 48 124862 1
33 93 124896 0
57 48 124929 1
37 62 124938 1
64 46 124971 1
42 97 125007 0
93 39 125045 1
98 41 125240 1
29 95 125332 0
110 53 125348 1
68 48 125350 1
100 43 125361 1
75 43 125415 1
24 87 125482 0
80 77 125485 0
50 93 125621 0
46 61 125701 1
68 84 125874 0
109 58 125908 1
93 74 126063 0
57 49 126252 1
98 42 126308 1
96 37 126321 1
99 41 126407 1
28 99 126441 0
94 40 126470 1
25 71 126514 0
83 78 126545 0
5 61 126575 0
31 94 126612 0
29 92 126621 0
107 49 126705 1
28 92 126725 0
24 77 126806 0
69 84 126833 0
34 94 126912 0
29 65 126925 0
94 76 126956 0
74 46 127015 1
47 59 127022 1
109 59 127048 1
25 78 127067 0
36 61 127192 1
67 85 127233 0
25 86 127268 0
47 93 127340 0
26 89 127360 0
25 73 127463 0
27 90 127464 0
38 99 127587 0
107 43 127631 1
81 77 127688 0
103 44 127785 1
77 77 127948 0
24 79 128043 0
77 45 128055 1
109 68 128084 1
96 40 128396 1
81 76 128464 0
25 88 128524 0
113 59 128556 1
106 44 128562 1
36 95 128563 0
29 91 128598 0
41 64 128687 1
71 47 128692 1
96 74 128720 0
68 87 128753 0
42 63 128806 1
61 48 128922 1
77 44 128930 1
98 38 128964 1
87 34 129033 1
111 56 129045 1
43 62 129130 1
81 80 129204 0
108 49 129208 1
110 56 129258 1
25 72 129273 0
83 78 129308 0
109 50 129329 1
59 50 129350 1
64 87 129500 0
49 59 129500 1
39 95 129632 0
25 84 129666 0
67 47 129714 1
27 94 129820 0
76 44 129884 1
108 47 129922 1
34 94 130066 0
23 94 130069 0
104 45 130083 1
82 77 130112 0
25 85 130232 0
27 89 130374 0
34 97 130434 0
109 53 130452 1
97 40 130455 1
107 47 130456 1
30 93 130472 0
88 78 130477 0
89 42 130480 1
28 68 130557 0
25 79 130603 0
99 71 130645 0
25 75 130652 0
87 42 130661 1
100 39 130703 1
103 45 130834 1
23 86 130908 0
30 100 131023 0
100 42 131087 1
106 47 131199 1
111 50 131206 1
38 96 131227 0
109 61 131330 1
60 87 131330 0
105 46 131367 1
100 71 131380 0
30 105 131412 0
28 91 131437 0
91 41 131451 1
77 78 131519 0
102 70 131561 0
48 94 131601 0
35 101 131638 0
110 52 131641 1
21 82 131710 0
101 44 131715 1
34 100 131760 0
99 42 131903 1
97 41 131954 1
83 78 132038 0
66 86 132045 0
37 61 132086 1
41 95 132106 0
38 62 132117 1
65 48 132182 1
110 50 132208 1
109 60 132252 1
81 77 132321 0
79 76 132333 0
93 74 132397 0
95 40 132439 1
98 38 132603 1
108 48 132747 1
90 41 132751 1
106 46 132758 1
73 47 132782 1
30 94 132802 0
70 48 132802 1
62 86 132830 0
84 79 132833 0
102 44 132872 1
109 51 132872 1
65 86 132875 0
82 77 132907 0
110 57 132927 1
89 40 133004 1
41 63 133047 1
111 44 133051 1
26 76 133185 0
107 46 133206 1
109 48 133238 1
83 41 133276 1
88 77 133287 0
64 47 133289 1
110 54 133289 1
26 72 133340 0
98 41 133350 1
25 86 133352 0
115 42 133376 1
48 59 133481 1
58 88 133528 0
45 94 133537 0
28 90 133564 0
63 85 133589 0
66 47 133684 1
77 76 133699 0
45 95 133765 0
34 96 133770 0
25 85 133794 0
37 96 133831 0
36 62 133841 1
26 82 133843 0
110 55 133874 1
33 62 133938 1
88 41 133958 1
80 78 133978 0
25 89 133982 0
101 71 133986 0
29 92 133994 0
105 45 133996 1
64 86 134033 0
63 86 134039 0
27 89 134073 0
82 42 134143 1
25 100 134160 0
88 42 134161 1
89 41 134186 1
61 49 134189 1
24 81 134193 0
60 86 134198 0
40 62 134226 1
81 76 134236 0
110 53 134244 1
43 96 134311 0
95 39 134312 1
17 85 134330 0
61 85 134458 0
75 45 134461 1
79 44 134480 1
41 97 134503 0
28 92 134579 0
28 69 134593 0
81 43 134613 1
100 43 134616 1
103 45 134667 1
98 40 134705 1
92 39 134718 1
92 74 134727 0
47 60 134747 1
51 92 134749 0
25 80 134751 0
41 96 134755 0
34 94 134788 0
39 98 134792 0
30 91 134827 0
93 40 134872 1
69 49 134890 1
85 79 134953 0
104 46 135010 1
85 42 135030 1
92 40 135058 1
25 76 135068 0
63 47 135131 1
33 94 135148 0
43 97 135157 0
40 63 135158 1
44 96 135207 0
24 97 135240 0
71 48 135244 1
97 40 135280 1
85 41 135337 1
94 74 135375 0
56 89 135391 0
107 47 135391 1
25 87 135408 0
33 60 135414 1
99 40 135455 1
41 99 135486 0
25 73 135508 0
99 42 135534 1
96 40 135543 1
39 62 135612 1
33 93 135614 0
66 48 135628 1
42 95 135716 0
24 77 135723 0
78 44 135748 1
69 86 135774 0
83 78 135775 0
39 63 135794 1
82 77 135807 0
28 94 135877 0
101 43 135895 1
97 73 135907 0
68 85 135919 0
105 46 135920 1
109 50 135952 1
104 45 135965 1
31 93 135995 0
35 61 136026 1
96 73 136053 0
110 51 136125 1
16 78 136157 0
38 63 136224 1
22 87 136260 0
91 75 136285 0
39 95 136415 0
102 43 136465 1
36 97 136466 0
125 49 136526 1
24 80 136541 0
38 96 136558 0
54 90 136590 0
26 84 136604 0
64 48 136650 1
33 96 136712 0
28 90 136727 0
64 87 136729 0
67 48 136754 1
60 85 136827 0
60 88 136829 0
25 85 136839 0
40 97 136841 0
25 105 136905 0
100 42 136960 1
109 49 137002 1
42 62 137009 1
97 41 137037 1
27 89 137117 0
71 82 137125 1
36 95 137197 0
11 101 137212 0
16 88 137212 0
33 95 137214 0
27 91 137262 0
74 78 137329 0
75 46 137366 1
33 63 137442 1
27 92 137448 0
58 87 137475 0
110 56 137497 1
84 41 137507 1
32 64 137513 1
63 49 137556 1
58 49 137566 1
52 91 137602 0
29 91 137603 0
25 77 137653 0
48 58 137680 1
91 40 137681 1
80 76 137709 0
69 48 137718 1
101 44 137725 1
27 72 137728 0
38 61 137786 1
28 91 137864 0
110 59 137891 1
62 85 137927 0
87 41 138016 1
101 42 138026 1
79 77 138132 0
49 93 138222 0
59 87 138238 0
43 95 138309 0
37 62 138397 1
31 100 138442 0
34 62 138516 1
65 47 138546 1
26 76 138583 0
25 84 138595 0
27 90 138605 0
30 65 138606 0
32 100 138625 0
81 78 138663 0
95 38 138665 1
81 77 138675 0
24 96 138676 0
90 76 138692 0
15 89 138723 0
32 92 138755 0
62 48 138779 1
55 92 138779 0
72 48 138806 1
63 48 138837 1
110 58 138912 1
38 62 139092 1
37 7 139120 0
34 94 139176 0
61 84 139286 0
27 69 139309 0
98 38 139366 1
81 42 139379 1
93 74 139493 0
76 45 139518 1
84 79 139586 0
43 61 139631 1
30 94 139722 0
26 82 139856 0
25 86 139942 0
24 83 139961 0
83 42 139973 1
46 96 140040 0
98 41 140042 1
41 96 140176 0
35 62 140211 1
26 89 140239 0
57 90 140251 0
96 38 140340 1
25 82 140362 0
26 84 140487 0
31 60 140516 1
96 39 140581 1
34 96 140690 0
47 58 140707 1
70 47 140730 1
51 93 140880 0
82 77 140898 0
25 85 140910 0
84 42 140951 1
16 90 141339 0
25 78 141356 0
29 92 141467 0
28 90 141566 0
33 61 141688 1
27 68 141695 0
87 42 141809 1
26 71 141875 0
85 78 141913 0
94 39 141931 1
19 83 141937 0
54 91 142081 0
21 93 142094 0
30 91 142136 0
99 71 142142 0
62 85 142150 0
43 98 142203 0
28 97 142210 0
32 98 142258 0
36 101 142274 0
38 101 142349 0
20 95 142364 0
30 98 142505 0
18 88 142528 0
27 89 142539 0
28 95 142607 0
106 46 142638 1
24 90 142640 0
83 78 142668 0
65 84 142738 0
26 90 142828 0
43 63 142870 1
103 44 142887 1
28 70 142917 0
34 95 142971 0
100 74 143015 0
81 80 143235 0
25 91 143288 0
99 41 143497 1
79 77 143575 0
16 93 143626 0
108 48 143664 1
95 74 143690 0
102 44 143745 1
68 85 143747 0
96 73 143768 0
95 40 143944 1
25 82 143997 0
87 77 143998 0
98 38 144060 1
110 54 144119 1
92 74 144153 0
100 71 144234 0
37 7 144265 1
76 77 144323 0
59 49 144339 1
104 44 144373 1
108 47 144393 1
99 42 144454 1
61 86 144504 0
109 51 144588 1
110 53 144644 1
37 60 144649 1
110 57 144673 1
106 43 144689 1
105 43 144697 1
110 52 144703 1
101 70 144891 0
86 80 144897 0
81 76 144944 0
68 84 145050 0
110 55 145086 1
110 60 145112 1
36 61 145199 1
105 45 145203 1
78 77 145429 0
107 47 145437 1
86 42 145470 1
107 46 145538 1
103 45 145659 1
71 40 145732 1
109 50 145741 1
104 45 145797 1
109 61 145806 1
93 39 145825 1
97 40 145846 1
58 87 145847 0
27 96 145916 0
68 48 145944 1
106 47 145955 1
85 78 145972 0
97 38 146021 1
41 61 146059 1
96 72 146093 0
66 84 146124 0
68 86 146174 0
100 72 146208 0
98 31 146208 1
100 45 146233 1
110 56 146277 1
67 85 146358 0
46 59 146380 1
109 48 146382 1
100 42 146413 1
50 58 146427 1
108 49 146436 1
98 40 146561 1
97 39 146575 1
109 63 146576 1
69 85 146605 0
55 89 146670 0
35 63 146707 1
65 49 146722 1
68 47 146751 1
110 49 146782 1
96 40 146813 1
83 77 146815 0
109 60 146868 1
41 63 146875 1
86 41 146938 1
39 63 146941 1
49 58 147034 1
101 43 147052 1
41 95 147124 0
110 50 147175 1
26 86 147177 0
67 47 147186 1
33 93 147221 0
17 92 147231 0
110 61 147275 1
88 78 147287 0
109 49 147384 1
94 38 147391 1
69 47 147392 1
77 45 147515 1
84 79 147538 0
37 96 147551 0
32 92 147567 0
98 41 147596 1
37 95 147722 0
24 77 147722 0
108 48 147727 1
65 48 147772 1
62 47 147886 1
64 48 147902 1
24 87 147941 0
41 64 147942 1
68 49 147951 1
34 95 147972 0
39 95 147994 0
26 70 148012 0
25 82 148040 0
38 96 148101 0
25 85 148152 0
84 81 148199 0
24 80 148211 0
31 91 148232 0
25 79 148233 0
90 39 148241 1
67 46 148281 1
111 49 148284 1
109 62 148310 1
81 41 148317 1
110 58 148344 1
39 62 148354 1
34 60 148373 1
26 90 148379 0
63 85 148391 0
87 78 148401 0
95 39 148404 1
110 51 148452 1
47 94 148514 0
60 48 148535 1
74 45 148540 1
40 61 148564 1
26 72 148599 0
35 60 148647 1
26 76 148686 0
69 46 148712 1
37 61 148741 1
71 46 148828 1
102 43 148837 1
103 44 148914 1
41 96 148962 0
29 91 148971 0
34 94 149024 0
40 62 149027 1
25 73 149045 0
26 84 149058 0
70 85 149064 0
28 92 149079 0
80 77 149100 0
89 77 149115 0
44 96 149164 0
30 94 149181 0
83 77 149187 0
39 97 149210 0
110 54 149214 1
25 74 149218 0
69 84 149225 0
79 77 149228 0
28 90 149253 0
36 95 149272 0
29 67 149407 0
33 94 149420 0
97 76 149458 0
79 87 149466 0
108 46 149538 1
105 46 149549 1
47 93 149595 0
14 86 149612 0
43 96 149624 0
31 93 149626 0
26 82 149636 0
61 48 149656 1
31 108 149669 0
67 87 149678 0
34 96 149691 0
51 91 149703 0
46 97 149712 0
22 82 149717 0
34 61 149721 1
82 77 149723 0
18 87 149744 0
79 76 149778 0
33 99 149792 0
67 48 149794 1
27 90 149802 0
24 88 149810 0
26 86 149837 0
64 87 149894 0
10 88 149947 0
78 43 149984 1
25 80 150085 0
99 42 150096 1
30 91 150110 0
99 72 150156 0
85 42 150223 1
109 45 150234 1
42 95 150286 0
30 66 150308 0
39 61 150428 1
109 45 150434 0
38 62 150435 1
110 57 150445 1
28 101 150502 0
36 62 150535 1
82 42 150544 1
23 85 150589 0
83 78 150608 0
15 112 150658 0
25 108 150690 0
89 84 150701 0
73 79 150713 0
13 104 150726 0
85 78 150740 0
62 85 150801 0
73 46 150821 1
60 85 150863 0
38 97 150877 0
28 67 150919 0
66 48 150940 1
107 46 150988 1
29 83 151000 0
25 76 151000 0
57 87 151004 0
102 70 151052 0
75 79 151060 0
102 44 151105 1
72 47 151106 1
40 63 151110 1
35 96 151125 0
110 53 151171 1
103 43 151315 1
38 61 151316 1
52 93 151419 0
83 77 151491 0
59 86 151496 0
46 60 151549 1
32 92 151575 0
36 60 151579 1
37 95 151644 0
27 89 151715 0
24 76 151886 0
106 46 151911 1
106 45 151922 1
44 95 151941 0
57 88 152010 0
110 55 152098 1
79 43 152164 1
82 41 152199 1
81 76 152204 0
98 38 152320 1
35 61 152341 1
96 72 152377 0
25 75 152409 0
93 74 152470 0
42 108 152497 0
69 48 152519 1
26 86 152567 0
79 42 152685 1
88 41 152864 1
99 41 152900 1
77 44 152947 1
89 41 152962 1
26 90 153029 0
38 60 153058 1
80 42 153081 1
64 85 153087 0
25 82 153103 0
85 34 153195 1
32 62 153197 1
34 95 153285 0
118 65 153291 1
32 61 153414 1
44 61 153415 1
107 45 153426 1
44 62 153561 1
87 41 153573 1
99 38 153619 1
24 84 153824 0
110 59 153847 1
82 38 153860 1
82 82 153860 0
42 101 153923 0
84 80 153928 0
108 47 154018 1
32 94 154045 0
74 46 154074 1
80 76 154148 0
33 92 154182 0
81 77 154454 0
70 48 154457 1
100 42 154481 1
49 59 154787 1
113 62 154800 1
80 43 154819 1
109 47 154846 1
47 59 154935 1
107 47 154940 1
68 46 154978 1
28 91 155101 0
59 48 155152 1
85 41 155247 1
41 62 155249 1
83 40 155331 1
83 77 155413 0
71 47 155621 1
90 40 155639 1
65 84 155684 0
110 52 155687 1
107 44 155923 1
26 81 155925 0
31 92 155972 0
99 71 155982 0
63 48 156005 1
50 92 156118 0
102 71 156172 0
24 75 156365 0
105 45 156378 1
105 42 156594 1
72 46 156680 1
109 48 156704 1
110 56 156726 1
36 61 156729 1
26 88 156751 0
55 89 156814 0
25 74 156928 0
74 36 157043 1
100 41 157206 1
95 40 157264 1
16 78 157268 0
37 62 157278 1
92 40 157281 1
41 98 157285 0
79 77 157339 0
26 86 157347 0
23 91 157552 0
66 47 157571 1
63 47 157595 1
29 92 157683 0
109 50 157728 1
113 47 157779 1
24 94 157795 0
52 92 158015 0
96 39 158051 1
34 94 158051 0
18 81 158060 0
97 40 158104 1
64 85 158114 0
93 40 158284 1
38 99 158397 0
5 61 158547 0
68 48 158583 1
29 63 158657 0
97 41 158684 1
26 90 158814 0
103 70 158874 0
40 62 158877 1
28 95 158911 0
112 61 158948 1
24 85 159005 0
35 106 159015 0
44 98 159016 0
22 77 159031 0
25 77 159082 0
27 93 159106 0
21 99 159189 0
68 85 159240 0
32 94 159281 0
109 49 159299 1
96 73 159473 0
44 95 159535 0
98 73 159650 0
31 92 159668 0
90 75 159693 0
26 81 159796 0
24 80 159815 0
94 39 159960 1
43 95 160124 0
47 96 160125 0
58 87 160175 0
84 41 160244 1
91 39 160257 1
77 76 160334 0
77 41 160381 1
33 93 160429 0
46 94 160472 0
20 88 160490 0
85 78 160559 0
38 95 160617 0
116 50 160818 1
29 89 160931 0
26 88 160934 0
34 95 160962 0
45 94 160980 0
61 85 161033 0
68 41 161042 1
25 90 161064 0
31 91 161066 0
87 79 161089 0
45 95 161199 0
61 87 161374 0
30 64 161410 0
40 96 161716 0
26 84 161802 0
27 72 161870 0
77 42 162169 1
98 40 162279 1
39 62 162325 1
28 89 162482 0
25 81 162518 0
103 44 162683 1
91 74 162705 0
84 79 162715 0
90 41 162768 1
26 71 162897 0
29 91 163291 0
26 76 163498 0
89 10 163556 1
79 40 163606 1
34 59 163773 1
31 92 163802 0
26 83 163829 0
63 86 163975 0
110 50 164118 1
26 82 164295 0
95 73 164353 0
96 40 164587 1
64 89 164714 0
66 84 164806 0
24 76 164828 0
25 82 164930 0
75 45 165033 1
98 38 165124 1
38 95 165205 0
26 88 165210 0
32 94 165280 0
62 48 165378 1
25 83 165504 0
64 47 165512 1
64 85 165602 0
102 43 165701 1
65 47 165757 1
104 42 165787 1
98 72 165883 0
39 63 165887 1
28 89 166003 0
26 81 166067 0
18 99 166130 0
28 98 166173 0
50 92 166504 0
40 96 166781 0
106 109 166802 1
102 42 166803 1
41 63 167072 1
68 38 167126 1
34 53 167152 1
25 74 167207 0
82 76 167242 0
78 44 167371 1
104 43 167904 1
26 90 168080 0
61 47 168250 1
26 83 168289 0
83 41 168330 1
62 46 168521 1
104 44 168586 1
67 86 168650 0
25 81 168723 0
36 96 169092 0
86 41 169310 1
90 77 169350 0
87 42 169389 1
94 73 169463 0
48 59 169501 1
91 37 169722 1
102 40 169773 1
103 45 170012 1
79 44 170022 1
107 46 170211 1
101 43 170262 1
101 42 170546 1
7 92 170561 0
58 50 170563 1
110 51 170565 1
105 44 170570 1
83 77 170691 0
26 87 170938 0
88 78 171009 0
24 80 171093 0
98 41 171125 1
110 58 171222 1
110 57 171230 1
100 71 171324 0
26 86 171333 0
25 92 171405 0
82 76 171418 0
27 95 171436 0
110 54 171465 1
103 69 171497 0
42 63 171555 1
26 88 171595 0
97 71 171623 1
68 54 171656 1
16 88 171715 0
26 89 171724 0
65 103 171728 0
25 83 171774 0
109 45 171801 1
100 42 172010 1
48 96 172121 0
95 39 172130 1
102 44 172201 1
105 45 172224 1
44 97 172400 0
68 84 172435 0
22 93 172467 0
109 45 172486 0
98 73 172526 0
60 87 172528 0
31 105 172557 0
32 92 172606 0
37 95 172640 0
99 41 172643 1
64 48 172746 1
25 90 172800 0
60 86 172804 0
87 77 172826 0
101 71 172828 0
34 96 172951 0
99 42 172952 1
39 95 172974 0
92 39 173011 1
41 95 173037 0
37 60 173070 1
110 53 173091 1
109 48 173230 1
29 65 173294 0
96 72 173383 0
38 96 173418 0
19 91 173437 0
39 94 173496 0
28 89 173517 0
37 61 173530 1
83 42 173552 1
67 85 173561 0
101 39 173565 1
108 47 173587 1
106 45 173629 1
95 73 173656 0
30 91 173663 0
110 55 173720 1
98 72 173756 0
32 94 173795 0
28 90 173806 0
28 68 173817 0
26 74 173823 0
27 85 173826 0
101 70 173864 0
38 95 173879 0
89 40 173997 1
48 94 174031 0
26 73 174057 0
97 40 174119 1
93 39 174133 1
110 60 174138 1
85 40 174240 1
40 96 174246 0
32 60 174254 1
38 61 174327 1
38 62 174327 1
97 39 174332 1
38 99 174372 0
58 47 174403 1
51 92 174436 0
67 47 174436 1
81 42 174484 1
33 92 174578 0
88 77 174710 0
26 83 174751 0
110 49 174850 1
36 95 174854 0
46 94 174870 0
82 76 174918 0
95 37 174919 1
31 92 174919 0
50 93 174994 0
39 61 175004 1
76 45 175016 1
75 78 175041 0
68 47 175047 1
24 106 175193 0
42 97 175235 0
34 104 175276 0
41 96 175336 0
26 87 175386 0
83 81 175416 0
37 97 175428 0
49 58 175504 1
81 43 175509 1
70 84 175529 0
37 96 175532 0
98 40 175558 1
63 85 175575 0
49 93 175585 0
69 47 175689 1
109 61 175694 1
72 28 175763 1
67 48 175764 1
35 95 175778 0
82 77 175817 0
81 80 175871 0
25 86 175896 0
33 102 175968 0
36 99 175989 0
95 38 175989 1
81 76 176019 0
22 90 176090 0
44 96 176090 0
91 75 176148 0
65 84 176189 0
26 76 176190 0
67 90 176215 0
17 106 176239 0
21 110 176277 0
110 50 176284 1
21 76 176286 0
95 78 176341 0
30 65 176373 0
103 44 176382 1
36 96 176385 0
27 89 176390 0
59 87 176420 0
25 81 176438 0
87 41 176486 1
35 98 176523 0
61 84 176774 0
31 91 176775 0
71 48 176777 1
94 73 176825 0
26 72 176915 0
65 48 176977 1
28 70 177073 0
34 92 177095 0
26 81 177206 0
61 49 177456 1
107 46 177473 1
26 82 177550 0
100 41 177651 1
91 40 177661 1
110 59 177768 1
48 58 177773 1
99 40 177845 1
32 92 177901 0
26 74 177934 0
33 93 177949 0
32 101 178033 0
94 38 178049 1
28 66 178080 0
33 107 178087 0
21 94 178097 0
25 84 178111 0
108 48 178132 1
45 96 178245 0
126 27 178449 1
73 45 178475 1
25 88 178492 0
34 60 178518 1
40 61 178527 1
27 66 178546 0
97 72 178551 0
98 80 178569 0
29 89 178572 0
27 87 178639 0
64 86 178859 0
123 45 178879 1
41 105 178954 0
109 49 179008 1
65 46 179036 1
110 48 179066 1
78 78 179133 0
25 72 179203 0
30 91 179211 0
26 84 179269 0
12 95 179319 0
30 101 179345 0
26 88 179345 0
65 86 179355 0
109 45 179358 1
40 62 179366 1
11 95 179377 0
83 77 179398 0
44 95 179404 0
24 91 179517 0
28 89 179526 0
25 83 179563 0
26 73 179568 0
30 93 179579 0
26 87 179752 0
66 46 179825 1
66 90 179891 0
16 88 179924 0
31 98 179944 0
89 10 179996 0
67 86 180000 0
42 62 180135 1
19 104 180643 0
15 99 180748 0
103 43 180778 1
85 78 180794 0
23 90 180892 0
27 69 180969 0
35 60 180986 1
102 43 181005 1
88 41 181068 1
24 80 181170 0
21 77 181203 0
55 89 181207 0
23 74 181224 0
32 103 181253 0
83 78 181299 0
33 92 181314 0
27 77 181333 0
37 94 181367 0
27 72 181455 0
42 95 181465 0
26 69 181610 0
110 51 181657 1
66 86 181831 0
117 62 181886 1
76 44 181902 1
35 95 182007 0
98 39 182019 1
28 69 182079 0
69 84 182153 0
24 76 182214 0
62 85 182276 0
123 28 182431 1
46 95 182475 0
26 74 182511 0
35 59 182526 1
116 53 182623 1
96 39 182682 1
110 62 182731 1
110 56 182830 1
108 46 182852 1
92 75 182869 0
109 48 182875 1
27 87 182900 0
19 87 182961 0
21 88 182962 0
109 46 182976 1
79 76 183012 0
23 83 183016 0
105 45 183048 1
35 61 183052 1
9 99 183123 0
41 62 183267 1
104 44 183302 1
38 94 183303 0
98 72 183328 0
34 94 183465 0
26 83 183517 0
19 108 183533 0
42 96 183707 0
65 89 183762 0
99 71 183888 0
77 82 184033 0
110 57 184047 1
24 80 184137 0
85 42 184176 1
50 58 184245 1
54 96 184252 0
82 76 184291 0
106 45 184373 1
32 104 184402 0
26 85 184469 0
85 41 184677 1
84 41 184730 1
86 78 184745 0
90 75 184796 0
56 88 184798 0
92 74 184830 0
36 96 184846 0
90 76 184954 0
91 86 184970 0
24 92 184976 0
64 85 185000 0
26 87 185015 0
35 102 185030 0
101 42 185039 1
107 46 185111 1
23 76 185112 0
63 87 185188 0
77 45 185198 1
110 58 185200 1
33 61 185211 1
98 40 185380 1
82 42 185431 1
47 58 185476 1
100 42 185653 1
29 111 185702 0
109 60 185854 1
62 47 185875 1
38 95 185880 0
72 48 185885 1
109 47 185893 1
64 46 185899 1
66 84 185990 0
36 61 186033 1
41 95 186092 0
92 40 186132 1
69 48 186133 1
97 40 186146 1
108 47 186152 1
46 58 186199 1
91 83 186261 0
38 98 186307 0
27 79 186330 0
65 34 186388 1
26 86 186405 0
88 40 186407 1
97 72 186410 0
110 50 186413 1
29 93 186431 0
79 79 186447 0
77 77 186486 0
39 60 186575 1
83 41 186601 1
95 39 186607 1
71 45 186659 1
21 26 186662 1
64 48 186706 1
39 62 186710 1
96 38 186711 1
36 60 186731 1
100 41 186798 1
107 45 186810 1
40 96 186858 0
103 44 186977 1
47 93 186994 0
68 83 187015 0
111 55 187030 1
47 60 187044 1
38 60 187050 1
86 77 187102 0
103 42 187108 1
29 91 187134 0
80 76 187215 0
78 76 187240 0
32 92 187339 0
27 85 187350 0
37 94 187371 0
109 48 187444 1
102 42 187448 1
34 61 187451 1
27 91 187627 0
89 41 187679 1
97 39 187703 1
43 95 187704 0
22 74 187718 0
67 47 187722 1
97 35 187785 1
26 78 187852 0
105 45 187864 1
61 39 187872 1
61 48 187891 1
39 95 187907 0
92 37 187938 1
89 40 187941 1
94 39 187941 1
105 44 187951 1
36 59 187957 1
63 46 187995 1
34 93 188008 0
95 73 188021 0
37 62 188060 1
43 43 188073 1
43 62 188073 1
114 55 188073 1
101 41 188089 1
74 45 188100 1
110 47 188100 1
36 62 188113 1
102 43 188129 1
104 38 188151 1
50 92 188165 0
31 91 188217 0
67 46 188261 1
26 73 188370 0
99 40 188375 1
111 52 188382 1
65 84 188390 0
110 49 188458 1
77 44 188477 1
30 90 188529 0
31 92 188530 0
38 96 188531 0
34 92 188548 0
87 40 188551 1
60 48 188556 1
27 86 188562 0
111 51 188566 1
79 77 188661 0
63 47 188682 1
68 84 188733 0
26 82 188735 0
43 96 188743 0
41 63 188767 1
22 96 188768 0
35 95 188822 0
26 74 188841 0
67 45 188846 1
75 44 188876 1
110 51 188888 1
26 85 188997 0
25 85 189006 0
33 60 189008 1
68 48 189028 1
39 61 189039 1
39 94 189042 0
110 54 189061 1
32 95 189139 0
100 72 189150 0
37 95 189176 0
29 64 189199 0
65 47 189332 1
86 41 189393 1
38 61 189393 1
52 91 189428 0
57 52 189430 1
26 81 189476 0
107 46 189663 1
33 62 189664 1
35 92 189723 0
87 41 189723 1
62 86 189763 0
84 40 189808 1
34 102 189887 0
41 61 189915 1
15 97 189924 0
90 40 189928 1
37 60 189964 1
25 78 189992 0
104 44 190016 1
39 96 190028 0
29 89 190037 0
110 61 190078 1
31 65 190093 0
65 87 190233 0
69 47 190235 1
93 74 190252 0
27 87 190254 0
28 89 190260 0
102 70 190314 0
68 47 190386 1
103 43 190431 1
98 73 190464 0
59 47 190485 1
26 84 190567 0
98 40 190571 1
51 91 190641 0
26 76 190678 0
27 90 190686 0
27 76 190714 0
95 35 190747 1
76 78 190801 0
95 38 190828 1
94 73 190876 0
40 62 190897 1
111 53 190897 1
33 92 190994 0
27 82 191002 0
108 43 191106 1
106 45 191145 1
42 96 191197 0
45 95 191378 0
97 35 191397 1
57 87 191448 0
78 44 191585 1
108 46 191664 1
22 101 191789 0
27 86 191859 0
26 78 191967 0
72 47 191967 1
64 42 191993 1
96 40 192015 1
34 93 192035 0
86 77 192043 0
30 91 192044 0
47 94 192154 0
103 39 192164 1
38 94 192176 0
40 61 192182 1
30 90 192258 0
104 43 192369 1
98 80 192408 1
27 89 192435 0
60 85 192448 0
53 90 192477 0
82 76 192518 0
98 39 192588 1
110 55 192588 1
25 90 192655 0
82 41 192670 1
86 40 192776 1
111 59 192846 1
75 45 192930 1
93 38 193012 1
86 78 193078 0
68 46 193102 1
28 90 193145 0
109 62 193224 1
74 36 193262 1
26 85 193262 0
100 41 193292 1
32 92 193300 0
30 94 193335 0
18 95 193398 0
44 96 193469 0
17 85 193470 0
41 96 193512 0
39 98 193530 0
101 42 193586 1
35 94 193615 0
32 93 193702 0
81 76 193755 0
21 101 193761 0
45 94 193854 0
26 80 194051 0
27 77 194052 0
70 46 194104 1
37 94 194151 0
45 16 194330 1
26 87 194364 0
108 45 194381 1
110 48 194529 1
20 94 194616 0
56 88 194678 0
46 95 194721 0
33 59 194882 1
78 76 195029 0
48 58 195087 1
78 43 195371 1
78 82 195657 0
72 82 195786 1
110 60 195825 1
80 43 195832 1
97 35 195900 1
63 48 195900 1
34 93 196042 0
58 87 196118 0
25 79 196264 0
71 47 196278 1
70 47 196378 1
26 78 196408 0
24 80 196418 0
19 85 196474 0
32 108 196477 0
100 71 196505 0
27 106 196620 0
27 79 196630 0
83 77 196636 0
85 77 196639 0
42 109 196642 0
41 97 196657 0
9 98 196700 0
49 58 196706 1
40 102 196737 0
10 60 196777 0
107 47 196788 1
36 96 196827 0
95 75 196841 0
101 70 196891 0
73 46 196940 1
87 77 196980 0
16 78 197089 0
36 93 197135 0
39 96 197169 0
89 76 197229 0
67 86 197235 0
94 38 197235 1
32 91 197282 0
93 39 197285 1
59 86 197379 0
26 83 197490 0
110 50 197504 1
91 74 197556 0
103 69 197685 0
51 94 197696 0
69 97 197701 0
83 76 197735 0
69 85 197806 0
27 73 197809 0
92 39 197943 1
60 47 198006 1
41 62 198052 1
18 85 198124 0
85 41 198140 1
27 67 198177 0
84 41 198180 1
26 80 198208 0
56 58 198212 1
62 87 198325 0
96 72 198410 0
27 85 198481 0
85 76 198498 0
27 86 198580 0
45 61 198590 1
29 98 198603 0
95 39 198643 1
86 77 198718 0
16 96 198769 0
79 43 198776 1
21 90 198878 0
22 85 198906 0
26 90 198999 0
61 86 199048 0
66 84 199082 0
15 100 199108 0
69 84 199127 0
17 100 199135 0
34 53 199167 1
100 40 199218 1
31 91 199250 0
31 70 199253 1
76 77 199339 0
97 38 199366 1
81 42 199370 1
93 80 199386 0
88 77 199386 0
35 94 199462 0
90 75 199479 0
20 92 199527 0
26 92 199537 0
40 97 199577 0
43 124 199579 0
17 77 199585 0
55 90 199647 0
109 48 199655 1
61 47 199669 1
89 36 199674 1
80 42 199695 1
42 95 199748 0
88 40 199774 1
26 85 199842 0
76 79 199893 0
72 46 199908 1
91 39 199923 1
0 0 200010 0
