15 84 0 0
25 99 305 0
31 97 322 0
24 99 665 0
28 98 798 0
17 91 1165 0
14 77 1263 0
23 99 1401 0
51 47 1416 0
43 90 1427 0
20 99 1498 0
87 28 1550 1
18 98 1579 0
41 56 1581 0
95 29 1668 1
37 19 1732 0
25 68 2694 0
99 42 2839 1
44 56 3090 1
27 68 3324 0
84 57 4153 0
13 85 4268 0
63 75 4278 0
63 23 4289 0
22 100 4337 0
14 85 4341 0
84 58 5117 0
52 83 5278 0
16 87 5288 0
100 35 5576 1
97 30 5646 1
18 93 5780 0
99 31 5793 1
92 28 6142 1
96 28 6169 1
97 28 6320 1
89 28 6328 1
100 40 6368 1
88 55 6472 0
100 34 6563 1
92 54 6721 0
14 87 6780 0
89 55 6823 0
88 27 6854 1
16 65 6915 0
35 66 6948 1
99 32 7017 1
56 49 7167 1
93 27 7437 1
100 37 7586 1
89 27 7606 1
33 67 7627 1
58 48 7743 1
91 29 7851 1
17 72 7858 1
19 99 7906 0
95 28 8112 1
95 51 8120 0
14 79 8197 0
83 28 8288 1
93 28 8646 1
84 27 8752 1
24 70 8917 1
79 30 8917 1
47 87 9032 0
100 39 9261 1
91 54 9272 0
100 43 9325 1
56 82 9369 0
86 56 9392 0
98 29 9483 1
94 27 9773 1
86 27 9822 1
46 56 9854 1
17 127 9878 1
50 85 9893 0
16 91 9940 0
97 29 9970 1
15 79 10146 0
87 56 10249 0
22 70 10253 1
18 94 10299 0
21 100 10440 0
24 100 10484 0
100 42 10668 1
23 100 10783 0
100 35 10968 1
21 97 11034 0
82 58 11062 1
89 10 11071 0
26 71 11176 1
15 87 11360 0
15 81 11540 0
89 54 11672 0
28 69 11693 0
42 58 11891 0
76 65 12118 0
19 96 12143 0
25 71 12178 1
23 70 12210 1
57 48 12211 1
15 84 12252 0
37 66 12334 1
15 85 12359 0
75 64 12389 0
14 82 12433 0
45 55 12639 1
100 32 12901 1
57 82 12938 0
36 64 12974 1
82 27 12976 1
43 55 13100 1
34 66 13132 1
74 33 13244 1
22 99 13347 0
44 55 13408 1
38 92 13441 0
30 97 13639 0
97 30 13647 1
21 70 13704 1
100 44 13946 1
100 33 13959 1
16 87 14072 0
18 93 14356 0
70 35 14411 1
29 68 14533 0
46 51 14622 0
15 81 14948 0
16 73 15193 0
36 64 15485 1
48 87 15723 0
57 83 15886 0
62 76 15939 1
85 27 15981 1
14 80 16037 0
38 93 16131 0
15 86 16280 0
24 70 16359 1
49 87 16406 0
50 86 16704 0
39 92 16723 0
95 52 16862 0
100 41 16885 1
69 37 16955 1
92 54 17147 0
36 64 17228 1
43 89 17445 0
73 66 17532 0
19 95 17745 0
18 95 17841 0
100 34 17857 1
59 80 17882 1
33 66 18337 1
99 32 18404 1
61 78 18446 1
18 92 18592 0
20 70 18636 1
99 31 18685 1
36 64 18739 1
95 27 18790 1
77 31 18802 1
90 55 18829 0
92 27 18954 1
14 86 19047 0
100 37 19104 1
99 43 19534 1
45 56 19558 1
88 55 19560 0
23 99 19581 0
90 27 19686 1
15 77 19692 0
15 81 19704 0
87 27 20054 1
90 28 20097 1
36 64 20325 1
89 27 20368 1
85 55 20674 0
53 83 20778 0
100 40 21308 1
58 82 21333 0
37 65 21374 1
36 64 21435 1
77 64 21442 0
61 77 21516 1
75 33 21609 1
56 82 21631 0
100 35 21724 1
94 29 21724 1
22 70 21782 1
18 92 21822 0
28 68 21849 0
88 27 21968 1
63 75 21970 0
46 55 22061 1
19 95 22259 0
61 76 22450 1
27 70 22574 1
37 92 22651 0
90 54 22894 0
96 28 22969 1
33 96 22984 0
36 64 23052 1
93 27 23053 1
49 86 23055 0
87 28 23108 1
29 70 23282 1
23 70 23283 1
60 46 23325 0
15 79 23327 0
17 91 23334 0
84 26 23376 1
91 28 23385 1
28 70 23573 1
41 59 23630 0
63 74 23656 0
49 85 23725 0
45 88 23785 0
64 75 23823 0
51 85 23872 0
19 97 23937 0
16 91 23978 0
71 68 24000 0
54 50 24031 1
20 98 24152 0
56 48 24223 1
87 55 24238 0
26 71 24245 1
36 65 24279 1
100 39 24297 1
26 99 24438 0
15 84 24535 0
33 65 24546 1
18 92 24553 0
92 54 24581 0
15 90 24659 0
97 29 24674 1
64 42 24810 0
95 28 24815 1
95 27 24853 1
36 64 25002 1
39 63 25036 0
16 83 25134 0
19 71 25180 1
25 71 25186 1
19 96 25212 0
86 27 25264 1
47 87 25332 0
73 34 25409 1
24 70 25564 1
43 54 25643 1
71 35 25646 1
15 75 25692 0
97 30 25767 1
100 42 25802 1
21 99 25898 0
94 27 25976 1
21 97 26218 0
100 33 26247 1
36 64 26263 1
19 95 26400 0
44 58 26516 1
19 70 26523 1
25 70 26550 1
90 53 26676 0
15 81 26699 0
16 87 26839 0
52 84 26959 0
99 30 27227 1
69 35 27253 1
99 32 27298 1
59 81 27339 1
99 31 27348 1
15 77 27428 0
53 50 27470 1
98 29 27525 1
99 46 27531 1
100 34 27594 1
36 64 27669 1
18 92 27902 0
21 70 28123 1
39 92 28273 0
44 57 28287 1
42 57 28310 0
23 98 28550 0
36 64 28611 1
74 32 28682 1
42 56 28683 0
48 86 28829 0
15 89 28863 0
41 58 29113 0
45 54 29320 1
64 41 29468 0
15 76 29480 0
16 75 29718 0
36 64 29746 1
100 32 29787 1
84 27 30023 1
91 27 30332 1
31 66 30417 1
41 97 30470 1
31 65 30602 1
85 26 30608 1
22 70 30711 1
34 96 30766 0
33 96 30767 0
55 81 31111 0
18 70 31165 1
36 64 31176 1
78 31 31355 1
54 49 31399 1
97 28 31728 1
89 27 31910 1
26 70 31919 1
91 29 31952 1
37 64 32001 1
100 31 32063 1
96 27 32204 1
23 70 32248 1
18 72 32315 1
46 57 32412 1
56 82 32477 0
92 54 32627 0
79 30 32722 1
36 64 32939 1
75 65 32973 0
55 49 32977 1
33 95 33193 0
25 100 33807 0
41 91 33861 0
100 43 33921 1
84 57 34023 0
100 37 34139 1
84 56 34156 0
14 84 34417 0
38 92 34445 0
36 64 34555 1
89 54 34581 0
90 27 34652 1
100 44 34709 1
101 39 34769 1
58 47 34832 1
100 35 34847 1
18 94 34888 0
62 76 34963 1
38 64 35040 1
60 45 35068 0
44 55 35080 1
23 98 35117 0
57 48 35141 1
42 58 35154 0
29 96 35367 0
95 27 35408 1
32 66 35439 1
24 99 35481 0
35 65 35538 1
24 70 35550 1
57 82 35579 0
86 26 35713 1
91 28 35740 1
84 26 35869 1
70 69 35893 0
30 68 35895 0
16 83 35897 0
45 55 35907 1
20 70 35982 1
16 75 36070 0
91 53 36154 0
93 27 36286 1
15 73 36308 0
87 26 36365 1
34 97 36445 0
40 92 36542 0
16 90 36580 0
76 64 36611 0
93 53 36623 0
51 83 36657 0
16 74 36700 0
85 27 36788 1
15 79 36823 0
18 92 36855 0
75 64 36856 0
92 27 36886 1
96 28 36910 1
97 49 36945 1
19 95 36956 0
50 84 36961 0
36 64 37036 1
14 81 37065 0
15 81 37099 0
15 85 37124 0
92 28 37136 1
18 93 37266 0
45 57 37300 1
25 70 37319 1
5 102 37342 0
15 76 37355 0
97 29 37413 1
81 60 37523 0
25 99 37592 0
47 86 37694 0
77 63 37734 0
82 58 37749 1
90 54 37753 0
16 87 38228 0
68 36 38298 1
13 78 38304 0
91 54 38512 0
5 57 38664 0
36 64 38748 1
91 26 38791 1
32 65 38801 1
76 32 38926 1
100 33 39092 1
72 68 39110 0
21 97 39373 0
29 70 39498 1
88 27 39527 1
72 34 39553 1
23 99 39680 0
44 56 39822 1
98 29 39859 1
46 56 39972 1
28 70 40140 1
59 47 40313 1
36 64 40328 1
84 56 40381 0
78 30 40414 1
101 41 40434 1
92 54 40441 0
101 37 40548 1
87 28 40719 1
26 70 40956 1
101 36 41030 1
90 26 41040 1
16 83 41081 0
94 27 41095 1
27 70 41371 1
27 98 41387 0
99 31 41561 1
33 95 41603 0
88 55 41606 0
43 89 41876 0
100 45 41950 1
95 28 42027 1
100 32 42146 1
36 64 42303 1
15 77 42385 0
19 98 42548 0
16 89 42847 0
101 38 43001 1
37 63 43028 1
52 85 43052 0
32 96 43066 0
16 73 43104 0
17 91 43331 0
58 47 43440 1
15 87 43825 0
99 30 43863 1
23 98 43918 0
58 82 44034 0
25 70 44230 1
100 31 44365 1
16 82 44484 0
16 75 44559 0
17 92 44876 0
56 81 44932 0
94 52 44937 0
15 76 45174 0
97 48 45230 1
91 53 45342 0
33 96 45371 0
16 90 45427 0
96 27 45449 1
46 54 45747 1
15 78 45846 0
59 80 45948 1
97 28 45983 1
89 26 46093 1
95 50 46151 0
98 28 46222 1
34 96 46285 0
89 54 46353 0
16 72 46381 0
24 70 46606 1
101 33 46702 1
50 52 46704 1
86 55 46923 0
91 28 47031 1
92 54 47065 0
32 96 47068 0
97 27 47069 1
93 28 47101 1
99 29 47478 1
85 26 47493 1
55 81 47659 0
84 26 47883 1
16 82 48004 0
48 87 48034 0
65 40 48118 0
36 64 48199 1
16 74 48227 0
101 35 48305 1
38 64 48341 1
99 45 48560 1
49 86 48561 0
87 27 48629 1
101 39 48780 1
56 48 48824 1
90 53 48928 0
100 43 48981 1
23 69 49008 1
37 93 49011 0
57 81 49044 0
96 50 49072 0
19 92 49120 0
16 89 49121 0
17 89 49370 0
44 88 49460 0
49 84 49477 0
101 36 49572 1
81 29 49680 1
48 86 49777 0
71 36 49799 1
15 84 49881 0
71 34 49906 1
19 96 49994 0
17 73 50071 0
100 44 50075 1
45 56 50263 1
91 27 50308 1
86 27 50315 1
86 26 50386 1
72 67 50399 0
99 48 50403 1
99 28 50403 1
89 27 50414 1
37 92 50467 0
14 88 50476 0
80 29 50550 1
17 72 50605 0
60 80 50645 1
85 55 50725 0
101 32 50741 1
20 96 51000 0
85 56 51088 0
16 83 51101 0
32 96 51110 0
26 70 51202 1
15 78 51256 0
38 92 51289 0
15 81 51397 0
35 65 51497 1
56 81 51529 0
22 70 51552 1
36 65 51602 1
16 82 51642 0
19 92 51663 0
89 54 51677 0
62 76 51723 1
47 87 51790 0
95 27 51873 1
101 34 51936 1
101 37 51959 1
29 96 52092 0
97 29 52096 1
33 95 52139 0
60 44 52153 0
87 26 52185 1
83 26 52304 1
69 36 52409 1
104 40 52520 1
36 64 52595 1
24 69 52720 1
34 66 52751 1
51 84 52836 0
96 28 53062 1
1 13 53064 1
17 89 53263 0
39 64 53310 1
52 83 53385 0
15 75 53418 0
15 79 53422 0
100 31 53492 1
19 95 53564 0
101 38 53605 1
90 26 53613 1
43 59 53732 0
25 70 53746 1
76 64 53815 0
46 55 53864 1
34 65 54104 1
84 56 54133 0
45 54 54225 1
20 96 54762 0
90 27 54882 1
31 96 54884 0
20 70 55209 1
22 99 55287 0
65 74 55302 0
19 92 55410 0
92 54 55612 0
101 40 55753 1
98 29 56002 1
42 90 56052 0
57 81 56133 0
111 111 56255 0
89 26 56275 1
22 98 56285 0
19 70 56476 1
61 45 57117 0
91 28 57373 1
22 101 57464 0
26 99 57472 0
42 57 57537 0
97 49 57571 1
20 69 57766 1
16 89 57855 0
24 70 58161 1
42 58 58221 0
97 28 58678 1
31 96 58908 0
15 78 58941 0
15 86 59025 0
17 89 59087 0
17 94 59108 0
95 26 59120 1
92 54 59124 0
49 52 59154 1
16 87 59202 0
100 30 59237 1
90 54 59278 0
23 69 59394 1
16 82 59491 0
20 96 59627 0
101 36 59639 1
19 71 59652 1
15 82 59675 0
93 52 59779 0
18 97 59828 0
40 91 59841 1
44 55 60038 1
101 41 60061 1
88 26 60076 1
101 39 60214 1
21 98 60570 0
94 26 60913 1
15 76 60936 0
101 33 61001 1
78 30 61081 1
32 96 61118 0
98 28 61118 1
16 74 61123 0
59 81 61379 0
101 35 61380 1
45 55 61407 1
60 79 61459 1
101 42 61652 1
41 90 61705 0
97 47 61725 1
44 90 61748 0
75 64 61828 0
100 29 61855 1
101 37 61860 1
96 51 61887 0
101 38 61912 1
33 65 61966 1
76 32 62056 1
27 99 62081 0
16 75 62102 0
85 26 62105 1
26 70 62183 1
100 31 62204 1
88 27 62204 1
41 60 62310 0
16 83 62354 0
89 54 62539 0
37 64 62596 1
22 98 62630 0
97 27 62693 1
97 28 62732 1
73 33 62897 1
93 27 62902 1
45 89 62978 0
36 64 63010 1
56 81 63029 0
96 26 63100 1
72 67 63138 0
47 55 63155 1
34 64 63218 1
28 98 63222 0
70 35 63249 1
57 48 63408 1
79 30 63417 1
31 96 63424 0
50 51 63440 1
19 69 63447 1
21 97 63458 0
58 47 63475 1
41 61 63712 0
50 84 63730 0
23 98 63753 0
57 47 63768 1
47 86 63781 0
48 86 63890 0
93 26 63905 1
35 95 64030 0
59 47 64037 1
101 34 64040 1
86 26 64120 1
91 26 64136 1
19 92 64155 0
29 69 64295 1
101 36 64404 1
33 95 64635 0
5 61 64777 0
21 69 64833 1
90 26 64973 1
72 34 65385 1
99 29 65408 1
40 63 65454 0
43 57 65457 0
24 69 65530 1
24 99 65677 0
47 54 65713 1
42 60 65721 0
57 81 65739 0
94 27 65909 1
25 69 65926 1
43 58 65938 0
24 96 65975 0
15 82 65977 0
97 26 66044 1
101 32 66050 1
101 40 66068 1
43 59 66197 0
36 64 66241 1
38 63 66266 1
83 27 66302 1
80 29 66321 1
33 66 66356 1
55 82 66359 0
91 27 66399 1
23 69 66512 1
39 63 66622 1
20 96 66663 0
101 39 66665 1
38 64 66859 1
85 56 66863 0
89 27 66904 1
122 105 66974 1
100 30 67113 1
73 34 67495 1
62 76 67580 1
75 31 67708 1
17 73 67759 0
21 98 67763 0
64 41 67769 1
28 69 67885 1
52 84 67960 0
43 56 68150 0
16 82 68358 0
92 27 68546 1
89 26 68546 1
32 63 68686 1
19 93 68760 0
28 70 68771 1
84 56 68806 0
24 98 68826 0
96 27 68859 1
26 98 68935 0
99 28 68944 1
67 71 69325 1
92 54 69365 0
20 69 69426 1
50 85 69797 0
78 63 69896 0
91 53 69907 0
16 92 69915 0
22 98 70088 0
87 26 70143 1
22 97 70232 0
31 96 70446 0
55 49 70664 1
91 28 70686 1
52 51 70854 1
40 62 70966 0
29 96 71043 0
17 89 71205 0
101 37 71520 1
101 33 71860 1
86 25 71922 1
101 38 72049 1
79 61 72095 0
25 99 72123 0
111 111 72269 1
101 31 72318 1
16 83 72416 0
16 73 72550 0
92 54 72593 0
61 44 72631 0
19 93 72746 0
100 31 72746 1
55 82 72919 0
71 68 72948 0
54 49 72954 1
86 27 73061 1
101 35 73194 1
81 59 73318 0
46 54 73357 1
22 69 73358 1
17 83 73393 0
92 53 73490 0
44 88 73646 0
98 28 73749 1
101 36 73995 1
95 26 73997 1
97 28 74229 1
101 30 74455 1
22 97 74524 0
17 88 74531 0
54 50 74698 1
42 90 74891 0
98 27 74894 1
85 55 74905 0
20 97 74968 0
51 83 74992 0
60 80 75064 1
30 69 75171 1
101 41 75213 1
49 85 75224 0
24 69 75249 1
95 27 75264 1
81 29 75274 1
18 92 75307 0
56 49 75449 1
32 65 75506 1
19 92 75659 0
24 98 75676 0
45 88 75744 0
39 92 75786 0
69 29 75821 1
69 36 75821 1
45 54 75840 1
43 90 75900 0
77 63 75939 0
92 26 75976 1
15 82 76115 0
85 25 76180 1
17 76 76189 0
36 93 76228 0
53 49 76271 1
27 98 76291 0
55 81 76324 0
97 27 76399 1
23 69 76447 1
61 45 76511 0
56 81 76522 0
96 26 76613 1
53 83 76626 0
39 64 76648 1
35 64 76661 1
20 95 76723 0
26 69 76763 1
71 35 76855 1
86 55 76885 0
43 55 77046 0
94 26 77181 1
26 98 77346 0
16 90 77377 0
41 90 77404 0
90 53 77468 0
19 93 77500 0
20 91 77539 0
58 47 77610 1
35 65 77693 1
100 30 77773 1
36 95 77906 0
25 69 78031 1
33 95 78097 0
0 102 78109 0
21 98 78122 0
84 26 78176 1
43 58 78197 0
22 97 78203 0
93 52 78576 0
51 84 78585 0
87 25 78757 1
90 26 78782 1
17 72 78835 0
17 88 78883 0
16 75 78960 0
92 54 78984 0
16 74 78993 0
43 57 79300 0
32 64 79303 1
51 51 79438 1
69 35 79457 1
101 33 79535 1
92 53 79544 0
101 34 79567 1
19 94 79738 0
17 73 79787 0
20 70 79824 1
27 69 79946 1
45 53 80072 1
62 44 80196 0
101 39 80278 1
91 26 80316 1
87 55 80348 0
20 95 80378 0
15 80 80477 0
19 90 80514 0
16 82 80545 0
42 59 80550 0
22 98 80558 0
52 83 80561 0
25 101 80578 0
23 99 80686 0
96 50 80774 0
21 69 80784 1
57 47 80979 1
14 80 81326 0
94 52 81336 0
101 40 81351 1
93 26 81532 1
93 53 81620 0
43 56 81816 0
55 82 81948 0
20 97 82018 0
23 98 82037 0
20 91 82062 0
26 28 82193 0
86 26 82240 1
19 69 82262 1
24 96 82267 0
17 90 82367 0
24 98 82501 0
74 33 82504 1
61 63 82588 1
61 77 82588 0
16 83 82591 0
17 83 82649 0
71 34 82820 1
60 46 82825 1
19 90 83338 0
89 53 83432 0
60 79 83628 1
22 97 83723 0
39 91 84052 0
50 85 84388 0
63 75 84544 1
85 26 84629 1
101 38 84678 1
101 32 84735 1
24 69 84855 1
36 65 84857 1
29 69 84875 1
92 54 84896 0
20 69 84923 1
47 55 85556 1
33 64 85600 1
102 38 85762 1
20 95 85816 0
95 51 85873 0
17 88 85882 0
40 91 85891 0
47 86 85903 0
101 36 86110 1
97 26 86173 1
30 96 86177 0
19 94 86290 0
26 97 86418 0
99 28 86452 1
89 27 86541 1
91 27 86546 1
23 69 86598 1
57 81 86901 0
100 44 86941 1
54 48 87176 1
23 68 87238 1
76 64 87365 0
101 31 87474 1
98 28 87573 1
57 80 87800 0
48 86 87838 0
102 37 87876 1
97 28 87910 1
93 27 88055 1
19 93 88062 0
85 55 88097 0
92 54 88221 0
100 29 88254 1
92 27 88289 1
102 34 88328 1
15 80 88335 0
92 53 88405 0
59 47 88424 1
77 31 88431 1
72 67 88446 0
91 53 88488 0
66 39 88527 0
27 51 88537 0
42 59 88542 0
65 40 88645 0
90 53 88652 0
39 91 88743 0
97 27 88774 1
101 33 88855 1
51 52 88963 1
16 84 88984 0
85 25 89012 1
101 42 89093 1
79 29 89099 1
26 69 89125 1
46 55 89232 1
19 90 89249 0
36 64 89498 1
38 63 89508 1
98 47 89544 1
18 72 89645 0
65 73 89715 0
101 43 89842 1
98 48 89880 1
102 39 89893 1
21 97 89899 0
51 85 89927 0
35 96 89935 0
44 88 90046 0
25 98 90049 0
46 88 90257 0
80 29 90290 1
65 39 90314 0
101 41 90316 1
86 25 90321 1
89 53 90323 0
25 69 90373 1
102 36 90381 1
88 26 90389 1
102 35 90450 1
20 91 90498 0
20 96 90515 0
20 97 90659 0
29 66 90701 0
101 32 90709 1
26 98 90852 0
17 76 90878 0
96 26 91000 1
59 46 91060 1
101 44 91076 1
77 63 91111 0
27 69 91121 1
90 54 91323 0
16 91 91327 0
67 38 91349 1
17 90 91434 0
41 61 91500 0
15 88 91507 0
101 30 91564 1
43 58 91577 0
28 69 91703 1
31 67 91765 0
99 27 91998 1
88 25 92020 1
100 30 92102 1
55 81 92121 0
30 96 92367 0
40 91 92448 0
26 97 92474 0
42 90 92498 0
17 71 92567 0
92 54 92621 0
59 81 92719 0
98 27 92879 1
34 64 93020 1
35 95 93076 0
15 81 93269 0
16 84 93341 0
28 97 93394 0
17 83 93458 0
81 28 93635 1
90 25 93669 1
31 95 93706 0
95 26 93772 1
39 91 93794 0
102 40 93850 1
39 63 93853 1
42 60 93877 0
101 29 93899 1
89 26 93900 1
21 94 93901 0
71 67 93951 0
24 68 94020 1
22 96 94311 0
46 56 94459 1
49 85 94461 0
16 88 94542 0
94 27 94575 1
97 26 94594 1
17 89 94689 0
61 44 94765 0
35 64 94793 1
19 94 94887 0
72 34 94892 1
81 29 94899 1
15 74 95006 0
15 78 95007 0
58 47 95030 1
21 95 95246 0
23 68 95317 1
20 68 95387 1
92 54 95425 0
44 55 95816 0
47 54 95834 1
36 64 95868 1
100 28 96295 1
16 77 96309 0
92 26 96370 1
57 80 96733 0
56 48 96737 1
19 90 96739 0
19 92 96801 0
16 86 97038 0
22 97 97119 0
45 55 97269 1
42 56 97348 0
22 96 97353 0
18 90 97375 0
51 86 97445 0
110 28 97493 1
89 54 97497 0
94 26 97546 1
21 94 97555 0
73 33 97594 1
99 26 97679 1
46 54 97693 1
37 64 97721 1
85 56 97860 0
61 43 97880 0
43 55 97921 0
101 39 98204 1
88 54 98237 0
31 95 98429 0
77 62 98545 0
101 31 98842 1
16 84 99067 0
21 95 99127 0
56 47 99215 1
34 94 99304 0
102 33 99314 1
73 67 99328 0
24 98 99408 0
52 50 99413 1
24 95 99475 0
37 63 99541 1
44 58 99643 0
95 27 99705 1
25 98 99794 0
45 54 100069 1
20 95 100236 0
91 26 100397 1
27 69 100434 1
15 80 100467 0
87 25 100651 1
33 94 100661 0
21 96 100728 0
18 91 101182 0
85 25 101257 1
0 102 101452 0
109 45 101461 1
16 77 101513 0
109 45 101526 0
89 27 101904 1
55 48 102043 1
22 96 102217 0
33 63 102317 1
16 80 102484 0
41 90 102573 0
16 88 102678 0
34 95 102728 0
87 26 102940 1
89 25 102957 1
30 68 103003 1
18 90 103206 0
92 54 103232 0
17 73 103266 0
16 86 103693 0
20 91 103803 0
99 28 103970 1
33 65 104040 1
88 54 104052 0
60 46 104147 1
21 95 104147 0
90 26 104148 1
19 91 104207 0
57 47 104223 1
42 59 104253 0
18 87 104337 0
16 81 104452 0
21 69 104614 1
21 94 104629 0
66 72 105132 0
19 89 105377 0
28 97 105732 0
53 50 105907 1
86 26 106173 1
44 53 106633 1
21 96 106656 0
34 94 106778 0
43 57 106926 0
94 51 107174 0
45 53 107185 1
92 27 107395 1
17 88 107541 0
29 98 107582 0
16 80 107591 0
100 29 107593 1
82 28 107640 1
28 98 107650 0
16 79 107701 0
16 77 108016 0
98 28 108178 1
16 78 108185 0
23 95 108332 0
19 91 108354 0
18 91 108554 0
17 86 108658 0
19 89 109015 0
18 87 109090 0
23 96 109358 0
40 91 109939 0
34 95 110072 0
26 97 110100 0
16 81 110176 0
18 90 110280 0
93 54 110507 0
90 53 110530 0
59 82 110924 0
45 88 110997 0
24 96 111084 0
16 88 111198 0
16 84 111221 0
20 97 111258 0
77 69 111315 0
88 54 111552 0
102 37 111865 1
98 26 112068 1
92 54 112073 0
16 86 112225 0
13 86 112301 0
102 38 112307 1
15 77 112308 0
48 54 112390 1
17 72 112391 0
97 27 112478 1
93 52 112568 0
65 73 112727 0
101 33 112816 1
17 86 112899 0
102 36 112906 1
102 34 112989 1
101 30 113076 1
86 55 113235 0
100 27 113286 1
86 25 113373 1
101 32 113496 1
89 53 113643 0
16 79 113661 0
19 91 113755 0
95 25 114049 1
97 49 114084 0
16 78 114094 0
101 27 114409 1
99 28 114505 1
101 28 114564 1
21 96 114593 0
85 55 114598 0
102 32 114695 1
102 37 114784 1
63 75 114790 1
97 26 114791 1
62 44 114845 0
92 54 114850 0
100 29 114852 1
88 25 114963 1
98 27 115032 1
47 53 115054 1
57 80 115107 0
40 63 115148 1
100 28 115152 1
80 60 115160 0
102 39 115165 1
102 35 115244 1
30 67 115294 0
16 80 115301 0
26 99 115303 0
35 63 115360 1
22 96 115388 0
33 94 115391 0
31 95 115400 0
51 50 115576 1
44 56 115580 0
23 68 115581 1
20 92 115597 0
19 89 115671 0
93 27 115699 1
102 41 115723 1
102 38 115754 1
59 80 115798 0
17 85 115801 0
101 30 115814 1
21 95 115855 0
102 40 115856 1
16 81 115859 0
101 31 115865 1
36 63 115895 1
23 96 116054 0
60 80 116121 0
102 36 116158 1
24 68 116193 1
93 26 116211 1
91 25 116244 1
77 30 116290 1
21 68 116295 1
28 69 116298 1
101 29 116353 1
80 29 116471 1
34 94 116546 0
63 74 116566 1
92 25 116578 1
51 51 116701 1
91 53 116721 0
44 57 116776 0
17 76 116822 0
27 69 116843 1
16 82 116844 0
20 91 116897 0
92 54 116897 0
18 87 116913 0
44 58 116924 0
43 56 116996 0
20 69 116998 1
91 26 117020 1
97 27 117032 1
102 34 117059 1
58 46 117064 1
17 78 117101 0
17 83 117153 0
48 53 117418 1
18 72 117432 0
74 32 117436 1
17 86 117466 0
29 96 117521 0
50 84 117530 0
99 27 117548 1
26 68 117570 1
27 68 117603 1
76 30 117614 1
25 68 117664 1
20 93 117709 0
36 64 117712 1
23 95 117719 0
21 94 117919 0
102 33 118014 1
102 68 118043 1
102 30 118043 1
50 85 118098 0
87 25 118137 1
34 63 118159 1
89 26 118275 1
90 25 118377 1
92 27 118469 1
84 25 118527 1
102 37 118685 1
20 68 118731 1
101 41 118773 1
101 42 118777 1
41 90 118813 0
28 69 118825 1
20 92 118839 0
25 98 119128 0
77 31 119185 1
92 53 119195 0
39 63 119389 1
73 32 119422 1
81 28 119460 1
92 26 119476 1
89 25 119482 1
31 68 119541 1
92 54 119556 0
95 26 119582 1
17 84 119679 0
17 85 119709 0
17 73 119835 0
27 69 119852 1
79 29 119874 1
14 16 119878 0
69 69 119895 0
29 68 119914 1
24 95 119931 0
18 91 119934 0
15 88 120046 0
16 79 120087 0
19 89 120214 0
99 28 120260 1
43 89 120308 0
21 91 120402 0
17 78 120420 0
34 94 120423 0
34 95 120453 0
57 80 120484 0
16 78 120534 0
31 66 120536 0
44 55 120562 0
49 85 120659 0
50 86 120713 0
46 53 120767 1
86 25 120833 1
66 39 120945 0
75 64 121002 0
90 53 121046 0
73 66 121118 0
23 68 121323 1
80 28 121367 1
42 60 121416 0
42 61 121428 0
23 96 121494 0
20 93 121724 0
96 26 121830 1
37 92 121843 0
26 68 121885 1
51 83 121929 0
39 62 122009 1
38 63 122037 1
65 72 122044 0
102 38 122285 1
21 68 122291 1
63 75 122327 1
16 77 122337 0
33 94 122347 0
102 36 122366 1
30 68 122465 1
20 92 122506 0
0 0 122558 0
92 54 122607 0
17 77 122617 0
26 98 122740 0
19 90 122819 0
17 76 122935 0
98 47 122965 1
17 86 122970 0
18 87 123031 0
84 56 123145 1
98 27 123225 1
102 39 123269 1
29 69 123343 1
24 96 123347 0
20 91 123417 0
21 94 123472 0
59 46 123491 1
73 33 123537 1
88 25 123547 1
16 88 123590 0
24 68 123598 1
91 54 123644 0
17 85 123663 0
86 56 123717 0
27 96 123819 0
101 32 123819 1
100 28 123904 1
23 95 124183 0
94 51 124226 0
17 84 124300 0
27 68 124448 1
65 73 124558 0
17 75 124561 0
18 90 124615 0
96 25 124644 1
17 78 125092 0
21 95 125098 0
97 25 125143 1
97 26 125175 1
33 62 125293 1
17 77 125454 0
19 91 125508 0
77 62 125509 0
16 81 125567 0
51 84 125602 0
90 26 125610 1
76 32 125677 1
74 66 125756 0
13 85 125816 0
37 94 125880 0
93 52 125886 0
102 34 125980 1
52 84 126137 0
78 30 126160 1
20 93 126281 0
96 24 126410 1
33 97 126455 0
41 91 126469 0
102 40 126511 1
94 52 126644 0
53 83 126733 0
101 30 126926 1
100 27 127089 1
66 73 127279 0
16 93 127443 0
16 89 127447 0
104 40 127462 1
92 54 127483 0
100 29 127487 1
18 88 127488 0
22 96 127500 0
44 56 127607 0
49 84 127679 0
35 65 127834 1
16 86 128032 0
85 25 128454 1
13 57 128514 0
17 83 128603 0
94 25 128627 1
59 80 128672 0
44 58 128783 0
17 75 128974 0
21 96 128977 0
30 66 129270 0
16 79 129312 0
16 78 129622 0
44 57 129724 0
95 50 129730 0
28 97 129826 0
30 96 129841 0
101 43 129979 1
17 77 130252 0
20 92 130299 0
57 46 130396 1
64 40 130463 1
95 27 130548 1
28 69 130583 1
18 72 130805 0
100 44 130808 1
92 54 130927 0
17 85 131022 0
93 25 131162 1
95 25 131217 1
27 96 131254 0
98 25 131323 1
72 33 131349 1
33 64 131709 1
36 63 131819 1
18 88 131858 0
102 32 131895 1
91 25 132055 1
26 68 132531 1
55 81 132560 0
47 54 132716 1
21 91 132770 0
40 62 132845 1
103 34 132887 1
45 53 132964 1
98 26 133012 1
85 24 133035 1
37 63 133182 1
99 26 133189 1
92 54 133202 0
61 78 133282 1
21 69 133408 1
102 35 133453 1
60 46 133735 1
34 64 134058 1
17 84 134177 0
47 53 134196 1
36 93 134582 0
19 69 134589 1
102 33 134596 1
38 62 134814 1
92 54 134821 0
29 68 134865 1
20 93 134883 0
46 87 134913 0
26 97 135135 0
17 75 135235 0
86 55 135296 0
17 71 135333 0
48 54 135523 1
23 68 135620 1
102 29 135728 1
20 69 136149 1
101 29 136183 1
28 68 136221 1
65 40 136257 1
37 93 136474 0
60 80 136729 0
102 37 137342 1
103 37 137523 1
92 25 137688 1
16 20 138188 1
34 94 138207 0
17 72 138398 0
92 54 138827 0
91 26 138829 1
61 79 138848 1
90 25 139571 1
18 88 139703 0
118 28 139717 1
45 90 139785 0
92 54 140136 0
35 64 140433 1
99 27 140443 1
16 87 141310 0
62 44 141735 0
66 71 142164 0
18 77 142225 0
97 27 142270 1
87 24 143522 1
27 69 143575 1
19 88 144554 0
122 50 145211 1
46 54 145228 1
45 118 145368 1
97 71 145404 1
27 68 145808 1
47 55 146115 1
76 63 146167 0
29 17 146191 1
97 30 146821 1
27 98 147220 0
92 54 147392 0
77 63 147723 0
58 46 148143 1
17 78 148158 0
17 77 148278 0
38 91 148956 1
87 54 149776 0
35 63 149911 1
20 89 150236 0
77 30 150332 1
19 88 150544 0
113 15 150752 1
45 52 151119 1
94 26 151437 1
101 28 152011 1
102 36 152160 1
101 30 152281 1
36 64 152454 1
54 82 152497 0
102 42 152679 1
17 79 152736 0
89 53 153242 0
71 67 153606 0
100 28 153672 1
87 25 153921 1
102 34 153924 1
89 25 154108 1
102 40 154130 1
102 38 154193 1
102 39 154202 1
80 29 154396 1
58 80 154440 1
102 41 154511 1
86 25 154589 1
57 80 154620 0
102 30 154620 1
101 29 154631 1
72 67 154666 0
92 26 154737 1
93 27 154825 1
17 80 154887 0
93 26 154894 1
97 26 154968 1
44 55 154995 0
89 26 155003 1
43 55 155055 0
25 95 155226 0
86 24 155337 1
20 89 155378 0
23 96 155495 0
60 45 155527 1
88 25 155717 1
100 27 155754 1
101 30 155895 1
35 94 156000 0
24 95 156029 0
79 28 156032 1
50 84 156099 0
21 91 156137 0
81 28 156277 1
33 93 156280 0
33 94 156473 0
99 28 156531 1
96 25 156649 1
101 28 156800 1
18 80 156887 1
62 76 156938 0
28 68 156992 1
23 95 157003 0
30 97 157038 0
94 51 157060 0
66 72 157126 0
89 24 157149 1
17 75 157186 0
101 41 157263 1
19 89 157268 0
16 83 157326 0
70 68 157352 0
43 57 157444 0
23 98 157480 0
19 88 157537 0
82 27 157568 1
24 96 157605 0
90 52 157611 0
17 76 157614 0
99 25 157624 1
28 96 157655 0
103 32 157659 1
48 86 157696 0
97 25 157854 1
80 28 157873 1
101 27 157903 1
90 24 157911 1
100 26 157911 1
21 68 157933 1
18 87 157936 0
48 53 158019 1
65 39 158088 1
18 84 158132 0
44 57 158158 0
44 56 158178 0
98 25 158182 1
60 79 158277 0
71 34 158345 1
49 85 158424 0
81 29 158475 1
74 32 158483 1
18 72 158506 0
17 79 158512 0
20 89 158603 0
19 97 158609 0
95 26 158661 1
67 71 158729 0
20 91 158788 0
27 68 158804 1
99 27 158927 1
16 85 158934 0
52 50 158989 1
65 72 158997 0
21 94 159143 0
39 62 159144 1
40 62 159157 1
25 67 159218 1
21 91 159226 0
20 68 159247 1
36 93 159309 0
31 67 159356 1
79 61 159357 0
94 25 159393 1
55 48 159449 1
29 96 159488 0
28 68 159491 1
39 63 159546 1
18 77 159630 0
71 67 159757 0
17 77 159770 0
83 27 159899 1
17 80 159955 0
45 88 160124 0
27 96 160276 0
102 37 160291 1
49 54 160329 1
68 88 160432 1
59 80 160487 0
42 61 160521 0
95 25 160628 1
26 68 160849 1
95 51 160932 0
18 88 161026 0
28 99 161059 0
101 29 161067 1
49 55 161072 1
87 24 161107 1
24 95 161189 0
49 84 161260 0
38 63 161271 1
33 95 161535 0
24 67 161614 1
18 84 161761 0
32 66 161819 0
30 68 162006 1
17 81 162142 0
90 52 162183 0
91 25 162315 1
17 73 162404 0
34 94 162455 0
104 40 162765 1
62 43 162813 0
25 95 162858 0
17 85 162895 0
18 85 163007 0
20 98 163075 0
43 89 163129 0
61 76 163145 0
33 94 163289 0
35 62 163323 1
20 89 163363 0
61 45 163397 1
72 34 163691 1
51 84 163866 0
17 86 163867 0
17 83 163879 0
102 30 163934 1
109 45 164070 1
109 45 164110 0
47 52 164644 1
99 26 164682 1
46 87 164778 0
36 63 164941 1
75 31 165089 1
91 24 165158 1
42 60 165258 0
102 29 165271 1
93 26 165556 1
34 63 165558 1
101 28 165611 1
29 68 165617 1
16 88 165639 0
23 100 165663 0
17 80 165674 0
77 62 165770 0
87 25 165805 1
35 94 165820 0
17 79 165875 0
46 52 165992 1
37 63 166250 1
84 56 166254 1
21 99 166289 0
67 38 166389 0
56 80 166607 0
66 72 166633 0
100 27 166734 1
93 25 166770 1
27 68 166851 1
73 32 166872 1
99 46 166918 1
19 68 166985 1
103 33 166988 1
28 68 167028 1
103 39 167037 1
92 24 167073 1
101 30 167187 1
86 24 167212 1
100 25 167228 1
71 33 167404 1
54 49 167412 1
27 67 167483 1
37 62 167530 1
18 85 167560 0
92 25 167570 1
52 51 167605 1
103 31 167609 1
102 42 167650 1
36 62 167931 1
18 84 168125 0
99 47 168175 1
103 36 168200 1
78 62 168279 0
96 24 168300 1
86 23 168301 1
102 40 168312 1
60 45 168390 1
80 61 168392 0
17 81 168409 0
89 24 168428 1
47 87 168487 0
95 24 168566 1
25 67 168634 1
90 52 168743 0
19 88 168895 0
23 95 168998 0
17 78 169049 0
89 25 169089 1
18 77 169146 0
28 96 169170 0
103 35 169199 1
90 24 169218 1
26 67 169317 1
59 79 169320 0
85 24 169422 1
76 30 169486 1
93 24 169509 1
102 41 169553 1
21 91 169591 0
33 93 169615 0
16 75 169686 0
103 37 169707 1
87 54 169725 0
51 83 169727 0
101 26 169728 1
50 84 169742 0
103 34 169751 1
14 90 169755 0
18 80 169830 0
103 38 169830 1
101 27 169891 1
60 79 169949 0
101 28 170026 1
86 25 170044 1
43 59 170064 0
46 55 170143 1
36 93 170183 0
20 90 170205 0
102 28 170297 1
23 96 170330 0
67 72 170418 0
16 80 170476 0
56 47 170491 1
89 53 170508 0
52 83 170557 0
84 67 170580 1
84 26 170580 1
44 88 170693 0
97 24 170752 1
98 25 170825 1
73 66 170857 0
40 62 170967 1
100 26 171012 1
102 30 171053 1
32 65 171197 0
21 68 171286 1
23 67 171296 1
72 32 171342 1
47 53 171420 1
18 72 171450 0
24 95 171457 0
37 93 171529 0
63 43 171674 0
22 92 171676 0
17 90 171698 0
18 85 171740 0
28 69 171774 1
47 86 171805 0
96 25 171808 1
105 48 171836 1
49 86 171900 0
26 97 171970 0
35 46 172096 0
79 62 172124 0
56 80 172264 0
16 76 172328 0
46 53 172364 1
87 24 172368 1
82 27 172403 1
93 50 172517 0
18 83 172551 0
24 67 172641 1
25 67 172648 1
18 80 172662 0
31 67 172911 1
77 30 172928 1
102 29 172958 1
24 96 172970 0
10 86 173036 0
93 52 173046 0
28 97 173090 0
25 95 173109 0
62 42 173118 0
61 79 173177 0
28 67 173202 1
99 27 173241 1
18 77 173246 0
27 97 173394 0
48 85 173414 0
31 94 173564 0
21 91 173611 0
20 89 173619 0
44 57 173775 0
21 67 173786 1
45 55 174146 0
26 67 174169 1
27 67 174186 1
17 80 174189 0
14 94 174255 0
88 25 174372 1
70 34 174439 1
28 68 174649 1
22 97 174691 0
46 51 174778 1
22 92 174844 0
22 95 174917 0
14 83 174918 0
17 84 175026 0
17 81 175026 0
80 28 175090 1
18 80 175244 0
17 77 175275 0
61 78 175287 1
96 50 175524 0
102 43 175538 1
27 96 175556 0
33 63 175579 1
91 24 175607 1
20 90 175621 0
34 64 175842 1
73 33 175845 1
18 83 176009 0
94 51 176146 0
78 30 176152 1
99 26 176185 1
49 53 176247 1
35 63 176431 1
36 64 176605 1
97 25 176648 1
18 85 176800 0
59 79 176828 0
77 29 176900 1
81 27 177077 1
78 29 177261 1
31 95 177275 0
44 55 177304 0
48 52 177389 1
47 54 177587 1
74 32 177642 1
55 47 177749 1
25 97 178504 0
104 30 178684 1
44 56 178812 0
18 87 178838 0
100 45 178873 1
95 50 179089 0
62 77 179096 1
21 90 179163 0
58 47 179208 1
92 24 179214 1
103 33 179555 1
101 28 179573 1
58 45 179638 1
78 62 179880 0
52 49 179885 1
18 80 180094 0
16 85 180144 0
19 82 180276 0
18 83 180356 0
38 93 180404 0
103 30 180409 1
103 36 180437 1
94 24 180477 1
103 32 180509 1
99 25 180522 1
88 23 180813 1
103 34 181030 1
39 63 181192 1
18 76 181217 0
100 27 181342 1
109 45 181374 1
93 25 181423 1
48 53 181494 1
109 45 181508 0
101 27 181531 1
103 35 181535 1
40 61 181621 1
54 82 181629 0
45 54 181633 0
56 80 181662 0
71 34 181738 1
90 52 181778 0
93 51 181906 0
66 71 182060 0
22 95 182073 0
76 63 182082 0
17 75 182085 0
21 90 182149 0
21 95 182188 0
20 90 182226 0
103 37 182227 1
22 96 182303 0
59 32 182390 0
50 84 182390 0
75 65 182421 0
47 51 182432 1
102 29 182486 1
102 30 182487 1
49 84 182492 0
30 24 182580 1
30 67 182580 1
79 61 182662 0
102 27 182672 1
58 80 182801 0
18 81 182826 0
60 45 182885 1
33 93 182940 0
19 81 182941 0
24 67 183025 1
87 25 183057 1
38 62 183127 1
97 49 183150 0
93 26 183224 1
26 67 183229 1
20 92 183259 0
53 82 183353 0
23 95 183384 0
15 84 183391 0
25 67 183475 1
22 92 183498 0
77 31 183523 1
103 38 183524 1
96 24 183590 1
89 24 183623 1
21 87 183717 0
57 79 183957 0
27 67 184015 1
17 76 184083 0
62 78 184085 1
18 76 184103 0
88 24 184120 1
31 94 184166 0
97 24 184277 1
18 77 184316 0
100 26 184322 1
22 67 184383 1
95 25 184444 1
42 90 184554 0
68 71 184604 0
38 92 184609 0
89 55 184680 0
98 25 184777 1
21 90 184840 0
103 31 184960 1
41 61 184961 1
99 26 184973 1
27 97 184974 0
51 83 184985 0
23 67 185019 1
28 67 185076 1
91 25 185177 1
17 93 185194 0
36 94 185376 0
18 80 185430 0
43 58 185444 0
18 81 185472 0
20 93 185500 0
77 62 185568 0
66 72 185652 0
102 28 185664 1
47 52 185696 1
94 25 185772 1
94 50 185782 0
29 96 185927 0
34 95 185963 0
49 54 186016 1
17 84 186051 0
19 71 186068 0
18 83 186148 0
90 24 186227 1
34 62 186267 1
7 49 186373 0
16 74 186374 0
37 92 186407 0
38 63 186466 1
18 76 186661 0
99 24 186696 1
61 44 186703 1
45 53 187044 0
57 46 187109 1
15 85 187183 0
102 41 187236 1
19 69 187326 0
62 44 187501 1
87 23 187517 1
95 24 187690 1
37 62 187850 1
87 54 187921 0
103 39 187988 1
44 53 188019 0
93 51 188058 0
35 61 188121 1
37 63 188206 1
19 80 188233 0
31 67 188260 1
25 97 188347 0
49 52 188358 1
39 90 188447 0
31 65 188478 0
103 33 188480 1
103 40 188492 1
57 79 188528 0
29 67 188775 1
36 61 188815 1
20 88 188897 0
22 95 189065 0
53 50 189131 1
16 76 189372 0
25 95 189498 0
21 90 189507 0
46 52 189568 1
18 81 189639 0
85 25 189653 1
93 24 189664 1
48 51 189786 1
59 45 189882 1
103 34 190117 1
53 49 190162 1
26 67 190292 1
40 62 190424 1
82 27 190578 1
18 76 190602 0
58 80 190721 0
65 39 190766 1
101 28 190766 1
27 67 190816 1
80 27 190847 1
103 36 190868 1
94 50 190869 0
108 13 191126 1
19 82 191201 0
104 40 191294 1
39 62 191342 1
87 24 192162 1
18 73 192231 0
43 59 192297 0
25 67 192494 1
17 81 192529 0
102 40 192575 1
18 85 192837 0
36 125 192922 1
38 91 192991 0
20 88 193251 0
103 32 193695 1
28 67 193857 1
93 50 194179 0
57 45 194450 1
18 82 194455 0
22 92 194516 0
89 25 194538 1
17 79 194663 0
90 25 194868 1
23 91 194992 0
103 35 195057 1
56 82 195316 0
21 68 195347 1
35 92 195698 0
21 87 195758 0
31 93 195804 0
46 87 195864 0
52 83 195942 0
19 85 195942 0
24 95 195973 0
20 90 196071 0
63 43 196092 0
21 88 196253 0
18 84 196352 0
28 96 196454 0
44 89 196456 0
21 67 196692 1
19 71 197098 0
24 67 197121 1
21 91 197308 0
31 97 197328 0
18 81 197349 0
36 38 197406 0
102 29 197466 1
19 81 197680 0
86 24 197704 1
66 71 197707 0
20 88 198113 0
29 97 198115 0
18 73 198130 0
89 23 198277 1
18 82 198373 0
18 95 198606 0
21 89 198860 0
58 79 198914 0
101 27 199035 1
101 25 199110 1
96 25 199222 1
21 88 199249 0
91 24 199383 1
18 76 199468 0
50 53 199480 1
41 61 199633 1
101 26 199865 1
14 48 199884 0
35 93 199928 0
19 85 199957 0
0 0 200010 0
