105 58 0 1
70 55 194 1
106 60 338 1
103 55 453 1
103 56 491 1
99 53 973 1
102 56 1058 1
27 80 1080 0
107 63 1321 1
100 53 1374 1
99 55 1413 1
85 55 1439 1
99 52 1448 1
106 58 1461 1
94 52 1467 1
89 54 1510 1
101 55 1572 1
125 53 1650 1
105 57 1650 1
92 53 1661 1
98 53 1703 1
107 65 1813 1
107 66 1903 1
107 62 1929 1
107 60 2107 1
77 54 2124 1
66 76 2211 0
99 73 2265 0
90 54 2274 1
80 76 2298 0
105 58 2378 1
96 74 2383 0
107 64 2386 1
81 55 2461 1
89 74 2469 0
96 51 2491 1
101 54 2561 1
24 70 2568 0
69 77 2592 0
90 73 2695 0
93 74 2804 0
54 56 2903 1
53 57 2904 1
37 56 2962 1
89 53 2991 1
102 54 3015 1
103 56 3045 1
74 55 3045 1
101 73 3056 0
84 54 3100 1
106 59 3129 1
74 77 3196 0
77 55 3244 1
74 76 3255 0
73 77 3259 0
77 56 3259 1
69 55 3273 1
22 69 3371 0
90 53 3385 1
85 75 3388 0
76 55 3396 1
59 77 3517 0
58 56 3535 1
106 61 3607 1
107 61 3624 1
70 77 3635 0
97 74 3654 0
102 73 3680 0
57 77 3693 0
99 53 3725 1
98 52 3743 1
75 76 3756 0
37 55 3781 1
97 52 3864 1
71 76 3877 0
59 56 3905 1
66 55 3985 1
80 55 4017 1
69 53 4066 1
55 56 4175 1
81 76 4185 0
29 77 4185 0
57 57 4219 1
88 53 4228 1
47 57 4240 1
45 81 4259 0
72 77 4311 0
29 78 4322 0
104 55 4338 1
106 60 4345 1
24 72 4347 0
72 53 4438 1
39 81 4438 0
69 76 4459 0
44 57 4481 1
68 54 4504 1
83 54 4530 1
27 77 4557 0
64 77 4627 0
33 81 4652 0
32 81 4676 0
34 54 4701 1
48 57 4745 1
79 54 4765 1
79 55 4814 1
41 57 4846 1
100 53 4896 1
39 82 4905 0
63 56 4952 1
85 74 4967 0
61 76 4976 0
107 62 5006 1
105 58 5021 1
51 78 5022 0
31 80 5031 0
52 56 5081 1
38 56 5097 1
103 55 5104 1
31 53 5146 1
19 71 5151 0
41 56 5155 1
60 57 5179 1
31 79 5200 0
62 57 5202 1
62 77 5208 0
46 57 5251 1
83 76 5268 0
37 56 5270 1
81 54 5292 1
61 57 5326 1
77 76 5341 0
42 58 5351 1
35 80 5353 0
34 53 5428 1
75 53 5429 1
43 57 5457 1
48 80 5480 0
82 76 5491 0
25 71 5505 0
39 57 5541 1
40 56 5564 1
78 54 5582 1
82 77 5592 0
107 63 5627 1
23 62 5636 0
53 56 5673 1
82 54 5679 1
63 77 5685 0
73 53 5693 1
61 56 5733 1
42 81 5777 0
97 53 5812 1
44 56 5816 1
40 82 5848 0
84 75 5851 0
36 53 5885 1
44 81 5929 0
95 52 5954 1
36 55 5971 1
65 77 5983 0
45 80 5994 0
37 54 6003 1
32 53 6016 1
80 54 6022 1
87 54 6076 1
25 76 6111 0
91 74 6160 0
26 76 6162 0
53 77 6291 0
47 58 6298 1
71 78 6394 0
105 57 6411 1
27 76 6428 0
38 57 6432 1
31 81 6457 0
44 58 6505 1
97 73 6507 0
30 80 6541 0
61 77 6572 0
39 56 6579 1
57 56 6585 1
37 81 6587 0
24 70 6617 0
70 76 6635 0
28 77 6662 0
33 54 6663 1
52 57 6699 1
106 59 6699 1
87 74 6723 0
41 81 6752 0
59 57 6797 1
56 56 6814 1
106 58 6839 1
92 39 6910 0
99 52 6998 1
43 58 7001 1
99 73 7024 0
83 55 7052 1
81 55 7061 1
60 56 7106 1
29 55 7131 1
70 54 7133 1
37 55 7241 1
24 61 7241 0
93 52 7260 1
41 57 7261 1
89 54 7266 1
49 57 7271 1
42 82 7281 0
37 82 7317 0
100 73 7385 0
29 78 7428 0
96 74 7447 0
76 77 7476 0
45 57 7479 1
58 77 7494 0
101 54 7561 1
71 54 7575 1
42 57 7599 1
93 74 7619 0
29 80 7706 0
47 80 7773 0
51 57 7779 1
24 73 7799 0
35 54 7801 1
51 56 7816 1
66 76 7825 0
28 79 7833 0
31 54 8003 1
23 69 8017 0
29 79 8058 0
40 57 8060 1
38 55 8067 1
43 56 8101 1
39 80 8123 0
34 53 8173 1
71 77 8211 0
27 77 8275 0
74 76 8315 0
23 61 8329 0
90 54 8330 1
29 54 8343 1
107 65 8368 1
38 81 8375 0
50 57 8378 1
43 80 8406 0
102 54 8433 1
78 77 8489 0
107 64 8535 1
44 58 8535 1
35 53 8535 1
90 73 8546 0
71 53 8567 1
107 59 8567 1
73 54 8599 1
71 76 8671 0
98 74 8690 0
75 77 8715 0
68 77 8740 0
54 56 8784 1
29 77 8888 0
40 81 8937 0
22 66 8990 0
77 77 9032 0
65 76 9038 0
99 53 9052 1
46 58 9071 1
79 76 9089 0
60 76 9119 0
23 60 9185 0
107 60 9305 1
65 55 9307 1
41 56 9333 1
92 74 9351 0
79 77 9371 0
58 56 9542 1
97 75 9611 0
39 83 9743 0
53 57 9771 1
79 53 9785 1
59 56 9800 1
107 61 9812 1
75 76 9884 0
33 55 9898 1
64 56 9901 1
24 72 9907 0
55 56 9949 1
25 71 10099 0
46 81 10179 0
67 55 10181 1
80 76 10208 0
24 70 10250 0
44 57 10267 1
86 53 10303 1
29 78 10323 0
40 56 10339 1
49 79 10365 0
42 56 10393 1
37 56 10394 1
100 54 10466 1
44 82 10496 0
30 53 10509 1
69 54 10547 1
50 56 10595 1
43 57 10634 1
22 62 10708 0
103 56 10775 1
26 76 10784 0
45 82 10798 0
91 53 10815 1
31 80 10816 0
100 53 10827 1
102 56 10835 1
39 57 10888 1
70 76 10921 0
36 81 10967 0
23 62 11051 0
62 77 11119 0
31 79 11343 0
60 77 11366 0
52 78 11461 0
27 76 11574 0
94 74 11585 0
94 75 11607 0
107 66 11619 1
68 55 11641 1
106 57 11702 1
48 57 11751 1
95 55 11767 1
67 12 11813 0
89 74 12073 0
23 69 12169 0
90 53 12180 1
96 74 12214 0
101 53 12224 1
57 57 12255 1
77 54 12312 1
28 78 12357 0
39 81 12547 0
93 74 12586 0
20 69 12649 0
97 74 12651 0
50 80 12659 0
42 83 12689 0
39 56 12791 1
84 54 12814 1
32 53 12904 1
36 55 12924 1
28 60 12969 1
69 76 13025 0
81 77 13064 0
94 52 13122 1
69 77 13189 0
95 75 13288 0
32 52 13438 1
28 77 13497 0
98 52 13503 1
33 53 13549 1
60 76 13603 0
47 57 13642 1
98 75 13810 0
52 56 13816 1
89 111 13990 0
92 52 14006 1
72 53 14049 1
42 81 14090 0
34 53 14240 1
55 78 14338 0
33 81 14419 0
23 70 14558 0
41 58 14565 1
83 75 14726 0
32 80 14806 0
77 76 14841 0
38 56 14863 1
106 68 14901 1
37 82 14907 0
35 80 14964 0
32 54 14983 1
45 81 14985 0
106 55 15028 1
62 56 15069 1
37 80 15489 0
97 73 15572 0
67 54 15627 1
37 55 15654 1
32 81 15820 0
103 55 15859 1
57 77 15921 0
29 78 15922 0
69 84 15949 0
86 75 15953 0
7 84 15959 0
68 38 15971 0
87 75 16043 0
59 77 16077 0
30 55 16084 1
57 56 16128 1
70 53 16137 1
24 59 16138 0
23 71 16326 0
90 36 16381 0
105 57 16431 1
98 51 16460 1
30 54 16617 1
27 56 16651 1
106 59 16664 1
61 76 16705 0
43 124 16806 1
23 69 16842 0
105 58 16906 1
63 56 17074 1
28 78 17188 0
42 58 17204 1
61 56 17274 1
53 56 17374 1
45 80 17492 0
64 78 17607 0
24 73 17659 0
73 77 17682 0
64 77 17704 0
47 79 17717 0
59 78 17798 0
81 53 18035 1
62 77 18094 0
81 76 18109 0
80 54 18142 1
99 54 18165 1
106 58 18208 1
89 53 18211 1
56 56 18247 1
41 57 18279 1
90 74 18533 0
48 56 18699 1
90 73 18718 0
84 53 18799 1
38 55 18851 1
103 72 18862 0
64 55 18864 1
51 78 18899 0
32 80 18971 0
71 76 19015 0
70 76 19095 0
24 70 19101 0
96 74 19154 0
87 53 19156 1
74 53 19203 1
93 74 19373 0
97 52 19396 1
60 56 19441 1
79 55 19466 1
99 52 19558 1
83 54 19634 1
41 79 19635 0
60 76 19650 0
46 56 19713 1
51 54 19720 1
51 77 19720 0
23 70 19726 0
101 54 19802 1
23 66 19920 0
24 63 19979 0
34 54 20000 1
36 53 20217 1
24 60 20237 0
72 112 20280 1
63 76 20415 0
46 57 20446 1
1 26 20479 1
37 54 20519 1
79 46 20600 1
100 52 20652 1
52 55 20664 1
55 77 20873 0
29 77 20891 0
66 76 20948 0
76 53 20977 1
63 14 21014 1
39 14 21060 1
95 51 21063 1
92 116 21158 1
102 52 21289 1
76 76 21414 0
95 52 21430 1
79 54 21464 1
38 100 21490 1
104 55 21505 1
102 53 21523 1
28 78 21723 0
51 56 21851 1
74 77 21946 0
42 57 22083 1
88 53 22155 1
40 56 22283 1
81 54 22377 1
31 53 22430 1
75 54 22445 1
40 57 22452 1
47 81 22478 0
72 54 22488 1
45 57 22709 1
92 53 22735 1
106 60 22859 1
77 55 22859 1
102 54 22919 1
85 55 23033 1
32 80 23090 0
34 81 23121 0
106 67 23318 1
77 53 23441 1
107 63 23492 1
68 54 23501 1
80 55 24082 1
95 74 24148 0
100 73 24485 0
100 53 24566 1
83 77 24600 0
23 70 24760 0
37 82 24794 0
99 53 24808 1
23 66 24828 0
97 51 24869 1
44 57 25016 1
90 74 25060 0
71 54 25428 1
99 51 25639 1
29 76 25657 0
70 54 25892 1
35 54 26379 1
107 62 26755 1
117 62 26756 1
66 55 26936 1
63 76 26952 0
43 57 27150 1
62 76 27242 0
76 76 27243 0
107 60 27309 1
78 54 27472 1
107 61 27562 1
59 14 27565 1
107 64 27638 1
101 53 27694 1
28 78 27845 0
54 56 27851 1
38 54 28019 1
99 73 28023 0
85 74 28166 0
103 55 28194 1
106 57 28238 1
82 53 28377 1
27 78 28476 0
103 56 28508 1
75 53 28552 1
73 54 28554 1
107 59 28560 1
88 54 28638 1
96 51 28727 1
105 57 28871 1
102 54 28881 1
93 52 28906 1
99 52 28908 1
90 53 28934 1
101 73 28939 0
107 62 29016 1
24 72 29032 0
81 55 29050 1
58 56 29059 1
107 65 29068 1
59 56 29118 1
91 53 29204 1
103 54 29208 1
94 51 29212 1
107 63 29261 1
55 77 29302 0
33 54 29308 1
71 53 29434 1
100 52 29437 1
106 58 29438 1
73 53 29518 1
44 56 29691 1
65 76 29746 0
97 73 29803 0
104 55 29871 1
47 59 29947 1
54 55 29975 1
74 76 30070 0
32 80 30101 0
86 53 30138 1
29 79 30165 0
79 76 30189 0
37 79 30190 0
104 56 30211 1
70 77 30232 0
23 66 30235 0
30 80 30263 0
107 58 30286 1
95 74 30292 0
67 77 30302 0
39 14 30310 0
37 81 30325 0
85 53 30395 1
55 56 30411 1
75 76 30411 0
107 61 30440 1
23 69 30446 0
44 81 30472 0
47 56 30589 1
80 76 30613 0
87 74 30656 0
55 55 30692 1
43 80 30733 0
41 56 30735 1
41 81 30825 0
37 80 30833 0
90 53 30838 1
37 55 30841 1
53 77 30846 0
27 76 30852 0
89 53 30857 1
23 68 30862 0
39 80 30869 0
90 73 30915 0
99 73 30916 0
72 77 30937 0
80 54 30970 1
25 71 30994 0
35 52 31026 1
79 54 31036 1
106 57 31069 1
34 53 31098 1
103 55 31109 1
94 52 31133 1
82 76 31140 0
64 56 31148 1
90 74 31216 0
62 77 31259 0
83 54 31269 1
107 60 31270 1
35 53 31289 1
108 61 31349 1
72 53 31352 1
102 54 31415 1
77 54 31430 1
45 56 31459 1
100 53 31460 1
34 81 31471 0
41 57 31482 1
103 53 31504 1
43 56 31536 1
59 55 31540 1
39 55 31614 1
101 53 31641 1
76 76 31645 0
81 54 31657 1
108 63 31670 1
42 56 31698 1
52 56 31733 1
68 53 31760 1
61 76 31779 0
101 54 31800 1
98 52 31811 1
24 61 31824 0
69 53 31830 1
107 64 31847 1
38 55 31854 1
29 78 31876 0
63 56 31883 1
54 76 31886 0
48 57 31928 1
33 52 31931 1
60 76 31942 0
84 54 31979 1
77 76 31983 0
45 79 32010 0
16 11 32050 1
53 56 32054 1
95 52 32127 1
27 75 32146 0
23 70 32159 0
104 54 32206 1
83 53 32248 1
62 76 32262 0
98 51 32421 1
105 55 32449 1
65 54 32450 1
63 76 32458 0
102 53 32459 1
37 56 32528 1
24 65 32558 0
24 63 32580 0
79 53 32585 1
53 55 32593 1
47 57 32616 1
36 55 32665 1
100 52 32669 1
31 79 32722 0
107 66 32744 1
48 80 32809 0
83 55 32870 1
80 53 32881 1
111 64 32886 1
29 77 32887 0
48 56 33017 1
108 64 33030 1
69 76 33037 0
33 53 33052 1
37 54 33065 1
32 53 33065 1
49 57 33138 1
65 55 33170 1
56 56 33198 1
41 56 33209 1
99 52 33227 1
57 55 33240 1
39 57 33242 1
37 53 33267 1
38 81 33279 0
69 54 33328 1
107 62 33388 1
74 53 33393 1
92 52 33440 1
43 82 33484 0
60 55 33494 1
78 54 33499 1
70 76 33517 0
42 81 33544 0
88 53 33553 1
24 70 33614 0
46 57 33628 1
106 56 33633 1
36 53 33637 1
62 55 33646 1
44 58 33667 1
49 55 33669 1
45 80 33699 0
37 55 33723 1
83 75 33736 0
28 77 33744 0
40 56 33759 1
50 56 33763 1
36 81 33763 0
107 63 33763 1
35 80 33781 0
34 53 33793 1
104 55 33794 1
60 56 33822 1
89 54 33908 1
61 56 33939 1
44 56 33973 1
25 71 34008 0
66 76 34032 0
22 65 34055 0
45 57 34064 1
82 54 34070 1
80 77 34080 0
81 76 34197 0
67 55 34214 1
84 53 34216 1
29 76 34256 0
57 56 34280 1
107 59 34327 1
40 81 34349 0
43 58 34373 1
27 77 34421 0
70 53 34523 1
47 80 34584 0
31 80 34677 0
39 81 34710 0
44 57 34736 1
76 53 34786 1
29 75 34902 0
58 55 34968 1
32 80 34985 0
81 53 35031 1
61 75 35063 0
27 75 35088 0
71 76 35104 0
23 61 35107 0
100 73 35170 0
87 53 35235 1
93 74 35307 0
29 56 35358 1
106 57 35398 1
58 77 35422 0
43 57 35428 1
91 53 35431 1
38 55 35444 1
24 65 35507 0
84 75 35512 0
107 61 35537 1
39 55 35599 1
95 51 35733 1
43 84 35766 0
59 56 35770 1
75 53 35817 1
23 66 35819 0
106 59 35847 1
41 79 35925 0
78 53 36010 1
23 68 36077 0
93 52 36099 1
41 57 36125 1
101 52 36128 1
96 51 36144 1
99 51 36144 1
71 52 36276 1
39 80 36300 0
105 57 36341 1
28 78 36356 0
97 73 36393 0
85 75 36447 0
73 53 36654 1
97 51 36687 1
65 76 36691 0
86 53 36713 1
103 55 36767 1
107 65 36789 1
33 54 36801 1
37 79 36848 0
55 56 36874 1
108 60 36897 1
32 52 36932 1
41 82 36940 0
42 56 37013 1
43 56 37022 1
29 78 37040 0
83 51 37042 1
46 56 37122 1
76 76 37161 0
63 77 37218 0
90 73 37219 0
54 76 37222 0
95 74 37230 0
103 54 37235 1
101 72 37279 0
38 54 37315 1
31 53 37332 1
43 81 37359 0
62 76 37405 0
24 75 37482 0
51 56 37571 1
102 54 37603 1
49 80 37633 0
68 55 37636 1
101 53 37636 1
24 61 37646 0
54 56 37729 1
24 60 37775 0
22 67 37806 0
13 76 37810 0
37 82 37821 0
89 74 37823 0
37 80 37832 0
1 26 37833 0
107 58 37857 1
96 37 37919 0
27 76 37940 0
23 62 37998 0
65 77 38015 0
27 72 38029 0
24 63 38053 0
29 77 38089 0
82 53 38116 1
49 78 38118 0
22 64 38156 0
79 77 38231 0
87 76 38271 0
22 63 38272 0
52 79 38273 0
42 80 38413 0
27 75 38434 0
35 53 38440 1
85 73 38440 0
55 55 38485 1
31 79 38500 0
27 81 38531 0
47 79 38533 0
52 78 38552 0
22 71 38599 0
52 56 38715 1
107 67 38767 1
43 55 38852 1
55 77 39142 0
34 52 39156 1
96 74 39229 0
85 76 39246 0
32 79 39296 0
90 52 39315 1
77 53 39334 1
107 60 39378 1
51 77 39552 0
89 53 39585 1
93 51 39623 1
55 76 39634 0
24 70 39665 0
90 53 39678 1
34 81 39695 0
77 77 39697 0
63 76 39700 0
27 55 39707 1
24 65 39720 0
76 77 39820 0
61 75 39921 0
106 58 39973 1
61 76 40063 0
43 80 40227 0
60 76 40249 0
47 82 40307 0
25 71 40355 0
23 92 40381 0
25 74 40404 0
90 74 40484 0
75 76 40551 0
50 39 40619 0
99 73 40735 0
25 78 40741 0
70 76 40753 0
21 80 40761 0
26 82 40767 0
23 72 40814 0
45 56 40996 1
66 78 41119 0
64 76 41224 0
44 81 41232 0
64 55 41265 1
94 49 41307 1
91 52 41320 1
85 74 41368 0
23 68 41386 0
79 76 41388 0
73 76 41468 0
26 74 41555 0
54 55 41556 1
52 55 41719 1
29 76 41804 0
89 73 41850 0
101 72 41851 0
39 54 41906 1
37 54 41929 1
108 62 41966 1
25 73 42015 0
87 73 42032 0
63 55 42122 1
26 72 42390 0
92 73 42413 0
22 69 42452 0
68 54 42505 1
71 54 42507 1
51 55 42536 1
74 76 42711 0
42 80 42794 0
80 54 42883 1
40 55 42899 1
47 56 42994 1
70 52 43019 1
29 55 43072 1
83 76 43143 0
32 79 43180 0
85 53 43188 1
34 54 43240 1
104 55 43255 1
28 76 43274 0
53 77 43294 0
70 54 43294 1
63 56 43320 1
102 53 43365 1
79 54 43589 1
49 79 43633 0
58 56 43671 1
72 53 43673 1
34 80 43706 0
100 52 43745 1
71 53 43774 1
34 53 43959 1
35 80 44191 0
48 57 44205 1
27 75 44358 0
107 64 44394 1
99 52 44433 1
40 56 44510 1
39 55 44511 1
53 56 44568 1
32 53 44764 1
46 80 44819 0
55 76 44832 0
83 54 44994 1
107 57 45012 1
47 58 45143 1
73 54 45310 1
105 68 45400 1
45 79 45497 0
46 81 45504 0
64 76 45534 0
89 73 45572 0
92 73 45609 0
36 53 45623 1
26 74 45636 0
26 72 45731 0
54 76 45799 0
24 71 45828 0
32 80 45865 0
76 52 45960 1
67 54 46089 1
108 61 46141 1
82 52 46153 1
41 56 46194 1
29 75 46197 0
87 73 46253 0
77 52 46266 1
62 78 46365 0
28 77 46429 0
73 76 46528 0
64 56 46538 1
53 55 46572 1
74 52 46594 1
38 55 46631 1
48 55 46684 1
37 53 46706 1
74 53 46784 1
33 53 46801 1
98 51 46891 1
23 66 46930 0
81 54 47057 1
106 57 47124 1
37 55 47198 1
84 76 47284 0
77 76 47344 0
66 55 47387 1
28 76 47531 0
80 53 47645 1
47 57 47702 1
44 56 47703 1
32 79 47780 0
25 73 47950 0
59 55 47953 1
107 59 47984 1
29 78 48061 0
75 77 48107 0
38 53 48213 1
48 56 48442 1
88 53 48638 1
43 81 48669 0
25 74 48697 0
52 76 48706 0
38 80 48775 0
92 73 48881 0
73 52 48970 1
50 55 49003 1
34 80 49005 0
42 80 49057 0
94 51 49067 1
66 76 49263 0
26 72 49369 0
85 52 49551 1
79 53 49789 1
30 55 49817 1
26 74 49964 0
61 55 49973 1
56 54 49996 1
23 74 50000 0
26 71 50001 0
83 53 50057 1
45 57 50133 1
24 59 50164 0
44 57 50208 1
43 79 50245 0
89 73 50291 0
45 80 50310 0
33 55 50334 1
23 68 50415 0
46 57 50540 1
40 79 50667 0
30 78 51034 0
36 52 51043 1
67 53 51216 1
101 72 51345 0
24 65 51424 0
46 80 51538 0
28 76 51560 0
64 76 51581 0
55 76 51642 0
76 53 51680 1
69 53 51685 1
97 74 51696 0
68 75 51830 0
24 71 52245 0
95 74 52474 0
56 90 52543 0
92 80 52602 0
23 70 52640 0
35 82 52671 0
57 55 52711 1
73 76 52762 0
28 78 52839 0
33 52 53099 1
102 54 53100 1
92 73 53266 0
76 76 53321 0
102 72 53360 0
92 52 53365 1
26 71 53560 0
24 73 53644 0
25 73 53656 0
23 65 53664 0
21 73 53744 0
27 79 53794 0
68 38 53803 0
38 80 53928 0
77 78 53988 0
97 73 54166 0
30 87 54182 0
55 81 54184 0
42 68 54218 1
34 81 54234 0
23 45 54385 0
33 80 54462 0
105 55 54624 1
29 79 54663 0
21 91 54774 0
62 76 54917 0
30 78 54922 0
21 68 54935 0
42 56 55045 1
100 52 55121 1
55 54 55188 1
19 71 55212 0
34 80 55262 0
103 71 55316 0
94 52 55438 1
43 57 55449 1
101 53 55449 1
60 55 55485 1
94 73 55511 0
26 74 55579 0
59 76 55589 0
78 76 55599 0
107 62 55625 1
40 79 55691 0
104 55 55775 1
57 54 55795 1
75 52 55795 1
102 53 55883 1
23 64 55965 0
66 125 56002 1
104 54 56352 1
103 54 56438 1
35 51 56454 1
90 73 56482 0
87 52 56485 1
68 75 56602 0
99 51 56619 1
90 53 56649 1
87 73 56704 0
109 63 56716 1
78 54 56718 1
56 90 56741 1
108 59 56758 1
101 52 56764 1
87 53 56769 1
103 56 56867 1
89 52 56897 1
27 72 57082 0
96 51 57104 1
58 55 57150 1
108 63 57235 1
108 64 57292 1
86 53 57300 1
106 56 57329 1
97 51 57355 1
107 63 57466 1
61 77 57602 0
107 61 57658 1
30 81 57759 0
91 53 57829 1
56 55 57869 1
84 53 57904 1
61 75 57918 0
108 60 57946 1
35 52 57958 1
106 57 58048 1
73 53 58048 1
100 51 58051 1
75 53 58070 1
28 76 58104 0
106 55 58155 1
97 50 58187 1
32 79 58230 0
24 63 58326 0
29 77 58355 0
23 67 58378 0
69 76 58389 0
41 55 58407 1
51 78 58456 0
39 80 58464 0
29 76 58491 0
26 71 58636 0
92 73 58641 0
24 71 58657 0
41 79 58672 0
23 69 58677 0
23 65 58700 0
30 78 58711 0
37 79 58714 0
26 72 58730 0
43 56 58749 1
107 58 58789 1
82 53 58790 1
27 75 58828 0
41 83 58848 0
34 82 58902 0
70 53 58911 1
25 74 58942 0
38 80 59009 0
80 76 59020 0
82 76 59047 0
94 73 59067 0
38 54 59090 1
98 50 59124 1
95 52 59144 1
39 55 59214 1
91 73 59218 0
89 73 59228 0
46 80 59235 0
103 53 59246 1
17 75 59284 0
100 73 59376 0
71 76 59407 0
69 83 59413 0
53 78 59452 0
107 66 59483 1
93 52 59498 1
62 55 59508 1
27 80 59515 0
25 71 59540 0
61 31 59576 0
73 72 59592 0
73 76 59592 0
49 78 59651 0
25 73 59726 0
14 48 59755 0
43 80 59792 0
55 55 59815 1
37 82 59838 0
33 80 59847 0
81 53 59970 1
65 55 60021 1
30 54 60059 1
24 61 60096 0
72 52 60158 1
95 51 60185 1
78 77 60228 0
64 76 60336 0
37 80 60364 0
29 75 60385 0
78 53 60392 1
90 52 60462 1
44 55 60463 1
24 62 60521 0
32 52 60761 1
41 57 60764 1
108 62 60773 1
37 54 60807 1
89 53 60858 1
40 55 60892 1
78 76 60911 0
63 76 60984 0
43 55 60997 1
108 61 61084 1
45 56 61096 1
68 75 61105 0
88 72 61136 0
27 72 61225 0
107 57 61338 1
34 53 61339 1
91 52 61413 1
41 56 61674 1
35 53 61705 1
85 73 61783 0
23 64 61838 0
36 53 61926 1
54 55 61939 1
42 80 61947 0
59 76 62036 0
29 80 62051 0
40 79 62054 0
107 59 62076 1
25 75 62249 0
91 75 62273 0
43 79 62293 0
103 72 62352 0
102 54 62568 1
102 73 62653 0
46 56 62739 1
48 80 62814 0
27 73 62878 0
69 52 62928 1
67 75 63009 0
105 55 63266 1
94 73 63274 0
42 55 63285 1
98 51 63296 1
72 53 63409 1
85 53 63432 1
30 78 63490 0
84 54 63540 1
37 52 63548 1
78 52 63608 1
67 55 63635 1
100 52 63662 1
24 58 63710 0
91 73 63835 0
35 80 63915 0
65 76 63925 0
103 55 63935 1
34 80 63959 0
102 72 63973 0
52 56 64009 1
34 83 64043 0
23 65 64103 0
26 71 64292 0
62 77 64336 0
22 74 64452 0
88 52 64618 1
31 81 64618 0
45 55 64647 1
61 78 64688 0
47 80 64709 0
15 75 64786 0
33 81 64787 0
77 53 64844 1
74 53 64862 1
55 76 64878 0
50 78 64898 0
83 75 64964 0
24 62 65009 0
101 72 65101 0
38 55 65171 1
26 74 65284 0
63 55 65288 1
108 58 65367 1
28 76 65571 0
102 53 65576 1
47 56 65656 1
47 83 65696 0
26 77 65754 0
78 76 65773 0
23 67 65790 0
24 65 65924 0
24 70 65953 0
22 68 65993 0
71 75 66073 0
24 64 66084 0
31 79 66129 0
28 55 66170 1
27 73 66181 0
24 71 66382 0
33 80 66886 0
109 61 67133 1
96 50 67227 1
68 77 67237 0
68 53 67294 1
12 75 67440 0
107 65 67481 1
69 7 67534 0
67 75 67540 0
98 74 67561 0
26 72 67631 0
73 80 67633 0
27 86 67667 0
32 82 67712 0
38 80 67743 0
33 78 67762 0
90 74 67775 0
36 82 67783 0
46 79 67842 0
45 83 67849 0
44 56 67861 1
92 75 67879 0
25 73 68018 0
23 64 68056 0
88 75 68152 0
32 80 68394 0
31 53 68401 1
91 73 68408 0
40 78 68683 0
70 76 69004 0
26 73 69072 0
35 79 69173 0
51 77 69193 0
59 75 69203 0
94 73 69275 0
46 80 69330 0
99 52 69373 1
104 55 69373 1
73 75 69441 0
62 75 69513 0
94 74 69523 0
35 81 69540 0
26 78 69644 0
39 55 69644 1
27 73 69708 0
24 64 69718 0
71 52 69814 1
24 62 69848 0
99 73 69916 0
24 67 69936 0
59 76 69999 0
34 51 70202 1
74 38 70370 0
52 55 70462 1
39 54 70601 1
24 60 70665 0
57 55 70722 1
71 53 70838 1
31 51 70850 1
82 75 70952 0
54 76 71081 0
23 65 71090 0
25 67 71191 0
71 75 71204 0
45 79 71566 0
66 53 71601 1
99 50 71603 1
58 54 71737 1
39 53 71799 1
25 70 71805 0
79 54 71828 1
22 6 71885 1
29 50 71902 1
61 54 72104 1
30 78 72150 0
41 55 72205 1
74 52 72423 1
34 79 72458 0
47 79 72466 0
86 73 72475 0
105 8 72506 1
27 74 72508 0
83 54 72559 1
103 54 72628 1
33 54 72741 1
32 53 72905 1
104 54 73166 1
53 55 73250 1
106 57 73264 1
81 54 73314 1
59 55 73330 1
31 52 73331 1
30 53 73349 1
33 78 73355 0
101 52 73488 1
29 78 73581 0
99 51 73750 1
24 64 73790 0
83 52 73807 1
42 56 73853 1
43 83 73876 0
48 56 74017 1
26 73 74034 0
78 76 74164 0
37 53 74204 1
29 76 74234 0
106 56 74283 1
64 55 74342 1
50 78 74495 0
91 73 74535 0
80 53 74612 1
30 80 74633 0
33 82 74637 0
38 54 74677 1
24 67 74836 0
81 52 74878 1
80 52 74888 1
59 75 74936 0
109 45 75058 1
56 77 75111 0
51 55 75183 1
60 55 75267 1
56 90 75406 0
73 75 75519 0
88 53 75558 1
27 73 75578 0
46 55 75579 1
23 64 75653 0
109 45 75747 0
58 76 75992 0
23 67 76159 0
26 56 76185 1
38 53 76190 1
58 55 76286 1
34 52 76466 1
105 54 76551 1
24 63 76567 0
102 52 76774 1
76 53 76799 1
29 54 76824 1
35 79 76908 0
25 70 76918 0
95 50 77297 1
65 78 77371 0
72 78 77402 0
34 79 78024 0
37 55 78034 1
27 74 78104 0
77 50 78131 1
46 79 78252 0
63 75 78255 0
22 70 78401 0
82 75 78413 0
21 69 78543 0
81 76 78554 0
83 53 78569 1
45 81 78650 0
23 60 78992 0
55 55 79034 1
37 81 79129 0
24 69 79220 0
69 77 79222 0
25 28 79232 0
12 73 79289 0
99 72 79325 0
62 75 79364 0
86 52 79463 1
75 53 79517 1
24 67 79667 0
33 86 79681 0
102 72 79782 0
65 75 79792 0
26 77 79795 0
24 64 79851 0
26 73 79877 0
61 55 79978 1
106 55 79983 1
35 81 80034 0
63 54 80188 1
96 73 80235 0
52 76 80238 0
44 57 80248 1
42 79 80348 0
97 51 80459 1
61 84 80496 0
107 58 80515 1
108 60 80950 1
90 53 81056 1
87 73 81088 0
100 51 81311 1
95 73 81357 0
108 61 81374 1
96 51 81483 1
103 53 81485 1
108 63 81556 1
108 59 81638 1
44 80 81650 0
86 73 81869 0
56 90 81920 1
102 53 81939 1
105 55 81949 1
85 74 82033 0
97 73 82068 0
92 73 82144 0
107 57 82224 1
94 51 82247 1
101 52 82297 1
98 80 82331 0
81 53 82351 1
108 64 82355 1
79 53 82428 1
67 75 82473 0
100 52 82494 1
66 76 82523 0
90 73 82591 0
24 62 82734 0
21 62 82777 0
62 55 82786 1
112 10 82788 1
108 62 82807 1
101 51 82866 1
90 52 82867 1
76 52 82872 1
57 75 82916 0
71 75 82922 0
88 72 82934 0
73 52 82986 1
84 52 82993 1
106 55 83011 1
58 76 83029 0
91 52 83077 1
82 53 83152 1
27 82 83173 0
70 75 83198 0
87 52 83206 1
89 73 83212 0
86 53 83218 1
35 78 83299 0
84 53 83299 1
107 56 83302 1
102 52 83328 1
73 53 83341 1
65 54 83345 1
29 53 83352 1
28 74 83378 0
95 51 83383 1
104 54 83405 1
47 55 83433 1
48 57 83509 1
43 56 83515 1
98 50 83552 1
61 75 83667 0
68 75 83686 0
33 80 83698 0
40 55 83731 1
107 58 83763 1
77 52 83814 1
37 54 83822 1
101 73 83823 0
59 75 83866 0
89 52 83889 1
101 72 83897 0
65 74 83903 0
68 54 83927 1
75 52 83928 1
84 75 83948 0
60 54 83949 1
99 51 83954 1
93 51 84034 1
106 56 84048 1
44 84 84075 0
45 56 84104 1
91 73 84130 0
92 52 84138 1
27 72 84139 0
63 75 84184 0
70 54 84186 1
70 52 84194 1
103 54 84197 1
82 52 84219 1
49 55 84237 1
99 72 84254 0
73 75 84267 0
45 80 84296 0
29 75 84313 0
89 53 84317 1
108 59 84332 1
32 79 84347 0
99 75 84386 0
75 76 84435 0
41 56 84466 1
53 77 84503 0
43 55 84510 1
83 78 84569 0
40 81 84578 0
108 60 84579 1
37 79 84597 0
34 53 84608 1
99 74 84649 0
47 57 84649 1
98 51 84669 1
76 76 84684 0
27 74 84794 0
29 77 84809 0
41 79 84814 0
107 57 84815 1
93 52 84820 1
42 80 84855 0
33 53 84890 1
40 79 84920 0
77 75 84939 0
46 57 84957 1
65 75 84980 0
101 52 84980 1
69 75 84986 0
100 72 85020 0
79 52 85030 1
103 53 85043 1
69 53 85068 1
39 80 85094 0
57 77 85143 0
70 53 85182 1
25 70 85242 0
105 55 85282 1
24 69 85310 0
56 90 85330 0
37 82 85361 0
26 71 85371 0
36 53 85375 1
65 52 85381 1
62 54 85398 1
106 55 85399 1
36 52 85417 1
25 67 85426 0
73 76 85427 0
53 54 85467 1
60 76 85530 0
73 74 85583 0
54 54 85595 1
54 55 85608 1
34 79 85610 0
57 55 85695 1
39 78 85699 0
74 76 85708 0
50 55 85714 1
96 73 85723 0
66 74 85753 0
103 71 85754 0
82 75 85776 0
85 73 85807 0
100 51 85815 1
29 76 85921 0
59 55 85971 1
74 52 85977 1
90 53 85984 1
24 67 86001 0
104 71 86017 0
83 52 86051 1
39 54 86063 1
57 54 86081 1
52 55 86117 1
72 53 86119 1
61 76 86144 0
56 54 86197 1
108 66 86234 1
45 57 86293 1
44 56 86294 1
33 51 86318 1
35 53 86358 1
42 79 86378 0
33 78 86379 0
104 53 86381 1
36 81 86402 0
46 56 86430 1
27 72 86452 0
38 53 86466 1
64 55 86498 1
41 55 86511 1
27 73 86513 0
85 53 86528 1
102 53 86578 1
87 53 86606 1
96 50 86630 1
97 50 86641 1
43 79 86676 0
37 80 86676 0
108 61 86699 1
105 53 86710 1
28 74 86714 0
41 54 86759 1
90 52 86800 1
35 52 86818 1
59 54 86860 1
95 73 86883 0
102 52 86893 1
58 54 86894 1
33 52 86897 1
48 55 86939 1
25 71 86951 0
55 54 86958 1
43 81 86994 0
29 75 87000 0
24 65 87023 0
70 75 87063 0
78 52 87068 1
37 53 87069 1
60 55 87129 1
38 54 87250 1
42 55 87272 1
37 52 87272 1
72 52 87317 1
83 54 87398 1
101 51 87429 1
108 58 87463 1
63 55 87467 1
88 52 87470 1
35 79 87484 0
24 64 87522 0
43 80 87533 0
53 55 87534 1
104 54 87590 1
44 55 87602 1
52 54 87643 1
62 55 87653 1
27 75 87665 0
56 90 87744 1
32 52 87774 1
45 55 87782 1
99 50 87784 1
44 80 87796 0
94 51 87820 1
81 64 87821 1
81 52 87821 1
86 74 87847 0
66 55 87864 1
26 72 87896 0
64 76 87948 0
24 61 88010 0
65 55 88068 1
56 75 88104 0
105 54 88120 1
64 54 88125 1
96 51 88148 1
62 75 88151 0
75 53 88236 1
26 73 88242 0
38 52 88261 1
75 52 88277 1
85 52 88285 1
80 52 88364 1
118 65 88375 1
63 75 88422 0
57 75 88436 0
40 78 88455 0
24 63 88460 0
67 75 88462 0
56 77 88522 0
35 80 88633 0
48 56 88664 1
108 62 88707 1
71 52 88745 1
61 54 88748 1
51 55 88782 1
77 53 88789 1
46 79 88817 0
43 55 88839 1
101 48 88851 1
38 80 88958 0
26 71 88986 0
34 53 89022 1
68 75 89039 0
43 56 89045 1
37 79 89069 0
55 55 89071 1
54 77 89102 0
34 80 89111 0
25 58 89136 0
69 75 89175 0
39 55 89183 1
56 76 89254 0
42 81 89256 0
108 56 89278 1
73 52 89306 1
25 72 89323 0
27 72 89331 0
94 73 89346 0
77 75 89355 0
25 67 89405 0
100 72 89432 0
45 79 89538 0
24 62 89541 0
39 81 89593 0
55 76 89707 0
36 80 89769 0
61 55 89825 1
79 76 89837 0
65 75 89874 0
107 66 89874 1
51 77 89919 0
41 56 89991 1
51 79 90065 0
71 75 90083 0
65 74 90136 0
72 76 90141 0
35 50 90144 1
58 75 90156 0
36 51 90202 1
81 53 90227 1
76 52 90241 1
35 78 90246 0
54 76 90260 0
74 75 90261 0
28 76 90277 0
28 74 90299 0
106 56 90308 1
31 79 90345 0
108 65 90356 1
67 76 90359 0
33 79 90381 0
84 53 90392 1
86 73 90430 0
80 53 90521 1
66 75 90527 0
107 58 90561 1
30 78 90576 0
31 80 90666 0
97 51 90674 1
34 79 90697 0
108 60 90700 1
49 56 90746 1
24 71 90763 0
78 54 90784 1
88 72 90790 0
79 53 90811 1
49 56 90818 1
39 54 90821 1
91 52 90864 1
49 56 90895 1
59 75 90924 0
49 56 90961 1
38 81 91017 0
49 56 91031 1
106 57 91055 1
49 56 91107 1
58 76 91111 0
49 56 91175 1
96 72 91192 0
83 75 91213 0
49 56 91248 1
49 56 91319 1
24 59 91355 0
49 56 91382 1
73 75 91386 0
86 52 91421 1
87 52 91438 1
106 54 91456 1
49 56 91457 1
25 70 91465 0
22 75 91494 0
49 56 91553 1
49 79 91598 0
23 64 91620 0
49 56 91630 1
41 55 91640 1
83 53 91657 1
24 69 91693 0
49 56 91735 1
66 74 91743 0
23 65 91757 0
49 56 91817 1
49 56 91924 1
96 73 91940 0
77 76 91958 0
68 51 92007 1
49 56 92015 1
28 79 92029 0
78 76 92114 0
49 56 92120 1
105 55 92141 1
40 54 92170 1
109 45 92181 1
49 56 92210 1
68 52 92227 1
38 53 92232 1
99 51 92257 1
40 55 92258 1
109 45 92276 0
107 57 92307 1
60 54 92316 1
49 56 92320 1
61 75 92348 0
35 51 92392 1
45 56 92412 1
36 53 92441 1
99 72 92448 0
49 56 92452 1
63 54 92591 1
82 52 92594 1
49 56 92621 1
70 75 92635 0
92 74 92640 0
29 76 92640 0
42 56 92662 1
91 51 92715 1
86 53 92776 1
49 56 92810 1
21 70 92811 0
47 55 92860 1
109 60 92932 1
74 53 92980 1
64 75 93008 0
67 52 93041 1
101 56 93041 1
101 52 93041 1
108 59 93054 1
50 78 93155 0
38 83 93284 0
100 72 93300 0
24 67 93303 0
27 74 93329 0
49 56 93353 1
47 56 93354 1
91 74 93354 0
37 54 93402 1
82 53 93406 1
59 55 93439 1
25 74 93445 0
46 80 93456 0
41 86 93471 0
44 80 93511 0
29 75 93528 0
49 55 93615 1
106 55 93626 1
95 73 93651 0
49 56 93799 1
57 55 93913 1
100 51 93960 1
56 75 94034 0
95 51 94106 1
103 53 94151 1
85 50 94217 1
44 56 94273 1
39 53 94313 1
49 56 94407 1
65 54 94412 1
36 52 94420 1
23 63 94436 0
73 53 94489 1
108 63 94508 1
91 71 94548 0
28 74 94580 0
77 75 94638 0
47 79 94664 0
38 54 94725 1
52 56 94746 1
82 75 94807 0
96 72 94880 0
67 54 94982 1
34 52 94997 1
32 79 95094 0
32 51 95094 1
73 78 95137 0
27 73 95181 0
36 80 95238 0
66 75 95268 0
42 79 95308 0
69 75 95350 0
23 68 95356 0
33 79 95466 0
40 82 95496 0
35 81 95504 0
58 75 95518 0
37 53 95570 1
33 78 95735 0
75 75 95813 0
50 55 95869 1
32 79 95967 0
73 79 95993 0
89 52 96000 1
49 78 96059 0
74 75 96081 0
72 75 96124 0
20 65 96136 0
87 73 96176 0
18 80 96204 0
41 81 96257 0
24 68 96372 0
60 77 96419 0
22 72 96433 0
63 75 96441 0
21 64 96445 0
27 76 96528 0
29 77 96549 0
25 72 96558 0
57 81 96596 0
49 56 96608 1
87 74 96618 0
30 77 96675 0
51 80 96687 0
40 80 96709 0
43 86 96734 0
54 55 96810 1
59 76 96901 0
40 79 96904 0
17 71 96918 0
56 76 96967 0
25 65 97004 0
60 75 97067 0
100 72 97087 0
68 53 97142 1
52 76 97517 0
42 55 97597 1
54 54 97646 1
73 74 97667 0
79 52 97686 1
67 53 97716 1
84 52 97750 1
84 49 97752 1
102 49 97753 1
60 55 97953 1
86 74 97956 0
67 55 97976 1
24 64 98010 0
101 72 98074 0
47 80 98123 0
64 75 98190 0
26 77 98247 0
77 52 98269 1
35 79 98277 0
72 76 98473 0
96 72 98521 0
90 52 98547 1
51 76 98672 0
51 78 98738 0
100 71 98771 0
42 80 98779 0
67 76 98903 0
98 50 99123 1
39 78 99130 0
104 54 99166 1
107 56 99278 1
54 77 99316 0
62 54 99339 1
63 76 99473 0
26 71 99508 0
25 67 99537 0
25 73 99637 0
24 66 99806 0
35 53 99827 1
46 55 99903 1
67 75 99932 0
74 52 100131 1
57 75 100182 0
57 76 100195 0
25 65 100312 0
30 77 100345 0
102 72 100365 0
65 75 100412 0
66 75 100416 0
75 75 100454 0
29 82 100533 0
34 79 100603 0
74 74 100617 1
36 80 100724 0
24 65 100769 0
95 50 100815 1
72 75 100926 0
27 72 100929 0
56 54 100984 1
32 81 100994 0
109 45 101020 1
80 75 101151 0
33 54 101340 1
64 55 101366 1
96 73 101380 0
93 51 101442 1
33 79 101466 0
100 72 101471 0
102 52 101527 1
109 45 101572 0
71 53 101666 1
60 75 101979 0
58 75 102043 0
40 52 102106 1
25 63 102145 0
31 53 102189 1
34 51 102223 1
24 68 102256 0
57 54 102259 1
69 52 102376 1
94 50 102437 1
35 52 102440 1
91 79 102572 0
28 74 102626 0
55 77 102629 0
21 71 102640 0
85 74 102726 0
37 51 102806 1
104 53 102837 1
49 56 102890 1
91 72 102929 0
44 80 102930 0
46 56 103001 1
88 52 103001 1
58 54 103001 1
62 55 103053 1
48 55 103058 1
92 51 103168 1
24 69 103232 0
64 75 103371 0
40 80 103384 0
39 54 103389 1
108 58 103466 1
37 82 103506 0
100 50 103520 1
43 55 103578 1
82 74 103779 0
70 52 104083 1
106 55 104117 1
26 89 104124 0
95 73 104153 0
83 82 104175 0
77 75 104285 0
28 73 104316 0
32 52 104357 1
53 55 104376 1
68 74 104400 0
40 78 104466 0
52 55 104645 1
25 79 104790 0
51 55 104875 1
24 66 104883 0
25 65 105152 0
30 77 105198 0
62 76 105393 0
97 50 105395 1
96 72 105733 0
108 61 106043 1
30 82 106120 0
70 53 106306 1
56 76 106308 0
25 72 106423 0
25 63 106470 0
23 63 106535 0
95 75 106574 0
45 80 106771 0
80 75 106946 0
72 53 106962 1
22 61 107038 0
69 53 107108 1
74 75 107125 0
33 52 107284 1
72 52 107392 1
90 75 107549 0
105 54 107561 1
101 51 107656 1
91 72 107667 0
99 50 107690 1
103 53 107807 1
81 52 107864 1
103 52 107886 1
103 70 108008 0
100 51 108053 1
28 73 108087 0
72 76 108093 0
94 51 108114 1
62 75 108126 0
29 81 108126 0
107 57 108154 1
108 59 108162 1
117 62 108222 1
72 51 108227 1
75 75 108305 0
102 52 108308 1
88 73 108375 0
108 64 108426 1
93 55 108440 1
93 71 108440 0
107 55 108441 1
85 73 108626 0
108 60 108651 1
88 72 108708 0
101 52 108728 1
63 55 108753 1
80 52 108818 1
69 50 108819 1
104 70 108821 0
96 50 108866 1
83 52 109011 1
33 51 109096 1
85 53 109118 1
42 53 109158 1
25 71 109182 0
68 75 109340 0
100 72 109348 0
102 51 109350 1
41 80 109373 0
71 51 109408 1
105 53 109436 1
101 50 109446 1
96 51 109474 1
68 54 109518 1
103 71 109526 0
75 52 109538 1
59 54 109598 1
68 74 109622 0
24 68 109642 0
99 51 109681 1
75 53 109688 1
90 73 109720 0
65 74 109730 0
71 77 109733 0
107 56 109783 1
84 53 109790 1
85 52 109811 1
101 51 109826 1
70 75 109849 0
99 72 109864 0
79 53 109876 1
82 74 109895 0
10 83 109930 0
85 75 109936 0
44 55 109937 1
72 75 109952 0
108 57 109964 1
60 75 109968 0
78 52 109991 1
24 66 110046 0
109 62 110097 1
81 53 110108 1
69 75 110110 0
56 75 110111 0
55 55 110112 1
104 52 110221 1
34 53 110301 1
64 54 110311 1
73 51 110321 1
43 79 110356 0
45 55 110376 1
26 76 110381 0
91 71 110393 0
53 54 110394 1
108 62 110395 1
55 54 110399 1
76 52 110462 1
41 55 110465 1
102 52 110554 1
59 73 110622 0
46 79 110636 0
73 75 110637 0
66 75 110739 0
71 52 110769 1
67 76 110769 0
108 59 110785 1
82 75 110787 0
38 92 110796 0
41 54 110980 1
66 74 110983 0
106 55 110997 1
48 56 111011 1
24 63 111084 0
29 75 111095 0
82 52 111140 1
57 76 111141 0
33 53 111160 1
86 73 111160 0
42 79 111174 0
37 82 111182 0
35 78 111206 0
42 54 111224 1
90 52 111227 1
30 76 111250 0
37 52 111285 1
40 54 111332 1
71 75 111357 0
73 52 111361 1
60 54 111365 1
61 54 111367 1
36 80 111379 0
80 75 111400 0
38 52 111401 1
69 51 111414 1
95 51 111417 1
100 71 111455 0
28 73 111457 0
50 55 111500 1
103 51 111507 1
39 53 111521 1
38 53 111525 1
106 52 111534 1
58 54 111542 1
109 59 111548 1
37 79 111576 0
91 72 111619 0
107 57 111713 1
64 75 111727 0
105 54 111735 1
87 52 111766 1
103 53 111780 1
59 75 111781 0
110 59 111792 1
93 71 111807 0
83 53 111832 1
59 55 111866 1
107 55 111895 1
98 50 111951 1
45 79 111988 0
91 52 112022 1
63 75 112041 0
74 52 112065 1
25 67 112087 0
93 75 112121 0
41 79 112122 0
25 63 112150 0
49 55 112173 1
106 54 112174 1
79 52 112176 1
81 51 112177 1
47 55 112237 1
30 77 112246 0
109 60 112249 1
63 54 112249 1
73 74 112275 0
40 80 112277 0
76 51 112300 1
96 72 112346 0
86 52 112386 1
52 54 112433 1
111 72 112433 1
51 54 112445 1
102 71 112453 0
33 78 112458 0
43 54 112465 1
26 73 112466 0
40 79 112467 0
75 51 112552 1
43 79 112557 0
43 56 112557 1
103 52 112558 1
54 54 112599 1
55 75 112620 0
66 53 112622 1
77 52 112714 1
57 54 112721 1
61 53 112749 1
54 77 112761 0
65 54 112785 1
46 54 112788 1
62 54 112838 1
109 61 112855 1
99 50 112859 1
25 65 112875 0
86 53 112904 1
61 55 112905 1
93 51 112943 1
95 50 112991 1
79 75 113028 0
56 54 113042 1
55 53 113063 1
45 54 113104 1
39 49 113112 1
77 51 113112 1
77 74 113112 0
33 10 113114 1
36 51 113131 1
64 52 113136 1
97 46 113150 1
109 63 113178 1
64 55 113180 1
62 53 113203 1
100 51 113220 1
86 49 113232 1
36 50 113241 1
93 72 113274 0
54 76 113285 0
83 52 113292 1
27 69 113319 0
33 50 113428 1
47 78 113495 0
52 55 113516 1
36 53 113582 1
44 56 113661 1
39 54 113687 1
57 55 113706 1
58 75 113709 0
104 54 113718 1
106 53 113725 1
94 50 113729 1
39 52 113768 1
68 74 113780 0
82 53 113799 1
39 78 113807 0
37 53 113878 1
84 52 113894 1
37 52 113987 1
43 55 113988 1
25 70 114042 0
26 72 114112 0
88 51 114115 1
89 73 114120 0
48 55 114167 1
27 72 114188 0
49 56 114193 1
67 75 114220 0
105 53 114234 1
95 72 114256 0
80 52 114279 1
27 77 114279 0
65 75 114282 0
38 80 114331 0
40 53 114353 1
107 56 114375 1
24 62 114391 0
45 55 114394 1
36 52 114412 1
70 51 114427 1
105 55 114428 1
35 79 114442 0
44 55 114458 1
38 53 114466 1
50 54 114470 1
61 75 114472 0
79 74 114492 0
46 55 114494 1
75 75 114501 0
41 54 114501 1
29 76 114549 0
48 80 114556 0
28 73 114559 0
30 76 114594 0
27 73 114628 0
40 78 114632 0
88 72 114645 0
96 50 114663 1
101 51 114710 1
64 77 114714 0
21 66 114747 0
107 67 114751 1
52 78 114775 0
58 54 114792 1
102 51 114829 1
86 74 114834 0
39 80 114858 0
93 52 114863 1
7 28 114866 1
81 52 114871 1
77 75 115028 0
37 79 115066 0
52 76 115073 0
91 51 115098 1
25 63 115199 0
47 79 115213 0
65 74 115223 0
29 75 115245 0
45 56 115294 1
89 52 115323 1
88 73 115324 0
94 51 115343 1
35 51 115350 1
25 58 115360 0
39 53 115373 1
35 83 115374 0
42 54 115404 1
77 51 115447 1
82 74 115478 0
51 77 115520 0
42 55 115553 1
25 67 115565 0
25 77 115568 0
7 28 115580 0
2 76 115612 0
106 55 115615 1
15 80 115634 0
37 80 115637 0
61 85 115672 0
23 73 115682 0
62 55 115687 1
68 75 115713 0
34 53 115756 1
51 55 115762 1
34 79 115765 0
60 54 115801 1
23 86 115802 0
26 71 115829 0
35 78 115875 0
37 82 115890 0
49 80 115895 0
23 71 115906 0
75 52 115915 1
28 83 115929 0
31 91 115944 0
104 53 115963 1
7 6 115972 0
34 81 115998 0
91 72 116005 0
42 82 116016 0
100 74 116041 0
17 73 116055 0
26 57 116077 0
57 75 116084 0
55 54 116185 1
92 51 116216 1
37 51 116224 1
24 66 116228 0
106 51 116242 1
71 76 116258 0
61 54 116267 1
5 71 116288 0
100 72 116294 0
77 74 116348 0
60 75 116374 0
65 90 116397 0
31 85 116406 0
19 64 116420 0
83 75 116444 0
87 77 116445 0
59 54 116463 1
30 78 116506 0
97 50 116506 1
74 75 116522 0
15 68 116542 0
19 69 116548 0
80 75 116552 0
0 0 116558 0
19 60 116582 0
79 89 116639 0
53 55 116651 1
41 55 116703 1
28 77 116713 0
56 78 116847 0
41 80 116878 0
91 71 116932 0
25 60 116989 0
64 54 117047 1
36 78 117089 0
42 79 117106 0
66 74 117116 0
25 65 117168 0
43 79 117177 0
47 78 117182 0
46 82 117185 0
47 54 117191 1
24 60 117210 0
15 87 117225 0
108 58 117229 1
34 52 117259 1
48 81 117344 0
30 76 117360 0
33 80 117539 0
38 52 117618 1
102 71 117653 0
97 49 117675 1
108 66 117827 1
108 56 117841 1
79 75 117893 0
78 51 117942 1
109 58 117987 1
34 51 118003 1
38 77 118030 0
79 74 118043 0
102 52 118094 1
58 47 118136 1
63 54 118231 1
90 51 118278 1
93 72 118300 0
72 75 118308 0
25 64 118332 0
50 55 118347 1
78 52 118363 1
95 72 118385 0
100 48 118427 1
56 53 118479 1
28 73 118514 0
100 71 118547 0
49 54 118554 1
55 75 118672 0
48 54 118683 1
73 53 118727 1
28 54 118883 1
28 74 118927 0
23 62 119038 0
24 76 119066 0
105 54 119133 1
36 79 119164 0
20 66 119169 0
89 51 119171 1
23 67 119173 0
70 75 119186 0
31 82 119269 0
22 68 119285 0
78 75 119289 0
100 50 119294 1
27 69 119344 0
63 53 119532 1
66 75 119534 0
23 66 119580 0
99 49 119604 1
35 52 119686 1
53 54 119706 1
17 68 119710 0
69 52 119789 1
85 52 119888 1
62 54 119941 1
101 50 119957 1
53 77 119964 0
84 53 120013 1
108 64 120083 1
76 52 120134 1
30 77 120163 0
36 78 120352 0
57 54 120375 1
98 49 120524 1
70 52 120540 1
47 55 120570 1
56 75 120644 0
74 52 120727 1
27 72 120758 0
46 56 120841 1
54 54 120883 1
73 51 120930 1
26 74 120979 0
30 76 120985 0
64 75 121032 0
87 73 121032 0
41 54 121122 1
115 59 121180 1
58 76 121237 0
69 75 121243 0
65 86 121260 0
77 74 121292 0
25 64 121372 0
103 70 121848 0
40 54 121853 1
33 51 121879 1
30 52 121932 1
72 51 121996 1
110 56 122077 1
23 63 122093 0
41 53 122143 1
49 55 122227 1
90 52 122227 1
31 46 122242 1
38 50 122262 1
68 53 122265 1
79 53 122269 1
65 53 122377 1
41 52 122413 1
104 50 122450 1
33 78 122451 0
84 51 122492 1
43 55 122519 1
80 51 122575 1
95 72 122580 0
91 72 122614 0
56 54 122723 1
61 52 122783 1
93 72 122829 0
43 54 122866 1
104 52 122890 1
57 74 122964 0
34 50 122996 1
85 73 123130 0
108 59 123143 1
82 52 123183 1
51 76 123229 0
73 52 123246 1
98 50 123246 1
47 78 123268 0
31 52 123347 1
59 55 123390 1
103 52 123415 1
72 52 123446 1
107 57 123497 1
109 64 123521 1
32 78 123563 0
72 76 123714 0
25 60 123840 0
32 52 123902 1
33 52 123933 1
47 53 123964 1
93 50 124008 1
36 79 124018 0
48 48 124024 1
73 74 124055 0
85 51 124119 1
79 75 124282 0
17 77 124283 0
71 52 124284 1
93 71 124422 0
48 55 124461 1
84 75 124467 0
25 63 124472 0
78 75 124528 0
99 50 124626 1
79 52 124703 1
25 64 124771 0
51 54 124784 1
79 74 124834 0
68 74 124840 0
106 54 124885 1
36 51 125118 1
36 78 125151 0
24 74 125231 0
35 53 125262 1
24 68 125267 0
41 77 125281 0
101 52 125288 1
69 76 125339 0
50 78 125382 0
46 79 125413 0
88 52 125436 1
37 82 125459 0
74 51 125507 1
70 74 125529 1
59 73 125607 0
80 75 125708 0
38 51 125763 1
33 77 125883 0
41 80 125940 0
76 49 125977 1
82 75 126111 0
88 73 126133 0
108 57 126226 1
44 55 126523 1
35 79 126555 0
26 70 126561 0
44 80 126629 0
52 54 126642 1
63 74 126675 0
102 51 126832 1
70 77 126968 0
89 53 127002 1
49 78 127024 0
102 50 127082 1
7 76 127097 0
45 55 127121 1
65 54 127132 1
68 52 127154 1
104 70 127182 0
38 53 127249 1
69 53 127249 1
56 79 127309 0
107 56 127313 1
82 51 127361 1
57 74 127387 0
62 75 127419 0
28 71 127450 1
73 75 127484 0
25 80 127492 0
30 76 127495 0
24 61 127525 0
87 52 127541 1
74 82 127557 0
25 69 127770 0
40 92 127806 0
27 74 127815 0
101 51 127864 1
95 72 127872 0
76 51 127893 1
24 66 127971 0
109 59 128028 1
29 75 128076 0
40 79 128099 0
102 71 128103 0
55 75 128239 0
28 73 128321 0
41 86 128339 0
33 79 128413 0
95 50 128568 1
36 79 128592 0
25 64 128753 0
47 77 128765 0
78 50 129046 1
77 52 129070 1
58 53 129175 1
39 53 129298 1
33 77 129367 0
32 78 129407 0
46 55 129416 1
93 72 129516 0
40 53 129517 1
74 74 129551 0
37 51 129594 1
93 51 129638 1
82 74 129658 0
40 78 129933 0
48 56 130144 1
75 75 130502 0
96 72 130709 0
78 75 130716 0
86 52 130770 1
92 71 130775 0
81 52 130775 1
84 52 130929 1
42 54 130935 1
63 74 130945 0
91 51 130970 1
36 52 130987 1
37 50 131061 1
26 70 131067 0
83 52 131187 1
99 71 131271 0
18 81 131285 0
86 75 131302 0
96 75 131320 0
103 71 131375 0
80 52 131449 1
44 78 131539 0
106 55 131603 1
64 55 131848 1
25 67 131872 0
103 53 131895 1
28 69 131911 0
67 53 131918 1
95 51 132021 1
8 68 132177 0
63 80 132215 0
25 72 132305 0
21 76 132392 0
11 63 132413 0
91 71 132452 0
8 0 132508 0
50 88 132522 0
26 80 132525 0
37 78 132558 1
23 75 132674 0
22 76 132687 0
25 65 132703 0
7 49 132735 0
30 36 132747 0
25 57 132785 0
27 85 132793 0
40 80 132795 0
34 79 132888 0
57 80 132893 0
23 81 132895 0
41 90 132900 0
37 82 132904 0
89 78 132921 0
33 83 132938 0
30 54 132940 1
25 61 133042 0
37 52 133057 1
109 62 133362 1
38 85 133472 0
70 78 133481 0
107 55 133591 1
44 54 133613 1
19 78 133715 0
24 67 133742 0
25 69 133758 0
38 82 133930 0
36 78 134113 0
109 60 134178 1
60 74 134225 0
105 53 134242 1
32 51 134275 1
119 56 134387 1
92 51 134421 1
110 63 134432 1
109 63 134575 1
109 61 134594 1
74 74 134619 0
92 71 134654 0
108 56 134711 1
100 49 134760 1
107 54 134820 1
60 78 134860 0
26 70 135052 0
99 71 135080 0
75 51 135251 1
77 74 135314 0
50 79 135340 0
105 52 135369 1
103 51 135388 1
36 79 135454 0
25 66 135462 0
104 52 135471 1
101 50 135503 1
58 54 135503 1
98 46 135504 1
96 50 135530 1
99 48 135568 1
103 52 135576 1
100 71 135619 0
66 19 135629 1
108 55 135695 1
106 54 135721 1
83 51 135735 1
109 57 135748 1
32 78 135785 0
44 78 135804 0
107 55 135834 1
60 54 135860 1
110 54 135906 1
101 51 135957 1
94 51 136085 1
87 51 136199 1
59 52 136205 1
105 53 136214 1
97 72 136226 0
52 55 136396 1
75 52 136406 1
93 71 136434 0
43 80 136442 0
109 58 136489 1
94 50 136515 1
61 54 136516 1
86 51 136525 1
30 53 136530 1
59 53 136546 1
109 51 136555 1
109 60 136555 1
101 46 136639 1
57 74 136653 0
79 74 136744 0
65 74 136757 0
99 50 136987 1
82 52 137018 1
39 52 137030 1
107 66 137035 1
89 51 137070 1
47 78 137077 0
55 54 137155 1
74 52 137185 1
90 51 137196 1
66 52 137243 1
57 53 137245 1
97 49 137254 1
72 28 137268 1
63 74 137276 0
71 51 137300 1
108 56 137320 1
98 48 137325 1
63 54 137339 1
40 51 137340 1
55 51 137342 1
11 34 137357 1
103 70 137358 0
51 55 137376 1
101 49 137380 1
79 75 137413 0
47 77 137416 0
64 54 137440 1
62 54 137461 1
66 74 137473 0
84 53 137510 1
39 78 137514 0
81 51 137602 1
102 52 137646 1
83 52 137664 1
27 69 137675 0
46 54 137704 1
110 58 137717 1
109 61 137737 1
109 59 137803 1
92 71 137809 0
59 54 137810 1
77 51 137837 1
45 78 137873 0
45 54 137873 1
79 51 137874 1
45 79 137880 0
106 49 137881 1
35 50 137898 1
85 52 137898 1
104 49 137913 1
76 52 137919 1
95 50 137922 1
41 54 137937 1
52 76 137940 0
41 79 137971 0
51 53 137971 1
66 53 137972 1
57 54 137976 1
91 71 138014 0
78 52 138015 1
109 62 138048 1
58 52 138056 1
98 80 138064 1
107 55 138080 1
64 53 138126 1
25 60 138201 0
25 61 138231 0
11 39 138256 1
99 71 138266 0
106 53 138309 1
50 55 138310 1
40 49 138315 1
90 71 138337 0
109 65 138340 1
96 49 138360 1
33 77 138366 0
25 64 138379 0
35 51 138427 1
54 54 138466 1
40 52 138467 1
75 50 138473 1
118 65 138484 1
104 52 138500 1
60 53 138507 1
21 113 138512 1
49 55 138530 1
37 48 138545 1
20 113 138545 1
39 51 138546 1
0 0 138552 0
31 51 138581 1
38 52 138588 1
5 20 138603 1
78 51 138624 1
67 47 138631 1
74 74 138636 0
60 74 138653 0
47 55 138656 1
103 51 138730 1
58 54 138777 1
95 72 138820 0
50 54 138907 1
54 53 138925 1
108 53 138929 1
71 74 138940 0
102 70 138943 0
99 51 138951 1
39 53 138998 1
88 72 139004 0
37 79 139033 0
87 52 139040 1
85 73 139049 0
41 53 139050 1
43 54 139104 1
73 51 139146 1
42 78 139183 0
51 54 139185 1
91 51 139185 1
93 73 139225 0
106 54 139237 1
70 76 139245 0
105 54 139247 1
73 74 139274 0
53 54 139283 1
25 63 139307 0
42 54 139344 1
25 66 139371 0
39 52 139383 1
56 54 139418 1
56 77 139447 0
109 63 139532 1
44 78 139616 0
49 54 139617 1
26 82 139655 0
30 77 139674 0
76 51 139679 1
38 53 139690 1
48 55 139690 1
50 53 139712 1
105 53 139745 1
98 49 139749 1
65 54 139770 1
40 53 139773 1
25 69 139800 0
86 73 139809 0
65 75 139814 0
47 54 139895 1
45 55 139896 1
62 53 139926 1
59 74 139932 0
49 56 139933 1
82 51 139968 1
109 64 139982 1
26 70 139994 0
35 46 139997 1
55 53 140019 1
100 71 140028 0
100 49 140052 1
103 52 140175 1
70 51 140176 1
101 51 140192 1
71 75 140248 0
109 58 140253 1
36 51 140255 1
61 53 140286 1
37 82 140301 0
80 51 140318 1
80 52 140327 1
73 50 140338 1
33 51 140366 1
73 52 140398 1
95 81 140407 0
75 51 140459 1
63 53 140478 1
48 54 140495 1
37 52 140496 1
59 75 140530 0
105 8 140587 0
27 69 140592 0
60 54 140639 1
68 74 140680 0
34 51 140697 1
69 52 140775 1
99 49 140864 1
37 51 140879 1
108 55 140931 1
58 75 140937 0
85 51 140940 1
93 51 140972 1
47 67 140976 1
31 53 140998 1
53 53 141012 1
77 52 141034 1
77 74 141035 0
36 78 141043 0
58 53 141081 1
82 75 141083 0
101 50 141102 1
74 77 141145 0
41 54 141183 1
44 55 141201 1
85 74 141236 0
81 52 141263 1
61 54 141264 1
66 50 141330 1
102 50 141372 1
33 78 141395 0
78 75 141416 0
88 50 141430 1
97 72 141444 0
41 53 141448 1
57 58 141482 1
96 50 141482 1
7 28 141520 1
45 54 141532 1
28 69 141561 0
42 53 141596 1
87 71 141602 0
38 77 141610 0
52 54 141644 1
56 50 141687 1
90 71 141717 0
38 51 141760 1
84 73 141792 0
63 54 141890 1
98 73 141923 0
59 73 141924 0
102 51 141932 1
75 52 141957 1
104 71 141991 0
72 51 142020 1
36 50 142022 1
41 77 142089 0
102 71 142101 0
31 77 142135 0
56 53 142152 1
88 51 142176 1
40 52 142186 1
89 50 142240 1
105 70 142258 0
34 53 142296 1
62 54 142334 1
74 78 142406 0
26 56 142443 0
84 52 142511 1
92 51 142511 1
57 74 142617 0
28 71 142622 0
42 79 142634 0
43 55 142641 1
60 74 142696 0
43 54 142714 1
26 57 142752 0
7 28 142760 0
71 91 142760 0
99 72 142761 0
54 76 142772 0
92 71 142792 0
42 54 142792 1
70 53 142804 1
70 52 142850 1
39 53 142937 1
57 53 142937 1
71 52 142955 1
108 56 142991 1
65 74 143012 0
40 78 143015 0
74 93 143017 0
57 54 143036 1
25 66 143038 0
56 76 143039 0
21 87 143059 0
63 74 143069 0
32 77 143078 0
20 69 143089 0
47 79 143124 0
58 54 143124 1
46 55 143124 1
40 83 143159 0
63 75 143169 0
25 61 143176 0
32 79 143185 0
42 78 143286 0
98 50 143286 1
25 65 143298 0
71 74 143305 0
100 72 143338 0
39 78 143348 0
98 80 143349 0
97 74 143359 0
108 65 143378 1
72 50 143410 1
38 52 143413 1
52 55 143414 1
22 73 143415 0
68 53 143492 1
35 78 143497 0
25 64 143503 0
91 72 143516 0
65 53 143541 1
60 75 143546 0
44 78 143556 0
46 54 143575 1
109 60 143616 1
82 74 143620 0
23 64 143690 0
33 77 143735 0
30 76 143749 0
28 75 143752 0
23 84 143796 0
74 74 143834 0
44 81 143844 0
27 78 143870 0
23 70 143894 0
81 77 143894 0
79 74 143903 0
47 78 143910 0
49 79 143910 0
93 72 143969 0
43 79 143996 0
67 75 143998 0
57 79 144007 0
107 56 144017 1
25 58 144017 0
38 6 144018 0
32 78 144041 0
10 78 144065 0
99 71 144105 0
33 10 144124 0
69 7 144126 0
19 79 144127 0
38 87 144133 0
36 79 144134 0
29 81 144135 0
53 55 144180 1
69 74 144205 0
43 53 144291 1
101 71 144300 0
74 51 144382 1
109 59 144551 1
55 75 144595 0
29 72 144601 0
59 74 144748 0
98 72 144772 0
41 80 144797 0
27 69 144835 0
63 84 144870 0
35 52 145051 1
25 63 145066 0
18 72 145083 0
39 52 145116 1
104 51 145149 1
66 74 145218 0
104 70 145296 0
27 57 145305 0
40 53 145384 1
67 53 145617 1
37 82 145619 0
31 73 145638 0
28 70 145747 0
64 54 145783 1
105 52 145822 1
26 75 145912 0
34 78 145915 0
74 52 145916 1
71 50 145921 1
28 71 146082 0
40 79 146214 0
93 71 146226 0
52 77 146295 0
47 77 146322 0
26 70 146363 0
31 77 146557 0
51 77 146563 0
107 54 146569 1
99 73 146629 0
82 52 146648 1
56 75 146661 0
46 79 146712 0
56 90 146747 0
55 54 146773 1
58 77 146912 0
70 74 146947 0
79 52 146952 1
84 73 146957 0
29 72 147047 0
32 77 147145 0
51 54 147155 1
67 52 147197 1
28 73 147213 0
89 71 147220 0
90 71 147248 0
37 77 147268 0
109 62 147362 1
91 71 147416 0
90 51 147434 1
25 69 147480 0
25 66 147559 0
106 54 147608 1
54 54 147711 1
97 72 147726 0
71 74 147765 0
47 55 147805 1
28 69 147808 0
60 74 147855 0
36 52 147882 1
95 49 147906 1
38 50 147918 1
109 57 147942 1
104 52 147976 1
91 51 147985 1
86 52 148005 1
69 74 148023 0
60 53 148178 1
56 90 148182 1
84 50 148202 1
89 51 148215 1
76 78 148255 0
28 70 148275 0
87 51 148304 1
44 54 148341 1
31 74 148410 0
99 50 148538 1
35 80 148544 0
23 77 148566 0
101 71 148595 0
97 73 148625 0
27 72 148647 0
53 76 148829 0
83 52 148889 1
103 73 148906 0
74 73 149019 0
73 82 149203 0
28 71 149208 0
25 67 149236 0
92 72 149237 0
36 78 149255 0
75 73 149320 0
75 74 149369 0
51 76 149495 0
59 74 149531 0
109 61 149638 1
95 50 149683 1
32 52 149709 1
84 51 149710 1
42 78 149757 0
24 64 149778 0
15 75 149858 0
107 55 149885 1
59 53 149930 1
94 50 149976 1
29 72 150082 0
20 70 150115 0
35 51 150129 1
68 78 150168 0
34 78 150168 0
103 51 150256 1
83 51 150260 1
93 70 150304 0
25 61 150334 0
103 70 150575 0
77 51 150617 1
106 53 150674 1
89 71 150760 0
93 50 150828 1
56 52 150838 1
31 77 150869 0
66 53 150882 1
93 73 151017 0
34 50 151055 1
44 78 151074 0
77 75 151138 0
45 55 151147 1
98 72 151196 0
51 51 151249 1
49 55 151268 1
33 50 151306 1
28 70 151489 0
26 71 151533 0
36 51 151624 1
32 77 151640 0
52 53 151694 1
70 74 151759 0
105 53 151774 1
41 54 151869 1
28 75 151934 0
102 70 151959 0
31 74 151985 0
50 55 152030 1
100 73 152049 0
69 74 152110 0
22 66 152133 0
37 51 152252 1
78 51 152274 1
27 71 152346 0
28 71 152460 0
101 50 152602 1
100 71 152632 0
81 51 152656 1
85 52 152678 1
94 71 152681 0
58 78 152755 0
56 54 152775 1
60 52 152808 1
63 52 152830 1
44 82 152896 0
50 54 152897 1
75 73 152973 0
54 53 152983 1
74 73 153039 0
39 51 153094 1
27 70 153228 1
38 78 153250 0
37 79 153267 0
37 50 153409 1
97 71 153430 0
37 82 153433 0
101 71 153512 0
61 75 153581 0
78 52 153669 1
98 73 153696 0
91 77 153783 0
29 72 153865 0
75 74 153886 0
60 87 153891 0
55 76 154034 0
26 68 154119 0
19 71 154129 0
29 83 154156 0
20 68 154227 0
23 59 154268 0
79 51 154302 1
102 50 154330 1
25 60 154383 0
34 78 154409 0
87 78 154416 0
69 78 154419 0
26 82 154428 0
47 81 154457 0
68 82 154508 0
28 89 154509 0
54 78 154523 0
32 0 154532 0
92 72 154544 0
71 74 154557 0
36 80 154632 0
72 75 154657 0
84 77 154662 0
35 79 154682 0
84 73 154683 0
39 82 154735 0
53 8 154744 0
23 78 154747 0
41 118 154763 0
33 52 154855 1
29 91 154898 0
76 76 154901 0
49 82 154915 0
22 89 154917 0
25 76 154919 0
65 76 154927 0
55 62 154945 1
21 78 154947 0
95 74 154993 0
76 51 155079 1
19 77 155104 0
28 70 155110 0
68 52 155203 1
92 71 155230 0
66 75 155287 0
37 77 155355 0
29 73 155397 0
41 76 155513 0
80 74 155611 0
89 71 155630 0
48 55 155635 1
30 84 155655 0
73 77 155657 0
31 77 155668 0
49 54 155737 1
28 72 155738 0
59 73 155777 0
100 49 155944 1
25 66 155998 0
94 71 156015 0
70 74 156024 0
69 75 156048 0
26 59 156165 0
40 52 156182 1
53 76 156214 0
58 73 156276 0
26 67 156358 0
51 78 156360 0
31 74 156429 0
109 56 156683 1
73 73 156698 0
27 71 156834 0
59 74 156951 0
52 77 156972 0
27 56 157006 0
80 77 157021 0
97 71 157085 0
42 54 157107 1
69 74 157120 0
28 71 157237 0
64 53 157291 1
47 54 157356 1
37 82 157399 0
73 51 157431 1
42 53 157438 1
82 51 157483 1
90 71 157608 0
61 73 157725 0
38 78 157743 0
98 72 157901 0
74 50 157994 1
79 46 158042 1
117 62 158118 1
98 49 158118 1
50 51 158161 1
26 68 158194 0
69 51 158315 1
67 76 158400 0
86 51 158525 1
60 74 158584 0
71 51 158602 1
50 79 158661 0
113 59 158692 1
39 46 158704 1
38 51 158724 1
97 48 158840 1
60 54 158912 1
97 49 159040 1
29 73 159064 0
33 77 159208 0
53 75 159320 0
75 74 159436 0
55 53 159510 1
94 71 159539 0
109 45 159793 1
57 76 159912 0
28 72 159936 0
109 45 160012 0
66 77 160026 0
70 49 160109 1
26 62 160168 0
41 53 160200 1
76 52 160221 1
26 67 160270 0
32 77 160404 0
108 56 160432 1
80 51 160440 1
71 49 160449 1
10 119 160479 1
42 52 160610 1
48 53 160612 1
80 74 160699 0
90 50 160778 1
91 50 160864 1
99 71 160882 0
34 78 160970 0
92 72 161042 0
97 72 161078 0
73 73 161115 0
65 54 161160 1
71 73 161279 0
45 53 161351 1
28 80 161368 0
97 71 161386 0
28 75 161408 0
80 52 161466 1
78 74 161591 0
56 53 161649 1
37 52 161679 1
70 74 161710 0
104 52 161716 1
109 58 161761 1
27 71 161816 0
99 49 161842 1
30 51 161955 1
33 76 161978 0
61 73 162128 0
53 80 162134 0
109 59 162134 1
53 54 162135 1
108 54 162135 1
103 50 162185 1
110 60 162202 1
34 77 162314 0
34 51 162381 1
101 71 162384 0
108 55 162501 1
94 72 162517 0
26 68 162519 0
58 73 162538 0
52 54 162566 1
107 53 162588 1
79 50 162644 1
90 54 162702 1
105 69 162744 0
103 51 162754 1
82 50 162776 1
109 60 162779 1
101 49 162844 1
57 74 162880 0
38 78 162901 0
75 51 162927 1
77 74 162931 0
62 53 162982 1
83 74 163022 0
35 50 163026 1
58 53 163065 1
107 52 163100 1
87 52 163117 1
86 46 163184 1
27 69 163216 0
61 54 163265 1
106 52 163308 1
26 59 163333 0
38 53 163398 1
29 73 163428 0
57 53 163433 1
75 73 163462 0
27 67 163518 1
45 54 163538 1
48 54 163664 1
43 54 163664 1
42 80 163682 0
68 74 163711 0
94 75 163739 0
50 81 163741 0
110 57 163846 1
107 55 163911 1
109 61 163929 1
74 74 163930 0
63 72 163955 0
104 51 163958 1
109 63 164011 1
66 76 164035 0
81 52 164038 1
87 71 164072 0
52 76 164122 0
34 85 164170 0
63 74 164219 0
40 78 164226 0
94 71 164239 0
57 51 164326 1
89 75 164341 0
73 74 164361 0
31 77 164438 0
105 53 164474 1
20 85 164602 0
26 67 164637 0
41 77 164691 0
49 78 164702 0
74 73 164717 0
37 82 164761 0
85 73 164772 0
26 79 164800 0
26 62 164818 0
63 54 164837 1
36 84 164840 0
61 53 164840 1
38 77 164843 0
40 53 164910 1
97 77 164940 0
29 75 164962 0
39 53 164975 1
109 62 164989 1
28 72 165080 0
85 51 165099 1
110 62 165138 1
105 52 165186 1
53 75 165216 0
31 78 165285 0
77 50 165392 1
28 68 165422 0
29 72 165453 0
62 54 165538 1
28 69 165567 0
58 54 165576 1
93 51 165596 1
63 53 165596 1
73 73 165597 0
44 53 165612 1
40 50 165612 1
76 50 165628 1
79 74 165658 0
33 76 165667 0
107 54 165675 1
64 75 165731 0
39 78 165746 0
46 54 165820 1
104 70 165843 0
35 88 165858 0
39 52 165862 1
71 73 165916 0
25 64 165922 0
31 73 165938 0
91 51 165982 1
35 78 166030 0
47 78 166034 0
96 50 166036 1
28 70 166044 0
83 52 166044 1
61 73 166090 0
26 70 166143 0
67 90 166152 0
53 53 166158 1
18 75 166193 0
91 71 166196 0
34 77 166237 0
80 74 166254 0
63 78 166273 0
25 69 166286 0
43 53 166306 1
50 77 166312 0
57 75 166319 0
38 52 166335 1
49 53 166363 1
74 75 166381 0
20 74 166452 0
97 71 166478 0
24 70 166488 0
41 78 166533 0
80 75 166583 0
26 68 166705 0
42 78 166727 0
28 71 166745 0
69 73 166755 0
93 71 166802 0
96 71 166813 0
80 76 166909 0
36 78 166942 0
59 53 166959 1
39 77 167059 1
46 78 167100 0
73 72 167135 0
82 52 167158 1
93 70 167250 0
44 86 167257 0
26 75 167321 0
109 57 167381 1
90 70 167393 0
65 53 167437 1
89 51 167460 1
102 70 167468 0
78 74 167581 0
72 51 167714 1
44 78 167739 0
40 52 167774 1
65 74 167836 0
29 73 167892 0
41 53 167940 1
70 50 167949 1
41 86 167951 0
33 51 167984 1
93 73 167988 0
31 74 168024 0
18 69 168043 0
108 56 168073 1
25 81 168134 0
109 58 168190 1
102 49 168264 1
77 51 168271 1
41 52 168322 1
28 68 168361 0
26 62 168414 0
25 63 168421 0
88 73 168455 0
25 61 168503 0
84 52 168524 1
69 74 168560 0
27 71 168572 0
34 80 168608 0
15 76 168616 0
75 74 168690 0
82 74 168696 0
38 78 168742 0
73 76 168760 0
60 53 168768 1
98 72 168788 0
106 53 168796 1
33 78 168865 0
75 50 168960 1
100 49 168963 1
90 51 168994 1
33 76 169046 0
102 50 169046 1
38 90 169057 0
67 77 169161 0
88 51 169161 1
95 50 169227 1
42 53 169331 1
83 74 169385 0
40 51 169385 1
70 74 169399 0
92 72 169434 0
26 67 169461 0
51 54 169591 1
32 83 169771 0
32 80 169775 0
89 71 169791 0
47 77 169876 0
16 82 169893 0
103 51 170059 1
34 78 170168 0
98 73 170175 0
69 80 170209 0
53 76 170222 0
37 78 170255 0
23 87 170267 0
110 59 170421 1
34 77 170485 0
96 73 170602 0
36 50 170686 1
94 50 170733 1
58 73 170760 0
26 77 170830 0
28 78 170985 0
73 48 170993 1
62 52 171083 1
75 52 171200 1
94 72 171273 0
109 56 171310 1
94 71 171370 0
45 54 171461 1
96 71 171488 0
54 53 171498 1
28 72 171552 0
20 64 171573 0
80 50 171604 1
69 73 171623 0
57 54 171695 1
93 50 171733 1
49 54 171770 1
88 72 171832 0
96 49 171842 1
32 78 171854 0
27 69 171950 0
26 59 171987 0
45 55 172109 1
46 55 172174 1
26 68 172175 0
69 79 172240 0
37 51 172264 1
84 51 172304 1
37 82 172433 0
28 82 172465 0
36 51 172469 1
101 90 172483 0
21 81 172511 0
29 77 172537 0
19 67 172618 0
19 75 172618 0
69 52 172923 1
73 73 173412 0
25 59 173439 0
46 76 173518 0
39 51 173566 1
103 71 173629 0
25 65 173783 0
33 88 173854 0
54 77 173888 0
78 74 173907 0
17 81 173918 0
41 78 173956 0
46 78 173969 0
66 53 174078 1
101 70 174106 0
80 74 174211 0
38 79 174231 0
78 73 174253 0
101 72 174269 0
65 81 174384 0
100 71 174539 0
28 68 174632 0
85 47 174647 1
22 93 174698 0
102 71 174713 0
50 78 174746 0
35 77 174782 0
72 77 174905 0
62 81 174908 0
67 53 174992 1
76 73 174993 0
65 79 175026 0
78 51 175091 1
89 74 175202 0
59 74 175218 0
32 77 175259 0
101 71 175307 0
27 68 175377 0
31 78 175424 0
47 54 175434 1
3 60 175453 0
45 85 175601 0
9 84 175619 0
104 52 175632 1
97 76 175659 0
21 74 175684 0
24 78 175719 0
15 73 175723 0
23 83 175730 0
78 79 175801 0
48 79 175837 0
77 52 175880 1
27 67 175959 0
71 73 175964 0
83 74 176004 0
62 79 176027 0
37 78 176126 0
98 49 176165 1
61 73 176202 0
103 70 176336 0
23 61 176385 0
47 55 176444 1
14 48 176457 0
57 83 176536 0
71 74 176596 0
96 71 176634 0
33 76 176693 0
94 76 176733 0
34 77 176798 0
50 77 176865 0
24 77 176893 0
26 62 176955 0
66 89 177033 0
41 79 177052 0
86 73 177141 0
76 51 177146 1
76 79 177267 0
68 76 177348 0
58 53 177351 1
99 71 177505 0
53 75 177522 0
83 51 177651 1
26 60 177736 0
81 51 177762 1
28 75 177824 0
29 73 177974 0
92 73 178111 0
69 49 178251 1
82 51 178294 1
43 54 178428 1
35 49 178482 1
87 51 178519 1
121 68 178845 1
108 55 178874 1
94 49 178875 1
35 77 178924 0
49 51 178938 1
109 59 178944 1
42 54 179077 1
117 62 179105 1
63 73 179117 0
109 55 179155 1
67 44 179181 1
100 48 179187 1
49 55 179212 1
46 49 179221 1
27 68 179263 0
64 78 179371 0
78 73 179373 0
28 70 179373 0
19 68 179481 0
26 67 179623 0
62 53 179650 1
37 82 179686 0
56 53 180044 1
84 73 180102 0
94 72 180149 0
126 40 180162 1
28 69 180202 0
38 78 180222 0
32 50 180285 1
27 67 180296 0
96 48 180336 1
29 72 180466 0
37 77 180483 0
76 73 180670 0
63 72 180673 0
64 53 180770 1
78 50 180897 1
68 53 180919 1
90 72 180934 0
48 76 180956 0
104 51 181084 1
31 86 181133 0
107 53 181172 1
34 79 181221 0
17 80 181365 0
87 50 181538 1
35 51 181747 1
99 48 181765 1
29 70 181861 0
97 49 182014 1
37 78 182170 0
55 52 182216 1
77 14 182296 1
105 51 182352 1
55 53 182412 1
101 70 182424 0
95 71 182717 0
81 76 182923 0
97 70 182988 0
41 86 183010 0
70 51 183014 1
42 79 183067 0
38 51 183082 1
27 71 183092 0
26 60 183178 0
90 71 183183 0
39 52 183202 1
40 52 183258 1
37 82 183493 0
87 72 183576 0
26 65 183610 0
31 75 183636 0
89 50 183645 1
38 79 183752 0
47 53 183867 1
79 51 183898 1
66 77 184000 0
27 68 184008 0
57 53 184146 1
81 50 184270 1
25 59 184280 0
26 61 184284 0
26 68 184314 0
40 85 184490 0
32 76 184496 0
83 49 184600 1
29 71 184649 0
63 73 184741 0
74 51 184761 1
74 49 184876 1
110 61 184961 1
104 47 184994 1
97 71 185004 0
35 77 185057 0
81 114 185110 0
48 54 185148 1
75 51 185174 1
37 52 185254 1
109 60 185374 1
61 53 185508 1
29 76 185921 0
50 54 186029 1
98 71 186074 0
82 80 186229 0
92 72 186287 0
29 79 186328 0
29 74 186344 0
91 50 186344 1
30 75 186397 0
71 80 186455 0
37 82 186519 0
75 78 186555 0
68 75 186564 0
82 77 186572 0
75 88 186599 0
27 75 186661 0
55 75 186679 0
99 49 186703 1
106 52 186710 1
103 50 186961 1
73 51 186964 1
101 49 187197 1
78 74 187202 0
105 50 187209 1
70 52 187240 1
106 50 187325 1
27 70 187511 0
96 71 187571 0
39 79 187598 0
83 74 187665 0
105 52 187696 1
108 54 187800 1
73 50 187801 1
40 77 187925 0
107 54 188043 1
95 71 188064 0
103 51 188075 1
27 58 188165 0
91 49 188193 1
109 61 188251 1
109 57 188304 1
101 48 188314 1
100 49 188374 1
93 70 188399 0
26 65 188412 0
109 63 188453 1
105 68 188515 0
90 50 188520 1
62 73 188521 0
75 73 188548 0
109 62 188559 1
109 45 188627 1
80 51 188719 1
27 67 188778 0
109 64 188809 1
109 45 188856 0
108 55 188859 1
79 77 188896 0
29 71 188972 0
83 73 189056 0
109 58 189081 1
110 58 189095 1
69 73 189148 0
48 79 189152 0
54 75 189171 0
91 71 189175 0
74 73 189195 0
92 71 189204 0
31 75 189212 0
85 52 189219 1
66 74 189246 0
87 71 189257 0
85 51 189378 1
109 56 189386 1
102 49 189480 1
110 60 189487 1
52 77 189515 0
97 70 189524 0
59 73 189532 0
93 50 189558 1
107 53 189574 1
46 78 189638 0
26 61 189719 0
25 62 189722 0
104 50 189725 1
103 69 189732 0
24 81 189752 0
63 53 189754 1
26 60 189775 0
102 70 189783 0
71 50 189828 1
78 73 189884 0
18 66 189969 0
46 54 190064 1
25 88 190074 0
32 76 190100 0
29 70 190128 0
89 81 190194 0
31 83 190202 0
41 76 190220 0
44 53 190220 1
98 48 190233 1
43 99 190249 0
41 77 190250 0
90 70 190279 0
29 85 190332 0
31 78 190335 0
3 63 190340 0
19 74 190350 0
86 50 190376 1
38 50 190406 1
103 50 190414 1
73 78 190462 0
67 78 190505 0
104 51 190518 1
51 76 190531 0
28 72 190533 0
89 71 190534 0
27 80 190549 0
73 72 190549 0
31 77 190559 0
45 79 190562 0
59 53 190579 1
31 73 190592 0
51 53 190690 1
60 53 190728 1
43 53 190762 1
58 73 190775 0
88 50 190782 1
76 73 190783 0
79 74 190797 0
57 74 190807 0
69 72 190857 0
101 70 190882 0
63 73 190894 0
103 51 190935 1
27 57 190944 0
54 79 190973 0
83 52 190978 1
38 77 190984 0
23 79 191036 0
41 53 191068 1
83 51 191075 1
105 52 191104 1
33 77 191110 0
73 73 191118 0
50 55 191168 1
67 79 191201 0
33 75 191251 1
94 50 191286 1
98 71 191290 0
77 51 191306 1
87 72 191314 0
47 78 191322 0
110 57 191334 1
41 52 191356 1
31 74 191383 0
103 70 191427 0
99 80 191472 0
65 53 191528 1
87 73 191554 0
109 55 191554 1
74 50 191556 1
54 52 191573 1
89 51 191595 1
95 50 191623 1
76 50 191625 1
38 52 191637 1
35 50 191654 1
108 54 191655 1
95 49 191673 1
35 81 191682 0
52 53 191696 1
93 70 191701 0
77 50 191706 1
110 59 191710 1
39 50 191734 1
65 52 191737 1
59 52 191777 1
61 73 191785 0
93 88 191826 0
42 53 191849 1
28 68 191870 0
41 78 191902 0
37 50 191919 1
40 78 191922 0
26 65 191929 0
48 78 191987 0
71 73 192028 0
46 53 192030 1
79 78 192036 0
27 60 192054 0
79 50 192098 1
110 62 192129 1
66 52 192141 1
85 73 192160 0
19 81 192172 0
90 72 192214 0
27 73 192238 0
106 52 192241 1
28 74 192248 0
103 72 192279 0
44 83 192310 0
49 81 192350 0
27 68 192405 0
53 53 192413 1
66 53 192426 1
37 82 192436 0
26 62 192459 0
82 76 192490 0
45 54 192493 1
71 51 192563 1
62 53 192592 1
45 53 192616 1
28 69 192620 0
68 51 192623 1
27 69 192623 0
34 77 192630 0
39 78 192640 0
72 73 192657 0
49 57 192660 0
33 76 192660 0
51 54 192696 1
40 52 192708 1
78 75 192731 0
43 54 192748 1
58 53 192750 1
75 52 192759 1
75 73 192759 0
58 52 192781 1
36 77 192786 0
75 50 192843 1
97 70 192852 0
40 77 192856 0
54 53 192880 1
29 71 192890 0
109 56 192922 1
104 70 192944 0
47 77 192948 0
49 54 192961 1
36 79 192968 0
102 74 193005 0
39 52 193010 1
59 81 193013 0
23 80 193014 0
36 78 193025 0
100 49 193027 1
36 49 193036 1
108 55 193053 1
44 78 193055 0
93 71 193063 0
20 76 193067 0
46 80 193080 0
63 72 193085 0
60 52 193119 1
43 53 193146 1
82 50 193179 1
40 51 193180 1
94 72 193202 0
105 51 193237 1
43 52 193269 1
61 53 193275 1
93 84 193282 0
47 54 193284 1
101 49 193284 1
103 49 193321 1
39 51 193327 1
74 73 193327 0
82 51 193353 1
61 52 193354 1
35 77 193359 0
63 53 193402 1
67 12 193433 0
38 79 193471 0
48 76 193504 0
26 61 193506 0
50 53 193513 1
85 50 193524 1
30 75 193611 0
27 67 193622 0
84 51 193625 1
102 49 193649 1
81 51 193710 1
101 74 193738 0
59 73 193795 0
110 58 193813 1
104 50 193818 1
31 75 193837 0
109 60 193840 1
37 78 193865 0
65 73 193869 0
62 73 193876 0
42 78 193881 0
41 53 193900 1
26 59 193910 0
29 70 193930 0
81 75 193963 0
32 51 193975 1
95 71 193986 0
50 77 193996 0
34 51 194010 1
37 77 194054 0
72 51 194061 1
107 53 194064 1
83 50 194077 1
34 50 194091 1
31 73 194110 0
109 54 194116 1
83 73 194172 0
64 52 194235 1
41 52 194236 1
37 51 194237 1
53 75 194267 0
46 76 194269 0
51 75 194325 0
97 49 194388 1
29 74 194400 0
15 68 194440 0
32 76 194461 0
68 52 194477 1
48 53 194536 1
80 50 194658 1
26 60 194670 0
33 49 194672 1
98 49 194697 1
65 54 194697 1
78 50 194705 1
78 73 194709 0
28 68 194746 0
75 51 194752 1
30 79 194795 0
90 50 194834 1
72 50 194886 1
71 48 194902 1
102 50 194972 1
77 49 194976 1
60 74 195034 0
26 87 195054 0
26 65 195075 0
20 67 195078 0
57 53 195087 1
27 70 195101 0
42 76 195139 0
69 73 195194 0
45 77 195235 0
42 52 195240 1
27 87 195309 0
31 74 195330 0
59 80 195334 0
70 75 195337 0
45 86 195345 0
51 77 195359 0
75 75 195366 0
42 53 195382 1
91 50 195388 1
29 72 195418 0
70 74 195422 0
67 52 195427 1
46 77 195427 0
101 48 195451 1
47 53 195456 1
43 87 195540 0
23 72 195551 0
109 57 195714 1
17 69 195727 0
97 48 195749 1
28 70 195769 0
54 75 195778 0
25 59 195794 0
89 72 195836 0
41 51 195859 1
36 50 195867 1
110 63 195902 1
38 78 196005 0
93 50 196099 1
99 48 196162 1
64 53 196181 1
81 78 196194 0
73 50 196204 1
63 52 196217 1
51 53 196293 1
56 52 196298 1
67 74 196328 0
108 56 196399 1
56 53 196400 1
35 78 196515 0
40 52 196614 1
28 71 196633 0
27 58 196634 0
85 51 196642 1
29 71 196646 0
72 73 196723 0
32 52 196797 1
38 77 196832 0
9 71 196864 0
105 53 196872 1
94 77 196877 0
44 53 196908 1
36 51 196914 1
64 76 196922 0
22 78 196923 0
108 66 196984 1
62 74 197023 0
105 69 197026 0
86 51 197038 1
52 76 197044 0
26 64 197045 0
19 84 197069 0
24 72 197074 0
27 56 197084 0
25 66 197090 0
27 68 197110 0
41 77 197114 0
110 60 197147 1
58 73 197161 0
38 50 197169 1
108 53 197170 1
91 78 197197 0
111 61 197208 1
36 77 197237 0
33 51 197282 1
84 50 197304 1
26 61 197309 0
100 48 197317 1
103 50 197323 1
82 52 197343 1
69 51 197380 1
34 49 197396 1
104 51 197426 1
69 72 197510 0
63 73 197566 0
98 71 197574 0
75 74 197622 0
25 62 197641 0
93 74 197653 0
94 48 197867 1
27 67 197988 0
59 53 198041 1
41 76 198077 0
45 54 198156 1
60 53 198161 1
40 77 198190 0
89 50 198200 1
65 73 198211 0
110 61 198218 1
26 65 198232 0
58 51 198237 1
87 51 198282 1
37 49 198302 1
48 78 198341 0
109 58 198401 1
38 82 198410 0
87 50 198414 1
87 72 198537 0
76 73 198540 0
109 63 198548 1
39 79 198584 0
41 52 198667 1
48 54 198677 1
73 72 198733 0
40 51 198735 1
108 54 198818 1
32 76 198863 0
31 71 199028 0
42 51 199036 1
53 52 199061 1
95 42 199149 1
35 77 199237 0
49 55 199291 1
85 72 199292 0
27 60 199311 0
80 51 199383 1
29 70 199390 0
106 51 199520 1
49 53 199522 1
32 49 199543 1
49 76 199583 0
104 69 199591 0
39 52 199618 1
56 51 199622 1
43 53 199625 1
41 47 199630 1
39 77 199648 0
109 45 199649 1
81 50 199666 1
62 53 199696 1
78 51 199726 1
37 50 199751 1
63 54 199752 1
110 56 199771 1
40 48 199783 1
28 69 199924 0
103 45 199932 1
69 52 199969 1
0 0 200010 0
