64 84 0 1
64 85 11 1
68 68 51 0
88 57 136 1
41 91 178 0
71 68 232 0
57 33 388 1
93 99 825 0
89 58 837 1
37 74 945 0
47 100 1012 0
58 43 1028 1
58 44 1068 1
43 65 1096 0
93 75 1184 0
63 84 1452 1
70 68 1662 0
42 99 1675 0
44 41 1713 0
98 86 1857 0
97 81 1876 0
92 59 1911 1
68 14 2058 1
44 35 2068 0
58 36 2098 1
69 54 2310 1
95 77 2334 0
67 67 2453 0
81 56 2690 1
58 47 2740 1
46 100 2785 0
110 75 3003 1
40 93 3050 0
63 88 3202 1
1 92 3408 1
64 87 3503 1
77 54 3546 1
42 67 3575 0
104 68 3867 1
65 6 3926 1
71 67 3956 0
58 49 4278 1
59 53 4283 1
48 100 4498 0
38 91 4518 0
87 57 4819 1
57 41 4843 1
36 80 4897 0
58 51 4921 1
68 69 5032 0
69 12 5047 1
98 84 5057 0
44 43 5091 0
64 7 5113 1
74 67 5180 0
110 83 5201 1
63 6 5359 1
58 50 5387 1
89 57 5414 1
81 69 5508 0
58 48 5572 1
44 45 5585 0
74 53 5603 1
36 86 5636 0
63 87 5640 1
58 31 5671 1
59 27 5871 1
42 94 6063 0
38 89 6130 0
58 33 6161 1
93 75 6180 0
62 75 6219 1
38 90 6222 0
44 41 6271 0
95 77 6299 0
75 53 6343 1
58 42 6396 1
109 91 6445 1
94 77 6785 0
92 60 6786 1
67 16 6907 1
57 7 6912 1
62 70 6949 1
67 55 6994 1
97 81 7013 0
96 102 7151 0
110 76 7187 1
83 55 7422 1
110 86 7524 1
105 69 7637 1
43 24 7765 0
101 65 7784 1
64 55 7791 1
101 66 7823 1
99 63 7931 1
111 79 7932 1
97 84 7956 0
62 96 7966 1
97 103 7986 0
66 55 8041 1
86 56 8073 1
94 61 8098 1
85 56 8185 1
109 76 8236 1
107 71 8252 1
108 72 8303 1
99 64 8329 1
97 62 8370 1
35 83 8502 0
93 60 8511 1
82 56 8721 1
103 67 8748 1
50 12 8824 0
94 78 8854 0
98 63 8916 1
64 6 8939 1
49 16 8974 0
102 100 9017 0
110 77 9069 1
95 61 9100 1
109 73 9108 1
104 67 9188 1
62 55 9253 1
81 55 9270 1
110 88 9287 1
82 69 9288 0
70 68 9430 0
110 66 9439 1
110 90 9439 1
111 80 9530 1
98 103 9531 0
100 64 9596 1
63 89 9660 1
36 85 9674 0
98 62 9684 1
109 74 9691 1
75 68 9728 0
62 93 9767 1
94 60 9779 1
76 69 9790 0
45 48 9802 0
59 25 9836 1
62 6 9862 1
105 68 9886 1
87 56 9918 1
59 28 9941 1
63 93 9960 1
63 85 9976 1
88 57 10046 1
95 77 10047 0
109 75 10054 1
65 68 10078 0
45 51 10101 0
78 54 10103 1
62 71 10127 1
79 67 10185 0
87 71 10199 0
98 88 10261 0
62 77 10298 1
107 70 10418 1
91 58 10447 1
57 35 10455 1
62 74 10461 1
99 62 10462 1
67 8 10480 1
69 68 10506 0
79 54 10515 1
110 76 10532 1
82 70 10543 0
80 55 10588 1
86 71 10595 0
93 75 10598 0
58 34 10598 1
63 83 10611 1
63 94 10689 1
95 101 10708 0
84 71 10732 0
41 90 10749 0
84 56 10832 1
106 70 10834 1
107 71 10850 1
58 45 10910 1
73 52 10918 1
60 54 10935 1
58 29 10955 1
59 23 10959 1
63 80 10988 1
90 58 11015 1
93 59 11023 1
77 68 11028 0
59 26 11044 1
89 58 11048 1
37 77 11087 0
38 87 11093 0
69 9 11110 1
80 54 11132 1
93 101 11160 0
101 65 11171 1
63 81 11180 1
41 93 11269 0
96 61 11347 1
110 79 11380 1
76 53 11392 1
79 55 11423 1
38 77 11433 0
101 64 11447 1
72 67 11452 0
101 66 11462 1
45 54 11462 0
61 6 11528 1
44 43 11544 0
53 102 11562 0
43 95 11571 0
42 94 11586 0
60 8 11606 1
58 39 11643 1
59 41 11731 1
47 58 11732 0
59 24 11741 1
90 74 11773 0
63 82 11774 1
42 98 11777 0
59 34 11783 1
108 71 11797 1
44 25 11819 0
95 80 11821 0
103 66 11858 1
99 87 11862 0
93 60 11965 1
62 76 11973 1
44 41 11976 0
64 89 11993 1
92 59 12022 1
38 85 12022 0
71 67 12040 0
111 84 12103 1
47 60 12107 0
45 44 12168 0
47 99 12182 0
37 83 12184 0
58 30 12188 1
98 84 12263 0
46 56 12269 0
99 101 12296 0
89 57 12300 1
45 46 12331 0
97 61 12356 1
94 77 12363 0
43 92 12365 0
43 39 12373 0
85 71 12408 0
104 67 12422 1
49 101 12462 0
82 69 12477 0
37 81 12497 0
103 67 12507 1
72 53 12537 1
24 80 12557 0
62 73 12559 1
47 59 12585 0
64 17 12628 0
85 69 12629 0
88 72 12638 0
44 36 12645 0
58 40 12655 1
90 57 12662 1
71 53 12669 1
63 95 12700 1
36 83 12738 0
59 36 12777 1
59 53 12809 1
99 63 12863 1
67 67 12873 0
98 82 12899 0
84 55 12917 1
67 7 12946 1
57 100 12969 0
111 82 12992 1
41 91 13025 0
37 79 13038 0
110 75 13044 1
98 85 13094 0
64 90 13098 1
95 61 13131 1
41 69 13160 0
45 45 13164 0
45 55 13175 0
58 50 13181 1
50 14 13199 0
74 67 13199 0
59 52 13224 1
62 72 13234 1
59 43 13245 1
77 53 13253 1
65 7 13255 1
59 29 13261 1
49 15 13273 0
56 7 13306 1
59 44 13310 1
44 45 13355 0
94 101 13386 0
43 40 13420 0
46 98 13444 0
92 58 13471 1
81 54 13503 1
88 57 13557 1
95 77 13564 0
108 72 13584 1
70 54 13630 1
49 14 13648 0
81 55 13690 1
73 53 13702 1
58 47 13759 1
98 63 13806 1
91 59 13841 1
59 40 13845 1
63 6 13910 1
97 62 13922 1
45 98 13963 0
61 76 13978 1
106 69 14005 1
61 54 14035 1
45 41 14045 0
109 74 14049 1
62 75 14077 1
96 101 14104 0
61 55 14105 1
59 42 14111 1
45 24 14126 0
41 90 14153 0
100 64 14161 1
38 89 14246 0
47 100 14301 0
59 37 14335 1
99 64 14371 1
87 57 14403 1
86 74 14403 0
96 102 14414 0
48 100 14457 0
67 54 14495 1
79 67 14519 0
83 54 14541 1
44 35 14558 0
45 48 14591 0
83 55 14608 1
67 13 14643 1
88 73 14656 0
66 6 14663 1
97 82 14796 0
44 24 14820 0
37 80 14839 0
69 11 14840 1
64 6 14854 1
110 77 14870 1
68 54 14914 1
93 100 15012 0
68 13 15036 1
105 69 15037 1
75 53 15183 1
47 57 15194 0
69 13 15200 1
63 79 15201 1
69 7 15239 1
87 71 15306 0
66 17 15337 0
63 54 15418 1
60 54 15464 1
65 55 15495 1
64 55 15521 1
92 74 15589 0
62 55 15606 1
94 60 15613 1
67 70 15786 0
68 7 15787 1
110 76 15803 1
100 63 15806 1
93 75 15821 0
93 76 15839 0
110 74 15878 1
60 53 15904 1
59 30 15934 1
36 88 15965 0
82 69 16016 0
88 56 16121 1
101 65 16140 1
43 35 16171 0
84 56 16176 1
65 6 16221 1
44 33 16229 0
44 41 16247 0
63 85 16297 1
43 95 16301 0
107 71 16330 1
63 92 16392 1
75 52 16401 1
45 51 16405 0
60 6 16407 1
63 81 16419 1
107 70 16425 1
97 81 16432 0
71 52 16437 1
63 5 16449 1
102 66 16459 1
59 48 16478 1
55 8 16483 1
105 68 16534 1
64 86 16557 1
46 98 16563 0
58 42 16586 1
59 32 16587 1
45 44 16614 0
62 71 16639 1
62 6 16685 1
67 9 16687 1
47 99 16720 0
61 97 16831 1
85 56 16839 1
63 88 16869 1
46 61 16935 0
44 99 16959 0
64 83 17085 1
69 53 17091 1
82 70 17129 0
93 98 17225 0
40 69 17247 0
94 95 17282 0
72 52 17316 1
93 61 17316 1
65 54 17338 1
59 25 17339 1
59 51 17340 1
107 72 17341 1
59 27 17360 1
58 34 17362 1
97 90 17431 0
64 85 17482 1
98 80 17517 0
110 87 17559 1
67 55 17563 1
59 6 17596 1
63 83 17606 1
82 55 17607 1
96 61 17656 1
44 21 17678 0
61 6 17680 1
46 55 17689 0
59 31 17733 1
64 87 17779 1
86 56 17854 1
70 53 17978 1
69 8 18010 1
108 93 18032 1
59 23 18074 1
42 94 18081 0
59 26 18193 1
91 58 18210 1
71 67 18234 0
68 11 18258 1
45 99 18313 0
80 55 18333 1
78 54 18365 1
89 57 18391 1
94 77 18448 0
68 68 18473 0
59 45 18499 1
67 8 18536 1
62 70 18538 1
45 46 18569 0
56 100 18597 0
59 33 18624 1
38 90 18626 0
58 33 18639 1
59 53 18663 1
56 8 18713 1
37 86 18735 0
109 73 18782 1
58 6 18782 1
87 56 18805 1
62 95 18811 1
62 76 18878 1
111 81 18961 1
111 85 19043 1
84 71 19059 0
92 59 19065 1
92 74 19083 0
90 73 19139 0
93 60 19145 1
93 101 19179 0
76 68 19180 0
90 58 19189 1
111 87 19190 1
44 43 19220 0
58 39 19387 1
79 54 19417 1
44 96 19451 0
62 45 19519 1
62 73 19519 1
37 92 19576 0
64 91 19620 1
93 102 19636 0
74 53 19707 1
63 55 19737 1
44 101 19753 0
38 85 19786 0
39 85 19817 0
111 79 19822 1
64 54 20017 1
45 45 20115 0
98 80 20124 0
96 101 20151 0
42 96 20292 0
67 11 20294 1
98 62 20481 1
90 74 20563 0
64 88 20629 1
95 99 20647 0
59 38 20697 1
46 98 20737 0
47 57 20765 0
91 74 20767 0
64 84 20931 1
107 69 20986 1
65 68 21043 0
111 80 21136 1
111 83 21144 1
74 68 21158 0
109 45 21179 1
109 45 21243 0
59 52 21274 1
95 60 21296 1
90 57 21303 1
95 101 21369 0
110 88 21399 1
103 66 21406 1
45 21 21456 0
85 69 21484 0
114 78 21508 1
95 96 21565 0
57 101 21576 0
95 77 21581 0
63 80 21588 1
88 57 21616 1
98 91 21624 0
104 67 21659 1
79 55 21746 1
99 63 21803 1
93 59 21838 1
95 61 21911 1
80 54 22041 1
47 101 22042 0
72 67 22056 0
77 52 22073 1
59 24 22082 1
64 82 22085 1
41 91 22100 0
109 74 22180 1
100 64 22186 1
95 97 22192 0
99 62 22225 1
110 75 22242 1
105 67 22443 1
59 50 22516 1
63 82 22544 1
98 80 22553 0
67 7 22625 1
111 86 22648 1
70 68 22719 0
81 55 22755 1
63 78 22777 1
46 55 22786 0
110 76 22819 1
64 92 22850 1
89 58 22854 1
44 96 22881 0
108 71 22903 1
107 70 22926 1
63 6 22941 1
101 65 23022 1
105 68 23067 1
62 54 23101 1
59 41 23115 1
74 52 23138 1
111 84 23167 1
59 43 23174 1
47 58 23252 0
92 74 23278 0
85 55 23282 1
43 92 23325 0
94 59 23347 1
38 87 23348 0
59 46 23356 1
97 84 23379 0
99 100 23446 0
98 102 23468 0
102 65 23526 1
57 31 23557 1
59 39 23582 1
100 101 23589 0
108 94 23605 1
79 67 23611 0
37 82 23627 0
44 53 23679 0
94 61 23718 1
45 41 23772 0
63 77 23783 1
76 52 23809 1
43 96 23837 0
37 90 23845 0
104 66 23848 1
97 61 23870 1
83 55 23907 1
59 47 23916 1
93 97 23965 0
62 75 23993 1
111 77 24027 1
99 87 24159 0
59 44 24212 1
39 72 24218 0
93 99 24224 0
44 44 24232 0
45 42 24239 0
37 81 24283 0
41 90 24301 0
67 67 24302 0
82 69 24341 0
83 73 24373 0
46 57 24385 0
43 42 24495 0
64 6 24501 1
44 28 24512 0
70 10 24526 1
59 28 24561 1
88 73 24569 0
69 12 24594 1
59 35 24604 1
63 91 24621 1
84 55 24640 1
94 60 24656 1
60 54 24671 1
38 77 24741 0
110 91 24784 1
100 63 24805 1
73 68 24835 0
58 30 24850 1
58 50 24854 1
101 64 24873 1
109 73 24903 1
68 8 24906 1
72 53 24945 1
83 68 24946 0
76 53 24959 1
111 82 24991 1
97 82 24997 0
69 9 25058 1
77 98 25072 1
45 64 25075 0
111 76 25076 1
52 101 25078 0
37 83 25230 0
96 61 25299 1
44 36 25331 0
61 96 25334 1
86 71 25383 0
107 71 25394 1
51 14 25401 0
63 72 25444 1
63 84 25493 1
37 76 25526 0
40 91 25532 0
61 54 25536 1
73 52 25555 1
63 79 25560 1
45 48 25560 0
98 80 25564 0
96 60 25608 1
92 58 25614 1
79 53 25623 1
63 81 25631 1
74 67 25659 0
44 96 25661 0
98 84 25701 0
44 41 25743 0
110 74 25786 1
91 58 25815 1
71 67 25824 0
108 70 25907 1
85 69 25937 0
75 53 25958 1
82 70 26006 0
45 44 26070 0
78 53 26070 1
91 57 26079 1
36 87 26103 0
111 78 26106 1
37 79 26136 0
87 71 26149 0
59 37 26157 1
63 76 26161 1
93 58 26178 1
59 40 26208 1
65 6 26219 1
47 99 26257 0
96 101 26288 0
60 53 26336 1
44 45 26346 0
43 67 26355 0
95 101 26472 0
89 57 26481 1
48 100 26507 0
96 102 26515 0
98 89 26522 0
64 81 26525 1
64 89 26554 1
45 24 26570 0
66 6 26620 1
99 88 26640 0
51 13 26658 0
67 6 26687 1
101 66 26688 1
41 70 26708 0
45 42 26730 0
59 29 26799 1
81 54 26809 1
103 66 26811 1
59 51 26857 1
98 61 26870 1
43 37 26917 0
37 77 26917 0
104 67 26951 1
64 55 26954 1
73 53 26972 1
59 42 26982 1
69 14 27024 1
45 62 27041 0
103 67 27102 1
59 36 27114 1
44 47 27148 0
70 12 27176 1
79 54 27228 1
45 45 27253 0
106 68 27263 1
43 38 27268 0
99 101 27283 0
59 22 27303 1
95 103 27307 0
43 92 27318 0
44 25 27361 0
87 56 27424 1
62 55 27563 1
58 31 27629 1
44 27 27679 0
46 55 27681 0
82 54 27700 1
46 98 27734 0
83 71 27758 0
55 102 27762 0
37 82 27764 0
59 100 27766 0
109 75 27771 1
81 67 27787 0
93 75 27815 0
77 53 27819 1
88 56 27828 1
90 57 27833 1
38 81 27843 0
63 93 27874 1
59 30 27889 1
47 59 28035 0
93 101 28057 0
59 49 28125 1
100 64 28206 1
42 95 28225 0
62 71 28246 1
44 98 28273 0
49 16 28291 0
44 28 28293 0
59 43 28309 1
45 41 28310 0
59 34 28437 1
78 54 28495 1
79 67 28500 0
39 85 28524 0
41 90 28528 0
95 95 28531 0
47 57 28627 0
111 79 28636 1
57 100 28676 0
109 72 28697 1
59 50 28708 1
48 101 28735 0
71 54 28760 1
96 77 28786 0
45 46 28816 0
95 102 28888 0
59 26 29024 1
59 25 29067 1
107 70 29107 1
93 104 29128 0
89 56 29146 1
68 7 29148 1
44 96 29208 0
83 68 29224 0
59 48 29266 1
72 67 29294 0
95 75 29300 0
99 62 29314 1
45 42 29320 0
110 75 29349 1
111 85 29366 1
95 60 29421 1
63 83 29425 1
68 53 29511 1
70 14 29584 1
92 59 29630 1
52 101 29646 0
69 52 29705 1
69 7 29705 1
101 101 29714 0
63 78 29720 1
60 22 29721 1
57 6 29744 1
62 6 29769 1
74 48 29819 1
99 63 29828 1
38 85 29843 0
36 81 29867 0
67 8 29874 1
81 55 29877 1
45 98 29949 0
59 32 29964 1
59 27 30019 1
57 7 30056 1
62 96 30090 1
93 59 30172 1
58 5 30210 1
45 51 30214 0
59 23 30247 1
50 102 30274 0
111 80 30289 1
84 70 30353 0
39 90 30458 0
98 80 30589 0
36 85 30677 0
75 52 30723 1
56 100 30727 0
99 84 30737 0
45 49 30853 0
86 55 30922 1
58 34 30972 1
60 6 31023 1
63 85 31027 1
96 77 31046 0
45 97 31069 0
69 11 31073 1
98 83 31165 0
37 80 31213 0
99 88 31298 0
92 74 31360 0
40 71 31400 0
64 86 31556 1
94 77 31565 0
38 81 31604 0
53 100 31605 0
101 65 31659 1
59 33 31681 1
40 91 31716 0
80 54 31803 1
63 6 31817 1
61 6 31916 1
60 52 31941 1
38 88 31965 0
70 13 31980 1
83 55 31989 1
44 23 32134 0
110 76 32192 1
59 38 32230 1
45 36 32263 0
47 54 32335 0
110 90 32377 1
65 88 32458 1
60 23 32465 1
109 68 32510 1
37 82 32531 0
105 68 32537 1
93 60 32611 1
37 75 32618 0
44 27 32632 0
63 54 32709 1
85 55 32737 1
63 77 32761 1
44 28 32792 0
64 83 32917 1
111 84 32947 1
59 45 33018 1
87 72 33047 0
44 34 33084 0
73 113 33132 1
38 99 33198 0
67 7 33247 1
73 68 33260 0
64 85 33281 1
96 77 33319 0
59 24 33320 1
71 70 33331 0
42 96 33387 0
100 63 33460 1
69 52 33683 1
111 88 33732 1
111 81 33732 1
109 73 33821 1
70 9 33873 1
68 54 33896 1
102 65 33936 1
99 84 33945 0
112 80 34098 1
63 19 34120 0
105 67 34132 1
62 54 34160 1
69 10 34185 1
111 83 34205 1
64 87 34321 1
59 53 34489 1
59 41 34502 1
63 94 34529 1
59 44 34684 1
68 6 34753 1
59 6 34775 1
107 69 34844 1
111 75 34850 1
45 49 34857 0
67 108 34875 1
74 52 34901 1
100 62 34907 1
103 65 34909 1
70 11 34909 1
84 70 34971 0
45 97 34981 0
105 66 35091 1
63 80 35127 1
104 65 35129 1
111 86 35138 1
38 72 35147 0
103 68 35158 1
61 53 35166 1
24 80 35183 0
95 97 35223 0
101 64 35249 1
64 90 35345 1
80 55 35378 1
95 99 35417 0
104 66 35429 1
62 94 35431 1
97 61 35522 1
65 53 35531 1
64 6 35602 1
95 96 35620 0
108 71 35706 1
111 77 35744 1
63 53 35749 1
65 85 35760 1
56 6 35761 1
59 39 35764 1
94 101 35806 0
44 61 35884 0
103 66 35891 1
110 86 35919 1
94 59 35922 1
91 58 35935 1
94 79 35946 0
71 52 35951 1
71 53 35955 1
84 71 36050 0
71 67 36082 0
96 77 36085 0
96 61 36118 1
111 82 36178 1
44 96 36195 0
67 67 36202 0
50 13 36236 0
43 25 36238 0
95 102 36295 0
62 73 36341 1
95 75 36351 0
63 92 36357 1
69 8 36361 1
47 54 36369 0
65 54 36369 1
53 100 36387 0
59 47 36397 1
109 92 36493 1
85 69 36540 0
106 101 36545 0
106 68 36546 1
52 99 36553 0
52 101 36597 0
84 55 36604 1
110 74 36610 1
107 70 36666 1
60 53 36669 1
61 54 36684 1
66 69 36689 0
81 67 36690 0
60 51 36691 1
94 98 36694 0
91 71 36746 0
65 90 36777 1
46 55 36788 0
83 54 36834 1
61 5 36887 1
44 30 36906 0
90 56 36908 1
99 84 36917 0
59 28 36919 1
64 82 36962 1
109 71 36972 1
97 91 37054 0
63 5 37066 1
41 91 37096 0
70 52 37122 1
72 52 37123 1
99 85 37163 0
44 47 37175 0
90 57 37278 1
45 42 37283 0
83 68 37300 0
41 41 37317 0
45 36 37341 0
59 52 37358 1
63 74 37380 1
96 101 37403 0
92 57 37408 1
38 92 37413 0
65 6 37413 1
63 81 37512 1
46 58 37513 0
67 53 37538 1
102 64 37575 1
92 58 37636 1
59 35 37717 1
97 100 37723 0
58 6 37734 1
63 79 37760 1
45 44 37790 0
111 79 37948 1
81 55 37995 1
62 5 38003 1
63 73 38018 1
98 90 38024 0
108 70 38057 1
59 42 38063 1
99 79 38079 0
43 27 38084 0
43 92 38096 0
57 99 38184 0
64 54 38231 1
95 100 38255 0
79 54 38258 1
91 57 38264 1
99 62 38272 1
79 67 38278 0
59 37 38301 1
46 56 38313 0
104 67 38325 1
42 66 38356 0
96 60 38357 1
87 105 38401 1
77 70 38404 0
81 53 38404 1
63 71 38410 1
59 51 38416 1
47 101 38425 0
65 86 38439 1
87 56 38444 1
64 91 38524 1
45 94 38528 0
70 53 38570 1
105 68 38585 1
59 40 38638 1
65 17 38638 0
111 80 38679 1
68 11 38684 1
59 50 38686 1
64 84 38721 1
67 55 38730 1
110 75 38808 1
88 56 38811 1
59 46 38861 1
59 5 38876 1
111 78 38900 1
45 41 38927 0
63 75 38990 1
66 53 39002 1
44 34 39007 0
50 14 39048 0
64 80 39079 1
76 52 39108 1
111 87 39132 1
59 31 39153 1
58 101 39155 0
47 60 39219 0
111 76 39231 1
99 88 39243 0
41 90 39296 0
42 94 39330 0
95 60 39330 1
44 28 39385 0
64 5 39415 1
66 6 39423 1
104 99 39424 0
37 82 39444 0
102 99 39497 0
99 100 39515 0
45 97 39515 0
64 79 39564 1
63 78 39587 1
81 54 39590 1
107 68 39596 1
59 43 39643 1
63 76 39743 1
39 86 39825 0
98 61 39828 1
45 49 39835 0
69 9 39970 1
77 52 40016 1
73 52 40183 1
65 83 40207 1
75 53 40220 1
39 85 40237 0
44 35 40258 0
58 33 40301 1
60 52 40305 1
95 75 40327 0
95 101 40342 0
83 55 40344 1
106 67 40431 1
46 98 40458 0
43 95 40493 0
92 76 40528 0
96 77 40590 0
44 27 40662 0
59 29 40683 1
59 48 40694 1
99 102 40709 0
38 81 40713 0
44 97 40751 0
99 85 40789 0
66 5 40804 1
99 84 40831 0
100 63 40843 1
93 96 40849 0
38 88 40850 0
84 70 40853 0
94 59 40855 1
72 53 40859 1
69 13 40972 1
59 34 40989 1
67 6 40996 1
109 73 41017 1
94 98 41023 0
104 66 41049 1
47 17 41165 0
38 77 41168 0
111 84 41225 1
98 81 41253 0
47 54 41310 0
64 81 41324 1
111 85 41337 1
59 36 41343 1
79 53 41345 1
47 58 41365 0
60 5 41389 1
105 67 41394 1
87 72 41394 0
40 91 41421 0
63 69 41437 1
69 53 41496 1
95 100 41522 0
85 55 41643 1
110 72 41663 1
45 45 41666 0
98 87 41671 0
45 96 41723 0
78 54 41753 1
37 81 41815 0
47 98 41887 0
59 44 41890 1
69 12 41897 1
59 30 41912 1
37 87 41952 0
64 55 42012 1
63 72 42054 1
63 20 42114 0
89 56 42117 1
44 38 42171 0
109 72 42172 1
90 74 42281 0
45 24 42295 0
59 32 42385 1
68 7 42387 1
64 6 42421 1
39 86 42443 0
44 30 42444 0
53 100 42451 0
45 36 42451 0
93 59 42476 1
50 15 42481 0
50 101 42504 0
86 55 42523 1
59 41 42702 1
57 5 42705 1
109 91 42745 1
60 25 42914 1
59 49 43032 1
34 85 43072 0
62 20 43128 0
62 54 43143 1
63 54 43147 1
44 53 43170 0
63 77 43170 1
42 91 43198 0
98 90 43285 0
59 26 43299 1
43 43 43312 0
97 82 43352 0
92 100 43428 0
82 54 43437 1
91 102 43445 0
47 99 43449 0
91 71 43449 0
81 67 43454 0
44 51 43499 0
43 63 43591 0
43 92 43659 0
87 55 43668 1
58 30 43691 1
98 101 43774 0
59 33 43869 1
72 69 43895 0
85 70 43900 0
64 92 43983 1
101 64 44055 1
84 54 44083 1
103 66 44123 1
45 42 44135 0
94 103 44144 0
80 71 44173 0
39 88 44183 0
80 53 44211 1
73 68 44272 0
42 34 44295 0
51 12 44302 0
46 49 44320 0
60 26 44335 1
99 85 44353 0
106 68 44399 1
37 79 44416 0
88 73 44476 0
59 38 44494 1
95 82 44505 0
41 94 44523 0
45 96 44552 0
102 101 44554 0
83 68 44565 0
63 6 44573 1
58 47 44622 1
52 99 44636 0
44 63 44664 0
38 89 44735 0
45 48 44816 0
46 19 44837 0
65 68 44844 0
99 87 44846 0
47 77 44868 0
47 98 44868 0
45 63 44869 0
81 69 44907 0
44 33 44918 0
40 70 44938 0
36 80 44947 0
73 53 45015 1
39 95 45087 0
99 61 45118 1
43 30 45128 0
85 69 45199 0
102 100 45231 0
95 100 45337 0
111 77 45369 1
39 71 45390 0
39 86 45414 0
44 96 45446 0
97 60 45487 1
44 34 45608 0
98 81 45617 0
46 54 45629 0
67 8 45820 1
77 67 45851 0
44 24 45863 0
43 100 45916 0
60 23 45951 1
82 72 45956 0
80 54 46003 1
39 73 46022 0
46 97 46045 0
42 91 46112 0
40 96 46119 0
67 16 46155 0
107 69 46219 1
79 69 46259 0
89 71 46279 0
98 80 46463 0
51 102 46472 0
55 7 46613 1
81 72 46646 0
70 67 46691 0
61 54 46704 1
45 49 46708 0
82 69 46724 0
75 67 46748 0
38 85 46805 0
102 65 46872 1
43 53 46876 0
44 56 46888 0
63 18 46931 0
62 97 46943 1
42 28 47017 0
46 49 47053 0
59 25 47116 1
111 86 47204 1
96 99 47233 0
63 95 47253 1
45 38 47264 0
110 74 47311 1
43 55 47314 0
60 44 47317 1
85 70 47338 0
66 17 47338 0
48 57 47439 0
64 89 47454 1
94 98 47470 0
42 67 47511 0
103 65 47528 1
65 5 47543 1
36 78 47545 0
59 27 47568 1
95 102 47577 0
37 78 47637 0
62 70 47664 1
112 83 47794 1
44 23 47868 0
67 7 47870 1
43 41 47874 0
45 96 47923 0
43 65 47932 0
45 33 48004 0
97 100 48008 0
98 101 48017 0
97 61 48162 1
44 97 48180 0
45 30 48184 0
52 100 48242 0
47 98 48243 0
94 96 48247 0
39 92 48259 0
75 52 48274 1
95 99 48330 0
93 77 48343 0
94 95 48353 0
45 21 48357 0
107 70 48403 1
93 58 48432 1
98 90 48440 0
110 73 48472 1
95 75 48477 0
64 88 48522 1
80 67 48536 0
44 38 48555 0
94 74 48561 0
95 96 48587 0
100 62 48658 1
95 97 48697 0
108 70 48716 1
105 97 48779 0
46 97 48832 0
97 84 48875 0
99 79 48924 0
45 47 48984 0
111 79 48997 1
99 62 49013 1
39 88 49059 0
65 16 49106 0
44 30 49115 0
50 101 49182 0
45 97 49199 0
111 82 49200 1
99 101 49203 0
87 71 49236 0
99 84 49241 0
89 71 49245 0
60 24 49279 1
77 67 49350 0
92 58 49442 1
87 72 49467 0
112 78 49521 1
99 85 49558 0
91 56 49559 1
46 59 49562 0
44 47 49618 0
74 52 49686 1
59 42 49723 1
60 53 49785 1
59 47 49792 1
94 94 49796 0
111 75 49804 1
38 90 49813 0
90 57 49848 1
71 67 49892 0
99 82 49908 0
38 86 49952 0
102 99 49958 0
109 71 49997 1
60 22 50017 1
42 91 50029 0
105 66 50077 1
98 81 50089 0
60 42 50133 1
96 101 50145 0
111 76 50197 1
37 89 50236 0
65 84 50268 1
96 60 50295 1
67 67 50311 0
43 94 50323 0
46 54 50327 0
45 38 50335 0
63 74 50373 1
65 54 50452 1
59 39 50482 1
91 71 50494 0
63 5 50505 1
95 81 50526 0
101 63 50550 1
95 100 50571 0
59 43 50584 1
90 56 50592 1
46 49 50632 0
85 55 50642 1
102 64 50715 1
52 100 50722 0
110 88 50726 1
103 64 50728 1
45 41 50737 0
62 53 50746 1
59 50 50790 1
108 69 50798 1
60 52 50798 1
70 67 50799 0
77 53 50854 1
79 67 50943 0
64 86 50949 1
94 74 50953 0
59 37 50959 1
104 66 50961 1
63 79 50966 1
94 58 50993 1
59 45 51051 1
80 67 51060 0
69 8 51089 1
60 43 51109 1
60 45 51113 1
91 57 51115 1
79 52 51161 1
45 94 51162 0
45 33 51207 0
68 6 51237 1
83 54 51240 1
95 94 51354 0
69 7 51356 1
81 67 51357 0
57 100 51361 0
47 49 51367 0
41 87 51372 0
111 80 51385 1
47 53 51403 0
60 21 51403 1
94 59 51438 1
59 35 51455 1
59 24 51456 1
75 67 51476 0
48 57 51485 0
64 85 51499 1
79 54 51510 1
63 78 51524 1
47 57 51536 0
92 57 51554 1
83 55 51554 1
95 59 51559 1
54 99 51563 0
81 70 51599 0
88 56 51607 1
46 97 51635 0
99 60 51663 1
60 39 51669 1
45 30 51700 0
89 71 51724 0
89 73 51737 0
60 41 51758 1
61 53 51803 1
70 8 51815 1
56 7 51822 1
85 70 51859 0
60 51 51876 1
104 65 51915 1
63 75 51922 1
83 68 51923 0
39 86 51986 0
112 79 52004 1
56 100 52024 0
61 6 52041 1
98 101 52069 0
98 61 52126 1
80 52 52179 1
99 88 52196 0
64 80 52264 1
60 32 52302 1
103 65 52347 1
41 90 52351 0
47 54 52392 0
49 103 52432 0
45 96 52438 0
42 40 52462 0
70 10 52463 1
100 101 52523 0
110 74 52534 1
84 55 52535 1
47 98 52536 0
105 67 52558 1
47 18 52651 0
45 36 52754 0
69 68 52756 0
99 82 52760 0
39 85 52839 0
81 54 52856 1
77 67 52883 0
89 56 52885 1
45 53 52892 0
95 75 52897 0
57 101 52900 0
98 91 52922 0
64 82 52922 1
37 82 52935 0
38 81 52937 0
77 66 52942 0
111 77 52960 1
43 92 53026 0
106 67 53046 1
64 83 53099 1
78 52 53151 1
63 77 53185 1
64 79 53199 1
44 64 53201 0
60 28 53252 1
61 5 53267 1
95 95 53350 0
64 5 53357 1
59 48 53375 1
87 55 53400 1
94 74 53431 0
45 39 53479 0
91 73 53528 0
52 100 53557 0
45 38 53590 0
45 47 53624 0
68 13 53630 1
41 68 53646 0
59 28 53646 1
63 73 53664 1
37 77 53915 0
93 101 53929 0
70 7 53948 1
57 99 53983 0
59 40 53994 1
46 61 54006 0
65 89 54011 1
45 33 54047 0
112 81 54068 1
47 53 54072 0
52 99 54073 0
63 93 54083 1
48 53 54154 0
39 73 54189 0
84 70 54191 0
43 94 54296 0
80 67 54332 0
46 54 54337 0
69 6 54364 1
88 55 54366 1
37 7 54376 0
84 69 54388 0
59 34 54395 1
37 83 54415 0
43 34 54472 0
75 51 54536 1
66 6 54540 1
62 5 54560 1
97 60 54604 1
63 72 54611 1
93 57 54637 1
46 62 54644 0
59 44 54676 1
64 54 54676 1
90 71 54680 0
101 64 54703 1
67 17 54788 0
97 78 54791 0
59 41 54826 1
86 55 54828 1
39 88 54837 0
63 92 54855 1
37 78 54908 0
63 71 54927 1
100 63 54928 1
95 60 54947 1
69 11 54970 1
89 71 54972 0
92 73 54979 0
42 91 54984 0
98 81 55001 0
46 49 55032 0
59 29 55053 1
108 70 55058 1
46 97 55132 0
100 62 55153 1
76 52 55159 1
77 66 55160 0
68 52 55201 1
77 52 55250 1
112 82 55262 1
99 82 55317 0
59 32 55319 1
98 90 55348 0
45 61 55357 0
81 68 55412 0
59 36 55463 1
85 71 55477 0
38 86 55521 0
79 53 55542 1
64 81 55584 1
70 12 55588 1
81 52 55620 1
62 95 55620 1
44 28 55658 0
46 99 55747 0
111 84 55769 1
67 6 55769 1
59 30 55829 1
45 25 55831 0
100 86 55834 0
114 78 55916 1
70 67 55930 0
62 54 55945 1
111 88 56025 1
45 30 56050 0
68 53 56090 1
64 78 56147 1
45 29 56153 0
97 91 56242 0
99 62 56274 1
77 51 56282 1
60 6 56297 1
94 96 56305 0
68 7 56395 1
71 52 56426 1
91 71 56486 0
63 54 56545 1
110 72 56550 1
111 86 56595 1
99 79 56647 0
75 67 56680 0
64 6 56704 1
45 42 56755 0
45 39 56817 0
70 11 56839 1
97 100 57029 0
106 68 57072 1
99 61 57100 1
85 55 57249 1
82 54 57279 1
60 30 57282 1
52 100 57287 0
90 71 57289 0
90 70 57324 0
60 23 57381 1
45 24 57402 0
66 69 57404 0
107 69 57429 1
77 66 57434 0
38 88 57462 0
59 33 57549 1
88 72 57701 0
51 100 57723 0
92 58 57741 1
111 89 57777 1
99 100 57811 0
63 96 57812 1
60 29 57895 1
92 73 57952 0
65 85 57963 1
63 70 57998 1
84 69 57998 0
94 98 58023 0
53 100 58044 0
47 53 58049 0
44 62 58211 0
68 54 58212 1
77 67 58259 0
93 58 58346 1
45 33 58448 0
76 66 58498 0
91 73 58550 0
99 82 58556 0
94 74 58556 0
97 78 58571 0
39 78 58605 0
72 68 58611 0
82 53 58622 1
107 68 58644 1
112 84 58760 1
60 40 58761 1
81 68 58826 0
58 5 58835 1
111 87 58889 1
59 60 58916 1
59 5 58916 1
73 52 58929 1
72 52 58941 1
60 52 59007 1
44 95 59017 0
45 95 59040 0
69 9 59061 1
84 54 59064 1
82 70 59079 0
97 101 59169 0
43 28 59202 0
100 86 59202 0
59 38 59217 1
43 94 59219 0
96 78 59249 0
46 55 59268 0
98 60 59309 1
67 69 59341 0
45 29 59377 0
50 99 59412 0
89 71 59577 0
45 47 59600 0
39 89 59640 0
39 72 59719 0
63 74 59755 1
65 91 59794 1
103 100 59809 0
69 67 59819 0
45 25 59884 0
81 53 59887 1
47 98 59900 0
44 27 59962 0
59 50 59988 1
90 71 60028 0
46 54 60061 0
46 60 60069 0
110 73 60133 1
43 24 60188 0
44 25 60350 0
38 84 60351 0
98 82 60371 0
39 87 60371 0
41 4 60427 0
41 69 60433 0
59 31 60441 1
37 88 60466 0
40 94 60485 0
47 97 60489 0
44 97 60491 0
74 67 60493 0
98 101 60567 0
89 75 60589 0
85 70 60599 0
41 67 60648 0
49 100 60732 0
81 67 60744 0
45 39 60754 0
85 69 60766 0
50 15 60783 0
48 57 60819 0
52 101 60822 0
70 9 60874 1
102 64 60887 1
45 41 61060 0
92 73 61082 0
104 66 61186 1
60 50 61212 1
79 68 61224 0
36 76 61271 0
94 59 61282 1
96 99 61296 0
77 66 61318 0
65 86 61321 1
45 53 61404 0
76 66 61420 0
60 26 61465 1
51 100 61472 0
60 34 61513 1
109 71 61522 1
95 75 61544 0
80 67 61556 0
45 95 61556 0
69 7 61558 1
103 65 61567 1
60 25 61569 1
99 86 61636 0
46 37 61669 0
45 38 61692 0
99 85 61704 0
105 66 61781 1
97 80 61798 0
111 76 61863 1
90 56 61888 1
45 46 61953 0
104 65 61968 1
84 69 61982 0
60 51 62019 1
35 79 62100 0
75 53 62182 1
95 99 62229 0
95 99 62229 0
68 6 62253 1
47 55 62268 0
59 42 62273 1
111 74 62412 1
42 42 62422 0
44 38 62446 0
95 96 62464 0
59 43 62483 1
81 68 62483 0
63 5 62517 1
99 79 62522 0
39 82 62539 0
67 7 62540 1
64 93 62546 1
111 75 62546 1
97 78 62553 0
63 75 62562 1
59 6 62580 1
65 69 62588 0
60 5 62646 1
34 84 62746 0
44 95 62751 0
38 86 62756 0
41 87 62786 0
45 94 62788 0
97 101 62802 0
67 5 62862 1
90 71 62906 0
89 55 62974 1
109 70 62978 1
66 5 62990 1
67 68 63076 0
92 57 63078 1
112 80 63113 1
100 61 63126 1
93 77 63126 0
38 87 63163 0
63 76 63170 1
80 53 63211 1
59 47 63218 1
65 82 63222 1
112 85 63248 1
100 86 63316 0
83 54 63331 1
74 52 63333 1
60 46 63361 1
59 37 63372 1
86 68 63375 0
45 96 63377 0
95 100 63401 0
101 63 63406 1
43 25 63454 0
94 103 63469 0
89 56 63512 1
108 69 63536 1
64 91 63571 1
48 56 63575 0
98 81 63584 0
46 99 63592 0
65 88 63610 1
75 52 63633 1
111 90 63657 1
108 70 63665 1
95 97 63699 0
47 97 63721 0
104 97 63764 0
99 82 63779 0
45 77 63780 1
45 22 63781 0
91 71 63792 0
83 52 63804 1
45 29 63839 0
65 83 63866 1
61 53 63897 1
87 55 63951 1
44 36 63986 0
110 74 63987 1
109 45 63987 1
38 77 64008 0
91 57 64094 1
64 77 64098 1
39 78 64111 0
101 62 64114 1
106 67 64142 1
54 99 64247 0
80 54 64262 1
65 5 64296 1
37 78 64314 0
45 35 64322 0
42 90 64357 0
64 80 64371 1
112 83 64457 1
45 33 64468 0
63 6 64491 1
76 66 64508 0
97 59 64528 1
47 49 64572 0
63 94 64611 1
39 81 64623 0
39 87 64648 0
71 8 64650 1
63 77 64653 1
106 66 64675 1
45 95 64714 0
60 27 64728 1
64 53 64759 1
58 39 64801 1
88 55 64833 1
91 73 64845 0
69 67 64867 0
59 35 64887 1
83 68 64907 0
50 99 64992 0
109 45 65002 0
39 86 65010 0
51 14 65074 0
46 97 65082 0
81 54 65086 1
52 99 65089 0
94 59 65112 1
70 52 65224 1
66 53 65243 1
59 48 65254 1
64 79 65277 1
51 13 65281 0
65 54 65316 1
49 80 65316 0
49 15 65316 0
51 100 65359 0
60 22 65373 1
38 84 65403 0
94 58 65420 1
52 100 65435 0
67 67 65498 0
59 26 65501 1
60 41 65501 1
55 100 65595 0
98 79 65611 0
43 47 65618 0
62 53 65628 1
60 33 65661 1
45 30 65670 0
46 59 65686 0
63 53 65722 1
92 66 65743 0
92 73 65743 0
39 82 65832 0
96 101 65860 0
60 36 65900 1
85 55 65925 1
65 84 65937 1
63 69 66004 1
60 31 66029 1
64 17 66080 0
45 25 66083 0
73 66 66131 0
97 60 66134 1
100 62 66228 1
91 56 66258 1
39 88 66276 0
90 70 66293 0
45 39 66299 0
92 58 66369 1
60 24 66369 1
95 59 66405 1
60 42 66416 1
60 38 66439 1
58 6 66443 1
109 71 66447 1
46 49 66455 0
97 102 66476 0
75 66 66492 0
43 92 66497 0
103 65 66522 1
60 44 66580 1
67 53 66588 1
39 85 66624 0
47 55 66639 0
48 53 66643 0
37 80 66677 0
85 68 66680 0
97 100 66691 0
42 90 66703 0
112 78 66714 1
60 45 66806 1
63 72 66808 1
69 8 66880 1
96 78 66914 0
112 81 66945 1
47 97 66991 0
64 5 66997 1
103 64 67026 1
97 101 67033 0
64 92 67072 1
65 80 67093 1
44 95 67098 0
102 63 67137 1
63 73 67175 1
75 67 67200 0
70 8 67203 1
48 56 67225 0
110 72 67257 1
39 89 67260 0
61 68 67272 1
61 52 67272 1
45 36 67276 0
57 6 67316 1
63 54 67342 1
99 86 67372 0
111 76 67497 1
105 66 67530 1
60 43 67532 1
49 100 67557 0
70 67 67594 0
40 71 67670 0
59 27 67674 1
99 61 67714 1
45 35 67728 0
44 34 67732 0
91 72 67765 0
15 81 67815 0
79 68 67835 0
60 48 67927 1
81 70 67947 0
98 102 67951 0
90 71 67996 0
63 4 68037 1
39 81 68064 0
81 68 68074 0
97 78 68120 0
73 51 68169 1
70 53 68219 1
84 69 68292 0
93 58 68351 1
78 52 68364 1
96 60 68484 1
90 55 68517 1
37 76 68523 0
104 65 68526 1
105 65 68564 1
94 96 68572 0
90 56 68583 1
50 99 68612 0
47 54 68623 0
69 52 68696 1
102 64 68721 1
112 79 68731 1
45 95 68732 0
47 53 68736 0
59 29 68785 1
111 79 68802 1
60 39 68812 1
94 102 68815 0
45 94 68835 0
112 82 68892 1
65 53 68922 1
60 23 68933 1
107 68 68950 1
85 68 68991 0
43 36 69072 0
60 35 69084 1
59 44 69154 1
45 32 69232 0
98 79 69308 0
70 51 69318 1
43 94 69330 0
59 34 69334 1
76 66 69353 0
41 87 69364 0
62 51 69387 1
39 82 69445 0
99 88 69454 0
39 80 69455 0
63 71 69464 1
42 90 69467 0
104 66 69468 1
60 37 69527 1
110 76 69531 1
75 66 69564 0
59 32 69583 1
41 70 69602 0
98 61 69641 1
44 30 69645 0
64 81 69662 1
39 87 69768 0
59 41 69793 1
64 86 69817 1
45 33 69871 0
91 101 69977 0
84 54 70010 1
93 98 70020 0
60 100 70053 0
49 56 70063 0
33 89 70102 0
64 78 70124 1
73 66 70141 0
69 53 70158 1
38 84 70159 0
45 22 70205 0
95 76 70265 0
111 75 70287 1
46 37 70310 0
45 29 70328 0
79 52 70372 1
107 66 70378 1
63 5 70401 1
112 77 70407 1
46 51 70487 0
94 74 70501 0
36 82 70540 0
69 67 70588 0
59 33 70616 1
97 80 70630 0
40 89 70634 0
99 80 70635 0
55 100 70679 0
97 81 70731 0
74 48 70768 1
56 101 70848 0
96 59 70892 1
63 74 70899 1
96 77 70920 0
95 78 70946 0
76 51 71046 1
47 62 71098 0
47 100 71135 0
60 50 71223 1
56 100 71289 0
40 68 71350 0
86 55 71409 1
48 56 71436 0
60 99 71451 0
36 74 71477 0
68 7 71480 1
110 73 71541 1
93 74 71617 0
40 92 71745 0
38 76 71799 0
69 12 71821 1
91 71 71861 0
76 52 71876 1
72 51 71879 1
45 38 71958 0
85 68 71965 0
46 99 71980 0
61 5 71997 1
37 82 72022 0
95 75 72077 0
59 36 72129 1
67 6 72134 1
37 84 72158 0
45 53 72168 0
91 72 72172 0
44 57 72185 0
100 86 72198 0
51 100 72209 0
59 30 72269 1
60 28 72302 1
64 80 72354 1
45 35 72460 0
79 66 72470 0
47 55 72481 0
65 90 72514 1
60 49 72532 1
70 66 72568 0
85 54 72605 1
59 37 72656 1
99 79 72682 0
61 53 72833 1
98 60 72838 1
61 42 72846 1
42 90 72853 0
43 34 72927 0
75 66 73003 0
99 80 73051 0
45 32 73156 0
67 68 73156 0
98 79 73160 0
64 6 73167 1
49 101 73253 0
75 70 73362 0
63 75 73364 1
64 54 73405 1
42 96 73420 0
44 22 73445 0
60 4 73508 1
39 73 73576 0
65 70 73673 0
82 52 73786 1
44 9 73849 0
77 69 73891 0
77 67 73905 0
60 41 73961 1
73 72 74091 0
99 86 74137 0
28 59 74152 0
45 31 74164 0
46 54 74240 0
79 68 74256 0
49 16 74269 0
96 99 74493 0
42 45 74504 0
46 51 74512 0
46 22 74561 0
89 55 74590 1
46 60 74632 0
70 69 74651 0
100 99 74661 0
107 67 74661 1
87 55 74665 1
93 57 74851 1
79 53 74868 1
48 98 74945 0
111 86 74987 1
68 6 75036 1
92 103 75116 0
92 57 75135 1
69 7 75143 1
43 67 75154 0
81 67 75184 0
110 91 75192 1
87 72 75242 0
102 99 75259 0
40 89 75306 0
44 95 75313 0
44 48 75348 0
97 101 75369 0
49 100 75374 0
43 48 75382 0
39 80 75393 0
73 113 75416 0
46 29 75433 0
40 5 75452 0
44 29 75453 0
99 80 75464 0
98 101 75504 0
89 71 75522 0
95 98 75546 0
60 51 75614 1
70 66 75650 0
79 66 75666 0
83 54 75691 1
39 81 75721 0
42 30 75737 0
57 63 75762 1
59 43 75806 1
57 99 76021 0
91 73 76036 0
95 76 76081 0
54 102 76093 0
97 102 76094 0
48 99 76175 0
46 21 76190 0
86 68 76204 0
51 103 76242 0
91 72 76304 0
60 32 76314 1
45 22 76690 0
109 69 76763 1
93 74 76780 0
108 70 76813 1
59 42 76858 1
50 14 76884 0
47 96 76978 0
96 78 77050 0
60 26 77359 1
63 78 77458 1
42 91 77485 0
79 54 77496 1
106 67 77554 1
66 11 77556 1
66 5 77556 1
110 71 77639 1
88 55 77659 1
99 60 77660 1
58 99 77676 0
99 62 77755 1
73 66 77757 0
68 67 77765 0
38 76 77774 0
39 74 77796 0
39 89 77833 0
64 94 77840 1
77 52 77868 1
52 99 77869 0
45 32 77984 0
47 97 78002 0
38 84 78072 0
60 40 78075 1
65 52 78354 1
70 13 78545 1
57 7 78594 1
46 29 78630 0
38 73 78667 0
48 98 78730 0
81 55 78819 1
39 78 78830 0
60 29 78845 1
80 52 78886 1
45 31 78948 0
62 5 79072 1
85 68 79076 0
111 82 79106 1
64 76 79177 1
46 51 79221 0
109 70 79243 1
99 80 79331 0
47 49 79532 0
70 66 79553 0
69 50 79663 1
54 99 79721 0
47 52 79734 0
64 79 79757 1
38 80 79792 0
50 101 79906 0
89 56 79906 1
95 95 79939 0
94 59 79969 1
40 72 80082 0
56 101 80179 0
87 70 80185 0
112 84 80234 1
38 81 80270 0
77 66 80298 0
41 89 80309 0
112 76 80309 1
57 102 80357 0
45 25 80383 0
75 66 80390 0
44 45 80390 0
95 99 80704 0
95 101 80735 0
60 25 80928 1
112 83 80946 1
112 80 81061 1
81 53 81114 1
60 30 81183 1
82 53 81271 1
89 69 81385 0
83 67 81696 0
47 96 81717 0
40 89 81746 0
108 69 81827 1
50 99 81830 0
46 22 81933 0
38 78 81990 0
70 11 82184 1
93 100 82268 0
95 98 82392 0
70 10 82409 1
69 6 82539 1
79 66 82570 0
46 29 82593 0
82 54 82646 1
39 84 82656 0
91 72 82697 0
90 54 82754 1
48 99 83001 0
101 63 83091 1
71 66 83100 0
78 66 83120 0
98 79 83314 0
48 98 83319 0
74 52 83336 1
65 81 83538 1
55 101 83542 0
94 102 83555 0
92 73 83557 0
68 67 83557 0
104 65 83665 1
100 61 83702 1
64 77 83738 1
47 52 83968 0
46 21 84108 0
57 100 84231 0
93 74 84276 0
41 90 84415 0
41 89 84421 0
39 87 84426 0
37 84 84484 0
45 31 84556 0
45 34 84579 0
44 29 84585 0
97 80 84587 0
87 70 84598 0
97 76 84625 0
69 67 84634 0
38 80 84745 0
95 76 84842 0
60 44 84901 1
46 51 85141 0
67 5 85348 1
99 89 85355 0
93 99 85487 0
83 67 85500 0
39 76 85501 0
41 92 85560 0
53 99 85657 0
97 88 85684 0
42 90 85688 0
45 49 85759 0
46 96 85824 0
59 47 85963 1
45 33 86065 0
66 68 86076 0
45 44 86102 0
60 47 86140 1
65 5 86297 1
36 89 86385 0
70 66 86579 0
69 66 86637 0
72 67 86717 0
78 70 86727 0
60 46 86736 1
80 53 86786 1
100 62 86846 1
45 47 86868 0
39 84 86896 0
78 66 86899 0
43 32 86969 0
38 78 87493 0
49 99 87563 0
97 60 87567 1
45 32 87587 0
69 5 87613 1
103 99 87635 0
109 71 87719 1
101 62 87767 1
111 74 87779 1
42 92 87842 0
110 72 87852 1
99 80 87891 0
71 10 87960 1
97 76 87971 0
81 68 88224 0
37 66 88239 0
31 46 88242 0
53 102 88246 0
45 93 88272 0
90 70 88273 0
65 85 88301 1
75 52 88305 1
45 22 88309 0
43 91 88317 0
71 52 88318 1
73 69 88350 0
103 65 88405 1
34 94 88449 0
38 74 88453 0
72 68 88461 0
96 75 88604 0
95 77 88618 0
112 75 88660 1
97 100 88723 0
99 101 88762 0
112 86 88763 1
87 54 88787 1
99 79 88801 0
71 66 88959 0
91 61 88964 1
91 56 88964 1
105 66 89031 1
78 68 89152 0
95 96 89273 0
45 64 89282 0
90 56 89332 1
87 70 89392 0
95 94 89424 0
93 81 89491 0
69 11 89509 1
41 89 89588 0
44 41 89609 0
39 82 89612 0
99 100 89648 0
49 56 89728 0
63 51 89755 1
63 77 89755 1
75 51 89764 1
52 11 89768 0
58 99 89775 0
111 88 89851 1
100 72 89908 1
64 5 89958 1
44 93 90019 0
46 96 90034 0
60 34 90069 1
83 53 90091 1
103 64 90091 1
76 66 90100 0
73 52 90140 1
45 34 90152 0
62 53 90182 1
84 67 90250 0
93 71 90269 0
104 76 90272 1
112 81 90282 1
102 63 90287 1
48 53 90303 0
68 67 90429 0
36 91 90442 0
38 76 90462 0
95 97 90480 0
63 76 90491 1
41 87 90527 0
61 52 90581 1
91 71 90586 0
106 66 90597 1
106 34 90599 0
53 99 90602 0
83 67 90634 0
60 42 90658 1
47 58 90750 0
112 78 90759 1
63 72 90786 1
69 66 90796 0
111 75 90798 1
38 80 90874 0
21 81 90916 0
78 66 90930 0
81 54 90998 1
71 65 91072 0
60 36 91073 1
54 102 91158 0
94 58 91184 1
111 76 91278 1
59 35 91349 1
39 86 91361 0
53 98 91364 0
45 62 91371 0
38 83 91429 0
96 75 91429 0
65 54 91499 1
55 101 91500 0
93 58 91505 1
55 100 91516 0
97 76 91524 0
81 66 91568 0
46 29 91599 0
70 7 91607 1
48 56 91670 0
86 69 91678 0
104 98 91686 0
94 57 91691 1
88 71 91693 0
107 68 91725 1
37 85 91735 0
86 68 91759 0
94 95 91788 0
111 87 91825 1
46 99 91827 0
60 5 91830 1
112 82 91859 1
45 95 91924 0
65 83 91940 1
95 58 91951 1
67 52 92019 1
84 54 92084 1
85 68 92106 0
94 98 92134 0
79 68 92162 0
47 52 92187 0
49 99 92206 0
96 59 92211 1
39 76 92254 0
47 59 92269 0
65 86 92328 1
63 92 92373 1
77 51 92392 1
112 87 92436 1
60 22 92460 1
60 38 92468 1
48 57 92479 0
66 84 92484 1
39 74 92492 0
112 85 92576 1
45 94 92579 0
48 98 92597 0
43 91 92614 0
47 96 92680 0
99 89 92720 0
112 79 92728 1
45 27 92733 0
111 77 92796 1
47 53 92799 0
46 37 92846 0
60 45 92877 1
84 53 92925 1
45 35 92992 0
47 60 93076 0
92 57 93104 1
83 54 93136 1
65 89 93181 1
45 93 93191 0
69 9 93196 1
68 53 93218 1
111 89 93275 1
60 43 93410 1
89 55 93438 1
67 7 93457 1
63 95 93471 1
65 84 93486 1
64 75 93597 1
60 23 93598 1
87 55 93656 1
65 88 93690 1
63 52 93704 1
39 84 93727 0
90 70 93767 0
60 27 93773 1
45 24 93799 0
112 80 93809 1
92 71 93897 0
84 67 93919 0
68 5 93929 1
60 39 93950 1
105 65 93964 1
60 50 93964 1
96 75 94046 0
64 80 94079 1
61 4 94089 1
66 53 94090 1
92 56 94110 1
73 113 94115 1
43 45 94180 0
51 99 94181 0
64 71 94238 1
44 93 94243 0
46 23 94286 0
70 12 94302 1
46 98 94302 0
47 56 94306 0
62 4 94309 1
42 106 94315 0
65 82 94361 1
60 48 94370 1
38 77 94381 0
61 53 94389 1
63 73 94424 1
38 78 94442 0
46 96 94462 0
54 99 94484 0
64 78 94503 1
62 52 94565 1
59 34 94665 1
42 92 94701 0
81 66 94760 0
70 8 94790 1
64 73 94792 1
112 83 94870 1
63 5 94878 1
47 49 94908 0
63 54 94915 1
52 99 94934 0
79 66 94961 0
99 60 94994 1
111 73 95003 1
60 41 95005 1
65 92 95127 1
69 66 95133 0
45 39 95169 0
53 101 95179 0
63 53 95203 1
60 33 95234 1
45 31 95288 0
44 43 95326 0
79 52 95484 1
64 91 95586 1
108 68 95611 1
110 72 95626 1
69 7 95641 1
49 55 95688 0
71 51 95712 1
62 96 95760 1
85 55 95846 1
88 55 95938 1
73 67 95983 0
93 57 95999 1
64 70 96051 1
60 35 96058 1
45 34 96058 0
91 56 96060 1
35 88 96079 0
59 32 96085 1
98 60 96404 1
59 5 96425 1
66 88 96504 1
86 69 96569 0
112 77 96591 1
90 71 96675 0
63 74 96692 1
46 21 96702 0
78 51 96716 1
60 37 96739 1
56 5 96816 1
68 6 96870 1
109 70 96912 1
109 71 96943 1
87 70 97007 0
44 29 97118 0
48 99 97153 0
78 52 97209 1
64 79 97212 1
63 71 97240 1
39 80 97245 0
44 37 97283 0
59 33 97344 1
48 58 97374 0
59 30 97380 1
45 36 97393 0
94 77 97428 0
103 98 97466 0
81 52 97479 1
78 66 97592 0
90 55 97599 1
40 84 97645 0
96 75 97701 0
66 5 97742 1
92 71 97751 0
40 86 97803 0
111 74 97849 1
38 83 97923 0
49 99 97962 0
53 99 98003 0
91 72 98073 0
70 9 98094 1
73 51 98196 1
88 70 98273 0
60 28 98305 1
51 99 98341 0
56 101 98350 0
45 27 98361 0
39 85 98396 0
65 69 98397 0
77 66 98458 0
62 53 98598 1
45 33 98629 0
47 19 98648 0
41 91 98666 0
105 66 98702 1
75 66 98733 0
44 93 98760 0
66 68 98787 0
67 53 98791 1
53 100 98811 0
59 29 98901 1
40 85 99045 0
97 59 99127 1
78 68 99207 0
60 31 99234 1
63 18 99263 0
59 100 99318 0
44 23 99357 0
64 92 99370 1
91 55 99413 1
69 8 99442 1
76 51 99444 1
38 74 99544 0
88 71 99568 0
46 49 99597 0
52 102 99641 0
39 93 99653 0
100 85 99856 0
43 91 99964 0
58 5 100073 1
45 45 100165 0
100 86 100225 0
45 54 100397 0
95 98 100463 0
89 69 100465 0
46 19 100518 0
60 49 100560 1
47 55 100569 0
43 65 100674 0
64 76 100697 1
97 102 100732 0
45 40 100754 0
97 79 100803 0
39 81 100814 0
80 70 100825 0
46 22 100863 0
49 56 100881 0
51 101 101060 0
41 87 101101 0
85 75 101122 0
71 66 101134 0
45 43 101137 0
67 68 101225 0
60 26 101421 1
46 23 101460 0
60 32 101571 1
97 76 101587 0
64 53 101763 1
96 99 101909 0
112 84 101957 1
100 61 102125 1
37 7 102158 1
47 56 102231 0
88 70 102297 0
40 86 102343 0
70 66 102363 0
86 69 102630 0
46 27 102656 0
41 92 102664 0
61 52 102666 1
102 63 102676 1
58 100 102757 0
81 66 102793 0
83 69 102851 0
79 53 102883 1
73 50 102921 1
101 62 102958 1
107 70 102963 1
55 101 103155 0
93 77 103216 0
110 71 103280 1
97 60 103366 1
43 22 103405 0
101 61 103418 1
90 69 103504 0
84 67 103853 0
46 96 103941 0
38 75 103972 0
83 67 104067 0
96 81 104069 0
38 80 104179 0
51 99 104276 0
40 84 104286 0
71 9 104286 1
40 85 104335 0
68 7 104373 1
36 84 104401 0
96 97 104429 0
60 29 104460 1
40 88 104511 0
92 71 104582 0
45 27 104615 0
114 78 104683 1
96 75 104728 0
90 56 104752 1
102 62 104781 1
97 77 104826 0
46 47 104829 0
98 78 104853 0
41 89 104886 0
60 36 105016 1
57 99 105043 0
109 69 105101 1
48 58 105108 0
39 83 105208 0
49 96 105241 0
86 70 105376 0
94 75 105388 0
94 73 105742 0
99 87 105753 0
106 96 105803 0
44 93 105830 0
37 85 105861 0
65 80 105993 1
69 66 106039 0
81 53 106040 1
48 100 106150 0
80 52 106366 1
68 51 106377 1
38 83 106379 0
107 67 106396 1
100 85 106489 0
61 51 106491 1
93 71 106573 0
65 78 106772 1
76 52 106781 1
46 29 106876 0
46 27 107023 0
40 89 107091 0
50 104 107108 0
36 61 107278 0
45 40 107308 0
94 58 107338 1
92 58 107347 1
64 77 107424 1
45 93 107639 0
60 46 107728 1
87 68 107910 0
39 78 107959 0
88 70 108088 0
59 99 108136 0
40 86 108137 0
47 51 108324 0
44 32 108458 0
47 97 108539 0
43 92 108591 0
45 20 108685 0
43 97 108719 0
47 98 108751 0
87 54 108780 1
44 37 109075 0
46 46 109155 0
73 67 109172 0
61 43 109317 1
60 30 109320 1
53 101 109390 0
40 90 109439 0
48 97 109461 0
61 40 109548 1
44 42 109731 0
63 72 109856 1
46 45 109857 0
70 6 110028 1
96 76 110045 0
88 54 110076 1
66 86 110271 1
97 77 110299 0
66 4 110386 1
79 51 110534 1
59 37 110614 1
82 53 110631 1
94 73 110662 0
71 7 110706 1
65 79 110760 1
77 52 110893 1
112 81 110894 1
40 88 110968 0
64 42 111039 1
106 66 111092 1
98 78 111445 0
43 93 111457 0
40 73 111705 0
52 98 111713 0
47 47 111721 0
88 71 111724 0
99 61 111766 1
65 53 111809 1
60 45 112070 1
71 8 112320 1
39 83 112376 0
46 47 112387 0
71 12 112488 1
67 5 112630 1
57 5 112741 1
61 44 113177 1
68 52 113207 1
60 44 113273 1
112 75 113347 1
70 52 113373 1
115 76 113383 1
64 72 113400 1
112 82 113419 1
70 5 113478 1
61 24 113487 1
100 119 113496 1
112 78 113645 1
94 59 113647 1
60 42 113652 1
74 52 113679 1
111 75 113736 1
104 64 113739 1
63 4 113778 1
40 87 113800 0
112 86 114298 1
45 43 114377 0
112 80 114381 1
105 65 114413 1
112 85 114464 1
97 100 114497 0
99 60 114700 1
112 83 114708 1
44 92 114805 0
89 55 114811 1
47 56 114884 0
110 72 114924 1
99 79 114990 0
97 79 115070 0
80 65 115103 0
95 58 115113 1
46 32 115122 0
45 33 115193 0
64 75 115235 1
87 68 115249 0
92 57 115262 1
96 97 115310 0
91 56 115424 1
103 64 115541 1
75 51 115583 1
69 6 115625 1
112 79 115642 1
111 74 115667 1
83 54 115710 1
111 88 115716 1
97 59 115761 1
104 62 115889 1
98 59 115922 1
75 52 115928 1
90 70 115953 0
103 63 116024 1
110 70 116044 1
93 57 116058 1
112 76 116064 1
97 99 116065 0
107 68 116126 1
105 64 116147 1
99 100 116181 0
60 48 116220 1
94 75 116276 0
93 56 116325 1
48 97 116390 0
111 73 116393 1
108 68 116432 1
86 68 116443 0
100 60 116470 1
89 54 116471 1
46 46 116512 0
107 66 116536 1
109 69 116549 1
96 58 116584 1
94 57 116605 1
61 38 116608 1
105 68 116608 1
65 83 116611 1
112 81 116612 1
94 58 116616 1
80 51 116626 1
100 99 116638 0
93 71 116641 0
60 34 116641 1
68 88 116653 1
87 52 116655 1
101 62 116699 1
110 71 116708 1
47 51 116747 0
84 53 116794 1
60 41 116802 1
96 59 116828 1
94 73 116834 0
92 56 116848 1
66 87 116880 1
45 34 116886 0
48 54 116937 0
112 88 116957 1
92 55 116963 1
42 92 117009 0
98 77 117017 0
102 63 117018 1
53 98 117031 0
109 70 117032 1
83 53 117042 1
45 27 117129 0
100 85 117136 0
90 55 117150 1
95 97 117164 0
95 95 117173 0
80 68 117225 0
46 27 117228 0
46 45 117246 0
112 84 117251 1
94 100 117304 0
86 70 117316 0
71 65 117328 0
81 66 117344 0
97 101 117374 0
48 53 117392 0
85 68 117429 0
89 69 117456 0
60 43 117475 1
43 90 117542 0
95 99 117564 0
69 52 117586 1
112 75 117598 1
99 77 117600 0
60 38 117644 1
65 84 117652 1
95 96 117653 0
97 98 117669 0
61 50 117694 1
77 50 117695 1
105 65 117695 1
81 51 117698 1
68 5 117710 1
45 94 117736 0
99 60 117754 1
63 53 117759 1
69 5 117793 1
39 76 117794 0
70 7 117800 1
102 61 117802 1
47 30 117812 0
93 55 117857 1
82 52 117865 1
91 55 117866 1
65 82 117887 1
65 86 117944 1
72 51 117973 1
64 3 117973 1
46 37 117990 0
39 82 117997 0
77 51 118000 1
95 100 118017 0
66 53 118036 1
88 70 118038 0
90 69 118049 0
66 5 118064 1
101 61 118079 1
75 64 118085 0
96 99 118089 0
65 90 118094 1
84 67 118103 0
62 53 118190 1
61 22 118204 1
111 72 118209 1
92 71 118214 0
95 58 118217 1
49 55 118224 0
61 25 118248 1
60 4 118282 1
85 53 118291 1
52 99 118296 0
60 35 118319 1
91 56 118325 1
66 82 118343 1
54 99 118361 0
63 5 118363 1
64 76 118402 1
89 55 118410 1
47 96 118428 0
64 80 118458 1
64 71 118464 1
47 49 118501 0
112 80 118512 1
97 59 118552 1
112 73 118560 1
69 7 118581 1
95 57 118600 1
45 40 118626 0
112 78 118679 1
78 67 118686 0
86 53 118689 1
63 94 118705 1
104 97 118782 0
80 52 118808 1
41 87 118828 0
66 89 118841 1
64 73 118871 1
98 101 118873 0
83 52 118880 1
47 95 118920 0
102 62 118942 1
109 68 118976 1
38 75 118977 0
61 23 119006 1
47 52 119066 0
47 43 119105 0
59 4 119107 1
51 12 119109 0
60 50 119121 1
60 36 119121 1
83 69 119128 0
52 98 119131 0
40 72 119132 0
40 85 119132 0
62 52 119144 1
61 29 119156 1
66 52 119158 1
112 74 119188 1
59 34 119190 1
65 88 119201 1
66 84 119220 1
60 31 119233 1
103 64 119250 1
100 61 119285 1
61 49 119310 1
112 86 119344 1
61 47 119369 1
51 13 119375 0
65 81 119381 1
70 8 119447 1
84 52 119462 1
97 77 119531 0
97 100 119532 0
60 32 119547 1
64 79 119572 1
61 52 119586 1
112 82 119586 1
105 66 119598 1
112 77 119627 1
60 33 119640 1
68 6 119651 1
64 70 119654 1
81 52 119655 1
51 14 119688 0
106 66 119700 1
53 99 119726 0
104 61 119738 1
59 99 119809 0
60 45 119833 1
65 5 119858 1
91 69 119914 0
82 51 119928 1
47 47 119959 0
53 98 119992 0
65 91 119994 1
112 83 120002 1
47 33 120013 0
87 54 120043 1
87 68 120058 0
65 4 120084 1
101 60 120088 1
104 60 120091 1
108 67 120115 1
51 101 120137 0
59 30 120153 1
71 11 120180 1
49 56 120218 0
40 84 120251 0
79 66 120270 0
96 76 120286 0
65 80 120299 1
93 71 120310 0
64 77 120315 1
64 72 120333 1
99 77 120362 0
49 97 120382 0
95 94 120402 0
39 84 120406 0
44 92 120482 0
109 93 120529 1
40 88 120566 0
78 52 120566 1
45 38 120570 0
53 11 120580 0
111 70 120585 1
46 32 120596 0
58 99 120600 0
45 93 120603 0
88 54 120665 1
56 100 120697 0
112 85 120704 1
51 99 120705 0
89 70 120759 0
60 46 120792 1
80 65 120851 0
42 86 120852 0
98 78 120853 0
94 58 120853 1
60 48 120853 1
94 57 120869 1
39 83 120922 0
103 63 120929 1
109 69 120947 1
79 52 120948 1
64 52 120982 1
65 16 120997 0
60 23 121009 1
69 9 121031 1
40 87 121045 0
81 53 121048 1
60 28 121070 1
66 81 121134 1
67 4 121168 1
73 66 121185 0
93 57 121214 1
61 28 121220 1
49 99 121274 0
70 11 121282 1
111 74 121298 1
50 99 121313 0
68 4 121351 1
60 41 121351 1
111 75 121469 1
39 81 121482 0
102 99 121485 0
43 93 121502 0
67 16 121504 0
94 102 121531 0
63 53 121550 1
97 99 121580 0
40 78 121617 0
48 54 121640 0
45 25 121658 0
73 51 121663 1
61 31 121686 1
78 51 121704 1
111 73 121772 1
76 51 121845 1
65 89 121845 1
45 90 121893 0
61 51 121898 1
65 79 121902 1
65 78 121927 1
46 29 121966 0
64 75 121967 1
45 91 121972 0
60 26 121984 1
63 4 122031 1
60 29 122084 1
64 94 122094 1
48 97 122119 0
111 71 122135 1
112 87 122140 1
71 10 122170 1
66 4 122170 1
105 97 122175 0
66 83 122179 1
95 93 122195 0
49 96 122238 0
69 66 122252 0
39 80 122280 0
100 82 122351 0
65 83 122370 1
44 26 122464 0
63 19 122517 0
40 86 122572 0
41 69 122575 0
84 53 122594 1
43 90 122605 0
46 47 122612 0
46 27 122618 0
81 66 122622 0
47 95 122632 0
105 65 122633 1
61 32 122641 1
47 43 122649 0
61 4 122737 1
76 49 122749 1
57 99 122788 0
97 58 122827 1
90 69 122876 0
46 37 122899 0
61 42 122942 1
98 77 122944 0
40 73 122957 0
60 30 122974 1
111 89 123009 1
61 46 123048 1
68 53 123140 1
91 54 123176 1
89 54 123208 1
49 55 123276 0
65 67 123286 0
65 53 123343 1
46 52 123351 0
46 60 123362 0
46 23 123381 0
75 51 123401 1
99 60 123410 1
76 50 123426 1
67 53 123427 1
99 77 123462 0
96 97 123474 0
40 90 123548 0
48 53 123559 0
61 50 123631 1
104 64 123642 1
96 58 123693 1
99 78 123801 0
63 46 123806 1
82 53 123837 1
40 71 123851 0
41 87 123968 0
93 56 124025 1
62 4 124094 1
63 72 124159 1
93 72 124173 0
95 98 124208 0
48 96 124293 0
64 53 124318 1
61 34 124336 1
101 80 124345 0
47 31 124419 0
71 65 124474 0
66 80 124498 1
112 75 124504 1
59 29 124515 1
52 98 124517 0
63 52 124519 1
109 92 124520 1
43 91 124522 0
45 63 124640 0
108 68 124790 1
70 6 124804 1
91 55 124820 1
65 84 124823 1
45 28 124826 0
66 53 124861 1
49 97 124923 0
46 45 124947 0
61 22 124972 1
61 20 125028 1
39 74 125080 0
60 36 125161 1
39 78 125187 0
48 55 125240 0
65 74 125255 1
64 92 125298 1
110 71 125330 1
71 6 125387 1
67 5 125405 1
110 69 125439 1
44 42 125496 0
58 6 125508 1
79 53 125545 1
111 72 125568 1
63 49 125572 1
91 56 125577 1
46 97 125647 0
79 50 125666 1
61 37 125702 1
110 70 125716 1
66 86 125717 1
65 77 125721 1
47 51 125736 0
101 61 125761 1
69 13 125827 1
49 54 125893 0
65 52 125960 1
57 6 126031 1
71 5 126045 1
90 55 126050 1
96 75 126170 0
78 50 126180 1
69 51 126188 1
64 4 126226 1
61 24 126251 1
83 53 126292 1
64 73 126351 1
92 56 126364 1
64 71 126458 1
45 33 126469 0
62 52 126470 1
89 70 126480 0
111 86 126517 1
95 58 126535 1
49 56 126631 0
60 42 126658 1
45 91 126674 0
58 98 126722 0
100 59 126762 1
109 71 126807 1
112 81 126818 1
98 59 126906 1
61 41 126958 1
107 66 127032 1
80 69 127046 0
48 98 127119 0
38 78 127132 0
69 5 127179 1
99 59 127189 1
62 51 127192 1
102 100 127228 0
86 69 127249 0
71 9 127256 1
47 30 127259 0
47 47 127268 0
99 80 127272 0
90 70 127278 0
47 96 127303 0
82 68 127322 0
114 78 127352 1
45 26 127465 0
101 62 127465 1
48 54 127474 0
66 88 127504 1
46 22 127602 0
100 82 127703 0
70 51 127796 1
69 6 127806 1
68 5 127827 1
97 59 127835 1
91 70 127843 0
112 84 127942 1
89 55 127944 1
89 69 127957 0
61 39 128029 1
39 73 128036 0
46 61 128041 0
47 49 128082 0
99 89 128087 0
86 68 128091 0
99 78 128122 0
70 66 128180 0
66 51 128197 1
103 98 128292 0
102 62 128307 1
77 51 128361 1
105 64 128373 1
48 56 128373 0
100 60 128379 1
92 57 128390 1
69 7 128506 1
103 62 128541 1
64 95 128542 1
48 96 128586 0
40 87 128669 0
78 66 128698 0
113 78 128717 1
44 92 128729 0
99 88 128761 0
99 77 128814 0
99 100 128822 0
109 69 128829 1
93 71 128865 0
108 66 128918 1
71 51 128971 1
97 98 128997 0
66 85 129032 1
90 54 129032 1
91 69 129035 0
75 64 129120 0
59 5 129169 1
66 5 129180 1
100 86 129188 0
103 63 129195 1
64 72 129219 1
113 79 129286 1
42 86 129343 0
106 65 129346 1
94 73 129351 0
79 51 129366 1
61 23 129368 1
65 82 129370 1
80 65 129377 0
44 65 129411 0
47 46 129443 0
67 52 129457 1
112 80 129513 1
83 54 129514 1
52 100 129538 0
105 96 129547 0
87 68 129550 0
70 7 129557 1
80 52 129557 1
96 99 129571 0
62 53 129591 1
111 88 129605 1
46 32 129605 0
60 32 129635 1
112 74 129644 1
82 52 129693 1
98 77 129697 0
112 86 129755 1
61 26 129853 1
64 70 129892 1
94 57 129905 1
60 45 129944 1
85 53 130100 1
46 28 130143 0
58 100 130157 0
74 50 130193 1
90 69 130195 0
101 99 130217 0
46 46 130248 0
92 55 130291 1
95 57 130294 1
100 99 130325 0
41 70 130329 0
60 99 130334 0
47 95 130359 0
71 7 130385 1
108 67 130417 1
99 60 130419 1
84 69 130433 0
112 75 130443 1
81 52 130455 1
61 40 130471 1
43 66 130533 0
53 98 130546 0
94 56 130560 1
91 70 130564 0
113 76 130588 1
93 72 130600 0
93 70 130633 0
97 99 130653 0
41 84 130654 0
71 8 130671 1
65 86 130707 1
38 76 130716 0
88 76 130754 1
88 54 130754 1
65 76 130758 1
97 76 130760 0
80 68 130763 0
39 76 130767 0
65 75 130784 1
45 24 130813 0
94 100 130820 0
70 10 130832 1
38 81 130846 0
47 54 130890 0
49 97 130925 0
60 35 130938 1
63 96 130959 1
61 33 130962 1
61 49 130970 1
61 38 130985 1
101 80 131007 0
49 54 131026 0
47 43 131051 0
60 22 131052 1
105 65 131122 1
46 100 131155 0
43 90 131165 0
39 82 131177 0
69 52 131192 1
45 41 131202 0
45 90 131289 0
60 31 131347 1
54 99 131356 0
45 33 131358 0
85 69 131409 0
89 54 131413 1
87 54 131416 1
95 58 131416 1
97 59 131486 1
63 53 131523 1
69 4 131551 1
60 48 131555 1
65 80 131585 1
112 83 131593 1
113 80 131623 1
61 48 131628 1
47 33 131648 0
63 5 131665 1
96 57 131666 1
46 21 131694 0
111 72 131696 1
80 51 131698 1
40 85 131720 0
91 55 131735 1
83 52 131758 1
70 5 131797 1
72 8 131828 1
109 68 131868 1
112 85 131890 1
51 100 131935 0
52 99 131960 0
44 31 132060 0
48 55 132166 0
66 82 132176 1
86 53 132182 1
113 81 132182 1
65 4 132183 1
102 58 132261 1
45 93 132283 0
61 98 132348 0
93 56 132362 1
99 78 132398 0
111 73 132400 1
40 84 132418 0
84 53 132446 1
45 91 132454 0
96 58 132495 1
49 96 132501 0
101 61 132502 1
65 78 132510 1
67 65 132551 0
40 78 132591 0
61 50 132603 1
107 66 132622 1
65 79 132628 1
48 96 132637 0
70 8 132650 1
45 22 132665 0
53 99 132682 0
40 70 132698 0
47 19 132699 0
38 83 132716 0
50 98 132716 0
67 4 132741 1
48 97 132780 0
95 95 132783 0
110 69 132834 1
38 86 132854 0
61 25 132887 1
92 72 132922 0
64 52 132937 1
47 18 132945 0
63 4 132996 1
47 46 133000 0
46 62 133073 0
52 98 133074 0
81 66 133092 0
83 68 133101 0
90 54 133108 1
66 84 133142 1
71 65 133192 0
52 102 133293 0
65 90 133364 1
39 77 133378 0
104 63 133408 1
61 43 133474 1
91 70 133482 0
46 27 133516 0
49 56 133531 0
111 76 133552 1
46 50 133598 0
99 77 133627 0
84 67 133649 0
91 69 133653 0
111 71 133654 1
60 4 133658 1
89 70 133707 0
96 93 133718 0
65 83 133744 1
112 73 133772 1
99 82 133791 0
65 77 133806 1
113 83 133822 1
65 84 133836 1
80 65 133900 0
46 37 134018 0
38 73 134061 0
66 4 134129 1
95 96 134136 0
53 98 134140 0
60 33 134211 1
44 32 134217 0
76 65 134220 0
61 30 134225 1
93 70 134235 0
95 94 134248 0
46 48 134255 0
45 42 134275 0
47 48 134275 0
58 5 134280 1
96 97 134326 0
99 86 134397 0
47 40 134419 0
45 23 134422 0
42 86 134442 0
69 12 134469 1
48 54 134477 0
61 36 134576 1
101 60 134586 1
97 75 134614 0
37 30 134637 0
37 85 134637 0
39 80 134648 0
47 31 134673 0
70 12 134696 1
75 64 134772 0
64 75 134801 1
43 89 134803 0
87 69 134817 0
46 28 134846 0
46 52 134849 0
60 41 134911 1
68 15 134915 0
63 3 134929 1
93 57 134941 1
49 59 134958 0
112 78 134961 1
45 26 134968 0
105 64 134978 1
45 28 134982 0
73 50 134993 1
102 61 135046 1
66 87 135079 1
60 36 135259 1
72 51 135270 1
39 83 135323 0
61 22 135342 1
61 44 135349 1
47 61 135364 0
75 50 135411 1
65 17 135427 0
90 69 135479 0
110 70 135531 1
65 88 135553 1
41 84 135561 0
64 72 135563 1
78 68 135580 0
44 26 135696 0
48 52 135742 0
68 46 135787 1
100 82 135816 0
68 4 135817 1
92 99 135822 0
48 17 135837 0
61 35 135840 1
78 51 135840 1
61 27 135869 1
38 74 135881 0
62 51 135888 1
68 52 135888 1
63 51 135892 1
126 57 135897 1
90 72 135943 0
69 65 135957 0
87 68 135960 0
109 69 136046 1
58 98 136089 0
92 77 136097 0
103 63 136125 1
77 50 136167 1
61 90 136250 1
61 49 136250 1
77 65 136321 0
113 74 136405 1
48 49 136456 0
45 29 136464 0
61 42 136469 1
97 78 136477 0
62 52 136571 1
75 52 136601 1
60 29 136648 1
61 45 136655 1
99 59 136662 1
46 29 136695 0
49 100 136703 0
64 71 136735 1
49 55 136760 0
76 51 136818 1
66 81 136882 1
60 30 136890 1
94 75 136890 0
64 73 136901 1
39 72 136904 0
61 24 136912 1
85 68 136915 0
47 47 136918 0
47 53 136926 0
37 78 136940 0
47 40 137023 0
50 98 137049 0
46 53 137118 0
63 52 137160 1
45 90 137206 0
47 95 137207 0
66 53 137247 1
51 98 137312 0
39 81 137321 0
60 45 137350 1
47 46 137397 0
94 57 137418 1
102 62 137418 1
43 93 137499 0
75 51 137538 1
62 50 137581 1
49 54 137597 0
107 65 137723 1
76 65 137765 0
61 40 137770 1
47 43 137771 0
66 89 137814 1
97 75 137821 0
60 46 137847 1
74 48 137912 1
49 97 137968 0
72 50 137996 1
61 29 138044 1
78 67 138048 0
97 100 138164 0
69 5 138168 1
61 31 138447 1
100 83 138476 0
93 72 138494 0
47 48 138505 0
61 4 138515 1
89 72 138592 0
81 51 138625 1
40 79 138660 0
58 99 138697 0
40 73 138712 0
43 89 138716 0
59 99 138728 0
95 57 138763 1
62 23 138901 1
93 55 138954 1
91 70 139014 0
103 64 139051 1
71 50 139148 1
80 52 139194 1
69 65 139254 0
99 78 139276 0
61 23 139393 1
65 92 139419 1
112 75 139442 1
71 11 139603 1
42 67 139607 0
113 82 139607 1
71 6 139622 1
67 66 139684 0
63 95 139777 1
73 51 139794 1
59 4 139823 1
94 58 139859 1
65 80 139859 1
85 52 139879 1
84 52 139970 1
71 13 139972 1
85 53 140043 1
39 77 140066 0
61 39 140080 1
45 33 140085 0
45 91 140163 0
40 82 140194 0
98 59 140208 1
101 80 140225 0
89 69 140237 0
113 77 140256 1
65 81 140267 1
83 53 140328 1
95 58 140383 1
61 38 140392 1
61 28 140395 1
82 68 140546 0
77 65 140599 0
65 89 140678 1
48 52 140703 0
68 5 140729 1
48 96 140778 0
81 52 140814 1
112 74 140821 1
70 6 140844 1
97 75 140894 0
95 74 141000 0
39 75 141054 0
40 75 141064 0
97 58 141165 1
66 52 141280 1
48 55 141285 0
47 40 141304 0
65 53 141343 1
109 68 141347 1
61 50 141353 1
51 98 141385 0
62 20 141388 1
48 49 141418 0
101 99 141490 0
85 67 141503 0
61 47 141528 1
95 97 141610 0
41 93 141696 0
93 71 141732 0
41 87 141949 0
37 79 141992 0
66 83 142014 1
92 72 142099 0
47 49 142146 0
92 55 142161 1
47 33 142178 0
76 65 142206 0
93 70 142251 0
46 28 142252 0
87 69 142259 0
104 98 142283 0
46 48 142289 0
97 98 142314 0
57 99 142334 0
50 15 142338 0
83 67 142473 0
44 64 142475 0
93 74 142479 0
36 85 142509 0
68 67 142538 0
77 68 142624 0
46 94 142647 0
47 96 142700 0
41 85 142701 0
99 60 142746 1
60 32 142748 1
41 39 142785 0
40 87 142810 1
40 79 142810 0
45 95 142829 0
100 84 142850 0
111 72 142857 1
44 37 142874 0
100 100 142894 0
46 45 143001 0
50 98 143062 0
68 68 143064 0
69 65 143075 0
91 55 143147 1
40 72 143170 0
40 90 143196 0
61 32 143206 1
39 71 143215 0
43 29 143243 0
40 87 143313 0
97 77 143321 0
55 98 143335 0
48 58 143359 0
45 94 143386 0
97 95 143424 0
42 90 143447 0
77 51 143556 1
96 103 143570 0
107 64 143599 1
46 23 143813 0
43 89 143931 0
47 48 144042 0
96 58 144071 1
46 41 144094 0
79 65 144112 0
49 56 144129 0
101 100 144146 0
66 16 144155 0
59 44 144186 1
86 66 144247 0
51 14 144266 0
81 70 144292 0
47 57 144309 0
40 82 144420 0
62 3 144461 1
47 23 144478 0
47 46 144737 0
42 86 144776 0
108 67 144803 1
97 75 144880 0
46 50 144885 0
109 67 145000 1
85 67 145045 0
61 37 145148 1
71 10 145207 1
86 53 145222 1
106 64 145325 1
80 68 145345 0
64 70 145369 1
104 97 145427 0
49 96 145471 0
64 48 145596 1
39 78 145603 0
112 88 145717 1
41 85 146100 0
46 24 146126 0
67 66 146287 0
61 41 146375 1
48 53 146395 0
46 94 146565 0
51 104 146649 0
39 85 146661 0
46 18 146687 0
61 26 146714 1
91 56 146760 1
53 12 146840 0
95 75 146941 0
45 33 147128 0
40 78 147137 0
51 98 147152 0
37 74 147160 0
96 100 147242 0
80 65 147243 0
52 98 147334 0
46 32 147359 0
55 98 147396 0
40 75 147408 0
35 81 147435 0
77 66 147491 0
39 75 147508 0
79 65 147534 0
91 100 147756 0
101 61 147792 1
82 52 147812 1
44 45 147920 0
79 51 148093 1
96 102 148363 0
97 99 148367 0
94 100 148398 0
100 83 148426 0
66 66 148504 0
67 3 148528 1
69 7 148679 1
88 54 148735 1
47 20 148769 0
40 79 148852 0
45 23 148897 0
112 86 148902 1
70 5 148950 1
45 51 149030 0
48 52 149047 0
65 76 149142 1
63 53 149239 1
62 4 149313 1
95 74 149327 0
89 76 149348 0
45 26 149348 0
93 80 149397 0
45 30 149457 0
47 51 149504 0
46 96 149505 0
38 85 149641 0
85 67 149682 0
66 5 149804 1
108 66 149809 1
45 97 149832 0
41 85 149863 0
67 81 149879 1
98 77 150006 0
44 42 150121 0
65 91 150167 1
51 99 150271 0
84 53 150348 1
42 88 150434 0
46 41 150439 0
80 67 150527 0
71 9 150527 1
61 20 150705 1
74 66 150747 0
39 84 150870 0
47 23 150903 0
35 60 151077 0
46 94 151191 0
94 55 151262 1
49 11 151355 0
45 27 151357 0
47 52 151382 0
46 38 151408 0
40 74 151462 0
65 4 151539 1
46 40 151667 0
92 72 151668 0
82 66 151705 0
79 65 151837 0
87 69 151905 0
61 3 151922 1
45 50 152032 0
100 100 152158 0
65 75 152192 1
46 52 152224 0
64 3 152278 1
77 65 152305 0
46 24 152367 0
92 70 152448 0
75 65 152478 0
40 81 152620 0
46 48 152625 0
40 88 152859 0
46 53 152867 0
37 87 152878 0
76 66 152891 0
65 79 152944 1
100 84 153032 0
89 53 153062 1
69 65 153262 0
44 50 153322 0
88 53 153455 1
104 63 153630 1
107 66 153642 1
113 75 153711 1
61 34 153815 1
56 98 153843 0
102 60 153883 1
40 82 153898 0
91 69 153998 0
93 72 154026 0
110 69 154059 1
44 31 154063 0
94 56 154096 1
93 78 154318 0
93 56 154326 1
112 73 154385 1
89 54 154457 1
44 26 154500 0
73 67 154501 0
94 96 154595 0
105 64 154637 1
100 101 154653 0
111 71 154676 1
90 54 154765 1
101 80 154775 0
91 71 154785 0
113 80 154808 1
87 53 154846 1
113 79 154874 1
95 99 154886 0
61 48 154979 1
113 78 155039 1
97 75 155120 0
52 10 155207 0
50 98 155279 0
78 50 155296 1
92 70 155324 0
93 70 155332 0
100 99 155349 0
47 39 155387 0
100 59 155429 1
65 78 155429 1
42 100 155453 0
103 62 155465 1
76 65 155482 0
82 66 155519 0
42 88 155552 0
99 77 155601 0
59 101 155707 0
99 59 155735 1
44 24 155784 0
43 44 155789 0
83 52 155795 1
85 67 155818 0
101 60 155819 1
46 25 155833 0
68 66 155868 0
98 58 155892 1
41 88 155904 0
66 66 155951 0
96 57 155954 1
102 61 156039 1
83 51 156069 1
65 52 156086 1
71 65 156094 0
60 31 156111 1
76 50 156172 1
109 68 156175 1
98 74 156190 0
96 97 156222 0
96 74 156252 0
71 7 156320 1
69 69 156325 0
61 43 156340 1
47 24 156349 0
113 81 156429 1
65 86 156458 1
64 52 156493 1
91 54 156542 1
101 59 156559 1
66 86 156560 1
95 56 156597 1
74 50 156606 1
90 54 156610 1
97 57 156618 1
89 54 156626 1
80 51 156631 1
97 59 156654 1
66 80 156654 1
67 65 156665 0
66 88 156684 1
79 50 156713 1
91 70 156731 0
90 69 156733 0
83 70 156770 0
67 85 156778 1
62 51 156780 1
61 46 156791 1
111 89 156806 1
42 43 156811 0
95 57 156851 1
67 4 156860 1
52 11 156880 0
86 66 156880 0
113 84 156916 1
66 82 156939 1
61 49 156947 1
39 75 156976 0
66 4 156993 1
113 76 156998 1
70 7 157010 1
75 64 157076 0
45 90 157078 0
53 10 157087 0
110 68 157091 1
65 74 157097 1
75 65 157125 0
61 33 157145 1
96 100 157170 0
46 38 157189 0
107 65 157193 1
104 62 157207 1
65 77 157207 1
110 69 157211 1
91 69 157241 0
101 80 157250 0
107 66 157251 1
46 40 157267 0
63 4 157273 1
82 51 157282 1
67 51 157333 1
110 28 157336 1
65 73 157347 1
93 56 157367 1
65 70 157405 1
113 82 157407 1
47 20 157411 0
97 98 157412 0
113 80 157477 1
77 49 157489 1
66 84 157493 1
65 72 157496 1
45 33 157505 0
67 66 157525 0
41 84 157531 0
66 90 157533 1
93 55 157555 1
86 53 157593 1
62 49 157593 1
47 40 157613 0
72 72 157624 0
72 9 157624 1
61 40 157647 1
69 52 157671 1
61 25 157690 1
111 71 157718 1
53 98 157726 0
66 22 157740 1
66 78 157740 1
61 42 157747 1
106 64 157756 1
103 81 157790 0
103 62 157790 1
47 30 157804 0
48 94 157819 0
71 8 157825 1
111 70 157834 1
84 53 157848 1
69 5 157850 1
107 62 157932 1
47 48 157933 0
96 58 157966 1
69 4 158000 1
95 98 158003 0
80 50 158017 1
48 49 158026 0
92 70 158037 0
64 72 158053 1
61 38 158095 1
61 35 158097 1
93 70 158099 0
71 12 158100 1
39 76 158114 0
97 58 158129 1
63 52 158147 1
41 85 158160 0
115 77 158184 1
82 52 158200 1
68 4 158224 1
75 44 158245 1
113 77 158267 1
66 79 158271 1
112 73 158280 1
86 52 158299 1
55 98 158310 0
105 64 158319 1
47 31 158332 0
45 64 158370 0
108 66 158387 1
61 37 158441 1
65 68 158449 1
49 56 158466 0
99 100 158471 0
46 41 158478 0
98 74 158534 0
47 33 158537 0
79 65 158547 0
61 44 158551 1
56 98 158565 0
65 88 158627 1
40 74 158647 0
85 66 158665 0
85 53 158676 1
95 74 158688 0
111 74 158756 1
39 77 158830 0
113 83 158833 1
61 23 158850 1
86 68 158859 0
67 52 158863 1
83 52 158868 1
65 76 158870 1
65 78 158889 1
88 78 158900 0
66 91 158910 1
42 86 158917 0
39 74 158982 0
62 39 159004 1
75 50 159009 1
109 49 159058 1
109 67 159058 1
91 55 159075 1
61 39 159157 1
47 39 159180 0
61 29 159190 1
113 79 159199 1
61 24 159213 1
69 65 159243 0
61 36 159244 1
63 3 159265 1
105 63 159276 1
46 34 159297 0
90 54 159302 1
66 81 159355 1
94 57 159363 1
62 36 159382 1
45 91 159395 0
104 63 159400 1
62 51 159425 1
47 60 159433 0
50 97 159449 0
97 93 159478 0
57 100 159491 0
62 50 159542 1
65 83 159542 1
61 27 159557 1
80 65 159582 0
65 79 159616 1
77 50 159623 1
70 8 159671 1
61 45 159674 1
97 95 159681 0
87 68 159708 0
47 95 159712 0
47 24 159745 0
94 56 159756 1
82 66 159797 0
86 66 159807 0
49 54 159858 0
61 26 159861 1
46 22 159875 0
46 24 159885 0
74 49 159906 1
66 53 159941 1
75 49 159972 1
90 53 159991 1
62 21 159991 1
72 64 160000 0
60 4 160009 1
65 75 160052 1
96 57 160069 1
84 52 160087 1
65 93 160102 1
75 51 160107 1
119 55 160116 1
112 86 160218 1
68 3 160256 1
101 100 160262 0
110 92 160266 1
58 98 160287 0
81 51 160290 1
64 52 160294 1
65 77 160297 1
64 94 160306 1
71 48 160318 1
65 74 160325 1
109 68 160334 1
121 14 160340 1
43 89 160367 0
89 54 160380 1
61 47 160400 1
61 32 160416 1
114 78 160420 1
54 98 160422 0
85 45 160431 1
62 30 160461 1
62 41 160488 1
72 7 160488 1
47 43 160534 0
91 54 160537 1
60 31 160543 1
101 60 160585 1
49 52 160593 0
61 48 160661 1
66 80 160674 1
47 23 160718 0
71 51 160752 1
65 80 160753 1
49 96 160770 0
102 61 160783 1
113 86 160787 1
45 90 160788 0
47 62 160789 0
71 6 160795 1
51 13 160801 0
70 51 160818 1
61 31 160857 1
70 5 160877 1
65 84 160882 1
113 75 160927 1
65 52 160936 1
69 51 160961 1
46 25 160979 0
40 84 161048 0
64 3 161076 1
61 28 161105 1
100 100 161152 0
82 50 161199 1
93 56 161207 1
102 60 161215 1
79 50 161221 1
113 78 161249 1
94 97 161305 0
61 97 161353 0
71 5 161358 1
85 66 161361 0
61 30 161364 1
95 57 161380 1
67 4 161392 1
98 74 161401 0
102 99 161446 0
56 6 161448 1
67 66 161484 1
67 83 161484 1
81 52 161484 1
98 100 161532 0
88 70 161551 0
110 67 161565 1
75 64 161591 0
85 52 161614 1
48 94 161632 0
48 96 161635 0
40 75 161643 0
67 92 161664 1
103 60 161677 1
99 58 161689 1
103 62 161690 1
61 43 161700 1
69 88 161723 1
54 99 161793 0
87 53 161803 1
47 50 161820 0
40 78 161833 0
42 88 161843 0
61 38 161876 1
104 62 161878 1
43 66 161910 0
64 51 161915 1
78 50 161943 1
96 74 161944 0
46 94 161947 0
65 72 161959 1
73 50 161975 1
61 40 161976 1
61 42 161993 1
62 20 162005 1
66 87 162060 1
59 3 162070 1
81 50 162104 1
101 80 162125 0
63 51 162156 1
47 93 162190 0
89 59 162194 1
89 53 162194 1
111 88 162284 1
100 59 162310 1
93 55 162379 1
75 65 162430 0
45 33 162441 0
88 53 162446 1
40 79 162465 0
47 40 162493 0
92 70 162547 0
110 68 162581 1
66 4 162589 1
40 81 162674 0
41 84 162674 0
111 71 162678 1
94 55 162679 1
49 55 162702 0
103 98 162719 0
72 11 162720 1
110 69 162721 1
74 66 162753 0
97 57 162777 1
67 87 162788 1
47 30 162814 0
106 64 162826 1
93 54 162843 1
61 33 162862 1
72 64 162978 0
68 4 162988 1
62 47 163053 1
61 46 163057 1
50 97 163122 0
65 90 163167 1
103 61 163205 1
112 71 163242 1
86 53 163254 1
113 74 163369 1
47 24 163413 0
47 39 163427 0
111 70 163447 1
107 65 163453 1
61 37 163467 1
84 49 163479 1
65 70 163483 1
61 41 163545 1
70 87 163546 1
72 51 163553 1
98 76 163647 0
74 48 163701 1
113 80 163734 1
46 40 163748 0
61 35 163762 1
66 82 163773 1
113 81 163829 1
41 79 163842 0
49 52 163883 0
40 82 163897 0
61 4 163948 1
70 6 163995 1
96 56 164024 1
56 98 164028 0
54 98 164084 0
65 76 164147 1
63 50 164194 1
46 38 164202 0
70 50 164214 1
71 82 164219 1
100 99 164232 0
85 66 164239 0
112 88 164276 1
65 78 164321 1
68 52 164325 1
76 50 164357 1
93 70 164456 0
62 24 164483 1
113 76 164488 1
49 56 164500 0
66 89 164508 1
66 84 164521 1
90 72 164553 0
96 93 164560 0
61 34 164578 1
47 46 164589 0
80 51 164612 1
71 7 164638 1
101 61 164707 1
95 58 164719 1
71 64 164720 0
63 4 164771 1
82 52 164903 1
68 66 164907 0
101 99 164951 0
100 81 164962 0
69 5 165068 1
62 51 165114 1
47 93 165150 0
99 59 165197 1
48 54 165242 0
65 49 165257 1
42 86 165342 0
49 97 165344 0
61 29 165459 1
48 49 165478 0
63 47 165490 1
53 98 165515 0
89 70 165519 0
39 82 165546 0
70 11 165564 1
108 66 165597 1
112 74 165609 1
62 50 165617 1
62 49 165624 1
62 38 165627 1
47 47 165758 0
61 22 165803 1
61 44 165831 1
71 65 165860 0
41 85 165864 0
61 49 165890 1
46 37 165905 0
65 75 165906 1
99 99 166033 0
86 66 166057 0
67 65 166125 0
97 73 166157 0
67 84 166315 1
82 51 166326 1
41 76 166331 0
84 51 166340 1
46 25 166365 0
62 23 166445 1
47 38 166451 0
62 3 166475 1
47 33 166491 0
40 51 166525 1
40 74 166525 0
107 66 166539 1
46 34 166566 0
67 3 166615 1
85 51 166648 1
98 58 166695 1
47 20 166741 0
92 72 166754 0
44 92 166764 0
47 41 166934 0
83 52 167050 1
48 57 167110 0
69 65 167215 0
46 43 167315 0
98 74 167435 0
40 73 167471 0
112 73 167478 1
41 69 167505 0
47 94 167546 0
54 98 167579 0
49 52 167626 0
46 28 167641 0
40 71 167741 0
65 73 167833 1
47 19 167838 0
50 97 167859 0
90 54 167872 1
100 88 167881 0
110 91 167915 1
52 98 167975 0
97 58 167987 1
45 33 167997 0
85 66 168012 0
72 64 168039 0
43 90 168044 0
54 97 168058 0
59 5 168079 1
38 84 168113 0
48 32 168202 0
51 98 168274 0
67 81 168285 1
105 64 168288 1
97 97 168366 0
45 58 168368 0
113 82 168408 1
96 97 168594 0
45 28 168636 0
48 55 168738 0
113 77 168813 1
68 51 168874 1
69 52 168881 1
40 86 168888 0
41 88 168907 0
97 73 168966 0
61 47 168966 1
97 99 168978 0
113 79 168979 1
112 87 168981 1
44 96 169001 0
82 66 169136 0
95 89 169140 0
68 41 169226 1
61 39 169232 1
41 73 169255 0
61 25 169280 1
98 76 169293 0
41 66 169318 0
71 64 169362 0
59 97 169394 0
48 19 169441 0
95 79 169482 0
47 31 169497 0
84 53 169575 1
91 69 169609 0
65 69 169611 1
90 73 169762 0
66 52 169774 1
86 71 169805 0
47 38 169843 0
50 55 169849 0
39 81 169854 0
96 74 169877 0
47 50 169881 0
96 98 169884 0
94 56 169917 1
65 3 169938 1
46 27 169958 0
94 71 170026 0
42 87 170033 0
111 68 170064 1
39 75 170086 0
66 86 170089 1
98 100 170093 0
61 23 170123 1
51 97 170154 0
65 74 170213 1
39 80 170315 0
48 52 170356 0
36 86 170406 0
48 94 170415 0
64 17 170511 0
44 93 170520 0
63 3 170554 1
47 41 170577 0
97 74 170582 0
99 99 170605 0
39 73 170658 0
36 79 170700 0
61 45 170727 1
104 97 170753 0
103 99 170805 0
107 64 170823 1
72 8 170839 1
45 91 170845 0
75 65 170870 0
72 50 170899 1
96 96 170927 0
54 97 170958 0
80 69 171002 0
57 99 171019 0
47 94 171020 0
55 98 171028 0
39 78 171033 0
73 65 171073 0
45 90 171077 0
109 67 171081 1
97 98 171118 0
47 93 171152 0
65 71 171157 1
86 72 171164 0
69 4 171198 1
91 54 171279 1
45 33 171290 0
40 81 171292 0
75 68 171377 0
57 108 171384 0
113 85 171497 1
96 76 171513 0
61 48 171521 1
61 24 171543 1
101 80 171556 0
55 100 171591 0
100 78 171601 0
54 98 171627 0
75 50 171645 1
45 96 171694 0
74 50 171763 1
96 100 171787 0
71 10 171860 1
33 98 171861 0
43 65 172099 0
45 32 172171 0
86 67 172195 0
24 80 172202 0
92 71 172225 0
45 50 172225 0
43 67 172262 0
97 73 172392 0
100 87 172419 0
47 24 172427 0
41 70 172427 0
90 69 172474 0
92 74 172744 0
46 50 172935 0
66 79 172975 1
46 40 173043 0
49 56 173075 0
46 35 173085 0
50 55 173089 0
96 57 173104 1
51 97 173125 0
105 97 173181 0
100 83 173280 0
47 59 173291 0
42 88 173315 0
53 11 173357 0
77 65 173376 0
86 66 173512 0
63 52 173556 1
45 25 173598 0
97 95 173603 0
98 89 173616 0
47 38 173624 0
47 39 173637 0
39 91 173661 0
69 3 173702 1
37 86 173704 0
47 40 173719 0
71 9 173776 1
94 71 173818 0
53 104 173821 0
97 97 173823 0
47 28 173833 0
96 99 173850 0
47 23 173963 0
46 51 174014 0
113 84 174093 1
42 87 174129 0
60 98 174156 0
105 96 174161 0
44 65 174164 0
73 51 174184 1
49 52 174199 0
102 61 174212 1
37 75 174213 0
35 75 174237 0
42 66 174239 0
65 52 174246 1
97 74 174286 0
41 83 174397 0
84 52 174454 1
105 63 174457 1
51 10 174477 0
66 78 174503 1
69 66 174538 0
46 17 174611 0
44 88 174639 0
47 41 174824 0
87 70 174879 0
95 56 174884 1
45 21 174896 0
100 81 174982 0
42 31 174989 0
66 81 174990 1
67 86 175018 1
48 103 175037 0
47 27 175097 0
46 34 175098 0
65 16 175193 0
100 78 175196 0
71 4 175203 1
82 65 175216 0
91 76 175236 0
46 24 175246 0
61 40 175347 1
44 91 175393 0
45 93 175398 0
45 35 175541 0
47 94 175544 0
71 8 175578 1
50 13 175637 0
59 98 175643 0
100 88 175680 0
86 52 175721 1
37 81 175787 0
73 68 175809 0
95 94 175809 0
54 97 175853 0
45 89 175887 0
64 52 175908 1
61 3 175985 1
61 98 175994 0
71 6 176115 1
66 88 176173 1
61 38 176205 1
48 95 176229 0
38 79 176229 0
96 98 176232 0
46 25 176256 0
49 96 176264 0
36 51 176286 0
98 76 176287 0
73 65 176309 0
72 66 176328 0
86 67 176337 0
46 41 176348 0
50 10 176357 0
101 60 176397 1
92 70 176477 0
46 23 176557 0
61 43 176660 1
100 84 176681 0
100 100 176706 0
113 78 176959 1
98 74 176983 0
51 97 177057 0
41 73 177064 0
106 64 177102 1
61 26 177174 1
65 79 177179 1
94 71 177222 0
96 96 177261 0
65 67 177334 1
99 76 177373 0
48 19 177439 0
62 21 177571 1
65 77 177580 1
61 31 177591 1
37 84 177647 0
47 50 177671 0
46 43 177743 0
97 74 177744 0
50 97 177757 0
50 55 177940 0
100 80 177957 0
113 83 178038 1
44 88 178072 0
44 16 178076 0
85 67 178137 0
58 4 178184 1
62 25 178224 1
47 28 178242 0
46 20 178245 0
82 65 178271 0
72 10 178328 1
41 83 178622 0
100 78 178754 0
38 75 178767 0
36 83 178827 0
40 77 178857 0
47 27 178862 0
96 95 179100 0
67 85 179113 1
102 60 179152 1
44 35 179318 0
37 82 179318 0
67 90 179388 1
42 87 179410 0
88 53 179426 1
40 75 179493 0
61 32 179910 1
37 73 179957 0
79 65 180027 0
65 92 180042 1
70 4 180109 1
42 86 180127 0
45 89 180539 0
66 80 180545 1
61 27 180567 1
99 99 180683 0
92 80 180754 0
101 81 180762 0
64 3 180800 1
48 95 180969 0
67 80 180990 1
86 67 180995 0
95 73 181117 0
94 97 181128 0
32 88 181216 0
111 69 181248 1
65 72 181326 1
99 76 181358 0
65 68 181400 1
100 87 181460 0
40 78 181549 0
45 33 181567 0
83 65 181599 0
46 35 181628 0
45 53 181753 0
94 71 182046 0
82 65 182123 0
83 51 182218 1
47 41 182362 0
96 72 182503 0
87 69 182694 0
62 48 182715 1
100 76 182725 0
98 100 182755 0
68 85 182757 1
46 91 182862 0
97 74 183145 0
71 66 183257 0
57 98 183371 0
66 3 183414 1
109 68 183481 1
61 36 183505 1
100 78 183532 0
71 67 183534 0
97 73 183574 0
100 58 183613 1
59 98 183666 0
111 70 183698 1
107 65 183806 1
44 66 184001 0
42 26 184006 0
103 62 184092 1
75 64 184113 0
67 4 184186 1
99 79 184203 0
44 91 184225 0
47 28 184268 0
73 65 184299 0
88 68 184357 0
47 27 184377 0
83 65 184608 0
101 83 184683 0
47 32 184693 0
48 59 184732 0
85 66 184743 0
40 79 184821 0
68 66 184859 0
62 42 184866 1
40 85 184961 0
87 53 185023 1
54 98 185092 0
44 88 185101 0
47 25 185159 0
101 82 185275 0
88 66 185334 0
60 98 185522 0
100 76 185597 0
100 80 185604 0
40 77 185630 0
96 95 185781 0
49 56 185833 0
81 51 185886 1
101 81 185947 0
95 55 185961 1
47 94 186226 0
46 91 186347 0
96 72 186383 0
48 47 186502 0
95 72 186628 0
99 76 186701 0
74 66 186718 0
100 59 186739 1
62 46 186851 1
97 93 186856 0
46 38 186981 0
104 62 186983 1
62 50 187037 1
43 86 187056 0
93 56 187125 1
59 4 187219 1
70 7 187486 1
61 33 187526 1
41 83 187533 0
100 102 187551 0
70 5 187616 1
63 51 187668 1
41 77 187695 0
65 51 187739 1
46 53 187776 0
83 65 188205 0
51 97 188331 0
45 33 188457 0
108 65 188658 1
38 77 188713 0
40 83 188846 0
76 49 188924 1
100 76 188992 0
93 55 189067 1
87 52 189093 1
58 5 189120 1
110 68 189294 1
77 50 189355 1
80 50 189383 1
86 53 189419 1
52 14 189528 0
72 65 189776 0
90 67 189782 0
68 4 189823 1
88 68 189981 0
83 66 189995 0
47 25 190020 0
86 67 190086 0
61 35 190230 1
71 11 190370 1
49 47 190423 0
62 40 190476 1
61 46 190521 1
95 73 190640 0
101 83 190641 0
47 32 191113 0
57 98 191230 0
46 43 191270 0
101 82 191301 0
96 72 191563 0
76 69 191615 0
113 73 191809 1
85 52 191863 1
99 58 191877 1
95 72 192024 0
90 75 192051 0
48 47 192082 0
47 35 192115 0
48 95 192749 0
42 87 192801 0
43 86 192895 0
94 55 192901 1
61 30 192941 1
103 61 193203 1
46 91 193315 0
82 67 193330 0
61 42 193723 1
47 45 194107 0
72 66 194455 0
98 78 194563 0
100 80 194587 0
1 48 194672 1
106 96 194724 0
106 55 194771 1
101 81 195006 0
68 82 195289 1
96 98 195339 0
100 76 195558 0
91 77 195764 0
72 6 195789 1
89 53 195822 1
69 5 195833 1
82 65 195925 0
83 65 195950 0
71 64 195971 0
106 95 195978 0
100 78 195996 0
71 50 196027 1
35 85 196075 0
39 89 196186 0
98 91 196225 1
46 39 196234 0
72 64 196270 0
57 5 196439 1
90 54 196501 1
58 98 196538 0
59 97 196582 0
90 53 196614 1
69 13 196637 0
61 96 196711 0
68 3 196739 1
112 88 196835 0
78 50 196836 1
83 66 196860 0
47 29 196947 0
47 25 196952 0
69 65 197044 0
58 97 197070 0
83 52 197094 1
56 98 197099 0
45 33 197163 0
60 4 197194 1
79 49 197199 1
56 7 197239 1
66 4 197248 1
62 96 197273 0
68 2 197341 1
89 5 197356 1
97 57 197400 1
77 49 197425 1
79 50 197482 1
66 66 197491 0
67 65 197588 0
66 51 197611 1
59 98 197638 0
57 6 197638 1
66 50 197641 1
73 50 197669 1
38 79 197778 0
40 83 197804 0
72 65 197805 0
62 97 197836 0
69 51 198111 1
68 13 198131 0
70 51 198134 1
65 15 198151 0
63 3 198153 1
103 98 198174 0
46 31 198265 0
57 4 198275 1
82 52 198389 1
88 68 198404 0
67 51 198409 1
49 56 198418 1
43 87 198419 0
67 50 198466 1
96 57 198572 1
109 92 198586 0
91 53 198597 1
63 18 198612 0
113 83 198638 0
101 58 198665 1
62 3 198711 1
74 49 198736 1
76 50 198737 1
54 97 198760 0
64 2 198767 1
100 99 198880 0
41 86 198901 0
69 50 198913 1
47 26 198921 0
93 70 199131 0
65 16 199242 0
69 13 199287 0
107 95 199304 0
72 49 199330 1
61 97 199331 0
63 96 199336 0
94 71 199349 0
68 14 199389 0
60 3 199390 1
61 42 199408 0
91 54 199483 1
104 97 199506 0
75 64 199517 0
64 52 199519 1
89 69 199605 0
113 80 199616 0
53 11 199626 1
66 16 199664 0
64 17 199760 0
63 2 199787 1
49 56 199805 1
42 41 199827 0
98 90 199864 1
111 90 199877 0
71 51 199917 1
71 64 199933 0
0 0 200010 0
