107 63 0 1
91 39 80 1
55 39 81 1
107 72 137 1
58 59 154 1
85 36 197 1
56 90 213 1
74 35 236 1
95 43 317 1
26 89 446 0
82 36 585 1
57 86 614 1
26 67 675 0
52 37 692 1
36 36 744 0
42 29 789 1
90 56 811 0
107 65 984 1
44 73 987 0
89 39 992 1
37 52 1174 1
99 47 1408 1
107 75 1675 1
37 43 1690 0
59 69 1716 1
59 70 1728 1
78 50 1861 0
74 50 2000 0
96 43 2087 1
57 37 2132 1
79 35 2135 1
50 34 2187 1
23 75 2230 0
57 88 2268 1
22 85 2294 0
49 33 2392 1
95 42 2609 1
45 29 2716 1
79 36 2794 1
57 79 2818 1
44 75 2958 0
44 78 3052 0
93 74 3280 0
90 56 3469 0
55 91 3569 1
47 29 3785 1
41 29 3812 1
25 87 3814 0
106 79 3940 1
107 77 3976 1
80 51 4041 0
34 53 4142 1
94 69 4248 0
86 53 4322 0
44 29 4407 1
93 65 4502 0
82 99 4516 0
28 91 4533 0
91 59 4536 0
75 50 4551 0
59 62 4669 1
23 78 4766 0
57 80 4825 1
59 67 4834 1
105 57 4835 1
101 52 4948 1
56 91 4955 1
32 96 5091 0
31 94 5152 0
56 38 5254 1
48 32 5376 1
55 92 5535 1
40 101 5729 0
105 59 5807 1
90 57 5900 0
89 55 5982 0
58 80 5991 1
75 49 6064 0
71 35 6175 1
88 55 6187 0
79 51 6601 0
90 56 6643 0
78 35 6810 1
105 58 6895 1
43 67 6928 0
61 35 7169 1
35 39 7193 0
38 98 7272 0
50 33 7489 1
108 57 7569 0
90 37 7650 1
92 58 7700 0
107 70 7831 1
40 80 7842 1
107 73 7911 1
92 40 7963 1
47 30 8006 1
82 35 8007 1
107 71 8025 1
93 78 8059 0
94 69 8106 0
30 93 8239 0
85 100 8277 0
84 52 8281 0
91 56 8307 0
61 37 8533 1
98 46 8540 1
102 52 8573 1
92 63 8597 0
84 99 8654 0
91 59 8703 0
22 78 8803 0
80 51 8854 0
54 38 8928 1
93 40 9016 1
31 98 9033 0
90 101 9069 0
90 39 9100 1
100 48 9147 1
93 73 9151 0
28 91 9224 0
89 54 9254 0
107 67 9263 1
88 56 9350 0
87 36 9453 1
83 98 9462 0
77 52 9463 0
21 75 9558 0
106 61 9569 1
93 65 9582 0
31 95 9609 0
101 49 9676 1
36 99 9677 0
83 51 9722 0
94 65 9728 0
32 96 9747 0
86 36 9797 1
89 37 9799 1
88 102 9837 0
107 62 9852 1
22 82 9852 0
91 38 9854 1
81 36 9881 1
27 91 9950 0
81 35 9963 1
76 50 9970 0
90 38 10102 1
67 35 10224 1
94 41 10268 1
106 77 10323 1
47 31 10323 1
88 37 10443 1
106 60 10453 1
88 36 10460 1
99 48 10489 1
97 44 10492 1
94 74 10505 0
35 97 10678 0
102 51 10729 1
73 35 10751 1
50 35 10769 1
90 56 10789 0
107 66 10798 1
58 73 10818 1
28 92 10820 0
38 77 10850 1
75 49 10855 0
107 64 10916 1
91 100 10923 0
28 64 10990 0
88 55 11101 0
93 64 11111 0
39 46 11113 0
86 100 11196 0
31 94 11218 0
44 77 11305 0
52 38 11331 1
74 34 11358 1
62 35 11365 1
63 36 11371 1
81 51 11404 0
74 50 11484 0
94 67 11494 0
67 51 11580 0
44 74 11585 0
79 51 11601 0
57 83 11609 1
93 61 11617 0
75 50 11633 0
91 39 11650 1
100 47 11655 1
85 101 11721 0
94 69 11749 0
93 75 11829 0
100 65 11893 1
36 38 11906 0
35 40 11924 0
58 74 11953 1
58 72 11999 1
77 34 12084 1
79 50 12136 0
68 35 12170 1
84 52 12187 0
104 55 12207 1
57 85 12212 1
45 67 12224 0
86 53 12239 0
42 13 12245 0
77 49 12281 0
25 88 12340 0
23 71 12407 0
43 70 12415 0
57 81 12424 1
65 53 12480 0
48 31 12506 1
80 35 12531 1
87 101 12565 0
83 99 12600 0
71 50 12628 0
69 51 12669 0
51 34 12689 1
30 60 12691 0
25 89 12743 0
23 73 12763 0
66 35 12770 1
59 63 12791 1
85 53 12855 0
76 34 12871 1
69 50 12883 0
59 60 12934 1
107 69 12938 1
43 29 12944 1
82 91 13022 0
35 34 13051 0
80 51 13113 0
104 54 13154 1
38 100 13162 0
60 63 13247 1
37 51 13277 1
58 75 13327 1
57 87 13444 1
59 59 13455 1
82 96 13626 0
91 59 13638 0
107 76 13663 1
98 45 13683 1
106 59 13693 1
81 98 13704 0
57 84 13708 1
82 97 13713 0
59 65 13718 1
65 35 13743 1
24 88 13780 0
83 36 13795 1
99 46 13821 1
103 53 13834 1
103 54 13844 1
103 52 13890 1
99 47 13916 1
59 58 13921 1
40 75 13945 1
89 38 13957 1
31 93 13973 0
90 58 14019 0
13 85 14059 1
105 58 14078 1
53 38 14187 1
59 37 14265 1
45 30 14276 1
89 101 14308 0
107 68 14323 1
44 73 14340 0
107 71 14369 1
96 43 14474 1
59 61 14518 1
92 58 14520 0
35 36 14530 0
45 98 14549 0
28 91 14723 0
92 39 14723 1
35 97 14760 0
52 37 14763 1
58 83 14765 1
78 50 14777 0
40 73 14794 1
29 92 14832 0
27 90 14858 0
107 70 14886 1
28 92 14960 0
39 80 14967 1
40 72 14988 1
104 84 15051 1
58 76 15068 1
23 79 15068 0
89 55 15168 0
46 29 15299 1
40 79 15310 1
41 70 15344 1
91 56 15432 0
92 100 15440 0
60 62 15504 1
107 74 15506 1
93 40 15536 1
93 65 15540 0
105 82 15567 1
57 82 15581 1
43 98 15587 0
93 39 15610 1
58 78 15628 1
53 37 15647 1
28 65 15655 0
101 51 15670 1
44 71 15694 0
58 79 15724 1
95 42 15788 1
23 84 15790 0
39 49 15850 0
80 36 15875 1
81 51 15925 0
89 54 15950 0
84 99 15981 0
107 72 16171 1
32 96 16185 0
36 36 16199 0
105 81 16207 1
63 53 16239 0
107 65 16246 1
36 39 16311 0
107 63 16338 1
26 89 16341 0
84 52 16449 0
38 99 16475 0
102 52 16526 1
94 71 16626 0
98 46 16629 1
58 37 16699 1
22 77 16772 0
51 35 16801 1
90 56 16806 0
39 29 16872 1
100 49 16931 1
40 47 17001 0
79 51 17023 0
48 32 17037 1
89 118 17074 1
44 28 17077 1
106 80 17259 1
39 75 17310 1
65 37 17407 1
88 55 17410 0
49 32 17530 1
83 98 17540 0
74 35 17595 1
83 35 17669 1
47 31 17679 1
55 39 17679 1
68 36 17755 1
39 78 17789 1
82 96 17818 0
33 95 17990 0
58 82 18019 1
75 49 18044 0
60 64 18173 1
47 98 18286 0
75 35 18307 1
94 41 18308 1
92 62 18378 0
29 92 18503 0
81 94 18513 0
41 28 18588 1
80 50 18689 0
69 35 18702 1
103 56 18703 1
57 80 18880 1
23 80 19226 0
102 88 19354 1
44 100 19480 0
22 80 19501 0
85 53 19518 0
60 66 19542 1
28 92 19570 0
48 30 19657 1
23 78 19660 0
43 100 19682 0
42 80 19692 1
107 73 19744 1
49 31 19795 1
41 99 19865 0
58 77 19901 1
83 51 19940 0
94 69 20035 0
91 38 20069 1
72 34 20088 1
94 70 20168 0
43 68 20229 0
49 33 20386 1
23 72 20407 0
45 29 20483 1
47 30 20577 1
80 51 20667 0
94 71 20670 0
105 57 20673 1
84 36 20693 1
35 33 20702 0
35 97 20719 0
94 68 20732 0
38 98 20748 0
75 50 20818 0
92 67 20903 0
60 67 20984 1
24 89 21108 0
92 60 21111 0
81 51 21211 0
85 52 21256 0
39 77 21290 1
31 94 21427 0
106 60 21553 1
79 35 21636 1
50 33 21683 1
60 69 21764 1
81 35 21863 1
100 48 21903 1
40 47 21939 0
80 50 21942 0
85 100 21955 0
78 51 21991 0
23 86 22207 0
107 75 22300 1
29 92 22348 0
94 65 22402 0
50 32 22410 1
107 64 22415 1
101 48 22488 1
102 51 22508 1
99 45 22512 1
91 39 22573 1
84 52 22575 0
107 66 22704 1
107 62 22707 1
95 41 22808 1
82 92 22829 0
97 44 22860 1
45 75 22906 0
92 40 22951 1
63 35 22969 1
86 100 22989 0
44 78 23122 0
83 37 23159 1
104 55 23186 1
101 49 23254 1
73 34 23297 1
97 43 23325 1
23 70 23347 0
60 68 23473 1
39 30 23539 1
91 59 23541 0
92 58 23565 0
57 86 23569 1
71 34 23579 1
77 50 23610 0
104 85 23624 1
29 91 23668 0
92 57 23674 0
78 35 23734 1
107 71 23787 1
33 95 23791 0
98 45 23798 1
104 54 23799 1
105 58 23846 1
43 99 23881 0
85 36 23895 1
94 70 23988 0
13 85 24006 1
106 59 24070 1
87 36 24149 1
77 49 24236 0
103 53 24240 1
80 35 24294 1
75 34 24310 1
59 62 24356 1
102 50 24361 1
82 96 24438 0
96 43 24505 1
23 80 24563 0
107 70 24579 1
43 28 24620 1
88 37 24621 1
89 37 24647 1
39 31 24649 1
91 56 24670 0
94 68 24726 0
93 61 24785 0
84 35 24788 1
40 71 24795 1
92 60 24865 0
106 58 24952 1
94 71 25000 0
25 87 25038 0
89 54 25088 0
90 37 25092 1
80 50 25140 0
41 97 25151 0
59 36 25157 1
47 29 25171 1
57 38 25204 1
36 38 25252 0
82 35 25271 1
45 99 25324 0
93 40 25326 1
59 69 25412 1
59 67 25430 1
58 80 25440 1
92 38 25455 1
44 69 25470 0
85 52 25471 0
39 76 25477 1
36 52 25485 1
59 63 25500 1
94 40 25500 1
50 97 25569 0
107 63 25589 1
100 47 25590 1
57 83 25590 1
83 36 25592 1
30 93 25606 0
86 36 25635 1
79 50 25645 0
59 59 25646 1
23 75 25648 0
60 65 25696 1
38 47 25701 0
74 34 25773 1
54 38 25788 1
59 73 25813 1
69 34 25832 1
24 70 25940 0
81 92 25960 0
59 60 26012 1
83 94 26067 0
107 77 26069 1
59 57 26070 1
107 72 26080 1
43 29 26080 1
106 61 26081 1
90 101 26085 0
83 51 26121 0
41 80 26121 1
95 42 26154 1
39 97 26236 0
87 37 26265 1
42 28 26294 1
57 81 26299 1
90 54 26307 0
60 36 26327 1
107 61 26329 1
52 37 26340 1
104 86 26341 1
74 49 26412 0
89 102 26420 0
40 98 26541 0
94 73 26603 0
76 34 26618 1
92 39 26726 1
59 66 26822 1
107 74 26825 1
107 78 26832 1
48 99 26870 0
41 71 26902 1
51 34 27014 1
58 75 27029 1
48 32 27093 1
58 84 27169 1
36 98 27177 0
49 97 27204 0
107 60 27245 1
28 91 27278 0
31 93 27288 0
82 51 27346 0
27 65 27379 0
90 36 27396 1
107 68 27417 1
24 74 27449 0
28 92 27454 0
88 36 27521 1
36 35 27527 0
29 91 27532 0
52 36 27546 1
65 34 27594 1
84 99 27594 0
27 92 27602 0
93 39 27641 1
94 67 27766 0
103 52 27783 1
53 37 27803 1
29 92 27806 0
107 76 27819 1
53 38 27819 1
82 94 27847 0
83 98 27906 0
91 38 27992 1
59 72 28003 1
93 69 28064 0
107 69 28082 1
27 91 28104 0
27 90 28174 0
39 99 28195 0
46 29 28241 1
55 38 28263 1
51 35 28294 1
35 38 28346 0
36 41 28383 0
46 28 28395 1
91 58 28407 0
45 75 28491 0
60 70 28512 1
94 41 28519 1
46 98 28691 0
86 53 28705 0
96 42 28706 1
100 46 28706 1
40 47 28782 0
83 99 28799 0
35 37 28805 0
31 95 28822 0
62 54 28841 0
37 99 28844 0
70 51 28852 0
36 36 28887 0
23 79 28903 0
40 78 28913 1
98 44 28950 1
23 87 28968 0
56 38 28985 1
94 70 29047 0
37 43 29111 0
40 74 29142 1
92 60 29144 0
58 86 29150 1
86 100 29155 0
105 57 29157 1
43 99 29170 0
40 79 29178 1
59 58 29198 1
58 78 29307 1
107 73 29333 1
49 32 29348 1
58 79 29401 1
85 35 29439 1
39 42 29456 0
25 88 29458 0
85 53 29460 0
87 101 29643 0
79 51 29688 0
59 70 29720 1
47 31 29733 1
31 57 29760 0
80 50 29799 0
61 54 29801 0
77 34 29812 1
106 60 29834 1
94 68 29839 0
31 58 29885 0
36 33 29891 0
23 80 29896 0
77 49 29911 0
45 67 29971 0
81 51 29988 0
25 91 30042 0
63 54 30146 0
22 77 30259 0
57 87 30259 1
83 54 30259 0
26 89 30329 0
45 72 30335 0
57 82 30361 1
38 77 30393 1
57 85 30395 1
58 73 30430 1
78 50 30531 0
94 65 30549 0
75 49 30621 0
57 84 30626 1
48 98 30636 0
107 65 30734 1
81 53 30744 0
62 36 30755 1
33 95 30779 0
67 34 30835 1
57 88 30881 1
91 100 30885 0
34 38 30886 0
23 78 30921 0
66 35 30976 1
47 30 30994 1
107 64 31059 1
94 73 31159 0
59 65 31165 1
74 49 31168 0
92 58 31175 0
35 96 31184 0
81 35 31188 1
58 76 31203 1
29 61 31314 0
85 52 31424 0
107 66 31433 1
39 74 31434 1
99 46 31443 1
65 35 31443 1
94 69 31451 0
50 33 31526 1
40 98 31536 0
32 96 31557 0
82 51 31595 0
23 73 31601 0
36 32 31634 0
82 94 31687 0
94 71 31726 0
37 37 31778 0
35 97 31828 0
44 70 31904 0
99 47 31992 1
107 62 32006 1
37 98 32045 0
50 31 32069 1
72 50 32173 0
78 34 32194 1
63 36 32279 1
59 61 32343 1
91 37 32421 1
58 72 32504 1
39 78 32554 1
78 51 32725 0
39 80 32737 1
44 28 32785 1
50 32 32804 1
92 57 32885 0
91 58 32970 0
58 77 33008 1
66 34 33073 1
41 69 33113 1
36 35 33200 0
102 52 33206 1
36 53 33371 1
29 91 33449 0
72 34 33460 1
48 30 33477 1
101 48 33515 1
60 63 33515 1
104 54 33680 1
40 30 33699 1
41 79 33707 1
41 30 33846 1
107 75 33849 1
57 89 33871 1
101 100 33876 1
106 59 33940 1
80 35 34006 1
39 44 34211 0
59 71 34250 1
105 83 34367 1
107 71 34390 1
94 74 34647 0
84 52 34707 0
90 56 34788 0
58 82 34827 1
68 35 35003 1
101 49 35008 1
36 38 35008 0
91 56 35050 0
79 35 35154 1
87 36 35170 1
97 43 35469 1
58 83 35483 1
105 84 35504 1
107 70 35523 1
89 54 35529 0
108 70 35644 1
49 31 35660 1
81 34 35662 1
40 28 35782 1
93 61 35815 0
83 92 35871 0
105 55 35872 1
98 45 36003 1
103 51 36025 1
35 37 36201 0
95 68 36232 0
45 29 36232 1
25 87 36237 0
81 50 36270 0
45 72 36298 0
89 101 36488 0
105 58 36499 1
23 82 36521 0
107 63 36532 1
90 54 36534 0
36 39 36553 0
82 94 36575 0
82 95 36588 0
83 94 36614 0
59 56 36665 1
88 55 36670 0
102 49 36777 1
93 65 36779 0
92 38 36805 1
64 52 36830 0
86 35 36840 1
75 34 36869 1
94 73 36870 0
82 51 36873 0
37 97 36892 0
60 54 37017 0
82 90 37045 0
89 36 37048 1
106 57 37063 1
93 40 37064 1
92 99 37095 0
73 34 37135 1
43 98 37142 0
52 37 37153 1
95 42 37167 1
53 36 37224 1
92 60 37249 0
46 98 37254 0
41 29 37332 1
82 96 37362 0
31 94 37390 0
103 53 37548 1
107 79 37552 1
89 37 37562 1
84 100 37596 0
82 92 37607 0
83 35 37616 1
106 58 37616 1
69 50 37643 0
91 58 37650 0
99 45 37684 1
93 100 37692 0
39 44 37740 0
35 96 37756 0
85 36 37868 1
63 53 37899 0
93 76 37906 0
51 33 37927 1
88 37 37961 1
59 63 37968 1
35 34 37994 0
94 40 38121 1
107 72 38134 1
76 34 38177 1
109 68 38182 1
93 39 38212 1
90 37 38227 1
94 68 38231 0
54 37 38240 1
95 41 38271 1
96 43 38357 1
106 80 38369 1
59 59 38440 1
43 99 38440 0
55 39 38457 1
71 34 38505 1
51 34 38510 1
79 50 38529 0
84 99 38532 0
30 93 38543 0
85 100 38560 0
97 43 38561 1
79 34 38562 1
92 58 38566 0
91 38 38572 1
43 97 38587 0
100 47 38604 1
82 35 38617 1
92 57 38658 0
45 98 38664 0
47 29 38695 1
57 80 38760 1
101 48 38761 1
37 98 38807 0
83 36 38816 1
35 98 38824 0
28 90 38836 0
65 52 38904 0
102 51 38905 1
38 98 38944 0
53 37 38978 1
31 93 39026 0
67 52 39039 0
93 99 39050 0
102 50 39131 1
59 60 39170 1
77 49 39179 0
74 49 39212 0
89 82 39248 0
51 35 39254 1
30 61 39346 0
89 100 39356 0
41 97 39392 0
23 75 39394 0
64 34 39408 1
74 34 39409 1
103 87 39409 1
29 92 39482 0
107 61 39491 1
97 44 39519 1
82 91 39573 0
49 30 39619 1
38 99 39631 0
81 50 39692 0
68 34 39705 1
103 52 39713 1
27 89 39768 0
80 34 39782 1
45 75 39784 0
60 64 39804 1
104 40 39823 1
107 74 39825 1
100 45 39846 1
52 36 39880 1
108 66 39943 1
86 36 39956 1
41 28 39959 1
43 28 39983 1
59 57 39998 1
45 28 39999 1
83 51 40013 0
94 66 40016 0
83 90 40053 0
89 54 40066 0
23 84 40092 0
107 77 40120 1
91 39 40123 1
57 86 40152 1
96 42 40244 1
42 80 40328 1
60 62 40397 1
41 99 40433 0
85 50 40434 0
58 78 40500 1
39 77 40507 1
91 56 40513 0
46 29 40545 1
87 52 40548 0
30 62 40555 0
107 73 40599 1
40 79 40599 1
59 62 40626 1
44 77 40644 0
80 50 40669 0
100 46 40737 1
40 46 40761 0
42 99 40761 0
42 28 40761 1
23 82 40762 0
37 97 40763 0
94 70 40820 0
41 70 40889 1
92 100 40943 0
60 61 40952 1
62 34 40963 1
47 30 40993 1
84 35 41000 1
39 44 41015 0
58 87 41037 1
96 41 41079 1
36 36 41109 0
104 52 41132 1
90 54 41154 0
28 91 41156 0
107 76 41157 1
81 35 41159 1
107 62 41189 1
40 98 41196 0
82 95 41224 0
60 66 41241 1
23 80 41244 0
42 100 41278 0
39 42 41314 0
86 100 41356 0
92 101 41429 0
25 89 41455 0
39 97 41468 0
58 85 41499 1
61 65 41499 1
106 59 41540 1
58 84 41609 1
50 32 41639 1
58 75 41644 1
82 94 41659 0
40 73 41675 1
49 29 41746 1
24 74 41798 0
108 62 41841 1
77 34 41860 1
107 60 41863 1
35 35 41872 0
36 35 41921 0
58 80 41939 1
49 32 41966 1
51 96 41998 0
22 83 42048 0
33 95 42049 0
72 50 42096 0
45 99 42212 0
29 62 42292 0
28 90 42554 0
87 35 42561 1
29 93 42581 0
98 44 42615 1
59 69 42635 1
104 54 42659 1
47 98 42666 0
68 51 42689 0
108 72 42726 1
88 36 42768 1
45 67 42849 0
27 89 42886 0
58 79 43005 1
78 34 43015 1
61 35 43033 1
103 51 43113 1
101 46 43143 1
59 58 43170 1
59 37 43262 1
24 75 43282 0
74 50 43316 0
107 75 43336 1
102 49 43374 1
49 96 43393 0
80 2 43414 1
89 100 43431 0
87 52 43466 0
27 90 43484 0
40 47 43737 0
62 53 43809 0
46 28 43839 1
40 75 43919 1
23 72 43938 0
50 33 43950 1
94 66 43954 0
84 100 43972 0
48 30 44008 1
40 78 44088 1
29 91 44098 0
60 65 44113 1
91 60 44172 0
83 94 44207 0
51 34 44322 1
92 38 44323 1
30 91 44346 0
28 62 44357 0
91 58 44362 0
53 38 44437 1
81 50 44494 0
40 46 44575 0
72 34 44663 1
80 35 44916 1
13 85 44930 1
42 101 45258 0
93 64 45277 0
23 82 45400 0
47 100 45454 0
23 79 45565 0
43 29 45595 1
41 98 45719 0
44 28 45776 1
67 51 45808 0
52 35 45895 1
37 97 45984 0
107 71 45995 1
106 56 46085 1
83 100 46172 0
95 68 46186 0
58 82 46193 1
94 67 46289 0
81 52 46342 0
93 61 46390 0
62 35 46535 1
90 102 46555 0
107 59 46563 1
25 88 46573 0
87 103 46618 0
37 37 46640 0
94 73 46675 0
45 72 46698 0
35 36 46736 0
23 71 46738 0
27 63 46762 0
23 81 46910 0
85 99 46994 0
57 37 47024 1
36 40 47166 0
105 55 47251 1
23 78 47284 0
76 49 47295 0
27 89 47322 0
56 38 47349 1
52 37 47376 1
82 95 47389 0
94 66 47417 0
91 101 47432 0
33 97 47509 0
37 98 47527 0
77 33 47533 1
105 82 47533 1
87 52 47546 0
35 37 47637 0
27 66 47802 0
58 77 47853 1
30 91 47926 0
91 57 47964 0
39 78 47996 1
47 28 48022 1
101 48 48088 1
63 35 48180 1
38 42 48190 0
60 68 48194 1
33 96 48262 0
83 92 48420 0
94 40 48438 1
87 36 48485 1
60 60 48530 1
29 89 48636 0
58 73 48644 1
76 34 48664 1
74 35 48666 1
107 63 48700 1
91 100 48811 0
81 96 48835 0
82 51 48869 0
92 57 48896 0
106 57 48928 1
57 87 49050 1
39 76 49054 1
91 37 49073 1
75 34 49139 1
65 53 49181 0
106 58 49233 1
63 34 49259 1
97 43 49264 1
92 58 49278 0
95 41 49367 1
39 44 49393 0
107 61 49592 1
39 48 49628 0
94 65 49760 0
107 70 49820 1
59 67 49825 1
93 60 49846 0
89 36 49868 1
99 45 49915 1
89 100 49929 0
93 40 49931 1
107 78 49939 1
85 99 49975 0
108 68 50000 1
40 72 50139 1
83 52 50151 0
91 38 50227 1
43 98 50247 0
85 50 50262 0
94 39 50293 1
77 49 50295 0
49 99 50366 0
85 35 50439 1
107 62 50441 1
90 54 50460 0
108 64 50470 1
83 98 50490 0
51 35 50591 1
47 29 50607 1
92 59 50621 0
90 36 50666 1
53 37 50760 1
38 29 50792 1
33 94 50809 0
105 54 50819 1
93 39 50877 1
62 53 50992 0
40 46 50996 0
60 63 51020 1
73 34 51023 1
83 36 51031 1
54 92 51076 1
50 31 51100 1
108 67 51104 1
60 69 51104 1
83 94 51112 0
84 100 51121 0
108 74 51160 1
92 65 51186 0
94 66 51269 0
87 52 51270 0
25 87 51294 0
90 37 51334 1
107 66 51370 1
87 54 51386 0
46 98 51386 0
41 98 51400 0
85 52 51405 0
96 42 51410 1
97 42 51411 1
90 101 51420 0
95 40 51442 1
90 53 51445 0
46 76 51461 0
93 73 51486 0
28 90 51502 0
36 38 51523 0
83 89 51562 0
54 37 51580 1
65 35 51582 1
53 36 51583 1
31 97 51596 0
89 54 51605 0
76 49 51614 0
40 77 51614 1
38 42 51635 0
59 55 51653 1
23 81 51655 0
93 38 51784 1
66 35 51818 1
26 89 51866 0
85 36 51878 1
59 59 51913 1
81 34 51948 1
94 71 51988 0
59 63 51994 1
31 93 52038 0
51 33 52047 1
43 99 52051 0
65 34 52067 1
41 97 52104 0
45 98 52137 0
64 52 52148 0
33 93 52151 0
83 35 52151 1
114 78 52202 1
39 46 52270 0
48 29 52344 1
91 57 52359 0
69 34 52368 1
100 46 52384 1
71 50 52397 0
58 78 52473 1
58 86 52496 1
63 53 52496 0
93 60 52505 0
91 56 52521 0
36 40 52528 0
45 28 52528 1
52 34 52557 1
49 31 52575 1
108 70 52604 1
95 68 52625 0
98 43 52714 1
59 70 52715 1
107 58 52732 1
85 99 52736 0
36 39 52777 0
13 85 52801 1
39 42 52802 0
41 79 52821 1
81 50 52846 0
81 35 52862 1
71 34 52894 1
58 83 52897 1
43 28 52954 1
59 60 52966 1
59 72 52982 1
82 34 52997 1
67 34 53008 1
108 71 53011 1
24 70 53012 0
103 50 53015 1
86 101 53084 0
24 75 53088 0
82 35 53107 1
46 29 53184 1
105 53 53252 1
74 34 53253 1
91 36 53285 1
33 96 53313 0
52 36 53332 1
44 99 53335 0
104 52 53401 1
103 51 53407 1
35 97 53416 0
108 66 53419 1
51 32 53433 1
30 91 53441 0
47 30 53530 1
66 34 53539 1
59 73 53553 1
102 49 53563 1
48 98 53793 0
107 77 53828 1
43 97 53835 0
78 34 53851 1
89 37 53857 1
36 36 53864 0
104 85 53865 1
79 34 53900 1
61 53 53952 0
80 50 53961 0
51 34 53966 1
40 74 53993 1
102 48 54047 1
22 90 54068 0
44 66 54125 0
23 82 54155 0
45 29 54175 1
77 34 54220 1
40 79 54302 1
33 94 54316 0
91 55 54402 0
107 36 54464 1
107 60 54464 1
45 70 54465 0
106 57 54479 1
105 55 54497 1
38 42 54507 0
49 30 54518 1
50 32 54527 1
80 34 54549 1
88 54 54566 0
45 75 54572 0
88 103 54591 0
22 77 54617 0
60 36 54636 1
92 59 54727 0
24 74 54728 0
93 63 54735 0
92 38 54836 1
86 35 54860 1
97 43 54867 1
36 35 54876 0
101 48 54898 1
92 64 54908 0
33 98 54911 0
31 94 54912 0
108 69 54926 1
74 51 54995 0
80 51 55026 0
103 52 55041 1
107 76 55086 1
58 37 55107 1
42 28 55166 1
83 97 55210 0
21 80 55212 0
44 27 55237 1
87 102 55257 0
59 57 55271 1
85 50 55368 0
106 55 55374 1
92 57 55492 0
89 101 55527 0
59 56 55544 1
89 55 55544 0
59 65 55556 1
94 66 55570 0
104 40 55613 1
33 95 55647 0
39 47 55736 0
40 71 55744 1
23 73 55808 0
75 49 55817 0
85 51 55924 0
108 63 55932 1
93 60 56003 0
37 97 56013 0
40 98 56120 0
92 99 56153 0
92 37 56227 1
100 45 56228 1
57 88 56338 1
32 57 56355 0
55 38 56368 1
27 89 56370 0
69 50 56374 0
36 33 56385 0
59 74 56438 1
23 81 56488 0
45 27 56518 1
41 83 56593 0
41 27 56593 1
91 55 56602 0
85 99 56659 0
40 70 56747 1
82 92 56814 0
83 92 56865 0
50 30 56867 1
46 28 57093 1
84 99 57112 0
57 85 57168 1
48 30 57208 1
61 63 57210 1
84 35 57244 1
78 48 57245 0
96 41 57266 1
40 49 57294 0
51 97 57295 0
58 84 57310 1
66 53 57354 0
29 91 57475 0
45 67 57550 0
52 35 57555 1
38 98 57558 0
53 37 57569 1
60 62 57597 1
101 47 57607 1
68 33 57608 1
76 49 57661 0
89 100 57777 0
56 37 57808 1
91 57 57856 0
60 64 57863 1
56 90 57892 1
76 34 57907 1
80 53 57936 0
71 51 57939 0
37 37 57978 0
37 100 58038 0
28 92 58125 0
107 61 58221 1
41 71 58266 1
87 52 58311 0
60 59 58327 1
44 28 58347 1
90 54 58482 0
40 78 58496 1
37 51 58631 1
39 97 58638 0
39 48 58639 0
94 69 58686 0
86 36 58704 1
23 75 58731 0
38 42 58764 0
87 36 58792 1
59 58 58833 1
91 55 58962 0
82 94 58964 0
44 99 59037 0
85 51 59140 0
41 98 59200 0
45 70 59299 0
42 79 59323 1
82 97 59324 0
92 59 59340 0
83 97 59342 0
86 100 59350 0
36 40 59512 0
88 54 59664 0
60 61 59752 1
29 89 59792 0
33 94 59879 0
87 54 59898 0
105 83 59920 1
41 28 59941 1
52 96 59960 0
107 75 60040 1
33 96 60054 0
31 96 60179 0
25 84 60197 0
49 97 60309 0
94 63 60320 0
31 91 60400 0
39 42 60431 0
44 66 60488 0
74 49 60519 0
30 91 60692 0
51 33 60738 1
106 60 60752 1
62 36 60916 1
95 41 61007 1
91 37 61018 1
93 61 61029 0
58 79 61057 1
86 101 61078 0
57 86 61160 1
35 96 61435 0
39 77 61520 1
91 55 61667 0
93 63 61713 0
78 51 61789 0
42 69 61799 1
106 80 61804 1
37 7 61865 0
24 72 61869 0
89 36 61891 1
109 45 61932 1
90 64 61993 0
90 53 61993 0
41 69 61999 1
107 59 62007 1
109 45 62035 0
107 62 62068 1
94 66 62073 0
83 96 62187 0
93 39 62211 1
108 64 62217 1
108 72 62316 1
71 49 62429 0
83 94 62483 0
85 51 62654 0
72 34 62658 1
68 34 62682 1
61 66 62697 1
55 37 62699 1
100 46 62718 1
97 41 62782 1
25 92 62889 0
44 75 62927 0
74 33 62961 1
93 60 63004 0
93 38 63021 1
65 52 63043 0
88 36 63069 1
94 68 63101 0
103 51 63139 1
36 51 63166 1
108 62 63188 1
82 95 63216 0
39 100 63238 0
99 45 63278 1
108 68 63303 1
53 36 63364 1
23 81 63371 0
97 42 63379 1
95 40 63429 1
70 50 63471 0
94 63 63480 0
64 34 63487 1
106 57 63493 1
90 37 63518 1
102 49 63538 1
106 56 63565 1
23 83 63605 0
108 61 63643 1
35 99 63668 0
83 97 63694 0
39 78 63750 1
104 86 63774 1
95 68 63800 0
103 49 63821 1
83 90 63833 0
85 50 63921 0
81 34 63928 1
24 82 63932 0
99 43 63933 1
58 82 63982 1
40 76 63983 1
59 59 63983 1
93 37 64018 1
90 36 64024 1
85 99 64038 0
60 67 64043 1
88 35 64076 1
85 35 64101 1
50 31 64115 1
25 84 64130 0
104 52 64130 1
104 51 64137 1
97 43 64139 1
59 81 64146 1
69 33 64213 1
61 53 64213 0
82 98 64246 0
51 34 64259 1
60 58 64262 1
63 36 64276 1
105 54 64276 1
108 67 64305 1
60 60 64368 1
94 39 64420 1
96 42 64595 1
78 48 64649 0
83 96 64726 0
88 100 64742 0
60 57 64743 1
108 70 64777 1
56 38 64779 1
105 55 64792 1
41 72 64793 1
47 29 64796 1
85 36 64799 1
42 27 64879 1
107 57 64881 1
47 28 64984 1
58 85 64997 1
87 35 65050 1
60 35 65094 1
88 54 65154 0
58 87 65162 1
52 34 65185 1
59 69 65202 1
81 35 65214 1
75 33 65227 1
100 45 65232 1
61 68 65234 1
59 77 65240 1
108 66 65278 1
83 34 65315 1
107 78 65341 1
60 70 65361 1
43 98 65363 0
84 34 65389 1
44 99 65397 0
51 31 65400 1
33 93 65412 0
92 58 65417 0
39 47 65432 0
104 50 65462 1
61 62 65471 1
54 37 65510 1
100 44 65571 1
91 100 65626 0
102 48 65643 1
78 34 65647 1
101 46 65722 1
89 53 65742 0
45 70 65832 0
41 97 65857 0
91 55 65872 0
83 35 65882 1
26 90 65908 0
57 83 65930 1
31 91 66015 0
95 64 66108 0
24 75 66120 0
107 79 66163 1
61 64 66191 1
61 61 66193 1
108 60 66237 1
41 79 66254 1
50 32 66258 1
44 98 66269 0
73 33 66317 1
50 97 66336 0
51 32 66352 1
103 50 66356 1
80 34 66416 1
108 75 66421 1
45 28 66429 1
59 75 66467 1
43 28 66469 1
25 71 66479 0
77 33 66531 1
40 79 66538 1
92 100 66544 0
59 82 66564 1
83 94 66579 0
28 90 66596 0
42 80 66599 1
49 30 66640 1
46 98 66672 0
96 41 66705 1
94 40 66725 1
1 92 66736 1
94 63 66753 0
47 31 66762 1
49 29 66786 1
108 74 66826 1
101 45 66912 1
98 43 66951 1
55 100 66991 0
55 115 66991 1
42 70 67060 1
105 53 67094 1
58 86 67148 1
48 32 67207 1
48 28 67246 1
94 59 67249 0
24 72 67259 0
58 78 67259 1
65 35 67288 1
59 80 67290 1
83 96 67323 0
58 88 67384 1
59 72 67393 1
41 70 67429 1
106 55 67517 1
90 53 67543 0
47 98 67584 0
59 70 67618 1
52 33 67620 1
87 100 67635 0
87 53 67674 0
89 35 67729 1
73 34 67736 1
62 53 67773 0
53 36 67788 1
100 37 67792 1
100 46 67792 1
46 28 67816 1
71 49 67875 0
61 60 67898 1
47 25 67950 1
108 71 67952 1
108 73 67998 1
107 77 68018 1
54 36 68053 1
40 77 68071 1
91 37 68090 1
43 80 68092 1
24 82 68136 0
93 39 68165 1
40 75 68180 1
39 42 68236 0
59 73 68301 1
47 30 68312 1
61 65 68320 1
88 100 68368 0
27 94 68375 0
83 92 68399 0
94 74 68436 0
38 42 68476 0
85 51 68535 0
89 53 68549 0
25 87 68554 0
31 93 68554 0
59 55 68557 1
37 42 68588 0
92 57 68592 0
81 91 68596 0
46 29 68604 1
87 99 68648 0
90 54 68658 0
45 98 68683 0
77 49 68696 0
40 28 68699 1
83 91 68712 0
24 74 68726 0
25 84 68745 0
59 36 68758 1
43 97 68785 0
84 35 68814 1
107 63 68826 1
37 37 68834 0
32 97 68866 0
30 58 68877 0
70 33 68941 1
107 60 68975 1
92 59 68984 0
40 47 68996 0
27 90 69002 0
48 29 69005 1
87 34 69077 1
45 67 69117 0
75 47 69158 0
39 44 69185 0
105 84 69236 1
28 89 69322 0
82 34 69451 1
24 69 69480 0
44 68 69552 0
40 46 69566 0
78 33 69604 1
90 99 69632 0
33 94 69661 0
91 58 69716 0
59 83 69733 1
41 47 69808 0
25 86 69863 0
95 41 69918 1
36 36 69935 0
64 52 69953 0
103 51 69994 1
94 62 70001 0
93 38 70014 1
29 89 70022 0
46 99 70027 0
66 34 70052 1
92 37 70088 1
106 57 70173 1
91 99 70198 0
83 97 70199 0
107 61 70201 1
85 34 70320 1
61 67 70325 1
43 27 70396 1
83 96 70412 0
81 37 70420 1
30 91 70461 0
40 49 70499 0
32 56 70540 0
108 69 70545 1
28 63 70562 0
84 94 70574 0
87 36 70635 1
91 57 70641 0
39 76 70738 1
29 63 70743 1
29 92 70743 0
97 42 70745 1
93 99 70809 0
51 35 70817 1
36 38 70822 0
44 98 70876 0
107 58 70898 1
70 50 70909 0
57 37 70913 1
40 78 70935 1
72 50 70982 0
102 49 71005 1
94 63 71011 0
83 95 71011 0
66 35 71045 1
85 55 71075 0
88 100 71093 0
60 65 71157 1
92 61 71178 0
64 53 71227 0
30 60 71254 0
31 91 71257 0
53 35 71273 1
108 64 71295 1
51 33 71323 1
107 74 71353 1
46 74 71421 0
86 52 71441 0
90 35 71494 1
46 69 71505 0
51 34 71635 1
84 51 71635 0
87 100 71654 0
59 79 71704 1
87 54 71793 0
67 34 71921 1
50 98 71927 0
44 66 71930 0
28 89 71977 0
89 53 71980 0
57 84 71989 1
59 78 72015 1
26 67 72046 0
76 33 72113 1
51 95 72154 0
45 27 72158 1
87 99 72173 0
31 58 72179 0
86 35 72243 1
36 32 72273 0
48 30 72470 1
23 80 72491 0
65 34 72522 1
28 65 72545 0
27 89 72561 0
88 54 72574 0
71 34 72575 1
94 38 72653 1
95 40 72861 1
75 48 72920 0
42 97 72962 0
52 34 72998 1
83 91 73004 0
30 94 73065 0
28 93 73083 0
47 97 73110 0
91 36 73139 1
37 7 73159 1
90 36 73162 1
106 82 73185 1
38 99 73193 0
38 97 73367 0
89 56 73423 0
78 48 73507 0
94 62 73519 0
41 73 73557 1
98 42 73564 1
79 50 73575 0
91 38 73599 1
47 28 73621 1
104 52 73655 1
76 49 73676 0
37 52 73722 1
24 72 73841 0
25 86 73851 0
95 39 73853 1
50 31 73860 1
26 90 73887 0
87 53 73967 0
108 63 73975 1
94 64 73982 0
39 45 74041 0
39 29 74057 1
107 59 74098 1
60 69 74131 1
60 61 74135 1
37 42 74227 0
83 95 74248 0
39 43 74255 0
72 48 74256 0
45 69 74283 0
41 101 74283 0
59 74 74311 1
101 47 74357 1
93 63 74371 0
46 72 74389 0
108 76 74439 1
89 36 74495 1
60 59 74516 1
81 34 74557 1
108 70 74743 1
39 48 74763 0
84 98 74809 0
101 48 74842 1
57 87 74927 1
46 74 74947 0
50 30 74988 1
106 56 75069 1
58 84 75077 1
88 100 75150 0
41 74 75153 1
28 89 75153 0
36 40 75182 0
95 64 75235 0
85 50 75256 0
76 34 75461 1
108 72 75514 1
40 45 75561 0
105 54 75598 1
87 100 75602 0
46 69 75612 0
87 52 75618 0
72 33 75667 1
104 51 75667 1
91 54 75775 0
83 96 75800 0
95 68 75881 0
82 98 75995 0
26 91 76012 0
100 45 76139 1
42 28 76224 1
108 62 76225 1
95 36 76247 1
102 48 76325 1
75 48 76341 0
60 62 76474 1
37 97 76495 0
60 58 76500 1
86 101 76501 0
61 35 76548 1
41 98 76580 0
84 100 76653 0
86 52 76723 0
44 28 76846 1
44 98 76850 0
94 39 76861 1
87 99 76895 0
44 73 76899 0
84 51 76941 0
32 92 76948 0
90 53 76965 0
108 68 77046 1
24 82 77081 0
103 50 77098 1
44 99 77119 0
85 54 77123 0
83 95 77148 0
31 92 77221 0
42 79 77262 1
95 66 77271 0
0 0 77342 0
94 62 77350 0
101 46 77384 1
93 98 77391 0
60 36 77397 1
74 33 77398 1
96 40 77411 1
90 60 77428 0
103 49 77437 1
89 53 77441 0
71 33 77458 1
41 78 77472 1
85 35 77480 1
94 59 77518 0
108 61 77551 1
92 99 77603 0
108 66 77633 1
105 53 77651 1
60 60 77740 1
23 77 77772 0
83 94 77783 0
60 55 77808 1
59 71 77815 1
25 86 77865 0
59 76 77877 1
46 27 77882 1
96 41 77886 1
99 43 77897 1
45 72 77918 0
71 49 77936 0
60 56 78013 1
63 53 78022 0
91 99 78036 0
46 99 78041 0
49 96 78086 0
79 34 78115 1
89 100 78132 0
39 43 78171 0
102 47 78182 1
84 98 78183 0
59 37 78208 1
38 97 78219 0
39 97 78227 0
91 54 78255 0
95 70 78336 0
46 76 78340 0
59 81 78370 1
106 55 78399 1
43 99 78481 0
49 30 78490 1
33 93 78551 0
44 27 78566 1
53 36 78638 1
24 75 78713 0
50 32 78714 1
51 32 78722 1
59 77 78728 1
28 64 78733 0
75 33 78739 1
69 34 78827 1
41 97 78863 0
77 33 78870 1
97 41 78892 1
107 57 78914 1
107 76 78922 1
55 37 78925 1
28 89 78942 0
66 33 78961 1
103 51 78984 1
104 36 78984 1
104 50 78984 1
93 60 78995 0
68 34 78998 1
40 73 79007 1
87 35 79064 1
97 43 79103 1
78 34 79127 1
94 64 79187 0
91 37 79238 1
32 92 79268 0
91 55 79324 0
106 54 79345 1
46 28 79407 1
56 38 79441 1
45 75 79538 0
80 34 79545 1
42 97 79564 0
25 84 79603 0
56 37 79636 1
27 64 79646 0
107 58 79692 1
90 99 79732 0
67 51 79734 0
61 63 79746 1
40 76 79765 1
93 38 79782 1
27 93 79809 0
97 42 79852 1
100 46 79857 1
45 64 79863 0
85 50 79915 0
72 34 79930 1
95 40 79941 1
85 99 79944 0
39 42 79951 0
83 51 79975 0
47 97 79987 0
49 29 79993 1
46 74 79993 0
57 89 79996 1
89 54 80014 0
108 59 80022 1
72 48 80027 0
84 94 80054 0
75 48 80061 0
60 57 80071 1
95 66 80097 0
37 74 80146 1
37 37 80146 0
94 66 80175 0
29 91 80226 0
83 92 80228 0
83 91 80275 0
84 35 80290 1
83 95 80295 0
78 48 80310 0
37 42 80328 0
37 44 80347 0
46 69 80355 0
46 72 80363 0
34 97 80376 0
40 45 80386 0
27 65 80406 0
29 89 80413 0
114 78 80414 1
52 33 80432 1
31 91 80513 0
64 53 80533 0
51 31 80578 1
83 34 80641 1
107 80 80654 1
65 33 80688 1
45 69 80698 0
23 76 80750 0
78 33 80792 1
57 90 80822 1
108 60 80872 1
84 93 80884 0
91 54 80924 0
49 98 80948 0
87 100 81013 0
54 37 81119 1
24 74 81176 0
54 36 81197 1
41 47 81231 0
107 78 81232 1
95 70 81235 0
25 67 81247 0
40 48 81251 0
86 52 81251 0
73 33 81357 1
43 98 81365 0
84 98 81367 0
32 92 81416 0
52 35 81439 1
46 98 81446 0
33 95 81464 0
87 99 81602 0
82 91 81654 0
88 100 81669 0
59 73 81672 1
41 100 81714 0
59 72 81750 1
81 50 81760 0
108 75 81832 1
39 78 81838 1
35 96 81847 0
103 48 81898 1
83 90 81938 0
70 50 81940 0
40 98 81976 0
87 53 82007 0
65 52 82013 0
92 61 82031 0
84 51 82089 0
51 96 82131 0
23 88 82144 0
52 34 82146 1
30 59 82147 0
22 75 82171 0
33 94 82178 0
93 68 82184 0
42 27 82244 1
43 28 82256 1
105 52 82285 1
86 99 82293 0
33 99 82367 0
36 41 82373 0
108 64 82415 1
94 38 82430 1
78 52 82443 0
95 64 82460 0
24 87 82553 0
25 86 82569 0
31 57 82591 0
58 82 82596 1
94 63 82599 0
94 62 82621 0
36 42 82636 0
75 47 82780 0
73 51 82860 0
59 80 82870 1
43 97 83019 0
81 34 83022 1
30 62 83035 0
95 66 83058 0
39 43 83104 0
45 70 83169 0
81 99 83203 0
55 74 83226 1
55 93 83226 1
96 96 83233 1
48 28 83346 1
64 34 83366 1
40 78 83388 1
97 40 83396 1
59 75 83401 1
61 66 83606 1
80 33 83624 1
28 89 83625 0
78 50 83627 0
25 71 83659 0
93 37 83683 1
23 77 83697 0
82 34 83765 1
45 27 83849 1
42 69 83862 1
40 79 83914 1
22 89 83928 0
36 97 83970 0
33 96 83973 0
82 49 84054 0
59 85 84056 1
100 43 84086 1
108 70 84102 1
40 77 84119 1
100 44 84157 1
51 32 84178 1
85 51 84213 0
25 78 84231 0
95 70 84252 0
24 84 84301 0
84 34 84302 1
61 59 84307 1
95 39 84320 1
53 35 84456 1
90 53 84467 0
92 37 84501 1
39 45 84522 0
34 36 84543 0
94 64 84547 0
44 98 84559 0
38 97 84594 0
92 36 84630 1
91 36 84798 1
36 35 84847 0
86 34 84854 1
90 36 84862 1
47 28 84936 1
40 27 84979 1
32 92 85020 0
58 86 85066 1
108 67 85070 1
22 81 85093 0
76 51 85124 0
105 83 85128 1
59 82 85134 1
83 96 85162 0
59 79 85205 1
83 95 85235 0
32 57 85243 0
24 72 85339 0
31 92 85342 0
40 45 85358 0
91 54 85412 0
33 58 85447 0
34 94 85450 0
27 91 85551 0
106 56 85618 1
38 40 85697 0
30 94 85789 0
69 50 85798 0
35 42 85827 0
94 61 85853 0
95 68 85855 0
107 77 85912 1
86 99 85977 0
80 49 85985 0
51 33 86015 1
106 57 86100 1
89 35 86155 1
61 64 86173 1
88 35 86177 1
100 45 86179 1
41 28 86188 1
28 91 86271 0
47 67 86347 0
82 96 86368 0
27 66 86407 0
94 59 86459 0
27 85 86470 0
43 27 86481 1
24 70 86497 0
47 99 86516 0
84 98 86582 0
104 52 86620 1
86 52 86636 0
82 49 86762 0
82 33 86781 1
52 32 86790 1
26 88 86849 0
58 87 86981 1
38 42 87051 0
96 67 87130 0
95 66 87157 0
32 55 87298 0
35 41 87323 0
23 76 87341 0
60 70 87342 1
48 98 87566 0
47 27 87613 1
26 86 87656 0
40 48 87752 0
98 42 87820 1
59 74 87862 1
50 30 87879 1
90 80 87962 0
24 75 87976 0
34 94 87985 0
83 35 88043 1
61 62 88089 1
52 33 88334 1
61 65 88398 1
49 30 88506 1
30 91 88739 0
30 90 88811 0
26 90 88860 0
40 100 88935 0
74 48 88959 0
63 34 88995 1
75 48 89011 0
23 83 89028 0
108 62 89029 1
38 44 89047 0
95 70 89054 0
38 40 89198 0
24 81 89355 0
53 34 89358 1
37 42 89372 0
94 61 89384 0
50 29 89410 1
36 95 89485 0
80 49 89579 0
37 96 89581 0
23 79 89681 0
82 49 89692 0
86 99 89740 0
84 51 89750 0
61 61 89789 1
104 51 89879 1
43 79 89907 1
89 36 90093 1
94 58 90111 0
108 72 90156 1
105 53 90293 1
62 34 90344 1
24 84 90370 0
114 78 90437 1
43 96 90450 0
26 92 90674 0
92 60 90689 0
77 33 90886 1
76 33 90910 1
60 58 90922 1
106 55 91011 1
89 53 91016 0
36 31 91025 0
44 68 91028 0
91 100 91067 0
26 86 91358 0
53 36 91417 1
46 99 91425 0
30 61 91441 0
36 33 91442 0
36 97 91482 0
83 36 91492 1
34 94 91637 0
46 69 91671 0
34 97 91839 0
62 65 91882 1
24 91 91918 0
25 84 91920 0
41 99 91937 0
30 90 91975 0
42 97 91996 0
59 78 92003 1
47 98 92067 0
90 37 92074 1
25 85 92262 0
90 99 92312 0
83 97 92381 0
103 49 92402 1
73 48 92405 0
74 48 92424 0
88 101 92514 0
26 88 92570 0
33 93 92643 0
80 49 92752 0
94 64 92794 0
25 86 92868 0
36 95 92887 0
68 52 92933 0
64 52 92938 0
23 77 93187 0
90 101 93194 0
44 101 93304 0
40 75 93321 1
94 61 93331 0
41 97 93339 0
46 74 93341 0
26 82 93371 0
47 71 93427 0
74 33 93459 1
24 81 93489 0
90 100 93532 0
64 53 93571 0
84 98 93597 0
105 54 93731 1
37 96 93767 0
105 51 94002 1
86 35 94087 1
98 93 94119 1
22 54 94146 0
45 98 94241 0
40 44 94256 0
66 34 94273 1
95 66 94290 0
31 92 94370 0
84 97 94412 0
99 43 94493 1
59 76 94521 1
75 33 94592 1
82 49 94669 0
38 40 94683 0
87 100 94893 0
41 42 95043 0
26 89 95068 0
23 78 95086 0
86 99 95190 0
40 99 95223 0
82 101 95246 0
107 59 95261 1
101 46 95417 1
102 48 95509 1
24 87 95526 0
23 82 95606 0
81 33 95663 1
31 91 95748 0
27 67 95824 0
60 60 95861 1
84 93 95920 0
29 89 95949 0
108 61 95952 1
87 55 95990 0
44 72 96010 0
46 97 96126 0
74 48 96208 0
23 76 96214 0
40 48 96295 0
30 90 96347 0
92 61 96347 0
69 33 96446 1
36 42 96451 0
50 31 96515 1
28 89 96593 0
97 42 96631 1
82 98 96658 0
26 86 96684 0
80 49 96734 0
73 48 96876 0
95 69 96882 0
27 87 96884 0
96 41 96994 1
106 80 97017 1
22 79 97056 0
91 99 97134 0
57 86 97220 1
86 52 97249 0
49 28 97269 1
48 99 97271 0
32 15 97283 0
25 85 97322 0
44 67 97404 0
39 43 97441 0
85 98 97543 0
85 100 97586 0
45 67 97698 0
45 69 97699 0
49 29 97983 1
90 100 97995 0
61 34 98033 1
26 84 98071 0
72 49 98215 0
103 50 98306 1
37 96 98445 0
79 33 98452 1
40 44 98479 0
37 98 98673 0
84 97 98713 0
45 99 98728 0
24 85 98739 0
24 80 98745 0
36 97 98888 0
92 78 98918 0
39 99 99008 0
93 58 99098 0
90 55 99144 0
83 89 99173 0
36 95 99174 0
92 63 99403 0
40 45 99480 0
24 81 99507 0
39 47 99578 0
73 50 99622 0
94 70 99646 0
81 95 99704 0
21 81 99796 0
93 61 99799 0
60 56 99810 1
26 88 99819 0
94 62 99828 0
48 97 99918 0
38 46 99993 0
39 42 100207 0
38 44 100308 0
91 65 100761 0
38 96 100837 0
94 98 101098 0
67 34 101166 1
95 70 101224 0
27 87 101268 0
24 84 101273 0
83 94 101306 0
34 94 101339 0
95 69 101363 0
45 68 101365 0
24 83 101398 0
46 97 101488 0
102 47 101700 1
38 43 101717 0
57 37 101772 1
78 33 101813 1
88 101 102079 0
25 85 102101 0
95 40 102124 1
74 48 102146 0
107 79 102152 1
95 67 102175 0
72 48 102197 0
90 54 102202 0
85 98 102215 0
86 103 102231 0
51 31 102260 1
104 50 102270 1
90 57 102365 0
83 95 102395 0
91 35 102451 1
30 96 102516 0
90 59 102572 0
85 50 102591 0
84 94 102614 0
84 101 102633 0
78 48 102633 0
24 80 102646 0
46 28 102686 1
39 28 102720 1
41 45 102753 0
38 32 102767 0
93 58 102933 0
94 61 102938 0
91 54 102940 0
90 100 102942 0
93 38 103003 1
95 64 103090 0
90 35 103133 1
69 49 103162 0
59 81 103242 1
87 99 103258 0
96 40 103304 1
94 59 103339 0
24 82 103341 0
84 97 103352 0
25 90 103364 0
21 88 103374 0
40 44 103433 0
26 84 103453 0
26 65 103462 0
25 70 103536 0
94 38 103578 1
89 100 103599 0
93 76 103713 0
83 91 103781 0
59 77 103884 1
107 58 103918 1
42 98 103948 0
82 50 103964 0
73 48 103989 0
59 83 104003 1
68 33 104038 1
49 97 104050 0
97 41 104063 1
102 46 104075 1
73 49 104204 0
108 60 104228 1
85 72 104242 0
85 35 104243 1
94 58 104326 0
101 45 104377 1
100 45 104386 1
96 67 104468 0
32 92 104470 0
91 79 104513 0
54 36 104516 1
92 99 104586 0
34 51 104623 0
41 78 104657 1
92 77 104696 0
90 53 104831 0
108 74 104835 1
65 35 104850 1
38 96 104857 0
42 79 104907 1
71 34 104909 1
85 34 104913 1
106 55 104913 1
71 33 104944 1
108 76 105044 1
88 100 105123 0
100 44 105205 1
44 27 105219 1
64 33 105236 1
94 72 105272 0
105 53 105293 1
52 34 105294 1
41 84 105294 1
41 47 105294 0
39 97 105296 0
87 52 105297 0
62 52 105356 0
107 57 105449 1
37 37 105562 0
68 51 105624 0
106 54 105696 1
46 27 105704 1
93 57 105734 0
47 97 105832 0
83 92 105876 0
42 78 105915 1
95 68 105997 0
42 70 106042 1
26 87 106157 0
70 33 106172 1
93 37 106192 1
87 34 106193 1
75 47 106207 0
45 100 106234 0
75 48 106275 0
93 58 106291 0
22 84 106310 0
87 35 106418 1
60 57 106420 1
37 31 106453 0
85 98 106475 0
95 75 106481 0
29 90 106520 0
95 69 106533 0
96 41 106533 1
60 59 106534 1
90 34 106539 1
86 99 106555 0
93 56 106579 0
82 49 106581 0
45 77 106613 0
91 37 106614 1
45 27 106619 1
46 76 106635 0
40 99 106643 0
54 35 106655 1
94 37 106739 1
105 52 106740 1
87 53 106747 0
59 80 106775 1
63 33 106783 1
95 67 106794 0
24 80 106817 0
61 60 106822 1
67 33 106933 1
60 55 106966 1
108 59 107019 1
103 48 107035 1
99 43 107055 1
72 49 107103 0
80 49 107109 0
108 75 107165 1
74 48 107173 0
41 45 107221 0
101 46 107280 1
63 52 107284 0
83 34 107345 1
52 31 107363 1
42 71 107384 1
98 42 107449 1
55 36 107457 1
90 36 107485 1
80 33 107487 1
25 78 107518 0
33 92 107568 0
33 55 107588 0
24 83 107604 0
106 83 107616 1
41 77 107656 1
29 62 107660 0
51 32 107707 1
84 35 107709 1
41 79 107740 1
61 53 107773 0
32 91 107798 0
60 71 107801 1
30 90 107827 0
59 70 107834 1
45 68 107852 0
108 77 107954 1
103 49 107961 1
59 73 108004 1
53 35 108005 1
62 62 108023 1
40 76 108087 1
25 85 108107 0
52 33 108181 1
73 33 108213 1
43 97 108227 0
72 33 108255 1
83 33 108261 1
27 85 108334 0
60 69 108390 1
62 64 108419 1
71 32 108431 1
56 36 108472 1
81 34 108485 1
61 63 108522 1
27 87 108525 0
37 34 108544 0
90 99 108587 0
57 88 108617 1
38 96 108668 0
90 55 108755 0
61 67 108773 1
95 39 108876 1
28 90 108909 0
29 89 108943 0
93 57 108950 0
46 97 109001 0
30 93 109021 0
34 98 109041 0
37 97 109156 0
37 96 109185 0
84 97 109292 0
62 53 109396 0
91 36 109496 1
38 101 109505 0
48 28 109516 1
86 53 109636 0
15 81 109652 0
93 99 109737 0
92 66 109745 0
24 74 109775 0
45 66 109794 0
29 61 109800 0
90 100 109802 0
23 91 109818 0
24 88 109829 0
67 52 109878 0
33 57 109947 0
68 34 109997 1
34 94 110087 0
41 42 110116 0
82 50 110204 0
93 56 110209 0
62 63 110221 1
36 45 110276 0
27 89 110301 0
93 58 110321 0
32 99 110330 0
109 65 110331 1
95 72 110377 0
48 27 110559 1
25 71 110589 0
69 49 110618 0
24 71 110653 0
44 26 110728 1
84 94 110795 0
84 93 110886 0
52 32 110933 1
42 98 111002 0
47 28 111051 1
59 75 111080 1
58 88 111141 1
40 78 111237 1
60 72 111313 1
38 40 111399 0
29 90 111426 0
24 80 111493 0
32 91 111509 0
41 70 111549 1
36 95 111590 0
41 27 111612 1
38 43 111613 0
50 30 111637 1
24 85 111712 0
70 32 111723 1
53 34 111732 1
93 59 111760 0
55 92 111892 1
59 72 111955 1
26 87 112023 0
33 92 112073 0
62 66 112133 1
48 97 112299 0
27 86 112343 0
58 36 112418 1
53 36 112466 1
49 30 112510 1
59 79 112514 1
66 52 112538 0
114 78 112549 1
88 53 112563 0
68 50 112632 0
26 84 112825 0
99 42 112916 1
54 36 112927 1
40 41 112998 0
58 89 113016 1
39 98 113019 0
82 34 113077 1
65 34 113329 1
59 59 113330 1
84 34 113469 1
45 73 113470 0
75 33 113570 1
79 32 113710 1
108 70 113736 1
92 36 113742 1
95 38 113750 1
107 78 113753 1
104 40 113768 1
84 91 113796 0
50 28 113816 1
32 94 113830 0
109 66 113836 1
37 34 113876 0
43 27 113884 1
37 40 113959 0
93 57 114118 0
104 50 114120 1
91 53 114135 0
47 26 114162 1
51 31 114229 1
109 63 114327 1
45 97 114339 0
104 49 114339 1
95 62 114364 0
61 69 114390 1
47 27 114462 1
105 50 114505 1
95 67 114568 0
97 41 114634 1
96 40 114687 1
85 98 114710 0
40 77 114744 1
61 68 114833 1
34 95 114845 0
42 27 114913 1
106 55 114976 1
95 40 114984 1
53 37 115042 1
109 62 115367 1
103 50 115406 1
100 43 115501 1
109 58 115589 1
108 60 115761 1
43 96 115777 0
59 74 115859 1
109 69 115904 1
94 38 115934 1
95 72 115941 0
61 66 115941 1
100 44 115942 1
107 58 115980 1
109 61 115983 1
78 33 116036 1
41 45 116081 0
94 59 116133 0
63 52 116145 0
37 44 116147 0
33 93 116175 0
101 45 116235 1
82 33 116262 1
99 43 116272 1
42 28 116293 1
105 53 116311 1
73 49 116374 0
106 53 116417 1
95 69 116426 0
107 57 116458 1
109 70 116486 1
100 45 116528 1
102 46 116582 1
94 58 116677 0
66 33 116694 1
119 56 116725 1
93 56 116938 0
88 101 116939 0
89 35 116984 1
101 46 116984 1
85 35 116985 1
91 99 116992 0
59 82 117044 1
32 92 117059 0
97 42 117091 1
59 77 117092 1
26 86 117178 0
38 97 117242 0
81 33 117260 1
34 97 117262 0
93 98 117286 0
105 85 117294 1
106 54 117382 1
45 66 117383 0
24 83 117447 0
98 42 117453 1
96 67 117503 0
26 82 117557 0
78 48 117561 0
103 49 117565 1
59 81 117573 1
83 90 117587 0
95 71 117620 0
24 81 117645 0
40 41 117666 0
87 50 117670 0
27 86 117682 0
93 59 117713 0
93 37 117741 1
83 48 117743 0
77 33 117778 1
91 53 117789 0
31 91 117827 0
38 96 117834 0
45 64 117848 0
36 98 117860 0
90 98 117875 0
49 29 117887 1
74 48 117889 0
50 29 117928 1
84 91 117937 0
69 51 117941 0
86 34 117971 1
95 62 117994 0
98 41 118008 1
61 62 118018 1
87 88 118066 1
91 89 118067 1
93 58 118073 0
103 48 118121 1
42 97 118187 0
51 30 118201 1
47 67 118231 0
61 35 118286 1
25 84 118293 0
71 49 118302 0
24 68 118310 0
84 55 118321 0
29 90 118380 0
82 50 118418 0
44 98 118469 0
46 69 118517 0
47 69 118535 0
94 72 118553 0
21 87 118557 0
46 74 118588 0
105 52 118597 1
46 98 118608 0
23 81 118610 0
55 35 118641 1
38 98 118651 0
26 87 118661 0
49 96 118702 0
105 84 118720 1
41 97 118752 0
96 52 118772 0
61 39 118772 1
61 61 118772 1
59 78 118773 1
87 99 118796 0
107 56 118838 1
109 64 118869 1
49 28 118885 1
76 32 118952 1
47 71 119024 0
24 80 119035 0
32 91 119050 0
104 50 119071 1
89 34 119110 1
105 51 119169 1
61 59 119253 1
25 70 119267 0
108 74 119292 1
95 39 119360 1
85 50 119402 0
51 32 119407 1
108 59 119408 1
46 71 119429 0
50 97 119521 0
90 35 119523 1
61 57 119622 1
40 97 119634 0
46 27 119675 1
64 34 119677 1
53 33 119680 1
108 58 119680 1
59 83 119685 1
61 65 119722 1
95 64 119785 0
59 76 119788 1
73 48 119837 0
84 94 119857 0
85 33 119858 1
39 42 119858 0
90 99 119874 0
52 33 119874 1
37 95 119921 0
88 53 119929 0
33 94 119931 0
97 41 119976 1
74 33 120028 1
45 27 120036 1
24 75 120038 0
42 72 120105 1
44 27 120127 1
41 48 120142 0
25 78 120157 0
93 57 120162 0
93 36 120166 1
74 32 120209 1
65 33 120210 1
83 94 120276 0
55 36 120280 1
108 78 120280 1
86 97 120382 0
61 58 120408 1
59 86 120418 1
60 36 120449 1
41 42 120449 0
88 54 120469 0
60 76 120471 1
84 93 120481 0
96 40 120501 1
109 60 120546 1
107 55 120597 1
92 62 120623 0
87 50 120657 0
42 78 120681 1
41 76 120726 1
94 37 120756 1
37 34 120769 0
41 95 120815 0
85 34 120860 1
97 40 120870 1
101 44 120888 1
61 60 120958 1
69 33 120959 1
82 49 120970 0
33 92 120973 0
68 33 120977 1
67 32 120998 1
37 40 121021 0
91 35 121024 1
59 85 121067 1
95 66 121078 0
60 79 121094 1
43 97 121167 0
80 33 121186 1
58 86 121190 1
60 60 121191 1
60 35 121192 1
59 36 121200 1
25 85 121202 0
29 89 121226 0
24 71 121239 0
53 34 121354 1
23 84 121367 0
28 89 121369 0
68 50 121376 0
81 90 121408 0
24 72 121419 0
21 86 121439 0
40 41 121505 0
34 95 121520 0
75 47 121525 0
32 98 121583 0
57 37 121694 1
93 66 121697 0
91 53 121715 0
32 94 121735 0
46 72 121766 0
28 65 121802 0
60 57 121813 1
86 50 121815 0
54 35 121919 1
84 91 121922 0
40 75 121933 1
27 85 121934 0
59 73 121934 1
95 65 121944 0
38 44 121952 0
91 36 121955 1
95 62 121966 0
103 47 121966 1
27 87 121993 0
41 77 122014 1
86 49 122027 0
83 91 122072 0
31 51 122156 0
84 96 122175 0
64 52 122185 0
94 58 122212 0
30 88 122228 0
23 72 122240 0
95 72 122269 0
60 54 122271 1
52 34 122327 1
93 55 122345 0
30 90 122354 0
47 69 122393 0
91 78 122405 0
93 56 122475 0
77 32 122498 1
100 44 122508 1
45 97 122568 0
27 86 122734 0
92 36 122743 1
90 36 122812 1
60 70 122882 1
99 43 122886 1
39 98 122916 0
43 78 122944 1
59 84 123010 1
93 54 123056 0
35 34 123083 0
83 33 123108 1
92 100 123187 0
45 68 123187 0
83 34 123208 1
52 94 123286 0
95 71 123297 0
108 76 123313 1
46 67 123326 0
38 32 123336 0
54 36 123375 1
41 98 123375 0
61 63 123445 1
34 96 123577 0
37 37 123611 0
45 76 123648 0
87 50 123665 0
99 42 123696 1
93 59 123787 0
51 29 123850 1
84 33 123869 1
87 34 123876 1
100 43 123920 1
43 28 123929 1
41 73 123992 1
46 70 124010 0
34 94 124059 0
37 39 124109 0
52 31 124128 1
66 34 124129 1
34 92 124134 0
71 33 124135 1
86 97 124232 0
45 73 124255 0
60 74 124255 1
106 55 124295 1
43 79 124306 1
61 64 124362 1
62 61 124375 1
46 100 124381 0
51 95 124387 0
56 36 124417 1
39 95 124556 0
109 68 124563 1
37 95 124569 0
60 78 124599 1
52 32 124679 1
102 45 124747 1
81 48 124790 0
109 71 124819 1
73 33 124821 1
104 49 124855 1
59 77 124876 1
52 30 124878 1
95 38 124983 1
104 46 125004 1
44 67 125012 0
109 67 125100 1
47 27 125118 1
102 46 125121 1
49 27 125230 1
46 71 125329 0
93 55 125387 0
62 67 125400 1
45 26 125587 1
106 52 125640 1
86 49 125684 0
51 31 125694 1
107 57 125711 1
66 52 125736 0
53 35 125797 1
40 97 125866 0
90 55 125959 0
95 63 126033 0
56 38 126058 1
87 35 126217 1
31 93 126253 0
86 50 126260 0
25 79 126283 0
25 80 126286 0
101 45 126293 1
60 77 126361 1
90 34 126376 1
47 97 126389 0
41 41 126460 0
84 96 126482 0
51 28 126540 1
36 97 126616 0
36 34 126720 0
42 26 126811 1
41 74 126821 1
38 43 127148 0
81 49 127259 0
24 78 127264 0
45 66 127269 0
13 85 127506 0
95 65 127514 0
106 54 127692 1
43 98 127710 0
103 48 127720 1
108 56 127799 1
67 34 127971 1
88 53 127996 0
43 68 128033 1
39 27 128117 1
39 39 128127 0
109 63 128175 1
109 62 128264 1
109 65 128276 1
49 28 128289 1
108 60 128321 1
109 66 128324 1
58 87 128364 1
93 37 128371 1
83 93 128381 0
104 50 128427 1
25 76 128451 0
98 42 128497 1
98 41 128503 1
26 87 128505 0
101 46 128510 1
25 77 128554 0
107 50 128567 1
60 75 128582 1
96 41 128659 1
107 80 128675 1
108 59 128715 1
37 33 128727 0
93 39 128802 1
94 59 128881 0
97 41 128883 1
107 77 128884 1
91 34 128928 1
40 99 128929 0
107 62 128931 1
109 64 128959 1
92 99 128977 0
96 38 128998 1
109 69 129000 1
47 96 129006 0
49 30 129037 1
103 49 129056 1
107 79 129069 1
93 55 129105 0
81 33 129140 1
88 34 129143 1
99 42 129163 1
82 33 129180 1
59 79 129214 1
107 56 129229 1
107 71 129275 1
92 35 129313 1
78 32 129339 1
90 98 129354 0
81 48 129384 0
97 40 129391 1
38 50 129421 1
75 32 129444 1
23 85 129497 0
109 75 129499 1
96 67 129517 0
102 46 129518 1
105 51 129561 1
83 48 129584 0
104 48 129599 1
107 55 129621 1
72 48 129642 0
95 39 129671 1
105 52 129673 1
109 61 129703 1
109 45 129727 1
46 67 129781 0
92 36 129805 1
86 49 129827 0
96 40 129911 1
72 32 130003 1
105 50 130041 1
87 50 130043 0
43 27 130070 1
84 34 130145 1
93 36 130145 1
94 37 130160 1
94 61 130244 0
91 99 130252 0
89 34 130311 1
97 39 130324 1
61 62 130327 1
61 61 130401 1
109 73 130425 1
109 60 130441 1
47 28 130444 1
42 71 130477 1
41 79 130477 1
82 50 130504 0
109 68 130504 1
68 49 130504 0
86 97 130520 0
86 34 130548 1
73 32 130566 1
53 34 130586 1
25 80 130610 0
67 33 130613 1
101 44 130639 1
54 34 130642 1
75 33 130645 1
34 95 130656 0
95 63 130661 0
46 97 130662 0
109 59 130685 1
100 43 130707 1
59 81 130710 1
106 53 130742 1
90 99 130744 0
57 36 130760 1
67 51 130799 0
95 71 130817 0
91 35 130820 1
84 93 130829 0
46 26 130839 1
74 48 130858 0
100 44 130861 1
48 27 130868 1
95 62 130874 0
88 99 130878 0
93 54 130903 0
32 91 130907 0
52 95 130920 0
42 95 130933 0
103 47 130942 1
59 83 130944 1
84 91 130966 0
60 72 130975 1
95 38 131025 1
101 45 131025 1
76 32 131041 1
74 32 131042 1
69 32 131065 1
26 84 131092 0
36 95 131102 0
50 28 131153 1
91 53 131158 0
55 36 131177 1
93 57 131185 0
76 47 131190 0
84 94 131204 0
103 48 131218 1
79 48 131221 0
84 96 131221 0
109 70 131271 1
59 75 131271 1
46 27 131274 1
109 45 131288 0
94 58 131290 0
107 53 131317 1
61 60 131323 1
64 33 131330 1
62 65 131352 1
64 32 131400 1
61 70 131401 1
62 64 131408 1
107 57 131436 1
59 73 131464 1
83 33 131488 1
39 95 131488 0
46 70 131497 0
44 26 131523 1
34 92 131525 0
60 76 131526 1
63 52 131564 0
26 82 131584 0
38 96 131592 0
102 44 131602 1
109 71 131610 1
25 71 131650 0
41 42 131664 0
86 50 131666 0
48 97 131676 0
99 43 131678 1
78 49 131681 0
109 63 131705 1
93 55 131707 0
43 96 131714 0
41 47 131746 0
50 30 131746 1
60 80 131748 1
45 27 131755 1
62 62 131760 1
98 40 131784 1
40 41 131785 0
98 41 131785 1
106 51 131811 1
37 35 131822 0
65 50 131835 0
99 42 131855 1
108 59 131858 1
61 59 131877 1
102 46 131881 1
42 77 131881 1
109 66 131893 1
35 52 131893 1
85 34 131903 1
94 98 131919 0
88 33 131920 1
24 73 131922 0
60 79 131934 1
100 42 131936 1
93 35 131941 1
109 74 131943 1
47 67 131946 0
97 40 131948 1
96 39 131996 1
93 56 131999 0
81 48 132002 0
105 49 132006 1
51 30 132026 1
89 33 132037 1
42 73 132051 1
109 62 132065 1
84 97 132081 0
47 69 132083 0
25 79 132104 0
105 53 132113 1
109 67 132143 1
37 39 132194 0
43 67 132200 1
109 64 132221 1
61 57 132248 1
33 92 132251 0
59 77 132274 1
37 95 132283 0
69 50 132291 0
33 93 132298 0
25 78 132340 0
70 33 132363 1
90 98 132385 0
83 48 132428 0
37 40 132434 0
106 52 132439 1
50 27 132440 1
30 88 132443 0
62 34 132443 1
81 47 132443 0
86 49 132449 0
90 35 132481 1
54 35 132512 1
109 65 132532 1
61 66 132551 1
68 33 132551 1
102 45 132577 1
87 34 132590 1
47 65 132597 0
29 86 132620 0
52 31 132632 1
77 47 132657 0
25 77 132661 0
66 33 132669 1
97 41 132677 1
25 76 132678 0
41 77 132683 1
62 63 132697 1
61 67 132725 1
24 80 132748 0
25 75 132769 0
61 65 132784 1
107 55 132812 1
26 76 132822 0
41 76 132826 1
95 58 132844 0
75 47 132852 0
52 96 132894 0
104 49 132905 1
42 78 132905 1
95 37 132954 1
78 32 132966 1
42 98 132988 0
82 33 133003 1
49 29 133004 1
106 83 133031 1
91 102 133046 0
41 97 133058 0
59 35 133093 1
39 39 133127 0
80 32 133133 1
83 92 133137 0
71 34 133184 1
47 71 133185 0
90 53 133214 0
95 65 133239 0
37 34 133261 0
109 69 133276 1
107 56 133326 1
62 60 133354 1
49 97 133365 0
32 92 133383 0
42 97 133386 0
92 36 133389 1
103 51 133392 1
69 49 133396 0
41 95 133420 0
93 98 133447 0
61 55 133447 1
48 26 133454 1
59 85 133463 1
60 55 133464 1
61 58 133468 1
41 41 133514 0
84 33 133515 1
85 97 133544 0
69 33 133549 1
55 35 133549 1
38 34 133578 0
41 42 133595 0
53 34 133620 1
94 36 133632 1
24 78 133676 0
68 50 133686 0
91 54 133686 0
33 58 133697 0
41 27 133753 1
104 47 133757 1
47 27 133802 1
90 34 133840 1
96 67 133885 0
35 92 133919 0
49 28 133924 1
27 85 133937 0
71 32 133965 1
44 27 134027 1
81 33 134050 1
61 63 134058 1
53 33 134088 1
56 36 134088 1
94 37 134112 1
33 54 134119 0
25 80 134157 0
40 28 134165 1
61 56 134186 1
93 54 134210 0
60 74 134267 1
81 49 134283 0
51 96 134293 0
87 50 134321 0
93 59 134337 0
86 33 134370 1
81 32 134371 1
93 36 134380 1
34 92 134402 0
41 45 134423 0
108 75 134431 1
95 75 134513 0
49 27 134541 1
53 32 134588 1
101 44 134617 1
79 32 134631 1
85 33 134671 1
109 61 134703 1
47 26 134708 1
61 68 134723 1
109 68 134729 1
41 75 134741 1
40 97 134754 0
107 78 134755 1
61 61 134756 1
77 36 134786 1
77 32 134786 1
56 91 134790 1
27 86 134840 0
70 32 134848 1
86 97 134864 0
37 33 134872 0
82 32 134887 1
83 93 134899 0
46 74 134937 0
105 51 134938 1
90 52 134949 0
61 62 134974 1
70 49 135025 0
79 48 135028 0
59 61 135033 1
51 29 135033 1
52 32 135043 1
27 88 135066 0
49 26 135074 1
99 42 135081 1
26 82 135148 0
59 87 135151 1
76 47 135162 0
50 29 135181 1
68 32 135183 1
59 86 135244 1
61 60 135279 1
32 57 135340 0
42 27 135370 1
25 75 135371 0
88 99 135389 0
104 50 135406 1
66 92 135419 1
66 32 135420 1
95 63 135441 0
42 76 135459 1
60 77 135460 1
105 50 135503 1
76 32 135504 1
60 75 135504 1
45 97 135506 0
47 96 135538 0
109 63 135554 1
73 29 135567 1
25 78 135585 0
91 35 135605 1
45 26 135616 1
25 77 135640 0
59 84 135640 1
62 66 135642 1
39 31 135651 0
30 62 135652 0
40 41 135689 0
25 76 135691 0
43 97 135764 0
95 38 135769 1
39 95 135806 0
37 96 135813 0
107 54 135834 1
103 47 135870 1
53 24 135939 1
52 30 135978 1
106 54 136051 1
50 28 136068 1
110 68 136130 1
25 70 136131 0
59 82 136169 1
60 72 136188 1
81 48 136190 0
84 49 136198 0
55 34 136255 1
108 79 136278 1
77 47 136291 0
86 49 136311 0
29 89 136333 0
61 59 136363 1
100 43 136406 1
83 48 136415 0
73 33 136426 1
93 55 136448 0
30 88 136449 0
45 98 136451 0
60 76 136487 1
83 31 136580 1
54 33 136701 1
41 41 136705 0
44 78 136715 1
56 114 136725 1
85 35 136725 1
25 79 136754 0
32 91 136762 0
33 92 136778 0
62 59 136831 1
104 48 136860 1
78 48 136863 0
93 37 136880 1
61 69 136880 1
26 84 136883 0
52 31 136897 1
43 96 136916 0
83 33 136925 1
46 26 136930 1
38 34 136938 0
84 91 136939 0
74 32 136994 1
98 41 136997 1
107 81 137020 1
108 56 137035 1
56 35 137051 1
28 88 137156 0
25 71 137177 0
38 32 137208 0
47 69 137211 0
64 34 137232 1
32 94 137259 0
55 36 137298 1
102 46 137315 1
109 72 137344 1
60 78 137357 1
26 83 137365 1
26 68 137365 0
57 37 137427 1
85 97 137448 0
65 32 137480 1
26 66 137502 0
73 32 137531 1
84 50 137558 0
54 34 137585 1
89 34 137598 1
38 36 137604 0
41 77 137677 1
39 39 137711 0
60 84 137736 1
29 86 137758 0
109 45 137823 1
71 33 137889 1
84 93 137897 0
94 59 137902 0
90 52 137908 0
61 54 137911 1
37 35 137927 0
61 57 137940 1
86 34 137944 1
109 45 137953 0
42 77 138113 1
51 32 138120 1
42 106 138122 0
49 96 138161 0
46 71 138200 0
65 33 138213 1
27 67 138221 0
94 58 138225 0
51 31 138252 1
25 69 138300 0
91 100 138310 0
60 80 138344 1
24 87 138348 0
72 32 138351 1
41 28 138482 1
116 84 138513 1
38 40 138547 0
38 30 138556 0
26 67 138557 0
46 97 138612 0
96 38 138628 1
95 58 138642 0
27 69 138692 0
25 75 138696 0
86 98 138698 0
25 80 138721 0
105 84 138727 1
46 27 138765 1
34 92 138796 0
101 45 138829 1
93 54 138831 0
81 47 138834 0
84 96 138898 0
40 40 138909 0
25 90 138937 0
46 67 138983 0
109 70 138987 1
95 72 138991 0
42 95 139033 0
41 46 139046 0
47 65 139052 0
108 78 139159 1
79 48 139178 0
103 48 139243 1
33 57 139323 0
94 66 139349 0
26 76 139353 0
29 90 139405 0
94 75 139462 0
26 86 139492 0
66 51 139568 0
109 60 139581 1
106 52 139595 1
43 79 139595 1
26 83 139607 0
43 26 139676 1
62 64 139737 1
44 26 139784 1
43 69 139866 1
65 52 139899 0
76 47 139960 0
55 35 139999 1
53 34 140005 1
84 49 140117 0
90 100 140187 0
47 97 140197 0
47 67 140209 0
62 51 140222 0
88 99 140241 0
63 33 140249 1
41 76 140368 1
46 76 140377 0
57 35 140391 1
25 76 140410 0
33 55 140656 0
82 33 140692 1
25 77 140697 0
41 42 140704 0
31 91 140710 0
51 28 140732 1
47 27 140747 1
90 98 140748 0
83 34 140839 1
77 47 140872 0
38 36 140873 0
48 27 140916 1
43 27 140935 1
36 34 140937 0
109 73 141004 1
99 41 141026 1
40 44 141032 0
90 52 141040 0
39 50 141061 1
109 66 141108 1
97 40 141156 1
62 62 141169 1
72 48 141302 0
91 99 141315 0
88 53 141352 0
30 92 141381 0
37 95 141386 0
27 87 141420 0
39 98 141436 0
85 97 141458 0
37 33 141473 0
49 28 141516 1
61 53 141555 1
109 64 141565 1
90 99 141580 0
59 81 141587 1
46 65 141598 0
87 33 141616 1
52 29 141665 1
72 49 141697 0
24 73 141699 0
85 34 141760 1
97 35 141762 1
86 50 141767 0
84 94 141814 0
29 88 141858 0
95 62 141886 0
109 65 141898 1
109 62 141924 1
40 40 141987 0
36 43 142061 0
85 53 142173 0
48 96 142206 0
47 71 142216 0
39 101 142238 0
92 35 142241 1
38 39 142242 0
26 82 142270 0
34 96 142314 0
94 60 142478 0
28 88 142484 0
91 34 142505 1
109 67 142560 1
38 34 142620 0
59 36 142627 1
90 34 142729 1
91 33 142839 1
37 41 142864 0
31 61 142896 0
32 56 142930 0
67 33 142959 1
38 95 143025 0
95 65 143062 0
30 60 143103 0
38 41 143117 0
93 36 143164 1
24 78 143176 0
26 83 143216 0
99 42 143230 1
96 40 143266 1
100 42 143282 1
102 45 143377 1
26 88 143455 0
70 49 143506 0
95 63 143534 0
94 57 143635 0
46 73 143655 0
37 38 143664 0
84 49 143669 0
109 71 143681 1
83 93 143686 0
27 88 143754 0
61 58 143756 1
108 76 143756 1
25 84 143775 0
109 69 143828 1
35 92 143872 0
78 32 143990 1
60 35 144008 1
28 86 144106 0
89 99 144116 0
86 98 144143 0
26 85 144165 0
107 55 144221 1
101 43 144285 1
78 49 144375 0
103 46 144413 1
41 74 144631 1
36 42 144639 0
38 36 144643 0
79 48 144696 0
43 70 144780 1
25 75 144797 0
85 89 144811 0
41 46 144828 0
58 36 144863 1
38 94 144874 1
54 35 144906 1
53 32 144944 1
37 39 144957 0
41 41 144970 0
57 31 145025 1
61 34 145157 1
41 95 145222 0
38 29 145241 0
90 33 145291 1
60 74 145468 1
87 34 145584 1
109 59 145592 1
24 79 145619 0
46 68 145666 0
50 27 145667 1
29 88 145736 0
42 78 145840 1
108 59 145855 1
86 49 145982 0
66 51 146005 0
95 67 146019 0
45 96 146020 0
81 49 146028 0
84 51 146077 0
42 72 146088 1
94 57 146093 0
93 55 146100 0
94 37 146213 1
49 98 146224 0
98 40 146300 1
49 27 146384 1
60 79 146451 1
75 31 146451 1
106 50 146465 1
61 56 146506 1
110 62 146511 1
85 97 146563 0
90 52 146585 0
69 33 146595 1
84 33 146621 1
41 73 146673 1
55 33 146691 1
88 99 146694 0
37 35 146737 0
92 56 146761 0
102 43 146824 1
101 44 146829 1
107 57 146829 1
38 95 146923 0
95 71 146952 0
43 28 147045 1
79 32 147063 1
51 29 147091 1
25 80 147167 0
43 68 147203 1
26 83 147245 0
39 95 147276 0
65 50 147289 0
108 55 147299 1
25 82 147357 0
68 33 147407 1
59 85 147436 1
95 37 147458 1
46 65 147467 0
42 26 147523 1
28 86 147551 0
84 95 147559 0
37 7 147658 0
84 50 147660 0
83 47 147704 0
95 61 147732 0
83 95 147778 0
95 70 147850 0
84 49 147850 0
30 88 147942 0
61 61 147948 1
29 86 147999 0
33 89 148002 0
95 58 148058 0
96 65 148093 0
38 39 148175 0
57 33 148195 1
94 36 148196 1
40 41 148271 0
109 68 148333 1
60 75 148351 1
85 98 148393 0
89 99 148506 0
80 32 148591 1
87 51 148679 0
94 57 148704 0
42 71 148758 1
74 48 148802 0
40 40 148810 0
87 98 148823 0
105 52 148831 1
94 60 148838 0
22 76 148927 0
53 33 148939 1
48 96 148973 0
77 47 148977 0
27 85 149003 0
84 91 149143 0
62 52 149272 0
93 35 149301 1
48 26 149379 1
62 65 149431 1
86 98 149438 0
60 77 149472 1
89 52 149504 0
25 69 149621 0
26 68 149632 0
76 47 149677 0
56 36 149689 1
28 88 149695 0
93 54 149726 0
45 26 149734 1
29 54 149850 0
81 48 149860 0
30 61 149963 0
76 32 149966 1
52 31 150065 1
97 41 150068 1
29 88 150087 0
108 74 150101 1
26 71 150124 0
46 26 150140 1
103 47 150196 1
40 75 150216 1
104 47 150218 1
62 63 150299 1
60 76 150310 1
75 32 150409 1
45 96 150430 0
26 85 150449 0
97 39 150599 1
89 51 150634 0
48 70 150726 0
43 77 150855 1
95 73 150905 0
66 33 150933 1
33 92 150960 0
23 77 151050 0
28 86 151109 0
105 50 151144 1
103 45 151147 1
109 74 151254 1
96 72 151281 0
46 73 151304 0
48 97 151327 0
83 49 151337 0
61 66 151392 1
82 93 151404 0
41 96 151410 0
60 83 151447 1
85 95 151494 0
95 61 151504 0
37 38 151535 0
38 36 151629 0
59 77 151778 1
92 36 151892 1
83 53 151959 0
38 95 151969 0
42 97 152090 0
96 65 152097 0
34 94 152176 0
88 33 152291 1
84 95 152357 0
52 30 152550 1
25 82 152557 0
61 62 152601 1
47 66 152635 0
94 57 152717 0
96 66 152831 0
45 63 152867 0
96 69 152878 0
87 98 152978 0
71 47 152986 0
58 88 153034 1
25 79 153108 0
37 33 153125 0
34 93 153132 0
34 92 153272 0
77 32 153322 1
87 96 153365 0
41 46 153700 0
45 76 153706 0
74 47 153735 0
89 99 153755 0
38 41 153776 0
39 39 153876 0
27 86 153946 0
89 51 153960 0
46 68 154061 0
85 96 154089 0
25 88 154115 0
38 39 154119 0
35 101 154167 0
84 49 154245 0
89 52 154260 0
100 44 154304 1
26 71 154560 0
93 60 154646 0
91 53 154647 0
96 67 154668 0
24 79 154670 0
30 92 154798 0
109 63 154863 1
26 83 154879 0
96 70 154919 0
85 95 154946 0
83 96 154980 0
109 58 154997 1
85 33 155030 1
90 98 155063 0
85 101 155202 0
62 67 155282 1
106 51 155378 1
27 88 155389 0
81 47 155456 0
109 61 155469 1
94 98 155513 0
40 27 155552 1
81 51 155582 0
87 50 155663 0
37 94 155682 0
95 97 155799 0
97 68 155818 0
54 34 155820 1
86 98 155858 0
96 72 155921 0
48 98 156076 0
77 50 156083 0
89 97 156123 0
82 48 156159 0
93 97 156204 0
85 97 156226 0
95 61 156239 0
105 49 156249 1
92 56 156257 0
83 48 156270 0
89 109 156282 0
96 65 156284 0
84 90 156321 0
46 70 156369 0
37 101 156406 0
47 96 156423 0
100 41 156465 1
93 99 156489 0
109 76 156499 1
43 95 156521 0
81 32 156525 1
41 96 156552 0
81 93 156583 0
61 63 156620 1
96 66 156649 0
37 31 156675 0
107 52 156691 1
68 49 156703 0
91 35 156708 1
73 48 156709 0
61 65 156796 1
61 55 156798 1
62 60 156834 1
97 40 156926 1
96 69 157013 0
109 75 157016 1
20 66 157024 0
94 57 157056 0
61 60 157076 1
92 58 157105 0
94 65 157194 0
96 38 157199 1
93 33 157268 1
93 98 157268 0
39 36 157317 0
82 32 157323 1
89 51 157357 0
86 97 157409 0
94 75 157409 0
85 96 157412 0
83 98 157425 0
95 68 157487 0
31 56 157495 0
66 51 157498 0
28 86 157554 0
107 55 157569 1
47 66 157719 0
87 98 157721 0
84 95 157729 0
107 53 157730 1
51 97 157811 0
104 48 157861 1
53 31 157888 1
42 95 157925 0
74 32 157966 1
85 95 157981 0
34 93 157985 0
92 99 157996 0
54 32 158034 1
104 40 158037 1
50 28 158047 1
38 94 158054 0
53 30 158066 1
83 49 158077 0
109 60 158100 1
37 36 158121 0
41 75 158227 1
47 69 158383 0
106 52 158399 1
40 43 158408 0
87 51 158453 0
32 93 158455 0
47 98 158471 0
39 29 158477 0
55 35 158486 1
22 88 158566 0
91 59 158677 0
62 58 158706 1
39 30 158711 0
102 44 158722 1
109 71 158760 1
37 94 158769 0
82 48 158783 0
47 65 158796 0
26 76 158801 0
25 76 158832 0
100 42 158847 1
107 80 158847 1
83 33 158866 1
97 38 158874 1
109 62 158965 1
96 63 158973 0
94 35 158994 1
107 54 159044 1
108 56 159055 1
61 59 159087 1
74 47 159091 0
96 70 159099 0
38 32 159100 0
96 68 159106 0
95 58 159121 0
69 32 159147 1
62 68 159152 1
37 7 159160 1
62 57 159228 1
25 82 159275 0
62 61 159290 1
90 34 159349 1
109 66 159410 1
89 34 159423 1
39 40 159558 0
60 78 159566 1
41 41 159628 0
42 77 159667 1
56 35 159695 1
26 49 159696 0
82 52 159787 0
43 96 159825 0
30 91 159844 0
36 100 159848 0
109 73 159876 1
99 42 159914 1
26 81 159984 0
92 34 159986 1
109 70 159986 1
84 90 159990 0
42 76 160014 1
109 72 160026 1
109 45 160077 1
34 54 160120 0
41 77 160123 1
27 84 160161 0
96 37 160191 1
61 57 160194 1
94 41 160195 0
41 95 160215 0
43 67 160294 1
78 32 160298 1
84 93 160304 0
27 66 160318 0
85 47 160335 0
86 33 160373 1
60 72 160392 1
37 38 160397 0
38 34 160435 0
59 84 160439 1
30 97 160441 0
109 69 160444 1
29 88 160480 0
60 80 160488 1
105 48 160518 1
98 40 160558 1
87 101 160594 0
47 67 160616 0
109 45 160738 0
109 64 160739 1
55 34 160771 1
25 78 160792 0
45 96 160808 0
85 96 160817 0
99 41 160924 1
26 82 160948 0
86 102 160960 0
102 45 160986 1
73 32 160987 1
101 44 161004 1
79 32 161093 1
70 32 161096 1
26 85 161105 0
110 64 161112 1
39 35 161160 0
95 36 161167 1
44 96 161215 0
25 77 161424 0
96 69 161447 0
89 52 161452 0
53 32 161455 1
54 33 161464 1
89 51 161542 0
95 73 161553 0
38 94 161567 0
39 49 161591 1
62 59 161605 1
96 66 161638 0
29 86 161648 0
89 99 161667 0
27 82 161737 0
26 71 161755 0
90 78 161765 0
82 48 161770 0
41 76 161838 1
61 70 162012 1
47 24 162061 1
105 47 162081 1
38 95 162157 0
94 36 162200 1
56 90 162201 1
91 34 162213 1
51 95 162215 0
52 29 162229 1
40 42 162239 0
109 61 162281 1
96 63 162312 0
108 54 162326 1
82 33 162372 1
62 34 162391 1
49 28 162394 1
49 27 162400 1
65 51 162442 0
26 84 162460 0
44 94 162472 0
44 26 162472 1
83 32 162509 1
60 86 162559 1
61 68 162683 1
41 96 162735 0
96 72 162787 0
31 87 162844 0
59 83 162863 1
89 33 162886 1
60 79 162934 1
99 40 162947 1
96 65 162976 0
104 47 163038 1
46 25 163050 1
66 32 163067 1
84 32 163083 1
96 68 163086 0
34 93 163106 0
83 47 163111 0
61 54 163186 1
70 49 163188 0
95 56 163207 0
87 96 163268 0
67 32 163295 1
47 71 163307 0
26 81 163351 0
25 83 163418 0
49 26 163488 1
62 66 163520 1
27 84 163529 0
39 36 163540 0
44 78 163576 1
36 96 163635 0
47 26 163695 1
68 32 163781 1
95 37 163804 1
93 54 163958 0
72 32 164027 1
62 33 164111 1
96 70 164166 0
101 42 164167 1
42 75 164186 1
35 95 164210 0
50 27 164222 1
86 34 164274 1
85 95 164282 0
109 68 164282 1
42 74 164295 1
84 90 164446 0
44 77 164455 1
60 34 164601 1
61 67 164604 1
71 31 164680 1
62 62 164813 1
41 42 164814 0
39 40 164829 0
44 25 164925 1
101 43 164945 1
25 75 165004 0
40 49 165010 1
109 59 165081 1
46 65 165082 0
95 61 165103 0
33 89 165120 0
38 37 165130 0
96 71 165131 0
38 39 165227 0
34 92 165272 0
39 94 165327 0
36 93 165345 0
96 64 165363 0
40 40 165409 0
89 57 165421 0
60 76 165450 1
25 70 165455 0
51 28 165497 1
44 96 165502 0
63 66 165528 1
25 71 165532 0
87 34 165568 1
96 63 165569 0
40 96 165607 0
85 96 165720 0
37 34 165757 0
27 82 165768 0
106 51 165772 1
41 26 165822 1
61 58 165898 1
105 50 165931 1
90 98 165939 0
43 95 165952 0
82 48 166141 0
57 35 166142 1
81 47 166267 0
60 74 166384 1
23 85 166446 0
59 35 166584 1
36 95 166606 0
29 63 166614 0
47 27 166641 1
79 54 166826 0
44 66 166856 1
87 98 166868 0
42 27 166877 1
44 97 166879 0
84 33 166883 1
38 94 166888 0
51 29 166965 1
84 95 167092 0
91 56 167168 0
93 35 167175 1
37 36 167221 0
45 97 167289 0
109 45 167365 1
85 89 167373 0
23 89 167375 0
62 64 167489 1
109 45 167525 0
83 49 167691 0
75 47 167734 0
44 67 167756 1
24 73 167817 0
96 68 167887 0
94 72 168054 0
42 45 168120 0
52 30 168161 1
86 96 168400 0
40 42 168431 0
83 48 168471 0
79 49 168541 0
26 81 168711 0
27 84 168730 0
38 38 168819 0
13 85 168890 0
38 96 168894 0
42 42 169033 0
96 69 169067 0
47 72 169159 0
36 93 169189 0
103 46 169297 1
31 92 169368 0
89 98 169417 0
80 47 169474 0
109 51 169495 0
109 63 169495 1
96 63 169553 0
44 27 169554 1
30 88 169757 0
94 73 169770 0
96 64 169821 0
86 49 169855 0
89 97 169868 0
86 98 169875 0
48 26 169877 1
38 37 169881 0
85 87 169919 0
97 68 169978 0
84 90 170013 0
39 40 170135 0
80 50 170182 0
109 74 170193 1
28 86 170292 0
71 48 170444 0
30 94 170534 0
47 73 170576 0
90 52 170586 0
52 94 170644 0
96 71 170707 0
68 50 170743 0
92 56 170880 0
23 76 170893 0
93 62 170960 0
25 89 170993 0
39 35 171007 0
46 97 171054 0
32 58 171135 0
40 96 171147 0
26 76 171167 0
60 82 171172 1
93 78 171191 0
75 50 171218 0
27 69 171299 0
74 47 171311 0
40 43 171356 0
39 38 171377 0
34 99 171393 0
86 96 171530 0
44 96 171571 0
37 94 171588 0
76 50 171655 0
33 58 171657 0
47 66 171658 0
25 83 171740 0
76 32 171886 1
38 36 171905 0
26 83 171981 0
39 95 172009 0
60 84 172009 1
24 71 172026 0
42 45 172132 0
103 45 172154 1
97 39 172162 1
50 26 172209 1
69 49 172268 0
32 96 172295 0
80 47 172336 0
96 70 172559 0
42 42 172586 0
109 57 172668 1
48 96 172718 0
89 51 172843 0
106 83 172890 1
30 87 172923 0
61 78 172948 1
83 50 172986 0
32 93 173089 0
34 93 173192 0
117 107 173279 1
105 49 173327 1
32 90 173371 0
36 93 173416 0
60 75 173420 1
61 69 173478 1
92 98 173502 0
77 31 173580 1
97 40 173680 1
85 25 173710 1
61 60 173714 1
104 46 173718 1
63 62 173795 1
96 64 173835 0
109 58 173901 1
39 31 174011 0
42 73 174044 1
61 56 174110 1
91 35 174113 1
89 98 174120 0
87 33 174231 1
47 72 174305 0
107 53 174320 1
96 66 174326 0
38 37 174361 0
59 73 174377 1
35 94 174417 0
65 33 174434 1
94 58 174576 0
86 100 174799 0
38 38 174818 0
50 28 174972 1
105 85 175139 1
96 61 175208 0
91 62 175208 0
80 47 175234 0
81 32 175361 1
86 96 175388 0
109 45 175392 1
59 86 175413 1
35 95 175415 0
39 38 175461 0
91 99 175509 0
27 83 175601 0
61 71 175674 1
24 79 175686 0
44 97 175718 0
46 66 175764 0
85 96 175802 0
109 45 175860 0
25 82 175936 0
52 28 175991 1
68 33 176109 1
106 50 176236 1
102 46 176284 1
46 96 176315 0
108 55 176364 1
87 49 176395 0
63 63 176399 1
61 77 176442 1
40 42 176464 0
110 63 176649 1
87 31 176783 1
82 32 176802 1
63 64 176886 1
108 56 176886 1
100 42 176971 1
109 78 177070 1
62 32 177075 1
42 45 177108 0
36 36 177182 0
83 30 177247 1
24 90 177377 0
26 72 177443 0
47 73 177576 0
38 35 177828 0
69 33 177952 1
39 94 177992 0
30 87 178034 0
48 70 178049 0
94 54 178179 0
32 90 178185 0
65 50 178350 0
56 35 178389 1
45 26 178407 1
59 85 178538 1
40 96 178796 0
96 64 178835 0
92 98 178934 0
79 48 179133 0
71 48 179204 0
37 36 179253 0
79 25 179303 1
96 61 179506 0
98 40 179573 1
99 92 179599 1
36 96 179739 0
42 44 179804 0
63 65 179805 1
46 26 179970 1
96 68 180056 0
80 47 180278 0
27 83 180292 0
38 37 180398 0
96 63 180492 0
96 71 180536 0
35 93 180867 0
32 92 180930 0
43 77 180948 1
82 93 181037 0
87 49 181047 0
49 96 181055 0
88 97 181073 0
38 38 181186 0
20 82 181196 0
60 77 181215 1
37 43 181270 0
109 60 181571 1
46 96 181732 0
90 99 181849 0
73 47 181955 0
61 73 182017 1
46 73 182074 0
95 60 182134 0
56 34 182178 1
64 32 182270 1
39 40 182295 0
31 89 182311 0
48 67 182502 0
85 33 182548 1
95 58 182586 0
35 94 182616 0
94 57 182633 0
89 98 182676 0
31 88 182684 0
20 86 182822 0
102 44 183100 1
96 60 183165 0
39 38 183190 0
104 47 183276 1
77 45 183290 0
53 31 183290 1
109 71 183307 1
94 54 183377 0
86 96 183412 0
26 68 183427 0
36 37 183478 0
23 98 183515 0
42 42 183590 0
110 67 183650 1
38 35 183704 0
83 33 183757 1
96 61 183809 0
82 48 183818 0
32 90 183825 0
17 69 183835 0
29 89 183900 0
34 56 183955 0
94 36 183957 1
41 74 184096 1
87 96 184133 0
107 55 184164 1
74 32 184219 1
32 89 184279 0
85 47 184281 0
42 44 184475 0
67 33 184488 1
90 98 184544 0
54 32 184645 1
109 62 184685 1
60 83 184702 1
83 47 184718 0
79 32 184755 1
97 70 184809 0
43 97 184817 0
84 90 184861 0
95 56 184875 0
28 88 184877 0
38 41 184880 0
62 63 184934 1
28 98 185017 0
42 95 185027 0
88 97 185036 0
39 93 185045 0
42 76 185046 1
98 39 185047 1
47 74 185047 0
47 96 185087 0
81 47 185105 0
106 49 185111 1
109 61 185182 1
60 85 185186 1
110 69 185193 1
41 41 185198 0
100 41 185226 1
39 39 185252 0
42 99 185261 0
92 98 185310 0
106 51 185335 1
26 71 185348 0
40 97 185350 0
35 92 185415 0
84 96 185424 0
34 55 185441 0
89 34 185464 1
47 72 185496 0
25 81 185526 0
90 34 185526 1
34 95 185561 0
87 49 185575 0
47 65 185582 0
96 37 185651 1
71 47 185707 0
93 63 185753 0
84 92 185761 0
31 94 185771 0
73 49 185778 0
70 50 185802 0
102 43 185811 1
50 96 185839 0
93 97 185863 0
54 33 185865 1
25 87 185879 0
43 69 185901 1
108 78 185930 1
39 36 185956 0
27 79 185981 0
27 65 185993 0
25 61 186005 0
78 32 186021 1
109 73 186081 1
29 86 186126 0
55 34 186164 1
27 83 186239 0
90 74 186257 0
84 91 186273 0
89 53 186279 0
61 59 186294 1
96 64 186306 0
25 80 186324 0
65 32 186391 1
37 38 186401 0
35 93 186406 0
98 92 186408 1
96 60 186423 0
61 57 186423 1
88 102 186472 0
27 85 186498 0
43 101 186499 0
27 82 186521 0
79 49 186558 0
52 95 186614 0
80 49 186632 0
38 94 186648 0
39 97 186675 0
42 45 186676 0
41 95 186681 0
16 71 186682 0
89 97 186738 0
47 69 186741 0
91 74 186761 0
88 33 186768 1
59 87 186769 1
24 77 186793 0
41 96 186806 0
98 38 186843 1
101 44 186856 1
61 53 186878 1
45 25 186899 1
105 48 186906 1
95 60 186975 0
33 89 187004 0
62 65 187080 1
92 53 187094 0
52 29 187101 1
60 80 187201 1
62 58 187210 1
63 32 187212 1
107 53 187284 1
60 72 187316 1
27 84 187341 0
38 34 187349 0
26 72 187386 0
24 83 187404 0
46 96 187458 0
95 37 187485 1
91 34 187519 1
71 32 187521 1
110 62 187560 1
31 87 187604 0
90 33 187616 1
47 25 187646 1
26 81 187653 0
62 57 187689 1
85 89 187741 0
61 75 187774 1
94 56 187881 0
67 51 187912 0
62 61 187913 1
26 82 187988 0
49 27 187998 1
29 63 188021 0
73 47 188085 0
31 89 188124 0
110 72 188161 1
41 40 188199 0
95 36 188257 1
47 26 188336 1
97 38 188339 1
80 47 188383 0
94 35 188385 1
61 80 188396 1
25 83 188435 0
79 47 188437 0
32 89 188468 0
50 27 188492 1
103 45 188545 1
110 58 188583 1
109 59 188642 1
31 88 188757 0
60 79 188767 1
57 35 188800 1
109 75 188881 1
48 67 188895 0
97 68 188923 0
62 56 189012 1
109 60 189045 1
61 55 189075 1
97 39 189141 1
89 50 189162 0
107 81 189258 1
88 97 189264 0
36 93 189277 0
44 96 189296 0
41 73 189337 1
46 66 189354 0
41 76 189402 1
96 38 189407 1
38 45 189492 0
61 72 189554 1
84 32 189585 1
51 27 189633 1
66 33 189652 1
62 59 189702 1
110 68 189735 1
109 76 189800 1
108 56 189800 1
89 32 189810 1
43 70 189871 1
94 54 189873 0
49 26 189877 1
37 92 189881 0
79 31 189926 1
61 76 189961 1
67 31 189967 1
59 88 189989 1
51 28 190020 1
110 64 190116 1
108 55 190152 1
109 69 190275 1
53 30 190286 1
30 87 190318 0
38 32 190344 0
69 31 190349 1
107 52 190488 1
32 58 190620 0
83 32 190693 1
105 49 190753 1
28 87 190813 0
41 27 190906 1
50 24 190948 1
33 88 190963 0
98 40 190983 1
62 55 191003 1
26 76 191008 0
109 58 191023 1
97 70 191137 0
110 65 191332 1
86 48 191407 0
45 24 191514 1
63 33 191537 1
96 61 191539 0
84 92 191544 0
42 44 191646 0
93 35 191716 1
43 27 191818 1
39 35 191987 0
108 92 191994 1
61 54 192005 1
110 59 192012 1
61 74 192108 1
40 94 192151 0
63 61 192155 1
42 25 192189 1
92 33 192343 1
88 52 192370 0
105 42 192378 1
80 48 192414 0
95 35 192440 1
105 92 192459 1
70 32 192488 1
106 48 192490 1
88 50 192508 0
99 40 192512 1
73 32 192566 1
37 51 192638 1
38 38 192672 0
98 31 192698 1
61 32 192698 1
104 46 192766 1
80 71 192851 1
80 31 192851 1
113 17 192884 1
70 31 192894 1
94 56 192900 0
47 74 192978 0
81 32 193194 1
42 26 193245 1
110 28 193286 1
35 93 193299 0
96 60 193299 0
48 26 193332 1
92 53 193385 0
38 37 193511 0
106 47 193593 1
75 31 193641 1
89 50 193716 0
56 35 193727 1
78 31 193804 1
44 77 193818 1
61 70 193824 1
109 74 193867 1
37 32 193911 0
62 67 193998 1
102 40 194035 1
110 71 194088 1
108 80 194144 1
120 96 194164 1
77 48 194231 0
110 66 194457 1
107 82 194458 1
108 53 194490 1
38 35 194520 0
102 44 194526 1
106 50 194557 1
91 98 194581 0
43 76 194605 1
47 49 194667 1
42 76 194705 1
91 28 194710 1
110 61 194755 1
50 28 194763 1
43 25 194778 1
110 70 194813 1
63 60 194890 1
25 81 194892 0
54 32 194945 1
60 84 194960 1
64 33 195223 1
34 55 195275 0
110 63 195366 1
109 66 195366 1
95 60 195406 0
85 95 195409 0
110 60 195425 1
86 48 195436 0
6 25 195492 1
68 114 195504 1
67 32 195504 1
55 33 195558 1
111 63 195566 1
42 75 195616 1
106 84 195622 1
106 51 195624 1
62 121 195630 1
45 95 195710 0
78 30 195763 1
29 64 195799 0
60 76 195896 1
96 62 195991 0
84 48 196058 0
74 31 196117 1
50 95 196138 0
104 45 196189 1
98 95 196227 1
100 92 196264 1
95 58 196279 0
103 45 196294 1
100 40 196322 1
108 54 196384 1
113 55 196455 1
62 62 196575 1
95 56 196582 0
110 57 196610 1
97 37 196626 1
93 34 196650 1
38 31 196688 0
91 33 196728 1
13 85 196733 0
107 53 196739 1
98 39 196825 1
85 47 196881 0
87 96 196937 0
92 54 196954 0
101 42 196959 1
109 57 197044 1
79 47 197050 0
43 68 197057 1
109 56 197086 1
100 41 197087 1
62 53 197091 1
96 36 197126 1
69 32 197144 1
86 96 197214 0
55 34 197229 1
50 25 197248 1
89 33 197252 1
96 37 197280 1
96 72 197305 0
45 90 197318 1
41 40 197328 0
52 30 197389 1
97 33 197394 1
108 79 197413 1
104 47 197414 1
100 42 197418 1
43 95 197507 0
88 97 197540 0
53 29 197596 1
68 31 197665 1
39 30 197711 0
83 47 197800 0
47 73 197808 0
57 34 197894 1
105 48 197912 1
72 32 197916 1
110 69 197917 1
82 32 197932 1
95 36 197954 1
57 88 197985 1
45 96 198059 0
92 78 198077 0
39 96 198092 0
47 62 198109 0
43 96 198117 0
107 80 198154 1
54 31 198155 1
77 46 198161 0
32 89 198175 0
60 35 198207 1
42 72 198217 1
61 79 198217 1
41 77 198224 1
109 77 198287 1
42 42 198317 0
88 50 198339 0
103 44 198391 1
77 31 198398 1
79 32 198411 1
74 32 198477 1
50 96 198497 0
44 68 198526 1
90 62 198542 0
72 31 198561 1
34 92 198568 0
73 31 198587 1
47 97 198590 0
31 89 198630 0
42 71 198635 1
62 54 198668 1
109 63 198684 1
32 90 198710 0
107 51 198728 1
43 71 198730 1
94 56 198755 0
52 29 198769 1
40 94 198790 0
97 39 198794 1
40 40 198798 0
102 43 198801 1
81 31 198843 1
88 31 198844 1
92 98 198938 0
27 83 198941 0
86 48 198959 0
53 94 199009 0
80 29 199012 1
110 62 199028 1
30 86 199044 0
77 45 199070 0
92 34 199078 1
43 67 199078 1
48 70 199096 0
106 49 199104 1
46 25 199107 1
104 46 199126 1
39 94 199141 0
27 67 199159 0
108 55 199166 1
47 95 199207 0
28 81 199273 0
47 67 199299 0
94 54 199326 0
91 98 199343 0
39 41 199354 0
89 34 199355 1
89 50 199360 0
110 67 199368 1
81 47 199371 0
84 92 199391 0
62 64 199391 1
97 38 199434 1
90 98 199467 0
83 93 199483 0
109 58 199512 1
89 97 199521 0
27 72 199526 0
35 92 199534 0
57 35 199547 1
72 48 199580 0
28 87 199601 0
26 71 199605 0
25 73 199625 0
48 25 199638 1
37 94 199676 0
65 49 199735 0
65 50 199766 0
66 32 199771 1
93 52 199847 0
84 33 199870 1
33 89 199879 0
96 60 199893 0
68 49 199917 0
61 68 199965 1
39 38 199982 0
61 69 199989 1
0 0 200010 0
