97 56 0 1
33 73 158 0
61 85 169 1
85 67 203 0
96 90 376 0
39 56 402 0
70 63 471 0
35 52 606 0
41 56 892 0
34 88 973 0
50 97 1057 0
31 48 1063 0
91 92 1336 0
34 50 1360 0
90 52 1366 1
110 70 1390 1
93 72 1432 0
93 70 1539 0
71 63 1630 0
39 55 2053 0
92 70 2333 0
104 60 2360 1
28 49 2639 0
46 97 2711 0
34 49 2818 0
67 62 2819 0
48 97 2912 0
53 72 3042 0
89 51 3418 1
36 52 3929 0
110 69 4240 1
52 70 4244 0
34 70 4622 0
88 50 5090 1
33 88 5238 0
32 76 5321 0
80 47 5419 1
67 45 5433 1
32 77 5513 0
82 67 5543 0
31 46 5987 0
34 88 6175 0
85 67 6291 0
74 64 6376 0
86 68 6648 0
34 90 6955 0
77 45 7037 1
92 70 7040 0
38 54 7041 0
50 41 7172 1
82 66 7254 0
92 53 7281 1
82 91 7339 0
71 63 7591 0
68 88 7847 1
62 44 8100 1
35 52 8175 0
93 72 8655 0
45 97 8656 0
76 46 8863 1
34 49 8929 0
101 59 8932 1
32 84 9182 0
99 57 9388 1
93 54 9480 1
93 71 9774 0
102 59 9781 1
91 77 9807 1
39 55 9811 0
109 69 9861 1
91 53 9866 1
104 61 9926 1
100 57 10016 1
38 94 10128 0
92 72 10225 0
110 72 10228 1
90 69 10307 0
79 46 10454 1
95 89 10457 0
98 89 10587 0
33 87 10652 0
85 68 10661 0
100 34 10825 0
95 54 11016 1
93 53 11020 1
107 64 11052 1
77 46 11064 1
81 48 11091 1
36 52 11160 0
95 90 11183 0
94 73 11223 0
99 89 11416 0
101 58 11427 1
110 79 11432 1
83 94 11476 0
107 63 11515 1
108 66 11524 1
109 67 11539 1
69 61 11552 0
93 76 11578 1
34 50 11653 0
92 70 11786 0
64 43 11789 1
91 69 11795 0
76 64 11826 0
43 97 11852 0
80 65 11931 0
72 45 11993 1
65 76 12017 1
76 45 12063 1
109 68 12063 1
96 90 12065 0
83 92 12067 0
88 93 12072 0
94 54 12085 1
106 62 12104 1
87 68 12126 0
98 90 12157 0
84 93 12158 0
109 45 12162 1
105 61 12189 1
83 48 12204 1
39 95 12230 0
65 77 12256 1
82 92 12298 0
67 44 12306 1
108 64 12341 1
109 45 12370 0
97 56 12391 1
65 79 12404 1
32 80 12411 0
110 76 12414 1
84 49 12414 1
46 38 12469 1
67 67 12481 1
110 77 12511 1
81 47 12527 1
47 79 12537 1
109 66 12540 1
86 49 12561 1
51 43 12564 1
87 94 12586 0
39 53 12628 0
104 61 12657 1
74 64 12662 0
49 96 12704 0
41 95 12715 0
87 50 12721 1
50 42 12727 1
67 71 12753 1
82 91 12784 0
58 44 12824 1
90 52 12836 1
29 45 12872 0
51 67 12879 0
101 59 12888 1
29 41 12918 0
88 94 12974 0
52 43 12975 1
66 65 12997 1
93 70 13056 0
81 92 13070 0
99 56 13078 1
98 56 13080 1
52 76 13082 0
48 75 13116 1
55 43 13134 1
46 98 13155 0
59 44 13157 1
91 53 13160 1
73 62 13162 0
110 68 13177 1
61 44 13206 1
44 36 13230 1
37 52 13255 0
43 32 13275 1
45 36 13307 1
110 69 13339 1
55 44 13417 1
34 68 13426 0
85 69 13438 0
38 53 13528 0
58 45 13541 1
68 62 13609 0
29 43 13626 0
27 41 13626 0
29 44 13641 0
32 82 13649 0
93 54 13668 1
47 38 13691 1
52 71 13744 0
75 64 13785 0
69 44 13801 1
67 70 13820 1
36 65 13826 0
35 65 13879 0
32 83 13920 0
35 92 13947 0
49 41 14018 1
53 72 14073 0
46 37 14102 1
111 74 14114 1
26 41 14120 0
41 31 14129 1
82 48 14152 1
66 72 14155 1
68 61 14159 0
71 63 14165 0
51 96 14173 0
48 80 14211 1
33 86 14322 0
35 91 14328 0
102 58 14331 1
40 58 14335 0
86 94 14342 0
93 71 14353 0
117 95 14393 0
85 67 14393 0
35 75 14413 0
35 88 14413 0
33 48 14422 0
42 31 14426 1
41 97 14445 0
37 94 14491 0
35 90 14493 0
89 93 14503 0
32 49 14531 0
44 35 14573 1
43 31 14677 1
37 30 14706 1
43 30 14730 1
100 57 14735 1
29 37 14753 0
32 73 14759 0
47 39 14764 1
43 33 14765 1
91 69 14794 0
37 63 14814 0
33 49 14826 0
43 98 14827 0
87 49 14842 1
92 76 14843 1
104 60 14863 1
52 69 14865 0
32 81 14878 0
36 64 14907 0
81 88 14911 0
71 45 14941 1
65 80 14946 1
35 50 14955 0
80 47 14969 1
34 49 14980 0
45 97 15005 0
52 68 15019 0
48 97 15026 0
89 51 15111 1
34 88 15112 0
84 94 15115 0
37 92 15149 0
46 97 15198 0
31 87 15254 0
53 44 15300 1
98 89 15304 0
92 53 15327 1
105 62 15355 1
47 40 15364 1
32 47 15390 0
90 92 15397 0
33 73 15397 0
32 79 15402 0
105 86 15433 0
30 47 15434 0
111 75 15446 1
43 96 15475 0
41 29 15508 1
81 48 15557 1
70 44 15557 1
61 43 15582 1
36 29 15604 1
45 35 15608 1
82 65 15610 0
99 57 15676 1
32 74 15680 0
85 66 15717 0
48 39 15727 1
91 52 15759 1
98 55 15779 1
107 64 15835 1
63 43 15853 1
41 95 15868 0
66 66 15893 1
48 40 15896 1
66 74 15916 1
86 66 15924 0
65 78 15936 1
39 94 16016 0
37 52 16034 0
32 84 16035 0
28 42 16042 0
97 55 16048 1
92 70 16054 0
32 48 16126 0
94 54 16146 1
103 59 16219 1
43 97 16225 0
41 32 16245 1
34 31 16302 1
39 95 16307 0
39 53 16313 0
41 57 16350 0
81 93 16361 0
31 46 16389 0
76 64 16400 0
50 41 16403 1
83 48 16422 1
65 43 16431 1
101 58 16431 1
87 93 16450 0
51 43 16534 1
74 45 16548 1
66 71 16628 1
93 53 16679 1
67 72 16682 1
45 34 16682 1
99 72 16683 1
40 30 16706 1
32 80 16756 0
110 67 16789 1
29 41 16801 0
38 94 16808 0
93 90 16825 0
51 76 16884 0
31 47 16903 0
33 90 16925 0
44 32 16934 1
44 33 16945 1
71 44 16974 1
84 48 16982 1
41 74 17017 0
41 30 17017 1
93 70 17073 0
40 57 17109 0
88 50 17117 1
39 59 17142 0
29 36 17161 0
35 70 17170 0
50 42 17181 1
95 54 17183 1
92 91 17196 0
55 45 17293 1
85 94 17339 0
87 50 17351 1
47 38 17351 1
38 30 17351 1
49 40 17358 1
59 32 17366 0
36 63 17370 0
27 19 17379 0
49 81 17381 1
90 52 17389 1
36 52 17393 0
95 89 17398 0
33 72 17411 0
49 41 17412 1
72 44 17416 1
69 61 17487 0
66 76 17491 1
104 61 17493 1
29 44 17526 0
54 43 17542 1
33 81 17545 0
37 53 17622 0
51 67 17629 0
43 99 17654 0
48 41 17660 1
46 37 17668 1
66 75 17690 1
110 80 17691 1
84 96 17692 0
28 45 17751 0
35 30 17762 1
33 71 17791 0
60 45 17842 1
81 76 17842 0
27 43 17937 0
27 44 17937 0
111 72 18024 1
84 93 18042 0
32 85 18045 0
45 36 18047 1
73 45 18071 1
52 43 18094 1
31 83 18166 0
81 89 18179 0
63 85 18186 1
58 65 18264 1
109 65 18267 1
33 78 18325 0
78 65 18371 0
33 48 18404 0
99 89 18517 0
82 91 18573 0
86 49 18590 1
103 60 18606 1
70 45 18608 1
85 49 18609 1
82 65 18657 0
39 29 18669 1
48 76 18708 1
92 73 18731 0
34 50 18745 0
85 50 18766 1
34 49 18773 0
33 74 18777 0
81 47 18826 1
77 46 18869 1
107 63 18947 1
28 36 18952 0
47 97 18969 0
35 88 19005 0
63 44 19015 1
40 97 19061 0
42 30 19112 1
67 44 19116 1
47 78 19123 1
80 91 19188 0
35 90 19220 0
52 70 19223 0
38 52 19229 0
47 39 19307 1
55 44 19339 1
32 47 19472 0
32 76 19482 0
90 53 19537 1
79 46 19553 1
105 61 19565 1
41 31 19635 1
59 43 19637 1
101 57 19712 1
39 94 19734 0
39 30 19751 1
40 29 19819 1
85 66 19888 0
83 85 19910 0
75 45 19963 1
88 93 20003 0
64 81 20078 1
49 80 20151 1
40 96 20158 0
35 51 20183 0
56 44 20282 1
33 70 20285 0
69 64 20304 0
57 44 20368 1
82 66 20489 0
106 62 20559 1
42 97 20575 0
91 53 20807 1
39 54 20809 0
45 32 20845 1
94 53 20847 1
35 67 20919 0
96 89 20936 0
109 67 21015 1
45 97 21119 0
54 44 21132 1
43 31 21148 1
62 44 21157 1
46 35 21254 1
38 53 21276 0
47 77 21293 1
47 79 21321 1
36 51 21364 0
97 56 21594 1
41 96 21638 0
89 78 21699 1
57 43 21753 1
66 44 21770 1
28 41 21861 0
109 66 21873 1
68 62 21895 0
71 62 21984 0
111 71 22026 1
83 88 22210 0
53 43 22232 1
100 57 22287 1
41 56 22353 0
111 73 22403 1
110 69 22441 1
82 48 22564 1
110 71 22564 1
98 89 22640 0
64 43 22712 1
52 96 22789 0
76 64 22839 0
38 52 22849 0
85 94 22964 0
65 77 22965 1
35 89 22988 0
44 35 22992 1
77 63 23013 0
67 70 23050 1
50 80 23072 1
46 76 23086 1
40 31 23158 1
62 43 23248 1
62 86 23303 1
43 32 23331 1
91 76 23344 1
33 50 23348 0
66 65 23370 1
109 80 23437 1
65 79 23466 1
90 92 23567 0
108 64 23589 1
32 80 23693 0
81 91 23773 0
39 52 24007 0
45 35 24039 1
93 76 24063 1
67 68 24150 1
31 32 24212 1
51 41 24250 1
64 82 24317 1
44 34 24326 1
80 47 24343 1
82 65 24397 0
52 42 24428 1
75 46 24570 1
49 79 24749 1
70 44 24903 1
86 66 24929 0
36 89 24961 0
47 38 24987 1
60 44 25044 1
110 68 25082 1
46 36 25082 1
76 46 25096 1
83 92 25099 0
48 39 25271 1
37 92 25291 0
42 31 25343 1
80 46 25417 1
73 62 25573 0
93 72 25674 0
40 96 25697 0
36 64 25759 0
32 84 25912 0
53 72 25916 0
34 88 25934 0
109 81 25975 1
89 50 26010 1
82 86 26032 0
36 93 26045 0
41 96 26115 0
71 62 26158 0
104 60 26213 1
36 51 26247 0
93 70 26317 0
39 53 26321 0
39 54 26341 0
89 51 26358 1
71 63 26360 0
42 95 26391 0
38 29 26415 1
39 31 26446 1
74 64 26481 0
83 84 26611 0
37 51 26613 0
83 96 26649 0
52 68 26674 0
86 67 26676 0
49 96 26703 0
43 96 26708 0
35 52 26729 0
99 56 26803 1
34 70 26822 0
88 68 26867 0
35 91 26873 0
35 89 26923 0
77 63 26946 0
33 49 26952 0
32 77 26987 0
67 43 26997 1
73 65 27050 0
28 41 27068 0
37 94 27070 0
96 90 27086 0
38 52 27088 0
91 52 27110 1
30 38 27155 0
28 48 27172 0
41 95 27181 0
26 42 27256 0
32 82 27515 0
102 59 27517 1
102 88 27534 0
29 45 27599 0
55 94 27626 0
95 53 27650 1
46 97 27762 0
52 76 27774 0
33 78 27782 0
66 62 27859 1
33 81 27870 0
47 37 27922 1
90 67 27936 0
29 35 27959 0
49 97 28041 0
102 58 28062 1
78 65 28068 0
93 53 28096 1
92 53 28121 1
29 37 28139 0
34 49 28188 0
89 71 28195 0
43 33 28223 1
109 68 28280 1
87 68 28386 0
31 46 28393 0
49 71 28444 1
87 49 28494 1
34 86 28519 0
42 29 28800 1
97 55 28881 1
39 94 29024 0
51 96 29136 0
85 66 29294 0
92 52 29387 1
93 54 29403 1
101 58 29409 1
50 41 29423 1
48 74 29450 1
67 71 29540 1
44 31 29564 1
74 65 29599 0
64 80 29869 1
83 47 30121 1
111 70 30132 1
31 78 30168 0
49 41 30242 1
87 50 30307 1
53 95 30493 0
37 51 30505 0
90 51 30554 1
61 44 30565 1
53 42 30572 1
71 62 30578 0
51 43 30605 1
68 43 30725 1
40 96 30816 0
110 74 30845 1
58 44 30850 1
46 37 30961 1
98 55 31120 1
72 45 31137 1
33 77 31236 0
45 98 31303 0
96 89 31303 0
111 76 31318 1
101 59 31327 1
77 45 31348 1
107 64 31372 1
41 96 31388 0
39 52 31398 0
80 65 31436 0
32 51 31481 0
33 50 31595 0
48 78 31605 1
59 44 31666 1
88 68 31675 0
83 65 31723 0
86 67 31739 0
41 29 31801 1
82 89 31819 0
88 49 31844 1
35 50 31961 0
44 33 32012 1
32 32 32063 1
45 34 32093 1
36 53 32105 0
95 90 32148 0
29 43 32182 0
39 54 32399 0
32 81 32588 0
42 106 32594 0
35 88 32649 0
83 91 32752 0
37 30 32761 1
53 44 32775 1
34 86 32789 0
85 94 32837 0
37 52 32843 0
33 86 32896 0
76 45 32917 1
90 52 32923 1
61 86 32947 1
88 50 33037 1
37 29 33270 1
36 51 33348 0
74 45 33354 1
85 67 33373 0
32 48 33394 0
81 48 33415 1
83 89 33426 0
97 54 33475 1
52 43 33515 1
84 48 33617 1
43 30 33700 1
28 41 33762 0
82 47 33932 1
47 96 34035 0
94 54 34074 1
84 69 34219 0
65 81 34459 1
58 45 34650 1
91 69 34757 0
103 59 34840 1
39 95 34851 0
69 44 34884 1
35 89 35024 0
67 69 35277 1
32 47 35331 0
83 65 35481 0
48 38 35490 1
110 79 35582 1
95 54 35698 1
56 43 35798 1
100 56 35839 1
43 29 36157 1
30 36 36307 0
111 74 36313 1
37 54 36319 0
86 66 36408 0
83 66 36633 0
66 74 36637 1
67 67 36640 1
104 61 36674 1
48 75 36708 1
107 63 36826 1
111 72 36846 1
104 59 36906 1
40 56 36964 0
86 49 36983 1
71 45 37035 1
77 63 37049 0
105 61 37060 1
82 89 37077 0
88 68 37087 0
81 46 37112 1
53 70 37134 0
109 66 37176 1
32 87 37216 0
98 54 37219 1
81 47 37222 1
49 40 37227 1
110 67 37258 1
45 33 37264 1
110 68 37269 1
39 93 37284 0
33 31 37332 1
100 57 37375 1
102 58 37445 1
86 67 37483 0
45 36 37589 1
32 46 37642 0
107 62 37643 1
36 91 37647 0
99 55 37650 1
99 56 37659 1
108 64 37680 1
65 80 37743 1
111 75 37769 1
72 44 37819 1
45 33 37853 1
55 43 37890 1
33 76 37927 0
93 70 37976 0
103 88 38008 0
83 91 38016 0
85 48 38033 1
82 65 38042 0
65 78 38053 1
87 79 38055 1
111 73 38164 1
71 44 38193 1
99 89 38223 0
106 61 38231 1
95 89 38238 0
101 57 38257 1
106 62 38329 1
45 33 38361 1
31 45 38393 0
79 46 38406 1
104 60 38467 1
109 65 38498 1
111 71 38530 1
82 92 38603 0
47 40 38640 1
54 43 38663 1
92 76 38664 1
48 77 38689 1
66 76 38704 1
41 30 38705 1
94 53 38749 1
97 90 38787 0
45 33 38819 1
98 89 38840 0
86 94 38853 0
91 77 38857 1
67 66 38898 1
75 44 38929 1
111 68 38929 1
111 77 38950 1
69 61 38954 0
65 43 38974 1
38 52 39001 0
61 43 39056 1
86 48 39062 1
110 76 39062 1
103 59 39072 1
103 58 39102 1
82 91 39118 0
95 75 39156 1
83 88 39167 0
77 46 39173 1
90 67 39193 0
45 33 39193 1
83 65 39203 0
60 43 39211 1
108 63 39249 1
45 31 39270 1
73 62 39288 0
69 43 39347 1
55 44 39434 1
63 43 39512 1
45 33 39530 1
91 51 39597 1
96 53 39608 1
83 48 39618 1
34 30 39619 1
34 71 39619 0
88 93 39627 0
102 57 39628 1
38 94 39682 0
89 51 39683 1
49 39 39692 1
93 53 39711 1
39 56 39716 0
29 41 39722 0
110 69 39724 1
107 63 39726 1
105 60 39727 1
47 38 39741 1
86 66 39767 0
102 58 39800 1
67 67 39842 1
45 33 39882 1
67 44 39899 1
87 48 39899 1
81 47 39927 1
67 63 39931 1
37 92 39945 0
47 39 39949 1
71 62 39952 0
75 45 39955 1
47 71 39979 1
89 50 39987 1
40 96 39987 0
31 47 39988 0
105 61 39990 1
42 30 40023 1
50 40 40084 1
33 48 40123 0
70 43 40144 1
45 33 40148 1
48 97 40174 0
87 66 40209 1
87 49 40210 1
34 86 40216 0
91 52 40216 1
83 92 40259 0
86 49 40315 1
87 93 40324 0
109 45 40326 1
41 95 40353 0
42 95 40362 0
54 95 40404 0
111 76 40415 1
73 45 40427 1
46 34 40428 1
66 78 40444 1
109 45 40461 0
77 63 40472 0
92 70 40477 0
45 33 40478 1
93 52 40535 1
37 51 40536 0
36 92 40566 0
83 47 40570 1
83 93 40577 0
43 96 40591 0
95 54 40598 1
95 53 40632 1
34 84 40642 0
66 75 40665 1
45 35 40690 1
84 93 40693 0
33 73 40705 0
45 33 40743 1
36 89 40745 0
48 39 40776 1
111 69 40844 1
67 65 40877 1
44 32 40879 1
98 55 40886 1
97 54 40906 1
67 70 40939 1
43 31 40961 1
45 33 40974 1
49 78 41005 1
32 79 41039 0
64 43 41124 1
48 76 41128 1
81 87 41131 0
90 92 41174 0
50 41 41174 1
29 44 41180 0
99 56 41184 1
41 28 41199 1
45 33 41223 1
53 70 41271 0
107 62 41278 1
59 43 41281 1
110 68 41287 1
41 31 41297 1
47 96 41335 0
52 42 41346 1
111 74 41352 1
69 44 41369 1
111 70 41450 1
34 30 41453 1
51 41 41495 1
45 33 41503 1
53 72 41514 0
90 50 41551 1
67 71 41561 1
76 44 41580 1
47 37 41581 1
85 66 41594 0
35 90 41600 0
39 53 41610 0
49 40 41615 1
46 35 41631 1
39 28 41642 1
111 72 41664 1
46 37 41678 1
108 64 41680 1
67 68 41707 1
45 33 41787 1
96 89 41810 0
31 45 41858 0
32 46 41866 0
39 94 41870 0
36 91 41880 0
90 51 41913 1
67 64 41914 1
99 55 41934 1
39 29 41950 1
36 65 41955 0
80 46 41956 1
101 89 41966 0
45 33 42017 1
82 89 42085 0
74 45 42093 1
39 52 42100 0
33 46 42127 0
39 30 42142 1
77 45 42198 1
84 48 42212 1
74 63 42255 0
91 91 42264 0
30 35 42275 0
45 33 42288 1
32 80 42344 0
57 43 42348 1
67 72 42350 1
88 66 42379 0
62 85 42391 1
38 30 42401 1
88 49 42420 1
65 42 42474 1
91 67 42486 0
58 43 42495 1
87 94 42511 0
41 96 42536 0
67 43 42541 1
100 56 42571 1
45 33 42610 1
62 44 42628 1
51 95 42630 0
36 64 42641 0
83 89 42648 0
57 44 42648 1
47 38 42707 1
49 96 42729 0
92 52 42734 1
35 88 42761 0
37 92 42771 0
79 45 42798 1
29 36 42808 0
35 31 42864 1
45 33 42890 1
76 64 42898 0
49 41 43011 1
36 95 43027 0
44 33 43051 1
41 56 43063 0
29 41 43068 0
68 68 43072 1
106 61 43081 1
33 83 43083 0
48 38 43127 1
83 66 43168 0
45 33 43210 1
81 46 43239 1
34 49 43252 0
38 52 43285 0
45 97 43292 0
32 83 43299 0
110 67 43326 1
83 91 43432 0
111 75 43449 1
34 29 43470 1
41 30 43473 1
90 67 43507 0
70 44 43512 1
77 44 43514 1
41 95 43533 0
86 67 43537 0
45 33 43540 1
50 40 43541 1
73 62 43542 0
84 47 43553 1
39 93 43570 0
111 73 43572 1
38 62 43588 0
83 65 43611 0
35 89 43618 0
45 59 43633 1
45 34 43633 1
35 70 43655 0
55 43 43712 1
47 79 43726 1
33 81 43735 0
29 43 43813 0
47 77 43838 1
68 43 43862 1
41 57 43906 0
99 88 43908 0
45 33 43939 1
34 84 43963 0
119 91 44000 1
36 29 44001 1
34 69 44026 0
53 39 44027 1
53 42 44027 1
109 65 44029 1
33 74 44038 0
45 32 44041 1
86 66 44058 0
52 41 44084 1
103 59 44106 1
33 77 44188 0
31 46 44219 0
67 66 44242 1
42 95 44263 0
40 58 44266 0
101 57 44267 1
97 55 44287 1
34 47 44303 0
35 66 44306 0
83 48 44340 1
33 76 44348 0
29 37 44354 0
45 33 44374 1
34 85 44403 0
109 64 44443 1
33 50 44461 0
65 79 44484 1
75 63 44533 0
111 71 44538 1
82 85 44547 0
102 58 44556 1
44 30 44559 1
94 71 44616 0
28 42 44675 0
31 45 44699 0
32 47 44715 0
93 90 44723 0
36 89 44859 0
107 63 44923 1
55 44 44953 1
52 73 44970 0
93 70 45009 0
45 33 45013 1
33 78 45071 0
49 80 45130 1
32 78 45174 0
43 96 45304 0
76 45 45329 1
68 61 45347 0
83 85 45369 0
62 43 45386 1
36 91 45395 0
32 46 45399 0
71 44 45450 1
29 34 45488 0
93 76 45499 1
49 79 45503 1
81 90 45634 0
83 88 45717 0
82 48 45725 1
34 90 45733 0
33 48 45792 0
37 96 45799 0
40 29 45804 1
96 92 45835 0
28 41 45843 0
36 92 45893 0
54 42 45894 1
94 53 45897 1
53 70 45961 0
37 51 45988 0
72 44 46050 1
31 48 46065 0
31 49 46123 0
84 94 46130 0
45 33 46132 1
67 67 46141 1
85 48 46241 1
59 44 46270 1
72 43 46309 1
33 84 46393 0
41 29 46444 1
61 87 46458 1
110 79 46470 1
37 28 46476 1
105 61 46524 1
49 40 46549 1
35 29 46549 1
35 30 46573 1
77 63 46588 0
43 29 46668 1
74 63 46713 0
79 46 46728 1
65 43 46729 1
99 90 46806 0
82 67 46965 0
71 62 47093 0
69 60 47097 0
43 30 47161 1
34 86 47169 0
83 93 47190 0
40 56 47191 0
104 60 47194 1
95 89 47209 0
47 37 47228 1
53 66 47237 0
32 76 47274 0
103 58 47298 1
45 33 47303 1
34 85 47313 0
81 47 47353 1
46 34 47353 1
46 97 47429 0
37 62 47451 0
49 73 47484 1
83 90 47516 0
46 32 47518 1
43 95 47596 0
39 96 47628 0
36 51 47652 0
33 87 47695 0
42 29 47706 1
94 71 47739 0
90 69 47780 0
56 43 47796 1
31 84 47865 0
89 50 47950 1
51 67 47985 0
78 65 47993 0
39 52 47994 0
35 67 48016 0
75 63 48025 0
30 38 48093 0
46 33 48150 1
87 49 48199 1
46 35 48228 1
33 75 48234 0
33 83 48241 0
94 54 48261 1
91 91 48294 0
47 96 48317 0
51 41 48441 1
50 41 48444 1
38 93 48464 0
83 47 48510 1
43 31 48552 1
105 60 48558 1
45 35 48589 1
88 68 48605 0
82 47 48682 1
34 84 48690 0
99 88 48801 0
63 83 48820 1
48 75 48825 1
63 43 48830 1
61 43 48865 1
66 74 48865 1
47 97 48876 0
58 44 48877 1
95 53 48893 1
36 87 48907 0
67 65 49183 1
104 87 49270 0
75 45 49279 1
63 84 49300 1
80 45 49309 1
97 90 49350 0
80 66 49367 0
48 39 49376 1
86 49 49441 1
31 45 49457 0
69 43 49483 1
35 50 49608 0
44 31 49629 1
33 46 49689 0
32 88 49747 0
36 90 49830 0
44 97 49831 0
39 94 49833 0
33 52 49859 0
62 42 49872 1
45 33 49926 1
98 89 49963 0
38 92 49996 0
48 74 50026 1
40 30 50050 1
71 61 50130 0
36 91 50149 0
66 125 50159 1
36 64 50275 0
52 43 50378 1
60 89 50378 1
48 38 50472 1
68 70 50635 1
88 66 50789 0
40 28 50804 1
67 70 50854 1
66 76 51007 1
91 51 51058 1
65 77 51103 1
86 48 51109 1
90 67 51121 0
52 42 51159 1
73 64 51366 0
91 67 51421 0
34 85 51552 0
92 91 51582 0
58 42 51594 1
33 84 51601 0
47 38 51614 1
83 90 51628 0
49 71 51651 1
111 70 51770 1
38 93 51801 0
69 61 51913 0
94 71 51972 0
102 57 52043 1
38 28 52062 1
48 76 52063 1
97 54 52073 1
107 61 52109 1
109 66 52157 1
33 82 52210 0
99 56 52253 1
75 63 52267 0
85 94 52441 0
48 96 52475 0
47 35 52591 1
92 90 52606 0
45 96 52693 0
55 42 52701 1
50 78 52768 1
36 90 52884 0
46 37 52911 1
70 43 52925 1
74 61 52942 0
64 43 52960 1
111 77 52985 1
108 63 53105 1
96 53 53134 1
60 45 53260 1
34 47 53278 0
98 54 53431 1
82 89 53460 0
93 52 53509 1
111 72 53526 1
84 91 53526 0
34 71 53553 0
64 42 53570 1
50 39 53570 1
83 66 53751 0
36 92 53760 0
108 64 53773 1
74 63 53858 0
38 92 53970 0
43 95 54032 0
32 78 54082 0
110 68 54229 1
67 75 54239 1
29 35 54278 0
65 78 54290 1
61 115 54354 1
71 61 54357 0
30 36 54436 0
99 55 54447 1
37 92 54496 0
33 72 54553 0
48 37 54554 1
37 52 54560 0
78 45 54580 1
35 88 54600 0
42 30 54628 1
51 96 54772 0
90 50 54795 1
36 67 54837 0
110 80 55016 1
42 28 55088 1
68 69 55093 1
38 29 55301 1
83 91 55314 0
100 56 55369 1
81 55 55394 1
32 46 55398 0
33 47 55472 0
73 44 55493 1
53 69 55560 0
45 31 55565 1
67 43 55570 1
98 55 55592 1
102 58 55612 1
100 55 55628 1
33 75 55629 0
36 90 55687 0
89 49 55717 1
54 43 55725 1
83 65 55746 0
33 76 55765 0
82 65 56007 0
67 45 56167 1
87 48 56181 1
86 66 56242 0
45 96 56249 0
80 46 56390 1
60 43 56440 1
29 41 56443 0
88 49 56539 1
38 93 56593 0
55 93 56621 0
107 62 56729 1
67 74 56750 1
50 40 56764 1
42 95 56811 0
35 69 56841 0
53 42 57015 1
44 96 57027 0
34 70 57104 0
84 91 57131 0
44 97 57366 0
33 51 57515 0
89 91 57520 0
76 63 57538 0
79 65 57563 0
36 64 57603 0
31 50 57792 0
28 44 57803 0
83 90 57852 0
33 82 57887 0
74 45 57946 1
33 47 57994 0
72 63 58030 0
84 48 58117 1
110 66 58117 1
45 34 58178 1
29 44 58236 0
30 35 58246 0
51 95 58334 0
41 95 58366 0
37 63 58368 0
75 44 58414 1
41 53 58422 0
38 52 58502 0
109 65 58530 1
33 84 58678 0
40 94 58729 0
99 88 58733 0
37 30 58760 1
36 89 58763 0
66 78 58764 1
96 89 58800 0
94 71 58829 0
83 93 58873 0
29 40 58904 0
85 66 58963 0
39 54 58972 0
48 96 59031 0
83 83 59067 0
30 82 59354 0
33 83 59438 0
104 59 59480 1
36 90 59586 0
47 98 59647 0
75 63 59739 0
34 68 59749 0
39 96 59780 0
82 64 59816 0
34 85 59859 0
67 62 59867 1
53 69 59952 0
112 10 59960 1
81 46 60131 1
65 93 60151 0
65 80 60152 1
44 96 60202 0
45 33 60204 1
95 54 60205 1
51 40 60474 1
26 82 60548 0
53 70 60587 0
90 51 60602 1
68 42 60602 1
66 79 60699 1
34 84 60724 0
61 88 60769 1
32 81 60822 0
33 47 60860 0
67 66 61044 1
29 50 61103 0
101 57 61129 1
52 72 61328 0
84 47 61336 1
76 63 61578 0
52 96 61665 0
39 93 61670 0
45 36 61714 1
40 94 61757 0
36 50 61771 0
77 66 62037 0
32 71 62041 0
44 33 62131 1
34 67 62256 0
30 46 62335 0
94 75 62488 1
36 94 62492 0
84 91 62503 0
111 69 62568 1
80 64 62937 0
111 74 63011 1
29 40 63082 0
111 76 63097 1
93 75 63127 1
45 96 63194 0
49 39 63206 1
83 89 63232 0
82 64 63265 0
37 29 63331 1
66 42 63384 1
71 43 63384 1
36 28 63400 1
90 77 63411 1
92 90 63413 0
106 61 63456 1
44 96 63490 0
41 55 63616 0
90 67 63654 0
68 43 63863 1
35 48 63966 0
91 67 63974 0
105 86 64237 0
88 66 64290 0
52 67 64321 0
84 93 64348 0
83 47 64372 1
53 75 64460 0
83 88 64566 0
82 46 64579 1
95 53 64607 1
92 52 64620 1
41 53 64642 0
86 94 64684 0
40 56 64687 0
111 68 64722 1
103 59 64754 1
52 66 64798 0
83 92 64805 0
111 71 64867 1
94 52 64884 1
91 91 64910 0
67 71 65021 1
85 47 65073 1
36 50 65153 0
111 75 65153 1
102 88 65273 0
101 88 65293 0
76 63 65374 0
67 72 65399 1
111 73 65425 1
34 31 65533 1
25 92 65695 0
49 40 65709 1
110 67 65742 1
33 92 65749 0
46 99 65762 0
71 61 65767 0
85 48 65774 1
67 63 65784 1
106 60 65785 1
99 89 65816 0
47 37 65816 1
97 53 65884 1
73 62 65893 0
53 95 65904 0
53 69 65933 0
38 98 65970 0
67 64 65988 1
40 94 66048 0
79 45 66069 1
109 63 66089 1
36 87 66126 0
90 49 66155 1
101 56 66189 1
104 58 66281 1
95 89 66298 0
103 58 66402 1
86 66 66440 0
107 62 66471 1
53 66 66479 0
52 41 66482 1
39 57 66562 0
49 78 66614 1
82 64 66638 0
107 63 66639 1
67 67 66639 1
74 61 66689 0
91 51 66689 1
31 45 66702 0
35 69 66767 0
38 92 66779 0
48 77 66791 1
43 95 66805 0
35 48 66809 0
51 41 66824 1
85 64 66837 0
38 94 66839 0
30 34 66863 0
36 91 66902 0
95 73 66917 0
34 47 66939 0
33 71 66956 0
33 47 66960 0
73 43 66984 1
111 78 66993 1
77 45 67085 1
92 76 67091 1
37 93 67167 0
37 89 67187 0
33 77 67212 0
39 52 67212 0
33 81 67213 0
52 68 67264 0
55 43 67288 1
95 74 67297 0
111 70 67314 1
29 37 67318 0
53 72 67330 0
29 36 67337 0
39 55 67353 0
41 56 67392 0
87 93 67403 0
89 50 67557 1
89 66 67568 0
35 89 67630 0
83 84 67701 0
31 46 67779 0
50 69 67807 1
33 46 67819 0
109 64 67893 1
102 57 67906 1
59 43 67964 1
77 62 67996 0
38 93 68002 0
45 32 68033 1
49 38 68085 1
67 65 68093 1
83 85 68100 0
47 96 68129 0
41 30 68228 1
29 43 68242 0
49 96 68247 0
105 60 68272 1
48 38 68322 1
97 88 68322 0
44 96 68377 0
77 63 68411 0
80 64 68451 0
46 35 68460 1
30 38 68472 0
36 90 68481 0
91 68 68493 0
69 60 68507 0
33 78 68530 0
65 43 68613 1
33 82 68616 0
53 75 68651 0
36 64 68680 0
99 55 68694 1
89 78 68744 1
83 48 68750 1
29 40 68765 0
35 68 68798 0
69 44 68828 1
46 34 68830 1
36 50 68941 0
108 62 69029 1
39 29 69100 1
97 54 69122 1
39 94 69185 0
88 93 69194 0
93 52 69284 1
27 46 69294 0
54 74 69326 0
54 42 69326 1
44 29 69330 1
92 51 69378 1
91 67 69452 0
28 35 69455 0
44 97 69468 0
32 74 69515 0
36 65 69533 0
32 78 69655 0
31 71 69661 0
35 70 69673 0
31 72 69708 0
28 47 69769 0
43 97 69775 0
90 92 69794 0
35 48 69873 0
41 55 69909 0
105 59 69912 1
91 76 69924 1
82 91 69953 0
111 67 69989 1
67 42 69992 1
33 73 70032 0
83 94 70036 0
37 92 70122 0
42 29 70126 1
43 30 70139 1
41 28 70143 1
87 49 70186 1
99 54 70192 1
41 29 70256 1
28 40 70328 0
95 75 70374 1
76 63 70406 0
31 82 70407 0
72 63 70437 0
76 44 70467 1
68 68 70536 1
34 48 70554 1
34 49 70554 0
42 95 70585 0
61 42 70593 1
33 75 70616 0
68 60 70621 0
95 72 70650 0
27 42 70822 0
90 50 70829 1
77 42 70905 1
57 43 70905 1
36 52 70948 0
69 43 70997 1
41 53 71056 0
77 62 71066 0
40 94 71085 0
83 90 71093 0
90 67 71129 0
52 75 71159 0
52 66 71164 0
50 40 71184 1
32 47 71191 0
30 46 71195 0
106 61 71232 1
91 68 71397 0
48 98 71417 0
36 89 71455 0
91 92 71636 0
78 44 71646 1
91 77 71669 1
57 44 71752 1
45 33 71760 1
76 45 71965 1
50 68 72150 1
84 91 72269 0
75 45 72272 1
52 67 72336 0
41 54 72339 0
98 54 72368 1
37 51 72399 0
44 30 72562 1
43 28 72672 1
58 43 72681 1
102 58 72735 1
32 46 72778 0
111 72 72778 1
43 31 72826 1
88 48 72846 1
84 68 72951 0
97 88 73008 0
56 43 73012 1
32 75 73054 0
81 46 73094 1
50 39 73146 1
66 80 73265 1
78 64 73287 0
48 36 73318 1
101 88 73384 0
39 30 73484 1
96 53 73593 1
82 87 73620 0
36 87 73689 0
43 29 73711 1
30 37 73832 0
59 42 74065 1
49 39 74151 1
53 75 74211 0
83 47 74268 1
91 68 74483 0
36 50 74487 0
35 88 74614 0
87 48 74711 1
27 37 74714 0
92 68 74816 0
111 76 74819 1
67 70 74853 1
100 56 74889 1
109 65 74981 1
79 44 75020 1
53 42 75038 1
47 34 75102 1
38 53 75245 0
52 94 75326 0
48 37 75370 1
70 43 75500 1
94 92 75613 0
82 64 75646 0
52 41 75684 1
71 44 75716 1
34 86 75731 0
35 83 75776 0
95 73 75816 0
109 45 75912 1
34 85 75927 0
109 45 75954 0
64 83 75967 1
95 72 75968 0
33 47 75996 0
100 55 76007 1
44 96 76018 0
30 35 76073 0
91 93 76102 0
88 66 76364 0
34 72 76414 0
100 88 76432 0
34 89 76466 0
32 48 76480 0
35 86 76585 0
37 50 76983 0
41 54 76998 0
91 70 77023 0
107 62 77038 1
55 44 77090 1
111 71 77102 1
111 77 77187 1
92 68 77210 0
111 79 77213 1
43 96 77213 0
95 52 77265 1
34 94 77299 0
80 64 77439 0
61 43 77439 1
111 68 77499 1
92 90 77545 0
98 89 77566 0
84 47 77587 1
111 74 77650 1
111 75 77664 1
108 63 77701 1
94 70 77706 0
110 65 77742 1
99 88 77744 0
83 46 77778 1
91 71 77783 0
39 53 77791 0
35 84 77869 0
77 62 77898 0
91 68 77909 0
34 47 77920 0
32 77 77947 0
32 70 77949 0
82 90 77966 0
37 93 78001 0
56 93 78085 0
111 69 78114 1
68 71 78125 1
53 77 78132 0
89 91 78149 0
91 67 78157 0
32 53 78218 0
36 94 78264 0
91 51 78325 1
85 64 78373 0
83 88 78373 0
85 67 78392 1
85 47 78393 1
68 67 78419 1
104 59 78467 1
62 43 78483 1
83 91 78501 0
65 42 78512 1
83 89 78536 0
82 86 78545 0
52 73 78556 0
77 43 78558 1
103 58 78567 1
41 95 78578 0
95 53 78588 1
93 90 78631 0
88 49 78633 1
107 61 78644 1
86 47 78669 1
40 57 78674 0
48 96 78687 0
94 52 78720 1
67 71 78789 1
60 42 78805 1
109 64 78817 1
69 62 78817 0
64 42 78825 1
63 43 78865 1
53 66 78961 0
97 54 79043 1
101 56 79079 1
97 53 79115 1
80 45 79115 1
16 11 79207 1
72 43 79228 1
54 71 79240 0
33 84 79279 0
96 72 79288 0
99 55 79292 1
59 44 79302 1
92 68 79311 0
106 60 79317 1
35 48 79344 0
82 89 79361 0
81 47 79362 1
75 44 79370 1
102 57 79378 1
38 92 79408 0
66 76 79421 1
96 89 79485 0
28 40 79503 0
51 40 79526 1
30 36 79547 0
32 43 79558 0
89 66 79574 0
48 76 79581 1
46 33 79617 1
43 95 79641 0
29 40 79651 0
67 65 79656 1
39 93 79678 0
41 93 79688 0
81 45 79688 1
41 57 79696 0
74 61 79711 0
35 86 79722 0
48 75 79814 1
93 52 79814 1
49 74 79824 1
46 32 79893 1
112 74 79923 1
77 44 79973 1
87 47 80009 1
45 96 80019 0
64 43 80035 1
53 41 80050 1
37 89 80167 0
40 52 80181 0
47 35 80181 1
35 68 80212 0
87 65 80260 0
46 31 80310 1
83 87 80372 0
30 46 80392 0
33 46 80432 0
37 50 80482 0
49 73 80486 1
89 49 80592 1
102 56 80628 1
77 45 80686 1
50 70 80788 1
97 88 80802 0
49 75 80864 1
46 96 80887 0
111 70 80907 1
104 58 80937 1
34 84 80958 0
95 89 80965 0
67 63 80988 1
73 43 81000 1
103 57 81013 1
39 52 81017 0
55 42 81080 1
112 73 81081 1
94 70 81101 0
31 45 81199 0
82 87 81201 0
33 76 81202 0
100 88 81217 0
30 37 81230 0
71 61 81315 0
106 61 81316 1
67 64 81348 1
51 95 81382 0
55 43 81433 1
89 93 81434 0
83 47 81506 1
72 42 81537 1
48 38 81597 1
81 96 81604 0
41 58 81615 0
29 41 81629 0
35 74 81636 0
97 73 81688 0
95 72 81736 0
32 52 81740 0
31 47 81773 0
34 71 81845 0
90 67 81847 0
36 69 81865 0
40 55 81881 0
92 68 81908 0
35 63 81942 0
82 89 81957 0
45 31 81959 1
74 63 81981 0
39 95 82001 0
78 64 82009 0
67 66 82012 1
40 28 82030 1
50 78 82040 1
88 66 82045 0
36 63 82058 0
93 70 82084 0
38 95 82106 0
30 38 82118 0
98 88 82141 1
66 42 82146 1
41 54 82182 0
98 90 82196 0
85 93 82221 0
36 67 82238 0
83 65 82283 0
79 45 82373 1
55 94 82432 0
98 53 82436 1
86 67 82441 0
50 40 82498 1
89 67 82508 0
36 87 82519 0
90 50 82527 1
86 66 82541 0
98 54 82579 1
48 97 82600 0
40 64 82614 0
40 94 82614 0
36 90 82660 0
35 90 82730 0
36 92 82738 0
53 69 82755 0
91 67 82825 0
40 52 82828 0
81 68 82839 0
54 71 82840 0
96 72 82886 0
87 92 82891 0
65 79 82960 1
46 34 83005 1
35 86 83009 0
92 51 83015 1
52 95 83041 0
107 62 83087 1
23 46 83114 0
68 42 83115 1
69 61 83127 0
91 50 83206 1
41 55 83214 0
108 62 83334 1
34 47 83414 0
81 65 83434 0
91 68 83494 0
110 64 83536 1
90 49 83598 1
35 84 83607 0
68 70 83656 1
67 75 83677 1
109 63 83710 1
81 46 83767 1
49 38 83820 1
34 72 83846 0
38 61 83855 0
35 91 83881 0
56 94 83881 0
35 69 83884 0
45 32 83898 1
50 39 83899 1
32 72 83907 0
36 50 83911 0
42 28 83968 1
45 33 83986 1
40 53 84208 0
37 50 84218 0
31 41 84220 0
112 75 84223 1
54 42 84230 1
100 55 84250 1
96 53 84393 1
41 30 84503 1
111 66 84564 1
67 42 84579 1
50 71 84641 1
46 96 84669 0
83 87 84690 0
74 43 84758 1
105 59 84759 1
59 43 84769 1
75 43 84811 1
29 42 84833 0
51 78 84834 1
84 47 84842 1
41 53 84893 0
34 30 84936 1
112 71 84968 1
94 70 85026 0
49 39 85204 1
51 39 85214 1
110 81 85224 1
52 97 85227 0
30 79 85247 0
111 68 85271 1
85 64 85367 0
69 42 85391 1
68 66 85397 1
52 67 85417 1
52 41 85417 1
33 83 85424 0
88 48 85433 1
49 71 85446 1
33 81 85462 0
40 52 85625 0
45 30 85642 1
88 67 85658 0
87 48 85685 1
76 44 85701 1
62 42 85765 1
47 96 85796 0
77 62 85802 0
68 68 85885 1
86 48 85900 1
52 40 85994 1
48 36 86004 1
99 54 86005 1
93 75 86027 1
92 40 86046 1
92 75 86046 1
82 46 86094 1
85 45 86164 1
35 48 86178 0
94 89 86215 0
84 91 86283 0
31 44 86369 0
58 42 86394 1
82 90 86402 0
91 90 86419 0
36 89 86425 0
33 78 86474 0
85 47 86480 1
43 29 86626 1
36 29 86695 1
43 31 86751 1
43 30 86787 1
68 69 86889 1
30 35 86986 0
49 76 87000 1
60 43 87058 1
89 67 87068 0
53 42 87165 1
49 78 87292 1
37 28 87334 1
92 68 87372 0
110 79 87433 1
65 81 87437 1
36 64 87472 0
39 29 87518 1
56 42 87519 1
63 85 87596 1
35 83 87604 0
35 73 87789 0
94 91 87908 0
95 52 88012 1
34 70 88044 0
86 46 88160 1
41 28 88182 1
82 93 88223 0
85 93 88240 0
87 92 88285 0
32 43 88357 0
33 31 88375 1
50 69 88516 1
93 68 88525 0
90 68 88542 0
96 72 88629 0
43 95 88806 0
46 96 88828 0
54 70 88900 0
33 77 88949 0
33 30 88979 1
93 73 88997 0
88 78 89109 1
97 54 89275 1
49 77 89321 1
107 61 89421 1
101 88 89433 0
49 37 89482 1
65 82 89520 1
66 79 89524 1
54 41 89640 1
103 58 89717 1
93 76 89891 1
41 27 89964 1
53 67 89982 0
109 79 90006 1
52 95 90018 0
88 47 90086 1
40 95 90184 0
75 45 90222 1
94 52 90241 1
65 42 90248 1
40 52 90292 0
35 86 90329 0
67 65 90370 1
109 64 90493 1
101 56 90686 1
99 55 90697 1
93 52 90752 1
40 53 90840 0
68 43 90873 1
67 74 90967 1
44 30 90992 1
111 76 90992 1
83 64 91203 0
94 69 91248 0
54 68 91252 0
63 42 91287 1
47 31 91294 1
35 30 91341 1
87 65 91351 0
44 29 91384 1
93 68 91472 0
41 93 91504 0
31 44 91532 0
94 70 91542 0
53 41 91596 1
78 43 91689 1
29 42 91736 0
37 89 91837 0
93 51 91899 1
107 60 91923 1
57 43 92035 1
88 67 92089 0
89 67 92111 0
37 50 92175 0
54 72 92214 0
80 44 92219 1
53 75 92294 0
88 92 92342 0
101 55 92387 1
93 69 92611 0
30 46 92666 0
48 32 92739 1
106 60 92813 1
45 95 93094 0
72 43 93195 1
33 82 93200 0
37 91 93214 0
40 92 93419 0
46 97 93428 0
37 92 93430 0
53 66 93653 0
82 87 93758 0
54 71 93784 0
61 42 93808 1
35 85 93853 0
33 79 93869 0
39 96 93888 0
91 51 93969 1
74 61 94112 0
50 96 94146 0
67 43 94149 1
29 37 94152 0
42 95 94197 0
36 64 94373 0
34 89 94482 0
94 69 94528 0
87 66 94567 0
38 92 94610 0
54 70 94673 0
38 28 94711 1
35 65 94810 0
45 99 94838 0
33 46 95284 0
78 63 95358 0
90 68 95384 0
53 67 95441 0
68 67 95442 1
47 33 95448 1
68 38 95568 1
83 64 95615 0
85 93 95636 0
78 44 95734 1
85 92 95786 0
65 43 95818 1
54 68 96019 0
33 47 96037 0
111 78 96059 1
83 46 96105 1
93 68 96311 0
67 67 96374 1
80 63 96418 0
109 82 96604 1
46 96 96687 0
67 71 96695 1
81 45 96775 1
32 75 96786 0
37 63 96799 0
81 7 96808 1
93 69 96848 0
82 90 96909 0
45 95 97087 0
56 43 97198 1
95 72 97330 0
111 77 97365 1
64 42 97452 1
46 32 97645 1
37 91 97705 0
40 93 97714 0
106 59 97725 1
97 53 97731 1
106 55 97740 1
81 65 97745 0
3 100 97850 1
47 35 97854 1
94 69 97890 0
76 62 97943 0
92 76 98032 1
40 121 98044 1
81 64 98143 0
59 41 98208 1
108 61 98298 1
83 47 98457 1
100 54 98625 1
40 95 98644 0
89 48 98758 1
84 46 98780 1
41 94 98852 0
28 40 99092 0
30 36 99098 0
113 55 99124 1
50 39 99125 1
54 72 99161 0
36 66 99222 0
33 44 99490 0
45 31 99492 1
47 34 99548 1
82 88 99557 0
35 85 99561 0
109 45 99601 1
100 88 99688 0
37 90 99735 0
109 45 99849 0
87 66 99878 0
94 72 99915 0
48 37 99917 1
89 67 100117 0
62 86 100176 1
40 55 100223 0
67 41 100224 1
33 79 100370 0
80 45 100710 1
87 67 100740 0
41 29 100757 1
30 44 100790 0
95 70 100828 0
110 83 100838 1
92 71 100964 0
80 63 101110 0
81 62 101306 0
85 65 101585 0
101 51 101661 1
72 62 101745 0
78 63 101766 0
92 51 101774 1
85 92 101816 0
75 44 102404 1
93 69 102500 0
61 43 102542 1
37 29 102554 1
40 93 102664 0
103 57 102833 1
104 58 102874 1
111 71 102883 1
83 87 103070 0
94 69 103146 0
108 62 103171 1
36 64 103262 0
93 50 103269 1
99 56 103404 1
41 94 103430 0
76 62 103539 0
33 80 103583 0
50 96 103594 0
109 63 103650 1
105 58 103734 1
52 95 103737 0
99 87 103747 0
83 64 103776 0
89 66 103851 0
110 63 103873 1
102 56 103932 1
107 61 103956 1
77 44 104011 1
111 68 104055 1
100 55 104060 1
92 90 104087 0
79 63 104088 0
113 69 104101 1
31 31 104119 1
111 67 104124 1
88 66 104159 0
66 39 104176 1
111 75 104197 1
97 88 104227 0
83 90 104257 0
82 45 104294 1
95 70 104380 0
55 71 104392 0
111 65 104420 1
98 54 104472 1
77 45 104477 1
110 64 104482 1
105 104 104538 1
106 60 104558 1
112 73 104564 1
91 67 104578 0
105 59 104605 1
88 65 104617 0
99 88 104628 0
83 88 104646 0
87 92 104674 0
68 72 104732 1
91 50 104740 1
112 68 104802 1
50 40 104823 1
83 89 104832 0
95 75 104896 1
93 68 104937 0
86 47 104947 1
81 46 104958 1
50 38 104966 1
55 42 105039 1
112 71 105045 1
48 76 105081 1
73 82 105114 1
73 43 105114 1
85 64 105199 0
88 67 105209 0
79 44 105225 1
88 92 105234 0
92 68 105250 0
90 49 105263 1
37 91 105287 0
37 90 105341 0
112 74 105350 1
87 66 105368 0
69 62 105387 0
68 64 105465 1
30 34 105468 0
95 52 105476 1
91 91 105513 0
49 38 105554 1
85 47 105554 1
98 53 105573 1
84 67 105577 0
99 54 105625 1
87 65 105657 0
99 53 105660 1
32 31 105663 1
83 86 105664 0
89 92 105727 0
97 53 105764 1
88 66 105799 1
88 48 105799 1
66 42 105805 1
42 96 105827 0
35 82 105851 0
68 42 105879 1
109 64 105884 1
81 64 105903 0
80 63 105935 0
85 46 105947 1
67 63 105951 1
109 62 105976 1
36 87 105978 0
84 47 105982 1
69 60 105991 0
89 91 106000 0
52 41 106081 1
109 63 106092 1
31 44 106117 0
40 52 106119 0
87 48 106182 1
44 96 106196 0
54 70 106211 0
87 93 106233 0
30 37 106256 0
32 63 106271 0
35 67 106300 0
102 56 106320 1
52 94 106330 0
48 35 106348 1
38 99 106388 0
84 92 106391 0
47 95 106392 0
67 42 106398 1
55 43 106410 1
91 49 106413 1
35 49 106449 0
112 75 106472 1
81 62 106473 0
70 42 106538 1
94 51 106543 1
68 68 106553 1
44 98 106589 0
87 47 106609 1
45 95 106615 0
33 45 106625 0
103 56 106640 1
54 68 106648 0
31 41 106664 0
45 33 106706 1
38 62 106721 0
93 51 106724 1
57 41 106752 1
96 72 106776 0
62 44 106790 1
48 36 106821 1
33 94 106821 0
32 46 106839 0
76 44 106847 1
30 38 106848 0
42 53 106861 0
78 64 106891 0
50 97 106893 0
53 67 106900 0
80 62 106914 0
29 36 106920 0
33 72 106924 0
84 91 106926 0
30 35 106928 0
74 61 106936 0
53 66 106943 0
51 40 106950 1
39 50 106974 0
37 36 106980 1
45 97 107016 0
85 92 107023 0
63 43 107039 1
54 42 107054 1
32 79 107060 0
83 85 107071 0
101 55 107071 1
82 64 107086 0
95 70 107120 0
89 66 107146 0
69 43 107166 1
95 76 107196 1
85 65 107225 0
37 89 107226 0
94 69 107228 0
27 40 107250 0
33 75 107261 0
44 28 107296 1
43 53 107302 0
41 93 107308 0
35 84 107318 0
96 53 107323 1
71 42 107330 1
77 62 107363 0
33 79 107433 0
40 92 107453 0
48 75 107456 1
85 66 107488 0
93 91 107503 0
111 66 107507 1
36 69 107551 0
45 32 107557 1
35 83 107573 0
43 28 107587 1
107 61 107596 1
106 59 107599 1
40 93 107599 0
32 43 107599 0
68 73 107610 1
29 42 107622 0
103 57 107652 1
112 67 107655 1
34 69 107673 0
83 46 107674 1
107 60 107683 1
49 96 107683 0
30 44 107715 0
67 75 107725 1
47 32 107735 1
67 76 107761 1
85 64 107773 0
49 37 107822 1
94 89 107844 0
34 72 107881 0
39 27 107884 1
41 94 107914 0
87 64 107950 0
104 86 107993 0
55 93 108001 0
47 97 108002 0
105 58 108003 1
35 48 108016 0
65 80 108052 1
33 74 108079 0
74 43 108088 1
35 85 108099 0
39 93 108104 0
35 70 108109 0
45 29 108150 1
68 61 108175 1
111 64 108210 1
46 30 108229 1
84 64 108231 0
53 41 108258 1
51 39 108276 1
75 44 108285 1
69 42 108303 1
48 34 108313 1
88 94 108316 0
94 52 108401 1
59 42 108407 1
59 43 108409 1
75 43 108422 1
34 47 108424 0
38 50 108434 0
41 54 108435 0
60 42 108452 1
90 49 108500 1
30 42 108606 0
42 54 108607 0
43 29 108643 1
85 93 108677 0
88 65 108703 0
81 45 108747 1
42 28 108804 1
34 84 108807 0
36 66 108813 0
50 39 108850 1
85 47 108872 1
62 41 108881 1
106 60 108896 1
51 78 108902 1
95 74 108968 1
82 88 109003 0
35 86 109010 0
65 42 109060 1
50 72 109086 1
50 77 109184 1
45 94 109206 0
48 36 109230 1
79 63 109240 0
54 72 109246 0
93 68 109265 0
112 76 109276 1
100 54 109279 1
52 40 109331 1
45 30 109338 1
82 45 109345 1
48 96 109346 0
80 62 109370 0
64 42 109375 1
97 53 109396 1
37 86 109404 0
31 45 109404 0
90 68 109446 0
49 39 109448 1
43 95 109451 0
35 29 109471 1
78 44 109496 1
97 89 109500 0
51 95 109529 0
50 95 109563 0
36 67 109583 0
33 48 109585 0
37 90 109603 0
87 92 109608 0
92 69 109609 0
72 43 109612 1
72 42 109627 1
111 68 109643 1
62 42 109659 1
76 62 109667 0
98 88 109682 0
39 50 109703 0
50 78 109723 1
108 61 109745 1
91 50 109778 1
49 75 109780 1
33 45 109790 0
52 39 109825 1
36 87 109836 0
39 28 109875 1
68 71 109875 1
42 53 109881 0
35 74 109903 0
35 73 109908 0
80 43 109921 1
35 28 109932 1
40 28 109942 1
91 67 109967 0
95 52 109990 1
31 39 110030 0
46 32 110062 1
81 62 110080 0
47 33 110085 1
55 69 110087 0
54 41 110112 1
33 44 110114 0
66 80 110125 1
99 54 110146 1
30 35 110167 0
101 56 110167 1
81 44 110180 1
46 96 110239 0
73 43 110248 1
54 40 110249 1
87 65 110287 0
41 28 110305 1
50 38 110316 1
49 73 110329 1
46 31 110354 1
49 36 110354 1
50 71 110440 1
47 95 110476 0
31 41 110479 0
47 35 110482 1
58 42 110485 1
110 64 110508 1
107 62 110539 1
95 70 110549 0
68 41 110566 1
29 39 110573 0
90 48 110577 1
35 82 110612 0
112 73 110708 1
78 63 110717 0
91 77 110758 1
109 63 110771 1
32 45 110775 0
112 71 110776 1
77 43 110807 1
88 66 110814 0
33 43 110888 1
68 80 110888 0
68 63 110888 1
97 52 111002 1
76 42 111010 1
33 46 111159 0
30 38 111163 0
83 86 111188 0
76 63 111207 0
77 44 111267 1
50 70 111318 1
49 78 111379 1
98 53 111479 1
47 96 111486 0
94 74 111509 1
50 68 111555 1
45 95 111567 0
54 71 111568 0
67 78 111593 1
30 36 111601 0
61 42 111612 1
36 65 111625 0
34 79 111625 0
36 64 111626 0
45 96 111630 0
29 40 111648 0
68 70 111669 1
41 93 111678 0
51 40 111702 1
111 74 111725 1
38 50 111775 0
102 56 111784 1
93 52 111814 1
98 54 111851 1
69 69 111870 1
67 65 111874 1
66 81 111898 1
83 45 111899 1
68 62 111954 1
55 41 111954 1
88 48 111963 1
55 39 111977 1
80 62 111981 0
72 62 111987 0
49 37 111998 1
112 109 112017 1
84 92 112020 0
87 47 112073 1
55 71 112073 0
80 66 112218 0
63 84 112240 1
44 29 112262 1
49 76 112288 1
80 44 112295 1
45 31 112296 1
101 54 112410 1
37 50 112428 0
93 51 112445 1
111 67 112447 1
30 37 112468 0
37 62 112469 0
29 35 112474 0
48 35 112504 1
32 43 112524 0
41 56 112528 0
87 67 112612 0
79 45 112612 1
30 42 112622 0
104 57 112627 1
68 67 112643 1
89 92 112697 0
42 27 112748 1
95 71 112754 0
80 63 112791 0
68 64 112797 1
84 64 112804 0
107 58 112809 1
37 89 112869 0
68 42 112874 1
94 51 112913 1
97 88 112936 0
93 75 112940 1
71 61 112957 0
94 90 112983 0
51 39 113015 1
67 42 113059 1
33 76 113084 0
35 49 113088 0
88 69 113195 0
42 54 113264 0
34 71 113349 0
83 63 113363 0
88 47 113368 1
40 93 113402 0
44 30 113402 1
55 42 113421 1
40 92 113437 0
108 62 113467 1
89 48 113491 1
111 77 113530 1
47 34 113540 1
100 53 113573 1
63 83 113605 1
56 41 113656 1
53 34 113664 1
39 49 113681 0
87 66 113727 0
111 76 113732 1
39 50 113747 0
66 42 113749 1
53 42 113766 1
38 63 113786 0
41 53 113816 0
42 53 113852 0
79 63 113876 0
41 94 113882 0
48 36 113914 1
83 87 113940 0
44 95 114007 0
33 45 114070 0
67 64 114075 1
36 64 114079 0
74 42 114112 1
89 68 114137 0
38 93 114140 0
109 62 114160 1
101 55 114184 1
100 88 114188 0
52 94 114218 0
50 95 114357 0
39 29 114363 1
53 41 114422 1
99 87 114480 0
30 51 114487 0
30 44 114518 0
41 27 114528 1
83 88 114588 0
38 92 114607 0
34 46 114619 0
37 91 114648 0
84 46 114668 1
91 90 114685 0
51 77 114726 1
75 61 114796 0
36 89 114801 0
93 69 114852 0
99 52 114877 1
83 46 114892 1
85 89 114927 0
31 34 114940 0
77 64 114940 0
83 64 114942 0
106 59 114945 1
43 28 115016 1
91 76 115292 1
64 84 115342 1
98 88 115343 0
112 74 115345 1
30 35 115420 0
40 52 115446 0
41 52 115468 0
35 72 115537 0
80 62 115578 0
67 77 115626 1
43 29 115645 1
81 64 115672 0
35 83 115675 0
40 27 115680 1
68 66 115693 1
34 79 115719 0
36 28 115820 1
83 91 115821 0
34 85 115874 0
33 73 115929 0
87 79 115959 1
50 96 115998 0
68 68 116077 1
32 45 116105 0
83 63 116164 0
50 69 116289 1
43 27 116303 1
107 61 116366 1
50 39 116399 1
80 45 116476 1
49 74 116703 1
95 68 116844 0
35 84 116849 0
38 91 116883 0
29 39 116924 0
88 92 116944 0
111 65 116959 1
90 92 117004 0
38 50 117052 0
40 95 117108 0
109 66 117231 1
74 61 117236 0
35 66 117298 0
83 86 117439 0
51 38 117496 1
95 70 117522 0
86 47 117659 1
31 41 117704 0
37 90 117774 0
85 92 117845 0
97 54 117879 1
30 42 117912 0
112 68 117987 1
77 45 117999 1
97 89 118019 0
112 75 118038 1
114 78 118049 1
34 46 118130 0
89 78 118141 1
91 48 118230 1
44 95 118238 0
90 49 118281 1
94 67 118295 0
85 65 118439 0
103 57 118485 1
75 61 118498 0
110 63 118519 1
57 92 118573 0
30 39 118655 0
84 64 118687 0
111 66 118780 1
64 41 118798 1
37 28 118866 1
81 45 118895 1
107 57 118992 1
86 45 119009 1
99 51 119073 1
53 36 119130 1
41 52 119142 0
54 68 119182 0
108 22 119269 1
76 44 119285 1
105 58 119287 1
36 68 119317 0
43 118 119367 1
99 53 119427 1
83 63 119579 0
42 28 119597 1
35 87 119635 0
89 77 119668 1
83 108 119703 1
95 71 119865 0
51 67 119881 1
96 51 119946 1
33 77 120040 0
29 47 120070 0
81 62 120078 0
36 64 120096 0
69 68 120123 1
33 79 120141 0
67 63 120204 1
88 65 120238 0
79 44 120260 1
82 45 120293 1
20 23 120395 0
38 91 120419 0
92 69 120425 0
106 58 120448 1
46 32 120678 1
92 90 120700 0
47 95 120701 0
42 96 120715 0
92 48 120732 1
43 53 120750 0
79 63 120765 0
87 64 120931 0
33 44 120962 0
108 60 121135 1
109 64 121167 1
92 49 121237 1
66 12 121262 1
43 54 121294 0
95 51 121294 1
35 82 121317 0
61 40 121350 1
74 62 121398 0
38 28 121570 1
50 38 121701 1
94 88 121713 0
69 41 121752 1
41 57 121795 0
68 72 121859 1
103 56 121898 1
55 69 121993 0
42 54 122007 0
84 92 122016 0
108 61 122090 1
112 77 122122 1
104 86 122155 0
41 31 122177 1
35 68 122189 0
95 52 122190 1
65 41 122195 1
30 39 122211 0
35 85 122323 0
42 53 122336 0
34 79 122374 0
67 71 122376 1
30 35 122455 0
98 88 122503 0
89 47 122545 1
75 43 122691 1
91 49 122695 1
37 86 122724 0
44 95 122830 0
90 93 122887 0
34 46 122889 0
94 72 122894 0
35 49 122922 0
45 94 122934 0
45 30 122952 1
70 60 123151 0
78 43 123170 1
54 41 123275 1
82 93 123278 0
35 69 123279 0
82 88 123295 0
29 34 123305 0
36 66 123339 0
32 80 123362 0
112 104 123447 1
37 27 123657 1
36 64 123789 0
41 52 123809 0
29 46 123834 0
39 50 123835 0
87 94 123849 0
32 45 123956 0
33 45 124001 0
75 61 124015 0
35 80 124079 0
54 39 124174 1
94 69 124310 0
100 54 124320 1
49 35 124360 1
49 37 124401 1
102 87 124408 0
67 75 124597 1
53 71 124613 0
33 80 124814 0
53 66 124814 0
110 64 124948 1
46 29 125052 1
31 39 125071 0
50 73 125130 1
30 44 125146 0
85 47 125195 1
85 46 125213 1
52 40 125316 1
73 43 125349 1
109 45 125384 1
32 82 125447 0
29 39 125449 0
47 32 125540 1
38 91 125554 0
44 28 125658 1
96 73 125781 0
97 53 125795 1
66 41 125860 1
105 57 126028 1
49 80 126061 1
33 78 126079 0
36 29 126083 1
93 67 126170 0
109 45 126267 0
34 45 126285 0
30 40 126377 0
56 93 126495 0
52 95 126552 0
30 39 126680 0
90 77 126722 1
100 89 126779 0
53 40 126938 1
84 90 126970 0
38 27 127179 1
70 61 127204 0
35 46 127221 0
45 29 127248 1
34 47 127399 0
112 71 127422 1
52 39 127446 1
40 53 127494 0
68 73 127543 1
106 114 127615 1
48 35 127704 1
83 63 127752 0
48 76 127770 1
53 75 127892 0
117 124 127906 1
45 95 128128 0
36 64 128411 0
41 58 128417 0
34 77 128479 0
45 28 128544 1
74 43 128635 1
106 60 128694 1
32 43 128741 0
107 59 128909 1
72 43 129003 1
96 89 129082 0
36 68 129108 0
93 67 129111 0
69 59 129120 0
35 87 129288 0
89 92 129319 0
31 33 129576 0
59 42 129724 1
94 91 129805 0
89 91 129808 0
86 92 129818 0
30 42 129823 0
99 54 129827 1
70 62 129841 0
51 78 130026 1
107 84 130070 0
70 60 130078 0
89 66 130112 0
102 56 130212 1
48 36 130235 1
71 42 130287 1
59 43 130298 1
78 44 130426 1
93 51 130478 1
112 73 130513 1
97 89 130558 0
46 31 130560 1
109 63 130674 1
30 40 130761 0
85 64 130778 0
68 61 130806 1
64 42 130807 1
96 71 130855 0
44 95 130868 0
85 91 130896 0
50 95 131002 0
112 67 131052 1
80 62 131132 0
106 59 131152 1
72 42 131251 1
38 50 131270 0
75 44 131273 1
84 45 131292 1
34 45 131311 0
74 62 131327 0
94 67 131413 0
48 34 131419 1
93 50 131420 1
84 90 131424 0
95 68 131459 0
89 68 131463 0
66 79 131505 1
36 64 131614 0
26 37 131686 0
60 42 131701 1
54 67 131733 0
51 39 131775 1
34 44 131780 1
95 89 131905 0
68 63 131917 1
47 35 131962 1
93 67 131975 0
42 94 132009 0
50 77 132035 1
85 89 132077 0
102 55 132078 1
82 90 132161 0
94 90 132232 0
87 65 132315 0
35 46 132368 0
49 36 132408 1
55 68 132430 0
103 55 132543 1
94 51 132566 1
81 63 132588 0
58 41 132591 1
39 49 132610 0
88 48 132627 1
83 86 132640 0
69 67 132650 1
99 88 132726 0
102 87 132730 0
109 62 132743 1
86 46 132800 1
87 47 132823 1
62 42 132843 1
68 74 132863 1
41 93 132876 0
65 79 132878 1
40 92 132880 0
53 95 132917 0
83 47 132933 1
87 92 132954 0
112 75 133022 1
101 55 133077 1
98 53 133172 1
64 83 133202 1
105 58 133209 1
36 69 133228 0
90 49 133285 1
73 62 133294 0
112 66 133379 1
84 66 133449 0
37 89 133453 0
73 59 133467 0
77 61 133485 0
39 52 133486 0
79 43 133517 1
88 47 133727 1
65 42 133737 1
87 64 133773 0
88 65 133793 0
68 41 133841 1
37 61 133850 0
67 76 133854 1
50 37 133874 1
58 42 133975 1
74 74 134012 1
36 87 134017 0
34 77 134063 0
107 60 134067 1
57 43 134080 1
30 39 134092 0
38 62 134095 0
40 96 134121 0
97 52 134135 1
30 38 134178 0
77 44 134232 1
111 65 134257 1
93 68 134266 0
31 44 134268 0
47 33 134313 1
84 91 134329 0
86 64 134339 0
38 51 134398 0
80 44 134408 1
40 51 134522 0
41 52 134550 0
35 83 134576 0
90 48 134618 1
53 39 134626 1
99 87 134664 0
47 31 134679 1
110 62 134709 1
33 75 134777 1
33 44 134777 0
38 91 134834 0
30 36 134843 0
103 56 134900 1
94 50 134906 1
63 36 134936 1
47 29 134941 1
81 62 134960 0
33 70 134964 0
68 75 135001 1
55 41 135016 1
60 36 135039 1
34 30 135063 1
46 30 135063 1
83 45 135068 1
55 71 135079 0
111 64 135137 1
31 41 135177 0
99 53 135184 1
91 49 135289 1
67 41 135298 1
35 93 135344 0
86 92 135352 0
85 91 135355 0
30 35 135366 0
38 52 135373 0
110 63 135472 1
37 86 135485 0
82 45 135485 1
113 73 135497 1
67 42 135508 1
84 90 135515 0
92 75 135669 1
30 40 135742 0
72 62 135763 0
93 67 135765 0
63 43 135775 1
39 91 135778 0
34 79 135826 0
55 68 135855 0
50 72 135855 1
42 94 135900 0
61 41 135910 1
41 28 135997 1
95 71 136004 0
36 64 136048 0
29 45 136051 0
39 92 136095 0
72 41 136102 1
42 106 136114 0
35 72 136114 0
54 67 136120 0
53 41 136173 1
44 29 136219 1
30 33 136232 0
35 74 136276 0
34 46 136289 0
35 80 136292 0
98 52 136292 1
111 79 136421 1
87 46 136442 1
112 68 136477 1
40 28 136480 1
35 73 136550 0
34 80 136640 0
68 42 136751 1
77 61 136796 0
34 45 136800 0
97 90 136805 0
102 56 136826 1
49 37 136847 1
30 43 136979 0
45 94 137042 0
109 61 137079 1
75 61 137120 0
69 66 137127 1
53 73 137148 0
84 64 137185 0
96 71 137193 0
97 88 137220 0
81 44 137220 1
112 74 137238 1
42 27 137253 1
30 37 137329 0
83 46 137331 1
52 94 137354 0
60 41 137423 1
83 90 137437 0
79 63 137490 0
35 82 137531 0
45 31 137531 1
94 67 137555 0
51 40 137615 1
68 60 137653 1
30 81 137709 0
23 53 137732 0
100 53 137811 1
54 40 137811 1
46 98 137908 0
54 72 137995 0
81 61 138032 0
35 46 138036 0
35 78 138057 0
40 93 138084 0
86 64 138089 0
48 95 138095 0
36 55 138105 0
81 63 138176 0
43 53 138227 0
91 68 138241 0
30 35 138242 0
40 51 138256 0
31 42 138262 0
38 63 138262 0
34 72 138271 0
68 62 138298 1
44 27 138411 1
36 64 138459 0
72 60 138540 0
34 88 138553 0
95 68 138615 0
90 70 138635 0
50 38 138650 1
111 66 138650 1
69 70 138665 1
37 63 138726 0
83 63 138817 0
47 95 138818 0
39 50 138832 0
33 45 138851 0
102 88 138878 0
37 95 138961 0
24 80 138981 0
72 61 139003 0
52 38 139030 1
30 34 139036 0
39 27 139067 1
39 91 139094 0
31 39 139104 0
76 62 139254 0
51 68 139324 1
77 43 139406 1
43 29 139427 1
82 44 139477 1
34 70 139595 0
39 49 139616 0
32 50 139667 0
103 87 139688 0
57 91 139710 0
89 48 139778 1
43 54 139871 0
83 89 139918 0
92 67 140094 0
47 34 140127 1
54 66 140138 0
40 50 140152 0
48 94 140153 0
35 84 140184 0
71 62 140226 0
57 41 140240 1
33 69 140243 0
84 90 140295 0
42 94 140311 0
55 69 140340 0
89 67 140350 0
77 61 140558 0
24 49 140560 0
50 71 140656 1
46 32 140673 1
100 54 140715 1
34 77 140768 0
61 42 140793 1
39 92 140795 0
77 64 140905 0
108 61 140923 1
86 92 141057 0
69 65 141060 1
93 90 141076 0
37 48 141083 0
43 28 141102 1
84 84 141208 0
95 91 141213 0
39 26 141231 1
55 42 141242 1
77 42 141261 1
106 59 141315 1
101 54 141526 1
88 46 141552 1
70 61 141553 0
79 62 141687 0
49 36 141727 1
94 74 141770 1
48 75 141881 1
90 47 141918 1
74 42 141959 1
42 56 141972 0
47 30 142044 1
52 39 142066 1
97 53 142121 1
31 34 142180 0
34 53 142207 0
108 60 142235 1
54 67 142247 0
101 87 142262 0
48 35 142265 1
40 51 142276 0
56 41 142409 1
49 76 142463 1
106 58 142478 1
31 42 142502 0
68 68 142556 1
48 36 142579 1
86 64 142590 0
34 82 142745 0
112 67 142828 1
77 37 143057 1
93 50 143103 1
113 72 143182 1
72 60 143217 0
62 41 143237 1
34 80 143328 0
94 89 143382 0
94 51 143416 1
85 91 143431 0
51 38 143483 1
38 51 143549 0
105 58 143585 1
40 50 143778 0
109 62 143802 1
79 44 143806 1
51 69 143818 1
73 43 143828 1
71 41 143856 1
92 76 143895 1
30 43 143934 0
53 65 144003 0
76 44 144019 1
67 77 144117 1
41 27 144163 1
51 39 144173 1
95 51 144284 1
85 46 144346 1
48 95 144420 0
98 88 144457 0
39 91 144480 0
92 67 144495 0
74 41 144533 1
45 30 144533 1
106 57 144571 1
70 83 144583 1
83 44 144612 1
34 76 144623 0
53 94 144625 0
70 41 144648 1
40 26 144733 1
37 64 144776 0
112 65 144777 1
48 33 144790 1
32 43 144829 0
32 90 144836 0
109 63 144939 1
54 66 144961 0
85 89 145002 0
75 42 145004 1
30 35 145013 0
91 90 145066 0
41 51 145111 0
75 43 145129 1
92 49 145156 1
93 67 145204 0
112 76 145353 1
4 21 145364 1
90 49 145441 1
37 48 145442 0
81 63 145443 0
99 54 145507 1
73 63 145524 0
35 94 145591 0
94 67 145620 0
30 40 145744 0
40 92 145750 0
55 68 145760 0
87 47 145761 1
78 44 145795 1
111 65 145839 1
103 56 145888 1
86 66 145942 0
94 68 146061 0
74 61 146073 0
105 57 146115 1
87 64 146149 0
91 66 146192 0
80 62 146202 0
68 41 146219 1
95 68 146264 0
100 89 146304 0
38 49 146318 0
111 64 146356 1
35 47 146373 0
91 49 146389 1
85 64 146421 0
86 46 146431 1
31 41 146441 0
55 93 146484 0
102 54 146493 1
72 61 146502 0
69 59 146524 0
89 47 146580 1
34 44 146582 0
87 65 146603 0
41 93 146608 0
104 56 146619 1
42 28 146620 1
48 34 146662 1
73 59 146709 0
112 75 146722 1
95 52 146726 1
83 87 146799 0
78 43 146807 1
64 41 146866 1
90 67 146866 0
90 48 146875 1
92 91 146883 0
99 53 146886 1
102 87 146892 0
77 61 146893 0
65 41 146966 1
49 73 146999 1
88 92 147000 0
76 42 147059 1
30 39 147072 0
33 44 147074 0
93 74 147077 1
110 63 147082 1
55 41 147170 1
43 27 147171 1
36 64 147190 0
35 75 147193 0
39 28 147217 1
51 77 147217 1
107 59 147225 1
92 90 147304 0
101 88 147326 0
79 62 147362 0
88 65 147420 0
31 43 147480 0
36 49 147512 0
47 32 147532 1
35 70 147548 0
37 86 147595 0
84 66 147624 0
47 33 147701 1
40 27 147769 1
36 67 147770 0
75 60 147782 0
110 64 147785 1
31 42 147872 0
95 69 147875 0
101 87 147914 0
41 51 148029 0
72 60 148069 0
40 50 148157 0
39 92 148163 0
66 41 148202 1
45 94 148241 0
113 71 148294 1
42 53 148339 0
56 40 148384 1
81 62 148391 0
83 45 148410 1
35 64 148457 0
39 51 148515 0
70 60 148525 0
59 43 148526 1
92 67 148540 0
85 67 148543 0
49 37 148544 1
87 90 148567 0
41 94 148571 0
51 95 148619 0
27 45 148634 0
81 61 148668 0
86 64 148714 0
69 69 148732 1
98 53 148769 1
96 51 148770 1
44 28 148793 1
35 30 148801 1
82 45 148811 1
45 29 148812 1
69 41 148838 1
93 51 148842 1
34 92 148886 0
83 92 148910 0
30 35 148913 0
62 12 148969 1
84 84 148989 0
109 61 149014 1
68 61 149031 1
89 64 149117 0
91 66 149159 0
98 87 149168 0
34 45 149174 0
87 92 149201 0
34 29 149202 1
67 78 149203 1
54 95 149239 0
37 89 149244 0
80 43 149249 1
108 60 149268 1
51 76 149275 1
94 88 149299 0
34 50 149317 0
112 66 149325 1
66 42 149358 1
54 66 149371 0
112 68 149382 1
50 37 149426 1
85 85 149469 0
100 53 149485 1
35 82 149519 0
51 98 149538 0
34 44 149582 0
50 36 149584 1
89 91 149671 0
84 90 149690 0
69 68 149724 1
104 54 149730 1
80 44 149731 1
79 42 149739 1
59 41 149743 1
43 92 149756 0
88 47 149770 1
84 92 149824 0
98 91 149826 0
81 44 149892 1
91 48 149895 1
36 68 149896 0
110 62 149920 1
93 50 149930 1
54 70 149946 0
113 67 149953 1
34 76 149986 0
55 71 150015 0
88 93 150035 0
103 55 150043 1
94 67 150052 0
86 92 150064 0
94 50 150093 1
42 54 150125 0
105 58 150171 1
30 38 150177 0
94 68 150215 0
83 85 150222 0
111 77 150228 1
40 51 150232 0
36 64 150277 0
35 78 150288 0
80 67 150295 0
31 39 150310 0
33 86 150316 0
35 47 150354 0
38 49 150361 0
50 38 150371 1
39 49 150380 0
37 90 150427 0
59 42 150473 1
38 80 150499 0
38 61 150499 0
67 75 150505 1
49 36 150505 1
37 48 150523 0
47 31 150575 1
35 45 150646 0
64 42 150668 1
94 51 150681 1
112 78 150737 1
69 72 150761 1
32 84 150764 0
42 94 150902 0
46 28 150969 1
34 82 151013 0
58 42 151041 1
49 97 151055 0
72 42 151215 1
53 94 151285 0
65 42 151315 1
46 29 151357 1
41 51 151362 0
85 45 151381 1
84 45 151388 1
53 65 151397 0
39 91 151453 0
34 73 151460 0
35 48 151477 0
55 66 151484 0
35 83 151504 0
75 60 151619 0
30 35 151657 0
48 95 151660 0
32 49 151683 0
113 74 151703 1
48 32 151875 1
77 44 151977 1
36 69 152004 0
69 65 152020 1
69 67 152102 1
35 46 152108 0
69 66 152111 1
91 91 152142 0
34 79 152158 0
95 68 152163 0
67 41 152181 1
31 41 152198 0
109 62 152202 1
95 69 152318 0
73 41 152326 1
97 52 152344 1
35 29 152382 1
91 66 152418 0
85 86 152542 0
95 51 152573 1
98 52 152597 1
54 40 152632 1
48 35 152648 1
45 28 152670 1
112 67 152690 1
55 40 152711 1
106 58 152712 1
37 87 152742 0
89 66 152860 0
29 41 152879 0
77 43 153001 1
68 74 153027 1
93 75 153030 1
112 64 153108 1
43 94 153127 0
51 78 153164 1
98 87 153234 0
103 87 153274 0
34 80 153316 0
49 35 153320 1
36 47 153408 0
43 28 153456 1
39 29 153565 1
51 38 153638 1
79 62 153659 0
35 75 153660 0
88 70 153681 0
36 64 153693 0
50 70 153714 1
65 70 153739 0
65 80 153739 1
31 43 153750 0
51 70 153756 1
101 54 153770 1
43 53 153821 0
30 43 153931 0
38 91 153935 0
35 45 153942 0
37 97 153977 0
50 73 154014 1
85 47 154027 1
48 96 154037 0
94 68 154039 0
99 91 154054 0
34 44 154095 0
96 70 154151 0
78 42 154154 1
52 39 154158 1
34 91 154217 0
92 69 154238 0
97 71 154251 0
40 59 154355 0
34 77 154451 0
85 46 154476 1
111 63 154487 1
37 88 154588 0
37 64 154631 0
35 47 154756 0
112 73 154847 1
48 94 154884 0
62 42 154888 1
92 67 155097 0
113 70 155139 1
30 35 155347 0
82 44 155366 1
33 91 155457 0
31 46 155464 0
30 41 155505 0
49 75 155543 1
69 64 155556 1
84 83 155734 0
52 33 155749 1
99 52 155784 1
90 94 155863 0
66 80 155885 1
67 79 155969 1
34 76 155999 0
37 87 156002 0
32 45 156002 0
97 87 156262 0
40 94 156310 0
97 70 156352 0
30 46 156372 0
31 34 156374 0
38 28 156416 1
68 73 156537 1
74 62 156589 0
79 43 156615 1
103 56 156632 1
67 42 156641 1
80 63 156657 0
103 54 156672 1
40 50 156697 0
53 38 156713 1
42 27 156735 1
53 39 156826 1
45 95 156830 0
43 94 156863 0
38 49 156905 0
39 51 156955 0
36 49 157023 0
101 87 157048 0
57 41 157091 1
99 87 157107 0
51 96 157185 0
111 64 157241 1
36 47 157359 0
92 49 157372 1
34 75 157407 0
41 51 157438 0
105 57 157459 1
73 59 157505 0
91 66 157533 0
95 69 157540 0
91 49 157542 1
99 53 157563 1
34 71 157653 0
85 43 157658 1
86 46 157676 1
92 66 157677 0
85 89 157723 0
55 66 157735 0
74 42 157745 1
107 59 157818 1
104 55 157841 1
95 50 157887 1
111 65 157895 1
87 46 157898 1
112 77 157905 1
72 41 157931 1
33 81 158342 0
110 63 158356 1
84 84 158363 0
97 71 158369 0
101 53 158419 1
50 95 158431 0
33 82 158438 0
54 71 158445 0
35 53 158447 0
96 70 158509 0
73 43 158514 1
55 68 158589 0
89 47 158619 1
48 34 158628 1
90 48 158675 1
40 92 158687 0
36 64 158688 0
87 47 158733 1
79 44 158767 1
97 70 158791 0
75 63 158802 0
60 42 158847 1
42 26 158847 1
52 94 158850 0
68 41 158870 1
31 42 158899 0
32 73 158913 0
87 64 158920 0
109 60 159022 1
108 60 159032 1
50 74 159072 1
86 68 159081 0
95 87 159085 0
89 69 159099 0
89 92 159105 0
37 28 159117 1
81 61 159127 0
55 69 159141 0
37 86 159145 0
72 60 159175 0
77 61 159194 0
43 29 159207 1
94 68 159209 0
96 50 159209 1
96 51 159209 1
78 44 159210 1
37 88 159260 0
112 67 159282 1
83 84 159282 0
98 87 159285 0
37 92 159289 0
75 62 159303 0
85 91 159369 0
102 56 159392 1
110 62 159435 1
68 75 159497 1
60 41 159529 1
31 33 159564 0
35 74 159695 0
78 62 159708 0
94 67 159765 0
31 85 159772 0
33 45 159813 0
75 43 159848 1
102 54 159852 1
108 59 159865 1
75 60 159926 0
35 73 159937 0
61 42 159948 1
109 61 160012 1
92 66 160084 0
72 61 160086 0
33 44 160120 0
103 55 160148 1
41 28 160171 1
47 33 160232 1
37 87 160248 0
71 41 160265 1
39 50 160367 0
106 57 160369 1
45 30 160387 1
100 53 160436 1
90 47 160452 1
83 63 160453 0
89 64 160464 0
35 45 160496 0
112 65 160539 1
81 94 160574 0
85 46 160802 1
81 43 160816 1
94 50 160869 1
50 75 160877 1
32 43 160881 0
58 41 160895 1
49 36 160922 1
76 61 160956 0
53 96 161007 0
97 87 161027 0
46 30 161036 1
47 32 161054 1
34 46 161072 0
50 77 161139 1
103 56 161144 1
45 94 161166 0
94 71 161202 0
69 63 161222 1
56 41 161262 1
43 27 161268 1
52 38 161276 1
95 51 161284 1
77 42 161297 1
88 78 161348 1
34 45 161348 0
96 91 161359 0
35 47 161397 0
97 70 161423 0
95 68 161477 0
76 42 161481 1
43 94 161487 0
34 78 161494 0
47 95 161511 0
77 62 161513 0
31 39 161519 0
36 64 161526 0
87 90 161538 0
31 43 161553 0
91 49 161554 1
70 41 161561 1
96 71 161569 0
54 66 161574 0
30 35 161607 0
69 70 161672 1
43 92 161709 0
48 33 161799 1
104 86 161817 0
42 56 161830 0
85 45 161871 1
112 66 161877 1
91 48 161903 1
101 54 161939 1
103 53 161949 1
34 74 162035 0
100 52 162214 1
36 47 162250 0
69 65 162259 1
34 73 162283 0
81 44 162357 1
45 29 162379 1
35 69 162387 0
78 43 162393 1
85 63 162393 0
34 44 162405 0
86 46 162424 1
41 27 162448 1
49 34 162468 1
97 51 162565 1
47 30 162574 1
31 38 162581 0
55 41 162624 1
107 58 162650 1
92 66 162734 0
88 46 162744 1
62 41 162774 1
43 54 162777 0
97 71 162800 0
83 44 162843 1
50 36 162887 1
85 85 162937 0
51 83 162972 1
96 50 162988 1
65 41 162996 1
27 43 162997 0
112 75 163005 1
102 53 163022 1
45 27 163036 1
37 26 163042 1
38 62 163048 0
53 94 163061 0
65 82 163065 1
51 37 163097 1
69 71 163099 1
48 30 163158 1
44 28 163162 1
81 63 163162 0
39 49 163170 0
47 31 163193 1
39 94 163266 0
85 81 163289 0
96 70 163378 0
55 70 163389 0
48 32 163419 1
54 40 163431 1
83 88 163513 0
35 82 163534 0
33 89 163629 0
36 64 163674 0
37 94 163718 0
37 88 163735 0
111 64 163736 1
35 72 163790 0
83 45 163807 1
51 77 163857 1
38 63 163862 0
34 75 163870 0
86 91 163917 0
38 48 163926 0
44 27 163929 1
30 41 163936 0
48 94 163978 0
75 59 163986 0
69 66 164016 1
32 86 164022 0
69 41 164025 1
67 77 164055 1
44 95 164129 0
92 49 164136 1
85 86 164137 0
46 32 164182 1
55 94 164206 0
73 59 164247 0
35 87 164279 0
41 90 164281 0
42 52 164305 0
55 66 164343 0
34 82 164414 0
81 61 164425 0
49 76 164443 1
32 76 164450 0
83 86 164466 0
35 86 164486 0
82 43 164487 1
46 31 164487 1
39 90 164513 0
91 90 164684 0
33 50 164704 0
64 41 164711 1
37 87 164823 0
42 28 164842 1
69 62 164885 1
39 92 164946 0
30 35 164964 0
37 48 165000 0
51 38 165014 1
37 86 165034 0
29 39 165039 0
54 39 165120 1
99 52 165140 1
35 80 165160 0
31 38 165187 0
31 41 165194 0
30 37 165199 0
35 78 165282 0
50 71 165334 1
57 92 165341 0
106 58 165381 1
86 64 165433 0
35 45 165450 0
49 35 165453 1
99 53 165463 1
76 61 165468 0
85 63 165497 0
88 68 165517 0
50 37 165597 1
66 41 165696 1
111 80 165921 1
94 74 165922 1
113 68 166144 1
34 76 166257 0
92 66 166291 0
75 41 166300 1
46 29 166322 1
113 69 166360 1
97 70 166365 0
39 91 166407 0
38 26 166684 1
51 67 166702 1
69 68 166709 1
94 70 166747 0
79 62 166755 0
91 75 166772 1
51 68 166828 1
61 41 166837 1
30 48 166850 0
63 85 166854 1
69 61 166882 1
67 41 166931 1
100 86 166940 0
55 40 166976 1
41 91 166995 0
84 45 167032 1
28 36 167059 0
80 44 167074 1
93 50 167088 1
30 35 167106 0
55 71 167154 0
85 90 167177 0
80 43 167183 1
58 42 167187 1
56 70 167200 0
30 45 167207 0
34 78 167230 0
87 46 167232 1
68 76 167245 1
82 44 167301 1
111 63 167301 1
36 64 167315 0
38 48 167345 0
55 70 167354 0
43 28 167496 1
90 66 167585 0
96 51 167628 1
39 27 167633 1
110 59 167649 1
47 29 167692 1
49 95 167721 0
114 71 167732 1
89 47 167742 1
91 76 167832 1
37 47 168051 0
65 40 168090 1
86 91 168230 0
84 87 168302 0
42 52 168388 0
94 49 168542 1
49 30 168572 1
31 32 168577 0
96 90 168622 0
90 48 168626 1
52 68 168720 1
39 90 168751 0
113 71 168798 1
85 63 168843 0
88 65 168960 0
69 69 169026 1
33 44 169033 0
84 66 169033 0
35 79 169042 0
84 62 169068 0
40 58 169154 0
110 80 169251 1
78 62 169257 0
105 57 169263 1
85 40 169312 1
64 32 169317 1
40 50 169387 0
68 41 169494 1
103 85 169546 0
31 86 169604 0
51 94 169635 0
83 95 169672 0
31 38 169781 0
34 74 169826 0
45 28 169990 1
96 73 170010 1
42 51 170098 0
91 47 170119 1
108 60 170251 1
36 64 170284 0
109 45 170293 1
98 52 170306 1
97 88 170341 0
107 59 170415 1
37 88 170504 0
85 95 170564 0
95 69 170623 0
35 75 170625 0
113 72 170677 1
36 91 170707 0
41 51 170842 0
31 51 170901 0
36 66 170928 0
30 36 171001 0
38 48 171052 0
30 35 171074 0
90 91 171164 0
109 45 171173 0
85 89 171180 0
105 85 171231 0
92 48 171327 1
75 62 171339 0
41 26 171380 1
100 53 171389 1
33 46 171462 0
37 47 171480 0
53 66 171504 0
46 28 171535 1
76 61 171544 0
85 90 171581 0
34 75 171583 0
44 26 171596 1
36 47 171627 0
84 90 171635 0
53 37 171698 1
95 70 171829 0
110 61 171888 1
33 75 171993 0
83 62 172025 0
38 51 172086 0
93 49 172124 1
100 86 172147 0
85 84 172178 0
84 62 172194 0
36 49 172215 0
36 64 172253 0
47 96 172298 0
94 68 172301 0
98 87 172305 0
69 40 172329 1
38 60 172431 0
31 80 172443 0
42 52 172482 0
89 91 172522 0
55 70 172679 0
77 43 172779 1
75 60 172897 0
103 55 172968 1
92 90 173114 0
86 91 173168 0
72 41 173177 1
84 87 173277 0
106 86 173282 0
94 51 173330 1
96 70 173336 0
85 63 173480 0
41 50 173492 0
53 39 173607 1
30 41 173699 0
68 61 173714 1
41 91 173759 0
42 51 173774 0
87 64 173775 0
30 78 173856 0
80 93 173918 0
69 64 173945 1
36 87 173975 0
48 95 174045 0
40 27 174050 1
92 66 174054 0
27 38 174161 0
49 95 174229 0
81 62 174243 0
90 66 174349 0
49 73 174362 1
109 61 174399 1
30 35 174408 0
36 64 174437 0
31 39 174489 0
84 83 174555 0
48 35 174639 1
69 67 174679 1
97 71 174696 0
31 34 174784 0
51 76 174785 1
28 39 174881 0
39 51 174943 0
43 94 175016 0
83 62 175400 0
101 53 175439 1
96 69 175446 0
94 50 175456 1
30 75 175481 0
49 36 175488 1
38 49 175513 0
37 87 175569 0
47 33 175640 1
40 49 175710 0
97 87 175762 0
102 54 175772 1
37 47 175836 0
100 90 176029 0
45 93 176204 0
95 88 176533 0
93 67 176629 0
35 79 176694 0
98 38 176828 1
35 46 176879 0
28 46 176917 0
59 42 177011 1
38 48 177047 0
84 62 177072 0
31 43 177091 0
67 40 177092 1
30 43 177098 0
74 42 177157 1
41 50 177315 0
85 90 177317 0
103 89 177355 0
113 70 177403 1
85 38 177422 1
35 70 177472 0
88 69 177624 0
95 50 177673 1
34 78 177693 0
36 64 177702 0
34 44 177713 0
42 27 177752 1
110 62 177795 1
74 41 177986 1
57 41 178026 1
30 44 178164 0
39 90 178175 0
39 98 178224 0
30 40 178273 0
33 47 178289 0
94 46 178638 1
30 35 178639 0
91 66 178890 0
36 65 178904 0
42 51 179191 0
54 67 179258 0
43 92 179278 0
88 91 179319 0
42 52 179373 0
31 35 179418 0
75 61 179419 0
40 26 179537 1
52 37 179573 1
40 49 179586 0
101 115 179602 1
86 45 179730 1
96 69 179837 0
59 41 179845 1
98 89 179909 0
104 87 180015 0
113 73 180027 1
90 91 180067 0
106 57 180123 1
106 56 180169 1
47 32 180335 1
36 82 180377 0
69 65 180384 1
84 87 180481 0
86 91 180764 0
36 64 180888 0
31 42 181029 0
30 35 181207 0
104 55 181226 1
35 49 181235 0
35 74 181247 0
50 35 181257 1
48 31 181411 1
90 47 181534 1
50 36 181638 1
80 42 181716 1
57 40 181738 1
70 40 181744 1
70 41 181765 1
44 24 181892 1
98 86 182011 0
52 38 182126 1
36 29 182192 1
109 60 182244 1
38 27 182503 1
48 33 182525 1
105 85 182608 0
109 59 182723 1
108 59 182804 1
67 80 182966 1
112 67 182985 1
112 65 183031 1
95 51 183286 1
77 40 183320 1
111 64 183367 1
72 59 183493 0
113 66 183497 1
47 94 183591 0
85 45 183605 1
99 87 183607 0
89 64 183695 0
95 88 183811 0
94 88 183882 0
106 83 183907 0
49 95 183994 0
79 43 184011 1
86 46 184011 1
91 48 184023 1
79 61 184028 0
34 81 184030 0
85 46 184244 1
96 67 184265 0
113 75 184326 1
55 67 184346 0
45 93 184361 0
113 67 184395 1
84 44 184397 1
113 64 184401 1
43 27 184419 1
107 58 184469 1
36 28 184507 1
75 59 184543 0
49 33 184575 1
101 52 184636 1
98 51 184695 1
46 94 184712 0
112 64 184715 1
85 84 184758 0
97 70 184790 0
102 54 184802 1
78 43 184805 1
81 61 184834 0
111 63 184837 1
78 42 184854 1
68 74 184854 1
71 60 184863 0
95 68 184865 0
109 60 184867 1
81 44 184897 1
112 66 184954 1
71 41 184958 1
69 63 184987 1
96 69 185029 0
38 50 185043 0
109 61 185097 1
54 73 185099 0
73 41 185143 1
97 68 185145 0
92 49 185157 1
103 55 185185 1
73 59 185199 0
113 71 185207 1
87 45 185213 1
87 90 185218 0
85 86 185233 0
94 89 185258 0
100 52 185293 1
79 42 185359 1
52 94 185381 0
106 57 185386 1
83 62 185411 0
108 59 185420 1
51 94 185452 0
83 44 185455 1
113 68 185460 1
85 85 185460 0
69 66 185469 1
96 51 185526 1
113 69 185530 1
76 42 185534 1
110 62 185553 1
88 66 185576 0
88 91 185582 0
91 49 185606 1
81 42 185623 1
97 51 185656 1
113 74 185668 1
88 46 185677 1
113 72 185678 1
50 72 185723 1
71 58 185741 0
60 41 185773 1
51 69 185776 1
68 75 185783 1
95 50 185784 1
81 43 185832 1
54 40 185833 1
85 63 185849 0
100 86 185940 0
36 82 185951 0
55 93 185958 0
94 50 185977 1
99 52 186019 1
77 42 186030 1
37 64 186041 0
47 31 186071 1
113 70 186076 1
84 84 186098 0
66 40 186107 1
102 87 186158 0
30 35 186177 0
56 70 186180 0
55 66 186217 0
89 47 186231 1
43 53 186268 0
56 40 186270 1
107 84 186280 0
112 63 186296 1
111 62 186332 1
31 35 186342 0
91 69 186361 0
85 45 186365 1
15 81 186394 0
104 55 186457 1
87 46 186491 1
34 77 186498 0
61 42 186500 1
41 50 186549 0
40 49 186550 0
101 87 186572 0
90 65 186594 0
49 34 186596 1
69 72 186604 1
58 41 186625 1
55 69 186645 0
51 36 186683 1
73 40 186738 1
94 67 186799 0
69 70 186799 1
31 38 186815 0
89 46 186825 1
84 62 186861 0
41 90 186890 0
55 39 186910 1
76 61 186967 0
82 44 186992 1
45 29 187004 1
98 86 187005 0
93 49 187037 1
50 73 187039 1
69 65 187076 1
54 50 187081 1
54 39 187082 1
37 86 187093 0
35 67 187096 0
85 89 187111 0
30 39 187133 0
92 48 187141 1
67 78 187155 1
71 40 187156 1
69 60 187169 1
48 94 187174 0
86 46 187202 1
94 49 187202 1
91 65 187217 0
51 70 187225 1
96 50 187245 1
85 90 187281 0
37 47 187284 0
49 35 187321 1
95 87 187351 0
103 54 187379 1
55 68 187386 0
51 37 187396 1
89 64 187409 0
69 41 187411 1
40 51 187420 0
65 41 187423 1
96 67 187481 0
60 40 187486 1
58 92 187504 0
34 45 187509 0
33 49 187532 0
48 32 187536 1
35 73 187551 0
43 92 187553 0
102 54 187580 1
44 28 187582 1
41 96 187603 0
45 26 187603 1
30 35 187628 0
86 45 187642 1
34 74 187646 0
35 45 187658 0
72 59 187671 0
36 67 187713 0
73 61 187720 0
46 27 187724 1
102 53 187738 1
68 77 187742 1
48 29 187745 1
36 69 187746 0
101 53 187747 1
109 45 187758 1
42 26 187802 1
70 66 187836 1
90 71 187865 0
90 76 187913 1
51 75 187914 1
91 48 187956 1
45 94 187958 0
101 54 187968 1
92 67 188000 0
47 94 188008 0
38 87 188012 0
55 70 188021 0
92 30 188025 1
77 75 188025 1
77 41 188025 1
79 61 188053 0
85 44 188062 1
41 27 188085 1
51 38 188113 1
55 40 188114 1
72 41 188116 1
38 97 188210 0
109 45 188258 0
107 58 188270 1
38 90 188294 0
39 26 188309 1
111 64 188313 1
46 94 188325 0
46 29 188343 1
36 68 188361 0
75 60 188382 0
80 43 188385 1
23 47 188393 0
35 80 188443 0
35 47 188447 0
113 76 188459 1
41 91 188492 0
53 38 188513 1
45 93 188530 0
50 36 188552 1
55 72 188553 0
103 85 188570 0
57 41 188578 1
109 60 188603 1
88 45 188612 1
45 27 188616 1
32 43 188619 0
69 68 188640 1
52 76 188649 1
35 82 188674 0
74 40 188691 1
68 41 188756 1
62 41 188775 1
44 27 188781 1
31 33 188793 0
43 51 188814 0
75 59 188836 0
73 59 188869 0
95 50 188883 1
108 83 188918 0
55 71 188920 0
81 61 188959 0
111 63 188962 1
39 49 188965 0
105 86 188973 0
41 52 188974 0
40 92 188974 0
93 74 188980 1
34 84 188988 0
34 79 188998 0
35 78 188999 0
72 60 189000 0
43 28 189017 1
89 65 189033 0
98 87 189054 0
55 67 189062 0
34 68 189078 0
69 63 189091 1
105 55 189139 1
34 44 189174 0
90 47 189276 1
96 88 189288 0
113 73 189292 1
34 75 189294 0
55 95 189305 0
52 38 189378 1
85 85 189392 0
76 41 189400 1
84 44 189419 1
106 57 189427 1
45 30 189453 1
97 87 189469 0
58 40 189483 1
50 96 189550 0
36 82 189568 0
47 31 189657 1
91 47 189665 1
83 44 189686 1
56 68 189690 0
27 85 189715 0
90 65 189737 0
38 63 189780 0
100 53 189784 1
69 62 189792 1
85 62 189858 0
109 58 189894 1
35 72 189904 0
91 65 189916 0
31 39 189944 0
97 86 189949 0
30 35 189960 0
77 43 189977 1
84 82 189983 0
68 40 189988 1
81 44 190002 1
69 61 190025 1
54 40 190054 1
97 68 190054 0
90 91 190067 0
34 73 190085 0
27 64 190122 0
97 73 190137 1
35 68 190210 0
51 77 190218 1
69 59 190218 1
42 51 190259 0
84 87 190295 0
63 86 190296 1
56 93 190353 0
52 37 190357 1
100 52 190365 1
43 100 190374 0
85 45 190383 1
107 57 190409 1
89 45 190464 1
52 67 190467 1
65 83 190482 1
47 28 190506 1
73 39 190520 1
37 27 190522 1
54 94 190537 0
110 61 190556 1
79 43 190602 1
31 34 190610 0
108 59 190615 1
34 99 190627 0
35 75 190639 0
82 43 190689 1
82 92 190705 0
31 38 190746 0
113 69 190799 1
38 87 190834 0
58 42 190917 1
110 60 190961 1
48 94 191026 0
35 79 191067 0
35 84 191085 0
50 35 191092 1
49 32 191094 1
43 92 191099 0
41 90 191101 0
50 34 191130 1
49 33 191150 1
88 91 191151 0
85 86 191186 0
35 74 191214 0
48 32 191243 1
113 71 191244 1
95 88 191326 0
104 55 191337 1
31 41 191384 0
85 96 191394 0
91 90 191435 0
94 50 191446 1
43 51 191458 0
35 83 191471 0
65 81 191485 1
103 55 191485 1
41 93 191499 0
95 73 191501 1
46 28 191548 1
32 69 191556 0
64 41 191567 1
87 90 191604 0
88 46 191605 1
51 76 191635 1
85 64 191636 0
81 64 191677 0
70 67 191678 1
99 52 191848 1
83 93 191858 0
99 51 191868 1
90 66 191876 0
46 94 191922 0
37 87 191938 0
37 63 191938 0
40 49 191940 0
69 65 191955 1
88 92 191971 0
54 39 192001 1
87 66 192011 0
56 70 192038 0
97 51 192063 1
100 86 192100 0
30 35 192109 0
41 99 192113 0
75 62 192115 0
41 50 192139 0
71 41 192169 1
47 94 192170 0
94 65 192189 0
72 59 192189 0
113 68 192208 1
79 61 192219 0
30 45 192245 0
31 35 192258 0
42 58 192281 0
49 34 192310 1
82 42 192321 1
43 54 192373 0
45 28 192384 1
96 67 192390 0
41 98 192417 0
35 96 192423 0
43 53 192494 0
69 69 192523 1
33 71 192598 0
39 59 192599 0
81 88 192605 0
41 95 192609 0
91 65 192620 0
47 93 192644 0
93 48 192657 1
69 73 192664 1
90 65 192668 0
57 91 192744 0
59 42 192755 1
82 65 192767 0
96 51 192770 1
85 62 192815 0
46 96 192828 0
30 42 192871 0
96 69 192898 0
69 71 192907 1
87 45 192912 1
47 33 193010 1
113 67 193055 1
86 82 193127 0
38 48 193128 0
35 45 193155 0
47 29 193156 1
55 72 193157 0
34 28 193175 1
54 38 193178 1
56 68 193288 0
74 41 193292 1
75 41 193311 1
39 63 193320 0
83 62 193337 0
78 42 193357 1
98 86 193360 0
92 48 193416 1
71 58 193436 0
76 42 193440 1
83 43 193479 1
71 60 193482 0
35 77 193513 0
50 71 193599 1
112 64 193619 1
39 60 193635 0
43 27 193660 1
85 84 193665 0
78 62 193695 0
73 41 193708 1
25 39 193714 0
86 65 193747 0
97 93 193754 0
38 90 193756 0
38 87 193766 0
47 32 193774 1
37 66 193783 0
44 26 193793 1
110 62 193825 1
59 41 193845 1
34 81 193907 0
45 93 193917 0
89 65 193971 0
38 96 194013 0
98 51 194020 1
109 61 194063 1
102 54 194071 1
47 30 194106 1
37 67 194115 0
103 87 194193 0
86 91 194222 0
39 90 194266 0
67 40 194267 1
53 94 194398 0
93 66 194406 0
35 51 194474 0
113 70 194579 1
31 37 194599 0
74 42 194609 1
50 36 194641 1
33 44 194685 0
33 41 194740 0
57 38 194755 1
67 41 194796 1
70 40 194806 1
64 84 194886 1
83 61 194929 0
65 40 194948 1
37 28 194971 1
57 37 195017 1
68 75 195038 1
102 52 195059 1
93 49 195077 1
87 46 195085 1
93 75 195161 1
89 77 195278 1
62 40 195287 1
72 40 195319 1
86 63 195366 0
38 89 195399 0
55 66 195412 0
113 62 195487 1
64 40 195527 1
89 64 195548 0
69 66 195565 1
68 74 195566 1
113 72 195594 1
56 39 195603 1
80 89 195609 0
112 77 195655 1
85 83 195684 0
47 93 195704 0
41 91 195840 0
43 51 195875 0
56 40 195908 1
35 28 195927 1
77 60 195927 0
69 40 195929 1
36 82 195969 0
51 68 195970 1
85 62 196070 0
96 50 196113 1
47 26 196120 1
97 89 196149 0
51 70 196230 1
50 98 196257 0
102 51 196356 1
91 65 196403 0
55 67 196574 0
77 61 196584 0
67 79 196638 1
95 50 196643 1
37 83 196666 0
86 45 196689 1
51 94 196793 0
94 49 196794 1
101 52 196830 1
107 58 196892 1
113 74 196924 1
106 56 196926 1
90 65 196928 0
97 68 196933 0
55 73 197052 0
72 41 197086 1
89 47 197086 1
92 64 197127 0
103 54 197177 1
48 30 197252 1
77 42 197257 1
114 78 197328 1
34 76 197399 0
81 43 197423 1
92 40 197442 1
60 41 197443 1
102 53 197452 1
113 66 197457 1
33 41 197473 0
99 43 197492 1
109 60 197503 1
39 25 197506 1
91 46 197525 1
94 74 197539 1
109 59 197571 1
93 66 197614 0
55 40 197626 1
82 44 197638 1
106 57 197652 1
66 81 197661 1
52 66 197672 1
42 27 197678 1
99 92 197719 0
52 38 197727 1
83 61 197730 0
97 86 197790 0
30 35 197799 0
94 88 197821 0
80 42 197856 1
84 62 197897 0
86 46 197905 1
47 31 197943 1
54 73 197950 0
35 77 197961 0
111 63 197972 1
34 51 198122 0
108 59 198125 1
70 68 198220 1
61 40 198245 1
104 54 198277 1
79 42 198294 1
80 43 198307 1
111 62 198332 1
85 45 198338 1
85 89 198428 0
43 26 198429 1
79 61 198433 0
53 38 198449 1
39 97 198490 0
111 61 198499 1
106 55 198520 1
34 29 198642 1
29 38 198665 0
84 44 198666 1
38 28 198667 1
39 27 198705 1
77 60 198722 0
55 39 198722 1
31 37 198733 0
33 53 198758 0
66 80 198774 1
100 52 198775 1
112 63 198823 1
69 63 198827 1
66 40 198829 1
49 95 198840 0
96 88 198877 0
69 74 198879 1
27 39 198891 0
86 63 198893 0
104 55 198937 1
94 65 198945 0
70 39 198967 1
89 91 198975 0
91 48 198975 1
83 44 199002 1
45 27 199002 1
37 46 199025 0
96 67 199069 0
113 69 199130 1
91 47 199142 1
51 37 199153 1
113 68 199188 1
113 67 199199 1
51 69 199204 1
69 72 199237 1
46 29 199257 1
95 51 199285 1
88 62 199322 0
57 41 199332 1
38 62 199339 0
71 40 199345 1
100 87 199355 0
48 31 199368 1
69 70 199390 1
41 59 199390 1
35 73 199404 0
103 85 199418 0
77 63 199442 0
35 92 199467 0
38 87 199477 0
107 57 199517 1
92 90 199533 0
58 41 199535 1
75 59 199555 0
44 27 199558 1
113 73 199631 1
59 40 199640 1
87 44 199649 1
85 62 199678 0
90 46 199718 1
100 51 199741 1
109 45 199760 1
70 65 199795 1
37 83 199814 0
109 45 199824 0
97 70 199839 0
55 72 199841 0
101 53 199881 1
46 94 199910 0
95 49 199950 1
52 37 199959 1
108 58 199970 1
34 42 199973 0
0 0 200010 0
