92 41 0 1
95 62 121 0
101 49 216 1
96 105 287 0
37 53 301 0
32 88 303 0
35 53 400 0
37 54 482 0
90 60 492 0
99 46 554 1
86 55 574 0
102 83 612 0
101 82 663 0
42 110 811 0
58 93 819 1
75 53 991 0
113 82 1163 1
90 40 1250 1
102 80 1262 0
31 38 1355 0
34 99 1547 0
65 40 1763 1
48 35 1821 1
33 35 1991 0
99 47 2025 1
35 49 2028 0
31 86 2127 0
106 54 2153 1
103 51 2160 1
109 58 2239 1
106 102 2301 0
111 64 2374 1
98 46 2437 1
32 39 2486 0
106 55 2497 1
113 83 2505 1
102 81 2520 0
32 84 2536 0
110 60 2629 1
112 68 2668 1
101 103 2686 0
104 103 2687 0
92 59 2888 0
66 39 2911 1
33 32 2971 0
60 42 2979 1
34 102 3023 0
101 72 3057 0
57 73 3064 1
114 86 3120 1
113 76 3126 1
103 50 3200 1
90 57 3250 0
105 53 3253 1
30 92 3274 0
107 56 3291 1
33 43 3291 0
103 83 3378 0
112 66 3380 1
101 78 3425 0
110 61 3431 1
104 52 3446 1
39 62 3531 0
97 100 3535 0
113 75 3547 1
84 37 3560 1
102 49 3570 1
113 80 3571 1
113 84 3580 1
74 55 3603 0
51 45 3621 1
99 103 3622 0
83 37 3704 1
103 84 3709 0
111 74 3731 1
107 57 3737 1
56 71 3778 1
111 62 3779 1
92 58 3829 0
50 43 3906 1
105 52 3932 1
114 85 3956 1
110 62 3961 1
112 67 3998 1
70 54 4068 0
105 102 4084 0
100 46 4112 1
89 40 4118 1
112 65 4151 1
48 36 4159 1
74 37 4204 1
102 78 4252 0
82 54 4258 0
34 104 4290 0
85 47 4299 0
85 38 4299 1
84 55 4353 0
96 43 4427 1
87 39 4500 1
111 65 4546 1
96 97 4574 0
82 36 4603 1
111 63 4603 1
98 45 4636 1
77 54 4645 0
109 59 4650 1
113 79 4671 1
37 51 4676 0
103 85 4697 0
91 39 4702 1
101 48 4709 1
93 42 4788 1
103 51 4868 1
95 43 4887 1
102 103 4927 0
49 39 4937 1
55 66 4937 1
84 38 4981 1
100 47 4982 1
107 55 4994 1
102 80 5012 0
77 37 5029 1
52 27 5045 1
103 89 5071 0
98 66 5085 0
102 85 5094 0
57 75 5115 1
68 55 5117 0
87 55 5124 0
49 35 5131 1
57 78 5133 1
52 26 5237 1
109 58 5309 1
98 102 5310 0
113 73 5318 1
111 64 5340 1
55 71 5356 1
104 50 5358 1
88 39 5367 1
46 19 5376 1
104 51 5379 1
79 36 5381 1
49 32 5453 1
56 66 5494 1
86 55 5528 0
97 44 5542 1
55 81 5549 1
41 109 5575 0
111 96 5587 1
45 19 5592 1
58 85 5592 1
105 53 5628 1
57 84 5648 1
68 38 5656 1
78 88 5715 1
78 35 5715 1
73 36 5735 1
109 60 5743 1
88 40 5749 1
89 39 5751 1
106 54 5830 1
53 102 5870 1
100 102 5905 0
51 21 5909 1
69 39 5911 1
47 19 5911 1
58 91 5990 1
94 59 6001 0
58 83 6045 1
57 70 6064 1
51 19 6086 1
113 83 6087 1
33 97 6118 0
67 38 6156 1
81 37 6167 1
37 53 6175 0
83 54 6180 0
55 69 6186 1
34 98 6187 0
58 87 6270 1
35 101 6278 0
108 56 6305 1
58 89 6413 1
50 20 6439 1
92 58 6458 0
101 103 6511 0
34 40 6539 0
100 68 6542 0
37 52 6581 0
57 79 6649 1
34 35 6693 0
33 89 6701 0
57 72 6709 1
42 109 6713 0
48 32 6732 1
102 81 6792 0
113 74 6794 1
47 18 6802 1
36 103 6804 0
49 41 6916 1
102 49 6921 1
100 69 6929 0
79 35 6930 1
57 74 6935 1
32 91 6940 0
33 31 6960 0
53 25 6980 1
35 45 7001 0
113 82 7046 1
71 37 7088 1
64 57 7092 0
33 98 7096 0
43 18 7112 1
39 57 7157 0
98 94 7158 1
33 93 7182 0
114 90 7198 1
90 57 7206 0
34 44 7237 0
75 37 7242 1
103 84 7244 0
32 87 7249 0
98 85 7257 1
98 46 7257 1
103 83 7294 0
35 102 7297 0
96 63 7328 0
34 30 7337 0
87 39 7353 1
56 70 7366 1
55 68 7378 1
101 70 7408 0
54 103 7421 1
34 37 7453 0
113 88 7454 1
37 107 7456 0
48 19 7457 1
35 46 7478 0
89 57 7482 0
103 50 7482 1
52 47 7483 1
92 59 7491 0
70 37 7498 1
56 78 7506 1
49 37 7524 1
97 100 7529 0
79 53 7532 0
112 68 7533 1
89 40 7551 1
37 104 7573 0
114 82 7591 1
51 20 7609 1
46 18 7609 1
58 84 7678 1
102 86 7680 0
80 36 7703 1
114 91 7751 1
83 37 7752 1
111 97 7768 1
95 44 7808 1
103 51 7813 1
52 22 7819 1
49 43 7844 1
33 38 7845 0
84 53 7858 0
95 42 7861 1
40 58 7902 0
33 86 7906 0
39 59 7918 0
57 92 7918 1
42 19 7933 1
50 42 7933 1
39 108 7934 0
33 37 7950 0
57 80 7954 1
37 105 7958 0
51 46 7962 1
50 19 7989 1
58 86 7995 1
85 38 7996 1
32 82 8011 0
97 98 8020 0
32 92 8028 0
49 19 8048 1
33 76 8061 0
110 60 8066 1
57 81 8070 1
107 56 8104 1
34 43 8127 0
102 48 8141 1
33 34 8146 0
56 67 8181 1
101 48 8201 1
33 75 8226 0
102 78 8235 0
34 39 8265 0
52 24 8298 1
46 109 8347 0
85 39 8349 1
113 81 8375 1
57 82 8376 1
57 96 8384 1
50 39 8398 1
83 38 8399 1
97 96 8429 0
98 45 8430 1
58 90 8444 1
99 65 8458 0
91 41 8488 1
113 80 8494 1
56 75 8496 1
33 33 8516 0
57 71 8525 1
34 45 8568 0
38 57 8576 0
101 102 8588 0
33 94 8614 0
102 103 8627 0
90 40 8645 1
58 92 8646 1
56 65 8649 1
101 80 8669 0
37 67 8682 0
112 67 8697 1
107 55 8728 1
106 55 8747 1
111 61 8751 1
56 68 8795 1
101 76 8815 0
114 78 8828 1
39 107 8854 0
56 69 8858 1
102 80 8866 0
95 43 8874 1
104 103 8874 0
75 53 8917 0
57 83 8936 1
37 56 8952 0
51 45 8957 1
67 39 8958 1
44 18 8964 1
33 92 8978 0
33 81 8992 0
38 53 9061 0
109 57 9070 1
92 41 9097 1
75 36 9099 1
42 110 9102 0
111 63 9104 1
56 82 9106 1
34 36 9130 0
69 38 9148 1
103 85 9150 0
37 51 9165 0
55 98 9181 1
54 46 9195 1
49 20 9209 1
33 78 9231 0
65 57 9244 0
34 99 9246 0
33 35 9256 0
38 55 9265 0
58 88 9271 1
50 36 9284 1
77 36 9293 1
112 80 9313 1
58 82 9335 1
33 36 9335 0
89 56 9350 0
101 75 9352 0
93 42 9365 1
82 54 9389 0
33 88 9393 0
37 52 9399 0
35 101 9400 0
96 43 9404 1
96 100 9404 1
35 105 9432 0
45 18 9461 1
41 20 9472 1
32 79 9476 0
63 58 9489 0
32 37 9496 0
92 58 9514 0
32 85 9524 0
101 72 9535 0
57 95 9554 1
57 44 9598 1
34 42 9609 0
74 36 9614 1
105 53 9614 1
34 72 9645 0
97 97 9651 0
110 59 9652 1
36 68 9661 0
33 77 9673 0
114 86 9695 1
100 68 9751 0
105 52 9813 1
104 52 9826 1
49 40 9845 1
49 36 9903 1
99 93 9937 1
107 102 9942 0
52 20 9991 1
113 77 10050 1
109 58 10053 1
37 54 10066 0
39 63 10068 0
38 63 10105 0
51 44 10106 1
50 41 10124 1
94 61 10131 0
101 73 10133 0
97 101 10168 0
36 52 10191 0
33 95 10198 0
113 78 10211 1
94 59 10217 0
104 40 10239 1
86 55 10260 0
35 43 10291 0
33 97 10294 0
93 61 10313 0
113 72 10360 1
50 40 10361 1
33 99 10432 0
58 93 10462 1
37 53 10483 0
35 47 10483 0
92 61 10487 0
101 70 10496 0
35 39 10508 0
86 38 10508 1
98 103 10565 0
91 59 10571 0
35 99 10583 0
36 103 10609 0
90 57 10633 0
53 46 10638 1
52 46 10650 1
99 103 10675 0
105 102 10690 0
46 19 10701 1
96 98 10713 0
106 54 10750 1
31 88 10831 0
49 39 10855 1
59 42 10884 1
93 60 10906 0
109 45 10921 1
34 98 10954 0
35 73 11012 0
112 66 11020 1
109 45 11051 0
15 33 11068 0
33 89 11102 0
82 37 11108 1
42 109 11111 0
34 33 11154 0
41 109 11173 0
103 91 11199 0
87 38 11213 1
55 69 11216 1
113 71 11234 1
44 20 11271 1
100 102 11285 0
52 23 11315 1
99 65 11321 0
71 54 11326 0
53 23 11359 1
113 76 11363 1
112 96 11433 1
109 59 11449 1
70 54 11452 0
92 59 11478 0
56 98 11479 1
36 69 11487 0
94 66 11517 0
34 35 11533 0
96 101 11553 0
39 62 11582 0
60 41 11625 1
99 46 11638 1
95 62 11661 0
47 109 11670 0
104 51 11684 1
103 84 11692 0
99 73 11771 0
35 74 11802 0
53 47 11817 1
92 57 11847 0
32 90 11847 0
34 40 12059 0
34 37 12158 0
100 75 12167 0
84 37 12169 1
81 36 12203 1
46 18 12279 1
35 45 12285 0
113 70 12306 1
48 36 12348 1
97 99 12504 0
49 18 12504 1
112 95 12517 1
108 101 12543 0
83 36 12572 1
49 33 12574 1
49 38 12610 1
65 39 12630 1
102 49 12696 1
33 44 12730 0
102 103 12763 0
97 70 12763 0
32 81 12770 0
102 81 12776 0
96 99 12799 0
39 22 12800 1
113 75 12816 1
105 104 12848 0
68 57 12864 0
107 103 12889 0
59 43 12893 1
34 39 12899 0
36 105 12901 0
35 102 12938 0
38 55 12938 0
40 58 12959 0
39 57 12984 0
49 42 12993 1
87 55 13022 0
89 56 13031 0
103 90 13035 0
68 56 13083 0
98 102 13132 0
95 63 13203 0
57 84 13237 1
37 105 13249 0
50 38 13298 1
57 77 13333 1
49 34 13346 1
83 56 13375 0
88 39 13384 1
36 107 13397 0
56 45 13443 1
100 68 13476 0
33 86 13569 0
51 21 13570 1
66 40 13579 1
91 56 13583 0
103 49 13610 1
113 79 13626 1
37 104 13663 0
34 30 13736 0
114 83 13770 1
84 38 13792 1
48 20 13863 1
35 48 13900 0
97 101 13924 0
32 99 13954 0
35 49 14012 0
36 43 14017 0
57 73 14029 1
67 55 14071 0
83 55 14099 0
33 42 14099 0
47 18 14111 1
114 85 14111 1
53 22 14143 1
74 37 14158 1
61 59 14160 0
48 19 14234 1
90 58 14241 0
101 103 14250 0
81 37 14396 1
52 21 14445 1
38 58 14473 0
35 43 14487 0
39 64 14640 0
34 104 14647 0
45 19 14667 1
91 42 14687 1
73 53 14696 0
80 35 14759 1
97 44 14774 1
103 83 14842 0
106 102 14863 0
58 89 14870 1
90 57 14872 0
99 65 14936 0
53 103 14942 1
34 99 14981 0
100 47 14981 1
34 103 15006 0
96 96 15017 0
34 28 15022 0
33 102 15044 0
62 41 15078 1
30 99 15153 0
111 62 15208 1
51 25 15242 1
88 56 15260 0
112 63 15268 1
99 45 15334 1
34 33 15358 0
93 41 15361 1
114 84 15403 1
112 65 15407 1
82 54 15446 0
49 19 15551 1
32 89 15563 0
94 42 15571 1
68 38 15602 1
72 37 15707 1
38 53 15726 0
73 37 15726 1
55 101 15741 1
33 43 15744 0
34 73 15779 0
102 91 15808 0
56 97 15841 1
100 46 15854 1
87 39 15870 1
51 45 15886 1
34 36 15916 0
99 105 15988 0
51 19 16035 1
55 66 16102 1
101 75 16139 0
58 75 16148 1
108 56 16163 1
76 36 16184 1
56 44 16198 1
82 36 16235 1
50 19 16239 1
97 43 16279 1
61 42 16290 1
113 92 16291 1
91 40 16305 1
58 78 16372 1
101 70 16374 0
71 38 16457 1
50 43 16464 1
49 32 16466 1
56 70 16474 1
101 102 16481 0
89 39 16499 1
64 40 16506 1
113 69 16531 1
84 53 16541 0
103 89 16627 0
48 35 16628 1
98 68 16636 0
112 67 16663 1
41 21 16666 1
58 94 16695 1
110 60 16742 1
89 56 16760 0
78 36 16772 1
33 98 16796 0
97 100 16816 0
86 55 16847 0
58 84 16850 1
106 53 16882 1
32 86 16910 0
102 80 16949 0
75 38 17014 1
83 37 17016 1
102 86 17027 0
113 80 17028 1
107 55 17032 1
57 78 17055 1
103 50 17057 1
114 88 17083 1
79 36 17085 1
86 37 17106 1
104 50 17135 1
90 39 17170 1
58 86 17177 1
92 40 17208 1
113 83 17218 1
101 48 17226 1
57 94 17260 1
92 59 17265 0
104 102 17310 0
50 42 17321 1
99 66 17330 0
98 45 17401 1
112 64 17405 1
101 47 17413 1
33 31 17418 0
48 32 17429 1
94 59 17451 0
85 38 17481 1
81 34 17495 1
49 37 17502 1
89 40 17545 1
102 78 17659 0
32 88 17660 0
113 73 17663 1
58 87 17683 1
77 37 17687 1
100 45 17699 1
115 86 17737 1
57 75 17746 1
95 43 17766 1
105 87 17768 1
105 52 17768 1
109 58 17772 1
57 86 17779 1
58 80 17824 1
49 35 17835 1
92 58 17886 0
98 44 17903 1
38 55 17973 0
113 82 18030 1
113 91 18036 1
50 39 18050 1
99 94 18053 1
103 51 18102 1
113 68 18106 1
96 43 18148 1
49 41 18170 1
100 102 18179 0
36 103 18199 0
55 67 18241 1
113 74 18270 1
57 81 18278 1
80 36 18297 1
85 37 18300 1
58 92 18300 1
49 30 18350 1
51 20 18358 1
110 62 18392 1
52 45 18411 1
40 21 18413 1
53 24 18438 1
102 48 18497 1
55 68 18527 1
92 57 18542 0
57 72 18547 1
97 101 18557 0
58 73 18587 1
58 90 18596 1
91 58 18611 0
93 42 18634 1
111 63 18654 1
73 53 18674 0
114 86 18686 1
113 94 18709 1
102 103 18720 0
37 51 18725 0
90 40 18725 1
113 89 18725 1
82 52 18744 0
58 91 18801 1
71 37 18859 1
57 74 18864 1
34 102 18867 0
56 81 18895 1
103 84 18896 0
100 68 18929 0
103 85 18942 0
114 87 18943 1
102 70 18956 0
39 107 18972 0
68 55 18984 0
58 83 19032 1
88 38 19033 1
34 100 19062 0
103 83 19073 0
51 43 19085 1
91 41 19096 1
57 82 19112 1
56 66 19134 1
46 110 19143 0
46 109 19146 0
112 68 19200 1
92 41 19316 1
79 53 19340 0
106 54 19409 1
110 58 19413 1
103 90 19429 0
52 22 19430 1
105 102 19452 0
113 81 19469 1
33 39 19498 0
81 35 19550 1
57 79 19564 1
96 97 19571 0
99 101 19586 0
36 105 19604 0
101 86 19615 0
64 57 19619 0
34 52 19663 0
33 93 19666 0
58 88 19702 1
99 65 19722 0
50 108 19753 0
104 51 19795 1
56 68 19829 1
100 70 19844 0
48 18 19870 1
112 66 19876 1
37 66 19896 0
113 78 19946 1
34 43 19949 0
107 101 19952 0
52 26 19957 1
34 39 19963 0
32 94 20027 0
88 39 20036 1
57 80 20040 1
113 75 20084 1
105 53 20104 1
50 18 20118 1
56 67 20158 1
75 53 20158 0
56 69 20170 1
33 92 20179 0
97 99 20216 0
58 85 20254 1
39 108 20283 0
105 51 20292 1
35 72 20323 0
37 53 20329 0
108 56 20377 1
43 109 20418 0
102 49 20466 1
114 81 20467 1
57 76 20469 1
52 20 20488 1
98 63 20496 0
91 56 20525 0
113 79 20527 1
47 19 20540 1
114 78 20549 1
84 53 20555 0
94 59 20588 0
33 82 20591 0
114 90 20600 1
100 46 20681 1
33 94 20764 0
35 99 20790 0
89 39 20792 1
88 56 20795 0
34 33 20837 0
37 52 20839 0
45 18 20886 1
35 101 20946 0
52 24 21030 1
44 108 21071 0
57 83 21077 1
33 78 21161 0
113 72 21193 1
97 100 21223 0
43 19 21226 1
33 81 21250 0
101 87 21251 0
87 38 21254 1
50 40 21267 1
101 70 21324 0
89 56 21345 0
97 97 21372 0
42 109 21379 0
34 98 21395 0
32 84 21418 0
99 66 21420 0
35 43 21448 0
90 60 21478 0
110 59 21487 1
113 76 21495 1
87 56 21529 0
49 108 21535 0
35 46 21539 0
90 57 21597 0
40 58 21639 0
109 57 21682 1
33 35 21698 0
102 84 21736 0
104 102 21740 0
63 58 21782 0
53 21 21788 1
49 36 21796 1
103 49 21815 1
107 55 21860 1
101 102 21883 0
37 104 21896 0
33 29 21902 0
33 88 21906 0
108 55 21915 1
73 53 21963 0
113 77 21963 1
34 29 21986 0
37 105 22043 0
35 47 22062 0
66 56 22072 0
55 100 22121 1
34 92 22149 0
34 44 22169 0
30 98 22179 0
104 89 22211 0
99 102 22214 0
33 32 22264 0
95 42 22307 1
35 39 22310 0
104 50 22314 1
51 44 22322 1
100 104 22343 0
97 98 22365 0
113 71 22420 1
98 63 22424 0
50 20 22465 1
114 82 22471 1
36 47 22536 0
98 74 22557 0
107 54 22558 1
41 109 22612 0
36 43 22622 0
92 58 22625 0
111 61 22652 1
113 93 22655 1
77 36 22659 1
58 93 22659 1
80 56 22670 0
87 39 22675 1
47 18 22679 1
91 58 22704 0
46 18 22717 1
73 36 22743 1
57 71 22840 1
37 25 22897 0
100 102 22950 0
101 71 22953 0
102 85 22984 0
97 43 22990 1
60 42 23016 1
31 35 23025 0
103 50 23040 1
33 27 23084 0
92 57 23085 0
56 65 23168 1
58 79 23169 1
74 36 23236 1
57 70 23249 1
50 37 23268 1
61 41 23300 1
97 44 23337 1
31 99 23393 0
112 65 23414 1
99 45 23426 1
84 37 23454 1
97 96 23457 0
58 82 23526 1
52 25 23527 1
34 36 23611 0
34 40 23617 0
33 95 23639 0
34 35 23687 0
39 57 23709 0
38 55 23736 0
51 45 23739 1
64 58 23761 0
96 43 23903 1
33 83 23907 0
36 107 23914 0
37 59 23953 0
97 64 23974 0
52 23 23980 1
114 85 23994 1
50 41 24085 1
101 72 24103 0
43 109 24164 0
33 86 24172 0
38 53 24250 0
104 103 24251 0
29 96 24253 0
83 52 24292 0
81 36 24316 1
39 61 24339 0
35 45 24393 0
32 91 24448 0
98 63 24540 0
34 42 24544 0
99 102 24714 0
34 100 24716 0
109 58 24725 1
38 64 24735 0
92 40 24759 1
50 33 24759 1
82 52 24767 0
46 19 24819 1
75 35 24839 1
105 52 24887 1
57 98 24901 1
54 104 24901 1
49 18 24903 1
49 39 24910 1
113 80 24960 1
48 19 24968 1
49 20 25007 1
39 107 25017 0
51 40 25051 1
101 81 25198 0
69 37 25209 1
34 33 25242 0
58 77 25356 1
44 18 25384 1
33 89 25412 0
37 67 25416 0
99 66 25465 0
32 37 25504 0
75 36 25543 1
83 37 25559 1
33 82 25567 0
101 75 25598 0
34 37 25603 0
114 91 25637 1
97 101 25647 0
45 17 25842 1
100 84 25852 1
100 70 25852 0
53 20 25865 1
98 64 25875 0
36 47 25882 0
52 46 25885 1
41 19 25899 1
99 64 25932 0
59 89 25940 1
105 103 26048 0
49 33 26058 1
51 19 26105 1
112 63 26117 1
43 18 26230 1
112 67 26238 1
58 89 26240 1
91 40 26335 1
70 37 26351 1
114 80 26372 1
51 43 26431 1
58 76 26433 1
37 50 26478 0
57 43 26564 1
59 86 26590 1
113 67 26606 1
51 41 26615 1
58 95 26630 1
57 77 26658 1
33 39 26692 0
102 48 26710 1
88 56 26720 0
53 46 26733 1
69 38 26788 1
82 35 26813 1
51 21 26813 1
63 40 26849 1
50 42 26861 1
50 19 26906 1
49 19 26908 1
55 45 26909 1
58 42 26922 1
39 62 27037 0
98 45 27056 1
100 67 27114 0
99 102 27161 0
91 58 27199 0
101 92 27304 1
43 113 27315 0
103 88 27333 0
89 38 27470 1
52 45 27506 1
101 71 27543 0
56 99 27579 1
69 55 27606 0
98 63 27625 0
49 40 27646 1
32 94 27701 0
102 47 27741 1
50 35 27828 1
51 28 27833 1
52 19 27877 1
50 34 27922 1
100 103 27954 0
99 64 27955 0
56 70 27976 1
48 108 28070 0
102 91 28085 0
68 38 28133 1
66 57 28157 0
115 87 28211 1
33 41 28216 0
50 38 28297 1
90 56 28298 0
34 39 28396 0
95 66 28459 0
36 103 28488 0
113 70 28490 1
37 51 28504 0
90 34 28512 1
39 59 28536 0
33 76 28541 0
49 37 28552 1
113 73 28597 1
114 88 28665 1
37 54 28681 0
36 105 28687 0
101 79 28713 0
52 21 28721 1
103 83 28743 0
33 77 28743 0
50 39 28758 1
112 64 28759 1
66 56 28777 0
114 84 28854 1
101 47 28937 1
78 35 28968 1
57 81 28980 1
36 50 29034 0
37 65 29115 0
49 107 29129 0
49 34 29157 1
102 70 29300 0
67 56 29326 0
83 54 29330 0
35 99 29336 0
114 78 29350 1
89 54 29357 0
98 64 29370 0
32 30 29393 0
98 69 29414 0
99 104 29418 0
100 69 29437 0
62 59 29451 0
81 55 29453 0
52 44 29472 1
99 101 29499 0
92 41 29500 1
37 50 29517 0
57 96 29549 1
57 97 29589 1
43 109 29619 0
102 78 29649 0
93 42 29736 1
99 64 29739 0
72 36 29788 1
104 40 29791 1
106 53 29794 1
33 83 29802 0
98 102 29812 0
35 68 29847 0
46 110 29871 0
96 65 29899 0
91 56 29929 0
94 59 29954 0
33 45 29958 0
108 56 29996 1
102 80 30004 0
82 36 30004 1
36 47 30006 0
114 83 30007 1
104 102 30032 0
34 99 30033 0
101 85 30060 0
34 30 30183 0
37 55 30210 0
113 74 30221 1
42 110 30241 0
84 54 30292 0
100 67 30304 0
32 35 30346 0
75 52 30360 0
90 56 30388 0
97 105 30393 0
84 53 30404 0
33 92 30422 0
101 78 30456 0
99 102 30474 0
35 35 30511 0
58 86 30521 1
66 38 30525 1
100 68 30567 0
99 68 30576 0
73 53 30614 0
81 56 30641 0
46 109 30650 0
103 84 30669 0
36 69 30702 0
85 37 30731 1
82 54 30737 0
32 47 30793 0
30 38 30798 0
106 102 30809 0
97 103 30812 0
99 80 30864 0
101 103 30876 0
36 25 30889 0
105 102 30901 0
97 100 30907 0
98 63 30931 0
93 41 30938 1
92 57 30949 0
101 102 30951 0
100 46 31054 1
86 37 31067 1
100 72 31082 0
39 109 31103 0
99 66 31132 0
27 19 31149 0
114 86 31169 1
95 86 31202 0
33 34 31358 0
33 97 31387 0
88 39 31394 1
106 52 31399 1
101 20 31410 1
101 74 31410 0
98 44 31415 1
99 64 31434 0
90 40 31504 1
32 96 31519 0
34 100 31519 0
101 46 31519 1
103 49 31545 1
70 54 31588 0
112 62 31612 1
57 73 31627 1
97 99 31634 0
100 103 31651 0
89 40 31666 1
71 54 31699 0
89 56 31719 0
102 81 31729 0
88 38 31747 1
101 71 31789 0
79 36 31794 1
100 102 31822 0
111 64 31868 1
83 36 31901 1
87 38 31955 1
57 69 31959 1
104 50 31988 1
30 91 32021 0
99 65 32030 0
81 53 32032 0
13 104 32080 0
109 57 32136 1
89 39 32138 1
113 69 32140 1
113 72 32152 1
113 75 32173 1
44 108 32255 0
57 78 32279 1
107 55 32296 1
37 104 32315 0
105 50 32332 1
33 38 32338 0
54 46 32366 1
97 95 32372 0
90 39 32393 1
97 102 32397 0
101 70 32418 0
90 56 32458 0
111 60 32477 1
57 82 32494 1
108 55 32494 1
82 52 32511 0
58 92 32513 1
37 50 32528 0
58 83 32550 1
50 36 32554 1
84 36 32586 1
55 69 32617 1
98 64 32703 0
59 88 32715 1
97 43 32738 1
114 76 32741 1
66 39 32741 1
56 68 32753 1
103 90 32765 0
73 54 32775 0
91 58 32802 0
52 20 32877 1
40 58 32891 0
113 82 32904 1
95 42 32913 1
94 59 32924 0
80 36 33011 1
32 78 33033 0
113 71 33048 1
33 93 33052 0
105 51 33060 1
110 58 33065 1
113 79 33105 1
113 78 33120 1
92 59 33130 0
109 56 33141 1
110 59 33160 1
57 72 33199 1
100 45 33218 1
35 73 33275 0
113 76 33299 1
35 43 33326 0
58 88 33335 1
91 39 33359 1
35 74 33372 0
99 64 33374 0
57 80 33403 1
59 90 33409 1
103 88 33446 0
34 92 33496 0
98 96 33501 0
34 36 33519 0
75 53 33519 0
89 54 33543 0
51 44 33554 1
103 89 33574 0
75 52 33589 0
27 45 33598 0
81 37 33635 1
89 55 33644 0
38 52 33653 0
101 66 33667 0
94 58 33705 0
47 18 33715 1
45 110 33720 0
100 67 33737 0
58 94 33752 1
83 52 33781 0
45 19 33796 1
112 66 33797 1
79 56 33801 0
58 90 33809 1
102 70 33812 0
80 35 33828 1
59 85 33832 1
35 70 33851 0
1 116 33864 0
34 104 33864 0
101 83 33899 0
36 43 33905 0
95 61 33906 0
33 96 34004 0
50 18 34016 1
48 18 34077 1
49 32 34115 1
57 75 34126 1
53 22 34131 1
45 18 34150 1
71 37 34159 1
53 25 34188 1
47 109 34190 0
48 108 34206 0
103 85 34230 0
92 58 34242 0
33 40 34285 0
56 67 34316 1
32 38 34353 0
96 43 34371 1
91 56 34379 0
67 55 34385 0
33 88 34388 0
97 68 34401 0
111 61 34405 1
103 83 34421 0
59 87 34430 1
58 72 34431 1
99 101 34442 0
88 56 34466 0
102 103 34483 0
38 54 34496 0
33 94 34529 0
76 36 34533 1
58 80 34598 1
97 63 34619 0
80 52 34624 0
90 56 34628 0
33 79 34655 0
50 32 34689 1
35 101 34730 0
35 39 34742 0
100 70 34753 0
79 55 34771 0
58 74 34795 1
99 45 34904 1
95 98 34926 0
39 61 34926 0
89 61 34959 0
99 102 34971 0
33 36 34974 0
84 54 34995 0
46 18 35001 1
50 40 35014 1
34 98 35031 0
56 66 35051 1
79 35 35061 1
113 77 35091 1
104 102 35138 0
114 78 35154 1
57 84 35155 1
33 82 35241 0
114 90 35242 1
77 35 35298 1
56 69 35364 1
113 68 35402 1
114 85 35407 1
46 17 35415 1
57 95 35460 1
74 37 35478 1
86 55 35591 0
102 83 35609 0
52 27 35629 1
38 53 35639 0
97 98 35652 0
92 57 35661 0
57 79 35688 1
49 36 35701 1
86 56 35730 0
85 36 35733 1
81 53 35763 0
59 84 35763 1
105 52 35776 1
110 57 35846 1
36 53 35855 0
89 55 35869 0
114 73 35897 1
100 103 35897 0
48 17 35909 1
38 52 35917 0
34 33 35951 0
51 39 35983 1
103 50 36132 1
36 102 36165 0
65 40 36166 1
49 18 36188 1
37 105 36253 0
103 48 36268 1
57 74 36275 1
53 23 36277 1
36 47 36293 0
36 67 36294 0
33 33 36304 0
70 55 36321 0
31 101 36324 0
43 110 36375 0
37 50 36424 0
30 86 36432 0
34 35 36447 0
33 81 36449 0
82 56 36464 0
93 37 36487 0
93 64 36487 0
99 64 36505 0
84 53 36522 0
37 66 36525 0
39 107 36552 0
104 89 36565 0
95 65 36575 0
66 56 36588 0
74 36 36664 1
114 82 36686 1
96 64 36687 0
58 93 36763 1
109 45 36776 1
111 63 36823 1
112 63 36861 1
28 92 36867 0
52 45 36897 1
36 68 36926 0
94 41 36952 1
92 40 36959 1
89 57 37020 0
34 31 37035 0
51 45 37044 1
104 49 37044 1
40 61 37044 0
33 37 37132 0
98 64 37164 0
38 55 37182 0
95 61 37183 0
43 109 37200 0
34 94 37216 0
113 70 37229 1
80 52 37266 0
31 92 37275 0
108 56 37280 1
58 78 37288 1
109 45 37313 0
42 109 37362 0
88 57 37379 0
33 30 37456 0
98 63 37463 0
90 56 37473 0
67 38 37494 1
107 54 37507 1
101 102 37512 0
98 101 37555 0
109 45 37579 1
37 52 37618 0
113 73 37625 1
52 22 37629 1
109 45 37646 0
33 75 37649 0
104 40 37667 1
73 53 37683 0
57 71 37703 1
60 41 37728 1
103 72 37754 0
70 56 37848 0
35 35 37851 0
62 41 37871 1
58 82 37963 1
54 45 37964 1
38 54 38018 0
51 19 38026 1
97 97 38056 0
33 39 38130 0
34 73 38149 0
81 36 38169 1
33 83 38174 0
38 109 38202 0
57 70 38205 1
61 58 38250 0
62 58 38264 0
94 64 38316 0
33 86 38396 0
91 40 38443 1
89 55 38490 0
35 42 38495 0
55 66 38520 1
38 52 38562 0
96 68 38571 0
33 89 38577 0
51 42 38593 1
96 98 38639 0
71 55 38660 0
69 55 38666 0
32 80 38670 0
103 49 38686 1
101 71 38741 0
30 100 38780 0
97 63 38793 0
96 99 38794 0
54 103 38831 1
113 66 38834 1
97 101 38835 0
58 75 38854 1
53 24 38886 1
36 102 38898 0
96 42 38962 1
32 44 38968 0
35 99 39039 0
113 80 39062 1
51 38 39090 1
115 85 39127 1
112 95 39129 1
33 96 39251 0
41 118 39267 0
99 70 39267 0
34 107 39312 0
34 84 39318 0
81 35 39340 1
96 100 39364 0
104 50 39365 1
35 26 39383 0
32 94 39389 0
34 47 39394 0
49 33 39403 1
56 70 39441 1
33 90 39443 0
48 110 39475 0
15 4 39515 0
68 55 39550 0
32 92 39612 0
41 111 39635 0
57 94 39704 1
101 74 39737 0
53 21 39811 1
50 41 39853 1
97 102 39877 0
50 30 39913 1
33 79 39967 0
91 67 39976 0
49 35 39997 1
57 68 40026 1
83 57 40058 0
100 46 40104 1
51 43 40105 1
38 56 40160 0
81 53 40217 0
88 38 40296 1
94 58 40315 0
34 74 40346 0
75 52 40351 0
95 103 40361 0
98 101 40370 0
36 107 40370 0
97 96 40377 0
107 53 40434 1
34 94 40436 0
109 45 40440 1
84 54 40562 0
114 92 40587 1
67 39 40604 1
77 36 40623 1
88 37 40625 1
82 52 40651 0
83 36 40696 1
33 84 40734 0
33 87 40747 0
109 45 40839 0
106 52 40909 1
80 52 40916 0
95 61 40926 0
103 88 40941 0
39 64 40962 0
36 56 40968 0
31 96 40994 0
112 64 41241 1
58 73 41332 1
40 61 41363 0
93 40 41404 1
38 54 41425 0
53 45 41428 1
100 67 41454 0
86 37 41525 1
53 26 41529 1
32 74 41598 0
51 20 41717 1
32 93 41816 0
58 84 41846 1
100 103 41890 0
34 31 41907 0
104 81 41968 0
83 37 42004 1
35 42 42105 0
108 55 42189 1
36 102 42208 0
113 72 42300 1
39 60 42329 0
110 58 42397 1
41 112 42400 0
33 78 42456 0
89 55 42482 0
50 31 42504 1
52 24 42505 1
33 106 42533 0
113 69 42583 1
50 37 42591 1
99 93 42634 1
39 108 42698 0
99 62 42747 0
59 91 42790 1
114 79 42822 1
51 18 42954 1
83 56 42998 0
98 101 43008 0
113 71 43061 1
100 42 43083 1
100 92 43083 1
50 19 43084 1
50 38 43107 1
34 29 43114 0
38 52 43126 0
35 71 43149 0
95 42 43154 1
97 100 43165 0
108 54 43267 1
107 101 43484 0
114 81 43521 1
97 43 43642 1
90 56 43679 0
105 51 43703 1
114 71 43706 1
89 54 43749 0
33 98 43751 0
89 39 43762 1
34 40 43773 0
30 107 43799 0
102 48 43804 1
111 59 43811 1
53 104 43825 1
97 63 43853 0
100 102 43865 0
101 77 43893 0
78 54 43903 0
37 104 43918 0
58 79 43951 1
102 47 44016 1
98 43 44092 1
113 67 44093 1
34 94 44114 0
109 56 44142 1
57 83 44151 1
37 107 44241 0
114 77 44345 1
101 46 44368 1
90 39 44376 1
100 45 44378 1
90 54 44383 0
76 35 44400 1
33 90 44434 0
101 66 44440 0
99 101 44470 0
102 86 44511 0
83 52 44556 0
92 41 44579 1
114 88 44637 1
79 36 44649 1
89 38 44670 1
102 70 44680 0
109 58 44796 1
33 95 44800 0
97 99 44803 0
98 66 44886 0
56 68 44944 1
82 36 44978 1
80 36 44999 1
88 39 45000 1
112 62 45024 1
93 41 45054 1
57 67 45063 1
111 60 45081 1
109 57 45161 1
57 81 45197 1
56 65 45214 1
34 84 45222 0
51 44 45284 1
64 57 45289 0
88 55 45291 0
34 36 45360 0
73 36 45375 1
114 78 45388 1
102 79 45401 0
91 56 45421 0
114 80 45443 1
114 86 45469 1
47 17 45484 1
92 40 45489 1
87 37 45508 1
89 58 45518 0
50 39 45522 1
61 58 45542 0
36 43 45552 0
99 64 45555 0
104 50 45571 1
44 108 45576 0
55 71 45599 1
59 42 45603 1
113 74 45672 1
113 70 45681 1
61 42 45727 1
52 23 45747 1
58 92 45761 1
75 36 45796 1
103 82 45813 0
105 102 45815 0
74 35 45838 1
49 37 45852 1
77 52 45886 0
77 53 45887 0
98 101 45910 0
113 68 45944 1
114 82 45970 1
103 47 45983 1
103 48 45987 1
94 58 45995 0
52 44 45998 1
33 92 46047 0
47 18 46068 1
52 20 46086 1
112 63 46092 1
51 41 46117 1
33 84 46127 0
106 51 46133 1
51 40 46170 1
38 54 46229 0
113 75 46276 1
59 83 46283 1
33 87 46292 0
58 77 46314 1
37 50 46359 0
94 59 46391 0
59 86 46425 1
34 92 46439 0
103 72 46505 0
103 49 46510 1
50 18 46531 1
57 64 46543 1
35 42 46582 0
59 88 46591 1
57 80 46635 1
57 73 46635 1
115 83 46646 1
59 89 46685 1
114 75 46713 1
57 82 46720 1
33 79 46763 0
53 22 46774 1
97 43 46782 1
49 108 46808 0
78 52 46831 0
52 19 46836 1
38 56 46855 0
57 77 46867 1
58 70 46879 1
50 35 46894 1
110 58 46907 1
36 38 46942 0
100 46 47031 1
34 31 47101 0
82 52 47118 0
57 92 47131 1
98 64 47140 0
88 38 47200 1
50 36 47233 1
103 79 47284 0
50 33 47290 1
59 85 47303 1
91 39 47350 1
102 46 47379 1
49 17 47388 1
53 19 47396 1
89 39 47426 1
78 35 47485 1
62 58 47614 0
53 20 47630 1
33 96 47650 0
115 108 47659 0
115 82 47659 1
36 39 47714 0
36 102 47732 0
94 41 47738 1
51 35 47777 1
69 37 47805 1
44 18 47854 1
82 35 47877 1
113 92 47877 1
107 53 47920 1
39 57 47924 0
114 91 47930 1
51 37 47998 1
114 76 48004 1
58 96 48032 1
106 52 48033 1
108 55 48033 1
45 18 48052 1
113 76 48055 1
58 95 48055 1
46 18 48070 1
96 100 48087 0
51 43 48115 1
35 44 48162 0
54 24 48173 1
95 61 48183 0
59 87 48196 1
89 54 48200 0
80 35 48262 1
37 48 48272 0
101 92 48368 1
112 96 48379 1
96 42 48471 1
48 32 48496 1
49 18 48501 1
115 86 48543 1
42 108 48567 0
77 52 48573 0
49 30 48583 1
95 41 48624 1
57 69 48625 1
52 45 48649 1
52 26 48653 1
49 32 48692 1
110 57 48711 1
70 37 48731 1
56 64 48765 1
58 76 48848 1
72 53 48852 0
57 72 48870 1
105 50 48890 1
95 42 48891 1
98 96 48895 0
68 38 48897 1
84 36 48916 1
113 69 48924 1
50 40 48982 1
103 82 48995 0
99 100 49015 0
104 49 49050 1
40 61 49068 0
34 94 49120 0
59 84 49125 1
104 40 49159 1
39 52 49174 0
101 46 49199 1
43 17 49212 1
85 36 49244 1
99 45 49302 1
59 53 49306 0
59 41 49306 1
101 102 49318 0
42 20 49326 1
55 100 49326 1
59 90 49326 1
45 108 49333 0
34 39 49354 0
53 25 49366 1
58 72 49384 1
80 52 49416 0
96 61 49429 0
98 44 49461 1
34 30 49467 0
102 79 49509 0
69 38 49510 1
102 74 49561 0
71 17 49584 1
74 36 49612 1
99 62 49672 0
40 108 49698 0
103 79 49745 0
32 37 49758 0
100 45 49763 1
58 78 49772 1
81 19 49787 1
81 35 49788 1
35 75 49876 0
86 36 49917 1
83 36 49924 1
101 45 49970 1
52 22 50164 1
52 28 50192 1
53 23 50199 1
109 56 50316 1
88 55 50322 0
46 17 50354 1
99 102 50459 0
91 57 50462 0
78 52 50469 0
35 43 50533 0
94 60 50588 0
58 94 50612 1
105 51 50629 1
53 45 50693 1
109 45 50724 1
57 70 50766 1
71 37 50772 1
68 37 50776 1
80 53 50793 0
54 21 50795 1
35 39 50799 0
83 35 50887 1
46 83 50896 1
46 19 50896 1
96 63 50983 0
68 54 51003 0
98 101 51006 0
100 66 51050 0
92 40 51052 1
35 28 51099 0
63 39 51109 1
114 79 51130 1
40 58 51134 0
93 40 51135 1
34 74 51146 0
45 17 51273 1
109 45 51339 0
37 48 51421 0
36 100 51432 0
59 81 51436 1
59 82 51621 1
42 108 51631 0
48 17 51648 1
50 34 51699 1
50 107 51741 0
38 52 51773 0
43 18 51833 1
48 18 51840 1
51 39 51939 1
40 109 51953 0
58 82 51970 1
85 37 52045 1
97 66 52075 0
37 67 52098 0
77 52 52123 0
103 82 52131 0
52 44 52166 1
39 60 52200 0
77 53 52261 0
92 57 52277 0
96 61 52291 0
57 74 52317 1
96 62 52331 0
33 93 52338 0
33 90 52402 0
81 53 52407 0
100 71 52451 0
33 84 52494 0
90 39 52505 1
35 71 52515 0
39 53 52531 0
41 56 52534 0
35 35 52539 0
57 75 52569 1
49 34 52602 1
61 41 52603 1
35 40 52627 0
91 58 52643 0
34 33 52644 0
33 80 52668 0
66 56 52704 0
35 92 52729 0
71 36 52777 1
103 79 52803 0
55 101 52805 1
45 108 52810 0
100 64 52855 0
36 49 52921 0
72 53 52937 0
104 81 52943 0
58 93 52967 1
103 87 52971 0
114 78 53014 1
113 71 53056 1
89 55 53070 0
90 54 53107 0
58 80 53160 1
53 21 53174 1
49 33 53180 1
38 53 53215 0
113 67 53248 1
35 44 53296 0
113 73 53303 1
86 37 53345 1
81 36 53370 1
57 71 53377 1
99 66 53398 0
35 42 53410 0
32 93 53431 0
86 56 53455 0
99 43 53526 1
113 83 53561 1
104 50 53586 1
34 84 53708 0
37 100 53720 0
53 24 53808 1
100 66 53831 0
79 35 53853 1
34 31 53868 0
52 43 53889 1
59 73 53912 1
75 35 53979 1
47 18 53992 1
102 74 54027 0
113 65 54081 1
61 40 54110 1
52 18 54182 1
75 52 54205 0
114 81 54234 1
50 18 54249 1
112 67 54333 1
65 39 54360 1
104 102 54373 0
108 54 54408 1
82 55 54409 0
84 54 54434 0
37 48 54445 0
36 100 54512 0
101 74 54549 0
101 66 54585 0
42 108 54656 0
91 57 54710 0
102 79 54729 0
38 56 54761 0
40 108 54773 0
97 102 54783 0
54 46 54831 1
72 36 54898 1
111 61 54922 1
32 38 54938 0
34 77 54967 0
57 68 55030 1
78 52 55070 0
51 34 55071 1
113 68 55148 1
37 53 55152 0
97 62 55186 0
56 68 55286 1
58 83 55302 1
89 38 55309 1
57 96 55328 1
94 58 55332 0
50 32 55339 1
57 65 55365 1
59 80 55468 1
87 37 55505 1
49 107 55563 0
100 64 55575 0
109 55 55618 1
34 41 55638 0
121 45 55688 1
113 80 55688 1
56 67 55702 1
93 62 55791 0
42 19 55964 1
34 79 55989 0
96 61 56042 0
103 82 56123 0
57 78 56138 1
60 86 56225 1
103 86 56307 0
34 100 56332 0
88 55 56397 0
93 58 56425 0
60 84 56461 1
33 87 56483 0
111 60 56486 1
35 40 56524 0
97 63 56526 0
57 66 56653 1
94 60 56764 0
103 48 56883 1
35 103 56917 0
82 53 56962 0
100 66 57028 0
34 32 57048 0
50 38 57055 1
59 86 57150 1
59 43 57153 1
55 44 57184 1
44 17 57221 1
56 66 57222 1
59 92 57243 1
51 20 57279 1
59 88 57293 1
51 18 57296 1
113 72 57384 1
83 52 57409 0
99 48 57426 1
93 59 57480 0
64 56 57496 0
72 54 57603 0
96 62 57615 0
102 76 57661 0
80 53 57697 0
57 79 57720 1
90 38 57750 1
51 38 57788 1
113 66 57808 1
37 47 57821 0
77 35 57822 1
56 98 57861 1
112 62 58031 1
58 79 58064 1
100 64 58071 0
59 85 58079 1
109 60 58284 1
58 69 58286 1
34 75 58397 0
115 87 58428 1
98 43 58546 1
112 63 58619 1
72 53 58737 0
35 96 58745 0
43 19 58812 1
102 74 58817 0
80 36 58851 1
41 57 58931 0
110 58 58933 1
113 70 58942 1
111 59 59002 1
64 39 59015 1
107 55 59136 1
112 61 59153 1
44 110 59157 0
113 93 59165 1
94 41 59255 1
74 52 59278 0
97 62 59299 0
45 108 59343 0
60 85 59385 1
5 52 59413 1
93 27 59524 1
52 20 59545 1
96 100 59561 0
112 60 59583 1
93 58 59590 0
39 52 59665 0
36 100 59666 0
92 39 59707 1
33 80 59719 0
37 48 59729 0
42 108 59758 0
52 33 59760 1
103 49 59856 1
91 57 60068 0
40 57 60077 0
35 28 60107 0
114 85 60283 1
35 83 60515 0
103 79 60555 0
104 89 60560 0
37 104 60590 0
68 54 60604 0
35 44 60612 0
77 53 60637 0
41 58 60656 0
35 72 60664 0
44 108 60690 0
103 87 60701 0
46 109 60707 0
50 19 60730 1
34 79 60765 0
99 101 60774 0
36 99 60783 0
36 43 60831 0
40 59 60860 0
98 95 60868 0
86 53 60967 0
33 79 60971 0
99 63 61018 0
77 52 61093 0
84 53 61102 0
36 49 61112 0
103 75 61134 0
104 101 61191 0
100 64 61203 0
39 53 61206 0
63 40 61222 1
81 52 61230 0
49 36 61302 1
37 47 61349 0
35 40 61487 0
96 61 61500 0
35 74 61539 0
34 76 61557 0
38 54 61582 0
110 28 61673 1
108 101 61711 0
111 58 61850 1
79 36 61888 1
34 77 61911 0
51 41 61975 1
58 75 62141 1
47 17 62189 1
58 73 62207 1
82 53 62214 0
76 52 62217 0
50 39 62250 1
102 71 62305 0
40 108 62386 0
34 41 62400 0
115 88 62530 1
115 85 62589 1
34 85 62614 0
107 53 62631 1
103 80 62781 0
52 41 62789 1
93 58 62856 0
34 32 62900 0
114 82 62916 1
104 48 62922 1
88 38 63078 1
85 34 63400 1
93 59 63403 0
102 76 63443 0
100 66 63450 0
94 60 63547 0
71 55 63547 0
114 73 63576 1
34 36 63718 0
34 94 63726 0
41 57 63770 0
58 74 63919 1
59 91 64016 1
50 17 64071 1
99 62 64115 0
91 55 64145 0
99 63 64147 0
59 78 64167 1
40 109 64230 0
86 53 64271 0
96 60 64274 0
40 57 64430 0
97 62 64487 0
51 40 64545 1
47 16 64584 1
108 53 64659 1
103 86 64673 0
78 34 64710 1
52 19 64833 1
59 77 64874 1
59 83 64931 1
88 37 65077 1
55 102 65185 1
102 74 65189 0
41 58 65202 0
81 52 65231 0
60 41 65267 1
97 42 65351 1
96 62 65393 0
38 106 65428 0
113 62 65454 1
66 39 65461 1
104 49 65607 1
36 99 65632 0
41 108 65656 0
103 75 65657 0
74 52 65757 0
49 18 65858 1
114 80 66073 1
103 77 66084 0
54 45 66130 1
58 77 66162 1
53 19 66183 1
80 53 66215 0
54 20 66243 1
104 40 66434 1
76 52 66461 0
35 29 66465 0
102 71 66697 0
103 72 66758 0
35 32 66791 0
100 92 66868 1
53 22 66943 1
37 47 66968 0
33 74 67038 0
44 109 67167 0
113 64 67255 1
103 80 67281 0
36 41 67303 0
34 75 67363 0
96 60 67378 0
40 59 67422 0
35 100 67434 0
73 36 67579 1
108 55 67670 1
62 57 67695 0
83 53 67709 0
62 40 67765 1
106 51 67802 1
109 56 67804 1
93 58 68013 0
103 82 68088 0
102 79 68109 0
91 55 68119 0
35 31 68138 0
99 63 68151 0
59 89 68160 1
34 79 68183 0
110 57 68260 1
34 76 68365 0
101 68 68391 0
34 85 68486 0
78 55 68542 0
30 90 68654 0
57 95 68662 1
105 101 68731 0
86 53 68811 0
51 44 68932 1
34 86 68946 0
37 46 69052 0
82 53 69065 0
52 45 69094 1
95 42 69170 1
93 59 69351 0
103 73 69503 0
102 70 69539 0
97 95 69556 0
96 42 69571 1
75 54 69748 0
104 86 69807 0
91 57 69825 0
97 98 69853 0
35 30 69973 0
97 43 69992 1
104 84 70029 0
34 32 70112 0
35 41 70177 0
89 54 70272 0
56 100 70308 1
113 69 70320 1
101 66 70331 0
34 41 70363 0
91 56 70416 0
72 58 70449 0
103 77 70481 0
81 52 70508 0
104 87 70529 0
89 39 70554 1
99 100 70621 0
62 41 70669 1
104 81 70675 0
102 76 70714 0
83 51 70721 0
100 64 70733 0
97 97 70785 0
78 52 70869 0
41 108 70899 0
35 103 70922 0
105 50 70924 1
96 60 70994 0
97 96 71068 0
103 74 71253 0
94 58 71256 0
114 74 71272 1
101 46 71288 1
33 80 71306 0
33 46 71360 0
98 101 71360 0
38 106 71394 0
103 80 71408 0
90 54 71444 0
32 83 71461 0
73 53 71538 0
91 39 71568 1
82 55 71574 0
82 52 71603 0
92 40 71655 1
100 45 71722 1
90 56 71739 0
36 45 71819 0
76 52 71819 0
93 57 71822 0
40 57 71834 0
114 75 71841 1
38 50 71871 0
60 42 71875 1
95 58 71912 0
100 44 71957 1
94 40 71972 1
113 67 72018 1
59 87 72030 1
114 77 72113 1
51 43 72165 1
113 68 72221 1
84 35 72223 1
57 67 72227 1
33 83 72270 0
91 55 72382 0
91 38 72411 1
29 100 72433 0
34 92 72444 0
102 46 72449 1
57 80 72484 1
50 31 72512 1
34 28 72529 0
71 67 72632 0
36 102 72648 0
42 18 72665 1
35 73 72676 0
104 85 72706 0
103 75 72745 0
35 100 72791 0
67 55 72800 0
103 73 72817 0
37 46 72897 0
102 71 72899 0
36 38 72923 0
101 68 72957 0
38 68 73025 0
83 36 73028 1
77 98 73084 1
83 53 73106 0
114 78 73126 1
99 63 73132 0
57 69 73135 1
64 56 73168 0
103 48 73168 1
36 41 73219 0
104 84 73244 0
85 36 73265 1
38 56 73293 0
39 107 73296 0
37 51 73307 0
46 18 73327 1
53 20 73335 1
35 75 73385 0
35 78 73396 0
35 97 73411 0
76 35 73431 1
50 36 73480 1
36 39 73485 0
40 62 73500 0
50 33 73612 1
56 65 73612 1
35 82 73630 0
99 62 73641 0
53 44 73662 1
54 25 73679 1
107 53 73685 1
113 94 73693 1
103 47 73705 1
114 76 73711 1
49 17 73714 1
103 79 73722 0
5 61 73834 1
50 35 73863 1
95 60 73866 0
35 32 73978 0
104 82 73980 0
51 17 73986 1
86 53 73992 0
115 86 74028 1
75 36 74052 1
53 45 74074 1
33 82 74116 0
35 36 74149 0
33 105 74177 0
37 24 74195 0
93 39 74202 1
46 108 74228 0
70 54 74289 0
103 86 74324 0
114 81 74383 1
82 35 74400 1
103 87 74405 0
103 74 74407 0
35 71 74472 0
36 99 74499 0
52 44 74509 1
35 29 74516 0
93 40 74516 1
39 63 74547 0
36 100 74551 0
96 60 74561 0
34 86 74589 0
104 86 74635 0
114 71 74658 1
36 49 74791 0
114 82 74791 1
42 108 74829 0
98 42 74829 1
95 41 74873 1
41 57 74899 0
110 56 74931 1
59 94 74963 1
81 34 75013 1
83 52 75016 0
93 57 75030 0
107 52 75046 1
96 41 75050 1
108 54 75172 1
41 56 75178 0
35 45 75200 0
98 96 75240 0
41 58 75261 0
89 38 75265 1
45 18 75271 1
57 70 75407 1
44 109 75418 0
35 99 75465 0
78 35 75487 1
103 77 75507 0
33 94 75513 0
87 37 75540 1
81 35 75555 1
34 77 75577 0
72 53 75577 0
34 88 75609 0
59 84 75627 1
35 40 75650 0
51 19 75733 1
38 50 75741 0
37 100 75759 0
35 41 75908 0
86 36 75928 1
104 87 75935 0
114 79 75944 1
73 35 75952 1
99 67 75975 0
109 55 76020 1
35 35 76035 0
57 44 76106 1
111 59 76110 1
80 35 76142 1
100 46 76156 1
59 90 76213 1
45 108 76259 0
74 36 76288 1
34 35 76331 0
90 39 76467 1
37 46 76485 0
74 53 76487 0
44 110 76536 0
94 41 76547 1
35 30 76548 0
48 108 76551 0
103 70 76591 0
80 52 76620 0
35 31 76643 0
37 48 76646 0
40 59 76700 0
35 59 76739 0
94 60 76762 0
97 62 76784 0
33 88 76803 0
52 43 76901 1
104 85 76920 0
89 54 76941 0
52 42 76969 1
74 35 76973 1
36 45 77070 0
38 60 77075 0
58 72 77087 1
95 68 77143 0
52 17 77169 1
115 83 77177 1
39 55 77232 0
53 23 77241 1
34 85 77245 0
101 66 77247 0
104 84 77264 0
37 25 77296 0
104 82 77400 0
75 52 77419 0
103 73 77441 0
105 101 77456 0
103 76 77460 0
33 81 77462 0
101 75 77478 0
113 66 77500 1
72 54 77510 0
101 45 77550 1
33 84 77626 0
39 60 77681 0
35 102 77708 0
50 18 77709 1
104 101 77736 0
99 101 77740 0
58 78 77787 1
77 52 77800 0
36 36 77812 0
50 108 77870 0
92 61 77912 0
35 97 77927 0
103 88 77956 0
95 101 77972 0
103 74 77993 0
104 88 78006 0
35 100 78069 0
93 57 78113 0
35 42 78135 0
41 108 78205 0
84 36 78221 1
39 52 78250 0
46 108 78300 0
67 38 78393 1
110 57 78405 1
34 76 78433 0
106 51 78434 1
95 60 78477 0
33 86 78506 0
36 44 78516 0
38 52 78538 0
58 76 78543 1
35 39 78631 0
59 76 78650 1
114 70 78650 1
39 53 78673 0
111 60 78677 1
103 80 78691 0
40 60 78829 0
97 99 78850 0
50 30 78939 1
35 90 79010 0
109 56 79012 1
59 88 79019 1
35 28 79042 0
28 81 79106 0
38 106 79130 0
59 72 79148 1
101 68 79284 0
97 100 79335 0
103 72 79390 0
58 70 79421 1
76 52 79446 0
92 40 79482 1
95 58 79562 0
37 47 79666 0
38 101 79715 0
100 101 79792 0
97 78 79802 0
97 43 79802 1
41 59 79809 0
109 45 79825 1
35 36 79902 0
60 87 80090 1
46 110 80098 0
104 86 80118 0
51 18 80142 1
34 79 80166 0
115 87 80270 1
73 52 80286 0
109 45 80297 0
57 68 80349 1
57 63 80350 1
100 64 80350 0
35 96 80400 0
107 101 80406 0
99 100 80504 0
101 46 80509 1
113 65 80519 1
83 35 80708 1
34 88 80739 0
33 58 80759 0
100 45 80779 1
58 82 80791 1
46 17 80836 1
36 51 80861 0
94 58 80887 0
81 52 80917 0
49 32 80935 1
57 64 80989 1
34 75 81016 0
88 38 81166 1
83 53 81166 0
39 49 81184 0
98 104 81222 0
69 37 81250 1
104 81 81271 0
93 59 81305 0
106 50 81342 1
48 17 81352 1
103 70 81509 0
59 85 81579 1
88 54 81659 0
59 82 81669 1
93 62 81745 0
109 45 81752 1
105 50 81885 1
34 84 81927 0
100 65 81988 0
47 18 82026 1
76 53 82040 0
70 37 82072 1
103 76 82102 0
90 38 82119 1
37 71 82146 0
38 50 82152 0
91 62 82162 0
56 44 82228 1
40 108 82239 0
34 32 82241 0
34 41 82310 0
103 69 82326 0
104 82 82337 0
35 98 82390 0
80 34 82453 1
96 61 82477 0
43 109 82690 0
104 85 82799 0
101 102 82828 0
96 42 82892 1
52 22 82900 1
104 88 83069 0
85 53 83086 0
91 55 83120 0
36 44 83123 0
99 82 83151 0
35 41 83207 0
96 60 83276 0
93 57 83309 0
34 31 83313 0
36 43 83373 0
51 39 83389 1
39 55 83441 0
106 102 83483 0
100 101 83483 0
83 51 83606 0
36 41 83641 0
34 74 83650 0
74 52 83654 0
67 37 83679 1
51 37 83766 1
50 28 83884 1
100 66 83962 0
95 60 84080 0
112 61 84154 1
46 108 84163 0
38 49 84214 0
82 53 84295 0
98 95 84329 0
37 102 84342 0
90 54 84385 0
103 78 84419 0
104 84 84471 0
32 53 84509 0
36 45 84605 0
33 92 84607 0
103 74 84637 0
34 82 84654 1
36 103 84696 0
99 62 84700 0
35 69 84747 0
37 46 84765 0
34 53 84767 0
65 56 84777 0
36 47 84882 0
37 23 84964 0
74 53 84972 0
100 80 85047 0
53 18 85082 1
49 109 85126 0
34 98 85147 0
34 70 85148 0
31 105 85181 0
41 59 85330 0
33 90 85370 0
115 84 85393 1
104 87 85404 0
73 52 85512 0
34 86 85554 0
85 56 85589 0
37 68 85608 0
93 58 85609 0
39 110 85697 0
51 36 85744 1
36 101 85758 0
36 36 86043 0
104 83 86056 0
114 68 86172 1
110 58 86196 1
95 40 86214 1
99 43 86368 1
108 51 86420 1
62 57 86541 0
59 83 86547 1
45 17 86559 1
114 73 86654 1
35 32 86736 0
36 104 86777 0
88 54 86792 0
107 53 86827 1
38 48 86981 0
97 42 87003 1
88 37 87004 1
76 108 87051 1
100 65 87054 0
71 37 87129 1
40 62 87208 0
68 55 87257 0
40 60 87311 0
35 38 87353 0
89 37 87474 1
35 98 87574 0
49 30 87628 1
115 79 87655 1
53 45 87759 1
57 97 87813 1
101 69 87840 0
92 39 87921 1
51 43 88010 1
36 38 88021 0
104 47 88050 1
35 97 88297 0
47 17 88333 1
53 21 88357 1
100 101 88420 0
35 100 88437 0
35 88 88441 0
115 89 88475 1
85 53 88549 0
103 75 88636 0
111 97 88760 1
91 39 88822 1
59 81 88941 1
104 88 88974 0
35 80 89145 0
35 44 89212 0
103 48 89445 1
113 68 89465 1
38 49 89496 0
87 39 89626 1
58 94 89826 1
52 18 89853 1
90 37 89864 1
104 48 89925 1
37 102 89986 0
36 44 90007 0
34 88 90067 0
87 57 90129 0
109 45 90176 0
37 43 90264 0
38 57 90359 0
35 92 90521 0
33 77 90673 0
76 53 90697 0
39 54 90715 0
35 107 90722 0
103 76 90763 0
104 83 90879 0
42 58 90978 0
35 30 90988 0
114 80 91000 1
113 70 91011 1
53 26 91130 1
87 54 91183 0
35 82 91224 0
37 103 91296 0
52 39 91401 1
104 40 91484 1
38 48 91691 0
85 36 91725 1
36 106 91821 0
58 95 91859 1
34 94 91905 0
34 80 91906 0
41 107 91925 0
54 21 92071 1
112 60 92098 1
102 68 92108 0
58 93 92132 1
32 88 92147 0
59 92 92157 1
88 54 92293 0
51 38 92379 1
103 78 92422 0
36 101 92577 0
56 70 92578 1
34 93 92596 0
40 57 92641 0
38 46 92715 0
100 65 92749 0
50 38 92760 1
35 38 92780 0
104 86 92944 0
65 56 93100 0
102 69 93167 0
115 85 93348 1
51 41 93393 1
68 54 93504 0
34 57 93562 0
35 29 93585 0
39 55 93663 0
77 53 93937 0
102 46 94000 1
35 98 94132 0
101 69 94334 0
52 20 94377 1
77 56 94431 0
81 54 94484 0
34 92 94594 0
50 34 94667 1
108 54 94678 1
35 83 94712 0
40 107 94738 0
113 69 94791 1
82 55 94795 0
35 52 94982 0
43 107 95070 0
92 60 95086 0
36 98 95137 0
27 91 95237 0
113 67 95505 1
38 108 95569 0
36 99 95926 0
96 62 95940 0
96 97 95951 0
104 83 95953 0
38 102 95962 0
79 35 96014 1
44 108 96030 0
104 82 96074 0
102 68 96081 0
39 50 96113 0
40 61 96141 0
39 54 96413 0
83 36 96485 1
113 63 96520 1
40 106 96524 0
114 78 96712 1
109 55 96744 1
93 57 96746 0
114 75 97004 1
111 58 97036 1
108 53 97062 1
103 103 97119 0
95 58 97130 0
95 62 97326 0
86 53 97370 0
37 99 97378 0
105 49 97380 1
113 64 97424 1
59 89 97483 1
111 59 97509 1
103 73 97530 0
73 52 97547 0
99 67 97558 0
82 52 97559 0
115 82 97591 1
106 51 97680 1
49 18 97708 1
85 53 97726 0
104 81 97732 0
37 103 97750 0
103 47 97784 1
102 70 97789 0
101 92 97826 1
59 86 97952 1
85 35 97969 1
68 38 98098 1
101 66 98102 0
114 76 98121 1
93 56 98130 0
53 19 98166 1
87 36 98233 1
112 59 98240 1
103 77 98320 0
104 89 98344 0
103 68 98352 0
36 46 98392 0
100 101 98430 0
93 40 98453 1
88 55 98458 0
110 57 98515 1
103 70 98524 0
52 44 98528 1
48 107 98577 0
83 51 98616 0
115 91 98624 1
95 41 98640 1
100 44 98694 1
115 81 98710 1
50 32 98751 1
58 73 98754 1
75 35 98790 1
109 45 98832 1
59 75 98842 1
89 38 98892 1
115 88 98928 1
72 36 98945 1
53 24 98957 1
53 25 98997 1
114 71 99004 1
60 89 99103 1
97 61 99125 0
115 86 99157 1
109 45 99172 0
86 36 99205 1
87 37 99231 1
51 40 99242 1
53 44 99263 1
114 65 99301 1
87 54 99304 0
59 93 99318 1
110 56 99336 1
109 54 99338 1
70 36 99381 1
101 46 99390 1
102 69 99392 0
94 40 99438 1
59 91 99490 1
38 46 99545 0
114 79 99598 1
37 68 99604 0
71 36 99618 1
107 52 99636 1
84 35 99700 1
114 81 99730 1
110 55 99730 1
102 68 99743 0
57 66 99755 1
96 41 99822 1
58 97 99868 1
99 62 99886 0
91 38 99894 1
104 101 99910 0
58 79 99913 1
1 13 99919 1
115 83 99943 1
105 50 99951 1
92 38 99954 1
109 45 99997 1
99 100 100003 0
50 17 100033 1
109 45 100038 0
103 69 100092 0
59 87 100094 1
41 57 100099 0
41 107 100119 0
85 52 100256 0
84 52 100292 0
115 90 100451 1
57 65 100479 1
35 38 100531 0
58 66 100557 1
52 37 100566 1
41 56 100568 0
37 100 100569 0
101 45 100658 1
113 66 100664 1
73 36 100699 1
53 20 100699 1
88 54 100720 0
59 80 100722 1
94 57 100726 0
36 39 100757 0
52 38 100770 1
57 99 100785 1
99 79 100871 0
37 57 100887 0
104 88 100938 0
38 48 100944 0
50 36 100953 1
35 84 101120 0
79 52 101120 0
105 101 101151 0
53 22 101151 1
38 64 101191 0
38 49 101204 0
58 75 101228 1
74 53 101239 0
34 93 101276 0
41 58 101283 0
52 43 101305 1
82 35 101341 1
60 84 101359 1
34 78 101365 0
33 31 101392 0
95 60 101450 0
89 54 101463 0
59 79 101476 1
57 70 101490 1
100 43 101527 1
90 53 101591 0
77 34 101659 1
40 104 101679 0
102 46 101681 1
74 54 101695 0
49 107 101715 0
87 52 101739 0
99 43 101747 1
79 34 101753 1
54 23 101834 1
76 34 101853 1
92 40 101860 1
60 86 101885 1
80 35 101899 1
35 31 101937 0
100 83 101987 0
51 33 101998 1
54 20 102003 1
37 102 102005 0
88 37 102043 1
40 107 102071 0
93 56 102125 0
54 24 102141 1
81 35 102162 1
102 71 102207 0
33 89 102223 0
36 98 102279 0
100 45 102285 1
40 106 102304 0
58 65 102306 1
78 35 102341 1
97 42 102355 1
58 77 102365 1
35 36 102387 0
52 41 102407 1
91 39 102443 1
97 98 102458 0
60 48 102468 1
60 83 102468 1
82 34 102481 1
114 70 102526 1
97 60 102528 0
38 102 102540 0
34 85 102541 0
101 69 102557 0
102 76 102674 0
50 33 102721 1
59 90 102848 1
38 101 102886 0
51 34 102889 1
76 53 102890 0
89 53 102901 0
47 110 102920 0
55 45 102968 1
34 80 102977 0
57 67 102983 1
107 53 103003 1
57 69 103007 1
51 20 103027 1
41 59 103051 0
35 35 103070 0
60 85 103105 1
51 35 103178 1
59 77 103215 1
49 17 103225 1
50 31 103234 1
52 36 103239 1
59 84 103245 1
112 95 103364 1
103 72 103388 0
68 37 103453 1
39 52 103488 0
51 17 103489 1
39 54 103543 0
37 66 103558 0
65 39 103634 1
114 78 103634 1
101 65 103654 0
106 51 103733 1
35 78 103779 0
69 36 103780 1
35 108 103888 0
90 54 103917 0
52 40 104026 1
109 55 104036 1
48 17 104057 1
54 19 104075 1
80 35 104110 1
80 36 104110 1
97 61 104112 0
83 36 104141 1
49 108 104151 0
100 65 104198 0
58 62 104208 1
58 69 104209 1
94 57 104251 0
104 83 104347 0
114 88 104511 1
84 52 104516 0
85 52 104559 0
55 100 104593 1
115 87 104598 1
36 104 104712 0
37 43 104732 0
113 61 104738 1
102 45 104772 1
34 90 104809 0
114 93 104817 1
59 88 104842 1
66 38 104842 1
46 18 104845 1
67 81 104846 1
98 42 104858 1
39 50 104903 0
106 50 104947 1
92 39 104950 1
111 59 104986 1
98 100 105034 0
91 55 105037 0
52 19 105047 1
53 45 105066 1
86 35 105083 1
69 38 105084 1
89 36 105265 1
58 72 105278 1
55 103 105374 1
89 118 105472 1
98 65 105475 0
39 49 105533 0
102 68 105583 0
65 56 105626 0
113 67 105654 1
74 35 105697 1
114 82 105770 1
91 54 105794 0
38 46 105797 0
34 43 105862 0
43 107 105992 0
108 54 106032 1
58 78 106034 1
39 53 106043 0
51 18 106075 1
97 60 106102 0
51 19 106102 1
95 58 106114 0
94 66 106168 0
79 36 106278 1
36 44 106361 0
59 83 106371 1
52 42 106395 1
99 63 106415 0
50 18 106430 1
83 34 106632 1
77 33 106711 1
115 85 106711 1
113 65 106778 1
87 52 106806 0
46 108 106853 0
46 17 106987 1
78 52 107045 0
102 69 107112 0
109 56 107114 1
38 50 107273 0
40 60 107274 0
34 76 107387 0
83 35 107458 1
114 92 107549 1
50 106 107582 0
113 64 107653 1
57 68 107800 1
53 23 107889 1
38 68 107892 0
93 40 108126 1
94 57 108127 0
35 91 108143 0
53 103 108164 1
55 24 108205 1
89 53 108346 0
111 58 108358 1
51 39 108438 1
101 65 108497 0
58 70 108502 1
114 73 108605 1
107 50 108616 1
59 82 108659 1
83 52 108664 0
36 36 108775 0
39 56 108799 0
104 73 108832 0
102 102 108855 0
89 37 109032 1
97 61 109076 0
100 44 109149 1
115 80 109199 1
37 99 109236 0
95 41 109290 1
34 78 109296 0
36 46 109303 0
113 62 109321 1
58 68 109348 1
53 27 109383 1
85 36 109465 1
108 53 109530 1
112 60 109561 1
103 47 109561 1
90 38 109600 1
44 17 109720 1
48 16 109820 1
37 103 109854 0
105 49 109866 1
103 76 109911 0
114 68 109963 1
41 108 109987 0
33 76 110038 0
115 82 110057 1
34 95 110073 0
50 107 110073 0
84 52 110132 0
114 69 110157 1
104 47 110176 1
56 99 110189 1
103 74 110209 0
110 56 110276 1
114 76 110280 1
66 37 110283 1
114 75 110295 1
104 82 110312 0
104 81 110357 0
69 54 110367 0
93 56 110388 0
113 63 110436 1
97 41 110511 1
53 19 110522 1
93 39 110592 1
83 51 110620 0
103 68 110637 0
124 3 110653 1
107 52 110675 1
98 96 110705 0
102 91 110734 1
58 96 110738 1
114 71 110740 1
96 41 110856 1
97 60 110874 0
85 52 110931 0
73 35 110990 1
115 83 111027 1
104 48 111087 1
87 36 111108 1
101 44 111142 1
101 45 111167 1
102 46 111188 1
104 101 111198 0
53 44 111271 1
98 38 111278 1
35 40 111407 0
103 70 111428 0
40 106 111445 0
115 86 111457 1
47 17 111467 1
101 66 111475 0
86 36 111496 1
89 39 111604 1
47 18 111675 1
113 60 111693 1
103 69 111710 0
79 52 111787 0
59 85 111857 1
59 78 111882 1
100 101 111890 0
107 101 111949 0
94 40 111981 1
91 54 111984 0
98 95 112006 0
90 53 112034 0
88 37 112056 1
111 57 112059 1
81 34 112092 1
59 81 112188 1
60 88 112215 1
85 35 112215 1
87 53 112219 0
101 91 112228 1
99 43 112231 1
57 64 112247 1
113 75 112248 1
59 70 112292 1
51 31 112300 1
99 62 112345 0
97 59 112453 0
107 51 112469 1
91 39 112505 1
68 36 112516 1
36 101 112550 0
89 38 112561 1
97 42 112562 1
87 52 112592 0
47 107 112601 0
98 100 112614 0
101 65 112616 0
114 70 112622 1
52 43 112636 1
61 40 112642 1
94 57 112666 0
114 66 112685 1
115 89 112687 1
115 77 112690 1
59 73 112701 1
99 100 112745 0
112 59 112762 1
34 90 112766 0
114 79 112771 1
60 41 112805 1
95 40 112868 1
110 55 112890 1
106 51 112904 1
95 58 112917 0
84 35 112935 1
102 68 112955 0
54 44 112964 1
34 77 112996 0
103 101 113013 0
59 74 113048 1
45 108 113077 0
60 90 113077 1
35 90 113119 0
114 67 113129 1
109 55 113160 1
64 39 113177 1
52 18 113196 1
87 35 113210 1
60 87 113213 1
115 84 113246 1
115 81 113284 1
115 76 113354 1
53 102 113378 1
41 56 113391 0
79 32 113436 1
51 107 113444 0
103 78 113445 0
51 43 113447 1
111 58 113461 1
91 38 113485 1
36 41 113493 0
67 55 113527 0
50 17 113557 1
50 32 113559 1
116 82 113559 1
55 44 113564 1
87 34 113565 1
106 49 113571 1
51 32 113589 1
37 100 113614 0
66 39 113633 1
38 102 113682 0
89 53 113688 0
64 56 113695 0
100 92 113709 1
78 34 113876 1
115 88 113878 1
52 17 113886 1
40 107 113926 0
74 52 113966 0
42 58 113971 0
34 88 113981 0
34 79 114005 0
81 35 114006 1
35 88 114011 0
39 14 114019 1
53 18 114084 1
49 18 114120 1
59 86 114175 1
59 72 114194 1
76 52 114198 0
85 36 114230 1
36 38 114233 0
111 59 114238 1
37 46 114267 0
36 69 114287 0
105 101 114291 0
59 92 114292 1
63 39 114307 1
103 46 114314 1
37 67 114347 0
83 51 114361 0
41 107 114383 0
35 98 114388 0
106 50 114395 1
59 71 114445 1
109 53 114486 1
45 17 114538 1
38 101 114565 0
72 53 114598 0
72 36 114610 1
35 38 114660 0
116 83 114680 1
90 37 114686 1
38 48 114694 0
35 96 114701 0
99 42 114706 1
53 43 114710 1
51 40 114713 1
54 36 114714 1
113 64 114751 1
59 89 114795 1
34 86 114823 0
54 103 114895 1
35 74 114914 0
35 32 114919 0
51 38 115005 1
53 20 115021 1
57 70 115062 1
41 57 115080 0
54 21 115117 1
54 104 115117 1
100 44 115129 1
103 81 115182 0
109 54 115224 1
54 26 115228 1
96 100 115242 0
80 35 115262 1
35 75 115269 0
94 58 115276 0
35 92 115316 0
53 21 115372 1
73 52 115385 0
99 64 115401 0
102 72 115426 0
39 50 115502 0
38 46 115511 0
104 46 115514 1
114 78 115523 1
93 56 115527 0
36 98 115538 0
40 104 115552 0
59 76 115565 1
59 88 115586 1
51 17 115603 1
69 55 115728 0
79 35 115738 1
88 36 115762 1
56 100 115807 1
104 85 115851 0
87 36 115889 1
85 117 115898 1
87 54 115910 0
34 82 115934 0
115 78 115941 1
115 87 115946 1
34 97 115956 0
60 84 116006 1
96 60 116008 0
57 65 116048 1
98 42 116076 1
52 35 116088 1
36 43 116109 0
53 44 116115 1
97 61 116132 0
45 18 116174 1
75 35 116175 1
90 55 116212 0
39 49 116298 0
90 54 116304 0
75 34 116350 1
51 37 116359 1
36 39 116403 0
93 40 116429 1
97 60 116454 0
40 103 116481 0
115 85 116501 1
103 101 116513 0
35 80 116567 0
56 98 116577 1
100 64 116579 0
36 99 116607 0
34 84 116633 0
35 91 116639 0
35 83 116641 0
48 107 116643 0
62 40 116678 1
34 93 116722 0
100 43 116729 1
93 57 116763 0
72 35 116785 1
42 108 116791 0
35 82 116803 0
52 41 116857 1
35 97 116929 0
58 73 116962 1
60 86 116966 1
34 92 117011 0
34 94 117056 0
94 39 117101 1
103 75 117106 0
99 101 117138 0
75 51 117140 0
104 40 117185 1
41 20 117256 1
35 39 117294 0
39 52 117295 0
98 98 117430 0
84 52 117430 0
53 45 117440 1
91 56 117476 0
85 40 117516 1
45 109 117559 0
43 106 117622 0
60 82 117682 1
104 102 117683 0
74 36 117693 1
35 28 117739 0
59 91 117751 1
104 73 117802 0
37 99 117804 0
107 52 117862 1
80 34 117869 1
89 37 117911 1
81 33 117914 1
76 35 117939 1
53 22 117977 1
36 100 117991 0
39 64 118057 0
102 102 118061 0
49 17 118077 1
82 35 118091 1
59 90 118103 1
39 61 118126 0
101 68 118192 0
38 51 118227 0
35 30 118228 0
58 64 118322 1
50 30 118333 1
103 47 118341 1
92 39 118353 1
110 56 118368 1
54 20 118387 1
34 75 118395 0
43 107 118430 0
48 17 118432 1
52 39 118432 1
101 71 118434 0
90 57 118448 0
53 24 118486 1
108 53 118494 1
105 86 118531 0
35 35 118549 0
37 43 118550 0
67 56 118572 0
79 33 118582 1
105 49 118625 1
87 52 118650 0
94 57 118705 0
75 54 118724 0
87 53 118840 0
51 29 118860 1
58 69 118890 1
38 23 118971 0
115 83 118973 1
77 52 118980 0
34 95 119022 0
102 74 119033 0
41 58 119050 0
92 38 119057 1
60 89 119109 1
40 20 119114 1
103 68 119154 0
90 53 119156 0
75 52 119179 0
49 16 119217 1
88 58 119227 0
103 79 119242 0
71 36 119262 1
55 102 119262 1
36 105 119267 0
39 54 119374 0
40 56 119408 0
35 84 119534 0
39 65 119583 0
47 107 119609 0
35 29 119705 0
59 94 119709 1
34 33 119718 0
44 107 119722 0
57 98 119734 1
44 109 119790 0
112 60 119846 1
101 65 119905 0
60 85 120057 1
102 46 120118 1
38 60 120137 0
51 30 120144 1
115 82 120152 1
39 56 120218 0
57 66 120243 1
50 36 120303 1
53 19 120363 1
97 96 120375 0
104 47 120435 1
65 118 120456 1
91 37 120480 1
91 54 120485 0
102 45 120512 1
35 41 120513 0
103 101 120552 0
59 80 120572 1
114 68 120641 1
46 107 120702 0
105 84 120843 0
59 83 120877 1
54 19 120937 1
103 103 120999 0
99 43 121100 1
97 41 121175 1
105 48 121182 1
83 35 121219 1
114 71 121231 1
51 36 121315 1
34 37 121354 0
85 52 121465 0
69 54 121498 0
35 73 121515 0
39 106 121547 0
66 55 121611 0
58 72 121750 1
86 36 121823 1
98 100 121886 0
55 101 121913 1
35 50 121981 0
73 36 122029 1
108 52 122107 1
95 41 122111 1
47 16 122170 1
98 98 122360 0
36 36 122389 0
113 63 122413 1
50 33 122535 1
101 45 122592 1
95 100 122617 0
52 38 122648 1
113 62 122722 1
103 73 122815 0
52 42 122894 1
51 18 122990 1
35 27 123000 0
95 58 123064 0
26 22 123119 0
103 69 123123 0
34 90 123186 0
58 94 123191 1
111 57 123193 1
89 53 123197 0
97 59 123220 0
34 85 123252 0
59 93 123311 1
96 41 123328 1
111 58 123339 1
104 101 123388 0
35 31 123424 0
116 85 123433 1
85 35 123436 1
84 35 123475 1
105 86 123479 0
114 76 123480 1
57 68 123513 1
88 37 123517 1
97 97 123526 0
52 31 123546 1
45 16 123560 1
58 70 123632 1
75 51 123668 0
68 54 123706 0
34 78 123809 0
100 99 123902 0
43 17 123909 1
115 75 123943 1
114 70 123981 1
97 42 123986 1
115 79 123989 1
93 39 124054 1
74 35 124087 1
110 55 124091 1
96 40 124125 1
51 34 124148 1
115 86 124151 1
103 70 124160 0
105 84 124187 0
59 42 124278 1
107 51 124296 1
102 44 124311 1
60 83 124319 1
112 59 124339 1
83 51 124458 0
106 50 124566 1
104 81 124633 0
93 38 124686 1
94 40 124744 1
111 56 124751 1
101 44 124773 1
113 64 124775 1
78 35 124776 1
58 75 124803 1
103 45 124830 1
86 35 124853 1
52 43 124866 1
110 54 124881 1
82 34 124882 1
91 39 124915 1
59 79 124918 1
52 37 124960 1
113 61 124989 1
109 100 124989 0
95 40 125038 1
34 82 125042 0
53 17 125059 1
69 37 125080 1
103 101 125133 0
58 68 125254 1
35 36 125255 0
91 38 125289 1
52 40 125289 1
47 108 125412 0
91 55 125412 0
34 80 125415 0
95 39 125446 1
100 44 125462 1
59 69 125464 1
51 35 125622 1
59 81 125645 1
103 81 125696 0
51 33 125714 1
103 72 125740 0
58 78 125743 1
90 55 125789 0
114 68 125916 1
104 73 125937 0
114 65 125965 1
115 80 125965 1
102 72 126000 0
114 75 126024 1
87 53 126049 0
87 36 126133 1
98 42 126133 1
99 100 126133 0
54 44 126149 1
93 56 126214 0
99 42 126234 1
102 69 126313 0
47 17 126334 1
103 68 126335 0
102 68 126338 0
44 107 126382 0
84 34 126406 1
59 77 126446 1
81 34 126475 1
100 62 126520 0
37 100 126541 0
38 102 126561 0
49 107 126562 0
34 96 126594 0
99 60 126596 0
114 64 126597 1
105 101 126604 0
41 59 126664 0
38 101 126671 0
97 60 126685 0
33 96 126724 0
38 51 126757 0
42 58 126767 0
24 80 126776 0
109 54 126782 1
39 50 126797 0
115 82 126832 1
98 98 126839 0
35 78 126885 0
58 66 126887 1
36 38 126892 0
51 39 126914 1
35 79 126920 0
114 67 126934 1
38 46 126960 0
57 64 126961 1
116 86 126973 1
95 96 126975 0
98 41 126987 1
38 49 126990 0
90 53 127001 0
102 101 127013 0
105 84 127040 0
100 102 127050 0
99 43 127064 1
41 56 127067 0
79 53 127072 0
35 90 127085 0
40 104 127131 0
115 83 127157 1
39 49 127160 0
32 40 127188 0
50 32 127239 1
96 41 127272 1
50 17 127276 1
52 17 127287 1
59 84 127306 1
34 45 127377 0
38 107 127383 0
59 75 127397 1
98 96 127419 0
115 81 127468 1
110 57 127502 1
114 53 127515 0
114 66 127515 1
53 44 127517 1
60 79 127554 1
60 90 127596 1
100 43 127628 1
58 65 127639 1
115 99 127660 0
115 72 127660 1
105 49 127764 1
58 67 127768 1
41 61 127793 0
38 68 127806 0
87 52 127860 0
74 54 127860 0
70 36 127874 1
104 47 127877 1
97 59 127879 0
60 87 127906 1
88 36 127955 1
35 88 128010 0
81 51 128033 0
40 106 128040 0
100 63 128044 0
33 104 128097 0
97 41 128111 1
37 71 128136 0
60 75 128148 1
94 59 128195 0
34 97 128207 0
54 24 128216 1
51 17 128223 1
36 74 128249 0
43 106 128322 0
52 34 128360 1
36 41 128396 0
81 35 128407 1
90 37 128463 1
40 56 128471 0
53 18 128501 1
40 103 128519 0
106 48 128522 1
53 42 128582 1
53 23 128598 1
52 106 128603 0
41 105 128604 0
101 69 128624 0
89 37 128651 1
46 107 128659 0
35 91 128665 0
44 108 128694 0
65 38 128715 1
115 89 128741 1
52 18 128753 1
60 84 128757 1
48 16 128767 1
100 42 128803 1
106 49 128810 1
46 17 128823 1
60 88 128922 1
105 86 128944 0
32 90 128962 0
100 62 129003 0
48 106 129079 0
51 32 129096 1
57 96 129119 1
31 40 129137 0
113 62 129151 1
52 41 129174 1
65 39 129200 1
55 21 129224 1
55 44 129414 1
115 88 129452 1
58 63 129457 1
83 51 129475 0
43 18 129494 1
73 35 129514 1
59 95 129519 1
36 39 129523 0
35 92 129576 0
102 45 129590 1
55 23 129593 1
80 51 129696 0
74 34 129765 1
114 63 129767 1
115 90 129863 1
115 85 129924 1
103 46 129993 1
78 33 130001 1
60 80 130029 1
99 92 130101 1
109 53 130154 1
98 62 130180 0
35 82 130213 0
51 16 130276 1
60 78 130301 1
37 37 130307 0
103 44 130319 1
115 87 130319 1
53 43 130320 1
54 25 130364 1
50 16 130381 1
104 84 130522 0
79 34 130543 1
91 54 130560 0
35 96 130572 0
94 57 130576 0
105 48 130577 1
57 65 130581 1
77 34 130582 1
59 70 130614 1
35 37 130625 0
92 38 130648 1
35 83 130676 0
100 99 130691 0
43 107 130701 0
47 107 130779 0
59 92 130897 1
53 25 130968 1
58 95 131041 1
39 106 131062 0
110 55 131071 1
60 74 131075 1
89 36 131146 1
84 55 131156 0
37 68 131196 0
113 94 131198 1
105 87 131246 0
83 34 131328 1
111 57 131331 1
38 101 131400 0
102 101 131433 0
93 55 131481 0
100 62 131485 0
98 95 131504 0
75 51 131504 0
35 80 131581 0
58 42 131600 1
84 35 131656 1
40 59 131662 0
93 39 131681 1
50 31 131695 1
60 86 131699 1
115 78 131768 1
111 58 131808 1
105 84 131857 0
98 98 131884 0
95 40 131910 1
101 70 131964 0
107 51 132023 1
85 36 132053 1
85 35 132126 1
36 36 132244 0
83 53 132407 0
103 77 132415 0
52 27 132434 1
31 89 132475 0
108 52 132487 1
73 52 132489 0
57 95 132504 1
68 78 132583 1
68 38 132583 1
53 19 132588 1
60 85 132698 1
37 43 132741 0
93 40 132776 1
100 63 132904 0
48 107 132913 0
96 57 132938 0
62 39 132981 1
102 46 132981 1
59 83 133067 1
30 94 133091 0
35 32 133129 0
48 108 133246 0
72 36 133396 1
54 23 133436 1
40 109 133439 0
105 102 133443 0
52 36 133466 1
51 40 133489 1
54 21 133494 1
81 51 133505 0
34 88 133511 0
36 33 133560 0
101 45 133607 1
35 72 133616 0
103 71 133634 0
52 39 133656 1
106 51 133712 1
75 35 133755 1
41 105 133773 0
39 62 133931 0
53 20 133949 1
101 43 134022 1
36 25 134035 0
59 82 134044 1
92 37 134115 1
112 59 134134 1
55 20 134176 1
93 55 134223 0
36 98 134256 0
66 56 134281 0
59 72 134287 1
101 44 134352 1
104 46 134403 1
54 18 134408 1
54 19 134437 1
101 65 134566 0
34 72 134627 0
34 95 134658 0
54 20 134681 1
98 61 134706 0
60 89 134761 1
51 38 134787 1
76 34 134804 1
114 81 134828 1
113 59 134860 1
51 31 134865 1
80 51 134868 0
52 33 134883 1
100 62 134893 0
103 69 134938 0
55 45 135026 1
69 36 135028 1
87 36 135158 1
113 67 135160 1
83 33 135178 1
101 91 135269 1
114 70 135313 1
59 74 135506 1
103 101 135607 0
99 62 135609 0
103 91 135620 1
35 76 135670 0
47 108 135713 0
46 16 135791 1
99 94 135808 0
106 50 135821 1
58 73 135824 1
113 60 135888 1
102 101 135899 0
97 61 135901 0
35 33 135924 0
79 52 136001 0
44 107 136052 0
95 56 136059 0
104 88 136099 0
32 93 136126 0
59 73 136195 1
65 56 136242 0
34 40 136263 0
98 42 136283 1
100 45 136300 1
35 79 136318 0
99 60 136349 0
80 35 136349 1
115 70 136370 1
113 61 136380 1
38 46 136388 0
45 109 136489 0
114 71 136533 1
86 35 136561 1
107 50 136628 1
100 44 136640 1
35 38 136652 0
114 68 136689 1
37 36 136794 1
35 77 136798 0
89 53 136805 0
108 101 136834 0
97 95 136838 0
94 39 136916 1
99 42 136923 1
103 68 136926 0
104 101 136934 0
99 96 136939 0
37 49 136954 0
82 51 136959 0
105 87 137015 0
98 63 137027 0
67 38 137052 1
100 103 137059 0
101 64 137065 0
34 99 137087 0
104 73 137099 0
53 21 137102 1
115 77 137128 1
115 82 137131 1
93 55 137209 0
114 65 137211 1
93 37 137241 1
112 57 137332 1
91 38 137375 1
90 36 137379 1
35 26 137397 0
114 66 137421 1
106 83 137435 0
104 87 137483 0
32 97 137492 0
61 40 137504 1
96 40 137511 1
115 74 137561 1
37 62 137572 0
59 76 137653 1
37 102 137788 0
97 41 137820 1
68 55 137841 0
40 52 137853 0
115 73 137870 1
58 68 137902 1
35 89 137914 0
97 59 137941 0
110 54 137969 1
96 41 137974 1
95 58 138023 0
90 53 138055 0
100 43 138103 1
104 80 138113 0
79 50 138125 0
40 58 138142 0
34 82 138151 0
99 99 138197 0
58 69 138203 1
115 79 138231 1
84 52 138283 0
106 49 138307 1
104 47 138374 1
114 67 138488 1
59 88 138488 1
78 34 138520 1
47 16 138546 1
98 62 138550 0
105 84 138566 0
35 86 138635 0
115 76 138635 1
35 37 138649 0
113 62 138657 1
110 55 138661 1
91 37 138708 1
60 90 138723 1
54 44 138725 1
111 56 138728 1
115 86 138741 1
59 81 138795 1
39 50 138796 0
87 35 138826 1
100 63 138851 0
66 55 138852 0
103 45 138853 1
115 81 138860 1
39 52 138994 0
53 44 139013 1
80 34 139054 1
99 43 139054 1
46 108 139080 0
50 106 139087 0
102 102 139091 0
97 40 139092 1
98 98 139094 0
74 35 139137 1
103 71 139144 0
101 67 139198 0
36 33 139226 0
115 83 139227 1
109 53 139248 1
90 55 139294 0
112 58 139329 1
109 54 139332 1
113 64 139415 1
59 71 139425 1
100 62 139436 0
115 110 139486 1
115 71 139486 1
85 34 139510 1
49 16 139561 1
39 49 139576 0
52 37 139578 1
71 36 139588 1
105 48 139592 1
52 22 139602 1
96 57 139603 0
112 59 139634 1
115 69 139641 1
40 104 139647 0
36 38 139660 0
58 72 139719 1
80 51 139739 0
108 51 139758 1
54 17 139786 1
61 85 139786 1
60 83 139795 1
107 50 139838 1
115 75 139843 1
101 64 139880 0
45 107 139899 0
88 36 139922 1
107 51 139996 1
98 41 139997 1
68 37 140007 1
57 43 140010 1
111 57 140016 1
111 55 140026 1
87 52 140114 0
100 99 140115 0
88 37 140117 1
90 37 140125 1
95 40 140130 1
102 78 140130 0
105 46 140149 1
98 61 140162 0
64 56 140171 0
42 58 140183 0
83 51 140200 0
82 33 140207 1
35 84 140210 0
59 77 140218 1
115 80 140233 1
93 54 140294 0
50 107 140339 0
35 74 140353 0
34 96 140365 0
59 79 140379 1
37 99 140394 0
45 17 140394 1
116 83 140399 1
35 85 140407 0
36 87 140417 0
51 17 140487 1
93 38 140526 1
52 17 140584 1
35 90 140608 0
59 80 140612 1
105 86 140622 0
40 103 140645 0
52 38 140684 1
83 35 140685 1
69 54 140699 0
99 61 140725 0
51 105 140740 0
93 39 140756 1
93 55 140757 0
36 95 140787 0
53 17 140817 1
61 84 140822 1
43 106 140832 0
93 56 140872 0
49 17 140894 1
87 53 140928 0
39 56 140937 0
40 52 140959 0
38 102 140960 0
51 35 140986 1
51 34 141056 1
37 25 141061 0
60 72 141147 1
55 19 141147 1
105 47 141177 1
60 84 141177 1
35 75 141192 0
41 53 141236 0
52 16 141239 1
103 70 141242 0
99 60 141265 0
82 51 141297 0
85 35 141309 1
66 39 141310 1
58 64 141342 1
81 51 141383 0
35 30 141391 0
53 18 141422 1
67 37 141436 1
116 82 141439 1
89 37 141456 1
87 36 141488 1
60 87 141520 1
41 57 141567 0
41 10 141579 1
38 101 141607 0
102 44 141621 1
95 56 141622 0
60 92 141629 1
58 66 141638 1
57 64 141638 1
99 99 141666 0
62 93 141741 1
51 33 141784 1
37 100 141816 0
56 101 141826 1
35 91 141868 0
99 96 141935 0
116 84 141967 1
71 35 141969 1
104 80 142173 0
39 63 142176 0
102 45 142180 1
52 41 142221 1
35 78 142230 0
92 38 142232 1
111 59 142245 1
53 42 142253 1
79 50 142267 0
34 92 142271 0
103 90 142352 1
81 34 142357 1
35 88 142391 0
53 41 142407 1
35 27 142448 0
102 101 142475 0
107 46 142503 1
58 96 142536 1
104 83 142545 0
36 45 142571 0
48 16 142577 1
46 107 142605 0
108 36 142634 1
108 52 142634 1
80 53 142712 0
116 85 142729 1
35 77 142779 0
58 70 142808 1
93 39 142815 1
58 65 142871 1
35 86 142873 0
41 105 142883 0
36 89 142904 0
41 56 142966 0
34 79 142967 0
100 70 142975 0
101 64 142998 0
50 32 143007 1
35 82 143020 0
36 74 143023 0
60 77 143068 1
68 54 143101 0
82 34 143123 1
97 41 143157 1
102 91 143225 1
38 68 143280 0
35 35 143340 0
35 89 143350 0
35 76 143350 0
60 76 143356 1
32 95 143362 0
103 74 143393 0
76 55 143397 0
37 37 143460 0
35 33 143470 0
70 35 143605 1
53 26 143625 1
101 44 143654 1
99 95 143679 0
99 61 143718 0
104 46 143724 1
111 54 143775 1
59 69 143778 1
56 100 143802 1
85 50 143814 0
106 49 143847 1
61 86 143858 1
36 95 143860 0
60 86 143981 1
44 16 144020 1
114 63 144044 1
45 107 144048 0
55 44 144048 1
115 82 144072 1
99 42 144082 1
40 52 144087 0
38 51 144097 0
36 36 144123 0
72 35 144148 1
84 35 144169 1
36 33 144238 0
36 41 144289 0
91 54 144310 0
95 61 144316 0
112 96 144360 1
67 55 144377 0
41 107 144392 0
39 65 144409 0
46 106 144423 0
58 62 144446 1
48 106 144450 0
116 86 144468 1
80 50 144502 0
101 72 144572 0
57 65 144582 1
41 53 144617 0
37 69 144646 0
45 16 144677 1
79 51 144682 0
61 87 144706 1
101 101 144781 0
59 41 144801 1
105 87 144867 0
53 24 144922 1
59 90 144924 1
75 51 145004 0
51 32 145037 1
53 22 145121 1
114 64 145130 1
41 61 145162 0
32 48 145228 0
99 99 145243 0
114 66 145268 1
63 56 145322 0
110 53 145443 1
37 101 145467 0
35 85 145472 0
47 107 145479 0
99 72 145483 0
52 35 145487 1
37 45 145491 0
103 81 145517 0
60 88 145621 1
103 84 145635 0
50 17 145638 1
88 54 145650 0
97 60 145653 0
34 42 145748 0
114 65 145750 1
117 88 145765 1
48 17 145770 1
113 61 145860 1
97 42 145966 1
82 51 146024 0
53 36 146064 1
40 56 146079 0
57 97 146091 1
39 106 146102 0
38 45 146172 0
96 40 146226 1
38 105 146227 0
46 18 146228 1
36 35 146263 0
64 39 146289 1
39 103 146320 0
98 61 146347 0
103 71 146395 0
75 34 146411 1
60 82 146430 1
73 35 146434 1
103 67 146522 0
51 30 146527 1
35 28 146570 0
59 43 146608 1
104 80 146631 0
27 82 146678 0
95 102 146689 0
84 34 146693 1
44 17 146701 1
104 82 146705 0
41 109 146721 0
86 35 146723 1
91 65 146723 0
36 40 146724 0
60 85 146724 1
96 57 146835 0
100 101 146845 0
25 103 146877 0
101 64 146891 0
91 36 147036 1
101 66 147095 0
36 24 147162 0
102 72 147169 0
85 55 147244 0
104 77 147267 0
35 80 147304 0
91 38 147357 1
102 88 147372 0
99 61 147376 0
54 43 147390 1
30 37 147463 0
34 84 147496 0
103 80 147500 0
116 87 147597 1
49 107 147627 0
104 79 147644 0
80 50 147800 0
52 32 147809 1
90 54 147810 0
68 56 147877 0
40 62 147904 0
53 37 147945 1
73 36 148000 1
93 55 148028 0
59 94 148031 1
25 99 148064 0
96 59 148106 1
34 86 148124 0
35 86 148144 0
85 58 148187 0
31 41 148260 0
101 67 148287 0
105 77 148360 0
103 86 148438 0
59 93 148519 1
53 43 148597 1
41 110 148650 0
60 90 148690 1
111 56 148705 1
70 53 148745 0
114 68 148781 1
36 95 148861 0
103 68 148924 0
54 19 148937 1
115 78 148937 1
99 95 148952 0
51 16 148996 1
69 57 149007 0
98 98 149041 0
103 67 149100 0
77 51 149130 0
103 45 149177 1
32 82 149226 0
52 29 149239 1
86 52 149311 0
115 91 149400 1
85 33 149405 1
113 60 149444 1
38 45 149469 0
114 76 149498 1
104 73 149556 0
62 40 149573 1
60 89 149654 1
79 51 149672 0
109 53 149678 1
59 96 149687 1
110 54 149753 1
58 68 149753 1
59 67 149860 1
103 102 149879 0
105 84 149932 0
114 61 149935 1
60 80 149939 1
106 83 149944 0
93 54 150059 0
53 19 150075 1
39 103 150082 0
115 77 150138 1
71 53 150150 0
99 60 150169 0
105 48 150173 1
35 79 150189 0
40 52 150222 0
99 94 150224 0
107 50 150307 1
41 55 150315 0
102 75 150360 0
97 57 150372 0
59 75 150418 1
114 62 150421 1
100 99 150461 0
59 92 150475 1
100 42 150528 1
104 77 150534 0
99 99 150556 0
97 59 150639 0
34 77 150667 0
59 99 150744 1
115 72 150771 1
115 81 150822 1
36 35 150832 0
83 34 150855 1
38 107 150869 0
95 56 150878 0
56 43 150901 1
100 43 150914 1
54 24 150934 1
90 37 150981 1
59 72 150984 1
115 79 150997 1
35 40 151076 0
95 39 151122 1
115 76 151125 1
88 35 151141 1
98 41 151249 1
53 38 151266 1
87 35 151273 1
112 59 151298 1
110 55 151319 1
51 31 151322 1
115 88 151324 1
80 50 151328 0
101 101 151348 0
113 62 151481 1
115 80 151486 1
53 39 151547 1
95 40 151575 1
54 44 151580 1
94 38 151581 1
104 79 151586 0
105 101 151639 0
91 37 151688 1
36 46 151692 0
92 56 151718 0
103 67 151730 0
97 41 151773 1
94 39 151802 1
115 73 151808 1
108 51 151865 1
80 51 151869 0
99 42 151876 1
53 23 151911 1
107 58 151923 1
107 49 151923 1
111 107 151963 0
111 55 151963 1
104 46 152013 1
30 89 152024 0
37 45 152036 0
90 36 152049 1
41 19 152049 1
54 21 152092 1
41 53 152132 0
106 48 152166 1
114 63 152189 1
80 33 152194 1
52 40 152194 1
106 49 152260 1
98 62 152268 0
47 18 152312 1
45 107 152350 0
37 98 152361 1
114 93 152371 1
77 34 152390 1
93 39 152424 1
40 104 152427 0
51 17 152450 1
104 40 152451 1
112 57 152470 1
81 35 152519 1
43 106 152527 0
96 58 152540 0
36 29 152542 0
60 79 152544 1
36 40 152547 0
97 40 152571 1
35 54 152589 0
52 33 152614 1
115 75 152615 1
76 34 152618 1
40 103 152640 0
37 99 152671 0
34 93 152675 0
59 70 152722 1
101 42 152724 1
70 36 152733 1
35 83 152758 0
35 77 152760 0
66 38 152799 1
102 43 152811 1
74 52 152858 0
49 16 152915 1
52 39 152929 1
86 34 152937 1
85 35 152952 1
39 49 152956 0
35 92 152967 0
54 18 152979 1
116 83 153002 1
59 73 153010 1
105 47 153039 1
41 58 153069 0
101 44 153070 1
101 43 153077 1
36 39 153081 0
99 96 153117 0
37 49 153117 0
85 52 153150 0
79 50 153167 0
37 43 153169 0
96 57 153184 0
115 74 153192 1
30 93 153195 0
35 37 153200 0
37 101 153202 0
97 67 153222 0
103 69 153248 0
77 51 153255 0
34 101 153256 0
24 41 153259 0
45 108 153260 0
100 63 153268 0
85 50 153281 0
99 61 153304 0
83 51 153311 0
39 50 153346 0
48 107 153365 0
82 51 153367 0
29 89 153373 0
42 58 153401 0
56 44 153402 1
36 38 153425 0
38 101 153438 0
39 64 153440 0
93 38 153460 1
114 65 153476 1
33 28 153480 0
115 89 153492 1
43 107 153555 0
37 106 153566 0
87 55 153573 0
33 99 153584 0
35 85 153593 0
47 16 153599 1
38 45 153616 0
105 81 153620 0
90 53 153654 0
39 103 153694 0
89 36 153708 1
100 67 153723 0
34 30 153834 0
41 105 153837 0
63 57 153843 0
32 76 153847 0
81 33 153897 1
85 51 153937 0
113 59 153955 1
103 45 153958 1
98 95 153962 0
52 17 153967 1
36 58 153981 0
103 68 154007 0
35 90 154012 0
59 74 154045 1
116 81 154067 1
104 77 154092 0
55 22 154124 1
51 29 154134 1
86 52 154208 0
41 106 154218 0
36 87 154272 0
60 69 154285 1
51 34 154311 1
91 53 154333 0
102 44 154376 1
114 66 154437 1
111 56 154443 1
53 17 154444 1
114 78 154465 1
104 45 154482 1
96 40 154510 1
35 89 154528 0
33 78 154621 0
35 33 154626 0
37 69 154636 0
99 60 154641 0
48 16 154642 1
50 106 154700 0
35 73 154742 0
112 56 154749 1
93 54 154761 0
109 53 154793 1
52 37 154799 1
43 108 154804 0
53 18 154809 1
35 84 154830 0
53 16 154847 1
39 46 154881 0
100 99 154883 0
80 34 154924 1
36 33 154952 0
41 55 154972 0
37 26 154989 0
98 40 154998 1
92 37 155035 1
53 42 155037 1
60 84 155049 1
101 64 155061 0
35 86 155085 0
40 50 155098 0
104 67 155107 0
81 50 155128 0
103 67 155133 0
50 16 155134 1
35 82 155174 0
36 66 155177 0
37 71 155180 0
39 100 155185 0
98 96 155224 0
35 88 155297 0
35 91 155301 0
58 63 155304 1
104 79 155320 0
107 50 155324 1
110 28 155348 1
113 60 155352 1
104 72 155361 0
105 82 155384 0
52 16 155389 1
85 34 155399 1
116 89 155400 1
33 87 155420 0
74 35 155467 1
80 50 155488 0
87 52 155496 0
52 34 155508 1
115 71 155533 1
34 85 155556 0
79 51 155559 0
96 58 155562 0
48 106 155569 0
35 97 155604 0
58 94 155634 1
58 66 155647 1
33 97 155691 0
38 48 155695 0
52 36 155707 1
34 27 155708 0
110 54 155739 1
90 35 155740 1
99 76 155805 0
36 35 155835 0
88 36 155843 1
52 18 155946 1
105 81 155957 0
78 34 155998 1
60 40 156016 1
46 106 156048 0
84 33 156053 1
35 31 156055 0
99 95 156056 0
104 80 156073 0
54 20 156104 1
114 64 156157 1
40 52 156176 0
55 43 156207 1
59 81 156215 1
95 56 156276 0
106 83 156296 0
61 82 156327 1
31 112 156361 0
35 76 156371 0
85 53 156392 0
63 39 156403 1
115 70 156413 1
37 37 156424 0
51 35 156437 1
34 76 156439 0
36 95 156458 0
85 51 156479 0
78 50 156530 0
116 82 156536 1
116 80 156554 1
87 36 156568 1
36 89 156601 0
92 38 156618 1
51 28 156673 1
105 86 156682 0
113 61 156798 1
40 53 156808 0
99 69 156826 0
59 77 156837 1
65 55 156845 0
81 34 156858 1
34 90 156895 0
39 42 156929 0
75 53 156936 0
36 29 156955 0
53 41 156972 1
36 36 156978 0
93 63 156999 0
58 64 157049 1
58 65 157052 1
43 112 157067 0
82 32 157069 1
34 81 157144 0
39 46 157156 0
34 94 157198 0
33 79 157212 0
55 20 157220 1
116 88 157222 1
35 103 157225 0
38 68 157283 0
41 60 157291 0
99 99 157298 0
91 53 157299 0
60 87 157303 1
38 63 157336 0
100 81 157341 0
40 50 157371 0
36 27 157480 0
55 21 157536 1
103 101 157554 0
99 42 157611 1
77 33 157640 1
36 71 157643 0
35 36 157654 0
59 78 157728 1
54 17 157790 1
37 74 157914 1
55 44 157931 1
52 38 157949 1
27 101 157984 0
31 44 157985 0
39 103 157993 0
105 77 158019 0
105 82 158052 0
111 57 158138 1
101 67 158161 0
79 33 158215 1
101 73 158246 0
59 76 158254 1
60 78 158263 1
96 58 158268 0
37 105 158276 0
28 106 158290 0
37 70 158303 0
35 49 158314 0
60 86 158334 1
72 36 158358 1
39 22 158391 0
37 97 158549 0
54 40 158673 1
40 103 158683 0
35 42 158695 0
86 52 158703 0
104 72 158731 0
108 51 158755 1
73 56 158757 0
115 78 158802 1
33 80 158921 0
38 98 158924 0
105 81 159022 0
38 45 159027 0
35 78 159072 0
36 74 159144 0
39 104 159146 0
36 40 159248 0
101 101 159271 0
81 50 159316 0
51 33 159317 1
104 46 159384 1
65 39 159386 1
41 106 159393 0
102 42 159435 1
37 45 159445 0
98 41 159445 1
77 51 159468 0
68 36 159492 1
99 41 159519 1
98 65 159535 0
64 38 159573 1
97 41 159679 1
70 53 159721 0
53 20 159745 1
109 52 159790 1
61 83 159827 1
39 46 159854 0
115 79 159940 1
51 32 159965 1
85 51 159965 0
59 79 159978 1
116 86 160013 1
60 75 160022 1
31 90 160079 0
60 93 160121 1
91 37 160127 1
93 55 160130 0
98 61 160353 0
102 101 160380 0
41 55 160436 0
105 48 160449 1
92 56 160467 0
103 66 160468 0
92 36 160507 1
54 43 160583 1
59 69 160585 1
34 36 160656 0
38 106 160663 0
106 47 160706 1
37 50 160713 0
55 18 160727 1
60 83 160727 1
109 45 160785 1
106 49 160890 1
87 35 161014 1
100 42 161023 1
54 42 161024 1
52 41 161033 1
109 45 161075 0
51 16 161138 1
95 39 161146 1
38 105 161163 0
51 15 161182 1
49 15 161192 1
105 82 161217 0
40 50 161249 0
116 84 161304 1
41 59 161347 0
38 98 161348 0
90 37 161465 1
79 34 161506 1
35 74 161589 0
104 79 161620 0
96 58 161656 0
37 97 161684 0
61 84 161716 1
101 91 161910 1
35 47 161971 0
104 77 162006 0
46 112 162009 0
39 55 162135 0
35 75 162152 0
78 99 162248 0
58 50 162248 0
58 68 162248 1
41 53 162295 0
61 40 162427 1
60 90 162433 1
99 98 162479 0
111 55 162526 1
53 44 162570 1
95 57 162575 0
104 70 162672 0
40 53 162756 0
92 57 162776 0
91 53 162815 0
109 45 162870 1
112 55 162899 1
60 85 162916 1
82 34 162947 1
88 53 162994 0
60 41 163042 1
67 36 163131 1
60 80 163179 1
61 80 163222 1
60 74 163285 1
100 91 163323 1
116 85 163329 1
109 45 163354 0
49 13 163402 1
110 53 163467 1
103 90 163480 1
69 36 163527 1
75 33 163543 1
86 52 163586 0
97 57 163655 0
84 34 163668 1
104 72 163690 0
41 54 163704 0
59 71 163720 1
83 33 163745 1
95 40 163761 1
103 66 163769 0
54 18 163790 1
75 35 163797 1
95 59 163830 0
55 23 163866 1
90 36 163944 1
77 50 163949 0
52 31 163994 1
42 19 164020 1
71 53 164063 0
55 19 164064 1
61 85 164076 1
85 50 164249 0
96 41 164339 1
65 55 164383 0
74 34 164406 1
73 34 164434 1
95 38 164454 1
101 92 164549 1
59 95 164550 1
62 39 164572 1
82 33 164596 1
61 39 164698 1
89 36 164705 1
35 93 164759 0
71 36 164838 1
75 34 164855 1
69 52 164860 0
96 57 164914 0
97 43 164921 1
101 46 164933 1
36 29 164941 0
69 37 164948 1
54 19 164949 1
41 106 164954 0
37 97 164956 0
71 35 165005 1
96 40 165014 1
75 51 165076 0
100 92 165202 1
78 33 165229 1
66 55 165284 0
38 98 165309 0
64 55 165312 0
79 50 165369 0
103 45 165454 1
65 38 165465 1
36 27 165596 0
104 100 165622 0
73 35 165652 1
40 55 165654 0
104 70 165689 0
94 38 165744 1
43 108 165780 0
39 104 165787 0
43 106 165805 0
115 85 165817 1
95 57 165889 0
97 40 165958 1
46 17 165990 1
83 34 166062 1
42 20 166104 1
48 15 166122 1
85 51 166125 0
99 98 166198 0
47 108 166234 0
81 50 166265 0
65 37 166275 1
101 90 166360 1
51 105 166404 0
72 35 166405 1
63 56 166423 0
104 74 166477 0
115 82 166540 1
91 34 166563 1
57 43 166631 1
51 17 166643 1
66 37 166648 1
74 32 166715 1
102 82 166733 0
105 100 166740 0
45 16 166837 1
106 48 166852 1
77 50 166942 0
85 35 166948 1
80 50 166954 0
101 44 167012 1
76 34 167015 1
40 104 167022 0
49 16 167036 1
99 60 167094 0
73 52 167095 0
46 107 167131 0
31 51 167205 0
41 60 167220 0
95 56 167287 0
39 105 167327 0
88 33 167400 1
48 16 167430 1
38 104 167433 0
59 42 167513 1
53 42 167558 1
102 90 167570 1
47 15 167574 1
89 35 167640 1
31 91 167662 0
35 29 167695 0
48 106 167696 0
47 16 167779 1
69 35 167818 1
52 106 167868 0
38 108 167886 0
75 56 167906 0
41 54 167949 0
68 54 167953 0
63 39 167996 1
104 89 168060 1
92 58 168120 0
91 36 168158 1
88 35 168228 1
93 38 168255 1
53 17 168260 1
42 56 168358 0
78 50 168452 0
77 34 168468 1
45 107 168468 0
36 93 168503 0
50 15 168602 1
86 34 168634 1
74 35 168635 1
104 100 168654 0
46 106 168750 0
78 34 168769 1
65 54 168830 0
105 47 168947 1
105 81 168980 0
43 17 169008 1
98 99 169020 0
42 18 169253 1
96 58 169279 0
95 57 169364 0
64 55 169394 0
111 97 169428 0
58 42 169444 1
42 106 169492 0
85 50 169631 0
52 16 169659 1
99 98 169684 0
93 65 169686 0
105 100 169771 0
80 33 169790 1
104 70 169835 0
108 50 169872 1
52 17 169880 1
34 81 169923 0
62 57 170005 0
92 0 170025 1
43 18 170046 1
50 106 170105 0
77 50 170135 0
102 44 170181 1
93 54 170216 0
85 34 170320 1
55 44 170460 1
63 38 170466 1
88 31 170525 1
96 39 170526 1
46 16 170526 1
103 90 170536 1
103 65 170551 0
50 14 170666 1
45 17 170757 1
101 43 170806 1
61 57 170910 0
59 41 170913 1
88 53 170937 0
67 77 170984 1
58 41 171009 1
35 93 171044 0
56 43 171079 1
72 34 171212 1
109 53 171234 1
40 49 171341 0
49 15 171357 1
37 97 171398 0
65 55 171446 0
53 104 171541 0
55 43 171559 1
47 107 171647 0
112 57 171681 1
115 83 171705 1
67 37 171706 1
105 82 171714 0
69 54 171747 0
74 33 171831 1
104 100 171851 0
52 35 171856 1
101 91 171884 1
61 37 171941 1
46 15 171961 1
39 51 171963 0
105 83 172051 0
103 66 172073 0
104 74 172087 0
68 36 172119 1
91 35 172226 1
68 35 172286 1
64 87 172502 1
92 37 172520 1
81 34 172538 1
94 37 172590 1
61 40 172603 1
59 40 172731 1
76 33 172746 1
38 99 172770 0
70 35 172889 1
104 40 172895 1
42 106 172898 0
105 85 173007 0
79 51 173022 0
107 99 173087 0
90 34 173258 1
105 79 173367 0
86 52 173410 0
101 41 173435 1
62 16 173473 1
62 39 173473 1
38 53 173477 0
87 35 173583 1
60 41 173690 1
105 100 173713 0
94 56 173894 0
39 104 174250 0
103 44 174314 1
66 66 174325 1
42 56 174342 0
41 19 174466 1
92 56 174718 0
81 33 174757 1
63 57 174950 0
71 35 174957 1
41 106 175061 0
83 32 175116 1
40 51 175235 0
64 55 175296 0
38 42 175333 0
107 100 175379 0
74 34 175388 1
35 43 175453 0
108 100 175492 0
36 93 175544 0
95 57 175591 0
61 58 175602 0
76 32 175612 1
95 37 175675 1
112 96 175806 0
45 16 176042 1
77 33 176242 1
91 38 176286 1
122 86 176409 1
104 100 176417 0
100 41 176600 1
38 47 176634 0
95 59 177049 0
38 99 177106 0
42 106 177157 0
99 98 177214 0
105 83 177247 0
103 43 177325 1
40 55 177349 0
40 49 177506 0
77 50 177509 0
36 48 177692 0
37 98 177772 0
93 39 177825 1
103 102 177867 0
70 53 177918 0
69 36 177978 1
84 51 178033 0
103 65 178089 0
76 50 178159 0
90 52 178175 0
35 94 178214 0
75 34 178254 1
39 105 178298 0
94 56 178422 0
69 52 178472 0
72 52 178486 0
44 17 178587 1
99 42 178587 1
104 74 178864 0
62 58 178952 0
36 43 179040 0
40 53 179072 0
79 50 179087 0
51 16 179219 1
64 38 179288 1
104 45 179317 1
37 28 179409 0
61 39 179586 1
57 43 179723 1
36 97 179783 0
86 33 179816 1
51 13 179817 1
51 105 179886 0
40 51 180030 0
102 77 180102 0
104 69 180149 0
98 99 180173 0
107 100 180210 0
105 85 180269 0
97 35 180304 1
70 36 180304 1
98 41 180342 1
105 79 180436 0
77 51 180477 0
43 104 180609 0
65 54 180616 0
69 38 180679 1
53 26 180774 0
34 48 180791 0
41 54 180822 0
105 100 181087 0
76 51 181100 0
38 42 181121 0
38 99 181153 0
70 54 181352 0
76 50 181366 0
101 62 181472 0
39 51 181508 0
37 101 181511 0
42 106 181566 0
88 53 181638 0
59 59 181722 0
38 46 181768 0
93 37 181896 1
42 19 182049 1
65 35 182154 1
90 52 182261 0
107 49 182471 1
38 100 182486 0
78 53 182515 0
53 18 182618 1
107 102 183011 0
38 104 183111 0
81 51 183174 0
53 103 183371 0
84 51 183613 0
108 100 183644 0
73 34 183688 1
37 98 183769 0
53 16 183962 1
94 56 183963 0
89 60 184070 0
99 41 184353 1
90 36 184396 1
72 52 184545 0
65 38 184547 1
100 92 184647 1
43 16 184690 1
71 67 184755 1
91 32 184822 1
71 36 184871 1
101 90 184899 1
102 90 184949 1
91 37 184949 1
47 13 184968 1
73 35 185070 1
110 54 185319 1
81 44 185357 1
107 100 185573 0
55 1 185611 1
38 68 185692 1
104 71 185700 0
98 40 185716 1
3 58 185718 1
76 34 185874 1
109 99 185902 0
52 105 185939 0
38 47 186146 0
102 43 186272 1
84 34 186280 1
101 62 186293 0
71 34 186449 1
41 18 186483 1
56 38 186755 1
95 39 186884 1
55 14 186939 1
42 17 187007 1
7 93 187040 1
76 51 187047 0
87 32 187081 1
57 41 187175 1
60 40 187219 1
76 50 187319 0
89 36 187338 1
62 10 187453 1
48 11 187521 1
106 100 187542 0
72 35 187811 1
112 54 187862 1
78 51 187928 0
36 97 188061 0
100 100 188152 0
105 83 188182 0
39 101 188191 0
108 51 188307 1
81 50 188529 0
104 89 188650 1
48 15 188962 1
48 16 189178 1
38 100 189202 0
105 58 189224 1
100 99 189471 0
40 51 189603 0
90 52 189660 0
107 99 189864 0
15 81 189867 0
34 89 190038 0
42 106 190159 0
103 89 190213 1
64 56 190235 0
78 33 190437 1
35 94 190520 0
80 50 190523 0
84 51 190527 0
66 53 190536 0
111 97 190673 0
100 91 190718 1
73 51 190882 0
105 86 190882 1
40 19 190937 1
105 87 190986 1
39 22 190986 1
58 42 191069 1
44 106 191090 0
99 92 191094 1
91 53 191101 0
66 37 191115 1
63 56 191126 0
104 100 191318 0
63 39 191349 1
100 42 191369 1
41 20 191372 1
49 16 191398 1
115 91 191418 0
82 33 191423 1
106 83 191537 1
97 40 191538 1
37 98 191547 0
43 108 191591 0
58 96 191631 0
104 88 191642 1
78 50 191672 0
79 33 191714 1
115 89 191716 0
104 89 191790 1
101 91 191840 1
68 33 191858 1
108 102 191882 0
85 50 191935 0
41 61 191982 1
58 40 191992 1
59 95 191997 0
61 84 192010 0
59 60 192028 0
106 100 192039 0
61 57 192042 0
23 47 192054 0
83 34 192092 1
54 104 192123 0
41 52 192148 0
64 55 192170 0
96 59 192202 0
56 100 192231 0
83 33 192258 1
65 55 192380 0
76 51 192429 0
53 104 192474 0
61 85 192479 0
103 89 192494 1
48 106 192522 0
51 28 192585 0
116 82 192586 0
87 34 192609 1
115 78 192634 0
96 40 192678 1
84 33 192753 1
116 86 192809 0
107 99 192809 0
56 43 192817 1
65 37 192836 1
37 71 192871 1
54 103 192873 0
65 54 192884 0
80 33 192912 1
76 50 192935 0
42 18 192950 1
75 33 192980 1
112 96 193012 0
110 99 193022 0
101 90 193025 1
40 20 193054 1
40 62 193075 1
69 53 193092 0
69 52 193125 0
74 34 193144 1
99 95 193151 1
36 42 193158 0
37 42 193193 0
77 50 193203 0
100 61 193206 0
115 71 193218 0
53 25 193229 0
115 75 193229 0
57 97 193234 0
59 92 193271 0
114 93 193291 0
47 15 193320 1
62 39 193355 1
59 59 193359 0
43 17 193381 1
68 36 193402 1
61 58 193426 0
72 52 193442 0
35 74 193442 1
47 16 193443 1
71 35 193488 1
10 56 193497 0
51 105 193510 0
30 36 193556 0
50 106 193559 0
43 18 193578 1
77 49 193586 0
75 51 193596 0
100 90 193616 1
115 79 193641 0
85 34 193667 1
78 34 193675 1
59 41 193707 1
69 35 193708 1
60 60 193737 0
86 34 193742 1
52 27 193769 0
46 106 193802 0
50 15 193826 1
39 64 193827 1
67 36 193828 1
116 83 193832 0
97 59 193883 0
105 77 193890 1
39 21 193923 1
39 40 193923 1
39 63 193924 1
102 90 193926 1
58 94 193964 0
47 105 193967 0
81 32 193997 1
79 32 194081 1
59 42 194100 1
62 57 194145 0
42 58 194199 1
60 85 194233 0
53 26 194242 0
36 74 194248 1
60 86 194253 0
73 51 194290 0
67 37 194290 1
55 43 194304 1
49 15 194311 1
107 100 194319 0
96 38 194336 1
37 25 194388 1
58 64 194411 0
66 53 194495 0
63 38 194510 1
72 34 194514 1
85 51 194541 0
77 33 194574 1
103 83 194590 0
116 89 194607 0
53 102 194608 0
48 105 194621 0
97 65 194650 0
53 105 194670 0
97 57 194700 0
63 39 194706 1
43 106 194727 0
73 34 194746 1
39 65 194782 1
60 39 194783 1
35 75 194784 1
64 38 194882 1
35 78 194913 1
52 15 194954 1
44 15 194968 1
38 23 194971 1
100 100 194991 0
102 75 194993 0
60 90 195033 0
45 16 195076 1
104 88 195085 1
45 15 195087 1
109 99 195138 0
58 42 195162 1
89 52 195210 0
35 73 195226 1
36 44 195230 0
41 19 195238 1
5 61 195345 0
108 100 195365 0
58 62 195400 0
59 73 195442 0
58 41 195450 1
61 57 195456 0
66 37 195529 1
64 55 195535 0
99 91 195536 1
59 77 195543 0
51 15 195620 1
105 87 195640 1
41 59 195674 1
47 14 195678 1
81 81 195684 1
81 33 195685 1
38 68 195706 1
44 106 195795 0
115 88 195800 0
94 38 195815 1
59 39 195832 1
70 35 195833 1
45 106 195870 0
52 16 195914 1
73 53 195921 0
54 24 195954 0
44 16 195954 1
53 103 196015 0
61 39 196097 1
53 104 196120 0
76 34 196135 1
78 51 196141 0
57 43 196157 1
34 38 196170 0
59 60 196188 0
104 101 196190 0
90 58 196228 0
106 100 196237 0
35 88 196266 1
66 36 196270 1
100 62 196343 0
93 38 196394 1
115 77 196473 0
37 23 196487 1
58 96 196516 0
62 38 196555 1
94 56 196591 0
78 50 196634 0
85 33 196708 1
46 15 196710 1
65 54 196749 0
60 80 196781 0
59 40 196801 1
41 105 196829 0
78 32 196862 1
53 25 196868 0
59 59 196900 0
60 41 196901 1
105 86 196909 1
56 100 196926 0
69 51 196943 0
69 36 197004 1
43 17 197090 1
114 66 197095 0
39 20 197139 1
35 82 197147 1
104 89 197150 1
65 21 197213 1
65 37 197213 1
40 18 197269 1
52 105 197279 0
78 33 197370 1
60 87 197394 0
104 73 197412 1
42 18 197460 1
37 47 197473 0
79 50 197476 0
35 84 197514 1
51 28 197522 0
80 32 197534 1
48 106 197544 0
55 21 197565 0
103 90 197623 1
103 89 197626 1
42 19 197640 1
76 33 197668 1
109 45 197748 1
47 15 197760 1
46 14 197775 1
58 63 197819 0
85 50 197833 0
115 89 197856 0
40 19 197916 1
41 18 197927 1
42 16 197993 1
99 92 198028 1
73 51 198029 0
71 34 198056 1
91 36 198113 1
77 49 198140 0
59 93 198142 0
100 61 198168 0
71 52 198214 0
76 50 198291 0
68 36 198302 1
68 35 198308 1
58 94 198313 0
33 35 198348 0
50 105 198411 0
41 61 198477 1
40 20 198484 1
37 71 198515 1
63 54 198530 0
37 96 198579 0
49 15 198607 1
35 90 198655 1
36 36 198739 1
35 95 198777 0
36 29 198781 1
57 98 198834 0
89 35 198863 1
40 62 198873 1
42 58 198876 1
76 51 198883 0
69 53 198888 0
61 38 198899 1
38 22 198950 1
115 85 198959 0
40 61 198965 1
55 23 199002 0
82 49 199024 0
39 63 199033 1
82 33 199097 1
51 32 199113 0
101 90 199122 1
37 26 199125 1
62 39 199131 1
41 17 199136 1
77 50 199144 0
61 58 199154 0
111 97 199160 0
115 76 199166 0
49 107 199201 0
74 33 199240 1
42 20 199299 1
35 76 199369 1
59 41 199418 1
32 95 199435 0
46 106 199448 0
102 99 199493 0
55 102 199536 0
109 45 199547 0
60 86 199551 0
38 47 199573 0
35 86 199591 1
66 53 199605 0
40 106 199670 0
39 64 199777 1
97 39 199780 1
98 95 199780 1
46 13 199802 1
38 23 199831 1
42 17 199867 1
57 97 199903 0
54 103 199957 0
53 24 199971 0
58 65 199973 0
0 0 200010 0
