91 61 0 0
89 42 442 1
91 74 452 0
40 28 473 1
22 85 483 0
54 46 519 1
29 100 637 0
79 59 726 0
91 71 758 0
91 67 774 0
82 97 818 0
32 53 908 0
64 73 1026 0
53 42 1035 1
29 35 1054 0
95 44 1072 1
30 64 1163 0
92 43 1167 1
84 93 1280 0
23 96 1300 0
90 57 1336 0
46 31 1401 1
91 70 1435 0
36 41 1550 0
43 30 1590 1
87 103 1592 0
85 40 1645 1
83 94 1685 0
102 51 1685 1
102 50 1780 1
33 60 1787 0
105 68 1817 1
105 71 1818 1
27 99 1858 0
28 73 1912 0
104 54 1918 1
81 97 1947 0
94 44 1978 1
37 102 2052 0
91 65 2102 0
53 52 2135 1
34 39 2140 0
104 52 2159 1
91 64 2193 0
83 98 2209 0
93 43 2214 1
23 87 2216 0
53 44 2246 1
85 57 2296 0
52 37 2312 1
27 69 2367 0
89 41 2497 1
43 29 2525 1
50 34 2556 1
23 92 2568 0
97 46 2576 1
98 46 2586 1
100 48 2627 1
96 45 2635 1
84 57 2769 0
85 102 2773 0
106 72 2840 1
27 72 2885 0
106 68 2891 1
99 47 2914 1
105 86 2926 1
105 63 3023 1
35 40 3048 0
105 64 3057 1
44 29 3105 1
82 40 3126 1
35 26 3134 1
33 38 3152 0
53 39 3174 1
82 93 3234 0
105 99 3299 0
105 66 3299 1
31 63 3346 0
80 40 3410 1
31 101 3422 0
105 70 3481 1
31 53 3539 0
89 104 3578 0
104 87 3595 1
73 65 3638 0
90 74 3640 0
98 98 3676 1
54 47 3704 1
26 101 3718 0
38 101 3742 0
91 62 3813 0
29 28 3919 0
57 80 3947 1
84 103 3950 0
49 34 3976 1
105 65 3985 1
84 41 4060 1
91 69 4127 0
91 74 4152 0
24 96 4202 0
29 30 4222 0
105 55 4244 1
52 36 4252 1
24 95 4277 0
102 49 4282 1
91 66 4299 0
91 70 4418 0
24 84 4428 0
28 28 4458 0
50 33 4499 1
98 45 4522 1
34 37 4582 0
33 24 4586 1
90 57 4595 0
49 32 4609 1
61 75 4623 0
27 78 4652 0
23 86 4657 0
35 103 4665 0
91 60 4777 0
83 41 4781 1
52 38 4861 1
36 103 4866 0
38 103 4894 0
90 103 4924 0
54 40 4927 1
30 35 4951 0
51 34 4968 1
51 35 4984 1
23 88 5011 0
28 74 5019 0
33 37 5029 0
91 65 5068 0
61 52 5077 1
87 41 5179 1
35 39 5202 0
42 28 5206 1
36 24 5213 1
106 75 5235 1
54 41 5324 1
81 41 5346 1
35 41 5346 0
32 55 5348 0
22 91 5359 0
27 76 5383 0
34 24 5467 1
105 69 5523 1
106 73 5548 1
32 51 5581 0
105 62 5666 1
53 56 5668 1
104 62 5671 1
28 72 5688 0
33 102 5693 0
30 100 5695 0
33 58 5708 0
104 88 5727 1
47 33 5786 1
35 46 5803 0
28 29 5814 0
28 31 5860 0
46 32 5889 1
30 68 5905 0
28 33 6037 0
86 40 6047 1
53 57 6048 1
81 40 6142 1
21 87 6146 0
53 47 6160 1
78 41 6174 1
43 28 6174 1
92 43 6207 1
29 100 6215 0
31 64 6234 0
22 96 6249 0
33 57 6254 0
88 57 6294 0
49 33 6300 1
32 59 6375 0
91 67 6402 0
74 43 6424 1
36 43 6531 0
34 39 6591 0
36 41 6597 0
87 104 6608 0
44 30 6683 1
83 40 6688 1
91 56 6741 0
48 32 6802 1
105 58 6825 1
101 48 6826 1
53 49 6841 1
27 99 6862 0
54 56 6868 1
24 98 6871 0
79 40 6871 1
106 66 6969 1
25 101 6998 0
91 42 7054 1
35 101 7099 0
88 42 7231 1
41 28 7276 1
31 37 7297 0
104 40 7469 1
28 100 7477 0
60 53 7496 1
84 40 7522 1
91 66 7560 0
105 84 7560 1
53 36 7570 1
41 30 7576 1
101 49 7578 1
68 47 7780 1
85 41 7803 1
47 32 7806 1
91 70 7829 0
33 38 7858 0
37 26 7886 1
69 47 7894 1
35 40 7978 0
97 45 7981 1
39 26 8021 1
106 77 8082 1
47 31 8087 1
52 37 8262 1
30 35 8305 0
105 59 8333 1
29 68 8381 0
45 96 8468 1
89 42 8523 1
36 102 8535 0
54 48 8744 1
79 41 8788 1
54 42 8793 1
22 94 8822 0
0 102 8843 1
100 49 8903 1
106 70 8906 1
61 53 8939 1
27 77 9018 0
90 57 9081 0
31 59 9091 0
38 26 9108 1
99 46 9164 1
90 41 9211 1
103 51 9379 1
43 31 9454 1
36 44 9595 0
105 61 9629 1
39 27 9703 1
53 50 9747 1
94 44 9761 1
33 25 9768 1
105 85 9834 1
34 25 9878 1
54 58 9916 1
35 24 9948 1
23 95 9968 0
53 53 10046 1
98 46 10052 1
43 29 10163 1
46 94 10222 1
106 74 10342 1
93 43 10375 1
95 45 10447 1
106 78 10460 1
95 44 10497 1
91 71 10681 0
53 41 10738 1
13 85 10814 1
35 25 10898 1
54 45 10925 1
105 57 11027 1
87 40 11112 1
36 39 11161 0
53 54 11359 1
104 61 11366 1
91 43 11399 1
33 102 11411 0
91 65 11420 0
54 44 11508 1
52 55 11639 1
91 68 11661 0
26 81 11688 0
65 49 11750 1
106 71 11776 1
45 31 11880 1
76 41 12015 1
106 76 12485 1
99 47 12755 1
45 30 12795 1
53 37 12802 1
48 31 12843 1
41 29 12872 1
24 98 12886 0
47 30 12938 1
36 25 12943 1
28 100 12978 0
56 81 13013 1
91 66 13095 0
105 60 13117 1
97 46 13235 1
105 72 13315 1
91 74 13485 0
89 56 13519 0
40 27 13555 1
104 54 13573 1
100 47 13690 1
106 83 13716 1
28 98 13799 0
103 50 13849 1
91 75 14036 0
103 52 14036 1
105 75 14086 1
106 80 14132 1
59 118 14315 1
54 39 14356 1
105 64 14370 1
54 43 14385 1
104 52 14430 1
106 64 14521 1
106 67 14525 1
105 71 14562 1
85 40 14762 1
102 49 14795 1
36 44 14821 0
87 86 14861 0
22 91 14863 0
91 68 14873 0
83 101 14881 0
46 30 14905 1
39 29 14950 1
31 25 14975 1
105 68 15066 1
91 70 15169 0
87 103 15196 0
92 43 15205 1
82 58 15313 0
33 57 15316 0
27 73 15332 0
88 40 15345 1
101 48 15357 1
83 98 15414 0
84 57 15462 0
32 59 15655 0
64 72 15713 0
77 41 15752 1
91 77 15754 0
55 81 15774 1
53 45 15810 1
40 28 15813 1
88 103 15876 0
83 99 15891 0
89 79 15902 0
29 33 15913 0
33 55 15964 0
28 71 15986 0
53 44 15990 1
89 81 16123 0
87 85 16126 0
35 102 16131 0
53 55 16133 1
106 79 16240 1
85 102 16341 0
56 82 16361 1
23 92 16370 0
82 96 16443 0
49 32 16528 1
33 51 16548 0
30 35 16582 0
105 63 16635 1
50 33 16665 1
33 54 16692 0
95 101 16695 0
38 25 16717 1
53 38 16751 1
105 58 16756 1
37 25 16769 1
91 42 16771 1
91 59 16783 0
59 55 16869 1
105 53 16888 1
83 94 16888 0
103 51 16961 1
92 58 16962 0
105 65 16969 1
93 102 17012 0
107 78 17034 1
91 103 17080 0
87 41 17142 1
42 28 17197 1
53 42 17231 1
32 58 17247 0
54 40 17339 1
82 40 17358 1
89 56 17374 0
98 46 17383 1
35 39 17395 0
23 91 17419 0
51 34 17421 1
92 103 17469 0
90 56 17512 0
34 37 17513 0
106 68 17535 1
53 51 17546 1
49 33 17596 1
43 30 17598 1
44 29 17620 1
54 41 17634 1
27 75 17668 0
51 35 17684 1
91 56 17684 0
39 101 17718 0
52 38 17762 1
31 62 17792 0
48 32 17795 1
91 68 17822 0
32 63 17831 0
91 75 17839 0
93 43 17887 1
86 40 17896 1
66 49 17919 1
105 66 17951 1
98 45 17986 1
54 46 18035 1
92 42 18045 1
33 102 18051 0
95 44 18076 1
30 31 18078 0
105 55 18101 1
57 79 18109 1
30 100 18141 0
106 84 18161 1
34 39 18167 0
25 81 18211 0
23 96 18220 0
90 57 18229 0
22 94 18307 0
91 69 18319 0
96 77 18319 1
96 45 18319 1
85 39 18319 1
23 98 18333 0
37 102 18339 0
52 36 18363 1
30 66 18433 0
91 71 18437 0
24 95 18480 0
89 41 18553 1
106 77 18590 1
53 84 18634 1
45 29 18660 1
91 61 18681 0
23 87 18708 0
22 87 18744 0
52 56 18748 1
92 64 18832 0
27 79 18888 0
77 40 18969 1
83 99 18971 0
105 62 18974 1
52 37 19003 1
24 96 19069 0
32 52 19072 0
106 72 19102 1
106 75 19103 1
46 29 19115 1
50 92 19116 1
41 40 19142 1
41 28 19142 1
37 24 19184 1
23 88 19203 0
52 51 19287 1
94 44 19288 1
4 47 19347 1
33 37 19459 0
37 43 19470 0
104 51 19537 1
36 41 19550 0
88 103 19602 0
54 49 19654 1
36 24 19704 1
33 38 19804 0
28 30 19844 0
28 69 19855 0
34 53 19900 0
27 99 19915 0
91 66 19918 0
36 39 19996 0
74 64 20031 0
28 100 20051 0
82 97 20097 0
106 73 20140 1
90 56 20152 0
89 42 20226 1
31 38 20309 0
54 38 20317 1
34 26 20325 1
73 64 20336 0
85 103 20372 0
26 78 20441 0
100 101 20473 0
100 94 20473 1
99 47 20514 1
28 73 20532 0
91 65 20533 0
91 64 20737 0
30 35 20746 0
90 103 20752 0
53 58 20786 1
35 101 20787 0
101 48 20796 1
29 34 20843 0
37 23 20861 1
41 27 20873 1
36 44 20879 0
53 56 20908 1
47 31 20932 1
80 58 20966 0
29 100 20968 0
55 58 20982 1
31 67 21002 0
91 59 21018 0
23 93 21105 0
32 53 21136 0
27 74 21142 0
92 57 21153 0
52 35 21171 1
22 89 21216 0
27 98 21262 0
43 29 21269 1
39 27 21274 1
70 46 21277 1
105 83 21333 1
83 41 21343 1
103 89 21443 1
25 99 21455 0
38 101 21469 0
50 32 21474 1
37 103 21485 0
63 73 21520 0
40 26 21639 1
39 25 21702 1
89 56 21707 0
54 57 21709 1
106 66 21710 1
104 52 21721 1
86 57 21724 0
29 99 21802 0
98 96 21879 1
24 98 21908 0
39 26 21958 1
105 61 21959 1
102 49 21965 1
44 30 22055 1
30 101 22077 0
82 102 22199 0
32 57 22217 0
81 39 22230 1
33 39 22304 0
53 52 22323 1
53 57 22398 1
102 48 22564 1
53 39 22572 1
91 68 22636 0
28 98 22708 0
28 74 22834 0
65 50 22836 1
90 56 22881 0
53 37 22917 1
33 27 22994 1
93 42 23107 1
103 49 23150 1
67 48 23218 1
27 76 23222 0
97 45 23291 1
23 92 23305 0
88 102 23333 0
80 40 23372 1
54 42 23386 1
45 30 23401 1
100 47 23485 1
91 74 23499 0
22 98 23554 0
95 102 23625 0
42 29 23632 1
83 40 23641 1
31 65 23646 0
83 99 23655 0
84 101 23664 0
38 102 23685 0
92 43 23686 1
21 90 23726 0
91 62 23885 0
33 60 23909 0
23 84 23994 0
29 30 23998 0
83 98 24060 0
33 58 24063 0
99 96 24123 1
29 69 24139 0
31 34 24148 0
35 104 24168 0
35 40 24277 0
33 101 24325 0
35 48 24362 0
31 60 24364 0
28 70 24387 0
34 50 24414 0
91 67 24483 0
88 105 24490 0
27 78 24558 0
91 78 24558 0
88 103 24788 0
23 93 24795 0
105 57 24842 1
81 40 24852 1
29 67 24884 0
31 24 24894 1
83 92 24908 0
90 77 24976 0
37 26 25000 1
32 56 25038 0
65 71 25056 0
23 95 25073 0
91 75 25080 0
68 68 25082 0
35 47 25083 0
28 99 25092 0
86 88 25092 0
91 59 25130 0
32 58 25178 0
35 39 25189 0
88 82 25240 0
82 95 25268 0
27 32 25286 0
99 46 25302 1
30 34 25305 0
84 58 25322 0
90 41 25346 1
29 99 25364 0
88 84 25385 0
37 43 25413 0
55 57 25651 1
47 32 25684 1
39 102 25950 0
81 59 25960 0
54 55 26111 1
40 27 26188 1
36 45 26726 0
34 24 26769 1
92 58 26770 0
30 35 26821 0
23 86 26899 0
89 40 26933 1
91 70 27188 0
35 44 27307 0
34 101 27331 0
56 80 27428 1
48 30 27474 1
27 98 27578 0
84 101 27623 0
67 47 27710 1
91 63 27754 0
91 56 27825 0
93 43 27843 1
90 56 27925 0
105 54 28097 1
22 90 28161 0
32 24 28325 1
83 93 28349 0
25 79 28691 0
64 50 28775 1
22 92 28827 0
28 99 28829 0
105 59 28830 1
53 53 29076 1
29 72 29216 0
54 44 29391 1
33 39 29713 0
31 34 29814 0
25 82 29969 0
33 103 30061 0
54 39 30105 1
106 74 30128 1
31 36 30129 0
30 101 30147 0
34 37 30228 0
22 91 30246 0
36 102 30434 0
26 74 30473 0
33 101 30557 0
79 59 30558 0
22 94 30598 0
88 83 30790 0
87 104 30833 0
86 103 30848 0
34 101 30868 0
32 59 30873 0
33 55 30920 0
53 47 30936 1
50 42 31034 1
50 33 31034 1
30 34 31064 0
90 77 31258 0
93 104 31364 0
106 78 31435 1
23 91 31440 0
91 59 31452 0
30 35 31503 0
33 24 31514 1
85 101 31556 0
89 56 31621 0
86 57 31667 0
36 38 31789 0
54 47 31931 1
39 100 31981 0
38 24 31981 1
33 54 31995 0
27 77 32268 0
23 93 32270 0
94 43 32365 1
34 40 32444 0
49 32 32537 1
84 101 32555 0
26 82 32573 0
91 72 32593 0
48 31 32614 1
33 102 32647 0
26 80 32693 0
54 45 32744 1
28 100 33121 0
36 39 33142 0
33 57 33181 0
29 99 33298 0
63 72 33317 0
28 99 33320 0
85 102 33415 0
54 43 33442 1
31 35 33465 0
87 102 33514 0
93 103 33521 0
43 28 33779 1
22 93 34014 0
68 48 34040 1
92 64 34042 0
90 69 34053 0
49 33 34122 1
31 63 34164 0
91 77 34192 0
36 43 34370 0
29 70 34502 0
91 63 34568 0
54 56 34582 1
38 104 34693 0
36 45 34934 0
106 69 34993 1
103 50 35029 1
22 88 35075 0
51 35 35128 1
83 39 35211 1
87 40 35242 1
24 95 35299 0
31 36 35349 0
79 40 35357 1
85 101 35474 0
28 77 35532 0
34 101 35771 0
86 103 35819 0
53 38 35865 1
106 71 36211 1
106 67 36237 1
85 40 36303 1
32 60 36363 0
52 55 36364 1
42 28 36375 1
62 52 36545 1
33 100 36624 0
91 72 36647 0
30 34 36800 0
106 70 36875 1
35 102 36896 0
90 58 36898 0
91 29 36914 0
54 41 36987 1
105 64 37245 1
98 46 37350 1
78 40 37368 1
83 100 37501 0
36 25 38010 1
23 100 38253 0
35 24 38480 1
46 30 38705 1
91 58 38759 0
53 41 38837 1
44 29 38873 1
33 39 39047 0
51 33 39057 1
103 51 39133 1
33 41 39317 0
32 101 39326 0
106 64 39332 1
34 102 39433 0
106 80 39434 1
95 44 39491 1
28 72 39558 0
87 102 39587 0
31 35 39590 0
37 25 39895 1
104 50 39906 1
84 99 39946 0
51 34 39990 1
91 73 40040 0
105 84 40057 1
91 42 40117 1
99 95 40127 1
30 35 40192 0
30 33 40241 0
98 45 40280 1
97 44 40286 1
105 58 40290 1
48 32 40457 1
90 76 40530 0
105 55 40580 1
101 48 40711 1
54 50 40745 1
104 88 40859 1
88 40 40884 1
90 77 40918 0
102 49 40919 1
26 100 41002 0
91 68 41016 0
106 68 41017 1
13 85 41152 1
88 102 41155 0
86 40 41219 1
83 99 41220 0
106 83 41301 1
106 73 41376 1
92 57 41422 0
95 43 41511 1
94 103 41532 0
105 61 41550 1
104 52 41597 1
87 41 41626 1
100 46 41645 1
88 103 41661 0
84 93 41710 0
90 56 41712 0
29 28 41740 0
106 74 41767 1
92 58 41771 0
82 99 41836 0
82 40 41872 1
27 71 41872 0
53 49 41931 1
87 86 42011 0
91 41 42069 1
106 57 42106 1
91 72 42108 0
92 42 42181 1
105 53 42229 1
104 51 42230 1
53 36 42283 1
83 94 42301 0
49 31 42306 1
79 41 42330 1
54 45 42332 1
54 40 42332 1
91 56 42345 0
85 101 42401 0
84 40 42410 1
41 28 42438 1
52 36 42473 1
52 37 42520 1
31 36 42579 0
103 50 42599 1
69 47 42599 1
82 39 42612 1
101 47 42688 1
22 93 42694 0
107 78 42699 1
106 72 42706 1
84 101 42771 0
52 34 42810 1
26 80 42888 0
89 39 42921 1
107 77 42954 1
103 55 42958 1
103 51 42958 1
91 42 43003 1
33 100 43006 0
107 76 43035 1
47 30 43075 1
102 48 43093 1
47 31 43114 1
87 87 43129 0
91 103 43165 0
83 98 43178 0
78 41 43215 1
87 103 43235 0
93 43 43271 1
91 71 43293 0
107 80 43303 1
84 99 43382 0
91 58 43478 0
53 44 43519 1
32 58 43534 0
105 57 43534 1
53 37 43557 1
105 58 43576 1
104 50 43583 1
43 29 43589 1
54 36 43596 1
104 89 43603 1
107 75 43614 1
89 40 43642 1
93 102 43645 0
29 98 43653 0
103 49 43756 1
105 54 43762 1
29 27 43773 0
53 54 43784 1
30 31 43791 0
33 50 43827 0
106 66 43828 1
24 96 43847 0
83 100 43855 0
98 45 43868 1
53 55 43872 1
38 25 43894 1
105 85 44025 1
53 50 44028 1
103 90 44029 1
83 95 44045 0
89 80 44092 0
39 26 44172 1
30 100 44189 0
23 88 44210 0
31 34 44230 0
35 101 44235 0
87 102 44239 0
90 40 44265 1
106 64 44312 1
33 37 44316 0
32 64 44333 0
105 55 44341 1
86 103 44363 0
28 98 44372 0
105 86 44375 1
95 44 44379 1
54 48 44381 1
84 94 44453 0
89 41 44459 1
30 27 44465 0
92 58 44488 0
90 41 44515 1
50 32 44522 1
92 64 44564 0
41 27 44580 1
93 42 44667 1
91 69 44689 0
85 40 44710 1
47 29 44721 1
91 73 44736 0
36 39 44737 0
91 75 44740 0
45 29 44743 1
84 91 44761 0
44 72 44789 1
44 28 44790 1
54 46 44823 1
36 38 44837 0
34 49 44875 0
100 45 44881 1
53 45 44885 1
55 56 44927 1
63 51 44934 1
39 27 44942 1
43 28 45031 1
52 35 45043 1
32 63 45044 0
83 93 45072 0
105 52 45092 1
28 99 45092 0
104 40 45106 1
51 34 45137 1
33 51 45149 0
35 50 45176 0
42 27 45178 1
102 49 45235 1
86 40 45240 1
62 51 45249 1
34 53 45288 0
31 100 45309 0
48 32 45317 1
34 37 45320 0
106 80 45345 1
85 55 45379 0
54 58 45380 1
46 29 45396 1
54 37 45402 1
88 40 45468 1
30 33 45481 0
92 57 45498 0
105 59 45531 1
27 98 45534 0
68 47 45554 1
40 26 45563 1
35 25 45595 1
100 46 45626 1
95 43 45644 1
82 58 45647 0
54 42 45658 1
38 101 45677 0
53 51 45694 1
54 38 45702 1
37 43 45717 0
37 24 45724 1
90 103 45761 0
100 47 45766 1
36 44 45769 0
69 68 45795 0
100 95 45856 1
23 87 45861 0
33 101 45874 0
27 99 45880 0
81 39 45914 1
84 57 45918 0
99 46 45939 1
54 39 45940 1
91 78 45942 0
30 35 45955 0
84 39 45982 1
101 48 45991 1
51 35 46062 1
36 24 46100 1
40 27 46111 1
33 38 46112 0
32 101 46134 0
87 39 46152 1
34 101 46169 0
104 49 46216 1
79 39 46276 1
30 34 46369 0
70 67 46438 0
80 58 46469 0
85 39 46482 1
31 64 46523 0
31 35 46523 0
49 32 46528 1
34 102 46537 0
45 30 46551 1
24 83 46559 0
33 58 46591 0
106 70 46601 1
97 44 46607 1
71 65 46635 0
106 59 46639 1
88 102 46665 0
53 38 46683 1
33 34 46722 0
37 25 46722 1
74 42 46734 1
50 31 46736 1
106 74 46741 1
37 102 46799 0
29 99 46804 0
87 40 46820 1
54 40 46867 1
52 33 46907 1
53 52 46910 1
53 36 46983 1
50 33 46984 1
30 101 47025 0
33 55 47035 0
91 56 47042 0
33 100 47044 0
45 94 47051 1
27 79 47051 0
42 28 47056 1
107 79 47060 1
106 60 47061 1
88 39 47086 1
84 99 47145 0
32 60 47170 0
28 73 47186 0
33 25 47209 1
24 95 47215 0
23 91 47229 0
37 100 47241 0
47 30 47273 1
39 101 47313 0
30 68 47324 0
105 61 47338 1
106 62 47349 1
33 54 47356 0
34 23 47364 1
105 53 47395 1
72 64 47455 0
89 55 47513 0
47 31 47514 1
61 52 47561 1
96 43 47603 1
36 39 47634 0
56 56 47647 1
57 80 47657 1
54 44 47660 1
104 52 47671 1
81 40 47715 1
28 74 47729 0
53 56 47807 1
36 38 47815 0
29 33 47831 0
35 23 47835 1
106 73 47847 1
87 56 47862 0
52 37 47889 1
91 42 47948 1
51 33 47962 1
87 101 47974 0
89 81 48072 0
55 39 48102 1
83 95 48151 0
39 26 48233 1
53 57 48244 1
83 99 48288 0
91 79 48289 0
28 98 48313 0
23 94 48343 0
24 84 48376 0
29 72 48376 0
55 41 48465 1
54 51 48484 1
29 30 48526 0
92 42 48530 1
23 93 48542 0
103 50 48578 1
91 58 48586 0
83 58 48588 0
91 74 48619 0
91 63 48619 0
31 34 48637 0
31 37 48674 0
83 101 48699 0
39 25 48699 1
105 51 48701 1
33 60 48735 0
29 98 48776 0
30 26 48798 0
64 72 48842 0
52 34 48860 1
28 77 48871 0
98 46 48873 1
35 39 48898 0
26 81 48916 0
76 62 48921 0
98 98 48963 1
90 62 49054 0
25 84 49095 0
55 42 49127 1
107 73 49159 1
55 44 49162 1
31 100 49171 0
91 66 49329 0
87 87 49336 0
54 54 49337 1
85 101 49385 0
91 77 49418 0
104 51 49484 1
75 63 49515 0
85 57 49540 0
53 53 49586 1
33 37 49589 0
32 55 49680 0
88 84 49714 0
102 48 49730 1
29 26 49750 0
105 60 49783 1
29 75 49785 0
106 82 49787 1
35 101 49847 0
84 40 49871 1
24 82 49883 0
66 48 49959 1
96 101 49975 0
92 41 49992 1
41 27 50042 1
65 70 50057 0
80 59 50114 0
106 67 50227 1
48 30 50227 1
43 29 50312 1
82 40 50335 1
50 32 50367 1
31 36 50432 0
30 35 50443 0
91 73 50490 0
30 31 50605 0
79 60 50627 0
51 32 50695 1
86 57 50714 0
22 93 50717 0
89 55 50767 0
53 37 50768 1
54 55 50801 1
83 94 50859 0
30 33 50890 0
98 45 51045 1
51 34 51064 1
107 74 51070 1
91 59 51107 0
83 39 51112 1
91 41 51123 1
33 72 51250 0
33 53 51250 0
33 99 51266 0
104 40 51313 1
41 28 51373 1
31 61 51387 0
83 100 51395 0
38 24 51396 1
104 50 51450 1
103 49 51485 1
52 36 51552 1
31 101 51556 0
92 75 51579 0
99 45 51788 1
23 92 51831 0
84 104 51908 0
83 59 51918 0
83 96 51949 0
60 52 52056 1
30 35 52108 0
87 102 52181 0
92 103 52247 0
31 40 52251 0
83 98 52267 0
27 75 52279 0
49 31 52289 1
54 56 52302 1
28 32 52347 0
30 65 52378 0
24 96 52381 0
106 68 52420 1
77 41 52431 1
23 95 52444 0
36 102 52453 0
40 80 52557 0
40 25 52557 1
82 99 52573 0
28 71 52577 0
34 50 52597 0
31 67 52722 0
105 54 52817 1
34 37 52890 0
84 93 52898 0
95 101 52963 0
23 94 52995 0
33 57 53131 0
82 94 53251 0
92 64 53359 0
54 49 53425 1
25 98 53515 0
101 47 53520 1
70 66 53594 0
53 34 53662 1
32 23 53761 1
32 101 53881 0
92 58 53899 0
42 27 54129 1
105 58 54182 1
30 35 54196 0
27 78 54210 0
31 100 54353 0
34 24 54452 1
44 29 54499 1
105 55 54596 1
40 26 54632 1
91 57 54685 0
89 55 54793 0
37 24 54887 1
87 56 54973 0
23 83 54984 0
83 96 54985 0
84 99 54985 0
90 41 54990 1
92 57 55010 0
54 39 55169 1
45 29 55207 1
107 81 55273 1
95 42 55308 1
106 64 55803 1
92 40 55836 1
54 47 55880 1
55 40 55898 1
95 43 55898 1
83 95 55954 0
101 46 56000 1
85 102 56091 0
43 28 56237 1
27 31 56323 0
36 45 56390 0
28 99 56528 0
34 102 56698 0
90 68 56749 0
24 80 56797 0
79 40 56836 1
92 60 56847 0
30 66 56905 0
37 43 56936 0
94 101 57012 0
33 100 57094 0
55 43 57154 1
52 35 57315 1
30 35 57381 0
27 76 57390 0
86 39 57432 1
38 102 57444 0
90 75 57457 0
29 71 57520 0
42 28 57531 1
33 36 57739 0
106 61 57801 1
23 88 57950 0
82 96 58017 0
103 51 58088 1
27 98 58110 0
83 96 58260 0
88 103 58284 0
54 41 58386 1
84 101 58474 0
34 53 58493 0
92 62 58632 0
88 102 58635 0
33 34 58653 0
89 56 58677 0
85 55 58684 0
33 53 58704 0
90 56 58799 0
30 35 58817 0
54 38 58977 1
81 101 58981 0
32 104 59036 0
80 39 59088 1
54 53 59150 1
53 35 59158 1
30 30 59308 0
91 57 59364 0
29 99 59428 0
82 39 59479 1
28 98 59517 0
30 69 59538 0
23 94 59553 0
91 73 59553 0
49 32 59627 1
26 80 59697 0
23 90 59808 0
48 32 60028 1
72 66 60038 0
91 58 60113 0
88 56 60125 0
31 34 60254 0
26 99 60297 0
92 102 60338 1
92 60 60360 0
26 77 60413 0
36 38 60434 0
85 100 60492 0
26 76 60507 0
91 104 60547 0
107 78 60593 1
107 76 60609 1
33 54 60619 0
87 87 60635 0
92 68 60642 0
31 35 60792 0
34 36 60855 0
89 82 60861 0
91 67 60942 0
106 84 60946 1
34 101 60989 0
92 66 61063 0
90 77 61102 0
38 101 61103 0
93 42 61143 1
37 36 61148 1
25 98 61160 0
73 64 61165 0
30 35 61222 0
31 65 61250 0
30 33 61253 0
80 40 61263 1
33 36 61302 0
38 25 61352 1
32 53 61452 0
92 62 61548 0
24 98 61610 0
32 100 61615 0
91 65 61635 0
83 97 61731 0
88 87 61829 0
84 94 62088 0
29 65 62240 0
33 23 62283 1
51 35 62297 1
36 40 62329 0
40 27 62330 1
29 70 62337 0
30 34 62403 0
36 41 62503 0
106 58 62573 1
44 28 62633 1
88 40 62643 1
33 49 62666 0
28 76 62675 0
71 46 62736 1
22 93 62821 0
91 70 62823 0
92 71 62941 0
29 68 63007 0
32 60 63138 0
53 55 63262 1
91 60 63263 0
51 33 63313 1
106 55 63450 1
92 68 63474 0
31 100 63632 0
107 70 63663 1
46 29 63767 1
39 24 63776 1
102 47 63819 1
49 30 64041 1
34 36 64056 0
89 40 64122 1
92 66 64164 0
91 76 64172 0
97 44 64220 1
23 90 64253 0
53 36 64301 1
45 30 64425 1
30 35 64488 0
91 55 64575 0
52 33 64901 1
30 28 64980 0
87 58 65366 0
30 30 65511 0
87 101 65604 0
92 62 65653 0
34 58 65678 0
37 40 65769 1
37 23 65769 1
30 36 65838 0
92 60 65866 0
32 100 65923 0
89 59 66105 0
83 97 66214 0
80 59 66366 0
114 78 66430 1
107 77 66458 1
72 65 66503 0
91 57 66546 0
100 46 66619 1
33 36 66632 0
87 55 66763 0
107 75 66808 1
25 95 66976 0
85 100 67029 0
53 50 67053 1
104 40 67056 1
26 99 67097 0
98 44 67097 1
41 26 67125 1
106 57 67280 1
97 43 67294 1
105 53 67359 1
30 35 67384 0
103 48 67406 1
106 83 67446 1
86 40 67508 1
88 56 67528 0
91 55 67544 0
36 40 67546 0
92 71 67682 0
39 25 67724 1
54 84 67754 1
41 27 67789 1
92 66 67856 0
96 43 67880 1
39 26 67962 1
36 23 67962 1
55 45 68026 1
87 56 68109 0
54 40 68110 1
29 71 68119 0
89 55 68170 0
93 102 68185 0
91 56 68209 0
95 100 68433 0
86 100 68456 0
86 103 68488 0
32 54 68502 0
88 86 68627 0
89 74 68629 0
92 68 68634 0
92 70 68774 0
83 96 68781 0
87 40 68836 1
33 24 68918 1
106 62 68918 1
91 78 68996 0
107 71 69021 1
47 31 69053 1
107 63 69120 1
102 48 69147 1
45 28 69276 1
29 98 69295 0
82 98 69309 0
103 49 69311 1
70 46 69377 1
91 76 69441 0
89 82 69486 0
53 38 69489 1
33 59 69538 0
105 52 69624 1
37 25 69685 1
91 75 69698 0
31 66 69735 0
104 50 69748 1
30 35 69761 0
107 68 69850 1
107 80 69986 1
23 90 69991 0
81 39 69993 1
26 97 70019 0
92 58 70020 0
85 101 70043 0
35 38 70097 0
92 57 70152 0
91 40 70190 1
54 46 70222 1
83 93 70231 0
100 45 70288 1
52 34 70379 1
91 55 70408 0
90 40 70425 1
107 65 70432 1
92 75 70463 0
107 66 70525 1
47 30 70562 1
95 43 70582 1
39 100 70594 0
28 76 70612 0
37 100 70710 0
51 34 70906 1
84 56 70913 0
34 36 70952 0
38 23 70976 1
30 27 71030 0
33 99 71048 0
87 55 71048 0
87 102 71072 0
34 51 71177 0
85 39 71196 1
54 48 71228 1
87 39 71278 1
84 99 71296 0
92 64 71380 0
36 39 71386 0
50 31 71421 1
92 66 71453 0
47 29 71468 1
83 97 71480 0
33 55 71482 0
92 62 71599 0
55 56 71629 1
32 100 71635 0
54 37 71715 1
35 48 71726 0
91 77 71761 0
106 73 71809 1
30 35 71854 0
50 33 71866 1
29 69 71910 0
25 95 71924 0
92 70 71929 0
50 32 71946 1
26 100 71998 0
53 37 72043 1
91 42 72044 1
54 50 72209 1
38 24 72232 1
36 38 72272 0
53 51 72279 1
33 58 72297 0
51 32 72355 1
84 39 72382 1
54 36 72403 1
25 98 72408 0
106 70 72486 1
106 74 72596 1
42 27 72634 1
93 42 72646 1
92 41 72664 1
103 50 72765 1
83 95 72797 0
24 95 72829 0
26 98 72851 0
100 46 72954 1
55 83 72960 1
99 45 72969 1
54 54 72970 1
34 56 72972 0
43 29 73046 1
43 28 73072 1
55 55 73078 1
32 64 73080 0
99 96 73100 1
23 89 73124 0
105 50 73159 1
104 49 73174 1
89 54 73194 0
83 98 73227 0
69 46 73258 1
54 52 73306 1
91 41 73314 1
105 87 73318 1
106 54 73361 1
92 59 73445 0
92 71 73457 0
88 81 73521 0
55 39 73599 1
23 86 73610 0
109 68 73712 1
29 76 73786 0
36 40 73805 0
81 60 73815 0
35 38 73834 0
48 30 73854 1
106 59 73920 1
76 42 73956 1
32 36 73959 0
106 60 74052 1
69 47 74058 1
35 23 74136 1
40 26 74159 1
55 44 74198 1
107 79 74218 1
53 52 74239 1
106 61 74242 1
55 41 74257 1
58 78 74282 1
107 77 74317 1
26 97 74529 0
0 0 74579 0
34 23 74587 1
91 55 74668 0
107 67 74722 1
49 31 74802 1
84 40 74830 1
106 55 74836 1
53 53 74957 1
43 27 75060 1
34 58 75087 0
104 88 75116 1
55 42 75128 1
78 40 75131 1
30 31 75137 0
33 36 75169 0
30 35 75179 0
106 64 75275 1
100 94 75293 1
25 87 75351 0
33 59 75615 0
96 43 75617 1
80 58 75655 0
89 40 75656 1
106 56 75662 1
34 37 75700 0
67 48 75737 1
40 25 75780 1
86 100 75800 0
92 70 75847 0
105 54 75877 1
27 79 75889 0
46 94 75906 1
105 53 76001 1
92 68 76100 0
32 25 76110 1
98 45 76143 1
88 40 76192 1
23 87 76242 0
53 36 76261 1
33 52 76313 0
30 28 76355 0
54 39 76398 1
75 41 76458 1
29 72 76472 0
107 69 76533 1
29 75 76641 0
68 68 76757 0
44 28 76840 1
28 98 76899 0
23 96 76923 0
83 39 77031 1
45 29 77123 1
30 30 77185 0
107 74 77198 1
33 34 77221 0
33 100 77278 0
57 79 77279 1
31 27 77296 0
54 44 77354 1
55 82 77356 1
76 41 77411 1
34 51 77448 0
103 48 77647 1
78 39 77649 1
83 99 77729 0
35 38 77767 0
91 76 77840 0
84 56 77879 0
35 101 77945 0
105 86 77989 1
107 76 77994 1
33 60 78021 0
107 73 78040 1
55 40 78222 1
35 50 78250 0
92 59 78342 0
99 95 78413 1
30 35 78456 0
107 78 78506 1
67 47 78594 1
46 28 78627 1
87 55 78695 0
53 58 78701 1
37 24 78789 1
63 90 78818 1
51 33 78823 1
105 51 78909 1
103 49 79106 1
105 58 79131 1
84 102 79133 0
28 77 79192 0
13 121 79330 1
26 98 79372 0
41 27 79408 1
31 33 79415 0
104 50 79434 1
52 55 79470 1
91 39 79609 1
54 55 79654 1
26 97 79771 0
54 38 79804 1
37 23 79806 1
52 33 79821 1
49 30 79943 1
26 99 79953 0
82 98 79986 0
24 93 79998 0
34 56 80090 0
39 25 80271 1
101 46 80280 1
86 102 80289 0
23 89 80387 0
32 36 80586 0
30 35 80625 0
85 100 80654 0
97 44 80687 1
90 54 80690 0
103 95 80816 1
107 64 80817 1
97 43 80832 1
107 72 80966 1
24 88 80979 0
107 75 80990 1
34 36 81108 0
99 97 81257 1
89 39 81299 1
86 40 81315 1
105 52 81358 1
55 38 81449 1
93 41 81449 1
39 26 81499 1
90 102 81563 0
101 45 81656 1
53 35 81658 1
25 95 81699 0
72 45 81730 1
87 101 81757 0
83 97 81770 0
54 53 81809 1
83 96 81809 0
55 43 81858 1
92 70 81972 0
42 28 82075 1
92 66 82085 0
88 102 82088 0
23 90 82093 0
91 79 82096 0
52 34 82123 1
88 39 82142 1
84 93 82225 0
83 94 82266 0
102 47 82424 1
83 38 82479 1
105 84 82486 1
46 29 82517 1
94 101 82540 0
30 35 82541 0
86 39 82553 1
81 57 82556 0
87 86 82595 0
90 41 82595 1
29 31 82602 0
68 47 82639 1
105 72 82646 1
82 40 82713 1
104 66 82752 1
106 57 82786 1
100 46 83008 1
101 92 83037 1
100 45 83041 1
85 40 83060 1
57 44 83062 1
94 42 83124 1
106 58 83133 1
77 40 83189 1
107 81 83230 1
98 44 83250 1
23 85 83281 0
95 43 83298 1
63 50 83304 1
95 42 83374 1
24 90 83377 0
105 118 83402 1
93 61 83417 0
114 78 83429 1
53 34 83440 1
47 30 83459 1
104 105 83464 1
79 59 83501 0
54 40 83535 1
84 38 83570 1
92 65 83573 0
106 53 83574 1
93 42 83590 1
47 31 83596 1
54 49 83647 1
92 102 83662 0
53 37 83702 1
33 99 83719 0
105 53 83802 1
85 55 83854 0
90 40 83897 1
54 56 83985 1
87 39 84010 1
37 25 84052 1
51 31 84070 1
85 39 84087 1
49 29 84141 1
42 26 84190 1
32 63 84227 0
54 35 84232 1
88 86 84271 0
107 70 84277 1
106 61 84327 1
47 93 84382 1
28 72 84406 0
39 24 84465 1
28 76 84486 0
96 43 84502 1
35 38 84502 0
84 94 84574 0
54 51 84606 1
106 83 84638 1
91 55 84641 0
51 34 84650 1
50 31 84687 1
51 32 84707 1
92 41 84732 1
55 45 84772 1
63 72 84819 0
90 78 84861 0
92 57 84862 0
34 50 84891 0
92 59 84912 0
31 34 84948 0
27 77 84952 0
82 25 84960 1
82 39 84961 1
34 53 84996 0
33 37 85041 0
78 41 85055 1
106 60 85075 1
50 32 85111 1
106 55 85172 1
43 28 85190 1
31 33 85208 0
37 43 85214 0
104 50 85218 1
106 62 85224 1
54 37 85263 1
42 27 85295 1
39 101 85403 0
31 36 85407 0
89 82 85408 0
92 101 85422 0
106 80 85430 1
24 93 85449 0
92 68 85455 0
36 24 85516 1
54 36 85523 1
30 69 85554 0
30 35 85585 0
92 60 85671 0
34 49 85677 0
30 68 85691 0
37 100 85730 0
25 84 85739 0
29 98 85755 0
86 100 85769 0
89 54 85775 0
55 54 85821 1
26 82 85838 0
36 38 85854 0
92 73 85873 0
84 99 85920 0
33 53 85941 0
90 102 85969 0
32 99 85971 0
38 101 85993 0
24 88 86015 0
39 102 86016 0
29 77 86066 0
41 26 86094 1
45 28 86113 1
47 29 86146 1
28 73 86153 0
34 51 86172 0
36 100 86250 0
55 46 86262 1
60 53 86294 1
81 39 86310 1
50 30 86330 1
88 83 86332 0
104 49 86450 1
33 52 86470 0
106 59 86479 1
91 78 86490 0
92 64 86597 0
55 39 86626 1
99 45 86672 1
104 40 86694 1
88 56 86730 0
27 98 86749 0
92 75 86750 0
54 47 86788 1
79 39 86838 1
89 84 86840 0
103 48 86877 1
86 102 86910 0
53 36 86923 1
85 38 86978 1
28 74 86988 0
92 71 86991 0
47 28 86993 1
40 24 87047 1
106 52 87106 1
83 95 87107 0
102 46 87118 1
53 50 87173 1
91 41 87179 1
24 90 87246 0
97 43 87274 1
101 93 87317 1
107 62 87322 1
101 46 87390 1
48 29 87392 1
38 23 87424 1
30 99 87486 0
37 102 87528 0
56 56 87592 1
92 62 87603 0
38 24 87605 1
33 59 87608 0
48 30 87631 1
92 65 87669 0
45 27 87869 1
107 71 87887 1
106 54 87920 1
107 77 88026 1
69 67 88097 0
32 100 88119 0
107 66 88129 1
33 50 88134 0
107 61 88157 1
34 36 88163 0
33 34 88184 0
35 99 88271 0
55 41 88281 1
33 51 88289 0
44 27 88402 1
97 47 88420 1
92 58 88428 0
43 27 88515 1
103 49 88534 1
31 99 88595 0
107 63 88633 1
54 92 88705 1
92 40 88734 1
91 40 88754 1
36 40 88771 0
36 47 88910 0
32 36 88911 0
89 40 88986 1
25 82 89040 0
44 28 89083 1
82 58 89106 0
58 54 89159 1
34 24 89169 1
32 99 89172 0
26 97 89244 0
71 45 89268 1
95 101 89274 0
92 73 89292 0
34 56 89305 0
83 100 89321 0
52 33 89330 1
35 35 89331 0
65 71 89364 0
55 81 89380 1
79 40 89499 1
35 22 89500 1
104 89 89539 1
29 71 89637 0
55 48 89768 1
54 48 89778 1
55 42 89807 1
92 102 89881 0
92 74 89916 0
90 39 89989 1
41 27 90094 1
32 28 90126 0
107 74 90145 1
55 44 90182 1
52 32 90197 1
107 65 90329 1
82 38 90341 1
63 51 90366 1
23 89 90369 0
98 43 90383 1
77 41 90398 1
84 100 90400 0
107 76 90437 1
107 80 90441 1
107 82 90543 1
62 51 90550 1
40 42 90555 1
40 25 90555 1
8 37 90559 1
55 84 90578 1
30 35 90660 0
32 54 90665 0
100 95 90718 1
54 54 90727 1
49 30 90759 1
40 26 90920 1
55 40 90993 1
53 55 91121 1
92 101 91140 0
107 78 91163 1
106 56 91236 1
31 33 91295 0
24 84 91317 0
74 43 91386 1
59 53 91392 1
34 35 91460 0
61 53 91534 1
90 102 91586 0
24 90 91596 0
55 43 91613 1
25 92 91755 0
55 56 91766 1
33 57 91938 0
24 88 91994 0
87 55 92049 0
26 98 92074 0
90 54 92088 0
29 66 92128 0
36 100 92143 0
30 28 92177 0
107 79 92233 1
24 93 92506 0
25 95 92525 0
24 89 92566 0
105 50 92575 1
34 58 92586 0
34 22 92605 1
32 99 92655 0
105 51 92665 1
45 29 92674 1
84 102 92875 0
31 99 92973 0
85 100 93120 0
35 102 93136 0
54 46 93159 1
108 13 93331 1
107 75 93394 1
55 55 93396 1
35 47 93453 0
92 73 93475 0
92 65 93542 0
30 99 93579 0
105 49 93640 1
33 99 93643 0
86 102 93685 0
108 75 93729 1
105 52 93733 1
100 45 93757 1
66 74 93830 1
108 79 93837 1
111 125 93869 1
29 31 93875 0
89 55 93950 0
53 35 94100 1
107 73 94181 1
106 57 94200 1
107 68 94229 1
43 97 94364 1
45 24 94407 1
83 39 94457 1
39 25 94475 1
90 79 94555 0
44 97 94575 1
87 101 94646 0
95 42 94674 1
27 99 94696 0
45 95 94811 1
88 40 94825 1
92 74 94825 0
53 53 94902 1
93 61 94919 0
85 101 94982 0
114 78 95027 1
54 50 95072 1
52 34 95229 1
7 28 95238 1
89 39 95272 1
32 39 95302 0
30 30 95464 0
89 81 95492 0
83 96 95568 0
30 26 95602 0
103 48 95686 1
104 48 95707 1
92 67 95767 0
87 102 95804 0
103 47 95808 1
81 38 95816 1
106 55 95850 1
91 76 95860 0
93 102 95861 0
83 92 95897 0
33 36 95973 0
107 69 95986 1
84 91 96051 0
84 56 96085 0
28 98 96087 0
106 58 96121 1
107 64 96123 1
84 100 96129 0
86 100 96129 0
106 61 96129 1
104 47 96140 1
87 84 96154 0
30 27 96195 0
92 102 96202 0
108 78 96210 1
90 73 96312 0
106 60 96317 1
107 72 96323 1
91 77 96398 0
89 84 96428 0
40 102 96432 0
101 46 96439 1
39 100 96471 0
53 34 96509 1
29 76 96544 0
51 32 96546 1
39 23 96575 1
90 71 96597 0
24 83 96603 0
97 43 96623 1
96 43 96644 1
24 89 96651 0
31 67 96658 0
84 94 96666 0
29 75 96670 0
46 29 96686 1
84 93 96758 0
92 70 96768 0
89 54 96801 0
75 64 96806 0
81 96 96819 0
91 79 96848 0
33 54 96870 0
23 91 96901 0
25 91 96912 0
36 36 96934 0
30 100 96952 0
29 28 96990 0
32 101 97000 0
28 101 97007 0
30 37 97019 0
92 41 97032 1
50 29 97088 1
85 90 97109 0
88 39 97111 1
95 100 97116 0
92 59 97139 0
34 35 97176 0
88 102 97188 0
88 84 97291 0
30 31 97324 0
93 71 97335 0
32 35 97404 0
93 42 97429 1
27 29 97454 0
32 99 97458 0
34 53 97461 0
85 89 97480 0
51 33 97480 1
92 101 97495 0
93 41 97500 1
106 59 97505 1
47 30 97548 1
100 46 97594 1
65 72 97596 0
23 93 97631 0
31 63 97634 0
88 87 97638 0
62 73 97655 0
26 81 97908 0
100 45 97909 1
90 54 97937 0
25 87 97964 0
53 37 97983 1
86 38 97984 1
29 98 98022 0
90 102 98074 0
92 73 98076 0
42 26 98095 1
93 70 98123 0
51 31 98230 1
46 28 98249 1
42 27 98278 1
54 36 98285 1
37 23 98297 1
58 79 98308 1
56 39 98404 1
65 50 98432 1
90 40 98479 1
36 101 98528 0
24 90 98539 0
84 92 98560 0
55 49 98649 1
55 39 98662 1
90 78 98688 0
43 27 98705 1
50 31 98729 1
53 36 98754 1
31 99 98773 0
104 50 98800 1
31 64 98818 0
30 33 98836 0
37 37 98855 0
85 99 98886 0
50 32 98933 1
29 72 98953 0
82 98 98975 0
102 46 98990 1
29 100 99002 0
37 42 99026 0
34 36 99028 0
92 40 99145 1
39 24 99192 1
55 36 99199 1
31 32 99240 0
27 26 99274 0
87 39 99294 1
108 64 99342 1
30 63 99345 0
34 39 99351 0
94 101 99367 0
81 57 99379 0
42 100 99386 0
83 103 99389 0
33 99 99412 0
36 38 99426 0
33 34 99438 0
37 100 99460 0
31 66 99464 0
106 54 99485 1
107 77 99502 1
31 25 99522 0
43 28 99602 1
92 67 99631 0
106 86 99670 1
54 53 99686 1
55 47 99687 1
27 78 99697 0
108 76 99893 1
92 74 99913 0
38 101 99933 0
92 75 99943 0
105 53 99948 1
55 38 99958 1
35 35 99975 0
72 64 100022 0
32 63 100034 0
30 98 100047 0
24 89 100064 0
31 33 100116 0
21 93 100134 0
88 38 100174 1
107 70 100175 1
35 99 100241 0
35 48 100261 0
85 39 100273 1
29 70 100377 0
52 33 100401 1
31 102 100419 0
34 51 100523 0
34 57 100558 0
38 42 100676 0
55 37 100688 1
100 44 100750 1
37 24 100796 1
36 36 100847 0
83 38 100910 1
87 85 100911 0
84 98 100946 0
107 67 100947 1
84 38 100955 1
45 28 100974 1
79 38 101024 1
25 92 101078 0
30 99 101092 0
87 87 101123 0
101 45 101163 1
92 66 101168 0
25 84 101179 0
54 52 101192 1
38 23 101226 1
89 40 101230 1
34 56 101237 0
35 37 101261 1
74 64 101276 0
104 49 101373 1
54 37 101395 1
95 42 101400 1
36 100 101417 0
39 26 101450 1
91 55 101543 0
47 29 101571 1
40 24 101586 1
106 84 101662 1
89 83 101705 0
52 31 101791 1
44 27 101882 1
85 99 101893 0
104 40 101899 1
106 53 101945 1
56 38 101970 1
27 72 101998 0
106 57 102077 1
55 45 102201 1
84 100 102237 0
55 41 102299 1
34 23 102342 1
89 102 102462 0
54 49 102485 1
56 44 102549 1
35 23 102580 1
64 50 102584 1
49 29 102594 1
83 95 102621 0
65 49 102636 1
35 38 102691 0
64 72 102695 0
91 40 102769 1
107 71 102779 1
48 30 102812 1
50 30 102830 1
107 78 102874 1
55 50 102883 1
41 101 102913 0
90 79 103038 0
31 32 103092 0
105 51 103117 1
40 25 103124 1
107 75 103139 1
24 88 103148 0
107 74 103183 1
36 42 103201 0
30 69 103224 0
94 41 103246 1
32 35 103375 0
33 101 103462 0
35 50 103484 0
107 76 103539 1
30 98 103539 0
53 33 103546 1
32 64 103567 0
106 50 103620 1
89 38 103691 1
106 51 103692 1
88 55 103697 0
108 72 103845 1
84 39 103894 1
41 26 103924 1
55 44 103924 1
91 54 104191 0
92 67 104234 0
32 102 104268 0
82 57 104357 0
34 50 104404 0
84 98 104420 0
93 61 104422 0
44 28 104435 1
106 56 104503 1
32 38 104524 0
54 35 104564 1
38 42 104568 0
105 50 104648 1
103 48 104755 1
88 82 104762 0
31 27 104832 0
55 40 104877 1
83 97 104890 0
56 42 104910 1
49 30 104945 1
41 27 105025 1
37 42 105027 0
107 60 105102 1
41 25 105114 1
38 40 105119 0
77 60 105288 0
92 65 105373 0
80 39 105468 1
36 101 105524 0
101 46 105545 1
88 86 105745 0
36 22 105794 1
32 59 105893 0
34 37 106007 0
24 89 106025 0
48 29 106149 1
34 35 106157 0
92 102 106236 0
35 101 106349 0
106 52 106361 1
74 63 106421 0
93 60 106424 0
23 94 106444 0
24 93 106515 0
34 57 106558 0
107 63 106576 1
36 23 106586 1
31 98 106611 0
97 43 106644 1
98 43 106680 1
106 83 106726 1
106 55 106784 1
38 24 106849 1
88 80 106949 0
86 102 106951 0
107 83 106955 1
107 62 107048 1
85 56 107080 0
45 27 107107 1
54 51 107164 1
106 60 107193 1
108 66 107250 1
52 32 107256 1
91 78 107323 0
107 73 107391 1
33 60 107445 0
55 42 107527 1
85 99 107598 0
35 36 107640 0
107 81 107672 1
40 23 107683 1
89 102 107690 0
107 66 107715 1
84 98 107728 0
96 42 107790 1
91 54 107806 0
85 38 107851 1
81 39 107952 1
105 86 107972 1
30 98 107985 0
85 55 107993 0
56 43 108065 1
55 53 108097 1
89 39 108098 1
100 45 108128 1
103 47 108130 1
69 46 108141 1
93 70 108176 0
107 80 108176 1
87 101 108211 0
86 100 108277 0
90 70 108290 0
53 34 108318 1
107 57 108328 1
89 83 108338 0
31 32 108362 0
53 35 108362 1
84 57 108384 0
106 59 108439 1
105 52 108471 1
107 65 108527 1
72 44 108589 1
38 40 108618 0
105 87 108727 1
108 74 108731 1
25 95 108775 0
84 92 108800 0
28 77 108802 0
29 77 108882 0
89 101 108918 0
93 40 108933 1
51 32 108988 1
93 71 109045 0
39 101 109050 0
56 81 109078 1
52 34 109088 1
92 101 109147 0
99 43 109274 1
89 82 109292 0
93 39 109339 1
108 70 109451 1
106 54 109495 1
70 46 109499 1
104 48 109501 1
101 44 109523 1
37 22 109533 1
107 64 109536 1
107 72 109565 1
99 96 109615 1
32 35 109655 0
88 39 109658 1
80 38 109682 1
108 71 109692 1
89 103 109700 0
97 43 109708 1
107 79 109731 1
46 29 109733 1
55 43 109745 1
93 60 109759 0
68 46 109811 1
90 39 109830 1
104 40 109880 1
54 36 109889 1
42 26 109901 1
64 49 109928 1
37 25 110035 1
87 38 110051 1
102 46 110076 1
47 30 110091 1
44 26 110093 1
53 50 110152 1
47 28 110180 1
91 39 110241 1
88 55 110283 0
31 98 110291 0
41 99 110340 0
92 41 110343 1
89 54 110387 0
25 91 110415 0
37 37 110489 0
43 27 110503 1
46 27 110520 1
92 40 110522 1
76 40 110576 1
90 54 110607 0
95 42 110629 1
107 70 110636 1
97 42 110636 1
57 45 110655 1
57 37 110692 1
107 68 110709 1
105 49 110710 1
46 28 110713 1
87 39 110768 1
37 99 110798 0
33 52 110885 0
32 99 110992 0
39 42 111044 0
107 61 111068 1
93 41 111084 1
55 54 111086 1
106 61 111087 1
92 63 111097 0
51 31 111123 1
82 38 111180 1
37 42 111191 0
36 36 111220 0
57 55 111224 1
89 73 111239 0
101 46 111256 1
34 58 111301 0
106 58 111336 1
47 27 111385 1
28 36 111417 0
38 42 111428 0
51 30 111465 1
55 52 111488 1
89 84 111497 0
27 79 111541 0
29 76 111585 0
35 36 111652 0
29 75 111682 0
85 100 111691 0
55 46 111720 1
84 98 111737 0
62 52 111756 1
30 71 111781 0
80 58 111926 0
26 97 111929 0
56 40 111993 1
84 94 112011 0
37 101 112028 0
24 97 112028 0
25 87 112082 0
35 99 112093 0
25 81 112169 0
55 39 112211 1
65 70 112226 0
108 75 112240 1
39 24 112257 1
38 40 112288 0
106 57 112309 1
55 55 112336 1
73 113 112343 1
29 96 112368 0
100 44 112393 1
89 101 112413 0
54 55 112422 1
34 36 112423 0
101 45 112456 1
107 71 112463 1
56 54 112464 1
89 102 112478 0
87 55 112542 0
25 92 112548 0
31 26 112553 0
35 35 112579 0
33 34 112580 0
52 33 112584 1
29 30 112594 0
53 36 112653 1
86 39 112663 1
93 61 112666 0
91 54 112667 0
39 100 112698 0
55 51 112699 1
87 57 112772 0
92 67 112773 0
42 25 112804 1
33 35 112877 0
24 85 112939 0
90 40 112952 1
33 99 112967 0
78 60 112972 0
37 23 112977 1
31 65 113013 0
78 40 113020 1
54 34 113023 1
108 81 113143 1
81 38 113165 1
30 29 113181 0
82 57 113279 0
107 69 113297 1
90 102 113313 0
44 27 113381 1
34 53 113386 0
38 23 113445 1
32 98 113454 0
39 23 113461 1
107 56 113468 1
108 80 113475 1
90 80 113509 0
32 27 113676 0
57 41 113676 1
96 99 113720 0
32 28 113863 0
25 94 113895 0
40 25 113919 1
94 41 113932 1
104 47 113952 1
38 22 114002 1
92 73 114041 0
43 28 114101 1
56 41 114196 1
102 45 114197 1
54 50 114269 1
53 32 114283 1
84 93 114336 0
58 78 114349 1
83 38 114443 1
84 100 114546 0
31 98 114551 0
108 62 114552 1
31 34 114568 0
24 95 114571 0
32 57 114593 0
30 28 114615 0
92 74 114635 0
105 50 114635 1
54 40 114636 1
29 71 114731 0
105 48 114768 1
93 64 114818 0
85 39 114834 1
39 25 114892 1
53 34 114929 1
84 38 114938 1
55 37 114971 1
33 23 115008 1
54 54 115041 1
114 78 115044 1
24 90 115234 0
108 77 115314 1
85 56 115327 0
29 73 115383 0
85 99 115436 0
90 79 115450 0
35 22 115451 1
93 60 115479 0
84 99 115493 0
107 63 115509 1
2 59 115526 1
32 61 115569 0
54 53 115576 1
37 37 115590 0
28 76 115639 0
93 70 115784 0
35 36 115806 0
50 30 115868 1
61 52 115904 1
106 72 115921 0
106 55 115921 1
94 102 115964 0
31 32 115989 0
34 57 116016 0
108 68 116070 1
33 22 116175 1
113 17 116188 1
41 24 116237 1
55 44 116251 1
96 42 116252 1
30 98 116307 0
32 98 116376 0
55 38 116386 1
100 96 116391 1
84 97 116431 0
40 24 116448 1
106 52 116452 1
34 49 116470 0
45 25 116538 1
31 68 116709 0
52 31 116711 1
54 48 116712 1
39 22 116763 1
56 82 116806 1
49 28 116821 1
47 29 116836 1
34 55 116837 0
45 27 116919 1
89 101 116932 0
107 53 116937 1
107 62 116951 1
88 38 117094 1
51 32 117098 1
27 96 117150 0
48 92 117157 1
89 83 117167 0
33 35 117210 0
89 39 117252 1
49 30 117347 1
84 98 117415 0
49 29 117415 1
108 76 117453 1
55 56 117477 1
32 65 117612 0
45 28 117827 1
108 67 117847 1
52 32 117868 1
55 41 117880 1
34 99 117887 0
107 74 117897 1
55 83 117918 1
54 35 117949 1
69 47 118013 1
57 80 118053 1
55 48 118082 1
34 100 118098 0
103 46 118098 1
37 100 118099 0
48 28 118149 1
38 40 118176 0
100 45 118187 1
55 36 118289 1
33 59 118318 0
32 35 118366 0
91 40 118458 1
93 64 118466 0
25 94 118706 0
9 115 118743 1
56 56 118815 1
50 29 118900 1
29 69 119007 0
107 73 119040 1
24 89 119082 0
55 45 119121 1
41 100 119136 1
31 56 119167 0
30 68 119221 0
33 48 119245 0
28 102 119315 0
32 36 119329 0
34 35 119393 0
35 105 119407 0
92 68 119506 0
7 28 119542 0
42 26 119542 1
71 67 119559 0
92 63 119597 0
36 100 119631 0
32 98 119643 0
26 72 119690 0
106 51 119716 1
30 29 119740 0
89 102 119793 0
79 46 119829 1
31 33 119886 0
37 101 119914 0
107 66 119985 1
43 27 120043 1
93 68 120154 0
103 47 120262 1
92 76 120428 0
31 30 120431 0
107 77 120447 1
106 60 120471 1
102 46 120490 1
50 27 120498 1
86 38 120541 1
84 97 120563 0
34 59 120607 0
88 55 120609 0
85 38 120636 1
108 78 120652 1
48 30 120658 1
87 56 120702 0
102 92 120821 1
27 96 120858 0
89 40 120897 1
36 101 120940 0
93 56 120948 0
54 36 120958 1
94 101 121032 0
34 99 121053 0
92 40 121058 1
31 29 121133 0
107 82 121146 1
34 55 121294 0
79 39 121381 1
106 59 121579 1
95 42 121623 1
33 35 121631 0
93 71 121640 0
24 91 121672 0
86 100 121705 0
33 55 121711 0
95 41 121750 1
73 65 121791 0
107 64 121869 1
84 56 121873 0
93 67 121874 0
108 63 121904 1
51 31 121931 1
107 72 121999 1
97 43 122009 1
70 67 122012 0
35 51 122054 0
74 63 122101 0
84 90 122177 0
36 36 122205 0
25 97 122206 0
91 79 122285 0
108 79 122294 1
100 94 122315 1
41 25 122329 1
108 74 122345 1
34 51 122422 0
107 70 122445 1
92 75 122449 0
95 100 122469 0
107 59 122488 1
88 39 122560 1
107 78 122631 1
55 49 122631 1
98 42 122681 1
92 101 122686 0
93 64 122702 0
99 43 122718 1
101 45 122739 1
29 73 122785 0
83 94 122850 0
93 68 122870 0
98 43 122925 1
107 65 122943 1
107 71 123036 1
25 91 123048 0
38 101 123076 0
94 41 123102 1
37 40 123110 0
94 59 123134 0
46 28 123150 1
70 66 123164 0
93 40 123233 1
32 37 123250 0
100 44 123266 1
95 101 123283 0
99 42 123392 1
32 38 123421 0
105 49 123436 1
56 39 123442 1
90 53 123478 0
100 43 123484 1
87 39 123513 1
90 39 123535 1
37 99 123568 0
108 69 123588 1
56 38 123630 1
93 56 123683 0
54 49 123683 1
107 55 123733 1
107 75 123766 1
97 42 123774 1
34 99 123798 0
93 70 123798 0
24 85 123872 0
85 55 123873 0
34 100 123922 0
92 61 123956 0
106 50 124006 1
91 39 124063 1
104 40 124071 1
107 60 124079 1
53 33 124084 1
30 71 124095 0
70 45 124121 1
107 61 124150 1
47 28 124155 1
93 67 124196 0
29 72 124199 0
106 54 124275 1
84 97 124321 0
89 38 124328 1
71 45 124337 1
92 76 124363 0
25 84 124386 0
38 42 124407 0
35 99 124434 0
90 54 124451 0
104 47 124505 1
75 63 124512 0
57 54 124521 1
34 61 124546 0
73 113 124554 0
102 46 124566 1
31 98 124597 0
35 35 124604 0
25 92 124626 0
39 42 124638 0
91 54 124660 0
94 40 124735 1
54 33 124755 1
92 39 124756 1
107 46 124800 1
45 26 124859 1
31 30 124898 0
89 103 124939 0
31 67 124974 0
26 82 125006 0
27 96 125012 0
108 75 125022 1
34 55 125029 0
96 42 125044 1
55 39 125053 1
32 98 125054 0
89 101 125062 0
89 54 125172 0
87 38 125240 1
105 47 125249 1
44 26 125250 1
37 42 125282 0
55 43 125317 1
34 56 125336 0
82 38 125346 1
107 63 125385 1
92 40 125408 1
35 36 125437 0
55 47 125444 1
43 26 125473 1
46 29 125512 1
84 92 125542 0
47 24 125570 1
29 75 125574 0
28 99 125595 0
107 80 125603 1
93 54 125612 0
85 36 125618 1
93 61 125632 0
105 50 125670 1
93 57 125690 0
107 81 125805 1
39 24 125816 1
31 31 125827 0
69 67 125840 0
33 34 125882 0
103 48 125913 1
37 37 125915 0
31 29 125920 0
32 65 125922 0
25 87 125932 0
25 94 125970 0
55 42 126045 1
29 96 126046 0
35 50 126058 0
56 44 126072 1
85 91 126077 0
106 51 126129 1
33 30 126131 0
53 34 126144 1
107 62 126177 1
40 24 126242 1
93 68 126252 0
33 58 126298 0
90 80 126298 0
40 23 126313 1
44 27 126394 1
23 92 126437 0
77 61 126453 0
40 25 126454 1
34 99 126465 0
84 94 126510 0
42 25 126513 1
37 22 126525 1
56 37 126635 1
84 37 126674 1
36 47 126707 0
38 23 126723 1
90 65 126930 0
89 37 126951 1
103 47 127000 1
24 91 127016 0
76 62 127064 0
35 51 127100 0
36 36 127123 0
24 96 127128 0
93 67 127139 0
33 35 127161 0
85 56 127401 0
89 39 127420 1
63 50 127463 1
36 21 127464 1
56 51 127474 1
34 58 127542 0
52 30 127545 1
77 40 127568 1
107 54 127692 1
34 54 127710 0
24 97 127719 0
107 68 127768 1
106 52 127895 1
30 29 127924 0
104 46 127967 1
107 58 128018 1
96 100 128033 0
54 34 128035 1
56 43 128055 1
55 52 128188 1
51 30 128213 1
56 40 128218 1
39 23 128226 1
76 42 128282 1
45 27 128290 1
87 101 128295 0
29 98 128354 0
85 99 128379 0
25 95 128383 0
34 22 128415 1
106 83 128428 1
100 95 128530 1
33 33 128531 0
94 58 128534 0
108 64 128535 1
93 56 128539 0
34 53 128541 0
54 36 128596 1
50 30 128605 1
56 45 128620 1
35 37 128626 0
101 93 128634 1
68 47 128648 1
108 72 128655 1
29 76 128659 0
49 27 128707 1
99 43 128788 1
93 57 128792 0
25 88 128813 0
56 90 128829 1
24 92 128831 0
102 45 128848 1
91 38 128887 1
77 41 128923 1
31 27 128951 0
34 59 129094 0
91 64 129104 0
93 55 129153 0
33 97 129158 0
78 39 129225 1
67 47 129258 1
56 42 129262 1
95 41 129361 1
49 30 129382 1
31 30 129400 0
55 51 129410 1
34 55 129426 0
52 31 129457 1
55 35 129479 1
36 99 129500 0
55 53 129561 1
38 22 129574 1
90 38 129582 1
101 46 129587 1
108 73 129590 1
101 92 129674 1
29 77 129706 0
53 32 129741 1
94 41 129829 1
105 88 129857 1
25 82 129863 0
51 99 129882 1
36 22 129893 1
30 30 129939 0
56 53 129946 1
46 27 130173 1
81 39 130222 1
37 40 130298 0
30 69 130314 0
88 38 130318 1
26 84 130328 0
93 58 130348 0
32 61 130366 0
55 54 130376 1
73 43 130393 1
101 44 130394 1
34 24 130397 1
105 48 130445 1
92 69 130568 0
84 38 130612 1
35 100 130639 0
41 24 130662 1
108 66 130703 1
96 41 130715 1
51 32 130771 1
97 41 130863 1
31 31 130896 0
34 99 130902 0
31 29 131048 0
84 97 131073 0
34 23 131135 1
27 96 131243 0
83 37 131247 1
49 29 131279 1
37 23 131296 1
57 43 131308 1
54 35 131416 1
108 76 131463 1
93 71 131480 0
103 89 131531 1
100 44 131532 1
31 28 131665 0
81 94 131688 0
83 38 131809 1
55 36 131824 1
55 37 131915 1
30 67 131976 0
50 28 131987 1
39 16 131990 1
51 29 131990 1
55 34 131993 1
90 101 132066 0
34 54 132116 0
99 95 132132 1
85 39 132238 1
92 76 132489 0
93 57 132509 0
66 53 132513 1
47 30 132529 1
93 55 132539 0
51 31 132556 1
30 66 132610 0
89 100 132716 0
56 41 132776 1
33 33 132801 0
24 91 132940 0
34 100 132985 0
47 97 133015 1
47 27 133107 1
25 88 133179 0
93 60 133212 0
36 99 133313 0
26 95 133508 0
45 97 133576 1
56 90 133635 0
107 66 133645 1
25 97 133727 0
5 108 133809 1
26 80 133850 0
93 58 133857 0
93 64 133869 0
86 101 133941 0
89 84 133969 0
84 98 134065 0
31 25 134150 0
55 55 134649 1
90 55 134703 0
55 50 134753 1
30 25 134927 0
50 29 135093 1
87 99 135209 0
106 57 135297 1
38 100 135331 0
93 67 135355 0
35 37 135384 0
51 104 135387 1
69 45 135391 1
89 83 135520 0
36 42 135524 0
32 98 135550 0
90 101 135711 0
64 71 135824 0
25 96 135838 0
108 70 136086 1
35 100 136096 0
92 61 136131 0
46 28 136245 1
24 92 136258 0
25 89 136301 0
42 26 136321 1
88 85 136608 0
85 38 136635 1
112 43 136692 1
29 73 136699 0
31 31 136714 0
101 45 136758 1
89 100 136901 0
52 32 136915 1
85 43 136933 1
105 49 136972 1
82 57 136974 0
108 71 137015 1
64 50 137042 1
44 26 137137 1
28 97 137225 0
54 53 137325 1
26 95 137478 0
32 28 137488 0
93 58 137542 0
94 102 137543 0
93 57 137652 0
31 32 137728 0
25 91 137790 0
84 96 137854 0
104 47 137899 1
86 40 137939 1
92 63 138161 0
85 91 138174 0
39 21 138183 1
38 8 138285 1
103 46 138384 1
31 30 138504 0
34 54 138532 0
109 79 138719 1
37 39 138733 0
34 55 138838 0
33 60 138838 0
34 98 138855 0
35 35 138926 0
47 25 138934 1
48 28 138955 1
93 55 138955 0
80 38 138975 1
29 99 139144 0
28 79 139148 0
105 71 139148 1
81 57 139406 0
37 99 139414 0
92 69 139503 0
37 40 139611 0
33 63 139617 0
33 33 139619 0
35 23 139677 1
86 55 139694 0
90 101 139711 0
87 99 139786 0
56 54 139850 1
87 36 139871 1
51 53 140027 1
104 40 140066 1
69 46 140096 1
73 64 140191 0
106 49 140212 1
107 57 140236 1
93 68 140253 0
8 53 140319 1
30 32 140359 0
25 89 140441 0
55 40 140465 1
77 39 140558 1
25 92 140717 0
56 84 140839 1
93 70 140840 0
38 40 141022 0
67 48 141147 1
103 45 141154 1
106 86 141155 1
38 100 141185 0
108 74 141252 1
102 44 141316 1
106 55 141343 1
83 57 141346 0
87 37 141378 1
35 53 141457 0
47 94 141616 1
47 28 141623 1
35 100 141657 0
37 100 141662 0
108 65 141664 1
97 42 141676 1
55 44 141920 1
41 25 141928 1
31 28 141955 0
30 102 142083 0
29 32 142148 0
56 39 142151 1
34 98 142243 0
26 95 142309 0
25 88 142340 0
28 97 142362 0
84 96 142623 0
35 37 142682 0
100 43 142718 1
31 29 142824 0
35 99 142890 0
55 45 142924 1
56 36 142990 1
37 21 143031 1
86 101 143082 0
7 38 143105 1
39 100 143141 0
92 72 143239 0
105 86 143253 1
105 87 143337 1
81 38 143337 1
108 51 143429 1
107 70 143510 1
32 37 143512 0
107 61 143706 1
47 93 143820 1
93 50 143881 1
29 86 143919 1
37 101 143923 0
102 46 144020 1
13 85 144042 0
25 96 144057 0
24 92 144100 0
85 98 144175 0
45 27 144185 1
53 30 144413 1
108 61 144581 1
49 28 144723 1
33 35 144768 0
56 48 144847 1
92 40 145037 1
109 82 145189 1
36 99 145326 0
24 91 145388 0
90 53 145390 0
102 43 145525 1
34 101 145545 0
24 88 145790 0
53 34 145802 1
35 58 145867 0
40 22 145919 1
35 51 145949 0
37 39 146028 0
31 69 146052 0
107 60 146182 1
96 42 146185 1
107 72 146323 1
86 99 146362 0
93 54 146404 0
34 36 146428 0
90 39 146556 1
92 101 146572 0
93 58 146578 0
31 99 146587 0
94 59 146707 0
90 101 146715 0
108 78 146733 1
84 102 146807 0
93 40 146880 1
88 39 146979 1
31 71 146986 0
108 75 146998 1
93 56 147026 0
30 29 147054 0
84 93 147076 0
34 35 147152 0
95 99 147299 0
106 51 147306 1
35 48 147318 0
35 45 147359 0
87 100 147423 0
107 62 147456 1
32 66 147464 0
107 59 147518 1
108 68 147560 1
107 64 147590 1
90 55 147616 0
86 55 147617 0
107 71 147628 1
98 42 147648 1
87 38 147662 1
106 50 147663 1
31 68 147663 0
31 31 147669 0
82 56 147724 0
91 77 147748 0
99 43 147759 1
44 27 147797 1
107 63 147797 1
30 67 147822 0
94 58 147845 0
85 90 147950 0
39 39 147966 0
29 29 147969 0
35 41 147970 0
89 100 148000 0
23 82 148008 0
91 39 148029 1
91 78 148039 0
34 98 148048 0
92 71 148124 0
89 39 148165 1
107 83 148245 1
95 40 148264 1
96 99 148266 0
106 48 148300 1
29 31 148323 0
107 56 148475 1
107 53 148524 1
93 71 148556 0
33 77 148584 1
88 86 148594 0
25 89 148610 0
90 78 148657 0
33 84 148681 1
93 57 148682 0
84 95 148709 0
85 98 148713 0
56 38 148722 1
92 69 148742 0
88 87 148809 0
105 48 148826 1
95 41 148864 1
26 89 148897 0
35 53 148901 0
30 97 148903 0
89 38 148923 1
93 55 148935 0
93 67 148979 0
88 100 148982 0
87 99 148984 0
102 45 148997 1
100 44 149030 1
42 25 149034 1
107 55 149038 1
93 70 149135 0
31 26 149138 0
108 67 149150 1
38 100 149155 0
25 87 149188 0
88 85 149213 0
28 97 149217 0
96 41 149242 1
39 101 149246 0
97 42 149331 1
84 96 149343 0
33 30 149360 0
101 44 149361 1
93 61 149380 0
108 80 149380 1
92 39 149430 1
93 66 149455 0
89 102 149471 0
94 40 149496 1
35 57 149515 0
37 37 149589 0
48 27 149589 1
55 39 149590 1
108 79 149616 1
91 56 149637 0
104 47 149659 1
89 101 149697 0
53 33 149728 1
104 46 149791 1
93 40 149809 1
32 103 149823 0
44 46 149826 1
1 42 149844 0
39 42 149845 0
24 85 149969 0
96 101 149977 0
107 61 149995 1
86 100 149999 0
86 99 150013 0
54 50 150023 1
22 94 150030 0
94 59 150043 0
84 91 150048 0
93 54 150059 0
87 39 150069 1
33 97 150107 0
108 74 150116 1
54 49 150135 1
95 100 150178 0
92 76 150198 0
52 31 150203 1
40 24 150246 1
23 85 150246 0
106 51 150246 1
65 50 150370 1
107 84 150383 1
56 49 150409 1
108 63 150465 1
86 37 150469 1
54 32 150472 1
97 100 150491 0
29 96 150529 0
34 99 150549 0
36 36 150551 0
27 82 150553 0
92 40 150591 1
25 84 150620 0
65 71 150630 0
90 103 150682 0
91 79 150689 0
108 62 150690 1
99 43 150692 1
99 42 150706 1
32 27 150707 0
41 99 150751 0
93 68 150765 0
35 36 150768 0
31 66 150777 0
30 32 150789 0
26 95 150803 0
39 24 150811 1
39 22 150820 1
108 72 150836 1
82 38 150836 1
93 64 150837 0
106 49 150847 1
81 102 150882 0
33 34 150900 0
33 27 150909 0
88 38 150932 1
26 81 150951 0
87 100 150958 0
31 41 150990 0
25 94 150995 0
83 93 151017 0
59 77 151028 1
108 64 151040 1
84 97 151052 0
89 54 151061 0
54 34 151069 1
90 53 151090 0
51 30 151098 1
107 58 151098 1
108 69 151118 1
105 49 151123 1
56 44 151124 1
94 58 151145 0
88 37 151148 1
92 72 151171 0
38 21 151191 1
53 32 151231 1
93 39 151275 1
90 37 151299 1
69 68 151315 0
40 25 151346 1
81 37 151373 1
40 23 151396 1
91 39 151398 1
100 43 151420 1
42 24 151468 1
55 49 151480 1
53 31 151484 1
98 42 151548 1
90 101 151549 0
45 26 151596 1
41 23 151607 1
94 67 151644 0
103 45 151655 1
96 41 151661 1
55 48 151669 1
55 36 151695 1
94 65 151711 0
34 54 151735 0
39 39 151760 0
108 81 151766 1
30 71 151787 0
44 25 151793 1
109 74 151794 1
38 23 151795 1
52 29 151819 1
41 24 151834 1
107 62 151857 1
65 49 151935 1
84 38 151948 1
72 44 151951 1
47 26 151952 1
89 100 151953 0
108 70 151967 1
34 60 151979 0
88 100 151979 0
101 43 151982 1
71 65 152013 0
55 35 152021 1
101 45 152022 1
56 37 152066 1
56 40 152089 1
34 98 152134 0
57 55 152153 1
56 52 152155 1
89 82 152196 0
89 39 152198 1
107 52 152213 1
55 52 152237 1
35 100 152253 0
37 99 152254 0
101 94 152263 1
54 33 152272 1
30 97 152278 0
35 35 152283 0
43 25 152285 1
87 55 152301 0
46 27 152306 1
58 54 152313 1
34 57 152352 0
71 66 152439 0
35 22 152443 1
56 38 152502 1
107 57 152516 1
106 50 152537 1
92 38 152542 1
96 100 152554 0
108 66 152554 1
49 29 152588 1
39 23 152591 1
65 70 152638 0
56 43 152655 1
32 65 152678 0
55 43 152695 1
25 96 152705 0
83 38 152711 1
93 66 152723 0
28 98 152729 0
54 36 152781 1
38 22 152811 1
92 101 152815 0
26 84 152816 0
102 42 152817 1
95 41 152877 1
33 97 152878 0
25 91 152931 0
35 50 152974 0
27 96 152999 0
56 35 153038 1
82 99 153048 0
34 61 153049 0
82 37 153066 1
86 39 153105 1
86 89 153105 0
25 88 153128 0
84 94 153182 0
81 58 153199 0
85 98 153236 0
49 30 153256 1
55 33 153286 1
97 42 153328 1
34 50 153349 0
25 85 153351 0
32 29 153364 0
90 38 153367 1
25 92 153444 0
84 95 153451 0
105 47 153496 1
36 99 153504 0
105 48 153573 1
85 38 153592 1
55 51 153610 1
55 47 153626 1
33 33 153628 0
34 55 153642 0
35 99 153647 0
34 21 153663 1
83 96 153679 0
26 82 153690 0
26 83 153697 0
35 53 153700 0
25 87 153745 0
37 22 153747 1
85 37 153758 1
25 86 153789 0
32 28 153829 0
82 101 153870 0
46 26 153886 1
107 60 153900 1
91 54 153916 0
52 30 153973 1
88 55 153985 0
33 63 154007 0
86 99 154032 0
28 75 154103 0
51 29 154142 1
47 27 154144 1
25 89 154151 0
91 38 154157 1
35 21 154178 1
101 44 154197 1
87 99 154217 0
93 40 154227 1
27 98 154317 0
31 30 154356 0
56 45 154387 1
30 70 154408 0
84 56 154414 0
82 92 154439 0
82 56 154464 0
36 100 154484 0
34 58 154580 0
32 64 154580 0
33 39 154633 0
34 56 154638 0
34 42 154645 0
88 78 154663 0
29 96 154678 0
78 40 154724 1
31 62 154744 0
87 100 154760 0
37 39 154778 0
33 30 154791 0
55 31 154799 1
42 25 154804 1
36 36 154816 0
62 50 154837 1
108 76 154849 1
29 77 154900 0
107 59 154941 1
107 53 154943 1
31 29 154968 0
25 83 155033 0
32 97 155074 0
100 44 155098 1
29 76 155150 0
31 27 155165 0
44 26 155179 1
29 75 155214 0
38 42 155238 0
89 84 155253 0
41 22 155258 1
88 100 155281 0
108 59 155284 1
47 28 155291 1
102 45 155310 1
34 59 155314 0
80 57 155330 0
50 30 155357 1
97 41 155385 1
31 28 155391 0
85 91 155406 0
83 37 155409 1
94 40 155442 1
108 78 155463 1
31 69 155466 0
49 28 155485 1
39 39 155548 0
107 54 155553 1
27 101 155642 0
86 104 155657 0
31 35 155695 0
93 54 155709 0
42 23 155714 1
40 24 155722 1
33 98 155815 0
30 97 155819 0
93 56 155825 0
56 41 155850 1
26 89 155862 0
57 54 155880 1
45 27 155908 1
104 46 155944 1
31 67 155961 0
95 40 155982 1
33 36 155993 0
92 57 156071 0
68 68 156112 0
34 52 156127 0
34 43 156138 0
30 27 156177 0
35 51 156210 0
64 71 156239 0
89 83 156330 0
55 34 156371 1
35 57 156377 0
62 74 156466 0
32 29 156472 0
92 39 156587 1
38 39 156625 0
32 66 156686 0
63 73 156732 0
37 37 156831 0
30 99 156913 0
93 66 156930 0
91 71 156949 0
31 98 156951 0
107 66 156961 1
90 54 156964 0
72 65 157040 0
54 32 157047 1
40 100 157127 0
98 41 157130 1
86 56 157159 0
35 58 157198 0
41 24 157244 1
89 38 157270 1
31 55 157302 0
91 53 157303 0
94 101 157372 0
25 86 157393 0
66 48 157404 1
39 42 157461 0
108 73 157473 1
52 31 157488 1
25 85 157558 0
32 97 157559 0
70 66 157575 0
48 91 157589 1
99 43 157594 1
108 71 157629 1
75 41 157661 1
30 69 157876 0
34 98 157902 0
109 76 158006 1
84 37 158038 1
51 28 158148 1
35 37 158161 0
84 95 158182 0
56 46 158199 1
98 42 158258 1
85 99 158289 0
107 55 158366 1
86 105 158388 0
38 100 158403 0
63 72 158491 0
34 60 158494 0
94 41 158558 1
32 35 158563 0
85 58 158567 0
56 53 158626 1
57 79 158646 1
34 47 158651 0
24 92 158658 0
84 96 158659 0
28 78 158741 0
107 61 158747 1
39 22 158779 1
29 32 158795 0
56 36 158821 1
108 83 158850 1
94 67 158935 0
35 47 158945 0
23 97 158946 0
107 56 158979 1
56 54 158993 1
93 59 159012 0
91 61 159044 0
37 99 159115 0
50 28 159133 1
71 44 159186 1
92 40 159190 1
38 99 159278 0
100 43 159302 1
48 28 159303 1
33 98 159326 0
34 33 159372 0
107 51 159446 1
34 103 159558 0
65 48 159602 1
64 49 159636 1
80 37 159652 1
92 72 159832 0
37 23 159943 1
108 74 160002 1
99 42 160052 1
42 24 160068 1
55 39 160075 1
88 100 160173 0
106 51 160211 1
24 94 160243 0
50 29 160257 1
108 56 160278 1
93 55 160296 0
31 24 160305 0
25 28 160368 0
92 61 160385 0
45 26 160410 1
33 100 160422 0
90 59 160429 0
70 45 160431 1
36 21 160481 1
55 54 160577 1
93 65 160619 0
104 40 160629 1
94 59 160771 0
32 33 160775 0
55 35 160795 1
13 85 160837 0
26 98 160846 0
30 97 160914 0
86 55 160917 0
93 71 160927 0
32 29 160977 0
62 51 160989 1
87 100 161013 0
26 83 161036 0
53 32 161084 1
32 97 161108 0
91 53 161136 0
104 47 161194 1
56 34 161234 1
93 69 161281 0
26 95 161352 0
71 45 161365 1
85 95 161404 0
79 39 161495 1
86 99 161518 0
85 98 161556 0
68 46 161584 1
95 99 161650 0
28 96 161756 0
25 86 161769 0
114 78 161789 1
94 65 161863 0
30 70 161893 0
30 32 161897 0
30 98 161981 0
92 100 161988 0
55 39 162035 1
55 36 162035 1
92 102 162085 0
55 44 162200 1
55 49 162242 1
108 61 162245 1
102 44 162257 1
38 99 162306 0
86 97 162307 0
56 47 162347 1
43 24 162386 1
106 49 162409 1
89 100 162471 0
88 38 162482 1
57 40 162486 1
94 58 162487 0
38 39 162490 0
40 23 162507 1
38 102 162578 0
39 103 162644 0
25 85 162672 0
33 97 162704 0
87 37 162780 1
30 64 162798 0
34 33 162935 0
108 68 163094 1
93 101 163108 0
88 39 163181 1
81 38 163246 1
107 70 163264 1
33 98 163289 0
100 37 163303 1
54 33 163398 1
97 43 163513 1
23 90 163551 0
100 45 163591 1
26 96 163592 0
102 46 163641 1
103 90 163648 1
32 34 163739 0
83 55 163801 0
31 97 163805 0
95 38 163958 1
107 50 163989 1
107 58 163997 1
61 51 164024 1
25 83 164040 0
100 96 164119 1
108 60 164136 1
39 21 164223 1
38 23 164300 1
49 27 164395 1
103 45 164456 1
57 39 164488 1
46 27 164496 1
83 57 164547 0
46 25 164560 1
25 99 164700 0
54 49 164755 1
85 95 164774 0
90 80 164804 0
53 31 164942 1
44 25 165006 1
32 63 165128 0
43 25 165170 1
107 68 165200 1
92 100 165233 0
29 68 165276 0
36 99 165403 0
34 52 165412 0
93 69 165524 0
109 66 165528 1
93 65 165545 0
59 43 165548 1
92 56 165592 0
92 75 165600 0
38 99 165705 0
56 51 165712 1
25 97 165810 0
93 59 165862 0
36 46 166002 0
38 21 166056 1
85 92 166065 0
108 67 166076 1
31 25 166118 0
85 55 166180 0
40 100 166197 0
28 96 166236 0
37 46 166241 0
41 23 166324 1
35 53 166339 0
108 82 166342 1
38 22 166381 1
84 95 166397 0
90 99 166482 0
36 22 166496 1
40 22 166522 1
55 53 166527 1
82 38 166654 1
23 84 166690 0
85 105 166727 0
39 24 166730 1
85 97 166738 0
24 87 166756 0
35 35 166768 0
42 25 166918 1
25 87 166922 0
86 37 166941 1
106 50 166985 1
34 33 167013 0
34 51 167023 0
93 66 167044 0
38 98 167134 0
56 44 167219 1
56 37 167303 1
25 88 167327 0
108 62 167328 1
86 97 167342 0
35 48 167355 0
108 72 167364 1
39 100 167371 0
52 30 167406 1
91 53 167517 0
32 33 167617 0
33 40 167625 0
33 33 167675 0
31 71 167705 0
107 81 167735 1
22 93 167736 0
93 70 167781 0
25 84 167793 0
32 28 167800 0
25 89 167818 0
95 41 167847 1
55 50 167899 1
28 97 167901 0
31 97 167907 0
28 75 167965 0
34 64 168005 0
33 30 168149 0
31 31 168229 0
21 94 168296 0
107 63 168337 1
32 27 168342 0
27 79 168354 0
31 65 168390 0
30 68 168403 0
86 101 168412 0
32 97 168448 0
12 42 168493 0
97 42 168505 1
92 55 168565 1
37 103 168578 0
89 80 168687 0
37 41 168699 0
35 56 168804 0
90 53 168820 0
87 103 168853 0
90 56 168921 0
38 39 168975 0
28 78 168980 0
34 45 168995 0
26 84 169017 0
58 47 169068 1
39 39 169141 0
33 98 169156 0
93 69 169260 0
79 38 169279 1
36 35 169292 0
56 43 169448 1
85 95 169488 0
91 102 169611 0
44 24 169735 1
56 38 169860 1
105 48 169936 1
91 100 170217 0
93 100 170297 0
52 29 170308 1
93 67 170443 0
93 65 170458 0
28 79 170461 0
36 39 170497 0
93 101 170499 0
92 100 170505 0
90 101 170536 0
32 61 170544 0
25 86 170668 0
85 97 170698 0
90 57 170805 0
93 68 170821 0
31 70 170840 0
91 101 170847 0
22 91 170856 0
31 26 170957 0
105 46 170960 1
26 96 171015 0
91 103 171024 0
38 99 171037 0
84 92 171102 0
93 60 171121 0
93 54 171215 0
35 46 171280 0
106 48 171331 1
55 45 171365 1
104 40 171374 1
94 57 171399 0
81 58 171428 0
28 96 171449 0
102 92 171454 1
93 63 171530 0
32 26 171586 0
23 89 171615 0
88 104 171758 0
30 70 171831 0
26 89 171857 0
29 67 171895 0
107 53 171950 1
56 39 171974 1
36 47 172115 0
96 41 172178 1
20 96 172193 0
89 53 172268 0
86 56 172315 0
87 99 172326 0
29 34 172328 0
89 81 172347 0
46 26 172407 1
37 38 172429 0
68 69 172472 0
27 97 172499 0
108 64 172674 1
49 29 172674 1
90 79 172780 0
85 92 172800 0
48 27 172820 1
80 38 172898 1
56 40 173277 1
94 67 173340 0
36 35 173344 0
94 40 173441 1
92 72 173612 0
107 57 173652 1
24 94 173668 0
88 100 173773 0
32 34 173776 0
29 103 173836 0
97 99 173846 0
29 35 173863 0
25 93 174064 0
108 69 174155 1
91 100 174214 0
37 21 174219 1
39 40 174288 1
94 59 174307 0
93 69 174338 0
25 85 174357 0
91 68 174359 0
91 69 174372 0
94 57 174393 0
31 97 174424 0
105 47 174443 1
67 70 174506 0
101 44 174513 1
108 79 174648 1
107 52 174718 1
27 96 174731 0
85 56 174773 0
96 99 174913 0
90 38 174997 1
31 68 175033 0
34 52 175056 0
108 63 175134 1
107 59 175296 1
85 97 175310 0
35 56 175312 0
94 58 175419 0
108 66 175419 1
108 70 175420 1
84 38 175420 1
104 46 175436 1
93 100 175446 0
26 104 175474 0
85 90 175515 0
93 59 175536 0
94 65 175580 0
38 41 175727 0
92 62 175732 0
34 35 175763 0
85 96 175788 0
93 40 175820 1
93 39 175838 1
29 29 175864 0
74 63 175875 0
97 41 176009 1
100 42 176204 1
109 75 176280 1
34 33 176300 0
92 56 176337 0
98 42 176349 1
107 55 176406 1
88 37 176502 1
95 40 176530 1
47 27 176602 1
53 27 176698 1
93 75 176733 0
89 37 176741 1
49 26 176747 1
101 43 176850 1
83 38 176888 1
92 39 176986 1
32 29 177004 0
56 81 177045 1
35 49 177061 0
32 33 177120 0
99 42 177150 1
55 52 177163 1
38 98 177236 0
51 29 177277 1
103 45 177358 1
91 39 177580 1
55 34 177588 1
55 48 177609 1
85 95 177612 0
91 101 177631 0
89 38 177732 1
57 41 177737 1
96 41 177752 1
26 96 177782 0
41 24 177784 1
93 63 177813 0
106 49 177872 1
94 57 177903 0
92 100 178015 0
56 82 178024 1
57 38 178027 1
109 65 178051 1
49 28 178202 1
86 97 178226 0
115 69 178236 1
104 45 178291 1
109 70 178340 1
54 31 178348 1
27 91 178350 0
109 48 178359 1
91 38 178434 1
33 97 178438 0
106 86 178637 1
47 28 178637 1
85 38 178671 1
53 30 178707 1
89 100 178732 0
107 56 178789 1
102 44 178904 1
36 35 178917 0
91 100 178936 0
92 99 179017 0
96 40 179061 1
56 45 179087 1
13 85 179118 0
50 27 179121 1
57 53 179142 1
56 52 179210 1
100 95 179236 1
54 32 179344 1
55 51 179366 1
85 96 179389 0
29 96 179395 0
107 62 179412 1
39 23 179474 1
34 60 179479 0
55 33 179495 1
47 26 179550 1
40 24 179603 1
100 43 179695 1
114 65 179796 1
81 37 179811 1
101 93 179840 1
90 34 179874 1
85 37 179913 1
77 40 179914 1
48 26 179915 1
106 47 179942 1
92 38 179975 1
32 24 179979 0
86 89 180032 0
42 24 180050 1
56 36 180075 1
107 58 180138 1
31 70 180171 0
26 82 180199 0
56 35 180201 1
107 53 180298 1
55 32 180327 1
38 99 180448 0
37 38 180473 0
35 51 180530 0
39 22 180642 1
51 27 180679 1
93 101 180698 0
93 65 180734 0
82 56 180809 0
107 71 180827 1
63 49 180845 1
93 38 180904 1
30 97 180909 0
95 100 180941 0
97 41 180961 1
76 61 180994 0
44 25 181024 1
90 99 181042 0
37 22 181076 1
109 74 181117 1
94 67 181148 0
108 53 181226 1
53 29 181243 1
85 97 181314 0
58 53 181353 1
45 26 181411 1
26 75 181483 0
40 100 181565 0
46 18 181580 1
28 96 181587 0
57 52 181601 1
101 44 181655 1
51 28 181728 1
25 83 181743 0
88 38 181762 1
88 101 181782 0
89 39 181841 1
31 73 181906 0
82 37 181939 1
81 56 181962 0
29 32 181982 0
55 35 181998 1
25 93 182177 0
104 46 182204 1
33 27 182252 0
107 51 182260 1
39 36 182392 0
55 81 182442 1
58 79 182475 1
93 58 182549 0
108 61 182678 1
57 55 182724 1
30 28 182846 0
98 41 182849 1
91 102 182901 0
31 69 182915 0
28 81 182934 0
25 91 183018 0
38 38 183095 0
41 99 183138 0
24 87 183153 0
37 40 183162 0
37 43 183194 0
30 71 183208 0
22 86 183256 0
57 81 183297 1
56 50 183318 1
56 48 183391 1
27 93 183471 0
85 91 183532 0
93 72 183566 0
90 37 183589 1
26 83 183604 0
93 100 183639 0
92 69 183646 0
89 53 183775 0
35 21 183824 1
88 54 183858 0
107 57 183862 1
37 100 183884 0
109 73 183885 1
58 78 183995 1
24 90 184022 0
91 72 184064 0
29 76 184086 0
27 97 184104 0
93 69 184132 0
80 58 184285 0
29 71 184303 0
36 98 184350 0
33 98 184464 0
85 96 184521 0
26 89 184556 0
55 47 184603 1
26 81 184726 0
33 30 184758 0
78 38 184811 1
55 49 184818 1
30 32 184863 0
38 36 184936 0
45 25 184952 1
32 26 184961 0
57 54 184972 1
91 57 185017 0
101 42 185085 1
35 49 185131 0
91 37 185167 1
33 32 185232 0
50 28 185260 1
87 89 185306 0
81 57 185360 0
35 57 185399 0
39 38 185402 0
34 61 185428 0
54 33 185477 1
57 37 185478 1
36 103 185549 0
92 74 185644 0
78 60 185669 0
87 37 185812 1
84 37 185855 1
56 53 185902 1
109 69 186013 1
94 57 186029 0
24 99 186112 0
99 96 186222 1
38 41 186314 0
29 73 186320 0
108 62 186382 1
55 36 186435 1
109 63 186465 1
25 92 186485 0
93 75 186597 0
58 40 186622 1
108 60 186660 1
43 22 186682 1
93 63 186687 0
105 47 186759 1
56 54 186773 1
57 45 186826 1
39 42 186843 0
91 53 186881 0
99 43 186910 1
103 45 186933 1
99 42 186968 1
31 29 187030 0
37 99 187054 0
40 21 187126 1
94 39 187160 1
25 96 187176 0
91 100 187273 0
95 40 187281 1
94 65 187287 0
85 92 187318 0
95 99 187342 0
89 78 187352 0
32 34 187387 0
86 88 187457 0
22 95 187460 0
89 84 187563 0
91 78 187593 0
93 64 187623 0
38 101 187632 0
87 100 187741 0
94 61 187866 0
41 23 187898 1
30 72 187911 0
86 37 187953 1
106 48 188008 1
107 52 188037 1
94 59 188122 0
43 97 188176 0
38 39 188192 0
27 93 188211 0
97 98 188280 0
31 28 188381 0
93 39 188430 1
91 79 188466 0
92 76 188537 0
36 56 188539 0
87 99 188550 0
36 102 188557 0
38 36 188562 0
35 56 188564 0
105 48 188605 1
35 103 188637 0
107 50 188697 1
30 67 188750 0
92 101 188778 0
36 98 188801 0
28 31 188805 0
37 44 188857 0
94 54 188884 0
83 37 188915 1
29 77 188919 0
26 96 188920 0
39 38 188930 0
86 99 188949 0
96 100 188977 0
106 49 189038 1
38 38 189070 0
46 27 189072 1
34 98 189090 0
105 46 189099 1
33 35 189114 0
102 43 189173 1
90 53 189214 0
108 59 189240 1
32 29 189288 0
72 44 189313 1
93 72 189319 0
53 31 189319 1
42 23 189357 1
33 34 189423 0
23 23 189434 0
52 29 189441 1
109 77 189490 1
37 41 189540 0
34 33 189553 0
108 70 189554 1
28 70 189577 0
103 44 189600 1
89 54 189612 0
94 67 189618 0
96 41 189619 1
38 98 189638 0
56 38 189651 1
85 95 189674 0
108 64 189716 1
52 30 189742 1
107 83 189810 1
33 32 189838 0
109 76 189841 1
100 42 189872 1
60 76 189929 1
88 54 189961 0
107 49 189997 1
97 41 190028 1
107 55 190045 1
109 64 190168 1
107 84 190352 1
108 81 190382 1
108 68 190391 1
46 26 190391 1
108 54 190416 1
88 101 190443 0
39 99 190474 0
83 55 190496 0
33 97 190543 0
92 70 190557 0
102 44 190587 1
31 27 190587 0
96 40 190587 1
60 52 190664 1
32 28 190682 0
92 100 190688 0
47 27 190703 1
85 96 190725 0
56 49 190781 1
33 64 190783 0
26 94 190788 0
90 99 190797 0
39 39 190798 0
57 39 190799 1
88 37 190991 1
41 22 190994 1
76 40 191000 1
25 98 191001 0
35 58 191065 0
54 32 191126 1
39 36 191137 0
40 40 191187 0
43 24 191217 1
37 45 191254 0
35 50 191280 0
89 100 191291 0
94 61 191295 0
38 99 191319 0
55 34 191363 1
32 66 191378 0
26 84 191433 0
40 22 191435 1
41 24 191471 1
104 45 191474 1
109 71 191489 1
90 83 191491 0
36 35 191495 0
109 78 191496 1
33 63 191514 0
32 27 191524 0
32 97 191560 0
108 78 191578 1
28 77 191588 0
33 53 191599 0
107 53 191619 1
104 46 191635 1
35 53 191646 0
57 35 191666 1
98 41 191730 1
27 82 191734 0
91 38 191734 1
33 33 191738 0
86 97 191801 0
91 105 191814 0
38 36 191826 0
39 38 191977 0
78 39 191985 1
63 50 191987 1
94 54 191997 0
27 91 192016 0
32 65 192050 0
51 29 192054 1
54 29 192103 1
103 45 192121 1
99 42 192122 1
36 57 192127 0
91 101 192158 0
31 66 192160 0
30 96 192161 0
91 39 192168 1
26 78 192185 0
28 75 192269 0
94 58 192305 0
25 88 192306 0
31 97 192330 0
94 62 192367 0
93 54 192385 0
31 71 192416 0
39 21 192419 1
34 63 192443 0
33 25 192457 0
49 28 192480 1
35 22 192514 1
37 38 192517 0
77 60 192556 0
54 30 192615 1
108 79 192634 1
26 79 192637 0
41 21 192736 1
108 55 192769 1
38 21 192792 1
101 43 192800 1
89 37 192823 1
49 27 192844 1
54 31 192880 1
58 54 192915 1
52 28 192915 1
57 44 192947 1
109 62 192992 1
36 99 193093 0
56 51 193221 1
69 45 193259 1
107 57 193352 1
97 40 193359 1
94 65 193396 0
42 24 193396 1
109 72 193406 1
56 35 193409 1
44 24 193429 1
53 30 193430 1
35 98 193470 0
56 34 193498 1
107 51 193504 1
95 40 193511 1
95 39 193520 1
27 85 193560 0
26 86 193572 0
93 40 193671 1
44 25 193694 1
36 45 193699 0
90 100 193737 0
48 92 193825 1
25 86 193841 0
30 72 193886 0
55 33 193897 1
65 49 193953 1
105 45 193956 1
83 36 194054 1
36 98 194082 0
58 42 194128 1
92 99 194131 0
89 38 194140 1
33 32 194153 0
26 89 194199 0
57 38 194224 1
41 98 194283 0
55 52 194314 1
93 76 194345 0
26 99 194354 0
85 97 194391 0
60 51 194396 1
92 38 194413 1
57 43 194436 1
109 75 194440 1
39 40 194444 0
38 37 194449 0
107 58 194507 1
27 93 194520 0
40 41 194696 0
38 38 194744 0
57 41 194813 1
48 94 194876 1
109 74 195047 1
81 38 195057 1
31 39 195061 0
108 66 195358 1
33 62 195524 0
34 22 195529 1
98 40 195530 1
47 26 195554 1
40 20 195556 1
108 60 195615 1
73 43 195631 1
36 21 195636 1
89 57 195698 0
101 41 195720 1
89 36 195788 1
38 22 195812 1
33 65 195885 0
33 60 195908 0
33 30 195927 0
39 38 195957 0
58 39 195972 1
36 55 195981 0
36 56 196040 0
30 96 196089 0
94 62 196106 0
109 68 196188 1
59 77 196193 1
103 91 196231 1
35 52 196398 0
39 20 196422 1
57 80 196472 1
48 27 196511 1
48 93 196527 1
29 78 196536 0
109 79 196608 1
70 45 196740 1
38 36 196775 0
98 42 196792 1
88 54 196836 0
50 27 196838 1
106 87 196870 1
34 21 196937 1
56 36 196946 1
108 61 197010 1
39 99 197011 0
91 99 197023 0
69 46 197116 1
109 81 197211 1
39 22 197237 1
94 61 197274 0
79 37 197335 1
75 61 197392 0
26 94 197399 0
35 98 197409 0
57 37 197428 1
26 86 197560 0
49 91 197560 1
107 52 197577 1
83 30 197690 1
57 40 197725 1
90 100 197818 0
34 38 197841 0
37 21 198105 1
45 25 198162 1
35 49 198222 0
50 28 198278 1
90 36 198300 1
34 59 198315 0
123 48 198334 1
37 23 198335 1
94 69 198414 0
109 60 198468 1
37 39 198472 0
34 48 198534 0
94 63 198552 0
26 80 198617 0
24 97 198666 0
82 38 198710 1
71 44 198789 1
31 70 198891 0
38 37 198970 0
26 93 198992 0
38 103 198997 0
64 50 199079 1
95 58 199149 0
27 90 199223 0
105 47 199271 1
90 55 199306 0
90 83 199313 0
97 41 199548 1
40 41 199659 0
109 46 199670 1
38 23 199819 1
93 76 199823 0
38 41 199837 0
27 95 199904 0
32 62 199905 0
38 98 199949 0
92 39 199958 1
86 98 199964 0
13 104 199972 0
0 0 200010 0
