43 18 0 0
58 17 269 1
72 50 348 1
54 30 430 1
103 68 436 1
92 43 436 1
95 96 458 1
104 61 511 1
103 67 516 1
44 57 757 1
36 33 807 0
104 62 811 1
39 90 850 0
123 100 890 1
101 66 1030 1
103 64 1049 1
81 107 1193 0
57 18 1272 1
86 44 1393 1
102 120 1399 1
104 59 1543 1
40 23 1579 0
103 69 1591 1
100 80 1606 1
83 82 1690 0
79 104 1772 0
85 107 1793 0
26 52 1835 0
95 44 1845 1
85 74 1852 0
84 76 1889 0
101 49 1955 1
79 103 1960 0
90 44 2041 1
22 93 2051 0
95 94 2180 1
103 66 2202 1
103 53 2217 1
41 22 2226 0
57 80 2389 0
19 85 2429 0
63 77 2584 0
103 71 2586 1
54 32 2625 1
83 108 2635 0
61 78 2658 0
65 77 2669 0
45 89 2794 0
84 72 2925 0
17 81 2933 0
95 95 3003 1
57 13 3073 1
66 76 3098 0
104 58 3132 1
96 45 3143 1
46 62 3216 1
31 95 3267 0
79 99 3269 0
44 88 3296 0
1 127 3302 1
100 47 3435 1
99 85 3463 1
88 107 3519 0
66 52 3523 1
27 50 3524 0
83 81 3595 0
60 79 3688 0
26 55 3696 0
79 95 3697 0
99 46 3734 1
88 44 3734 1
71 74 3737 0
96 91 3797 1
77 102 3826 0
83 71 3869 0
18 80 3913 0
56 81 3917 0
73 73 3994 0
104 67 4017 1
68 52 4035 1
54 11 4054 1
79 100 4061 0
55 12 4062 1
104 55 4085 1
79 29 4093 1
79 97 4094 0
49 46 4124 1
98 46 4196 1
94 44 4206 1
18 81 4250 0
19 82 4252 0
80 71 4297 0
80 107 4328 0
31 42 4341 0
22 62 4353 0
55 23 4377 1
47 87 4466 0
75 73 4558 0
89 43 4560 1
57 16 4583 1
23 91 4626 0
21 89 4721 0
80 93 4725 0
104 65 4726 1
54 27 4753 1
52 11 4757 1
100 46 4835 1
54 35 4837 1
103 54 4837 1
103 62 4851 1
98 45 4886 1
64 77 4890 0
54 34 4915 1
53 60 4938 1
69 52 5034 1
58 16 5110 1
79 104 5127 0
101 48 5131 1
21 88 5133 0
47 49 5198 1
66 53 5218 1
57 15 5242 1
47 61 5268 1
56 58 5280 1
84 44 5311 1
78 102 5317 0
81 90 5345 0
70 51 5350 1
38 91 5399 0
19 77 5555 0
46 88 5576 0
79 101 5611 0
20 88 5652 0
102 49 5691 1
77 49 5757 1
19 71 5841 0
30 43 5903 0
27 48 5964 0
83 78 5977 0
49 45 6013 1
74 73 6106 0
74 49 6145 1
34 92 6192 0
79 106 6213 0
36 91 6221 0
58 15 6303 1
52 38 6347 1
48 61 6445 1
58 20 6446 1
85 76 6455 0
19 85 6511 0
56 12 6580 1
73 50 6583 1
100 81 6589 1
76 73 6601 0
27 93 6648 0
97 44 6669 1
56 23 6759 1
45 58 6870 1
21 68 6933 0
80 92 6956 0
85 73 6984 0
19 84 6996 0
28 49 7173 0
78 48 7236 1
54 31 7246 1
25 92 7279 0
37 91 7352 0
22 92 7475 0
81 46 7590 1
55 24 7610 1
28 47 7691 0
50 44 7706 1
44 61 7736 1
21 64 7760 0
22 64 7767 0
102 52 7771 1
18 76 7829 0
27 51 7916 0
28 52 7995 0
104 60 8004 1
45 64 8180 1
45 60 8226 1
104 40 8230 1
93 99 8411 1
26 94 8455 0
74 50 8526 1
50 12 8588 1
83 76 8595 0
26 57 8695 0
82 85 8787 0
19 80 8789 0
22 90 8867 0
20 89 8892 0
19 81 8912 0
100 49 8993 1
92 44 9016 1
45 90 9045 0
57 57 9069 1
79 47 9069 1
25 91 9119 0
82 45 9120 1
79 104 9162 0
18 88 9170 0
29 46 9195 0
39 24 9198 0
20 90 9223 0
23 59 9237 0
21 87 9244 0
77 98 9246 0
19 75 9285 0
103 51 9321 1
42 90 9347 0
71 51 9373 1
81 105 9389 0
78 106 9400 0
80 90 9467 0
37 29 9470 0
53 37 9487 1
59 57 9541 1
41 91 9543 0
20 70 9598 0
54 28 9639 1
23 60 9641 0
45 88 9686 0
22 61 9834 0
94 98 9847 1
70 75 9867 0
98 87 9915 1
64 77 9938 0
78 97 10007 0
55 25 10067 1
80 89 10082 0
18 73 10124 0
48 48 10155 1
67 52 10169 1
82 71 10207 0
50 45 10278 1
64 78 10384 0
33 78 10384 1
41 24 10481 0
20 86 10490 0
19 84 10537 0
18 74 10587 0
21 67 10684 0
53 11 10691 1
91 44 10776 1
54 33 11012 1
31 94 11030 0
27 93 11048 0
86 1 11089 1
19 85 11103 0
45 61 11163 1
57 12 11229 1
29 93 11282 0
85 69 11300 0
47 51 11361 1
87 44 11462 1
28 48 11585 0
101 77 11593 1
99 47 11628 1
22 90 11699 0
58 14 11714 1
103 70 11715 1
101 76 11825 1
55 11 11894 1
99 84 11898 1
79 103 12206 0
92 102 12260 1
81 71 12310 0
45 56 12325 1
45 54 12401 1
78 108 12483 0
66 119 12569 1
103 72 12630 1
103 55 12891 1
100 48 12979 1
35 33 13048 0
18 85 13315 0
102 51 13497 1
80 108 13545 0
74 74 13636 0
54 32 13666 1
104 54 13746 1
78 102 13801 0
103 52 13997 1
104 66 14085 1
83 77 14098 0
81 91 14124 0
101 49 14132 1
34 36 14157 0
103 53 14193 1
95 44 14315 1
103 68 14384 1
20 86 14389 0
58 18 14454 1
85 75 14547 0
79 100 14621 0
83 82 14675 0
71 50 14717 1
80 47 14735 1
18 75 14738 0
103 69 14777 1
81 107 14793 0
104 61 14891 1
41 23 14892 0
19 86 14920 0
19 84 14922 0
22 90 15118 0
104 62 15170 1
85 107 15306 0
85 108 15308 0
13 85 15331 0
90 44 15358 1
36 32 15362 0
40 24 15582 0
65 53 15597 1
73 72 15694 0
104 55 15698 1
92 43 15730 1
87 43 15753 1
104 63 15754 1
18 82 15759 0
103 73 15841 1
83 108 15853 0
45 57 15999 1
71 75 16001 0
76 43 16029 0
17 82 16051 0
25 55 16064 0
101 48 16198 1
85 71 16235 0
103 56 16292 1
83 79 16298 0
21 89 16301 0
58 17 16318 1
68 75 16382 0
29 93 16442 0
69 75 16512 0
85 74 16538 0
57 14 16546 1
79 101 16717 0
55 81 16743 0
24 61 16756 0
63 77 16788 0
79 99 16792 0
17 85 16840 0
97 88 16847 1
23 62 16848 0
93 43 16881 1
59 80 16949 0
19 82 17032 0
35 92 17046 0
100 47 17076 1
36 91 17107 0
53 12 17107 1
21 88 17112 0
104 59 17113 1
31 93 17146 0
57 58 17175 1
76 49 17248 1
28 94 17249 0
102 50 17254 1
66 76 17270 0
57 81 17287 0
98 45 17302 1
57 20 17371 1
83 44 17388 1
58 13 17473 1
102 49 17476 1
54 29 17541 1
53 38 17567 1
65 77 17567 0
103 67 17617 1
64 77 17632 0
35 91 17673 0
98 46 17692 1
81 108 17701 0
57 13 17737 1
27 53 17759 0
55 26 17792 1
29 45 17818 0
79 97 17844 0
37 30 17860 0
53 36 17933 1
23 91 17935 0
44 88 17955 0
90 43 17957 1
45 55 18007 1
81 86 18015 0
27 93 18023 0
49 86 18072 0
19 77 18140 0
29 47 18152 0
83 74 18166 0
26 94 18178 0
69 51 18205 1
94 44 18244 1
104 58 18313 1
85 44 18327 1
54 11 18351 1
47 14 18527 1
38 28 18529 0
39 91 18604 0
39 29 18623 0
91 43 18648 1
47 52 18733 1
25 54 18795 0
22 89 18815 0
33 92 18869 0
53 34 18888 1
19 80 18889 0
55 12 18926 1
18 72 19006 0
19 86 19051 0
25 92 19064 0
50 60 19064 1
88 106 19068 0
61 79 19084 0
57 80 19107 0
104 65 19109 1
50 11 19121 1
104 52 19163 1
44 58 19200 1
20 86 19209 0
81 90 19242 0
63 78 19282 0
23 92 19343 0
52 83 19355 0
23 61 19366 0
86 108 19374 0
31 41 19385 0
25 91 19406 0
81 105 19409 0
21 87 19418 0
78 103 19450 0
41 90 19477 0
39 90 19499 0
20 69 19501 0
56 82 19559 0
18 78 19694 0
22 90 19701 0
103 51 19755 1
81 72 19788 0
95 94 19806 1
19 85 19835 0
33 40 19917 0
93 100 19924 1
47 62 19928 1
61 78 19963 0
33 82 20039 1
33 38 20039 0
99 46 20092 1
79 103 20143 0
98 88 20214 1
19 81 20304 0
95 93 20340 1
43 89 20398 0
104 70 20414 1
19 68 20477 0
26 55 20600 0
96 92 20649 1
54 27 20744 1
84 73 20776 0
46 54 20839 1
20 68 20892 0
28 50 20900 0
40 25 20904 0
103 65 20905 1
86 109 20931 0
51 12 20971 1
56 13 21026 1
18 77 21045 0
54 31 21069 1
28 53 21110 0
28 46 21127 0
29 93 21165 0
22 89 21197 0
46 62 21198 1
45 59 21284 1
57 16 21334 1
80 71 21341 0
78 98 21350 0
73 73 21364 0
27 49 21381 0
46 61 21418 1
104 60 21512 1
85 71 21520 0
64 54 21526 1
28 94 21538 0
58 16 21538 1
92 101 21540 1
83 109 21707 0
24 58 21775 0
19 71 21785 0
88 43 21830 1
79 100 21841 0
56 12 21879 1
93 44 21889 1
79 93 22027 0
104 64 22036 1
19 84 22042 0
54 37 22068 1
83 81 22083 0
55 58 22101 1
28 49 22102 0
28 52 22248 0
25 58 22318 0
57 19 22319 1
26 53 22334 0
58 15 22343 1
29 95 22353 0
80 93 22407 0
18 71 22410 0
41 21 22417 0
78 73 22425 0
85 69 22438 0
87 108 22465 0
46 88 22472 0
83 82 22475 0
44 41 22582 1
104 67 22584 1
85 76 22596 0
27 50 22631 0
77 48 22829 1
103 71 22829 1
57 15 22859 1
80 92 22872 0
54 36 22885 1
24 60 22966 0
97 90 22995 1
81 88 23085 0
41 22 23107 0
19 75 23190 0
95 44 23275 1
19 82 23343 0
81 91 23377 0
52 59 23409 1
42 91 23504 0
19 86 23548 0
89 43 23592 1
79 101 23746 0
67 77 23804 0
104 54 23816 1
101 78 23855 1
35 35 23889 0
79 73 23899 0
75 49 23928 1
104 55 23985 1
63 53 24129 1
53 10 24157 1
80 91 24179 0
54 82 24202 0
101 48 24362 1
54 34 24404 1
56 57 24414 1
22 89 24435 0
82 80 24456 0
26 95 24492 0
52 37 24521 1
51 40 24621 1
54 35 24638 1
48 88 24761 0
19 87 25058 0
92 103 25064 1
46 55 25168 1
41 89 25261 0
52 11 25440 1
86 44 25670 1
72 51 25674 1
25 53 25705 0
57 22 26036 1
80 88 26093 0
47 61 26123 1
98 86 26165 1
30 93 26281 0
85 72 26299 0
20 70 26300 0
104 62 26365 1
83 80 26418 0
54 58 26627 1
24 118 26860 1
53 11 26862 1
97 44 26875 1
36 33 26966 0
104 68 26969 1
87 43 26999 1
84 44 27023 1
51 41 27038 1
95 96 27192 1
28 94 27234 0
100 46 27303 1
62 55 27362 1
59 56 27397 1
51 60 27485 1
18 78 27520 0
95 97 27614 1
44 90 27683 0
99 45 27707 1
103 52 27929 1
84 109 28058 0
54 32 28116 1
17 77 28503 0
80 105 28538 0
19 83 28747 0
62 12 29051 1
20 86 29151 0
95 95 29278 1
84 71 29283 0
103 70 29378 1
65 76 29638 0
55 57 29689 1
104 61 29740 1
69 52 30215 1
80 72 30261 0
47 88 30553 0
57 12 30699 1
54 28 30812 1
49 87 30866 0
99 85 30937 1
73 49 31031 1
85 45 31038 1
64 53 31156 1
81 88 31198 0
21 88 31291 0
103 53 31341 1
19 77 31660 0
54 33 31758 1
22 89 31780 0
26 50 31786 0
81 93 31820 0
58 14 31996 1
85 107 32107 0
80 105 32482 0
19 83 32593 0
104 63 32627 1
56 81 32628 0
86 43 32671 1
103 50 32951 1
27 51 32976 0
34 92 33092 0
45 60 33145 1
30 93 33248 0
70 51 33271 1
47 87 33276 0
80 91 33314 0
20 87 33722 0
100 82 33976 1
98 45 34030 1
48 14 34140 1
19 87 34196 0
41 89 34238 0
45 88 34319 0
47 50 34397 1
57 11 34436 1
58 17 34453 1
46 89 34512 0
77 105 34531 0
27 93 34584 0
79 94 34609 0
85 73 34664 0
76 72 34698 0
93 43 34752 1
22 90 34828 0
104 66 34988 1
85 72 35137 0
75 72 35163 0
32 94 35368 0
102 49 35412 1
28 93 35856 0
49 61 35878 1
60 56 36268 1
73 72 36403 0
36 91 36410 0
22 65 36455 0
80 94 36740 0
23 93 36841 0
95 43 36853 1
41 23 36865 0
78 100 36885 0
82 72 36889 0
19 86 37065 0
32 40 37074 0
19 83 37266 0
75 74 37301 0
83 80 37351 0
100 81 37485 1
96 43 37682 1
84 107 37752 0
49 47 37794 1
16 83 37805 0
51 11 38056 1
78 101 38079 0
48 87 38155 0
17 73 38188 0
33 94 38288 0
26 57 38301 0
104 65 38339 1
79 107 38346 0
19 76 38386 0
47 89 38406 0
92 43 38420 1
45 58 38618 1
20 87 38893 0
28 47 38945 0
25 57 39033 0
25 93 39265 0
79 104 39286 0
27 54 39289 0
17 86 39295 0
76 72 39365 0
25 95 39469 0
104 59 39511 1
37 91 39638 0
89 105 39799 0
80 105 39866 0
103 72 40220 1
29 95 40310 0
103 51 40578 1
18 78 40604 0
99 84 40773 1
94 43 40902 1
96 93 40927 1
91 43 40958 1
75 72 41014 0
93 101 41014 1
46 56 41051 1
98 89 41077 1
84 71 41468 0
64 77 41500 0
57 13 41610 1
101 47 41679 1
98 44 41679 1
101 48 41716 1
85 75 41723 0
28 93 41741 0
81 105 41780 0
54 29 41841 1
78 48 41842 1
79 95 41861 0
84 107 41885 0
58 13 41898 1
104 54 41900 1
104 52 41992 1
104 61 42098 1
104 62 42099 1
104 60 42136 1
79 100 42190 0
36 36 42343 0
85 71 42358 0
104 69 42366 1
28 48 42433 0
54 11 42447 1
56 22 42477 1
79 99 42503 0
96 91 42513 1
55 11 42519 1
102 48 42559 1
104 55 42601 1
27 91 42618 0
57 14 42629 1
99 86 42630 1
103 69 42652 1
90 43 42740 1
57 57 42759 1
103 74 42772 1
79 102 42777 0
104 67 42847 1
66 76 42860 0
97 43 42924 1
19 70 42924 0
79 101 42972 0
100 46 42973 1
65 52 42986 1
55 10 43007 1
102 49 43054 1
39 27 43082 0
100 45 43113 1
101 46 43149 1
104 66 43218 1
52 10 43231 1
55 29 43328 1
55 24 43337 1
103 51 43355 1
98 87 43392 1
20 85 43410 0
41 24 43446 0
101 79 43455 1
103 50 43544 1
65 76 43559 0
104 70 43600 1
85 43 43712 1
52 40 43742 1
21 87 43748 0
53 58 43749 1
63 54 43758 1
80 94 43773 0
35 91 43773 0
85 44 43776 1
103 73 43786 1
92 43 43789 1
47 49 43792 1
19 80 43921 0
74 49 43945 1
93 43 43955 1
89 43 43965 1
81 90 43971 0
68 75 44033 0
103 68 44041 1
76 72 44042 0
95 94 44085 1
85 107 44093 0
58 18 44168 1
28 50 44179 0
68 51 44184 1
22 91 44195 0
104 71 44201 1
64 52 44207 1
19 76 44217 0
84 72 44244 0
25 91 44274 0
47 53 44287 1
33 93 44296 0
82 86 44299 0
87 43 44339 1
42 20 44344 0
66 52 44352 1
63 77 44364 0
66 53 44378 1
55 12 44404 1
101 77 44453 1
67 51 44468 1
85 74 44468 0
88 43 44480 1
25 92 44511 0
28 94 44616 0
54 31 44622 1
55 26 44644 1
56 43 44645 1
56 23 44645 1
97 44 44682 1
2 112 44773 0
48 61 44802 1
73 50 44814 1
84 107 44826 0
82 85 44829 0
38 30 44845 0
29 93 44849 0
81 107 44850 0
69 51 44869 1
81 89 44890 0
85 69 44914 0
51 59 44938 1
19 69 44941 0
77 73 45119 0
28 53 45124 0
104 58 45124 1
19 81 45182 0
31 93 45209 0
90 105 45212 0
19 83 45231 0
26 56 45257 0
58 15 45264 1
79 103 45285 0
96 43 45394 1
99 45 45401 1
58 12 45422 1
46 60 45495 1
55 28 45495 1
81 91 45508 0
29 46 45547 0
56 12 45611 1
59 79 45614 0
60 79 45631 0
103 49 45647 1
24 61 45663 0
104 68 45670 1
27 53 45702 0
83 82 45716 0
81 88 45817 0
74 48 45872 1
51 43 45941 1
55 27 45960 1
85 76 45975 0
85 108 46011 0
55 31 46014 1
47 62 46033 1
53 12 46097 1
58 56 46153 1
79 105 46215 0
61 55 46257 1
19 82 46306 0
26 93 46314 0
30 93 46326 0
21 66 46328 0
44 88 46424 0
95 95 46450 1
95 44 46456 1
20 87 46459 0
43 21 46461 0
86 43 46469 1
79 102 46486 0
45 89 46493 0
19 84 46518 0
31 94 46537 0
47 51 46543 1
104 61 46572 1
59 16 46624 1
72 50 46640 1
95 93 46669 1
20 85 46688 0
29 47 46744 0
104 62 46766 1
104 52 46844 1
45 59 46850 1
79 100 46883 0
102 76 46887 1
46 61 46931 1
24 92 46973 0
100 46 46991 1
57 16 47037 1
57 12 47039 1
79 47 47050 1
94 44 47059 1
80 90 47072 0
22 89 47133 0
46 58 47155 1
55 23 47165 1
19 77 47168 0
55 30 47173 1
80 105 47178 0
47 52 47185 1
94 98 47186 1
45 57 47190 1
104 51 47193 1
53 80 47203 0
53 37 47203 1
48 49 47209 1
86 71 47217 0
77 47 47251 1
28 52 47270 0
57 11 47279 1
52 41 47324 1
79 88 47392 0
81 105 47506 0
54 10 47531 1
28 93 47544 0
73 72 47547 0
96 92 47558 1
58 16 47573 1
65 54 47589 1
101 48 47599 1
55 81 47602 0
103 51 47619 1
99 87 47622 1
19 78 47685 0
28 49 47715 0
20 86 47726 0
22 63 47748 0
19 80 47758 0
19 85 47761 0
102 49 47881 1
59 17 47948 1
21 68 47951 0
85 73 48004 0
79 97 48009 0
46 62 48073 1
104 54 48162 1
19 75 48165 0
58 17 48178 1
81 93 48179 0
33 92 48228 0
21 89 48307 0
98 45 48348 1
21 92 48361 0
55 11 48444 1
53 10 48449 1
78 47 48546 1
19 76 48577 0
1 48 48613 1
54 36 48615 1
34 37 48618 0
54 11 48633 1
75 72 48643 0
27 54 48649 0
46 57 48664 1
21 87 48681 0
27 91 48764 0
99 85 48800 1
54 32 48900 1
80 71 48904 0
49 48 48916 1
25 91 48926 0
100 45 48946 1
55 10 48955 1
47 61 49020 1
47 54 49042 1
53 11 49043 1
25 93 49050 0
81 89 49083 0
102 48 49087 1
34 93 49194 0
53 36 49230 1
50 44 49233 1
84 107 49346 0
35 36 49370 0
78 107 49371 0
23 62 49479 0
84 70 49643 0
58 14 49685 1
24 63 49711 0
83 108 49765 0
88 107 49773 0
54 27 49785 1
26 94 49829 0
104 69 49878 1
79 101 49942 0
20 85 49961 0
54 57 50017 1
36 35 50052 0
59 14 50055 1
92 43 50096 1
79 102 50140 0
82 79 50210 0
32 92 50247 0
23 100 50271 0
58 13 50459 1
27 92 50579 0
80 46 50672 1
36 92 50868 0
19 78 50908 0
82 86 50931 0
93 43 50948 1
54 35 50983 1
20 70 51037 0
77 100 51096 0
80 91 51101 0
104 66 51101 1
103 72 51102 1
75 49 51158 1
20 69 51263 0
77 106 51282 0
87 34 51434 0
91 43 51463 1
104 63 51518 1
29 45 51543 0
104 67 51567 1
21 88 51631 0
46 54 51653 1
105 55 51776 1
76 72 51777 0
104 60 51787 1
85 79 51927 0
85 72 52010 0
56 25 52054 1
48 50 52054 1
28 39 52060 0
43 19 52136 0
75 48 52182 1
80 94 52185 0
41 89 52300 0
79 105 52305 0
78 102 52405 0
37 90 52412 0
101 47 52503 1
43 90 52523 0
26 93 52554 0
53 39 52570 1
33 39 52646 0
50 46 52664 1
85 70 52831 0
76 74 52906 0
87 43 53010 1
71 50 53118 1
49 45 53328 1
82 82 53403 0
45 60 53490 1
59 80 53516 0
59 15 53566 1
67 52 53626 1
71 73 53629 0
22 91 53660 0
98 44 53661 1
29 93 53754 0
57 58 53780 1
46 55 53780 1
97 43 53807 1
24 59 53863 0
24 92 53969 0
55 32 53991 1
101 78 54000 1
19 81 54037 0
95 43 54046 1
23 91 54157 0
27 92 54173 0
103 50 54362 1
26 56 54367 0
86 71 54399 0
57 13 54561 1
68 77 54691 0
50 45 54703 1
80 103 54805 0
79 102 54936 0
59 56 55035 1
103 70 55069 1
19 78 55155 0
56 57 55165 1
99 84 55224 1
56 10 55258 1
52 11 55265 1
55 35 55503 1
79 108 55610 0
20 88 55649 0
81 103 55669 0
49 46 55752 1
57 56 55755 1
84 70 55782 0
88 106 55823 0
55 29 55886 1
95 96 56149 1
96 43 56149 1
100 82 56170 1
84 44 56181 1
85 107 56268 0
100 83 56448 1
81 92 56592 0
96 94 56595 1
89 42 56681 1
85 43 56751 1
19 71 56842 0
83 44 56903 1
58 11 56952 1
37 30 56960 0
69 50 56964 1
51 13 57043 1
104 50 57049 1
55 28 57105 1
103 64 57125 1
46 59 57253 1
78 48 57394 1
93 97 57420 1
24 90 57441 0
20 85 57558 0
27 94 57636 0
21 85 57717 0
55 33 57792 1
97 41 57817 1
19 83 57897 0
93 100 57927 1
105 53 58011 1
89 43 58081 1
55 9 58166 1
57 20 58326 1
56 22 58450 1
57 21 58525 1
80 103 58565 0
96 93 58612 1
85 70 58867 0
18 79 58897 0
55 12 59024 1
105 58 59086 1
66 76 59106 0
104 52 59136 1
97 44 59172 1
84 80 59240 0
58 12 59256 1
59 13 59288 1
99 45 59292 1
71 49 59389 1
87 42 59493 1
49 13 59501 1
103 49 59514 1
81 45 59563 1
82 107 59563 0
103 75 59611 1
57 10 59624 1
62 54 59640 1
55 58 59749 1
30 44 59902 0
49 60 59904 1
81 95 60021 0
20 78 60022 0
81 46 60094 1
99 43 60103 1
109 68 60152 1
43 20 60202 0
20 74 60294 0
35 91 60299 0
84 81 60327 0
57 57 60376 1
28 51 60384 0
71 73 60447 0
21 67 60502 0
54 31 60509 1
104 70 60563 1
71 74 60617 0
58 15 60701 1
46 60 60755 1
114 78 60772 1
54 58 60822 1
74 48 61091 1
24 90 61155 0
55 26 61193 1
77 73 61199 0
27 92 61316 0
59 16 61362 1
59 18 61371 1
65 53 61447 1
46 56 61477 1
50 60 61503 1
70 51 61611 1
95 98 61713 1
79 105 61940 0
47 87 61996 0
56 12 62084 1
81 89 62098 0
61 78 62289 0
80 93 62291 0
52 10 62313 1
30 93 62338 0
105 54 62465 1
104 68 62680 1
29 49 63113 0
57 12 63128 1
79 46 63171 1
27 93 63177 0
45 59 63253 1
54 10 63322 1
84 107 63334 0
59 19 63374 1
82 106 63462 0
56 23 63535 1
24 92 63573 0
23 90 63672 0
36 91 64026 0
27 91 64031 0
79 99 64040 0
70 50 64103 1
45 88 64103 0
81 92 64358 0
28 93 64709 0
84 80 64709 0
25 92 64716 0
19 76 64779 0
20 78 64786 0
51 41 64811 1
37 90 64812 0
72 73 64827 0
56 24 64846 1
28 53 64881 0
82 81 64896 0
65 76 65004 0
24 90 65010 0
69 75 65051 0
21 90 65424 0
82 107 65438 0
84 81 65503 0
19 78 65694 0
62 12 65723 1
85 75 65917 0
73 73 66005 0
27 95 66049 0
55 57 66230 1
55 30 66239 1
19 77 66262 0
44 20 66264 0
45 55 66349 1
36 35 66434 0
28 51 66445 0
65 77 66515 0
80 103 66525 0
24 63 66549 0
23 16 66869 0
20 87 67014 0
31 42 67042 0
64 77 67101 0
24 60 67147 0
82 106 67184 0
74 73 67202 0
80 92 67375 0
13 85 67544 0
86 73 67582 0
21 85 67583 0
26 93 67629 0
24 91 67674 0
81 90 67697 0
59 81 67729 0
20 74 67757 0
54 29 67783 1
74 72 67867 0
17 84 67901 0
23 90 67959 0
45 17 68037 0
89 106 68129 0
104 51 68294 1
19 74 68341 0
19 79 68413 0
23 88 68455 0
100 46 68694 1
41 23 68796 0
102 48 68864 1
18 79 68964 0
27 94 68982 0
86 107 69059 0
18 80 69338 0
45 58 69665 1
85 44 69778 1
29 49 69894 0
85 70 70153 0
82 84 70384 0
37 16 70770 0
17 83 70847 0
31 93 70929 0
81 105 70992 0
77 74 71082 0
32 39 71153 0
60 80 71233 0
84 76 71457 0
48 87 71861 0
82 107 71954 0
80 89 72135 0
104 62 72155 1
81 71 72293 0
19 73 72359 0
26 55 72749 0
23 88 72935 0
23 90 73051 0
24 91 73344 0
84 71 73447 0
24 90 73469 0
44 17 73719 0
19 79 73990 0
104 71 74315 1
55 27 74316 1
47 53 74325 1
103 51 74397 1
22 91 74662 0
82 106 74754 0
84 80 74855 0
55 82 74912 0
86 43 75066 1
86 107 75137 0
19 74 75686 0
27 56 75805 0
101 46 75824 1
74 49 76076 1
58 13 76153 1
25 52 76154 0
82 105 77055 0
84 69 77669 0
104 61 77892 1
55 31 78017 1
94 100 78245 1
82 45 78284 1
80 104 78561 0
109 45 78562 1
52 39 78777 1
103 73 78814 1
58 17 79409 1
109 45 79454 0
55 34 79477 1
92 42 79514 1
47 60 79694 1
79 102 79803 0
48 61 79978 1
74 72 80016 0
88 42 80277 1
104 49 80447 1
100 45 80475 1
62 55 80897 1
20 82 80984 0
84 81 80992 0
104 69 81074 1
95 94 81078 1
98 88 81306 1
58 20 81375 1
83 84 81409 0
86 68 81454 0
49 14 81480 1
104 67 81582 1
92 43 81619 1
97 43 81710 1
85 69 81759 0
87 43 81774 1
95 97 81998 1
104 50 82090 1
54 11 82093 1
24 91 82143 0
81 91 82158 0
91 42 82163 1
95 43 82171 1
96 43 82203 1
75 71 82217 0
81 86 82222 0
93 43 82224 1
72 73 82340 0
103 50 82341 1
63 77 82349 0
81 103 82391 0
86 73 82398 0
55 11 82462 1
82 105 82538 0
103 74 82539 1
104 66 82580 1
86 107 82673 0
105 59 82676 1
105 57 82680 1
101 80 82788 1
103 49 82803 1
101 79 82836 1
90 42 82837 1
100 44 82865 1
96 91 82867 1
57 11 82890 1
101 46 82903 1
103 48 83000 1
101 45 83057 1
85 76 83085 0
59 17 83135 1
58 14 83145 1
48 48 83204 1
97 90 83349 1
69 51 83368 1
70 75 83383 0
95 95 83475 1
47 62 83496 1
73 72 83507 0
83 105 83511 0
101 77 83535 1
80 104 83538 0
67 75 83570 0
19 73 83584 0
41 24 83619 0
99 86 83649 1
68 75 83669 0
82 84 83679 0
53 10 83702 1
81 93 83752 0
100 45 83781 1
39 29 83814 0
81 88 83816 0
47 61 83816 1
82 92 83827 0
38 30 83831 0
30 43 83846 0
68 51 83857 1
84 69 83868 0
54 37 83895 1
80 71 83896 0
40 89 83960 0
105 65 84048 1
99 85 84134 1
89 42 84140 1
95 42 84150 1
98 43 84155 1
97 43 84179 1
32 92 84185 0
93 42 84199 1
104 52 84200 1
46 61 84239 1
49 86 84274 0
72 49 84280 1
47 51 84281 1
97 42 84305 1
84 70 84311 0
100 85 84320 1
28 51 84330 0
25 91 84362 0
84 43 84390 1
82 86 84415 0
47 52 84415 1
105 55 84440 1
79 91 84491 0
23 90 84514 0
47 49 84619 1
85 74 84637 0
100 84 84665 1
55 10 84666 1
28 52 84673 0
87 71 84680 0
46 88 84703 0
100 46 84729 1
28 50 84755 0
96 92 84768 1
85 107 84769 0
60 55 84816 1
104 70 84827 1
86 71 84827 0
20 68 84895 0
20 82 84900 0
46 58 84914 1
105 53 84930 1
80 103 84931 0
25 56 85008 0
79 100 85038 0
53 11 85066 1
59 55 85098 1
19 79 85196 0
34 92 85267 0
49 85 85295 0
29 46 85301 0
25 58 85303 0
23 88 85378 0
51 43 85466 1
29 44 85478 0
82 106 85494 0
80 96 85524 0
81 92 85532 0
39 90 85532 0
58 56 85549 1
20 78 85630 0
59 79 85668 0
55 29 85679 1
85 43 85719 1
105 58 85799 1
27 90 85806 0
22 89 85806 0
85 79 85807 0
27 91 85872 0
33 40 85881 0
82 105 85892 0
78 47 85892 1
85 71 85909 0
24 61 85936 0
81 105 86014 0
33 41 86018 0
77 47 86028 1
59 15 86042 1
22 67 86085 0
27 53 86092 0
21 87 86100 0
55 33 86101 1
26 57 86161 0
82 107 86224 0
103 72 86248 1
48 49 86249 1
29 93 86265 0
73 49 86296 1
27 92 86389 0
81 103 86416 0
104 72 86464 1
43 89 86534 0
29 47 86611 0
20 85 86627 0
59 16 86649 1
19 74 86685 0
82 109 86765 0
83 82 86773 0
37 89 86802 0
100 83 86815 1
104 50 86840 1
46 57 86871 1
75 71 86896 0
55 32 86904 1
53 38 86951 1
102 47 86971 1
18 79 87007 0
55 28 87028 1
103 49 87108 1
105 52 87112 1
19 87 87139 0
66 76 87167 0
89 105 87173 0
55 31 87173 1
105 61 87218 1
43 21 87232 0
20 70 87233 0
29 50 87242 0
58 12 87278 1
21 85 87346 0
57 80 87353 0
81 89 87398 0
19 82 87430 0
96 93 87436 1
27 54 87451 0
56 26 87570 1
29 49 87588 0
44 88 87694 0
56 25 87727 1
84 81 87746 0
65 52 87791 1
20 74 87809 0
59 14 87815 1
37 92 87823 0
71 50 87837 1
81 95 87862 0
21 84 87906 0
80 105 88036 0
53 58 88042 1
19 80 88090 0
96 43 88130 1
30 47 88137 0
30 93 88137 0
20 82 88165 0
104 51 88168 1
39 26 88183 0
35 92 88185 0
33 92 88192 0
71 73 88208 0
79 101 88230 0
81 90 88231 0
59 13 88234 1
80 94 88317 0
73 50 88321 1
65 76 88402 0
77 72 88441 0
32 93 88484 1
66 53 88488 1
54 82 88498 0
97 91 88547 1
35 90 88577 0
77 71 88587 0
67 51 88613 1
41 87 88689 0
54 36 88715 1
47 54 88811 1
81 69 88864 0
86 43 88916 1
58 11 88970 1
80 104 89008 0
86 68 89014 0
56 10 89036 1
80 109 89073 0
105 54 89095 1
59 12 89112 1
56 27 89123 1
87 43 89130 1
50 59 89172 1
56 80 89225 0
66 51 89275 1
32 43 89284 0
32 94 89304 0
52 42 89306 1
47 86 89309 0
48 60 89337 1
91 42 89406 1
57 11 89593 1
57 12 89617 1
57 23 89675 1
57 10 89702 1
96 42 89763 1
58 10 89838 1
101 46 89907 1
102 46 89922 1
33 38 89974 0
26 54 90017 0
24 90 90043 0
103 48 90129 1
47 60 90149 1
95 96 90170 1
47 55 90225 1
55 36 90226 1
40 89 90247 0
55 11 90352 1
21 86 90388 0
105 66 90403 1
106 55 90420 1
61 54 90501 1
22 64 90612 0
19 70 90642 0
52 41 90675 1
49 47 90746 1
20 78 90823 0
24 92 90891 0
102 76 90906 1
63 54 90944 1
85 68 90976 0
103 76 90981 1
105 51 90981 1
51 44 91081 1
59 56 91094 1
80 96 91209 0
55 10 91226 1
88 42 91291 1
23 88 91400 0
105 60 91413 1
70 74 91588 0
87 42 91613 1
46 59 91616 1
98 87 91660 1
48 50 91727 1
67 75 91816 0
84 69 91828 0
0 102 91855 0
47 53 91889 1
86 107 91933 0
99 43 92029 1
104 69 92062 1
92 42 92063 1
76 47 92259 1
57 22 92265 1
54 10 92340 1
102 78 92360 1
57 56 92447 1
21 84 92492 0
75 48 92516 1
77 71 92526 0
51 10 92575 1
104 67 92619 1
72 74 92715 0
53 36 92763 1
37 90 92841 0
51 59 92861 1
105 64 92864 1
55 30 92934 1
47 59 92960 1
59 18 92983 1
56 22 93034 1
50 47 93076 1
26 91 93109 0
100 44 93143 1
105 57 93168 1
100 45 93262 1
105 55 93294 1
31 82 93308 0
31 94 93308 0
96 95 93322 1
45 59 93345 1
55 9 93690 1
55 26 93770 1
96 94 93786 1
27 51 93796 0
20 86 93891 0
69 50 93933 1
48 52 94021 1
77 49 94044 1
83 105 94092 0
89 42 94102 1
97 43 94116 1
104 49 94372 1
103 50 94427 1
82 105 94476 0
104 50 94639 1
104 71 94677 1
88 106 94747 0
94 42 94755 1
87 106 94936 0
83 84 94942 0
75 49 94982 1
93 42 94983 1
61 55 95107 1
95 42 95107 1
59 17 95116 1
81 103 95148 0
54 11 95149 1
105 62 95157 1
103 73 95228 1
27 90 95290 0
21 68 95425 0
21 83 95487 0
48 51 95489 1
100 82 95552 1
103 47 95555 1
101 45 95608 1
53 82 95613 0
40 26 95649 0
31 45 95675 1
81 91 95696 0
20 69 95724 0
101 46 95820 1
105 63 95830 1
103 49 95874 1
83 68 95879 0
56 80 95887 0
105 58 95923 1
105 59 95984 1
55 29 96070 1
75 71 96082 0
84 80 96175 0
56 57 96205 1
58 18 96308 1
21 86 96312 0
82 92 96319 0
100 43 96362 1
41 89 96403 0
86 42 96461 1
105 53 96468 1
31 93 96470 0
27 94 96521 0
104 73 96533 1
55 35 96554 1
42 19 96608 0
55 34 96635 1
85 70 96638 0
77 71 96681 0
78 99 96697 0
101 80 96757 1
97 98 96801 1
59 15 96851 1
74 48 96892 1
78 104 96922 0
85 42 96961 1
81 93 96974 0
105 65 96979 1
18 83 96992 0
105 50 97001 1
55 31 97045 1
87 71 97055 0
80 96 97076 0
27 91 97080 0
28 53 97088 0
80 46 97111 1
47 88 97113 0
38 90 97124 0
69 51 97137 1
19 75 97213 0
29 92 97249 0
103 48 97367 1
101 78 97375 1
59 16 97397 1
53 37 97398 1
21 81 97478 0
45 57 97516 1
104 70 97545 1
74 72 97581 0
47 52 97601 1
85 68 97611 0
80 71 97622 0
85 69 97627 0
86 73 97649 0
29 50 97684 0
32 92 97736 0
84 82 97750 0
24 63 97750 0
100 45 97757 1
26 91 97814 0
47 87 97841 0
64 53 97858 1
20 67 97872 0
82 85 97879 0
35 91 97934 0
78 48 97939 1
77 72 97981 0
105 61 97996 1
19 88 98027 0
46 58 98030 1
105 67 98031 1
73 72 98052 0
98 43 98066 1
68 75 98108 0
28 94 98152 0
105 54 98153 1
84 75 98156 0
57 57 98159 1
28 48 98159 0
26 56 98170 0
18 69 98216 0
20 74 98257 0
18 81 98258 0
91 42 98278 1
55 33 98299 1
101 79 98303 1
85 105 98318 0
19 78 98324 0
68 51 98348 1
52 58 98372 1
25 96 98430 0
82 106 98439 0
24 62 98449 0
84 107 98508 0
97 43 98534 1
85 76 98586 0
36 36 98612 0
81 96 98666 0
28 51 98735 0
79 106 98814 0
83 71 98887 0
85 79 98929 0
66 52 98971 1
81 103 99002 0
87 106 99008 0
40 90 99033 0
15 50 99050 0
80 103 99102 0
33 39 99115 0
46 56 99161 1
50 86 99171 0
75 72 99172 0
43 20 99192 0
33 93 99193 0
96 96 99245 1
21 75 99327 0
19 91 99398 0
83 81 99411 0
28 49 99425 0
21 83 99452 0
102 46 99454 1
104 50 99455 1
21 85 99473 0
83 105 99480 0
87 43 99480 1
21 84 99530 0
70 50 99567 1
28 93 99575 0
47 61 99592 1
55 32 99627 1
19 81 99639 0
60 15 99668 1
39 29 99672 0
100 44 99686 1
86 68 99711 0
43 22 99736 0
48 89 99743 0
0 0 99761 0
42 88 99778 0
30 96 99780 0
79 89 99824 0
85 43 99845 1
79 46 99916 1
20 82 99936 0
50 85 100059 0
93 101 100085 1
90 42 100152 1
59 12 100180 1
28 52 100241 0
20 78 100257 0
105 68 100301 1
105 52 100313 1
29 92 100406 0
53 10 100447 1
49 60 100491 1
56 28 100517 1
85 75 100518 0
75 47 100599 1
56 25 100627 1
105 55 100631 1
57 10 100655 1
58 11 100662 1
40 89 100743 0
23 88 100784 0
60 16 100845 1
81 92 100877 0
56 26 100888 1
27 90 100900 0
29 49 100918 0
59 13 100950 1
60 14 100988 1
58 17 100995 1
89 42 101077 1
95 95 101091 1
27 56 101198 0
96 42 101198 1
47 60 101220 1
48 61 101222 1
99 43 101286 1
28 91 101318 0
88 42 101421 1
83 107 101440 0
104 48 101455 1
27 92 101484 0
81 95 101505 0
57 20 101513 1
59 80 101639 0
83 80 101644 0
51 12 101743 1
38 29 101783 0
84 81 101829 0
48 49 101869 1
54 58 101918 1
103 75 101918 1
95 42 101919 1
51 11 101958 1
26 91 101979 0
54 35 102075 1
42 20 102091 0
48 86 102208 0
40 25 102269 0
29 93 102279 0
19 92 102317 0
36 33 102337 0
82 70 102344 0
86 43 102395 1
26 48 102426 0
31 44 102432 0
30 47 102437 0
60 13 102452 1
81 87 102465 0
53 9 102474 1
38 30 102517 0
74 49 102538 1
17 79 102564 0
30 93 102569 0
54 9 102608 1
55 10 102617 1
81 84 102637 0
56 56 102679 1
59 14 102790 1
21 86 102878 0
27 91 102891 0
42 90 103005 0
28 92 103205 0
41 22 103214 0
67 75 103219 0
97 42 103316 1
25 93 103323 0
82 105 103354 0
79 104 103383 0
94 98 103425 1
25 57 103463 0
38 28 103492 0
41 24 103665 0
19 84 103665 0
77 71 103669 0
105 57 103731 1
30 44 103765 0
87 106 103767 0
77 70 103794 0
64 79 103834 0
21 81 103860 0
21 65 103899 0
23 61 103949 0
56 80 103957 0
28 91 104038 0
46 57 104053 1
24 89 104064 0
77 47 104168 1
46 55 104173 1
58 12 104228 1
47 86 104231 0
20 70 104322 0
59 11 104375 1
104 49 104410 1
36 90 104450 0
84 82 104464 0
24 91 104697 0
36 77 104727 1
55 9 104764 1
29 92 104897 0
38 101 105099 0
18 84 105148 0
77 108 105151 0
79 105 105251 0
88 108 105277 0
95 97 105331 1
87 42 105444 1
38 90 105496 0
96 93 105504 1
39 27 105537 0
105 60 105606 1
24 62 105615 0
56 81 105629 0
77 101 105648 0
89 106 105655 0
86 71 105665 0
29 47 105687 0
83 57 105724 1
83 43 105725 1
20 72 105763 0
85 109 105786 0
83 72 105842 0
58 21 106073 1
92 42 106104 1
41 55 106140 1
105 64 106268 1
55 11 106279 1
43 18 106346 0
37 89 106362 0
25 94 106365 0
80 96 106465 0
82 83 106528 0
26 54 106572 0
71 50 106587 1
29 45 106596 0
101 46 106611 1
101 45 106617 1
21 83 106644 0
85 77 106702 0
105 53 106707 1
60 79 106731 0
42 88 106840 0
56 27 106890 1
63 53 106899 1
26 89 106924 0
29 46 106948 0
86 108 106977 0
28 92 106979 0
24 89 107089 0
57 79 107097 0
103 48 107112 1
48 60 107155 1
26 92 107161 0
49 48 107296 1
105 58 107313 1
85 73 107370 0
40 26 107371 0
20 79 107378 0
47 58 107390 1
103 74 107397 1
79 70 107401 0
82 86 107405 0
42 3 107411 0
58 10 107427 1
65 78 107446 0
45 88 107460 0
81 106 107467 0
83 44 107502 1
29 91 107511 0
38 19 107524 0
81 46 107693 1
93 42 107712 1
57 11 107734 1
85 68 107776 0
69 75 107795 0
55 57 107934 1
80 101 107974 0
101 44 108037 1
105 51 108139 1
105 66 108172 1
100 84 108438 1
22 87 108498 0
56 9 108569 1
80 104 108582 0
81 88 108690 0
22 65 108725 0
104 72 108725 1
81 103 108769 0
26 91 108853 0
99 87 108854 1
105 62 108883 1
81 98 108891 0
70 74 108931 0
62 54 108979 1
105 61 109060 1
103 47 109085 1
28 91 109115 0
33 28 109120 0
101 81 109259 1
105 59 109487 1
105 65 109506 1
51 43 109535 1
82 92 109583 0
60 55 109622 1
38 91 109672 0
104 66 109694 1
37 29 109697 0
99 42 109728 1
102 46 109740 1
53 11 109788 1
83 84 109798 0
57 23 109815 1
100 86 109819 1
75 71 109875 0
106 57 109909 1
49 46 109921 1
81 85 109926 0
30 94 110143 0
59 79 110146 0
41 87 110194 0
91 42 110213 1
100 44 110228 1
97 43 110271 1
26 89 110481 0
58 56 110508 1
84 43 110550 1
37 31 110575 0
98 89 110580 1
105 63 110645 1
52 9 110660 1
21 84 110699 0
79 70 110734 0
59 16 110759 1
102 45 110805 1
20 79 110842 0
72 73 110900 0
47 54 110946 1
105 52 110964 1
55 31 110983 1
87 106 111001 0
47 53 111050 1
95 96 111076 1
55 56 111163 1
55 33 111168 1
85 105 111173 0
24 89 111211 0
100 85 111281 1
53 57 111287 1
52 43 111292 1
105 54 111364 1
59 55 111391 1
54 36 111436 1
97 92 111438 1
49 59 111461 1
27 90 111476 0
52 10 111556 1
81 96 111575 0
49 50 111575 1
82 70 111588 0
56 32 111624 1
47 59 111626 1
60 12 111633 1
28 92 111707 0
20 72 111753 0
105 53 111778 1
54 38 111783 1
87 71 111843 0
104 50 111870 1
99 43 111914 1
104 40 111919 1
93 102 111927 1
49 85 111936 0
58 80 111993 0
43 21 112052 0
106 51 112073 1
98 42 112078 1
83 105 112097 0
47 56 112123 1
89 42 112134 1
83 107 112144 0
51 45 112178 1
55 34 112180 1
74 48 112185 1
105 50 112218 1
20 74 112250 0
29 91 112301 0
95 42 112307 1
57 22 112330 1
55 29 112344 1
31 91 112365 0
61 11 112368 1
53 58 112376 1
89 39 112416 1
59 15 112425 1
80 101 112427 0
50 46 112433 1
56 30 112455 1
100 43 112527 1
72 49 112542 1
105 58 112584 1
71 49 112608 1
21 75 112628 0
81 87 112672 0
69 50 112684 1
48 59 112701 1
85 77 112702 0
73 48 112720 1
29 50 112743 0
47 55 112743 1
59 12 112797 1
32 92 112828 0
83 88 112866 0
46 58 112908 1
83 85 112931 0
48 86 112948 0
51 44 112995 1
72 48 113019 1
101 45 113030 1
105 64 113032 1
67 51 113069 1
105 67 113082 1
56 26 113085 1
59 10 113114 1
105 68 113179 1
94 101 113222 1
56 31 113323 1
59 17 113326 1
81 93 113357 0
22 87 113371 0
55 39 113430 1
101 82 113433 1
25 89 113445 0
100 45 113481 1
50 60 113481 1
52 41 113487 1
47 62 113496 1
96 42 113509 1
57 10 113545 1
97 42 113568 1
19 72 113642 0
56 27 113646 1
94 41 113671 1
95 98 113720 1
58 79 113725 0
35 45 113741 1
35 90 113741 0
69 52 113744 1
60 15 113874 1
84 69 113875 0
105 69 113878 1
103 48 113921 1
101 80 113958 1
23 89 113976 0
77 46 113980 1
33 92 114009 0
57 79 114023 0
50 48 114065 1
105 55 114152 1
105 49 114162 1
57 55 114163 1
59 18 114204 1
82 44 114246 1
26 89 114259 0
48 13 114367 1
20 79 114426 0
56 29 114446 1
60 17 114453 1
98 88 114464 1
31 45 114582 0
62 12 114660 1
57 9 114671 1
88 106 114674 0
44 20 114731 0
70 49 114835 1
95 41 114940 1
47 13 114992 1
30 91 115019 0
48 53 115020 1
59 13 115054 1
105 66 115138 1
29 92 115155 0
48 52 115196 1
106 55 115311 1
36 90 115358 0
76 47 115401 1
97 91 115408 1
48 87 115425 0
81 91 115533 0
50 59 115545 1
21 81 115638 0
58 11 115662 1
96 95 115738 1
57 12 115755 1
26 92 115772 0
55 35 115887 1
45 54 115948 1
104 71 115962 1
59 19 115965 1
56 25 115977 1
52 42 115978 1
66 51 115998 1
81 106 116132 0
85 79 116183 0
25 89 116206 0
43 19 116250 0
68 74 116356 0
47 60 116362 1
83 68 116434 0
24 89 116459 0
93 42 116473 1
64 52 116492 1
31 93 116515 0
61 78 116561 0
21 67 116627 0
68 50 116685 1
104 48 116726 1
20 78 116778 0
31 92 116780 0
55 9 116819 1
88 42 116853 1
22 67 116953 0
21 68 117073 0
81 105 117115 0
21 83 117132 0
24 59 117191 0
25 87 117209 0
28 91 117236 0
55 32 117266 1
80 101 117431 0
25 58 117481 0
56 28 117509 1
29 49 117573 0
21 76 117735 0
49 86 117808 0
99 86 117867 1
30 91 117886 0
20 72 118060 0
20 71 118061 0
77 70 118096 0
60 14 118097 1
28 92 118106 0
1 43 118289 1
20 82 118375 0
82 69 118598 0
104 74 118754 1
34 92 118834 0
54 9 118840 1
55 10 119049 1
48 51 119055 1
60 13 119058 1
57 56 119078 1
22 87 119140 0
25 89 119149 0
55 36 119172 1
38 32 119216 0
33 41 119225 0
25 91 119308 0
40 90 119323 0
20 79 119382 0
24 61 119424 0
102 46 119425 1
81 102 119480 0
105 61 119511 1
26 57 119642 0
63 54 119714 1
65 52 119813 1
105 51 119900 1
104 47 119931 1
49 47 119965 1
47 57 119972 1
103 47 120149 1
105 65 120186 1
77 103 120243 0
42 88 120272 0
86 68 120276 0
70 50 120382 1
102 78 120562 1
58 10 120601 1
100 44 120700 1
101 44 120714 1
79 46 120763 1
58 79 120786 0
49 12 120897 1
79 70 121015 0
96 92 121055 1
81 103 121084 0
63 77 121186 0
106 52 121286 1
24 88 121294 0
38 90 121297 0
102 44 121392 1
48 49 121443 1
23 89 121454 0
81 98 121484 0
89 105 121537 0
21 85 121595 0
31 91 121609 0
80 87 121746 0
29 91 121750 0
99 43 121762 1
81 95 121795 0
84 77 121833 0
81 69 121853 0
82 84 121868 0
79 69 121888 0
31 46 121928 0
82 105 121944 0
28 53 121958 0
58 80 122004 0
80 98 122005 0
59 14 122013 1
90 105 122065 0
82 45 122121 1
42 21 122148 0
87 42 122206 1
60 16 122244 1
56 10 122269 1
91 42 122274 1
80 95 122278 0
21 84 122312 0
81 102 122357 0
44 88 122363 0
81 90 122376 0
37 90 122402 0
68 75 122414 0
103 72 122428 1
42 86 122429 0
19 76 122447 0
28 98 122450 0
85 80 122475 0
21 76 122578 0
86 42 122582 1
27 90 122589 0
86 69 122621 0
59 11 122646 1
27 91 122738 0
105 53 122754 1
81 101 122849 0
69 51 122910 1
106 60 122969 1
105 52 122999 1
47 52 123029 1
45 16 123030 0
77 71 123055 0
30 94 123069 0
31 92 123080 0
84 82 123102 0
86 73 123138 0
85 105 123173 0
84 105 123191 0
67 75 123192 0
57 11 123272 1
101 46 123294 1
87 106 123297 0
83 85 123315 0
86 75 123431 0
91 41 123546 1
30 47 123567 0
100 43 123586 1
85 43 123642 1
61 54 123644 1
85 68 123665 0
30 91 123703 0
104 73 123746 1
57 24 123818 1
85 89 123875 0
85 42 123875 1
24 62 123943 0
84 81 123959 0
38 29 124031 0
101 45 124088 1
57 57 124095 1
77 47 124242 1
36 91 124264 0
26 89 124296 0
95 42 124374 1
81 96 124379 0
97 42 124450 1
102 46 124608 1
103 42 124623 1
103 46 124623 1
24 88 124726 0
82 92 124738 0
21 75 124753 0
106 54 124763 1
54 8 124774 1
32 40 124800 0
98 42 124828 1
21 69 124872 0
105 50 124924 1
92 41 124931 1
93 41 124950 1
81 102 125007 0
102 45 125031 1
81 101 125103 0
56 9 125173 1
83 89 125189 0
43 20 125198 0
47 58 125203 1
84 44 125224 1
96 41 125314 1
39 29 125314 0
31 45 125339 0
32 92 125374 0
80 99 125397 0
22 90 125408 0
99 42 125447 1
85 77 125499 0
96 42 125538 1
87 68 125568 0
20 71 125667 0
96 96 125697 1
105 64 125711 1
68 51 125714 1
96 97 125750 1
81 89 125776 0
71 73 125777 0
84 105 125788 0
51 59 125794 1
27 55 125881 0
43 22 125883 0
105 67 125958 1
33 40 126006 0
67 76 126015 0
21 81 126087 0
81 92 126247 0
38 32 126248 0
47 59 126250 1
55 33 126250 1
101 81 126294 1
57 23 126354 1
55 31 126366 1
49 60 126433 1
41 87 126442 0
56 27 126511 1
80 98 126741 0
34 39 126742 0
53 38 126776 1
56 26 126778 1
54 37 126833 1
60 55 126839 1
105 66 126966 1
46 57 127016 1
89 41 127059 1
79 70 127080 0
64 76 127086 0
60 11 127125 1
83 106 127145 0
47 86 127177 0
103 47 127177 1
80 45 127203 1
77 70 127225 0
49 49 127229 1
105 58 127303 1
85 80 127304 0
85 69 127316 0
46 56 127329 1
21 74 127346 0
89 104 127361 0
56 34 127396 1
29 53 127397 0
98 90 127417 1
100 42 127471 1
53 39 127537 1
48 60 127650 1
57 79 127706 0
106 57 127731 1
59 12 127751 1
56 80 127757 0
37 31 127778 0
80 101 127881 0
83 88 127994 0
81 94 128018 0
99 43 128054 1
81 101 128152 0
24 88 128153 0
78 104 128199 0
74 48 128271 1
21 66 128322 0
39 30 128341 0
58 20 128354 1
25 87 128392 0
56 31 128395 1
23 87 128400 0
82 70 128453 0
21 76 128469 0
29 50 128490 0
83 105 128509 0
86 75 128560 0
105 69 128560 1
47 87 128601 0
84 79 128640 0
56 56 128640 1
53 9 128647 1
29 48 128722 0
50 84 128781 0
60 15 128789 1
68 74 128799 0
81 102 128818 0
102 79 128906 1
47 54 128925 1
106 56 129078 1
57 10 129180 1
101 83 129191 1
104 72 129204 1
86 69 129227 0
106 55 129252 1
84 105 129283 0
26 92 129333 0
60 12 129364 1
100 44 129403 1
101 44 129408 1
46 87 129448 0
104 47 129531 1
23 94 129655 0
59 16 129660 1
105 70 129671 1
106 62 129679 1
53 37 129679 1
105 71 129706 1
20 72 129726 0
27 54 129866 0
101 80 129879 1
87 68 129890 0
47 53 129910 1
101 79 129910 1
95 97 129965 1
25 88 129995 0
56 32 130116 1
80 99 130135 0
21 74 130226 0
57 20 130236 1
55 9 130247 1
114 78 130289 1
45 18 130513 0
58 79 130535 0
48 55 130543 1
49 59 130561 1
43 87 130607 0
105 68 130611 1
105 72 130660 1
55 34 130713 1
26 89 130802 0
87 74 130831 0
75 47 130923 1
93 42 130935 1
106 58 130984 1
60 18 131056 1
60 54 131082 1
57 25 131149 1
103 75 131184 1
21 79 131190 0
47 55 131191 1
99 88 131201 1
25 89 131290 0
71 50 131312 1
55 11 131327 1
57 80 131373 0
105 51 131373 1
74 47 131437 1
81 98 131584 0
53 10 131689 1
21 69 131704 0
103 74 131747 1
57 22 131817 1
80 95 131833 0
29 92 131862 0
59 10 131877 1
21 83 131893 0
62 54 131904 1
48 54 131905 1
23 87 131988 0
66 53 132131 1
22 87 132153 0
60 14 132277 1
59 13 132466 1
102 80 132544 1
85 78 132572 0
59 55 132648 1
87 43 132656 1
58 27 132672 1
75 71 132698 0
25 88 132806 0
69 74 132836 0
80 98 132856 0
103 45 132910 1
48 59 132963 1
81 94 132999 0
24 63 133097 0
30 91 133132 0
28 90 133454 0
24 88 133467 0
32 93 133663 0
105 65 133868 1
97 93 133885 1
83 106 133988 0
21 74 133991 0
60 13 133995 1
100 43 134053 1
88 42 134073 1
23 89 134178 0
21 73 134185 0
57 26 134210 1
101 82 134226 1
20 81 134335 0
93 40 134356 1
82 89 134518 0
21 80 134531 0
87 71 134533 0
19 72 134732 0
20 79 134795 0
42 21 134831 0
56 30 134836 1
81 103 134877 0
64 76 134959 0
82 69 134964 0
82 103 134971 0
41 23 135060 0
85 79 135062 0
42 106 135110 0
31 95 135242 0
28 50 135259 0
104 48 135273 1
31 92 135319 0
81 93 135326 0
39 28 135327 0
21 79 135344 0
27 89 135452 1
37 89 135552 0
43 21 135612 0
49 84 135650 0
80 46 135730 1
20 75 135754 0
51 83 135760 0
32 43 135766 0
29 91 135768 0
58 9 135774 1
31 91 135795 0
14 88 135833 0
81 101 136030 0
90 41 136091 1
65 76 136113 0
61 76 136169 0
28 97 136210 0
23 88 136227 0
25 88 136242 0
35 91 136263 0
20 85 136273 0
21 75 136280 0
84 105 136296 0
27 55 136357 0
80 99 136379 0
106 61 136429 1
66 74 136466 0
23 87 136599 0
48 86 136614 0
57 81 136682 0
40 26 136764 0
58 80 136851 0
28 90 137171 0
27 52 137249 0
25 60 137348 0
85 78 137447 0
81 95 137464 0
24 89 137561 0
63 76 137622 0
87 73 137703 0
51 84 137738 0
80 70 137743 0
50 85 137802 0
29 48 137851 0
27 90 137852 0
36 90 137858 0
80 107 137872 0
35 90 137929 0
87 42 137974 1
21 80 137980 0
20 71 138028 0
82 103 138037 0
26 91 138080 0
20 66 138085 0
19 73 138145 0
28 47 138215 0
30 43 138303 0
46 87 138308 0
103 76 138315 1
23 86 138323 0
27 56 138420 0
49 85 138502 0
28 91 138567 0
21 73 138592 0
60 19 138637 1
80 93 138724 0
105 49 138791 1
46 58 138896 1
82 89 138908 0
54 58 139014 1
45 17 139036 0
21 82 139070 0
32 91 139199 0
58 55 139276 1
81 94 139414 0
39 30 139515 0
86 75 139632 0
8 63 139643 0
20 81 139748 0
75 70 139756 0
77 72 140048 0
106 53 140141 1
37 33 140161 0
36 89 140416 0
58 10 140575 1
33 92 140730 0
71 49 140933 1
20 75 141108 0
43 17 141265 0
28 45 141304 0
82 86 141408 0
43 86 141566 0
34 37 141620 0
21 84 141761 0
31 43 141806 0
73 72 141887 0
23 86 141892 0
85 106 141975 0
48 52 142024 1
82 104 142045 0
56 25 142239 1
22 84 142313 0
57 9 142350 1
22 82 142429 0
94 41 142494 1
80 70 142561 0
84 79 142570 0
87 73 142578 0
69 50 142721 1
69 74 142727 0
28 51 142793 0
21 82 142877 0
104 75 143280 1
98 42 143297 1
49 13 143364 1
21 80 143471 0
97 92 143593 1
66 75 143668 0
106 59 143788 1
47 60 143855 1
47 56 144055 1
32 93 144222 0
56 35 144232 1
55 10 144349 1
49 48 144436 1
43 87 144440 0
83 106 144781 0
82 89 144786 0
59 20 144971 1
59 17 144993 1
109 45 145206 1
102 46 145270 1
95 99 145418 1
36 34 145463 0
27 89 145621 0
60 17 145823 1
52 41 145840 1
59 11 145866 1
28 90 145884 0
109 45 145964 0
81 106 146269 0
22 84 146297 0
72 49 146303 1
97 42 146400 1
60 16 146476 1
54 9 146587 1
50 59 146674 1
56 9 146822 1
82 104 146837 0
105 50 146854 1
80 98 147065 0
91 42 147136 1
20 81 147232 0
82 103 147309 0
102 45 147335 1
106 54 147337 1
95 41 147369 1
22 88 147382 0
21 74 147441 0
39 28 147559 0
39 31 147578 0
97 41 147757 1
61 14 147863 1
85 106 147930 0
81 102 147951 0
85 105 147963 0
85 78 147989 0
89 42 148011 1
106 52 148069 1
106 60 148123 1
77 69 148139 0
51 9 148153 1
99 42 148174 1
105 48 148212 1
39 89 148214 0
103 46 148234 1
104 47 148283 1
67 76 148290 0
106 51 148373 1
48 53 148490 1
106 57 148500 1
106 55 148528 1
102 78 148582 1
101 44 148592 1
86 68 148614 0
109 45 148647 1
63 76 148684 0
79 69 148750 0
105 68 148806 1
100 85 148821 1
104 46 148834 1
87 68 148859 0
76 47 148861 1
105 53 148892 1
81 96 148896 0
105 66 148923 1
96 41 148937 1
109 45 149029 0
88 41 149072 1
23 86 149131 0
85 80 149155 0
101 45 149162 1
81 45 149253 1
102 44 149269 1
106 64 149327 1
92 41 149329 1
20 75 149338 0
56 27 149386 1
99 43 149409 1
51 43 149415 1
87 74 149434 0
60 10 149483 1
101 43 149493 1
105 67 149519 1
82 92 149629 0
57 11 149638 1
80 100 149638 0
87 75 149650 0
66 75 149720 0
70 49 149754 1
101 81 149783 1
25 88 149793 0
66 74 149870 0
91 41 149876 1
87 107 149884 0
37 33 149898 0
64 76 149918 0
63 53 149996 1
105 49 149999 1
28 92 150004 0
96 95 150005 1
25 60 150013 0
81 98 150061 0
83 68 150090 0
21 82 150095 0
80 70 150096 0
32 91 150110 0
103 47 150119 1
58 22 150155 1
27 89 150155 0
98 89 150156 1
58 21 150179 1
99 47 150204 1
99 87 150204 1
57 29 150293 1
79 46 150301 1
94 100 150304 1
56 29 150304 1
93 41 150348 1
106 56 150371 1
105 69 150383 1
47 58 150415 1
81 101 150433 0
48 58 150440 1
106 68 150471 1
83 88 150484 0
72 72 150492 0
84 78 150517 0
77 70 150525 0
21 81 150533 0
81 99 150545 0
50 47 150548 1
75 70 150573 0
74 71 150629 0
81 69 150645 0
98 42 150735 1
21 79 150746 0
79 70 150750 0
86 69 150763 0
106 50 150822 1
25 87 150871 0
89 105 150901 0
83 89 150921 0
99 42 150939 1
85 68 150975 0
59 77 150986 0
103 45 151173 1
19 77 151207 0
87 73 151220 0
22 82 151233 0
83 85 151265 0
106 61 151297 1
30 47 151314 0
53 41 151323 1
54 56 151325 1
55 56 151353 1
51 58 151353 1
106 58 151360 1
57 23 151374 1
106 59 151378 1
60 12 151396 1
56 26 151456 1
29 49 151456 0
22 84 151473 0
21 76 151477 0
94 41 151540 1
47 57 151561 1
81 103 151582 0
44 20 151594 0
87 41 151642 1
23 87 151656 0
60 15 151657 1
21 69 151694 0
53 58 151694 1
28 52 151697 0
82 91 151708 0
30 91 151720 0
97 42 151774 1
32 92 151781 0
84 105 151795 0
31 44 151804 0
57 30 151858 1
21 75 151909 0
56 8 151971 1
42 86 152057 0
87 71 152133 0
85 105 152153 0
106 49 152167 1
100 42 152186 1
57 24 152240 1
101 80 152242 1
48 57 152246 1
100 43 152282 1
105 70 152300 1
29 89 152312 0
41 87 152354 0
21 73 152355 0
55 35 152357 1
79 72 152362 0
26 89 152384 0
19 79 152406 0
82 104 152406 0
65 75 152421 0
49 50 152439 1
57 10 152511 1
53 8 152525 1
90 41 152526 1
55 9 152532 1
38 32 152556 0
82 89 152604 0
31 46 152622 0
61 77 152631 0
80 95 152643 0
82 103 152654 0
47 59 152657 1
104 47 152664 1
91 39 152670 1
71 48 152725 1
36 36 152739 0
54 36 152752 1
77 69 152770 0
55 33 152795 1
22 81 152816 0
59 18 152826 1
101 44 152829 1
67 51 152831 1
68 74 152835 0
29 53 152842 0
81 94 152871 0
104 73 152927 1
43 86 152963 0
31 91 153018 0
59 10 153028 1
27 89 153043 0
85 43 153061 1
106 54 153064 1
95 41 153090 1
56 32 153099 1
106 55 153105 1
37 34 153130 0
81 99 153161 0
21 86 153165 0
97 41 153176 1
49 47 153216 1
73 48 153219 1
58 78 153224 0
69 49 153251 1
89 41 153289 1
54 39 153322 1
85 42 153334 1
106 57 153349 1
55 8 153398 1
106 60 153419 1
52 43 153515 1
42 89 153559 0
60 14 153609 1
75 48 153632 1
35 36 153643 0
57 8 153702 1
57 28 153741 1
106 62 153802 1
96 41 153825 1
31 45 153925 0
45 85 153941 0
60 11 153944 1
21 80 153966 0
90 105 153991 0
59 12 153992 1
39 29 154012 0
46 88 154015 0
83 44 154049 1
49 59 154096 1
84 42 154120 1
25 87 154149 0
21 74 154149 0
56 31 154149 1
105 48 154150 1
88 106 154205 0
29 91 154219 0
105 50 154224 1
106 52 154231 1
81 96 154246 0
22 67 154273 0
102 45 154276 1
45 86 154289 0
26 56 154302 0
54 57 154338 1
106 51 154341 1
57 55 154394 1
78 70 154405 0
104 46 154505 1
27 53 154520 0
98 41 154572 1
77 47 154590 1
25 88 154622 0
57 25 154627 1
61 54 154666 1
105 64 154692 1
79 69 154693 0
60 13 154698 1
58 54 154724 1
61 13 154788 1
21 77 154793 0
103 77 154936 1
43 22 154966 0
31 42 154979 0
22 82 154981 0
74 71 155243 0
21 81 155264 0
62 53 155283 1
79 103 155315 0
21 76 155319 0
27 52 155378 0
87 106 155388 0
80 100 155419 0
25 89 155443 0
97 92 155515 1
49 87 155548 0
70 74 155551 0
83 104 155595 0
66 75 155625 0
24 93 155634 0
81 99 155640 0
21 68 155645 0
22 84 155654 0
81 95 155657 0
28 90 155659 0
85 79 155691 0
22 81 155700 0
88 72 155708 0
21 75 155720 0
43 21 155738 0
23 86 155746 0
86 70 155758 0
30 93 155761 0
83 84 155784 0
102 44 155786 1
45 87 155790 0
22 66 155847 0
31 92 155857 0
74 48 155901 1
100 86 155903 1
52 42 155967 1
21 79 155985 0
20 84 155986 0
33 41 156084 0
95 98 156085 1
101 82 156096 1
92 41 156105 1
51 45 156129 1
50 84 156210 0
87 42 156325 1
27 90 156345 0
49 51 156347 1
67 75 156352 0
79 90 156353 0
36 35 156374 0
26 55 156378 0
53 57 156393 1
52 44 156425 1
82 91 156500 0
32 91 156529 0
57 27 156542 1
43 20 156551 0
105 71 156577 1
79 98 156599 0
31 43 156603 0
89 40 156604 1
81 98 156617 0
81 102 156628 0
56 33 156645 1
40 89 156666 0
58 79 156667 0
105 65 156669 1
81 101 156694 0
89 104 156729 0
27 89 156784 0
49 60 156830 1
56 34 156886 1
49 58 156902 1
30 44 156951 0
102 79 156986 1
62 12 156991 1
50 11 157185 1
56 79 157254 0
21 82 157388 0
57 9 157436 1
21 83 157479 0
20 92 157553 0
96 96 157573 1
78 70 157614 0
95 96 157614 1
105 49 157838 1
102 43 157932 1
23 58 157940 0
106 53 157986 1
46 87 158027 0
72 72 158056 0
48 58 158086 1
21 77 158195 0
54 8 158213 1
85 106 158290 0
106 64 158405 1
83 87 158549 0
48 59 158568 1
97 94 158580 1
58 78 158640 0
80 71 158658 0
55 10 158675 1
75 70 158707 0
51 44 158802 1
83 104 158806 0
65 75 158871 0
31 96 158999 0
22 86 159007 0
69 74 159103 0
91 41 159136 1
80 99 159205 0
29 89 159248 0
104 72 159264 1
104 45 159305 1
60 10 159334 1
39 30 159360 0
72 48 159489 1
60 12 159559 1
97 93 159582 1
81 99 159588 0
37 89 159593 0
32 93 159820 0
98 42 159846 1
38 30 159867 0
22 81 160020 0
30 89 160110 0
30 38 160110 0
60 54 160129 1
94 41 160331 1
101 83 160357 1
47 55 160388 1
75 47 160422 1
45 86 160468 0
58 9 160475 1
103 75 160489 1
78 46 160572 1
47 58 160590 1
68 50 160620 1
60 16 160773 1
29 50 160854 0
58 23 160941 1
101 43 160952 1
106 59 160961 1
42 22 161028 0
85 80 161132 0
57 31 161172 1
42 88 161206 0
59 55 161285 1
30 91 161324 0
24 88 161448 0
99 42 161461 1
18 76 161461 0
71 71 161475 0
43 19 161516 0
81 87 161543 0
78 70 161560 0
87 70 161691 0
52 9 161781 1
74 71 161810 0
26 57 161816 0
26 89 161859 0
86 41 161859 1
87 75 161868 0
56 27 161892 1
34 40 161905 0
69 76 161927 0
80 45 161948 1
80 70 162077 0
82 92 162101 0
98 90 162155 1
61 16 162170 1
83 88 162255 0
21 77 162369 0
21 73 162387 0
48 49 162406 1
106 66 162525 1
20 78 162525 0
86 75 162553 0
84 67 162627 0
83 104 162659 0
87 68 162709 0
17 76 162798 0
19 83 162820 0
23 64 162885 0
83 87 162985 0
101 84 162998 1
60 55 163021 1
31 41 163045 0
47 86 163046 0
61 53 163080 1
65 74 163099 0
80 102 163255 0
104 74 163470 1
106 58 163508 1
66 74 163528 0
114 78 163588 1
59 11 163606 1
81 100 163661 0
55 31 163707 1
34 105 163799 0
34 92 163799 0
102 81 163866 1
43 87 163958 0
47 54 164022 1
101 42 164107 1
57 26 164109 1
103 45 164176 1
71 49 164179 1
80 100 164179 0
106 56 164199 1
59 79 164258 0
106 61 164362 1
93 41 164373 1
45 87 164378 0
102 80 164422 1
84 82 164426 0
105 68 164672 1
77 46 164728 1
91 103 164929 0
90 41 164933 1
48 52 164974 1
82 91 164994 0
102 78 165315 1
42 87 165318 0
103 76 165412 1
58 10 165439 1
79 70 165466 0
34 36 165548 0
49 84 165571 0
65 51 165650 1
55 34 165661 1
44 89 165669 0
36 89 165703 0
76 46 165802 1
106 55 165818 1
78 71 165902 0
22 88 165909 0
61 12 165941 1
21 74 165946 0
95 97 165980 1
27 55 166054 0
63 54 166055 1
32 92 166169 0
25 87 166175 0
61 76 166177 0
57 23 166257 1
21 80 166301 0
37 33 166341 0
52 84 166343 0
105 69 166453 1
48 56 166630 1
24 65 166633 0
22 86 166701 0
67 50 166761 1
51 59 166816 1
106 54 166910 1
82 104 166973 0
53 9 167016 1
21 78 167048 0
69 50 167079 1
47 57 167085 1
81 99 167099 0
22 70 167193 0
68 51 167216 1
84 43 167229 1
54 38 167323 1
81 100 167365 0
59 10 167533 1
106 67 167602 1
48 53 167605 1
42 24 167634 0
20 84 167696 0
82 69 167715 0
58 21 167737 1
70 49 167848 1
95 41 167863 1
39 31 168106 0
47 60 168159 1
77 70 168291 0
49 85 168324 0
21 87 168331 0
97 95 168358 1
56 56 168512 1
49 55 168520 1
87 70 168537 0
106 57 168557 1
50 59 168662 1
106 52 168726 1
56 8 168733 1
31 91 168819 0
18 86 168843 0
30 47 168895 0
61 14 168937 1
17 92 168955 0
66 51 168998 1
22 82 169095 0
39 28 169140 0
53 56 169155 1
104 47 169309 1
20 81 169323 0
36 34 169442 0
60 15 169473 1
51 85 169486 0
30 90 169507 0
99 43 170011 1
86 70 170060 0
81 44 170064 1
28 89 170072 0
56 32 170102 1
101 44 170189 1
106 50 170237 1
98 91 170303 1
83 87 170308 0
47 53 170320 1
65 52 170371 1
64 52 170413 1
60 11 170467 1
62 54 170590 1
100 42 170667 1
48 54 170740 1
105 66 170885 1
63 8 171059 1
82 87 171105 0
92 40 171153 1
97 41 171234 1
87 105 171350 0
21 78 171614 0
84 78 171646 0
49 52 171649 1
57 24 171855 1
78 70 171883 0
21 72 171884 0
105 48 171903 1
55 9 171967 1
76 47 172054 1
85 41 172102 1
56 125 172166 1
48 55 172207 1
99 9 172213 1
46 86 172346 0
81 100 172375 0
53 42 172406 1
55 37 172427 1
58 22 172501 1
91 40 172526 1
58 20 172618 1
22 66 172884 0
26 90 173023 0
82 44 173033 1
96 97 173206 1
42 22 173233 0
106 62 173236 1
22 70 173261 0
28 89 173373 0
80 102 173402 0
79 45 173411 1
41 88 173422 0
33 92 173553 0
42 87 173626 0
30 90 173721 0
101 81 173799 1
81 97 173872 0
48 86 173874 0
41 27 174083 0
23 84 174431 0
60 14 174435 1
83 104 174491 0
22 84 174638 0
59 78 174688 0
104 40 174798 1
29 51 175014 0
24 64 175072 0
29 48 175352 0
1 13 175378 1
51 46 175494 1
22 86 175587 0
126 86 175611 1
31 47 175688 0
21 77 175896 0
98 38 175898 1
39 88 175904 0
53 38 176047 1
86 106 176123 0
25 60 176226 0
56 9 176337 1
26 59 176419 0
60 13 176878 1
35 34 176995 0
87 74 177495 0
81 69 177662 0
21 72 177773 0
25 61 177883 0
21 78 177949 0
57 22 178036 1
97 42 178097 1
28 89 178312 0
77 69 178455 0
23 84 178643 0
83 89 178657 0
42 86 178767 0
106 60 178841 1
22 93 178864 0
66 76 178912 0
87 73 179056 0
27 89 179359 0
71 72 179368 0
22 81 179439 0
40 92 179543 0
101 52 179606 1
85 78 179875 0
79 98 180070 0
82 103 180089 0
82 87 180226 0
21 91 180322 0
57 79 180382 0
38 89 180407 0
40 88 180648 0
88 41 180752 1
86 66 181021 0
85 67 181141 0
69 73 181339 0
87 107 181365 0
26 90 181621 0
62 78 181724 0
81 97 181889 0
59 78 182045 0
42 89 182274 0
89 41 182427 1
105 47 182726 1
25 63 182728 0
57 28 182961 1
57 10 183345 1
86 106 183364 0
20 76 183451 0
32 43 183586 0
92 41 183588 1
78 71 183779 0
105 70 184173 1
83 90 184454 0
49 50 184624 1
20 77 184832 0
55 8 184919 1
104 46 185162 1
46 86 185400 0
23 84 186222 0
80 102 186226 0
86 77 186347 0
96 41 186379 1
32 41 186413 0
106 51 186641 1
107 52 186735 1
82 102 186949 0
98 41 187096 1
44 86 187201 0
102 44 187290 1
99 42 187339 1
106 49 187440 1
29 51 187501 0
103 45 187561 1
21 72 187754 0
79 69 188126 0
106 59 188140 1
83 103 188213 0
86 68 188243 0
106 65 188281 1
30 90 188332 0
99 41 188401 1
106 64 188429 1
83 83 188590 0
87 41 188702 1
28 95 188717 0
83 92 188850 0
106 68 188878 1
88 72 189063 0
94 40 189266 1
97 41 189269 1
57 8 189279 1
73 71 189282 0
106 61 189300 1
60 8 189310 1
97 40 189312 1
68 49 189319 1
61 11 189361 1
16 11 189392 1
94 41 189393 1
106 46 189430 1
106 51 189430 1
27 57 189468 0
57 25 189505 1
50 48 189541 1
100 41 189545 1
105 72 189561 1
61 15 189594 1
102 43 189675 1
81 100 189700 0
23 64 189719 0
105 46 189737 1
97 43 189847 1
97 92 189849 1
95 40 189889 1
57 29 189939 1
90 40 189939 1
106 66 189940 1
95 94 189991 1
49 59 190037 1
47 59 190044 1
105 48 190047 1
111 49 190085 1
57 27 190108 1
103 44 190110 1
96 41 190142 1
48 57 190143 1
85 81 190152 0
61 10 190152 1
57 7 190185 1
103 45 190186 1
104 15 190186 1
96 40 190225 1
92 40 190253 1
55 36 190254 1
98 89 190255 1
93 40 190257 1
60 17 190321 1
57 30 190341 1
52 41 190347 1
56 36 190354 1
107 55 190374 1
81 98 190386 0
106 50 190418 1
58 8 190429 1
59 77 190435 0
91 41 190488 1
102 44 190501 1
40 88 190513 0
98 98 190526 1
74 48 190541 1
56 35 190560 1
39 88 190573 0
104 33 190622 1
104 73 190622 1
83 68 190623 0
29 89 190653 0
53 37 190693 1
83 85 190698 0
106 55 190716 1
100 42 190781 1
106 60 190789 1
41 87 190792 0
44 19 190835 0
71 73 190848 0
85 105 190877 0
102 79 190878 1
28 53 190890 0
87 70 190956 0
89 104 190968 0
44 21 190974 0
60 12 191033 1
101 82 191071 1
49 47 191087 1
72 72 191093 0
104 45 191107 1
99 42 191131 1
44 20 191154 0
61 77 191198 0
45 86 191260 0
21 76 191285 0
105 49 191300 1
59 54 191300 1
82 102 191340 0
73 48 191359 1
63 76 191366 0
77 69 191404 0
31 46 191411 0
60 9 191431 1
95 41 191461 1
55 7 191485 1
57 26 191492 1
60 10 191539 1
66 75 191564 0
75 70 191587 0
35 90 191634 0
28 89 191657 0
81 99 191666 0
63 53 191667 1
85 67 191675 0
61 13 191702 1
31 45 191730 0
58 78 191758 0
102 42 191767 1
61 78 191788 0
43 86 191791 0
68 74 191803 0
105 71 191862 1
32 91 191894 0
84 80 191915 0
20 75 191932 0
45 85 191953 0
106 57 191977 1
36 38 192020 0
81 96 192043 0
22 70 192067 0
42 24 192099 0
82 89 192170 0
83 103 192201 0
21 75 192203 0
83 43 192209 1
86 77 192211 0
34 39 192217 0
29 53 192221 0
50 58 192265 1
83 88 192339 0
98 41 192408 1
50 47 192410 1
87 71 192415 0
26 90 192463 0
89 40 192520 1
45 19 192522 0
106 48 192533 1
25 88 192551 0
82 92 192557 0
83 87 192559 0
102 80 192561 1
25 87 192596 0
105 47 192606 1
86 66 192625 0
51 58 192640 1
40 27 192655 0
26 59 192659 0
97 93 192717 1
97 96 192725 1
56 8 192770 1
48 58 192811 1
61 54 192835 1
81 69 192845 0
41 88 192869 0
35 39 192878 0
50 85 192886 0
76 71 192910 0
74 71 192915 0
59 19 192926 1
50 84 192954 0
54 9 192974 1
103 79 193006 1
106 49 193027 1
57 9 193056 1
57 23 193076 1
97 41 193120 1
87 75 193225 0
59 78 193290 0
101 85 193357 1
106 67 193384 1
38 89 193418 0
81 101 193427 0
51 43 193427 1
82 88 193467 0
29 89 193493 0
85 76 193506 0
87 105 193515 0
69 49 193536 1
74 47 193623 1
82 94 193647 0
45 18 193664 0
103 77 193732 1
104 46 193742 1
107 53 193756 1
114 78 193827 1
43 22 193853 0
65 75 193892 0
54 8 193963 1
59 10 193982 1
57 25 193985 1
13 85 194009 0
51 84 194019 0
31 91 194124 0
22 82 194134 0
60 54 194135 1
88 66 194146 0
101 83 194154 1
79 69 194180 0
57 31 194216 1
25 61 194218 0
52 43 194253 1
73 110 194274 0
39 30 194284 0
81 91 194297 0
37 89 194320 0
86 106 194351 0
82 87 194351 0
85 80 194356 0
44 87 194385 0
19 74 194472 0
102 78 194514 1
22 81 194544 0
65 74 194546 0
22 67 194569 0
61 17 194597 1
45 87 194598 0
47 56 194598 1
27 56 194612 0
21 78 194670 0
75 73 194673 0
50 10 194762 1
47 58 194768 1
49 58 194795 1
99 87 194810 1
73 47 194815 1
102 81 194838 1
49 84 194839 0
66 74 194845 0
31 44 194846 0
31 43 194850 0
59 8 194852 1
47 84 195006 0
48 88 195054 0
27 96 195074 0
106 64 195097 1
56 79 195161 0
23 84 195192 0
51 83 195193 0
23 60 195211 0
21 79 195220 0
61 14 195224 1
84 105 195249 0
39 29 195283 0
49 51 195351 1
103 45 195367 1
60 18 195371 1
85 72 195392 0
36 90 195416 0
82 102 195427 0
89 105 195470 0
44 86 195519 0
20 76 195531 0
63 52 195609 1
101 42 195680 1
30 90 195731 0
53 41 195732 1
31 47 195752 0
58 54 195754 1
50 49 195763 1
103 76 195772 1
28 89 195840 0
90 41 195861 1
42 87 195906 0
57 8 196049 1
28 54 196072 0
55 56 196135 1
69 73 196157 0
60 11 196160 1
98 91 196277 1
61 12 196301 1
57 24 196308 1
102 43 196352 1
81 97 196353 0
62 12 196359 1
83 103 196527 0
83 86 196561 0
54 37 196668 1
57 33 196670 1
96 96 196722 1
18 82 196766 0
83 90 196789 0
106 51 196822 1
48 53 196844 1
98 90 196975 1
27 58 196985 0
85 81 196997 0
62 53 197043 1
81 93 197064 0
57 27 197117 1
43 21 197171 0
57 55 197228 1
30 91 197303 0
87 40 197381 1
29 90 197404 0
58 7 197406 1
103 47 197416 1
103 78 197416 1
48 57 197518 1
77 46 197519 1
89 69 197525 0
20 77 197545 0
57 32 197615 1
72 48 197693 1
47 57 197790 1
43 88 197807 0
52 45 197814 1
54 39 197822 1
107 57 197868 1
58 22 197878 1
86 67 197885 0
57 54 197969 1
98 40 198058 1
25 63 198091 0
106 70 198147 1
105 69 198165 1
56 34 198221 1
85 42 198309 1
57 28 198322 1
91 40 198399 1
80 45 198518 1
21 70 198594 0
69 50 198658 1
82 91 198705 0
38 31 198713 0
59 21 198776 1
98 92 198804 1
82 94 198809 0
48 55 198946 1
20 84 198974 0
60 10 198998 1
38 32 199033 0
103 44 199166 1
59 55 199205 1
60 16 199338 1
40 26 199393 0
54 36 199522 1
83 69 199527 0
29 91 199545 0
87 69 199665 0
40 88 199778 0
48 56 199823 1
105 48 199850 1
52 10 199864 1
106 61 199892 1
107 50 199896 1
55 52 199951 1
0 0 200010 0
