37 48 0 0
83 57 131 1
58 83 193 1
63 66 247 0
88 112 348 0
87 92 349 0
49 36 420 1
32 41 456 0
28 23 594 0
34 81 1088 0
29 30 1297 0
71 48 1384 1
72 73 1516 0
76 52 1554 1
35 73 1608 0
33 71 1652 0
80 55 1742 1
85 86 1904 0
35 43 1995 0
69 47 2004 1
58 70 2265 1
73 73 2482 0
37 87 2524 0
100 79 2528 1
39 57 2555 0
95 73 2699 1
58 75 2701 1
53 42 2978 1
0 40 3091 1
88 64 3341 1
62 45 3453 1
55 43 3776 1
34 72 3855 0
84 58 3879 1
103 85 3977 1
58 78 4021 1
37 47 4143 0
42 17 4397 1
48 33 4421 1
73 49 4443 1
51 40 4478 1
70 71 4679 0
41 15 4844 1
103 84 4889 1
102 83 4950 1
91 69 5074 1
99 78 5125 1
74 75 5244 0
86 61 5303 1
30 35 5405 0
104 86 5470 1
38 49 5601 0
94 71 5633 1
99 77 5641 1
15 40 5744 1
103 91 5751 1
81 81 5773 0
90 67 5828 1
100 78 5868 1
77 77 5871 0
85 85 5877 0
75 51 6048 1
103 83 6053 1
49 35 6194 1
97 74 6204 1
73 73 6239 0
97 75 6275 1
101 81 6280 1
104 88 6437 1
31 35 6479 0
87 64 6496 1
34 76 6540 0
92 69 6585 1
87 94 6601 0
101 80 6683 1
65 46 6722 1
45 26 6725 1
73 72 6759 0
72 73 6787 0
87 93 6818 0
89 64 6856 1
85 59 6868 1
76 77 6881 0
63 46 6892 1
55 44 6894 1
82 56 6895 1
72 48 6946 1
67 67 6952 0
93 71 6993 1
68 46 6996 1
104 89 7008 1
73 48 7035 1
56 44 7041 1
89 66 7043 1
58 72 7065 1
79 54 7139 1
77 78 7197 0
104 87 7197 1
81 105 7231 0
28 23 7303 0
102 81 7383 1
85 111 7425 0
101 103 7450 1
58 45 7455 1
78 52 7457 1
103 85 7527 1
104 93 7570 1
87 63 7580 1
51 38 7606 1
85 60 7641 1
95 72 7672 1
97 76 7689 1
89 65 7707 1
87 89 7740 0
79 55 7744 1
91 69 7757 1
81 56 7767 1
55 45 7778 1
30 35 7781 0
57 80 7820 1
91 70 7850 1
51 39 7897 1
98 77 7900 1
81 55 7923 1
58 79 7925 1
42 20 7950 1
50 37 8004 1
88 112 8007 0
33 76 8039 0
104 85 8045 1
104 91 8060 1
37 88 8067 0
48 32 8084 1
83 84 8087 0
66 46 8106 1
103 94 8107 1
75 50 8160 1
74 49 8194 1
47 30 8211 1
75 76 8258 1
75 76 8258 0
93 111 8258 0
67 45 8270 1
96 73 8276 1
71 47 8322 1
77 53 8326 1
35 47 8344 0
43 21 8344 1
68 47 8379 1
36 43 8396 0
79 80 8478 0
81 81 8496 0
37 87 8498 0
102 83 8500 1
47 32 8503 1
51 92 8520 0
103 84 8537 1
47 31 8555 1
58 77 8576 1
86 112 8593 0
39 90 8597 0
34 70 8625 0
29 24 8651 0
86 60 8651 1
35 73 8662 0
92 70 8676 1
50 38 8697 1
54 42 8710 1
88 65 8767 1
77 52 8771 1
90 41 8772 1
58 67 8772 1
58 76 8772 1
91 68 8795 1
43 22 8863 1
91 67 8869 1
65 47 8882 1
90 66 8904 1
29 30 8906 0
39 14 8965 1
52 40 8966 1
66 68 9011 0
38 14 9082 1
31 34 9112 0
87 92 9113 0
39 49 9123 0
102 99 9167 1
45 93 9180 0
83 58 9205 1
60 45 9247 1
35 80 9247 0
59 73 9291 1
73 73 9292 0
76 50 9328 1
29 21 9335 0
80 54 9364 1
77 77 9387 0
43 92 9390 0
37 86 9410 0
34 14 9415 1
61 44 9418 1
102 84 9426 1
80 55 9430 1
93 70 9439 1
40 15 9440 1
69 47 9480 1
46 27 9485 1
44 24 9497 1
34 72 9498 0
35 78 9510 0
90 7 9576 1
95 109 9589 0
29 26 9634 0
99 77 9692 1
57 83 9693 1
99 78 9699 1
76 51 9737 1
52 41 9747 1
104 92 9788 1
73 72 9812 0
88 63 9868 1
87 62 9881 1
41 17 9934 1
35 15 9949 1
57 84 9970 1
50 36 9978 1
104 86 9990 1
29 25 10001 0
58 82 10030 1
43 19 10031 1
94 71 10047 1
75 51 10090 1
59 69 10128 1
69 46 10137 1
97 75 10149 1
93 71 10156 1
67 46 10241 1
44 25 10249 1
33 40 10261 0
62 66 10267 0
42 18 10296 1
98 75 10297 1
83 110 10319 0
46 29 10338 1
34 78 10343 0
59 70 10358 1
58 80 10374 1
79 54 10388 1
72 48 10430 1
48 32 10432 1
63 45 10472 1
45 27 10492 1
44 93 10515 0
58 73 10525 1
37 14 10533 1
74 48 10542 1
54 43 10550 1
89 66 10560 1
57 46 10587 1
86 61 10592 1
46 28 10641 1
55 44 10642 1
47 33 10643 1
41 90 10656 0
35 79 10689 0
96 74 10690 1
101 80 10718 1
47 29 10719 1
58 84 10720 1
71 70 10732 0
45 25 10737 1
86 86 10760 0
105 108 10772 1
42 19 10787 1
103 95 10844 1
103 83 10871 1
35 43 10880 0
36 62 10898 0
43 23 10902 1
79 81 10947 0
82 56 11003 1
35 74 11028 0
85 60 11055 1
65 45 11069 1
47 77 11073 0
47 31 11073 1
78 54 11075 1
39 16 11097 1
38 51 11109 0
38 49 11112 0
79 53 11130 1
85 85 11147 0
104 89 11159 1
53 42 11186 1
36 38 11201 1
99 76 11205 1
43 21 11212 1
65 122 11274 1
74 75 11314 0
101 81 11320 1
35 83 11404 0
84 57 11456 1
36 43 11468 0
42 91 11473 0
73 48 11493 1
37 47 11497 0
51 39 11558 1
57 86 11566 1
91 71 11568 1
49 33 11612 1
47 93 11630 0
31 35 11668 0
30 31 11728 0
91 69 11770 1
43 22 11776 1
30 33 11783 0
56 45 11821 1
49 94 11835 0
72 47 11863 1
39 53 11893 0
88 64 11907 1
34 76 11932 0
42 20 11932 1
81 81 11978 0
71 47 11987 1
51 38 12003 1
81 55 12003 1
35 64 12012 0
68 46 12028 1
58 72 12031 1
59 72 12061 1
47 30 12117 1
78 79 12177 0
87 61 12236 1
49 34 12243 1
43 18 12364 1
73 50 12385 1
40 121 12401 1
35 70 12411 0
42 16 12459 1
81 56 12476 1
97 74 12483 1
86 88 12573 0
51 37 12573 1
109 45 12586 0
36 14 12590 1
87 94 12611 0
39 50 12630 0
35 82 12653 0
36 64 12657 0
85 111 12715 0
84 58 12750 1
58 78 12782 1
63 44 12789 1
82 101 12858 0
10 19 12923 1
85 59 12929 1
52 39 12959 1
44 24 12983 1
54 41 12999 1
95 73 13013 1
65 46 13053 1
55 43 13063 1
75 50 13077 1
81 103 13107 0
37 88 13124 0
37 15 13172 1
89 64 13177 1
29 24 13190 0
35 73 13202 0
73 73 13247 0
103 85 13285 1
49 36 13285 1
37 87 13321 0
79 78 13349 0
91 111 13401 0
71 70 13419 0
100 78 13477 1
74 49 13617 1
39 15 13703 1
101 108 13713 1
35 14 13724 1
48 94 13735 0
38 55 13759 0
63 46 13773 1
43 92 13798 0
41 91 13806 0
72 73 13856 0
75 49 13899 1
39 49 13901 0
30 35 14069 0
88 88 14069 0
36 61 14093 0
67 65 14137 0
46 94 14147 0
44 25 14184 1
88 66 14195 1
45 26 14196 1
95 72 14218 1
53 41 14233 1
39 17 14302 1
42 17 14311 1
29 25 14313 0
126 40 14338 1
65 66 14340 0
37 86 14342 0
0 102 14349 0
87 90 14360 0
29 26 14424 0
86 86 14432 0
80 81 14433 0
88 112 14459 0
90 67 14477 1
70 46 14526 1
50 36 14547 1
77 78 14608 0
89 65 14609 1
38 48 14619 0
77 51 14633 1
57 45 14668 1
35 79 14727 0
42 91 14747 0
81 107 14767 0
41 16 14775 1
29 21 14797 0
28 23 14819 0
71 48 14849 1
44 93 14933 0
76 77 14955 0
103 84 15053 1
55 45 15070 1
50 93 15110 0
34 69 15113 0
77 77 15263 0
77 52 15264 1
31 34 15274 0
82 111 15306 0
35 84 15321 0
54 42 15321 1
34 77 15335 0
47 31 15412 1
43 20 15418 1
72 72 15425 0
86 89 15439 0
85 112 15485 0
34 71 15570 0
36 87 15657 0
59 67 15721 1
102 81 15751 1
40 15 15751 1
36 63 15754 0
102 83 15787 1
35 78 15805 0
35 67 15863 0
50 35 15886 1
101 79 15976 1
71 70 15995 0
35 63 16020 0
51 40 16022 1
78 52 16088 1
37 60 16197 0
55 44 16205 1
34 78 16258 0
98 76 16267 1
36 43 16302 0
34 72 16310 0
87 112 16328 0
83 57 16383 1
61 45 16386 1
73 72 16416 0
48 33 16506 1
92 69 16526 1
91 68 16642 1
60 44 16752 1
43 17 16811 1
47 32 16844 1
37 46 16852 0
41 14 16939 1
81 82 16949 0
96 73 16974 1
104 87 17122 1
31 35 17122 0
47 94 17276 0
38 14 17281 1
46 28 17332 1
46 27 17358 1
80 55 17372 1
42 18 17461 1
92 70 17470 1
58 45 17566 1
102 101 17582 1
111 111 17600 1
86 86 17607 0
35 44 17622 0
45 27 17672 1
48 32 17673 1
64 45 17689 1
41 18 17789 1
34 76 17793 0
43 22 17827 1
87 93 17890 0
49 32 17914 1
72 48 17940 1
35 75 17992 0
41 90 18048 0
35 65 18068 0
90 66 18074 1
104 85 18150 1
84 112 18187 0
81 108 18252 0
92 112 18403 0
76 51 18445 1
38 48 18559 0
103 96 18618 1
86 112 18622 0
69 47 18635 1
34 40 18640 0
28 27 18661 0
29 30 18664 0
86 88 18684 0
94 71 18711 1
90 113 18719 0
38 49 18733 0
104 86 18742 1
38 54 18744 0
104 88 18802 1
80 54 18865 1
80 81 18920 0
29 25 18926 0
35 80 18939 0
31 36 19026 0
81 102 19038 0
94 111 19073 0
102 100 19085 1
46 29 19282 1
42 91 19342 0
86 87 19343 0
72 72 19357 0
75 77 19392 0
81 81 19407 0
31 39 19439 0
52 40 19489 1
71 70 19536 0
97 75 19676 1
71 71 19682 0
79 80 19774 0
68 68 19826 0
30 35 19898 0
74 74 19903 0
58 75 19933 1
44 93 20002 0
45 93 20064 0
87 112 20102 0
66 66 20117 0
35 79 20190 0
74 73 20227 0
74 75 20340 0
87 89 20417 0
87 92 20427 0
66 45 20441 1
29 20 20457 0
35 74 20523 0
35 67 20526 0
51 38 20529 1
37 46 20590 0
51 39 20602 1
37 90 20817 0
70 71 20826 0
56 44 20908 1
30 18 20940 0
37 65 20965 1
37 88 20965 0
96 72 21084 1
81 82 21140 0
64 66 21159 0
40 91 21243 0
29 22 21289 0
83 111 21318 0
59 83 21661 1
62 65 21774 0
34 67 21788 0
41 19 21823 1
35 75 21836 0
86 60 21884 1
85 58 21958 1
93 70 21959 1
82 111 21969 0
36 82 21991 0
34 40 22026 0
41 15 22029 1
100 77 22042 1
86 86 22127 0
38 90 22212 0
69 46 22215 1
37 87 22249 0
49 35 22317 1
42 19 22335 1
95 71 22338 1
73 47 22348 1
83 82 22363 0
58 44 22400 1
86 61 22492 1
69 68 22545 0
88 63 22617 1
88 88 22644 0
39 14 22672 1
35 62 22710 0
58 79 22809 1
74 73 22924 0
73 73 22935 0
62 45 22957 1
47 29 22960 1
72 72 22966 0
85 84 22972 0
80 81 23002 0
79 78 23032 0
79 54 23054 1
37 89 23141 0
83 110 23219 0
71 68 23427 0
83 81 23450 0
35 44 23497 0
36 64 23539 0
41 17 23567 1
37 47 23612 0
48 31 23645 1
86 89 23725 0
104 91 23831 1
58 83 23917 1
39 90 23945 0
88 62 24094 1
87 112 24204 0
38 48 24218 0
67 69 24230 0
37 52 24314 0
53 42 24327 1
52 92 24342 0
74 74 24412 0
75 51 24575 1
86 87 24579 0
34 78 24593 0
59 77 24661 1
59 80 24666 1
71 70 24728 0
33 16 24768 1
69 71 24864 0
36 82 24907 0
83 82 24932 0
35 73 24934 0
37 46 24949 0
67 46 24964 1
47 30 24971 1
66 66 24985 0
44 24 25019 1
31 36 25088 0
38 51 25209 0
37 14 25223 1
82 56 25229 1
123 102 25291 1
57 44 25439 1
35 43 25490 0
49 93 25557 0
56 45 25557 1
29 22 25582 0
67 65 25801 0
64 65 25927 0
85 87 25950 0
38 57 25976 0
73 48 26049 1
85 84 26078 0
102 80 26196 1
69 68 26219 0
75 50 26317 1
29 25 26319 0
99 77 26344 1
34 40 26346 0
69 69 26363 0
83 109 26387 0
86 88 26425 0
91 66 26553 1
49 34 26564 1
74 73 26700 0
81 82 26873 0
101 102 26958 1
75 77 26959 0
85 60 27060 1
45 94 27079 0
33 40 27106 0
38 50 27188 0
83 111 27251 0
30 35 27283 0
44 23 27358 1
52 91 27384 0
52 39 27430 1
32 16 27494 1
27 26 27590 0
82 103 27615 0
58 73 27619 1
35 69 27642 0
40 91 27647 0
57 85 27685 1
35 75 27689 0
37 62 27768 0
35 70 27814 0
39 58 27823 0
39 52 27823 0
38 52 27880 0
72 72 27903 0
80 80 27931 0
44 25 27959 1
38 53 28001 0
28 23 28008 0
58 82 28035 1
35 67 28058 0
29 24 28066 0
31 35 28154 0
40 50 28248 0
29 28 28289 0
92 112 28333 0
33 75 28353 0
35 91 28409 0
44 93 28421 0
36 82 28496 0
86 94 28530 0
80 81 28536 0
34 76 28621 0
41 94 28766 0
34 42 28802 0
38 92 28822 0
35 72 28882 0
38 90 29118 0
83 82 29204 0
97 74 29210 1
94 66 29261 1
40 52 29305 0
102 99 29318 1
31 41 29493 0
82 111 29630 0
85 84 29714 0
35 44 29742 0
33 37 29796 0
69 68 29886 0
40 14 29966 1
74 74 30026 0
91 67 30342 1
83 109 30394 0
34 79 30405 0
36 45 30440 0
42 20 30444 1
64 65 30455 0
34 65 30551 0
59 45 30565 1
42 95 30626 0
34 70 30682 0
34 16 30683 1
64 66 30716 0
29 22 30833 0
66 66 30868 0
86 87 31114 0
34 75 31156 0
67 68 31223 0
45 26 31305 1
80 80 31366 0
38 46 31376 0
62 46 31377 1
81 105 31469 0
29 34 31508 0
76 81 31573 0
70 69 31589 0
76 49 31626 1
35 79 31638 0
74 49 31697 1
103 83 31750 1
33 14 31821 1
31 36 31857 0
58 85 31863 1
105 87 31912 1
35 69 32002 0
101 80 32158 1
85 111 32182 0
104 84 32183 1
30 30 32196 0
27 22 32267 0
86 95 32304 0
88 112 32304 0
40 50 32311 0
35 42 32321 0
86 86 32492 0
21 47 32494 0
87 94 32500 0
87 112 32564 0
29 23 32569 0
73 72 32599 0
37 46 32607 0
91 111 32677 0
46 95 32721 0
69 69 32741 0
30 27 32765 0
30 35 32789 0
103 94 32881 1
95 72 33132 1
98 74 33270 1
92 68 33281 1
94 70 33291 1
82 80 33296 0
77 77 33327 0
35 72 33443 0
104 89 33453 1
85 59 33474 1
88 87 33517 0
103 84 33540 1
81 55 33675 1
84 58 33778 1
89 64 33798 1
98 75 33880 1
50 36 33907 1
71 47 33939 1
60 45 33949 1
74 48 33951 1
53 41 33984 1
72 47 33986 1
76 50 33989 1
84 57 34042 1
67 45 34058 1
62 44 34097 1
100 78 34101 1
80 82 34171 0
84 56 34246 1
36 14 34266 1
91 69 34311 1
55 43 34330 1
79 53 34341 1
59 78 34344 1
104 85 34421 1
79 106 34539 0
29 28 34594 0
42 17 34609 1
38 87 34667 0
93 71 34779 1
43 19 34781 1
43 21 34797 1
68 46 34841 1
105 88 34886 1
99 79 34900 1
103 82 34902 1
88 88 34929 0
86 89 34931 0
89 66 34989 1
47 31 35006 1
69 68 35076 0
33 37 35089 0
78 52 35106 1
51 37 35124 1
104 93 35192 1
31 37 35206 0
82 103 35211 0
36 13 35223 1
45 25 35229 1
58 78 35276 1
49 33 35316 1
105 90 35334 1
81 54 35388 1
99 76 35411 1
31 33 35428 0
43 22 35436 1
96 73 35490 1
85 85 35494 0
83 82 35544 0
80 80 35557 0
38 46 35568 0
79 78 35569 0
104 92 35569 1
68 45 35570 1
93 69 35575 1
74 73 35607 0
39 50 35654 0
65 65 35725 0
36 82 35744 0
45 24 35764 1
37 63 35766 0
38 90 35808 0
59 73 35820 1
39 49 35837 0
36 45 35854 0
85 84 35873 0
52 38 35947 1
30 31 35956 0
77 51 35988 1
77 50 36004 1
102 81 36025 1
59 69 36065 1
80 54 36087 1
36 43 36120 0
41 90 36183 0
91 68 36233 1
65 46 36256 1
80 53 36309 1
30 35 36313 0
38 89 36335 0
42 91 36343 0
83 111 36366 0
94 71 36391 1
35 42 36414 0
93 70 36415 1
89 111 36455 0
71 68 36537 0
47 93 36585 0
30 27 36644 0
36 62 36686 0
64 65 36690 0
37 86 36718 0
34 40 36721 0
59 70 36754 1
77 52 36828 1
87 61 36853 1
40 52 36865 0
55 44 36881 1
54 42 36899 1
83 109 36956 0
99 77 36963 1
63 45 36978 1
34 74 37041 0
35 74 37042 0
79 54 37131 1
101 80 37142 1
81 81 37167 0
48 32 37178 1
72 48 37235 1
59 74 37292 1
82 84 37319 0
101 79 37339 1
97 73 37346 1
70 69 37349 0
46 28 37410 1
85 87 37447 0
30 30 37495 0
29 23 37534 0
97 75 37616 1
43 20 37786 1
51 38 37828 1
76 76 37858 0
71 46 37860 1
35 69 37863 0
50 35 37865 1
81 56 37901 1
109 45 37945 1
55 42 38011 1
103 95 38044 1
83 81 38065 0
35 78 38114 0
104 86 38150 1
63 65 38182 0
75 49 38194 1
44 24 38219 1
47 28 38246 1
38 14 38269 1
46 26 38353 1
42 16 38371 1
84 86 38420 0
34 14 38423 1
85 60 38446 1
58 84 38455 1
40 15 38488 1
38 87 38515 0
40 91 38557 0
84 111 38581 0
90 66 38626 1
40 50 38656 0
47 30 38686 1
65 45 38703 1
30 24 38781 0
83 55 38803 1
33 69 38816 0
72 72 38829 0
54 41 38841 1
49 93 38861 0
88 62 38877 1
43 18 38930 1
96 72 38942 1
103 83 38975 1
34 75 39005 0
59 44 39034 1
29 19 39047 0
69 45 39133 1
31 34 39138 0
48 30 39170 1
35 72 39233 0
90 67 39249 1
86 60 39316 1
59 72 39319 1
35 66 39341 0
81 110 39390 0
79 107 39425 0
46 27 39469 1
57 45 39489 1
79 79 39491 0
58 72 39504 1
30 35 39526 0
36 64 39538 0
70 46 39579 1
90 64 39637 1
38 48 39794 0
33 37 39815 0
24 80 39872 0
43 92 39892 0
83 86 39910 0
39 14 39980 1
79 83 39987 0
47 29 40006 1
67 65 40050 0
78 79 40061 0
82 56 40062 1
29 21 40067 0
38 46 40083 0
67 67 40173 0
50 34 40189 1
65 65 40196 0
59 79 40203 1
29 22 40227 0
35 75 40247 0
29 26 40314 0
37 13 40337 1
109 45 40437 0
89 65 40440 1
33 38 40450 0
40 92 40503 0
51 92 40505 0
34 72 40523 0
93 111 40602 0
35 73 40690 0
31 33 40730 0
69 46 40733 1
35 42 40776 0
37 87 40781 0
30 27 40785 0
90 65 40791 1
71 70 40793 0
66 69 40839 0
84 113 40851 0
29 28 40882 0
88 87 40969 0
92 112 40984 0
70 70 41017 0
39 57 41049 0
27 30 41066 0
34 66 41071 0
42 92 41124 0
33 34 41126 0
73 55 41153 1
71 74 41164 0
35 77 41212 0
36 63 41298 0
76 76 41346 0
82 55 41404 1
67 68 41500 0
73 48 41548 1
109 45 41586 1
56 44 41697 1
44 22 41785 1
78 81 41897 0
69 69 41904 0
35 13 41973 1
77 78 42117 0
39 53 42139 0
97 74 42156 1
37 48 42181 0
109 45 42185 0
52 39 42236 1
80 80 42245 0
30 24 42278 0
44 96 42370 0
79 52 42378 1
103 97 42465 1
42 18 42508 1
38 89 42525 0
39 15 42706 1
87 111 42735 0
75 77 42757 0
86 95 42962 0
30 35 42970 0
81 109 43039 0
42 15 43042 1
58 45 43049 1
105 89 43108 1
29 23 43160 0
36 45 43163 0
35 45 43226 0
71 47 43282 1
35 44 43376 0
79 79 43399 0
34 73 43408 0
84 111 43464 0
83 56 43508 1
89 64 43549 1
30 30 43733 0
33 38 43772 0
104 83 43901 1
34 78 44199 0
31 32 44328 0
82 101 44463 0
39 93 44500 0
81 82 44578 0
50 36 44683 1
69 68 44703 0
38 90 44759 0
38 87 44913 0
34 74 44924 0
87 96 44927 0
31 36 44955 0
65 65 44980 0
74 74 45059 0
35 77 45103 0
74 76 45170 0
35 90 45249 0
39 54 45258 0
76 76 45371 0
35 49 45373 0
42 19 45469 1
82 80 45523 0
46 94 45766 0
41 15 45797 1
83 110 45806 0
35 66 45877 0
63 65 45878 0
82 102 46080 0
36 44 46104 0
35 64 46316 0
82 105 46488 0
73 72 46600 0
35 15 46688 1
86 87 46720 0
79 105 46748 0
30 24 46852 0
61 45 46888 1
30 35 46911 0
35 67 46921 0
70 69 46930 0
87 111 47035 0
83 82 47174 0
45 91 47177 0
43 93 47193 0
87 95 47322 0
79 78 47364 0
82 84 47375 0
29 25 47398 0
37 60 47405 0
88 88 47416 0
30 26 47435 0
36 82 47562 0
34 68 47664 0
35 59 47666 0
85 111 47691 0
82 110 47719 0
45 93 47788 0
37 55 47899 0
34 81 47920 0
31 33 47946 0
33 42 48045 0
30 20 48124 0
42 92 48171 0
85 59 48173 1
33 38 48193 0
37 46 48201 0
77 76 48224 0
39 92 48269 0
66 44 48313 1
82 54 48335 1
48 31 48350 1
44 23 48436 1
72 73 48476 0
31 32 48484 0
41 90 48527 0
33 68 48560 0
50 73 48650 1
35 70 48718 0
87 86 48755 0
41 93 48888 0
100 77 48889 1
79 79 48896 0
75 75 48915 0
74 47 49004 1
29 18 49045 0
85 84 49085 0
66 66 49126 0
34 40 49235 0
115 60 49238 0
46 29 49249 1
62 67 49291 0
84 111 49353 0
47 31 49358 1
50 81 49373 1
35 69 49374 0
70 70 49380 0
28 26 49424 0
29 31 49462 0
82 111 49481 0
40 52 49582 0
32 43 49631 0
35 77 49657 0
36 43 49749 0
50 94 49785 0
85 96 49797 0
32 42 49876 0
87 93 49926 0
37 83 50001 0
42 90 50037 0
71 68 50115 0
71 69 50124 0
42 94 50249 0
30 35 50261 0
36 44 50342 0
35 42 50400 0
27 14 50489 0
82 105 50521 0
92 88 50629 1
45 52 50654 1
30 33 50655 0
87 113 50680 0
65 67 50709 0
86 92 50722 0
81 113 50728 0
77 77 50786 0
38 89 50814 0
64 65 50820 0
44 92 50849 0
76 76 50897 0
34 15 50931 1
33 66 50932 0
85 30 50969 0
81 29 50971 0
48 94 50978 0
27 27 50989 0
61 67 51066 0
74 73 51099 0
36 64 51109 0
104 85 51251 1
34 75 51358 0
43 21 51385 1
104 84 51395 1
80 110 51403 0
43 95 51432 0
82 102 51545 0
35 68 51686 0
34 80 51725 0
81 55 51740 1
38 56 51802 0
77 76 51807 0
84 86 51810 0
64 66 51902 0
87 86 51914 0
30 26 52089 0
51 91 52101 0
35 39 52220 0
87 87 52317 0
43 22 52319 1
36 58 52361 0
59 81 52460 1
34 73 52483 0
84 57 52537 1
81 109 52579 0
38 46 52605 0
68 69 52665 0
95 71 52767 1
49 33 52864 1
43 91 52868 0
87 91 52962 0
85 58 52996 1
35 76 53121 0
36 60 53361 0
91 67 53381 1
66 65 53476 0
40 49 53493 0
78 80 53517 0
42 90 53518 0
74 48 53523 1
41 92 53561 0
63 46 53562 1
30 20 53620 0
31 32 53700 0
30 27 53703 0
36 46 53738 0
72 47 53774 1
84 84 53814 0
42 20 53847 1
103 98 53970 1
75 75 54088 0
30 35 54091 0
35 65 54174 0
87 95 54177 0
71 69 54312 0
55 43 54493 1
51 37 54504 1
53 41 54614 1
59 82 54674 1
65 65 54677 0
37 83 54679 0
87 60 54762 1
68 67 54835 0
64 45 54922 1
34 74 54943 0
79 53 55051 1
36 67 55223 0
28 19 55263 0
40 14 55475 1
44 92 55640 0
66 45 55725 1
82 110 56182 0
78 51 56220 1
72 46 56298 1
33 15 56300 1
54 40 56371 1
36 44 56421 0
87 87 56435 0
98 75 56479 1
43 93 56580 0
37 43 56631 0
37 88 56688 0
75 73 56905 0
59 77 57061 1
45 25 57095 1
92 68 57122 1
103 96 57209 1
44 21 57218 1
48 32 57219 1
38 85 57300 0
59 43 57383 1
43 91 57671 0
42 92 57838 0
87 86 57865 0
82 106 57896 0
94 70 57912 1
89 63 57960 1
103 81 58101 1
68 46 58197 1
32 40 58223 0
102 80 58370 1
78 52 58459 1
42 90 58490 0
102 81 58508 1
88 90 58509 0
80 54 58583 1
66 65 58664 0
76 50 58720 1
100 78 58724 1
46 25 58804 1
99 76 58837 1
77 51 58867 1
91 111 58900 0
40 49 59055 0
93 70 59130 1
59 71 59137 1
35 76 59230 0
105 86 59240 1
86 88 59255 0
103 82 59267 1
83 81 59275 0
89 111 59327 0
77 76 59339 0
103 83 59398 1
34 39 59427 0
88 87 59493 0
102 79 59557 1
30 35 59565 0
33 38 59590 0
62 45 59602 1
74 49 59608 1
101 79 59613 1
98 74 59677 1
87 111 59694 0
91 66 59815 1
87 61 59817 1
83 109 59877 0
35 68 59891 0
73 47 59950 1
93 69 60001 1
42 106 60104 0
99 77 60126 1
86 95 60219 0
67 44 60230 1
104 84 60309 1
65 44 60326 1
89 64 60328 1
81 54 60343 1
86 60 60367 1
105 87 60380 1
84 84 60400 0
97 73 60408 1
82 103 60458 0
43 19 60468 1
88 62 60558 1
85 76 60568 1
85 57 60569 1
101 80 60607 1
50 35 60643 1
67 66 60644 0
81 55 60695 1
91 67 60698 1
39 54 60710 0
87 94 60720 0
82 80 60722 0
42 17 60731 1
35 77 60790 0
96 72 60794 1
75 48 60826 1
75 73 60892 0
52 38 60923 1
97 74 60956 1
34 37 60979 0
60 45 61027 1
68 67 61047 0
75 49 61090 1
105 88 61214 1
88 88 61231 0
92 66 61251 1
59 80 61301 1
92 67 61333 1
79 78 61352 0
45 91 61384 0
44 24 61405 1
82 106 61432 0
49 32 61453 1
59 73 61460 1
91 68 61465 1
49 31 61500 1
41 14 61506 1
56 43 61507 1
36 78 61578 0
35 72 61655 0
47 30 61666 1
35 74 61671 0
67 65 61672 0
61 44 61685 1
84 56 61694 1
59 75 61702 1
90 65 61720 1
43 20 61747 1
39 51 61765 0
105 85 61792 1
75 50 61793 1
67 45 61833 1
88 90 61835 0
82 105 61851 0
37 43 61874 0
59 76 61898 1
71 47 61898 1
89 62 61934 1
87 91 61943 0
89 112 61960 0
72 48 61977 1
33 37 61984 0
71 69 61998 0
43 17 62037 1
40 50 62055 0
103 95 62059 1
85 59 62069 1
76 49 62105 1
88 87 62121 0
44 22 62122 1
42 14 62130 1
100 77 62156 1
45 24 62172 1
53 39 62192 1
101 78 62199 1
29 31 62231 0
43 21 62253 1
30 20 62262 0
87 87 62279 0
59 70 62289 1
36 69 62301 0
83 82 62307 0
29 23 62307 0
29 28 62308 0
79 53 62310 1
59 69 62324 1
102 80 62356 1
37 62 62359 0
83 81 62401 0
47 28 62411 1
71 46 62411 1
28 25 62426 0
71 68 62427 0
51 35 62436 1
55 44 62446 1
54 41 62468 1
51 36 62502 1
57 44 62511 1
36 61 62513 0
44 92 62524 0
82 109 62574 0
92 68 62576 1
95 70 62583 1
39 13 62594 1
46 27 62646 1
104 93 62660 1
105 91 62696 1
53 91 62746 0
38 85 62749 0
30 24 62756 0
102 101 62776 1
98 74 62782 1
46 26 62787 1
55 42 62876 1
80 53 62883 1
33 34 62891 0
93 68 62898 1
49 34 62944 1
52 37 62956 1
30 26 62963 0
37 83 62972 0
75 75 62982 0
79 52 62989 1
47 94 63039 0
35 39 63048 0
37 79 63057 0
47 29 63100 1
70 46 63130 1
94 70 63133 1
42 90 63157 0
73 48 63176 1
48 30 63210 1
89 111 63242 0
84 57 63244 1
63 44 63250 1
36 67 63252 0
83 55 63259 1
80 52 63294 1
48 32 63296 1
55 41 63322 1
83 101 63337 0
47 27 63351 1
37 81 63355 0
47 93 63375 0
37 86 63378 0
87 86 63380 0
59 72 63406 1
50 33 63420 1
94 69 63432 1
103 82 63434 1
37 63 63473 0
85 58 63488 1
68 45 63496 1
77 50 63521 1
59 74 63575 1
60 44 63597 1
40 51 63666 0
104 83 63669 1
90 64 63708 1
82 80 63713 0
43 18 63740 1
43 91 63742 0
70 45 63747 1
50 32 63758 1
29 24 63772 0
34 39 63787 0
59 77 63886 1
97 73 63902 1
39 49 63902 0
99 76 63925 1
57 43 63960 1
95 71 63988 1
77 76 64002 0
59 78 64007 1
49 33 64066 1
38 14 64076 1
64 64 64093 0
76 50 64098 1
88 62 64129 1
55 43 64134 1
58 45 64179 1
89 64 64213 1
39 14 64217 1
42 16 64219 1
34 37 64273 0
105 90 64278 1
43 22 64297 1
40 15 64310 1
104 84 64318 1
82 102 64318 0
38 57 64340 0
103 96 64384 1
102 81 64392 1
74 48 64403 1
36 64 64422 0
81 103 64429 0
103 84 64433 1
75 73 64455 0
81 55 64467 1
87 61 64469 1
45 24 64487 1
43 16 64503 1
62 44 64520 1
69 46 64520 1
36 78 64523 0
68 46 64535 1
82 56 64596 1
61 43 64599 1
66 65 64606 0
82 106 64613 0
30 17 64643 0
91 67 64663 1
59 79 64667 1
87 111 64687 0
58 44 64722 1
81 54 64773 1
30 30 64778 0
52 38 64799 1
103 99 64801 1
45 25 64809 1
87 88 64870 0
85 57 64886 1
99 75 64887 1
30 35 64897 0
78 50 64943 1
51 91 64996 0
103 83 65055 1
59 83 65086 1
79 79 65102 0
93 70 65109 1
41 15 65232 1
47 30 65233 1
36 41 65254 0
44 21 65261 1
40 49 65267 0
36 46 65269 0
70 70 65281 0
38 87 65307 0
37 43 65322 0
77 51 65338 1
87 84 65340 0
105 86 65357 1
72 47 65368 1
75 49 65397 1
77 49 65401 1
44 20 65480 1
50 34 65509 1
96 72 65591 1
35 73 65593 0
103 97 65620 1
59 81 65682 1
84 111 65707 0
49 32 65710 1
88 90 65724 0
44 22 65765 1
43 17 65769 1
96 71 65813 1
58 82 65822 1
71 45 65830 1
31 18 65844 0
47 26 65848 1
35 76 65860 0
89 63 65946 1
45 91 65947 0
63 65 65950 0
37 13 65976 1
63 45 66044 1
75 47 66074 1
52 91 66115 0
35 66 66166 0
79 54 66173 1
105 87 66195 1
73 47 66253 1
44 24 66259 1
72 46 66301 1
36 13 66316 1
54 40 66316 1
30 18 66320 0
36 14 66347 1
43 21 66358 1
43 19 66375 1
42 18 66376 1
41 91 66401 0
80 80 66431 0
59 44 66526 1
105 89 66542 1
103 94 66568 1
37 81 66568 0
48 28 66584 1
38 88 66607 0
78 51 66641 1
59 73 66685 1
33 34 66696 0
41 14 66742 1
103 81 66755 1
90 63 66816 1
67 66 66896 0
69 45 66980 1
47 28 66999 1
59 67 67009 1
78 80 67010 0
74 47 67149 1
30 35 67171 0
101 79 67190 1
52 37 67201 1
38 46 67203 0
30 27 67246 0
103 98 67251 1
102 79 67271 1
72 71 67293 0
35 75 67331 0
88 87 67354 0
84 56 67370 1
93 69 67428 1
36 78 67448 0
50 35 67585 1
34 45 67634 0
34 39 67666 0
37 87 67683 0
33 37 67724 0
82 54 67734 1
59 70 67739 1
91 111 67785 0
46 25 67818 1
32 36 67866 0
48 30 67874 1
30 20 67889 0
38 85 67899 0
36 69 67940 0
79 51 67956 1
49 29 67991 1
67 45 67994 1
76 49 68004 1
30 24 68032 0
45 90 68036 0
95 110 68079 0
84 82 68104 0
41 90 68131 0
44 19 68215 1
56 43 68272 1
91 65 68288 1
34 37 68292 0
102 80 68312 1
88 61 68344 1
54 90 68373 0
36 41 68413 0
66 44 68420 1
37 83 68492 0
47 27 68507 1
75 48 68508 1
43 20 68511 1
35 39 68543 0
100 76 68616 1
84 85 68681 0
79 78 68763 0
60 35 68766 1
60 45 68766 1
40 13 68832 1
29 20 68858 0
64 64 68910 0
40 51 68913 0
36 64 68951 0
55 42 68963 1
50 93 69019 0
50 92 69039 0
71 46 69086 1
40 14 69157 1
42 90 69253 0
51 34 69284 1
48 32 69320 1
86 58 69372 1
105 88 69393 1
43 18 69622 1
57 44 69656 1
101 78 69737 1
82 106 69765 0
97 72 69881 1
82 105 69891 0
80 81 69914 0
92 67 69966 1
46 24 69997 1
89 112 70001 0
59 72 70133 1
39 85 70164 0
65 45 70303 1
47 25 70304 1
30 26 70361 0
35 68 70404 0
59 69 70447 1
85 111 70490 0
88 24 70505 0
48 29 70526 1
37 79 70537 0
41 92 70563 0
82 109 70566 0
29 22 70582 0
48 95 70590 0
34 71 70708 0
71 47 70775 1
36 63 70781 0
77 50 70783 1
90 111 70796 0
42 19 70836 1
49 33 70877 1
109 45 70913 1
46 27 70935 1
34 41 70994 0
31 33 71001 0
83 109 71048 0
83 108 71111 0
37 81 71134 0
72 67 71171 0
83 81 71182 0
42 15 71221 1
35 41 71236 0
92 68 71264 1
109 45 71350 0
84 82 71397 0
90 65 71428 1
32 40 71475 0
68 67 71488 0
103 82 71493 1
36 41 71505 0
53 39 71596 1
30 19 71600 0
30 35 71637 0
34 13 71651 1
109 45 71694 1
35 69 71719 0
27 32 71730 0
75 76 71759 0
79 53 71784 1
60 69 71790 1
38 13 71804 1
81 53 71806 1
40 52 71831 0
31 31 71888 0
85 58 71932 1
94 70 71937 1
34 86 71949 0
71 68 71953 0
75 74 71967 0
37 43 71997 0
100 77 72038 1
103 80 72043 1
93 67 72047 1
52 38 72068 1
98 74 72133 1
59 75 72161 1
67 65 72176 0
101 77 72257 1
50 33 72303 1
97 73 72304 1
109 45 72407 0
81 81 72444 0
79 52 72521 1
35 40 72526 0
36 44 72540 0
36 78 72599 0
70 68 72609 0
36 39 72630 0
33 38 72685 0
82 80 72704 0
104 83 72783 1
80 53 72814 1
88 88 72820 0
59 82 72874 1
33 36 72891 0
80 79 72893 0
99 74 72901 1
87 84 72918 0
44 18 72920 1
91 66 72928 1
85 59 72934 1
89 111 72988 0
39 46 73002 0
64 45 73108 1
104 82 73150 1
104 96 73220 1
72 71 73238 0
75 73 73272 0
101 80 73283 1
87 95 73341 0
87 88 73406 0
90 64 73432 1
38 88 73470 0
49 93 73495 0
82 110 73499 0
49 31 73580 1
105 85 73608 1
59 76 73609 1
83 101 73622 0
103 100 73653 1
104 89 73672 1
55 41 73707 1
61 44 73719 1
82 104 73733 0
97 71 73780 1
44 22 73782 1
89 88 73804 0
87 60 73807 1
35 78 73815 0
89 62 73829 1
83 55 73891 1
95 109 73913 0
94 69 73917 1
34 39 73927 0
82 103 73930 0
104 84 73965 1
78 52 73980 1
90 111 74019 0
76 50 74037 1
67 44 74059 1
39 51 74071 0
93 68 74099 1
81 54 74139 1
39 14 74142 1
95 70 74176 1
83 105 74190 0
88 62 74195 1
69 67 74204 0
84 55 74228 1
64 44 74237 1
88 90 74288 0
74 48 74300 1
36 67 74326 0
45 25 74400 1
77 76 74424 0
45 23 74424 1
80 52 74425 1
84 82 74439 0
45 24 74541 1
83 108 74554 0
39 88 74613 0
28 25 74681 0
102 78 74694 1
55 43 74720 1
92 66 74723 1
60 72 74785 1
72 69 74819 0
43 93 74835 0
105 84 74920 1
105 87 74999 1
82 82 75027 0
59 74 75108 1
46 26 75130 1
35 77 75165 0
83 54 75184 1
35 80 75224 0
85 56 75231 1
50 92 75232 0
59 77 75278 1
49 32 75287 1
31 30 75350 0
85 57 75365 1
32 36 75373 0
105 86 75436 1
47 31 75464 1
36 38 75544 0
99 75 75588 1
68 69 75598 0
73 72 75606 0
96 72 75612 1
102 80 75613 1
59 80 75621 1
104 93 75622 1
52 37 75634 1
91 67 75671 1
96 71 75717 1
39 13 75751 1
55 40 75766 1
70 45 75787 1
45 91 75803 0
41 15 75822 1
87 59 75824 1
35 70 75868 0
36 41 75869 0
44 21 75897 1
30 20 75923 0
52 36 75926 1
33 73 75945 0
58 45 75947 1
39 46 75974 0
33 34 76000 0
84 84 76069 0
35 41 76085 0
67 68 76100 0
35 40 76106 0
34 44 76127 0
81 105 76158 0
84 56 76164 1
34 37 76169 0
42 16 76173 1
37 62 76192 0
96 109 76197 0
42 87 76211 0
42 14 76211 1
45 90 76223 0
75 49 76228 1
35 86 76238 0
53 38 76240 1
33 36 76248 0
103 95 76263 1
64 64 76278 0
80 79 76299 0
73 46 76317 1
35 74 76319 0
51 92 76341 0
40 15 76342 1
82 84 76369 0
49 30 76373 1
103 96 76406 1
43 91 76441 0
36 64 76455 0
68 45 76470 1
87 84 76488 0
43 19 76531 1
37 63 76531 0
38 56 76559 0
82 106 76586 0
40 51 76609 0
44 20 76618 1
104 92 76619 1
72 67 76633 0
76 76 76634 0
47 28 76655 1
37 60 76666 0
43 15 76704 1
86 84 76765 0
38 85 76779 0
73 47 76814 1
81 106 76835 0
97 73 76854 1
44 92 76872 0
76 49 76873 1
35 72 76875 0
59 79 76879 1
98 74 76936 1
58 44 76945 1
63 43 76980 1
102 79 76982 1
44 17 76986 1
54 40 76996 1
103 81 76996 1
104 81 77014 1
43 16 77017 1
82 80 77018 0
78 50 77044 1
40 50 77104 0
70 46 77127 1
90 111 77166 0
35 79 77178 0
37 81 77179 0
31 31 77179 0
82 83 77180 0
28 24 77195 0
87 111 77305 0
36 69 77306 0
72 46 77321 1
59 78 77330 1
54 41 77330 1
75 74 77331 0
90 112 77405 0
50 32 77408 1
63 44 77425 1
48 30 77428 1
91 65 77512 1
39 57 77517 0
72 69 77564 0
34 69 77638 0
83 85 77664 0
47 26 77699 1
100 76 77699 1
47 27 77726 1
40 49 77730 0
37 79 77753 0
69 45 77782 1
35 13 77828 1
86 57 77837 1
35 39 77847 0
62 44 77941 1
109 45 77960 1
79 80 77970 0
82 54 77986 1
74 47 77986 1
70 68 78053 0
34 40 78065 0
43 17 78066 1
30 24 78085 0
39 85 78093 0
82 104 78095 0
36 78 78117 0
34 41 78140 0
59 81 78177 1
67 63 78204 0
60 76 78216 1
77 50 78284 1
51 35 78349 1
78 51 78416 1
86 112 78441 0
30 27 78454 0
105 88 78461 1
37 13 78514 1
54 39 78528 1
91 66 78532 1
84 82 78580 0
36 39 78614 0
37 83 78654 0
109 45 78675 0
58 84 78717 1
36 82 78731 0
87 87 78751 0
90 63 78782 1
51 36 78789 1
75 70 78827 1
75 48 78827 1
67 45 78889 1
101 78 78918 1
53 37 78927 1
79 50 78958 1
46 25 78962 1
59 73 78962 1
39 46 79018 0
105 90 79069 1
69 67 79117 0
103 85 79138 1
83 108 79155 0
86 58 79156 1
89 63 79177 1
35 76 79242 0
30 19 79287 0
99 76 79295 1
72 70 79309 0
33 36 79317 0
88 92 79342 0
83 81 79426 0
31 30 79506 0
35 40 79524 0
71 46 79531 1
89 114 79612 0
39 88 79727 0
45 24 79809 1
105 91 79860 1
65 64 79883 0
89 88 79893 0
41 14 79916 1
57 43 79928 1
104 82 80004 1
48 28 80012 1
104 95 80112 1
83 82 80126 0
73 71 80162 0
56 43 80188 1
36 62 80222 0
97 72 80237 1
43 18 80299 1
61 65 80302 0
38 45 80310 0
83 55 80315 1
86 84 80341 0
87 60 80342 1
80 51 80371 1
80 52 80390 1
36 65 80442 0
88 61 80476 1
75 47 80485 1
36 64 80502 0
38 14 80612 1
55 41 80638 1
55 42 80643 1
103 79 80680 1
52 37 80687 1
46 23 80717 1
92 67 80770 1
37 43 80772 0
106 88 80800 1
43 14 80859 1
81 53 80867 1
52 38 80882 1
80 79 80965 0
94 68 80983 1
65 44 80983 1
42 90 80993 0
77 49 81002 1
72 69 81010 0
33 30 81064 0
45 22 81073 1
87 86 81074 0
35 67 81125 0
38 49 81158 0
52 92 81256 0
88 60 81256 1
50 33 81281 1
38 88 81283 0
46 24 81290 1
74 72 81333 0
79 78 81335 0
44 19 81338 1
106 89 81354 1
44 22 81386 1
60 44 81526 1
36 41 81529 0
91 64 81538 1
51 34 81612 1
104 83 81642 1
92 68 81642 1
109 45 81645 1
75 73 81691 0
81 54 81720 1
36 84 81749 0
83 105 81824 0
71 45 81896 1
81 112 81912 0
72 67 81913 0
47 30 82012 1
109 45 82024 0
71 69 82051 0
30 16 82217 0
39 55 82227 0
42 91 82239 0
89 111 82240 0
60 79 82289 1
51 32 82298 1
43 22 82325 1
59 72 82394 1
34 37 82429 0
69 66 82466 0
89 112 82524 0
82 102 82566 0
84 85 82589 0
33 34 82612 0
91 110 82614 0
59 84 82618 1
1 43 82631 0
41 87 82655 0
103 80 82775 1
44 21 82835 1
82 82 82857 0
94 69 82890 1
103 98 82908 1
44 20 82911 1
56 41 82975 1
62 43 82976 1
75 74 83013 0
37 12 83112 1
104 94 83146 1
90 111 83162 0
84 87 83169 0
59 83 83203 1
79 51 83224 1
50 92 83225 0
33 39 83249 0
99 74 83323 1
69 44 83327 1
105 85 83434 1
32 36 83453 0
31 31 83554 0
60 80 83584 1
82 104 83617 0
40 13 83657 1
64 43 83735 1
66 44 83833 1
51 91 83897 0
51 33 83935 1
39 89 83953 0
36 13 84040 1
35 41 84051 0
73 71 84065 0
106 87 84099 1
38 45 84111 0
57 44 84121 1
88 92 84165 0
33 36 84175 0
88 86 84194 0
72 70 84211 0
34 73 84233 0
95 69 84323 1
101 77 84335 1
31 30 84384 0
39 46 84405 0
36 74 84446 0
32 35 84458 0
43 21 84606 1
49 32 84608 1
49 31 84616 1
93 68 84658 1
29 43 84670 0
109 45 84672 1
98 73 84704 1
60 70 84729 1
109 45 84806 0
105 89 84817 1
89 64 84859 1
65 64 84860 0
48 29 84879 1
39 13 84921 1
39 86 84986 0
85 57 85042 1
60 45 85149 1
36 67 85204 0
69 66 85208 0
70 68 85288 0
40 89 85324 0
82 107 85341 0
36 65 85356 0
74 72 85416 0
89 62 85456 1
100 75 85463 1
69 67 85494 0
39 14 85511 1
86 84 85518 0
71 67 85659 0
69 70 85741 0
104 97 85788 1
52 34 85832 1
100 104 85838 1
44 93 85856 0
95 70 85868 1
96 71 86005 1
88 112 86020 0
45 23 86074 1
85 55 86157 1
84 56 86164 1
50 24 86183 1
87 84 86199 0
81 106 86223 0
87 59 86299 1
41 53 86423 0
32 39 86436 0
105 86 86553 1
35 40 86556 0
59 44 86602 1
67 66 86614 0
88 86 86619 0
59 69 86632 1
101 76 86687 1
105 87 86719 1
48 27 86772 1
36 81 86781 0
93 67 86861 1
100 74 86878 1
82 53 86879 1
103 82 86946 1
34 41 86976 0
106 86 87002 1
92 66 87042 1
59 77 87075 1
34 74 87159 0
102 78 87224 1
52 36 87255 1
31 29 87289 0
36 74 87320 0
105 84 87356 1
88 91 87374 0
98 74 87386 1
45 90 87415 0
90 112 87426 0
91 65 87469 1
30 19 87473 0
60 69 87562 1
71 67 87566 0
67 44 87631 1
70 45 87675 1
35 82 87757 0
101 102 87765 1
91 111 87766 0
45 91 87772 0
97 73 87786 1
72 46 87807 1
50 31 87873 1
90 62 87881 1
100 76 87888 1
83 51 87889 1
54 40 87940 1
102 79 87955 1
32 28 87972 0
85 58 88025 1
36 38 88034 0
53 38 88037 1
84 55 88103 1
105 83 88106 1
78 77 88107 0
69 66 88110 0
81 52 88128 1
47 93 88174 0
38 45 88198 0
104 82 88204 1
87 91 88250 0
76 49 88281 1
89 113 88339 0
68 43 88402 1
51 35 88435 1
89 88 88476 0
39 86 88488 0
39 50 88506 0
39 88 88517 0
47 27 88546 1
41 13 88588 1
96 14 88590 1
96 70 88590 1
78 50 88691 1
104 81 88699 1
49 30 88721 1
61 44 88763 1
60 75 88794 1
67 63 88807 0
28 24 88835 0
43 16 88853 1
73 71 88879 0
60 68 88901 1
89 110 88911 0
40 47 88912 0
47 26 88948 1
88 86 89043 0
72 69 89065 0
36 69 89112 0
77 50 89113 1
89 61 89143 1
83 54 89181 1
31 17 89199 0
36 64 89248 0
36 39 89267 0
39 12 89293 1
38 85 89317 0
50 32 89327 1
72 67 89331 0
83 101 89351 0
99 75 89361 1
37 79 89364 0
79 76 89434 0
47 25 89438 1
75 47 89451 1
48 30 89461 1
90 63 89469 1
44 18 89471 1
82 105 89507 0
60 74 89512 1
71 67 89515 0
87 94 89552 0
83 55 89595 1
77 49 89606 1
59 75 89609 1
59 43 89639 1
72 71 89655 0
47 28 89712 1
87 60 89786 1
54 39 89807 1
45 24 89817 1
37 81 89934 0
31 18 89955 0
83 108 89964 0
74 47 90011 1
70 67 90057 0
39 85 90062 0
37 63 90073 0
38 87 90080 0
86 58 90080 1
52 37 90101 1
53 39 90137 1
91 66 90160 1
72 70 90239 0
30 26 90241 0
29 38 90247 0
99 73 90286 1
104 96 90287 1
80 79 90301 0
81 55 90304 1
36 74 90357 0
40 89 90373 0
92 65 90399 1
35 39 90443 0
82 54 90449 1
71 68 90458 0
38 13 90465 1
75 48 90512 1
62 65 90539 0
34 39 90649 0
43 15 90652 1
43 17 90656 1
36 84 90671 0
53 37 90730 1
93 68 90742 1
34 36 90775 0
32 28 90778 0
36 68 90789 0
37 62 90794 0
60 72 90795 1
80 52 90795 1
51 34 90828 1
85 56 90834 1
101 77 90841 1
46 25 90856 1
41 89 90861 0
58 43 90864 1
33 30 90872 0
48 26 90961 1
94 69 90989 1
87 58 91009 1
83 105 91057 0
67 45 91058 1
69 45 91098 1
30 20 91107 0
58 44 91134 1
73 73 91140 0
55 40 91225 1
41 15 91240 1
73 46 91264 1
74 72 91312 0
36 83 91403 0
69 66 91454 0
83 100 91467 0
20 42 91493 0
45 90 91520 0
103 80 91565 1
71 67 91627 0
42 13 91645 1
38 46 91654 0
44 20 91654 1
31 29 91674 0
82 80 91676 0
40 47 91682 0
57 41 91684 1
82 101 91694 0
52 35 91704 1
44 15 91755 1
81 53 91763 1
88 92 91763 0
32 35 91792 0
70 44 91794 1
33 39 91801 0
40 51 91817 0
85 83 91820 0
59 73 91849 1
36 65 91856 0
85 57 91884 1
60 77 91914 1
82 104 91922 0
88 86 91941 0
41 87 92001 0
57 43 92060 1
50 33 92081 1
41 14 92096 1
31 30 92108 0
82 107 92129 0
49 27 92140 1
39 86 92166 0
61 43 92182 1
34 14 92230 1
59 41 92340 1
59 79 92340 1
99 74 92367 1
91 64 92372 1
75 74 92387 0
79 76 92394 0
59 70 92433 1
47 24 92436 1
44 16 92457 1
59 81 92459 1
68 45 92533 1
45 25 92537 1
48 92 92562 0
45 21 92564 1
80 76 92595 0
98 72 92625 1
46 24 92637 1
60 76 92798 1
43 18 92827 1
63 44 92850 1
88 91 92864 0
109 45 92874 1
44 19 92898 1
49 29 92899 1
97 71 92901 1
44 17 92914 1
78 77 92919 0
35 14 92982 1
32 88 93018 0
55 33 93024 1
44 21 93030 1
36 12 93052 1
95 66 93058 1
75 46 93061 1
92 66 93096 1
45 22 93134 1
105 88 93139 1
28 25 93152 0
86 57 93187 1
72 45 93208 1
87 59 93246 1
97 72 93323 1
109 45 93338 0
62 44 93374 1
34 36 93375 0
87 84 93446 0
59 82 93498 1
104 93 93547 1
95 70 93551 1
43 19 93560 1
38 45 93561 0
48 28 93570 1
87 112 93635 0
36 38 93718 0
31 31 93794 0
94 68 93817 1
39 89 93853 0
84 81 93884 0
33 13 93916 1
71 45 93937 1
32 28 93964 0
93 67 93986 1
67 43 93991 1
82 81 94007 0
53 34 94043 1
69 65 94134 0
33 34 94142 0
33 36 94169 0
36 81 94173 0
70 67 94202 0
58 86 94250 1
103 79 94281 1
88 62 94348 1
88 60 94387 1
82 109 94403 0
46 91 94409 0
95 69 94438 1
74 46 94453 1
36 68 94496 0
46 23 94522 1
30 28 94544 0
83 79 94547 0
36 64 94601 0
53 38 94638 1
65 64 94696 0
65 43 94705 1
41 89 94820 0
91 110 94825 0
36 74 94833 0
34 37 94859 0
105 85 94861 1
101 103 94903 1
71 67 94905 0
68 41 94917 1
67 64 94967 0
93 111 94972 0
41 50 94999 0
43 90 95078 0
60 43 95230 1
76 47 95447 1
40 13 95502 1
84 56 95502 1
79 51 95522 1
37 13 95574 1
60 78 95574 1
58 45 95584 1
34 36 95658 0
71 46 95700 1
72 67 95769 0
85 83 95788 0
88 59 95792 1
31 29 96032 0
29 31 96057 0
89 91 96112 0
39 13 96113 1
52 36 96238 1
54 40 96268 1
49 30 96286 1
91 65 96308 1
37 79 96382 0
104 95 96460 1
51 35 96469 1
87 88 96484 0
69 65 96487 0
35 73 96515 0
43 14 96546 1
84 81 96556 0
59 77 96578 1
106 90 96626 1
39 87 96733 0
84 82 96768 0
52 33 96776 1
50 32 96823 1
40 47 96921 0
67 63 96979 0
105 92 97040 1
60 70 97052 1
31 25 97066 0
36 64 97087 0
79 50 97223 1
67 65 97248 0
102 80 97459 1
46 91 97487 0
104 82 97487 1
88 86 97548 0
50 30 97856 1
47 26 97901 1
37 49 98019 0
109 45 98060 1
102 101 98084 1
101 76 98108 1
36 43 98171 0
59 44 98215 1
34 36 98236 0
66 65 98284 0
40 89 98292 0
100 75 98321 1
70 67 98360 0
109 45 98367 0
39 46 98533 0
67 64 98627 0
37 45 98738 0
70 45 98750 1
96 71 98799 1
38 55 98837 0
91 63 98862 1
105 84 98896 1
84 81 99034 0
43 90 99061 0
72 74 99180 0
69 66 99223 0
56 41 99320 1
69 65 99421 0
39 54 99512 0
72 46 99534 1
36 77 99564 0
100 76 99581 1
33 37 99621 0
57 82 99628 1
85 84 99652 0
36 41 99659 0
36 78 99679 0
90 111 99701 0
36 46 99711 0
81 54 99711 1
41 89 99717 0
38 86 99729 0
33 74 99780 0
48 92 99884 0
90 62 99992 1
37 57 100107 0
31 25 100114 0
68 66 100175 0
70 66 100210 0
41 13 100329 1
87 92 100342 0
82 103 100364 0
85 83 100474 0
71 67 100475 0
84 55 100486 1
46 91 100643 0
80 51 100691 1
84 54 100721 1
30 24 100834 0
30 29 100870 0
41 50 100891 0
47 27 100959 1
78 77 101024 0
40 53 101087 0
82 82 101143 0
31 32 101181 0
78 50 101235 1
39 87 101337 0
52 91 101492 0
80 109 101522 0
84 99 101541 0
36 83 101582 0
38 57 101583 0
30 19 101584 0
33 33 101724 0
30 28 101727 0
34 36 101863 0
42 15 101891 1
43 16 101923 1
82 81 101955 0
52 37 102112 1
84 81 102115 0
31 29 102164 0
63 63 102287 0
45 24 102306 1
82 107 102338 0
89 91 102389 0
66 44 102390 1
89 88 102420 0
32 35 102494 0
67 64 102652 0
50 31 102671 1
36 68 102691 0
70 66 102694 0
32 39 102755 0
83 55 102796 1
88 91 102822 0
54 39 102855 1
41 51 102869 0
90 112 102903 0
51 33 102907 1
36 39 102924 0
39 55 102930 0
73 71 102989 0
83 99 103075 0
44 14 103127 1
32 36 103129 0
28 24 103251 0
40 94 103273 0
75 72 103484 0
29 89 103549 0
53 22 103552 1
102 78 103558 1
31 25 103560 0
41 53 103586 0
79 76 103657 0
36 79 103677 0
48 27 103702 1
36 84 103767 0
37 80 103790 0
37 77 103896 0
39 14 104002 1
44 18 104004 1
32 28 104009 0
103 78 104047 1
60 69 104060 1
38 58 104107 0
36 77 104303 0
34 35 104323 0
74 72 104342 0
41 49 104405 0
89 110 104535 0
105 83 104591 1
64 64 104732 0
67 44 104749 1
51 34 104776 1
43 90 104831 0
33 33 104892 0
45 18 104893 1
69 65 105026 0
70 67 105110 0
58 85 105138 1
87 83 105255 0
82 53 105401 1
77 74 105518 0
42 14 105724 1
36 81 105775 0
70 66 105804 0
60 80 105853 1
118 28 105921 1
39 87 105934 0
88 111 105971 0
46 91 105999 0
38 86 106052 0
33 41 106200 0
41 12 106305 1
96 70 106554 1
45 20 106561 1
105 91 106588 1
81 52 106635 1
84 110 106703 0
37 45 106818 0
76 48 106830 1
47 22 106843 1
45 19 106899 1
39 86 106995 0
90 63 107133 1
76 73 107192 0
36 64 107213 0
33 39 107225 0
43 15 107373 1
106 86 107465 1
80 52 107537 1
68 66 107737 0
104 97 107800 1
37 80 107901 0
37 82 107905 0
77 50 107958 1
75 72 108043 0
34 35 108117 0
55 39 108128 1
77 75 108201 0
47 25 108202 1
83 52 108286 1
53 36 108345 1
41 52 108352 0
41 48 108372 0
87 83 108389 0
105 86 108492 1
41 51 108526 0
60 79 108578 1
30 28 108580 0
102 102 108619 1
36 66 108622 0
30 32 108725 0
32 29 108772 0
33 33 108795 0
103 100 108965 1
49 28 108988 1
99 74 109000 1
77 74 109013 0
58 42 109064 1
30 29 109096 0
26 26 109117 0
84 81 109169 0
75 71 109182 0
86 58 109338 1
103 98 109358 1
103 99 109397 1
55 40 109400 1
32 27 109409 0
37 77 109469 0
41 49 109486 0
79 46 109653 1
78 78 109741 0
86 56 109902 1
83 54 109938 1
33 30 110004 0
94 67 110018 1
45 22 110018 1
105 78 110266 1
70 66 110281 0
36 79 110304 0
44 20 110310 1
40 48 110370 0
38 12 110402 1
41 47 110472 0
52 35 110572 1
104 80 110746 1
88 94 110754 0
60 74 110826 1
77 45 110850 1
89 89 110916 0
103 80 111056 1
76 73 111059 0
33 35 111219 0
84 85 111219 0
35 13 111240 1
36 80 111335 0
46 24 111384 1
104 81 111390 1
66 43 111396 1
106 88 111466 1
105 87 111470 1
106 87 111582 1
101 77 111598 1
35 41 111639 0
88 111 111643 0
82 79 111776 0
105 82 111799 1
72 70 111819 0
93 68 111948 1
81 53 112002 1
87 59 112103 1
34 36 112192 0
77 49 112234 1
37 82 112384 0
88 89 112394 0
91 64 112404 1
93 110 112436 0
86 84 112490 0
37 12 112502 1
74 71 112522 0
87 83 112538 0
105 93 112688 1
81 106 112689 0
96 67 112716 1
75 47 112752 1
75 71 112753 0
32 29 112755 0
77 75 112784 0
62 64 112788 0
77 74 112833 0
92 66 112838 1
91 110 112881 0
83 53 112893 1
41 48 113043 0
102 78 113068 1
36 77 113072 0
83 79 113117 0
38 86 113176 0
34 76 113186 0
97 70 113223 1
34 41 113244 0
29 30 113272 0
72 67 113274 0
100 74 113285 1
104 96 113334 1
103 79 113372 1
35 71 113411 0
106 89 113477 1
97 71 113491 1
83 105 113570 0
99 73 113583 1
85 109 113588 0
93 67 113636 1
85 55 113648 1
60 75 113703 1
105 84 113772 1
80 76 113849 0
26 34 113889 0
104 82 113916 1
69 44 113926 1
98 72 113942 1
82 81 113955 0
85 65 114002 1
85 57 114002 1
39 89 114017 0
95 68 114018 1
75 48 114021 1
94 68 114038 1
89 60 114048 1
38 89 114049 0
95 69 114051 1
97 108 114055 0
89 89 114058 0
38 81 114065 0
82 52 114103 1
38 45 114111 0
36 69 114112 0
45 90 114140 0
85 56 114174 1
104 81 114185 1
39 85 114249 0
78 49 114266 1
101 76 114274 1
53 37 114292 1
81 51 114301 1
59 83 114312 1
44 19 114312 1
89 88 114326 0
95 109 114328 0
54 38 114429 1
43 17 114430 1
38 58 114475 0
41 87 114478 0
41 89 114509 0
105 83 114518 1
75 72 114578 0
85 83 114580 0
84 110 114634 0
31 25 114637 0
38 47 114657 0
40 52 114700 0
82 79 114716 0
67 63 114772 0
36 74 114781 0
37 81 114793 0
63 43 114816 1
77 48 114821 1
76 77 114873 0
45 91 114882 0
90 61 114901 1
86 57 114926 1
87 83 114938 0
36 67 114950 0
69 65 114957 0
36 38 114989 0
60 76 114994 1
87 58 114994 1
34 35 115011 0
26 82 115056 0
67 64 115088 0
106 84 115092 1
37 80 115099 0
37 83 115102 0
88 90 115103 0
39 87 115110 0
36 66 115122 0
49 29 115132 1
78 50 115159 1
93 66 115167 1
99 72 115214 1
59 43 115218 1
87 82 115227 0
76 73 115247 0
83 81 115257 0
71 70 115268 0
89 110 115279 0
33 33 115306 0
89 91 115309 0
57 43 115310 1
75 71 115328 0
36 14 115382 1
79 50 115390 1
72 45 115400 1
92 64 115485 1
51 32 115511 1
88 59 115515 1
100 75 115566 1
53 38 115576 1
83 54 115576 1
73 45 115601 1
50 92 115608 0
37 63 115621 0
43 89 115632 0
46 22 115634 1
89 61 115635 1
49 30 115635 1
91 64 115685 1
77 49 115712 1
40 48 115731 0
35 81 115737 0
39 48 115737 0
32 27 115750 0
45 21 115763 1
63 63 115763 0
70 44 115783 1
96 70 115808 1
80 51 115811 1
71 45 115818 1
33 80 115829 0
41 14 115831 1
71 67 115835 0
88 88 115858 0
74 45 115888 1
41 49 115900 0
83 101 115922 0
64 43 115922 1
74 71 115923 0
61 44 115955 1
60 72 115973 1
79 76 115987 0
33 35 116006 0
76 47 116063 1
75 47 116100 1
96 69 116109 1
90 62 116117 1
72 67 116120 0
51 34 116122 1
39 42 116151 0
32 40 116179 0
70 66 116195 0
91 65 116202 1
52 34 116205 1
33 34 116213 0
32 29 116223 0
31 27 116231 0
102 78 116237 1
60 77 116250 1
50 32 116272 1
73 46 116283 1
46 23 116289 1
92 66 116365 1
39 57 116366 0
37 82 116405 0
44 16 116438 1
49 94 116462 0
78 82 116468 0
41 51 116495 0
54 37 116529 1
31 18 116534 0
41 47 116538 0
53 37 116565 1
37 79 116581 0
100 74 116595 1
46 91 116631 0
77 47 116655 1
56 40 116656 1
41 48 116663 0
83 79 116679 0
88 94 116682 0
48 26 116694 1
37 77 116698 0
101 75 116709 1
41 52 116717 0
99 73 116719 1
69 43 116724 1
77 74 116755 0
38 77 116778 0
44 17 116791 1
106 86 116813 1
38 81 116851 0
71 44 116855 1
99 74 116862 1
45 90 116864 0
105 81 116880 1
89 89 116907 0
42 13 116911 1
44 15 116915 1
84 54 116935 1
36 39 116964 0
51 91 116987 0
106 87 117029 1
80 50 117038 1
62 44 117050 1
74 46 117084 1
100 72 117087 1
40 47 117102 0
47 24 117103 1
85 109 117108 0
55 39 117135 1
85 107 117203 0
33 30 117215 0
43 18 117241 1
67 45 117246 1
81 52 117249 1
103 79 117251 1
43 13 117289 1
91 110 117291 0
93 67 117300 1
60 45 117330 1
84 53 117366 1
31 29 117400 0
44 20 117404 1
36 13 117405 1
94 66 117426 1
75 46 117440 1
39 12 117442 1
104 81 117480 1
36 38 117505 0
93 110 117512 0
41 87 117540 0
32 28 117589 0
37 92 117593 0
82 79 117622 0
70 45 117630 1
80 78 117668 0
94 67 117668 1
59 44 117669 1
95 70 117685 1
82 53 117700 1
48 25 117733 1
62 43 117735 1
88 60 117740 1
36 65 117750 0
53 36 117775 1
80 76 117825 0
51 33 117838 1
47 23 117872 1
41 50 117880 0
54 39 117900 1
31 17 117906 0
100 73 117953 1
54 40 117974 1
40 13 117977 1
47 25 118007 1
91 63 118023 1
88 93 118052 0
67 44 118111 1
104 95 118114 1
39 13 118117 1
45 16 118146 1
38 85 118182 0
85 55 118184 1
106 83 118191 1
77 75 118199 0
104 79 118264 1
104 98 118291 1
59 73 118292 1
104 80 118322 1
87 57 118323 1
105 91 118324 1
61 39 118327 1
87 83 118347 0
86 83 118376 0
105 82 118449 1
35 39 118493 0
79 51 118494 1
37 45 118531 0
88 111 118551 0
50 31 118593 1
103 77 118609 1
75 71 118669 0
48 92 118671 0
44 91 118682 0
58 43 118690 1
49 30 118760 1
34 36 118770 0
37 71 118782 0
41 13 118795 1
101 77 118801 1
43 17 118838 1
59 77 118843 1
103 78 118871 1
36 45 118874 0
97 71 118877 1
43 14 118884 1
29 27 118895 0
47 26 118932 1
51 35 118939 1
43 89 118958 0
88 59 118976 1
97 70 118976 1
61 43 118988 1
71 65 119006 0
61 42 119022 1
45 20 119060 1
36 86 119063 0
42 14 119096 1
67 63 119104 0
93 68 119115 1
45 17 119127 1
31 25 119136 0
106 88 119137 1
80 52 119137 1
102 76 119141 1
40 12 119152 1
60 79 119156 1
82 52 119175 1
93 54 119214 1
102 77 119219 1
46 21 119236 1
104 97 119269 1
39 85 119283 0
60 70 119289 1
91 62 119300 1
69 44 119301 1
50 28 119318 1
65 42 119335 1
37 62 119342 0
98 71 119410 1
60 80 119486 1
86 82 119492 0
34 35 119492 0
45 19 119494 1
44 21 119499 1
95 68 119515 1
74 71 119530 0
51 32 119552 1
49 29 119565 1
77 49 119596 1
67 42 119606 1
105 83 119631 1
51 34 119637 1
50 30 119659 1
30 29 119677 0
44 94 119678 0
46 23 119693 1
92 65 119845 1
38 81 119861 0
101 76 119874 1
32 29 119934 0
42 12 119955 1
68 66 119985 0
30 28 120000 0
57 41 120028 1
49 28 120029 1
94 68 120033 1
56 41 120038 1
52 34 120046 1
81 101 120058 0
53 37 120090 1
55 40 120124 1
36 80 120181 0
61 67 120202 1
87 82 120216 0
87 59 120223 1
45 21 120314 1
33 35 120334 0
88 58 120404 1
57 43 120407 1
79 50 120522 1
83 54 120529 1
31 28 120581 0
95 69 120582 1
31 27 120583 0
62 42 120590 1
93 65 120625 1
85 109 120643 0
40 46 120657 0
69 65 120668 0
40 48 120673 0
95 67 120711 1
94 109 120739 0
32 27 120790 0
36 64 120798 0
92 110 120808 0
75 47 120850 1
46 22 120857 1
83 100 120858 0
89 88 120874 0
63 44 120879 1
33 33 120956 0
37 76 120998 0
35 70 121073 0
89 60 121097 1
78 50 121134 1
35 68 121160 0
52 36 121178 1
36 83 121236 0
35 40 121264 0
88 89 121314 0
55 38 121322 1
71 71 121330 0
52 35 121356 1
54 38 121356 1
40 49 121425 0
66 42 121453 1
36 79 121461 0
37 43 121462 0
39 86 121484 0
32 33 121497 0
36 68 121520 0
37 82 121545 0
91 64 121647 1
86 89 121670 0
41 47 121676 0
30 21 121760 0
53 38 121850 1
39 42 121884 0
105 92 121890 1
50 32 121906 1
45 22 121923 1
48 26 122002 1
65 43 122052 1
73 78 122062 0
52 33 122139 1
64 42 122156 1
80 78 122167 0
36 66 122230 0
29 21 122234 0
89 89 122459 0
105 84 122463 1
36 12 122463 1
60 69 122497 1
41 48 122507 0
60 78 122594 1
76 46 122603 1
86 82 122607 0
60 76 122607 1
87 58 122625 1
60 42 122735 1
87 84 122765 0
92 63 122792 1
87 85 122816 0
76 47 122838 1
43 89 122849 0
36 48 122876 0
49 27 122892 1
33 30 122907 0
50 29 122941 1
82 79 122945 0
84 107 122975 0
46 24 122975 1
74 70 122989 1
36 39 122993 0
35 71 123054 0
72 45 123059 1
86 83 123094 0
60 74 123118 1
43 90 123119 0
104 96 123136 1
83 105 123213 0
61 78 123239 1
70 44 123263 1
37 58 123304 0
84 55 123336 1
67 43 123408 1
106 89 123423 1
60 72 123486 1
77 74 123515 0
29 32 123530 0
93 110 123600 0
77 80 123662 0
43 15 123673 1
31 22 123682 0
78 78 123711 0
35 69 123732 0
42 92 123748 0
37 77 123760 0
39 46 123768 0
29 75 123792 0
40 53 123877 0
89 87 123892 1
66 62 123946 0
41 87 123954 0
80 51 123965 1
76 73 124021 0
37 79 124026 0
87 90 124050 0
38 86 124052 0
38 88 124071 0
73 70 124130 0
84 81 124144 0
40 46 124168 0
43 98 124174 0
42 13 124175 1
90 61 124206 1
38 58 124208 0
89 111 124303 0
68 43 124365 1
83 53 124371 1
73 45 124405 1
98 93 124457 0
98 72 124457 1
92 110 124463 0
39 44 124480 0
70 67 124540 0
47 25 124570 1
39 48 124589 0
78 48 124600 1
88 93 124671 0
60 75 124705 1
37 76 124743 0
53 36 124779 1
37 71 124793 0
31 27 124845 0
71 45 124874 1
44 15 124922 1
33 35 124966 0
89 110 125012 0
78 49 125106 1
96 70 125190 1
81 109 125216 0
51 33 125242 1
103 80 125242 1
99 73 125329 1
86 82 125462 0
93 67 125481 1
73 75 125523 0
89 91 125606 0
72 44 125617 1
82 104 125710 0
35 85 125712 0
85 109 125735 0
40 93 125736 0
83 79 125747 0
100 74 125756 1
38 81 125772 0
38 84 125815 0
43 16 125817 1
84 99 125843 0
32 17 125879 0
36 63 125884 0
96 68 125960 1
38 77 125961 0
31 28 125965 0
84 107 125972 0
44 91 125991 0
36 64 126003 0
106 86 126026 1
37 80 126088 0
88 87 126090 0
104 81 126152 1
86 56 126213 1
83 83 126214 0
92 64 126221 1
44 20 126225 1
71 65 126226 0
74 71 126239 0
44 16 126275 1
41 14 126289 1
51 31 126294 1
34 43 126304 0
30 32 126311 0
85 107 126341 0
94 109 126387 0
103 79 126470 1
80 78 126478 0
93 66 126483 1
96 69 126486 1
38 12 126547 1
66 62 126638 0
40 90 126723 0
75 45 126731 1
84 54 126734 1
91 110 126760 0
83 110 126780 0
69 67 126793 0
38 47 126814 0
81 52 126844 1
87 82 126940 0
87 83 126960 0
32 29 127006 0
41 49 127025 0
28 28 127069 0
88 84 127079 0
92 66 127104 1
85 55 127301 1
59 43 127327 1
88 59 127346 1
72 67 127377 0
84 110 127407 0
31 24 127442 0
44 14 127448 1
58 42 127468 1
106 87 127501 1
60 83 127501 1
105 82 127520 1
106 90 127586 1
104 80 127613 1
83 104 127621 0
47 24 127698 1
55 39 127748 1
86 55 127750 1
34 63 127758 0
71 44 127796 1
63 43 127804 1
49 91 127818 0
54 90 127861 0
75 71 127866 0
80 50 127866 1
31 22 127868 0
102 78 127874 1
80 76 127911 0
37 50 127959 0
44 18 127973 1
89 59 127976 1
106 84 127984 1
20 45 128012 0
36 85 128022 0
30 18 128023 0
94 67 128040 1
76 80 128082 0
36 38 128102 0
31 18 128117 0
39 44 128119 0
46 23 128139 1
75 46 128141 1
86 83 128147 0
103 78 128170 1
79 50 128181 1
99 72 128182 1
97 71 128230 1
71 72 128247 0
37 12 128272 1
49 26 128273 1
34 37 128274 0
81 50 128312 1
81 51 128327 1
95 68 128328 1
30 21 128330 0
34 35 128385 0
60 43 128405 1
44 17 128461 1
73 69 128521 0
39 12 128525 1
45 90 128593 0
92 110 128600 0
56 40 128629 1
36 80 128639 0
83 54 128647 1
61 71 128669 1
49 30 128669 1
97 70 128678 1
91 63 128682 1
74 45 128710 1
46 18 128718 1
45 18 128725 1
79 76 128729 0
92 65 128730 1
75 70 128783 0
41 12 128786 1
105 94 128790 1
106 83 128796 1
31 25 128828 0
53 35 128843 1
37 63 128850 0
94 66 128863 1
99 73 128866 1
53 37 128889 1
105 81 128910 1
42 11 128934 1
77 48 128937 1
82 51 128941 1
86 82 128947 0
49 29 128964 1
87 57 128967 1
70 43 128971 1
32 33 129048 0
52 34 129069 1
64 43 129092 1
59 81 129133 1
75 47 129142 1
34 36 129149 0
51 92 129179 0
45 20 129179 1
40 46 129191 0
59 84 129231 1
36 69 129244 0
79 49 129268 1
43 13 129271 1
46 91 129315 0
84 107 129321 0
59 85 129358 1
91 62 129372 1
66 62 129374 0
82 52 129384 1
61 70 129413 1
50 30 129414 1
101 75 129434 1
77 47 129459 1
109 45 129478 1
38 42 129492 0
49 28 129562 1
32 28 129612 0
38 11 129636 1
98 71 129654 1
50 31 129663 1
48 25 129698 1
51 32 129701 1
40 48 129708 0
43 14 129709 1
91 61 129724 1
39 42 129866 0
71 65 129891 0
109 45 129903 0
73 70 129954 0
67 63 129990 0
77 49 130021 1
89 60 130031 1
45 89 130047 0
41 13 130061 1
88 84 130065 0
82 53 130068 1
67 44 130069 1
45 19 130099 1
106 88 130120 1
57 41 130213 1
45 21 130213 1
85 108 130222 0
98 70 130257 1
104 79 130259 1
37 76 130259 0
48 24 130360 1
82 106 130371 0
104 97 130371 1
61 38 130374 1
37 103 130378 0
37 82 130378 0
41 51 130439 0
53 36 130444 1
32 27 130491 0
46 22 130504 1
36 74 130542 0
35 83 130586 0
100 74 130599 1
54 37 130619 1
85 107 130624 0
31 27 130632 0
41 87 130634 0
88 94 130640 0
75 70 130645 0
60 79 130659 1
51 34 130670 1
38 84 130674 0
81 78 130677 0
83 55 130688 1
87 82 130710 0
40 12 130715 1
47 23 130730 1
39 13 130736 1
77 75 130812 0
39 59 130845 0
62 44 130876 1
87 55 130897 1
59 44 130897 1
80 77 130900 0
76 72 130938 0
31 24 130947 0
83 104 130957 0
43 89 131036 0
87 85 131072 0
102 76 131121 1
60 77 131146 1
42 14 131164 1
61 65 131173 1
76 47 131285 1
109 45 131355 1
37 11 131367 1
83 79 131387 0
61 66 131418 1
42 86 131453 0
92 111 131468 0
36 64 131500 0
54 36 131508 1
46 21 131509 1
50 91 131525 0
56 39 131557 1
34 13 131588 1
39 44 131610 0
31 30 131673 0
38 71 131705 0
33 30 131711 0
69 44 131730 1
70 63 131745 0
35 35 131758 0
109 45 131769 0
36 38 131812 0
35 42 131817 0
52 31 131826 1
49 27 131855 1
48 26 131864 1
41 47 131952 0
64 63 131954 0
39 85 131968 0
86 110 131976 0
61 68 131989 1
88 86 132017 0
41 95 132078 0
38 42 132096 0
52 91 132151 0
83 111 132177 0
57 43 132193 1
45 89 132211 0
38 77 132255 0
89 89 132263 0
31 26 132414 0
88 59 132552 1
39 52 132630 0
45 93 132634 0
43 17 132638 1
59 42 132646 1
37 71 132676 0
101 76 132745 1
65 62 132755 0
37 60 132761 0
31 22 132771 0
75 70 132781 0
103 77 132826 1
100 73 132863 1
85 79 132880 0
83 52 133021 1
69 43 133059 1
52 33 133066 1
42 12 133079 1
73 69 133101 0
32 21 133133 0
80 78 133157 0
60 80 133200 1
35 12 133201 1
94 109 133201 0
60 76 133240 1
37 73 133269 0
85 108 133311 0
104 99 133345 1
87 58 133359 1
70 44 133362 1
88 84 133376 0
55 39 133391 1
90 61 133451 1
54 38 133481 1
49 91 133487 0
39 57 133514 0
35 38 133586 0
41 48 133737 0
33 35 133760 0
40 50 133761 0
35 35 133770 0
81 78 133816 0
61 79 133825 1
31 28 133835 0
47 24 133848 1
92 64 133910 1
73 45 133920 1
38 51 133950 0
66 62 134002 0
30 22 134034 0
83 53 134092 1
51 93 134113 0
42 13 134125 1
41 52 134146 0
37 37 134174 0
80 77 134186 0
93 67 134213 1
47 25 134286 1
106 86 134317 1
75 72 134345 0
105 82 134361 1
38 81 134435 0
83 104 134443 0
76 72 134486 0
93 66 134526 1
47 89 134548 0
87 89 134615 0
51 55 134644 1
51 30 134644 1
36 64 134657 0
61 43 134679 1
83 103 134692 0
109 45 134758 1
32 19 134767 0
88 58 134785 1
45 89 134792 0
84 107 134805 0
31 24 134864 0
39 91 134872 0
109 45 134884 0
35 77 134909 0
69 69 134914 0
46 23 134924 1
93 110 134954 0
51 94 134968 0
85 81 135020 0
36 67 135029 0
88 89 135044 0
83 84 135151 0
95 109 135245 0
38 84 135262 0
62 43 135281 1
41 12 135291 1
96 69 135332 1
38 42 135443 0
33 33 135503 0
46 20 135514 1
79 50 135584 1
44 15 135645 1
71 65 135656 0
82 80 135707 0
39 44 135711 0
90 60 135718 1
91 64 135728 1
35 81 135736 0
85 109 135858 0
45 20 135901 1
75 70 135930 0
45 16 135933 1
39 42 135934 0
30 21 135944 0
32 21 135948 0
40 13 135970 1
74 46 136056 1
50 29 136139 1
58 42 136147 1
37 73 136153 0
50 91 136175 0
49 13 136190 1
50 27 136191 1
98 74 136216 1
52 34 136240 1
75 46 136367 1
65 62 136429 0
47 18 136442 1
72 44 136442 1
38 90 136445 0
84 54 136518 1
70 66 136523 0
49 28 136543 1
39 53 136544 0
69 65 136609 0
46 90 136664 0
76 46 136665 1
41 53 136718 0
73 76 136781 0
86 82 136794 0
33 27 136826 0
37 77 136877 0
35 35 136886 0
57 40 136907 1
61 72 137004 1
65 43 137038 1
31 26 137042 0
47 21 137042 1
75 75 137060 0
89 91 137093 0
45 18 137179 1
39 48 137207 0
81 52 137284 1
101 74 137363 1
80 51 137377 1
35 61 137403 0
88 93 137408 0
105 93 137419 1
81 78 137452 0
45 19 137480 1
46 89 137508 0
35 38 137578 0
106 89 137646 1
51 31 137734 1
91 110 137793 0
48 93 137807 0
85 108 137848 0
68 64 137937 0
50 30 138002 1
86 110 138056 0
104 80 138125 1
32 19 138160 0
71 44 138190 1
104 96 138236 1
81 51 138277 1
49 92 138315 0
84 53 138317 1
80 49 138325 1
80 77 138343 0
87 57 138378 1
78 47 138399 1
91 60 138413 1
36 64 138433 0
59 43 138448 1
59 83 138514 1
32 29 138543 0
44 91 138564 0
60 72 138581 1
32 41 138611 0
40 46 138633 0
40 47 138713 0
67 43 138725 1
48 91 138747 0
99 73 138767 1
48 25 138821 1
85 81 138833 0
71 66 138924 0
76 72 138950 0
32 70 138985 0
83 104 139010 0
40 88 139057 0
53 36 139268 1
64 63 139294 0
104 81 139321 1
44 14 139368 1
39 82 139379 0
51 91 139409 0
88 84 139498 0
107 87 139521 1
86 83 139625 0
66 67 139629 0
73 69 139700 0
37 73 139723 0
74 70 139765 0
80 76 139790 0
32 33 139826 0
94 67 139884 1
28 24 139910 0
89 110 139959 0
41 97 139999 0
46 90 140063 0
32 77 140156 0
71 45 140187 1
45 17 140213 1
78 48 140218 1
32 37 140313 0
104 100 140385 1
53 37 140402 1
83 103 140505 0
38 42 140507 0
53 35 140517 1
91 62 140644 1
87 83 140706 0
29 27 140783 0
78 76 140870 0
44 16 140941 1
46 89 140955 0
32 24 141126 0
46 22 141170 1
84 80 141174 0
51 33 141300 1
38 68 141306 0
46 21 141307 1
92 110 141318 0
105 92 141334 1
33 27 141390 0
41 50 141390 0
45 89 141425 0
36 40 141454 0
72 45 141497 1
74 45 141527 1
85 80 141646 0
80 50 141691 1
97 70 141829 1
103 76 141852 1
82 79 141853 0
50 92 141856 0
35 38 141876 0
37 12 141883 1
68 43 141933 1
95 68 141957 1
65 63 141979 0
73 70 142032 0
50 91 142038 0
56 40 142047 1
106 84 142105 1
93 65 142112 1
51 32 142112 1
62 41 142121 1
89 60 142218 1
75 47 142230 1
39 82 142358 0
34 33 142405 0
37 76 142474 0
30 22 142548 0
68 64 142569 0
103 78 142743 1
55 38 142862 1
105 81 142863 1
109 45 142882 1
32 28 142910 0
83 54 143064 1
37 84 143126 0
109 45 143227 0
54 37 143245 1
92 63 143330 1
38 84 143332 0
35 66 143355 0
71 66 143356 0
36 64 143366 0
89 87 143398 0
49 30 143414 1
109 45 143450 1
31 24 143482 0
81 48 143505 1
61 69 143556 1
100 74 143557 1
48 91 143563 0
31 22 143598 0
94 111 143607 0
49 95 143611 0
109 45 143620 0
63 42 143634 1
104 98 143685 1
65 62 143762 0
80 77 143771 0
32 19 143805 0
31 26 143835 0
42 86 143837 0
49 91 143877 0
99 72 143946 1
40 86 143987 0
33 46 144039 0
52 32 144101 1
39 11 144130 1
85 80 144134 0
32 21 144252 0
39 12 144258 1
81 78 144288 0
35 35 144289 0
86 55 144375 1
46 90 144388 0
83 49 144425 1
32 24 144505 0
81 76 144598 0
74 70 144606 0
106 87 144634 1
94 66 144754 1
77 76 144849 0
37 82 144885 0
84 80 144942 0
40 58 144947 0
49 29 145062 1
49 92 145103 0
85 81 145108 0
45 92 145121 0
98 71 145148 1
40 12 145367 1
58 41 145510 1
34 33 145547 0
75 70 145604 0
35 36 145631 0
92 111 145645 0
39 59 146013 0
40 90 146047 0
89 90 146072 0
36 64 146085 0
48 92 146088 0
39 84 146111 0
39 82 146160 0
38 12 146198 1
36 66 146206 0
102 75 146242 1
40 88 146385 0
53 34 146392 1
64 43 146481 1
77 77 146511 0
36 36 146590 0
37 67 146617 0
39 88 146638 0
74 73 146854 0
36 40 146907 0
37 42 147044 0
45 15 147066 1
47 91 147123 0
39 81 147168 0
85 80 147230 0
86 110 147326 0
32 27 147394 0
87 85 147396 0
74 78 147409 0
28 30 147419 0
84 105 147458 0
68 64 147611 0
87 56 147638 1
81 79 147697 0
89 87 147815 0
31 27 147913 0
28 34 147954 0
75 68 148060 0
44 13 148068 1
45 24 148076 1
35 38 148086 0
78 76 148095 0
101 75 148332 1
49 26 148376 1
40 86 148417 0
39 47 148548 0
81 76 148565 0
84 80 148609 0
33 32 148614 0
61 67 148668 1
43 14 148693 1
35 71 148741 0
33 81 148746 0
38 58 148799 0
83 101 148810 0
31 25 148891 0
36 64 148916 0
48 91 148919 0
36 73 148994 0
34 33 148994 0
40 85 149028 0
29 32 149058 0
61 77 149079 1
35 36 149369 0
72 69 149447 0
84 99 149523 0
104 79 149616 1
74 70 149666 0
36 36 149680 0
65 63 149706 0
31 82 149775 0
105 91 150016 1
46 89 150157 0
39 84 150308 0
38 59 150530 0
89 90 150612 0
83 106 150686 0
77 47 150730 1
84 105 150914 0
88 59 150944 1
52 33 150975 1
89 84 151017 0
38 56 151054 0
36 86 151065 0
34 70 151137 0
39 81 151142 0
76 47 151217 1
37 67 151277 0
34 77 151351 0
69 63 151395 0
103 79 151399 1
87 82 151460 0
36 68 151501 0
84 83 151728 0
30 21 151915 0
41 13 151954 1
36 88 151962 0
104 93 152038 1
47 22 152055 1
89 87 152100 0
88 109 152232 0
47 13 152328 1
31 21 152348 0
47 91 152517 0
32 34 152533 0
61 73 152591 1
95 108 152789 0
30 20 152802 0
30 29 152842 0
48 24 152970 1
60 41 153038 1
82 52 153118 1
71 66 153216 0
37 42 153219 0
82 86 153286 0
30 22 153552 0
40 85 153557 0
65 65 153645 0
33 32 153669 0
36 64 153859 0
79 49 153862 1
40 86 153926 0
44 88 153973 0
87 109 154030 0
42 88 154082 0
33 67 154083 0
43 13 154106 1
32 24 154117 0
89 84 154176 0
85 80 154231 0
34 33 154576 0
61 37 154592 1
85 50 154613 1
75 44 154693 1
106 83 154792 1
35 36 154807 0
51 90 154928 0
102 76 155068 1
60 43 155189 1
85 107 155250 0
75 43 155498 1
49 92 155503 0
84 80 155571 0
100 71 156095 1
89 59 156099 1
36 40 156141 0
41 14 156249 1
34 87 156454 0
93 64 156486 1
69 63 156641 0
74 68 156732 0
105 97 156734 1
36 85 157053 0
40 84 157073 0
36 12 157107 1
106 91 157169 1
89 90 157248 0
69 38 157252 1
61 76 157260 1
40 88 157297 0
31 21 157319 0
81 79 157420 0
96 68 157477 1
97 69 157503 1
81 77 157575 0
40 87 157637 0
37 84 157660 0
48 19 157667 1
84 105 157709 0
50 25 157736 1
36 73 157770 0
88 109 157888 0
38 99 158211 0
63 43 158390 1
48 26 158680 1
105 76 158816 1
86 1 158906 1
74 70 159054 0
83 106 159144 0
32 16 159322 0
32 38 159329 0
89 84 159387 0
83 104 159389 0
39 47 159585 0
39 84 159653 0
91 93 159732 1
42 88 159922 0
47 91 159931 0
83 107 160017 0
74 68 160025 0
44 88 160119 0
87 109 160199 0
37 42 160249 0
70 63 160264 0
85 108 160285 0
40 11 160606 1
36 64 160623 0
106 90 160879 1
44 94 161203 0
45 92 161231 0
89 87 161491 0
103 100 161637 1
33 32 161722 0
78 76 161839 0
37 66 161902 0
32 39 162235 0
34 30 162356 0
37 54 162403 0
37 73 162417 0
73 45 162490 1
81 77 162498 0
38 83 162511 0
91 63 162694 1
36 64 162870 0
64 42 162891 1
38 40 162902 0
40 85 163305 0
71 64 163359 0
31 26 163374 0
39 43 163460 0
40 84 163496 0
37 85 163551 0
29 29 163802 0
53 90 163963 0
74 68 163970 0
38 59 164104 0
89 69 164151 1
43 12 164402 1
47 92 164537 0
39 80 164788 0
40 87 164876 0
31 21 165047 0
52 90 165103 0
49 27 165253 1
88 56 165381 1
67 40 165431 1
105 79 165725 1
75 45 165866 1
36 71 166096 0
95 67 166138 1
32 37 166199 0
56 39 166249 1
94 65 166275 1
106 88 166476 1
79 77 166540 0
70 43 166640 1
88 57 166740 1
100 73 167018 1
37 75 167022 0
38 61 167053 0
105 82 167079 1
85 79 167118 0
57 41 167161 1
85 55 167287 1
55 39 167360 1
105 80 167418 1
76 72 167419 0
103 77 167472 1
90 88 167613 0
37 44 167671 0
72 44 167672 1
99 73 167732 1
40 45 167767 0
92 64 167849 1
91 61 167938 1
107 89 167959 1
104 97 167972 1
88 58 167986 1
83 53 167989 1
45 20 168104 1
37 66 168110 0
37 67 168124 0
99 71 168160 1
78 75 168180 0
36 64 168226 0
36 13 168258 1
30 34 168290 0
47 23 168359 1
38 40 168366 0
39 42 168500 0
107 86 168513 1
66 62 168621 0
81 76 168641 0
74 68 168656 0
37 78 168667 0
39 45 168676 0
93 66 168687 1
34 30 168688 0
91 112 168734 0
42 51 168782 0
38 62 168783 0
61 78 168793 1
73 44 168825 1
98 69 168850 1
50 28 168900 1
82 51 168903 1
54 36 168928 1
36 36 168967 0
83 52 168996 1
46 90 169023 0
38 71 169046 0
89 84 169054 0
39 43 169064 0
39 81 169116 0
94 67 169122 1
38 77 169193 0
33 27 169205 0
95 68 169221 1
37 37 169259 0
79 50 169290 1
38 63 169312 0
71 65 169365 0
107 85 169500 1
61 70 169501 1
91 62 169573 1
78 48 169592 1
97 70 169653 1
50 29 169747 1
67 42 169779 1
106 86 169780 1
106 83 169799 1
33 30 169847 0
49 28 169952 1
53 36 169975 1
60 79 170062 1
41 47 170095 0
100 72 170128 1
42 88 170136 0
61 80 170156 1
47 89 170184 0
42 13 170186 1
77 46 170216 1
102 74 170220 1
47 24 170246 1
38 83 170256 0
66 42 170267 1
78 73 170272 0
81 77 170318 0
81 50 170401 1
56 38 170410 1
86 54 170428 1
87 57 170445 1
80 47 170445 1
58 40 170446 1
69 63 170447 0
46 21 170508 1
32 17 170514 0
89 88 170522 0
61 75 170529 1
37 42 170638 0
75 46 170663 1
46 19 170668 1
46 13 170687 1
98 70 170731 1
59 43 170741 1
52 34 170754 1
87 109 170754 0
99 72 170791 1
51 31 170916 1
79 48 170981 1
45 19 170987 1
38 80 171055 0
45 18 171107 1
45 89 171132 0
54 35 171139 1
69 44 171140 1
94 66 171153 1
42 12 171164 1
88 109 171212 0
68 64 171217 0
81 79 171237 0
85 105 171241 0
37 61 171257 0
37 71 171343 0
90 110 171366 0
58 74 171445 1
58 42 171445 1
105 81 171445 1
74 45 171458 1
38 47 171469 0
76 46 171533 1
39 82 171603 0
41 87 171710 0
48 93 171733 0
36 80 171820 0
42 14 171826 1
80 50 171848 1
84 53 171870 1
42 86 171884 0
31 23 171920 0
103 75 171929 1
96 69 171975 1
61 42 172068 1
53 35 172152 1
88 111 172243 0
70 63 172257 0
35 75 172291 0
81 51 172294 1
71 64 172343 0
87 110 172348 0
37 62 172371 0
50 91 172382 0
84 52 172419 1
39 44 172426 0
85 80 172442 0
71 44 172452 1
38 68 172482 0
32 19 172500 0
37 64 172545 0
83 103 172560 0
44 88 172668 0
46 23 172691 1
79 74 172704 0
44 15 172735 1
83 79 172749 0
62 42 172759 1
89 59 172759 1
51 32 172794 1
84 109 172799 0
83 80 172819 0
68 42 172845 1
35 53 172849 0
55 37 172866 1
61 68 172872 1
31 18 172941 0
51 90 173045 0
37 63 173045 0
37 75 173070 0
34 33 173090 0
81 107 173156 0
45 84 173166 1
45 16 173167 1
46 89 173224 0
74 67 173284 0
36 42 173291 0
48 25 173336 1
54 34 173368 1
38 11 173440 1
92 62 173445 1
103 101 173486 1
90 88 173489 0
69 43 173539 1
53 34 173586 1
38 81 173587 0
46 22 173660 1
39 80 173668 0
38 40 173698 0
40 45 173741 0
63 62 173760 0
94 109 173799 0
35 35 173875 0
84 107 173877 0
36 73 173902 0
83 83 173981 0
35 36 174009 0
84 105 174092 0
32 23 174122 0
32 21 174147 0
36 71 174305 0
36 64 174462 0
35 72 174571 0
57 39 174574 1
61 66 174578 1
37 66 174584 0
41 84 174628 0
87 82 174641 0
55 89 174732 0
36 39 174765 0
32 35 174841 0
30 27 174891 0
77 47 174945 1
59 42 174958 1
65 42 174985 1
48 91 174997 0
78 73 175025 0
34 30 175136 0
82 52 175137 1
96 109 175196 0
46 92 175198 0
38 63 175244 0
54 37 175245 1
52 33 175277 1
83 107 175362 0
41 88 175395 0
32 34 175399 0
84 83 175568 0
47 92 175614 0
90 89 175655 0
29 76 175688 0
74 75 175743 0
36 38 175751 0
29 41 175751 0
78 75 175811 0
38 80 175930 0
61 43 175951 1
82 77 175982 0
65 63 176133 0
45 17 176188 1
92 63 176298 1
79 77 176509 0
39 87 176531 0
42 106 176582 0
46 20 176657 1
74 68 176658 0
88 65 176669 1
88 85 176669 0
32 85 176736 0
31 20 176772 0
89 85 176783 0
71 43 176845 1
88 81 176907 0
38 61 176912 0
40 86 176958 0
60 36 176988 1
38 62 177023 0
41 85 177037 0
90 110 177115 0
39 45 177168 0
61 71 177226 1
86 55 177349 1
105 94 177569 1
37 78 177584 0
39 43 177694 0
86 86 177901 0
43 48 177987 0
51 30 178022 1
79 74 178030 0
50 30 178051 1
60 42 178072 1
90 60 178088 1
86 111 178102 0
75 81 178163 0
104 79 178182 1
52 92 178218 0
40 84 178230 0
85 79 178368 0
40 87 178403 0
45 14 178506 1
71 73 178519 0
42 87 178521 0
89 109 178602 0
33 83 178604 0
52 32 178683 1
67 63 178713 0
31 23 178748 0
44 14 178753 1
105 95 178894 1
75 68 178907 0
36 36 178950 0
85 110 178958 0
33 32 179031 0
49 26 179229 1
40 12 179266 1
41 12 179287 1
87 110 179345 0
31 21 179477 0
88 92 179582 0
32 24 179615 0
60 80 179706 1
39 83 179752 0
85 54 179759 1
38 83 179762 0
37 86 179792 0
85 107 179799 0
39 78 179801 0
106 82 179801 1
47 22 179841 1
89 84 179860 0
74 67 179918 0
103 77 179923 1
76 78 179924 0
75 71 179941 0
76 45 180007 1
35 37 180030 0
106 83 180072 1
30 82 180105 0
61 69 180149 1
32 20 180154 0
96 68 180202 1
92 64 180236 1
49 25 180261 1
89 90 180275 0
36 64 180341 0
65 43 180400 1
29 23 180401 0
53 90 180413 0
103 76 180489 1
101 73 180574 1
61 72 180584 1
55 39 180669 1
85 55 180711 1
65 62 180713 0
95 68 180726 1
37 81 180752 0
81 76 180779 0
95 67 180803 1
104 77 180807 1
105 96 180816 1
49 27 180840 1
87 56 180859 1
85 53 180919 1
106 89 180919 1
33 70 180920 0
40 45 180936 0
100 73 180958 1
97 70 181020 1
52 31 181072 1
37 85 181077 0
106 87 181095 1
68 43 181109 1
82 77 181118 0
97 68 181131 1
57 41 181141 1
104 78 181162 1
105 93 181184 1
75 70 181225 0
32 23 181298 0
88 57 181311 1
90 89 181318 0
39 42 181333 0
37 64 181426 0
105 81 181477 1
52 90 181509 0
39 90 181518 0
107 88 181600 1
83 80 181625 0
28 35 181643 0
54 36 181650 1
91 61 181682 1
86 109 181714 0
91 62 181725 1
88 58 181832 1
89 109 181848 0
70 63 181869 0
80 49 181933 1
89 85 182036 0
38 77 182039 0
27 25 182050 0
71 64 182059 0
85 82 182082 0
11 32 182114 0
78 73 182134 0
47 89 182136 0
42 51 182138 0
97 69 182148 1
39 81 182165 0
90 88 182196 0
89 91 182199 0
43 13 182205 1
99 72 182233 1
93 64 182250 1
72 43 182261 1
45 13 182302 1
41 85 182306 0
83 52 182331 1
90 59 182332 1
67 43 182383 1
78 47 182395 1
38 80 182401 0
78 48 182401 1
68 38 182414 1
37 70 182425 0
48 24 182465 1
83 105 182517 0
87 57 182523 1
48 23 182524 1
47 90 182545 0
47 23 182565 1
75 45 182576 1
51 29 182664 1
39 12 182685 1
85 105 182714 0
74 45 182714 1
37 37 182736 0
61 79 182764 1
95 108 182812 0
69 63 182830 0
43 14 182830 1
39 11 182858 1
58 41 182918 1
94 66 182944 1
61 74 182970 1
38 71 183020 0
89 59 183041 1
50 27 183042 1
55 38 183043 1
90 110 183065 0
96 67 183174 1
40 85 183180 0
46 21 183228 1
87 55 183276 1
89 58 183294 1
36 11 183308 1
67 62 183326 0
42 86 183329 0
84 53 183346 1
58 42 183357 1
49 24 183362 1
39 82 183384 0
98 70 183411 1
45 19 183421 1
38 44 183422 0
55 36 183500 1
81 50 183517 1
61 77 183581 1
82 52 183621 1
94 67 183666 1
61 84 183669 1
38 40 183692 0
61 73 183729 1
82 51 183729 1
36 71 183730 0
106 81 183735 1
99 71 183736 1
50 28 183802 1
51 28 183833 1
42 87 183841 0
46 18 183874 1
45 18 183908 1
81 77 183943 0
37 61 183961 0
68 67 183975 0
80 50 184019 1
109 45 184053 1
53 36 184057 1
88 81 184069 0
47 24 184075 1
33 27 184106 0
46 88 184120 0
51 31 184130 1
46 19 184158 1
39 84 184183 0
53 34 184185 1
100 72 184212 1
74 68 184215 0
75 79 184227 0
79 74 184266 0
46 89 184301 0
61 76 184316 1
57 35 184371 1
38 63 184392 0
75 69 184432 0
45 15 184445 1
43 11 184459 1
64 42 184481 1
59 41 184486 1
85 79 184542 0
61 70 184624 1
41 56 184636 0
84 98 184638 0
95 66 184730 1
32 21 184754 0
88 83 184758 0
71 67 184771 0
37 75 184772 0
69 39 184986 1
79 47 185016 1
66 62 185155 0
37 73 185160 0
49 28 185175 1
32 19 185185 0
41 45 185197 0
109 45 185297 0
72 44 185367 1
39 59 185386 0
105 80 185410 1
61 75 185410 1
59 43 185422 1
31 20 185434 0
34 47 185440 0
38 68 185475 0
84 101 185492 0
36 64 185503 0
63 43 185507 1
39 80 185568 0
53 37 185573 1
44 13 185579 1
91 60 185630 1
83 51 185666 1
72 68 185791 0
51 32 185796 1
42 12 185814 1
73 66 185823 0
75 68 185825 0
106 83 185841 1
35 35 185885 0
32 20 185904 0
89 109 185906 0
107 87 185952 1
102 75 185953 1
106 80 185957 1
61 67 185981 1
39 83 185983 0
37 44 186046 0
37 66 186071 0
34 30 186108 0
33 16 186123 0
39 78 186126 0
36 36 186187 0
77 70 186248 0
80 76 186265 0
54 36 186281 1
41 84 186288 0
37 11 186349 1
56 38 186414 1
45 16 186588 1
74 67 186622 0
77 47 186659 1
86 53 186664 1
48 25 186681 1
61 78 186733 1
76 46 186797 1
44 12 186801 1
64 43 186926 1
105 79 186956 1
92 62 187039 1
105 94 187067 1
49 26 187074 1
84 109 187103 0
47 14 187148 1
45 88 187172 0
33 31 187212 0
31 23 187259 0
97 67 187352 1
81 7 187385 1
91 58 187391 1
94 65 187416 1
66 39 187417 1
101 66 187497 1
39 55 187530 0
88 57 187583 1
35 37 187643 0
41 11 187646 1
101 102 187706 1
47 22 187785 1
103 77 187812 1
88 85 187827 0
69 42 187896 1
71 65 187916 0
77 71 187955 0
55 39 187983 1
44 15 188042 1
51 89 188096 0
38 78 188152 0
49 27 188155 1
87 110 188157 0
82 50 188185 1
41 88 188221 0
57 39 188226 1
57 41 188376 1
33 25 188412 0
33 30 188424 0
88 109 188433 0
37 67 188442 0
33 20 188484 1
33 28 188485 0
86 109 188500 0
45 17 188572 1
70 43 188621 1
38 42 188633 0
53 35 188756 1
99 73 188759 1
82 77 188810 0
62 43 188923 1
89 85 188924 0
44 88 188926 0
81 102 188992 0
40 11 189154 1
52 33 189155 1
75 69 189163 0
41 85 189313 0
37 12 189316 1
39 45 189331 0
47 90 189391 0
81 51 189418 1
83 78 189420 0
106 92 189457 1
79 48 189470 1
85 87 189479 0
38 62 189613 0
78 75 189678 0
46 88 189679 0
42 13 189696 1
76 74 189806 0
32 23 189813 0
67 62 189888 0
42 87 189901 0
61 80 189918 1
93 61 189956 1
37 70 190066 0
77 46 190141 1
36 42 190187 0
61 68 190200 1
46 92 190455 0
101 74 190456 1
107 85 190594 1
116 60 190640 1
103 76 190640 1
73 66 190664 0
114 75 190681 1
56 36 190784 1
90 86 190805 0
78 42 190851 1
40 44 190859 0
83 52 190860 1
47 17 190915 1
61 69 190965 1
60 83 190970 1
40 84 191091 0
77 42 191135 1
84 51 191144 1
107 86 191144 1
45 88 191230 0
94 110 191243 0
106 91 191274 1
39 47 191286 0
91 61 191290 1
60 85 191351 1
90 89 191392 0
78 74 191482 0
41 45 191498 0
79 75 191506 0
67 42 191509 1
54 35 191529 1
68 61 191558 0
100 73 191587 1
103 72 191627 1
88 83 191648 0
50 27 191662 1
82 49 191666 1
52 30 191670 1
96 68 191699 1
80 49 191705 1
52 29 191723 1
52 32 191739 1
51 13 191751 1
55 37 191871 1
78 48 191884 1
39 42 192027 0
77 71 192055 0
36 64 192058 0
62 65 192126 1
85 80 192178 0
93 65 192277 1
81 76 192338 0
97 70 192351 1
43 12 192487 1
92 63 192551 1
37 59 192717 0
84 52 192826 1
37 68 192828 0
89 109 192880 0
66 42 192897 1
107 84 192988 1
95 67 193036 1
87 56 193101 1
45 18 193209 1
83 78 193219 0
74 69 193237 0
101 72 193254 1
90 110 193288 0
47 21 193288 1
46 21 193289 1
101 73 193294 1
105 95 193364 1
85 107 193388 0
98 69 193418 1
81 50 193446 1
69 43 193451 1
36 75 193519 0
32 17 193536 0
84 101 193560 0
35 13 193566 1
89 59 193571 1
46 17 193575 1
93 63 193756 1
52 31 193808 1
87 54 193868 1
84 53 193891 1
88 81 193933 0
94 66 193974 1
38 78 193989 0
59 42 194006 1
104 77 194029 1
42 11 194055 1
102 74 194056 1
79 82 194089 0
53 34 194104 1
64 63 194156 0
71 64 194215 0
70 63 194301 0
81 103 194303 0
98 70 194341 1
47 23 194342 1
32 32 194356 0
32 30 194411 0
34 33 194415 0
95 68 194450 1
85 82 194509 0
53 33 194533 1
40 89 194554 0
85 105 194568 0
44 14 194570 1
90 59 194590 1
88 55 194593 1
43 48 194595 0
94 109 194605 0
46 20 194610 1
41 46 194614 0
64 41 194618 1
105 97 194635 1
104 97 194663 1
105 81 194671 1
75 45 194701 1
85 52 194709 1
39 81 194786 0
33 28 194789 0
83 106 194790 0
97 68 194829 1
37 37 194833 0
99 71 194869 1
100 72 194893 1
90 86 194899 0
74 45 194901 1
82 51 194979 1
47 89 195034 0
105 96 195050 1
39 57 195100 0
65 42 195153 1
85 79 195181 0
43 13 195181 1
62 93 195182 1
38 71 195201 0
41 12 195262 1
93 109 195300 0
50 28 195321 1
45 19 195337 1
85 53 195344 1
42 86 195356 0
104 99 195392 1
37 40 195422 0
54 36 195458 1
68 42 195489 1
68 41 195514 1
99 69 195537 1
96 67 195555 1
53 32 195584 1
107 83 195590 1
46 19 195596 1
84 105 195662 0
32 20 195672 0
77 70 195700 0
61 42 195718 1
37 71 195720 0
58 40 195776 1
32 78 195832 0
89 58 195852 1
32 24 195858 0
78 47 195860 1
88 57 195863 1
77 71 195880 0
33 25 195888 0
58 41 195891 1
90 58 195980 1
11 63 196006 1
92 64 196015 1
61 71 196035 1
49 25 196068 1
40 44 196112 0
45 88 196123 0
58 42 196129 1
76 45 196145 1
30 32 196152 0
107 81 196190 1
87 55 196192 1
66 63 196293 0
49 91 196296 0
90 88 196299 0
61 72 196313 1
46 18 196317 1
51 90 196328 0
72 43 196333 1
75 44 196347 1
73 43 196411 1
105 79 196434 1
78 73 196460 0
38 44 196509 0
56 37 196517 1
61 70 196523 1
36 64 196542 0
62 67 196583 1
66 125 196583 1
105 93 196625 1
89 86 196689 0
32 28 196743 0
57 40 196747 1
83 78 196846 0
45 89 196881 0
79 74 196901 0
40 58 196912 0
103 75 196933 1
89 84 196942 0
75 68 197007 0
33 31 197081 0
47 19 197088 1
38 43 197097 0
105 98 197099 1
31 34 197192 0
39 82 197198 0
60 42 197219 1
75 69 197269 0
38 77 197287 0
61 73 197343 1
38 68 197359 0
32 21 197364 0
39 78 197380 0
39 11 197388 1
47 22 197400 1
38 61 197431 0
35 37 197446 0
38 11 197498 1
47 20 197514 1
61 78 197518 1
91 60 197551 1
72 67 197570 0
41 51 197571 0
87 50 197584 1
73 66 197593 0
36 87 197596 0
46 88 197641 0
68 63 197660 0
95 66 197670 1
77 69 197693 0
105 78 197723 1
33 27 197746 0
105 94 197754 1
100 71 197807 1
39 80 197837 0
83 52 197868 1
86 55 197889 1
32 27 197923 0
88 79 197941 1
88 56 197941 1
106 83 197961 1
51 29 197963 1
62 42 197981 1
41 84 197985 0
41 42 198022 0
85 81 198026 0
39 83 198028 0
39 86 198035 0
60 84 198052 1
84 103 198063 0
51 31 198116 1
51 30 198129 1
32 16 198163 0
45 15 198185 1
79 42 198191 1
46 11 198208 1
61 77 198221 1
73 68 198257 0
48 23 198280 1
92 62 198314 1
59 43 198349 1
31 16 198365 0
87 108 198378 0
89 57 198482 1
92 60 198570 1
77 47 198595 1
31 24 198636 0
48 24 198650 1
78 48 198661 1
91 61 198724 1
105 80 198743 1
103 76 198747 1
79 75 198803 0
32 19 198826 0
99 70 198868 1
61 76 198976 1
49 26 199004 1
83 80 199036 0
81 49 199083 1
48 22 199097 1
69 63 199184 0
45 16 199192 1
80 48 199212 1
49 24 199224 1
61 81 199227 1
38 63 199283 0
60 79 199478 1
36 64 199499 0
77 46 199513 1
58 39 199530 1
92 61 199544 1
85 110 199549 0
89 109 199563 0
34 30 199566 0
90 86 199568 0
38 78 199574 0
31 20 199636 0
74 67 199730 0
61 66 199757 1
57 41 199855 1
56 38 199864 1
49 27 199902 1
41 85 199908 0
89 89 199930 0
36 88 199942 0
31 17 199958 0
85 108 199960 0
0 0 200010 0
