49 90 0 0
64 65 49 0
41 34 69 0
32 81 78 0
38 85 84 0
104 65 127 1
92 71 138 0
43 45 147 0
54 40 151 1
67 51 201 1
53 22 203 1
43 41 209 0
69 52 216 1
49 75 312 1
62 72 339 1
47 67 390 0
76 51 489 1
66 50 491 1
24 64 550 0
45 88 562 0
100 61 569 1
89 100 569 0
61 70 610 1
57 47 638 1
23 71 684 0
44 74 694 1
94 75 712 0
61 76 856 1
87 68 878 0
90 70 901 0
85 53 912 1
61 121 1046 1
89 97 1061 0
65 51 1083 1
88 70 1109 0
91 72 1155 0
86 98 1190 0
55 28 1190 1
90 71 1320 0
31 80 1342 0
41 72 1436 1
57 86 1437 0
71 65 1446 0
75 67 1465 0
57 50 1518 1
81 52 1548 1
23 64 1559 0
54 29 1703 1
73 66 1709 0
76 66 1726 0
58 50 1727 1
44 75 1733 1
100 62 1860 1
93 97 1888 0
87 96 2030 0
92 99 2031 0
26 76 2035 0
39 70 2040 1
40 71 2082 1
55 43 2119 1
39 85 2150 0
24 65 2177 0
84 99 2188 0
22 67 2191 0
32 83 2263 0
48 75 2310 1
42 33 2314 0
79 68 2332 0
59 51 2398 1
52 22 2407 1
44 49 2432 0
38 71 2458 1
25 75 2516 0
83 53 2566 1
62 69 2593 1
77 51 2616 1
104 64 2655 1
99 62 2712 1
54 35 2827 1
44 51 2830 0
38 55 2879 1
38 85 2947 0
93 57 2993 1
54 36 3033 1
42 44 3085 0
91 57 3124 1
92 71 3131 0
105 66 3168 1
84 53 3169 1
49 88 3214 0
55 45 3228 1
62 51 3269 1
85 95 3272 0
89 98 3376 0
99 60 3387 1
86 66 3419 0
90 56 3419 1
43 74 3458 1
29 79 3500 0
54 28 3513 1
29 77 3753 0
42 72 3785 1
95 58 3857 1
73 67 3899 0
43 45 3998 0
43 28 4004 0
81 66 4256 0
54 37 4259 1
94 74 4274 0
55 27 4343 1
23 71 4422 0
82 52 4462 1
62 67 4481 1
41 37 4493 0
62 75 4616 1
30 83 4746 0
75 52 4842 1
51 21 4881 1
101 62 4947 1
87 68 4983 0
55 30 5031 1
55 33 5320 1
54 33 5322 1
106 74 5387 1
50 24 5419 1
99 61 5420 1
40 87 5472 0
78 67 5475 0
41 35 5486 0
78 52 5491 1
77 67 5524 0
55 29 5731 1
83 97 5739 0
33 83 5746 0
44 28 5785 0
77 68 5888 0
35 84 5921 0
36 55 5954 1
55 26 6016 1
49 69 6033 0
83 68 6057 0
88 99 6068 0
73 66 6113 0
62 73 6118 1
78 51 6165 1
48 89 6176 0
92 57 6353 1
55 22 6493 1
71 51 6581 1
43 73 6608 1
96 59 6842 1
42 31 6855 0
75 51 6872 1
44 68 6873 0
42 88 6906 0
45 88 6959 0
85 95 6990 0
31 79 7007 0
61 68 7094 1
92 71 7116 0
65 65 7117 0
38 85 7185 0
31 83 7212 0
88 70 7237 0
27 76 7263 0
84 92 7284 0
114 78 7290 1
42 87 7319 0
77 66 7507 0
107 72 7667 1
69 51 7684 1
62 70 7802 1
42 44 7874 0
29 77 7879 0
62 71 7894 1
87 98 8138 0
28 77 8175 0
107 75 8177 1
54 32 8207 1
70 51 8241 1
54 39 8296 1
57 48 8320 1
90 69 8337 0
25 75 8347 0
43 47 8471 0
91 56 8508 1
106 68 8569 1
57 49 8794 1
29 59 8914 1
106 65 8928 0
103 64 9018 1
75 66 9033 0
23 71 9070 0
46 88 9200 0
107 70 9207 1
64 51 9247 1
29 78 9479 0
94 58 9543 1
61 69 9550 1
49 69 9636 0
24 74 9641 0
90 98 9712 0
29 80 9820 0
25 76 9827 0
84 98 9829 0
42 35 9845 0
28 80 9871 0
48 89 10126 0
41 87 10147 0
107 74 10240 1
35 83 10339 0
27 76 10357 0
63 65 10365 0
29 79 10369 0
59 50 10418 1
85 96 10585 0
53 26 10634 1
93 71 10663 0
45 75 10670 1
31 79 10757 0
46 68 10957 0
104 83 11130 1
92 58 11183 1
42 86 11277 0
46 75 11302 1
40 41 11371 0
101 89 11401 1
89 69 11449 0
28 77 11606 0
43 52 11687 0
85 67 11741 0
42 87 11761 0
89 55 11771 1
106 80 11972 1
85 95 11998 0
50 89 12215 0
89 98 12343 0
93 81 12407 0
29 78 12509 0
43 30 12541 0
87 96 12623 0
52 88 12731 0
43 47 12745 0
40 37 12784 0
69 50 12878 1
51 72 12955 0
49 88 13073 0
47 75 13234 1
66 51 13318 1
84 94 13358 0
75 66 13587 0
63 51 13607 1
87 98 13612 0
73 66 13921 0
84 95 13925 0
57 45 13990 1
43 87 14003 0
49 69 14058 0
74 48 14215 1
78 66 14243 0
41 41 14266 0
45 26 14307 0
47 89 14320 0
80 52 14522 1
55 44 14674 1
27 76 14742 0
42 42 14801 0
85 96 14817 0
42 44 14821 0
34 86 14824 0
48 89 14905 0
94 73 14907 0
41 54 14955 1
41 55 15308 1
29 78 15445 0
40 87 15548 0
55 24 15706 1
86 66 15891 0
102 63 16114 1
47 87 16241 0
85 67 16302 0
28 77 16313 0
80 51 16808 1
105 81 16817 1
69 65 16914 0
62 79 16940 1
23 65 17254 0
97 60 17403 1
63 65 17487 0
54 24 17517 1
76 66 17523 0
96 75 17561 0
62 77 17645 1
107 73 17677 1
42 87 17796 0
43 87 17929 0
41 68 18052 0
39 54 18066 1
55 31 18088 1
68 51 18142 1
36 86 18283 0
80 68 18334 0
48 88 18366 0
58 49 18481 1
23 71 18534 0
32 81 18593 0
67 64 18777 0
42 106 18911 1
31 79 19141 0
29 78 19189 0
62 76 19255 1
43 47 19645 0
50 89 19653 0
94 73 19669 0
42 73 19840 1
85 99 19984 0
95 75 20049 0
56 86 20099 0
104 84 20127 1
83 94 20229 0
85 96 20273 0
82 68 20302 0
78 66 20308 0
42 47 20470 0
44 48 20472 0
50 69 20679 0
42 54 20764 1
91 69 20827 0
88 70 21059 0
27 79 21124 0
86 96 21126 0
55 88 21144 0
75 66 21195 0
22 69 21249 0
98 60 21464 1
105 65 21644 1
92 71 21649 0
43 51 21880 0
92 98 21893 0
48 67 21954 0
83 92 22098 0
72 68 22164 0
41 36 22306 0
62 72 22350 1
86 53 22378 1
43 86 22419 0
96 75 22446 0
107 71 22461 1
54 31 22470 1
104 82 22481 1
85 66 22500 0
106 67 22507 1
107 76 22517 1
85 97 22521 0
48 88 22530 0
54 27 22556 1
87 98 22608 0
43 87 22651 0
85 53 22751 1
81 52 22762 1
85 67 22862 0
67 64 22882 0
90 55 23135 1
55 42 23157 1
72 51 23200 1
106 78 23339 1
84 53 23360 1
97 59 23456 1
87 68 23539 0
80 65 23576 0
41 44 23578 0
34 56 23598 1
105 66 23604 1
43 45 23663 0
91 70 23757 0
92 56 23772 1
41 71 23799 1
33 81 23811 0
44 48 23863 0
93 57 24104 1
83 52 24159 1
56 45 24173 1
56 25 24227 1
103 63 24256 1
55 43 24276 1
27 77 24384 0
40 70 24400 1
51 89 24421 0
90 69 24428 0
76 51 24440 1
50 69 24527 0
73 51 24531 1
100 62 24586 1
71 65 24663 0
43 41 24664 0
29 77 24694 0
38 85 24704 0
94 73 24717 0
43 43 24748 0
84 93 24759 0
47 67 24777 0
23 66 24782 0
50 21 24800 1
86 58 24838 1
86 96 24838 0
40 86 24861 0
95 58 24914 1
84 92 24923 0
49 68 24933 0
82 52 25038 1
67 51 25057 1
92 57 25088 1
54 40 25108 1
44 68 25126 0
49 69 25148 0
89 97 25153 0
89 70 25217 0
44 74 25266 1
87 54 25306 1
33 57 25339 1
85 95 25351 0
48 67 25381 0
41 68 25387 0
101 62 25400 1
89 54 25497 1
52 23 25510 1
62 68 25552 1
43 31 25655 0
43 67 25674 0
55 23 25677 1
31 80 25685 0
91 56 25744 1
43 86 25810 0
42 86 25867 0
45 67 25911 0
38 86 25989 0
39 85 26023 0
53 25 26036 1
99 61 26062 1
103 64 26063 1
86 97 26174 0
52 90 26201 0
32 82 26209 0
29 78 26211 0
25 71 26252 0
54 36 26280 1
39 86 26336 0
40 71 26355 1
86 66 26367 0
48 88 26401 0
88 54 26474 1
96 58 26543 1
26 76 26559 0
71 66 26583 0
56 87 26604 0
107 72 26621 1
24 63 26625 0
62 78 26625 1
58 50 26657 1
94 57 26686 1
85 66 26688 0
62 71 26754 1
33 82 26804 0
55 45 26820 1
79 66 26857 0
44 89 26962 0
93 75 26962 0
31 81 27025 0
85 89 27045 0
28 77 27065 0
91 70 27077 0
67 64 27098 0
27 76 27167 0
55 39 27219 1
55 41 27267 1
91 55 27309 1
100 61 27356 1
41 38 27383 0
90 56 27416 1
62 66 27527 1
33 81 27552 0
44 48 27586 0
65 50 27715 1
55 40 27737 1
61 80 27818 1
93 71 28038 0
62 73 28122 1
43 68 28139 0
50 68 28221 0
49 75 28242 1
60 50 28336 1
62 70 28342 1
29 76 28353 0
57 47 28353 1
62 51 28385 1
35 82 28421 0
84 52 28435 1
48 75 28488 1
103 85 28513 1
50 69 28525 0
85 96 28541 0
62 69 28554 1
49 68 28591 0
42 87 28595 0
48 89 28612 0
43 43 28665 0
95 57 28729 1
55 36 28786 1
86 96 28810 0
61 82 28942 1
77 51 28975 1
48 23 29045 1
40 86 29063 0
70 50 29099 1
57 50 29183 1
37 55 29368 1
55 44 29394 1
79 51 29416 1
88 53 29525 1
83 54 29552 1
53 23 29567 1
78 66 29606 0
55 35 29666 1
48 67 29707 0
46 56 29749 1
46 74 29749 1
107 75 29786 1
73 68 29799 0
53 22 29813 1
87 69 29840 0
87 96 30107 0
67 63 30145 0
93 72 30213 0
55 28 30266 1
55 25 30284 1
91 69 30435 0
56 44 30441 1
43 86 30521 0
53 24 30523 1
35 56 30537 1
25 75 30549 0
61 71 30599 1
42 72 30698 1
104 64 30769 1
107 69 30782 1
51 70 30920 0
80 52 30954 1
89 98 31009 0
33 82 31027 0
75 51 31029 1
96 75 31038 0
39 39 31039 0
43 73 31063 1
89 55 31069 1
107 74 31107 1
35 55 31133 1
44 51 31146 0
61 70 31255 1
52 89 31266 0
91 70 31271 0
39 53 31345 1
89 70 31447 0
45 69 31461 0
76 50 31483 1
58 48 31600 1
62 75 31606 1
65 51 31609 1
65 64 31642 0
69 51 31757 1
38 86 31776 0
106 68 31831 1
61 51 31919 1
106 66 32001 1
107 73 32015 1
25 64 32156 0
102 62 32179 1
72 50 32338 1
50 70 32406 0
87 53 32511 1
107 70 32645 1
86 53 32829 1
56 23 32883 1
91 97 32962 0
103 86 32973 1
81 52 33159 1
82 66 33189 0
23 69 33204 0
89 69 33223 0
89 72 33237 0
50 22 33286 1
73 67 33309 0
71 51 33460 1
107 78 33557 1
33 81 33562 0
49 68 33580 0
107 68 33602 1
35 82 33678 0
107 71 33894 1
44 48 34020 0
103 62 34110 1
105 65 34113 1
24 72 34122 0
50 68 34130 0
58 47 34137 1
24 70 34172 0
43 46 34242 0
46 67 34300 0
93 57 34343 1
51 72 34380 0
35 83 34447 0
86 96 34515 0
97 59 34597 1
41 73 34599 1
105 66 34617 1
93 80 34654 0
95 58 34675 1
98 59 34696 1
43 33 34704 0
94 73 34709 0
90 54 34729 1
43 90 34824 0
43 87 34824 0
90 69 34996 0
63 65 35002 0
31 57 35002 1
70 51 35036 1
84 53 35056 1
91 56 35090 1
93 56 35095 1
93 70 35095 0
99 60 35127 1
82 52 35218 1
30 58 35304 1
59 50 35307 1
107 77 35317 1
95 95 35389 0
83 52 35389 1
104 63 35410 1
81 66 35445 0
75 66 35473 0
43 43 35480 0
62 67 35511 1
106 67 35519 1
103 63 35610 1
34 84 35663 0
51 70 35749 0
55 42 35753 1
41 39 35760 0
107 70 35771 1
78 51 35779 1
101 62 35832 1
77 66 35875 0
57 48 35910 1
94 57 35962 1
23 72 35976 0
55 26 36011 1
56 27 36037 1
85 88 36126 0
81 51 36164 1
85 66 36185 0
99 61 36214 1
107 72 36249 1
67 64 36251 0
89 54 36285 1
86 66 36321 0
85 67 36346 0
94 58 36356 1
55 87 36375 0
71 50 36385 1
55 43 36398 1
88 97 36432 0
48 88 36476 0
76 66 36575 0
55 32 36625 1
85 53 36631 1
89 85 36659 1
47 87 36673 0
49 23 36769 1
49 88 36779 0
107 71 36840 1
105 65 36845 1
29 77 36858 0
44 75 36880 1
80 65 36900 0
62 76 36931 1
48 69 36974 0
96 58 36977 1
62 71 36992 1
68 51 36993 1
100 61 36993 1
71 64 37022 0
28 78 37036 0
80 51 37107 1
90 53 37109 1
91 69 37124 0
57 64 37137 0
57 46 37137 1
87 52 37148 1
69 50 37149 1
31 79 37163 0
89 97 37207 0
95 76 37219 0
55 29 37230 1
87 96 37246 0
93 72 37248 0
92 56 37264 1
33 82 37292 0
95 58 37304 1
64 64 37320 0
55 41 37330 1
97 59 37332 1
55 31 37364 1
62 70 37383 1
83 52 37405 1
55 34 37424 1
101 61 37434 1
87 69 37463 0
63 74 37492 1
61 81 37498 1
99 60 37501 1
56 45 37523 1
40 86 37532 0
45 68 37546 0
85 52 37554 1
50 70 37570 0
90 98 37572 0
71 65 37583 0
64 50 37611 1
40 70 37649 1
91 70 37657 0
43 41 37665 0
32 81 37721 0
58 50 37729 1
107 76 37730 1
82 52 37758 1
55 33 37759 1
91 56 37759 1
91 55 37813 1
83 51 37868 1
50 69 37899 0
82 66 37924 0
73 51 37924 1
95 57 37928 1
50 89 37942 0
94 79 37974 0
47 75 38003 1
105 79 38007 1
70 63 38028 0
65 49 38059 1
89 53 38060 1
24 65 38073 0
62 68 38086 1
62 51 38096 1
42 35 38132 0
55 39 38140 1
86 53 38158 1
83 95 38215 0
90 70 38216 0
105 64 38240 1
48 67 38243 0
72 51 38247 1
43 72 38268 1
93 70 38275 0
62 50 38293 1
53 21 38299 1
48 75 38307 1
54 21 38319 1
66 50 38373 1
77 50 38379 1
98 60 38390 1
55 30 38395 1
52 22 38395 1
67 63 38401 0
65 50 38462 1
102 62 38479 1
90 54 38521 1
24 72 38526 0
63 72 38527 1
38 85 38529 0
59 49 38529 1
77 51 38531 1
54 62 38573 1
54 36 38573 1
45 75 38583 1
24 70 38622 0
51 70 38628 0
84 52 38650 1
62 80 38651 1
107 73 38662 1
93 71 38665 0
57 85 38687 0
39 85 38708 0
75 51 38743 1
29 76 38772 0
84 53 38817 1
93 57 38833 1
50 68 38841 0
95 78 38844 0
109 45 38852 1
40 71 38875 1
63 50 38883 1
107 69 38921 1
23 69 38923 0
94 57 38968 1
90 69 38971 0
109 45 38982 0
43 86 38982 0
55 24 39000 1
25 63 39004 0
47 91 39009 0
107 75 39031 1
42 86 39052 0
92 57 39086 1
84 91 39088 0
103 84 39124 1
69 51 39130 1
106 66 39144 1
107 70 39154 1
95 77 39160 0
84 89 39188 0
91 97 39221 0
41 68 39225 0
84 67 39236 0
78 67 39240 0
27 76 39249 0
49 68 39269 0
107 74 39275 1
73 66 39299 0
46 74 39310 1
68 50 39331 1
71 64 39332 0
55 40 39351 1
43 67 39364 0
59 50 39391 1
46 88 39409 0
35 82 39513 0
45 88 39563 0
69 65 39591 0
24 75 39604 0
67 51 39633 1
91 98 39641 0
47 67 39660 0
42 71 39712 1
55 38 39716 1
24 64 39733 0
73 50 39741 1
29 77 39761 0
47 87 39776 0
25 71 39806 0
41 56 39826 1
62 54 39826 1
62 69 39826 1
56 43 39911 1
105 66 39916 1
45 46 39954 0
63 73 39956 1
88 97 40021 0
36 55 40026 1
74 50 40030 1
43 46 40050 0
55 27 40059 1
95 96 40064 0
58 47 40126 1
76 51 40128 1
86 66 40129 0
46 67 40174 0
45 67 40184 0
86 96 40185 0
49 75 40210 1
33 81 40261 0
55 42 40268 1
29 78 40301 0
43 38 40365 0
82 51 40371 1
43 73 40415 1
79 51 40416 1
56 44 40442 1
62 79 40448 1
58 49 40460 1
103 63 40493 1
55 36 40533 1
34 55 40542 1
83 52 40600 1
40 53 40600 1
57 25 40615 1
55 44 40618 1
55 43 40635 1
63 75 40654 1
42 72 40655 1
53 89 40668 0
101 88 40705 1
52 88 40728 0
89 70 40730 0
107 68 40791 1
62 70 40791 1
105 65 40794 1
90 55 40881 1
48 88 40892 0
91 69 40917 0
44 26 40919 0
61 50 40922 1
44 73 40932 1
31 79 40988 0
56 86 40995 0
60 50 41109 1
55 31 41111 1
55 39 41161 1
88 53 41176 1
62 71 41181 1
75 50 41244 1
86 67 41264 0
55 21 41265 1
62 67 41267 1
57 45 41291 1
41 70 41295 1
57 47 41335 1
55 20 41359 1
55 33 41364 1
43 53 41414 1
97 58 41442 1
40 70 41462 1
38 54 41487 1
36 86 41576 0
107 71 41609 1
59 48 41624 1
56 25 41662 1
53 22 41679 1
38 86 41708 0
24 70 41717 0
89 54 41728 1
108 74 41731 1
56 22 41756 1
82 52 41779 1
87 53 41805 1
100 60 41818 1
96 57 41847 1
93 70 41865 0
104 63 41881 1
95 58 41890 1
37 54 41893 1
96 58 41899 1
55 41 41899 1
41 53 41907 1
40 35 41915 0
55 35 41920 1
43 43 41935 0
99 60 42049 1
108 72 42229 1
71 64 42253 0
67 63 42265 0
55 37 42293 1
104 83 42297 1
67 50 42333 1
23 72 42341 0
38 55 42382 1
43 33 42416 0
101 61 42427 1
63 76 42446 1
24 72 42451 0
93 97 42517 0
64 64 42553 0
51 70 42565 0
39 54 42569 1
43 41 42577 0
104 61 42595 1
87 96 42619 0
86 52 42628 1
55 23 42662 1
29 76 42666 0
65 64 42668 0
58 48 42671 1
49 88 42703 0
48 75 42704 1
53 23 42788 1
39 69 42818 1
37 56 42842 1
80 51 42853 1
42 54 42925 1
28 77 42932 0
35 82 42970 0
31 80 42990 0
56 45 43000 1
103 64 43000 1
44 52 43040 0
55 34 43066 1
97 59 43067 1
42 42 43085 0
50 68 43094 0
82 66 43153 0
41 71 43177 1
91 56 43205 1
55 32 43209 1
56 26 43213 1
23 73 43219 0
41 37 43230 0
43 72 43235 1
55 29 43284 1
81 51 43285 1
62 81 43368 1
70 49 43425 1
34 56 43440 1
50 70 43455 0
88 97 43582 0
47 74 43615 1
107 72 43638 1
85 95 43656 0
55 22 43684 1
28 78 43699 0
56 27 43715 1
91 55 43811 1
32 57 43813 1
52 21 43818 1
44 28 43830 0
46 74 43832 1
42 33 43839 0
99 59 43980 1
107 67 44114 1
37 55 44177 1
54 31 44273 1
45 46 44284 0
85 52 44388 1
55 26 44389 1
100 61 44416 1
30 80 44438 0
70 63 44464 0
55 28 44507 1
63 72 44531 1
42 35 44566 0
57 48 44570 1
48 74 44631 1
98 59 44662 1
55 40 44675 1
41 33 44753 0
57 44 44758 1
84 52 44791 1
43 38 44798 0
86 53 44841 1
23 71 44854 0
57 46 44859 1
94 97 44903 0
41 35 44931 0
94 57 44944 1
100 90 44970 1
30 59 44996 1
62 68 45009 1
41 40 45026 0
23 76 45031 0
41 45 45088 0
35 83 45099 0
42 53 45200 1
43 47 45203 0
45 26 45204 0
75 64 45207 0
48 67 45228 0
49 22 45230 1
25 71 45230 0
96 75 45252 0
92 70 45324 0
28 76 45461 1
33 82 45478 0
70 50 45562 1
51 89 45631 0
33 55 45749 1
92 56 45777 1
42 44 45808 0
42 71 45809 1
59 50 45821 1
86 67 45836 0
87 68 45837 0
45 48 45846 0
29 77 45853 0
68 51 45885 1
95 57 45886 1
48 89 45891 0
84 92 45978 0
46 90 46045 0
23 69 46078 0
77 66 46101 0
63 74 46120 1
47 68 46187 0
81 52 46442 1
89 71 46505 0
40 85 46659 0
102 87 46689 1
47 87 46723 0
93 72 46750 0
47 66 46779 0
40 44 46796 0
57 86 46825 0
78 66 46896 0
43 86 46920 0
85 66 46924 0
85 90 46986 0
35 84 47010 0
29 75 47021 0
24 70 47127 0
81 67 47204 0
32 84 47216 0
85 89 47216 0
75 66 47257 0
89 97 47259 0
24 72 47389 0
86 68 47441 0
37 88 47547 0
52 20 47665 1
42 36 47681 0
24 65 47864 0
71 50 47933 1
56 43 47980 1
24 74 48065 0
78 51 48080 1
46 67 48085 0
42 37 48273 0
102 62 48394 1
88 97 48513 0
92 70 48538 0
45 48 48585 0
51 73 48599 0
101 62 48609 1
106 66 48713 1
49 90 48756 0
24 76 48791 0
80 65 48842 0
55 30 48844 1
71 64 48857 0
87 94 48953 0
47 69 49099 0
83 67 49153 0
79 66 49171 0
29 89 49255 0
54 88 49263 0
105 64 49322 1
90 54 49370 1
80 67 49425 0
86 66 49492 0
40 69 49779 1
72 50 50066 1
55 86 50070 0
33 81 50070 0
37 83 50120 0
72 64 50234 0
39 85 50327 0
23 68 50338 0
23 72 50349 0
47 66 50365 0
40 85 50388 0
77 51 50468 1
64 50 50476 1
35 87 50494 0
41 85 50570 0
43 46 50615 0
63 71 50703 1
75 51 50718 1
48 88 50758 0
72 67 50888 0
56 44 50909 1
87 69 50924 0
40 39 50996 0
86 67 51063 0
50 90 51084 0
67 63 51132 0
82 66 51240 0
67 64 51256 0
27 76 51310 0
93 70 51393 0
95 66 51407 0
95 74 51407 0
66 50 51425 1
62 50 51482 1
83 52 51508 1
104 84 51580 1
45 48 51607 0
92 70 51618 0
85 68 51627 0
50 70 51627 0
43 45 51629 0
91 69 51705 0
51 70 51759 0
107 69 51777 1
104 82 51808 1
58 50 51839 1
23 70 51884 0
107 70 51902 1
91 97 51925 0
103 62 51929 1
31 79 51942 0
63 77 51948 1
29 76 51977 0
54 87 52029 0
44 49 52114 0
87 70 52234 0
35 82 52239 0
59 49 52289 1
38 85 52297 0
43 67 52299 0
25 64 52302 0
27 77 52356 0
43 26 52394 0
88 66 52394 0
45 85 52468 0
51 90 52554 0
72 64 52577 0
45 25 52581 0
64 64 52707 0
25 78 52730 0
43 29 52740 0
81 66 52854 0
58 47 52858 1
87 98 52860 0
45 51 52870 0
42 36 52899 0
55 38 52948 1
42 37 52992 0
22 71 53008 0
85 90 53074 0
21 70 53163 0
37 83 53207 0
89 99 53253 0
91 99 53283 0
44 48 53296 0
108 75 53332 1
93 74 53437 0
65 64 53453 0
41 85 53525 0
93 56 53627 1
106 79 53664 1
45 46 53782 0
47 66 53817 0
40 85 53852 0
30 78 53906 0
70 63 53922 0
78 68 53935 0
41 43 53969 0
93 98 54078 0
25 75 54089 0
91 70 54153 0
44 73 54178 1
28 78 54208 0
62 51 54361 1
43 43 54387 0
60 49 54390 1
89 53 54403 1
83 96 54425 0
37 86 54436 0
48 68 54451 0
79 51 54459 1
83 90 54507 0
42 72 54705 1
108 70 54766 1
41 34 54869 0
70 67 54882 0
82 51 54888 1
50 89 54914 0
79 65 55079 0
51 73 55084 0
85 96 55107 0
40 42 55110 0
55 36 55190 1
76 50 55259 1
92 70 55269 0
55 24 55401 1
72 64 55514 0
85 70 55569 0
83 65 55593 0
34 85 55679 0
63 73 55726 1
35 55 55984 1
55 41 55984 1
107 75 56046 1
60 50 56058 1
55 35 56194 1
92 72 56370 0
68 64 56592 0
55 39 56780 1
69 66 56782 0
55 86 56804 0
23 68 57057 0
61 50 57078 1
29 75 57187 0
69 50 57235 1
88 53 57380 1
45 48 57402 0
61 80 57437 1
47 68 57543 0
96 58 57612 1
41 85 57628 0
107 77 57668 1
30 78 57696 0
37 83 57717 0
80 51 57752 1
40 40 57786 0
45 73 57786 1
50 72 57798 0
39 87 57960 0
42 37 58028 0
41 54 58085 1
55 37 58133 1
65 50 58137 1
53 21 58137 1
27 78 58171 0
57 45 58181 1
94 56 58321 1
74 67 58334 0
85 64 58347 0
63 78 58385 1
88 66 58465 0
43 38 58642 0
50 24 58665 1
85 91 58672 0
32 56 58678 1
51 21 58702 1
50 68 58786 0
22 69 58791 0
23 70 58844 0
25 79 58852 0
56 24 58885 1
43 54 58887 1
85 94 58978 0
83 65 58988 0
107 76 59052 1
69 51 59081 1
86 94 59194 1
26 76 59208 0
106 65 59351 1
42 36 59354 0
49 68 59369 0
105 65 59428 1
97 58 59511 1
95 57 59613 1
91 71 59629 0
95 74 59714 0
43 89 59899 0
50 69 59995 0
55 87 60116 0
89 84 60153 1
79 65 60161 0
58 46 60243 1
55 31 60247 1
49 88 60312 0
90 69 60321 0
40 36 60340 0
36 55 60459 1
101 61 60499 1
99 60 60508 1
104 63 60525 1
88 97 60578 0
82 65 60604 0
40 88 60733 0
19 49 60813 0
25 65 60874 0
24 64 60910 0
54 87 61080 0
68 64 61192 0
47 74 61285 1
43 39 61341 0
55 33 61365 1
62 67 61408 1
44 27 61488 0
28 79 61587 0
43 49 61651 0
87 52 61672 1
76 66 61737 0
36 90 61775 0
104 62 61780 1
63 50 61833 1
93 35 61869 0
87 94 62163 0
107 68 62201 1
30 78 62214 0
75 64 62304 0
98 58 62312 1
85 52 62351 1
52 22 62371 1
49 89 62385 0
87 96 62414 0
40 85 62451 0
23 67 62519 0
107 71 62566 1
86 88 62613 0
78 50 62633 1
84 52 62642 1
89 54 62664 1
48 68 62670 0
105 81 62688 1
102 61 62791 1
81 51 62828 1
83 65 62939 0
41 70 62984 1
91 55 63012 1
82 52 63057 1
85 92 63059 0
77 50 63076 1
94 57 63144 1
74 50 63234 1
62 70 63245 1
63 75 63320 1
101 60 63348 1
59 47 63399 1
90 84 63521 1
90 53 63531 1
55 32 63567 1
43 72 63567 1
40 70 63568 1
68 50 63632 1
86 52 63662 1
88 86 63706 1
30 81 63718 0
75 50 63757 1
54 21 63787 1
100 60 63810 1
55 34 63835 1
72 64 63878 0
96 57 63893 1
73 50 63894 1
97 59 63903 1
90 54 63927 1
86 66 63949 0
79 94 64003 0
79 50 64004 1
55 40 64005 1
86 67 64062 0
62 79 64271 1
96 74 64272 0
92 55 64275 1
47 66 64365 0
82 65 64389 0
107 66 64479 1
85 91 64483 0
103 85 64594 1
85 90 64623 0
54 20 64623 1
63 69 64655 1
46 74 64718 1
93 56 64751 1
53 22 64846 1
25 71 64906 0
83 52 64906 1
87 53 64971 1
56 28 64978 1
103 62 64985 1
91 54 64986 1
43 41 65047 0
106 64 65117 1
67 63 65118 0
56 41 65203 1
95 95 65238 0
99 60 65254 1
43 31 65266 0
94 58 65303 1
105 64 65308 1
49 75 65333 1
67 50 65418 1
88 68 65443 0
45 44 65466 0
63 72 65468 1
58 48 65613 1
58 45 65647 1
48 74 65664 1
86 96 65686 0
93 70 65798 0
43 33 65827 0
28 76 65842 0
63 49 65871 1
56 38 65874 1
42 37 65928 0
56 23 65974 1
70 63 65995 0
56 86 66015 0
92 72 66051 0
81 50 66085 1
63 76 66087 1
83 51 66115 1
63 74 66133 1
69 50 66160 1
49 74 66336 1
43 44 66338 0
43 39 66367 0
31 56 66448 1
84 51 66458 1
71 64 66476 0
40 52 66522 1
47 87 66537 0
27 75 66659 0
23 70 66684 0
97 57 66718 1
88 66 66766 0
65 49 66837 1
108 71 67027 1
55 29 67047 1
29 76 67052 0
42 71 67114 1
34 55 67151 1
25 63 67238 0
62 65 67252 1
23 68 67329 0
83 66 67437 0
63 68 67451 1
59 50 67460 1
56 25 67485 1
85 92 67553 0
99 59 67617 1
48 75 67631 1
55 39 67635 1
56 35 67650 1
45 85 67651 0
88 52 67682 1
45 45 67691 0
71 50 67701 1
45 46 67754 0
55 23 67773 1
70 50 67788 1
46 73 67820 1
69 63 67844 0
94 71 67861 0
41 85 67931 0
56 43 67948 1
35 82 67971 0
56 26 68030 1
24 73 68060 0
95 58 68078 1
41 84 68092 0
38 54 68123 1
49 21 68160 1
52 72 68177 0
108 72 68318 1
47 22 68346 1
27 72 68354 0
59 48 68362 1
58 47 68374 1
24 72 68462 0
63 70 68694 1
93 55 68804 1
61 49 68838 1
82 51 68882 1
82 65 68904 0
49 86 69067 0
68 64 69103 0
45 49 69227 0
79 65 69435 0
42 67 69459 0
49 23 69469 1
83 65 69570 0
41 69 69575 1
68 49 69583 1
30 78 69686 0
101 61 69760 1
24 70 69899 0
62 49 69900 1
87 94 69910 0
107 65 69981 1
77 65 70026 0
32 80 70063 0
49 89 70079 0
96 77 70083 0
37 83 70138 0
63 71 70214 1
94 56 70247 1
95 57 70308 1
55 31 70325 1
76 49 70425 1
45 45 70509 0
72 49 70513 1
93 96 70525 0
97 73 70556 0
107 67 70563 1
107 74 70588 1
27 75 70608 0
69 63 70655 0
88 68 70677 0
62 80 70690 1
28 76 70710 0
51 68 70717 0
41 53 70767 1
50 22 70963 1
80 50 71242 1
56 27 71247 1
55 33 71338 1
66 49 71386 1
44 86 71416 0
85 94 71425 0
55 26 71425 1
80 65 71434 0
52 72 71465 0
107 70 71565 1
71 65 71606 0
43 44 71614 0
88 67 71676 1
94 71 71753 0
71 49 71790 1
96 74 71848 0
63 67 71899 1
48 90 71947 0
29 75 71950 0
57 46 72013 1
55 36 72064 1
87 95 72068 0
51 71 72085 0
42 38 72213 0
95 74 72561 0
24 63 72587 0
56 40 72757 1
47 74 72805 1
40 53 72960 1
87 52 72989 1
89 53 73018 1
88 85 73093 1
61 50 73182 1
42 36 73186 0
51 69 73298 0
43 71 73299 1
23 67 73307 0
15 81 73368 0
85 52 73385 1
104 62 73398 1
85 92 73398 0
64 50 73470 1
52 69 73484 0
108 68 73509 1
108 70 73584 1
42 86 73644 0
50 72 73667 0
39 54 73685 1
47 65 73735 0
42 67 73806 0
51 68 73871 0
45 27 74005 0
66 50 74021 1
108 74 74021 1
98 59 74027 1
43 72 74052 1
57 45 74147 1
97 73 74152 0
62 50 74243 1
32 80 74298 0
45 49 74299 0
85 91 74334 0
39 53 74386 1
55 35 74457 1
32 79 74519 0
44 45 74561 0
107 68 74585 1
53 23 74656 1
91 55 74765 1
89 97 74798 0
83 66 74832 0
27 75 74875 0
57 44 74970 1
95 56 75025 1
36 82 75112 0
42 53 75119 1
45 45 75187 0
44 44 75201 0
93 56 75288 1
69 86 75384 0
69 49 75384 1
107 78 75391 1
90 54 75417 1
52 72 75439 0
42 39 75517 0
69 63 75522 0
102 61 75523 1
103 62 75569 1
87 95 75596 0
65 50 75683 1
72 50 75703 1
105 82 75758 1
96 57 75783 1
57 43 75783 1
105 63 75797 1
53 19 75839 1
89 66 75842 0
63 73 75867 1
93 96 75888 0
28 76 75897 0
94 71 75983 0
38 53 76012 1
40 69 76033 1
97 58 76108 1
76 50 76166 1
53 20 76263 1
89 54 76344 1
90 53 76345 1
81 51 76412 1
105 64 76422 1
55 34 76452 1
76 65 76473 0
25 65 76502 0
99 60 76544 1
78 50 76556 1
63 65 76578 1
45 48 76594 0
72 64 76634 0
45 73 76636 1
63 72 76694 1
63 66 76705 1
90 67 76736 0
88 66 76829 0
85 64 76894 0
43 40 76908 0
57 85 77001 0
63 77 77011 1
46 74 77024 1
41 84 77033 0
55 21 77058 1
101 60 77091 1
55 22 77120 1
41 70 77153 1
51 69 77185 0
44 72 77252 1
63 69 77292 1
79 50 77315 1
106 80 77389 1
63 75 77425 1
77 50 77439 1
106 64 77460 1
45 86 77464 0
75 64 77496 0
86 52 77509 1
50 21 77570 1
45 44 77573 0
52 69 77591 0
55 86 77628 0
82 65 77664 0
48 74 77665 1
85 66 77692 0
70 63 77698 0
43 32 77704 0
107 66 77726 1
108 69 77837 1
73 50 77903 1
55 39 77934 1
91 54 77942 1
24 73 77961 0
93 70 77971 0
37 54 77984 1
52 71 77989 0
56 36 78022 1
91 96 78080 0
92 70 78114 0
53 21 78115 1
43 39 78117 0
37 55 78121 1
116 108 78124 0
45 51 78133 0
52 88 78211 0
36 82 78230 0
88 68 78241 0
86 94 78358 0
83 51 78381 1
60 50 78482 1
75 50 78525 1
41 86 78570 0
56 41 78670 1
108 75 78672 1
32 79 78784 0
42 70 78786 1
97 57 78788 1
90 52 78807 1
69 50 78862 1
55 32 78876 1
51 68 78882 0
56 21 78941 1
44 45 78991 0
95 78 79009 0
25 71 79055 0
77 65 79074 0
43 53 79089 1
45 46 79096 0
63 50 79155 1
70 49 79172 1
32 80 79174 0
87 94 79239 0
40 84 79277 0
56 22 79293 1
42 38 79316 0
90 67 79319 0
25 67 79330 0
107 76 79338 1
91 67 79379 0
85 51 79407 1
97 73 79410 0
56 39 79412 1
82 51 79440 1
46 76 79443 1
45 85 79452 0
91 53 79603 1
43 67 79659 0
44 44 79722 0
67 63 79744 0
101 61 79787 1
94 56 79787 1
93 55 79792 1
104 62 79832 1
40 70 79832 1
74 49 79837 1
55 24 79861 1
64 49 79875 1
87 52 79922 1
43 44 79932 0
68 50 79978 1
63 74 80047 1
53 25 80096 1
43 38 80106 0
51 20 80109 1
50 67 80122 0
87 95 80168 0
44 71 80174 1
101 89 80226 1
56 32 80261 1
42 67 80290 0
69 63 80300 0
51 71 80353 0
77 49 80396 1
52 72 80421 0
59 48 80470 1
45 45 80528 0
47 65 80549 0
74 48 80570 1
42 71 80592 1
67 49 80593 1
114 78 80620 1
29 76 80623 0
58 47 80678 1
63 59 80692 1
63 76 80693 1
55 33 80718 1
83 52 80758 1
93 56 80764 1
48 88 80784 0
98 58 80827 1
24 67 80861 0
31 58 80875 1
44 86 80923 0
104 84 80978 1
90 54 80981 1
45 86 81044 0
107 77 81060 1
60 49 81087 1
32 55 81087 1
87 65 81140 0
56 31 81158 1
76 65 81177 0
52 69 81249 0
71 50 81289 1
33 55 81289 1
46 73 81294 1
43 40 81294 0
29 75 81366 0
57 31 81427 1
36 82 81451 0
46 49 81523 0
92 54 81528 1
52 71 81552 0
52 21 81564 1
27 75 81643 0
63 68 81672 1
74 50 81913 1
45 49 81960 0
1 48 81960 1
96 57 82079 1
108 72 82099 1
43 72 82147 1
27 72 82205 0
92 54 82242 1
93 96 82338 0
55 31 82346 1
108 73 82348 1
80 50 82349 1
103 62 82351 1
51 86 82358 0
87 50 82394 1
56 38 82484 1
86 94 82562 0
56 26 82584 1
86 1 82616 1
86 88 82674 0
47 73 82691 1
32 79 82757 0
42 35 82763 0
41 69 82813 1
85 92 82855 0
51 69 82858 0
54 21 82902 1
92 54 82910 1
93 72 82912 0
56 25 82914 1
87 96 82979 0
90 67 83046 0
58 45 83079 1
43 41 83081 0
42 39 83092 0
95 73 83101 0
59 47 83129 1
108 70 83135 1
63 71 83149 1
44 45 83194 0
63 78 83261 1
84 51 83294 1
40 84 83296 0
49 89 83304 0
50 67 83331 0
44 87 83340 0
92 54 83476 1
58 46 83572 1
96 72 83785 0
82 50 83787 1
91 97 83916 0
94 71 83963 0
25 64 83989 0
28 76 83990 0
102 49 84022 1
102 61 84022 1
40 85 84037 0
92 54 84077 1
63 72 84103 1
81 50 84119 1
25 67 84170 0
44 44 84176 0
80 51 84215 1
45 86 84244 0
34 82 84547 0
89 53 84564 1
91 56 84582 1
48 68 84626 0
54 20 84638 1
45 26 84659 0
108 66 84675 1
56 40 84687 1
92 54 84704 1
55 20 84727 1
102 60 84751 1
108 71 84834 1
90 53 84838 1
29 77 84881 0
66 39 84903 1
45 118 84928 1
55 23 84999 1
55 36 85002 1
86 66 85020 0
88 52 85031 1
47 87 85225 0
104 83 85254 1
83 65 85262 0
47 86 85304 0
92 54 85326 1
70 50 85477 1
87 65 85503 0
78 50 85558 1
102 88 85591 1
95 72 85630 0
105 81 85710 1
95 57 85735 1
45 44 85810 0
92 54 85973 1
56 34 85991 1
65 50 86004 1
45 27 86070 0
88 66 86106 0
26 79 86288 0
45 67 86368 0
36 82 86447 0
43 71 86457 1
24 67 86483 0
41 53 86491 1
41 86 86523 0
41 84 86538 0
56 37 86588 1
92 54 86633 1
56 28 86756 1
86 94 86789 0
46 49 86813 0
39 84 86833 0
63 70 86921 1
56 30 87035 1
92 54 87110 1
44 45 87183 0
43 32 87189 0
87 71 87204 0
51 89 87294 0
44 35 87353 0
42 38 87448 0
50 67 87597 0
41 85 87619 0
47 74 87649 1
96 72 87743 0
92 54 87746 1
52 71 87836 0
32 80 87852 0
45 72 87901 1
105 62 88007 1
103 61 88067 1
56 24 88179 1
56 27 88274 1
49 86 88299 0
92 54 88467 1
91 96 88518 0
73 65 88602 0
85 64 88679 0
47 89 88691 0
63 67 88692 1
49 88 88725 0
72 65 88766 0
45 86 88831 0
42 37 88860 0
57 24 88875 1
47 86 89004 0
89 66 89047 0
43 42 89094 0
92 54 89128 1
83 66 89138 0
55 29 89146 1
26 72 89179 0
32 79 89399 0
44 72 89402 1
44 89 89474 0
43 54 89630 1
43 40 89644 0
41 70 89696 1
55 34 89828 1
92 54 89959 1
108 74 89975 1
36 55 90228 1
101 60 90238 1
45 87 90256 0
36 84 90394 0
76 65 90402 0
47 66 90422 0
51 68 90425 0
91 69 90429 0
38 84 90493 0
71 64 90568 0
63 75 90568 1
26 71 90585 0
45 85 90662 0
88 65 90705 0
92 54 90729 1
63 69 90755 1
56 35 90776 1
63 49 90780 1
87 95 90817 0
86 94 90844 0
57 44 90988 1
44 44 91037 0
76 50 91069 1
32 81 91080 0
86 100 91150 0
85 88 91166 0
93 81 91170 0
39 84 91291 0
91 67 91298 0
92 54 91329 1
105 64 91400 1
49 22 91415 1
35 86 91638 0
49 65 91677 0
56 23 91726 1
89 52 91765 1
70 63 91802 0
95 72 91880 0
96 72 91887 0
100 59 91925 1
92 54 92197 1
72 64 92308 0
43 85 92355 0
37 83 92362 0
40 84 92362 0
24 73 92487 0
95 94 92721 0
84 68 92728 0
92 72 92818 0
75 64 92837 0
46 25 92845 0
25 62 92954 0
92 54 93051 1
95 56 93059 1
57 45 93255 1
42 106 93283 0
57 26 93286 1
66 62 93327 0
95 73 93328 0
56 29 93611 1
46 87 93615 0
34 82 93717 0
44 35 93721 0
43 88 93732 0
29 57 93759 1
105 63 93791 1
75 49 93815 1
106 64 93824 1
48 74 93848 1
47 86 93930 0
24 67 93958 0
23 67 94005 0
44 45 94189 0
75 65 94198 0
26 72 94209 0
29 82 94244 0
90 67 94247 0
92 54 94366 1
84 53 94618 1
61 49 94621 1
77 50 94625 1
26 71 94647 0
108 68 94653 1
57 23 94691 1
82 67 94699 0
45 45 94783 0
43 42 94797 0
103 86 94797 1
73 65 94958 0
43 36 94978 0
64 72 95039 1
94 55 95077 1
70 64 95092 0
25 65 95108 0
109 45 95213 1
53 22 95341 1
51 21 95347 1
41 86 95363 0
35 80 95384 0
38 54 95786 1
92 54 95786 1
66 49 95808 1
85 91 95829 0
42 39 96034 0
85 93 96034 0
38 84 96046 0
44 86 96286 0
61 50 96294 1
85 94 96311 0
94 96 96345 0
40 86 96360 0
96 95 96373 0
85 90 96386 0
52 68 96398 0
109 45 96497 0
107 65 96501 1
43 37 96514 0
73 49 96666 1
44 87 96805 0
43 85 96856 0
96 74 96883 0
73 50 97040 1
92 54 97330 1
45 86 97430 0
24 65 97434 0
60 48 97506 1
39 84 97535 0
49 65 97597 0
94 56 97708 1
64 50 97742 1
59 46 97915 1
51 88 97931 0
48 22 97974 1
72 65 97984 0
63 73 98186 1
43 30 98190 0
87 94 98202 0
34 55 98336 1
79 50 98693 1
68 49 98716 1
45 87 98831 0
44 43 98860 0
95 72 98893 0
75 50 99250 1
82 51 99374 1
36 84 99463 0
92 54 99867 1
0 102 99947 0
23 69 99975 0
66 62 99982 0
46 87 100016 0
96 72 100027 0
75 65 100102 0
107 66 100134 1
22 74 100275 0
50 67 100295 0
39 86 100335 0
37 87 100352 0
91 54 100395 1
108 67 100432 1
104 62 100497 1
24 71 100609 0
51 67 100760 0
52 69 100778 0
26 74 100880 0
52 68 101010 0
26 82 101163 0
92 71 101219 0
86 94 101319 0
87 65 101368 0
43 36 101395 0
97 57 101397 1
93 55 101428 1
25 71 101499 0
83 51 101555 1
41 43 101583 0
87 66 101678 0
56 39 101683 1
99 58 101811 1
108 69 101815 1
24 80 101818 0
88 67 101967 0
70 64 102033 0
79 65 102188 0
69 63 102236 0
97 73 102253 0
87 52 102305 1
99 59 102350 1
93 96 102367 0
30 77 102389 0
92 54 102395 1
108 70 102513 1
23 65 102515 0
96 56 102532 1
69 50 102562 1
96 57 102590 1
27 72 102603 0
45 47 102809 0
69 49 102831 1
85 51 103010 1
55 39 103014 1
63 77 103064 1
62 49 103090 1
90 98 103121 0
71 49 103195 1
45 46 103226 0
91 67 103234 0
64 73 103237 1
88 66 103281 0
59 48 103319 1
90 54 103328 1
90 53 103344 1
104 61 103345 1
74 66 103408 0
43 32 103438 0
57 43 103440 1
88 68 103447 0
63 66 103457 1
97 57 103484 1
101 60 103484 1
87 64 103549 0
38 84 103558 0
95 56 103593 1
85 93 103594 0
54 87 103653 0
43 85 103671 0
107 66 103735 1
89 66 103784 0
51 67 103796 0
108 76 103799 1
42 69 103801 1
106 64 103816 1
72 49 103856 1
88 44 103877 0
88 65 103877 0
83 51 103908 1
70 49 103908 1
84 51 103924 1
94 70 103931 0
104 62 103949 1
90 67 103984 0
46 73 104021 1
55 33 104053 1
24 76 104065 0
93 55 104065 1
85 64 104087 0
101 59 104110 1
91 53 104115 1
43 37 104121 0
81 50 104134 1
42 70 104137 1
56 36 104148 1
63 68 104220 1
76 49 104225 1
97 56 104254 1
26 62 104258 0
89 53 104269 1
35 80 104300 0
80 50 104317 1
29 75 104327 0
102 60 104350 1
42 53 104357 1
64 75 104389 1
58 47 104411 1
90 84 104415 1
105 82 104436 1
108 75 104448 1
56 32 104475 1
92 54 104497 1
73 65 104507 0
91 54 104511 1
93 56 104551 1
43 42 104609 0
71 50 104612 1
87 94 104618 0
52 22 104626 1
42 85 104647 0
63 65 104650 1
70 63 104666 0
57 41 104684 1
89 84 104685 1
57 22 104687 1
45 85 104724 0
93 71 104726 0
47 65 104764 0
65 50 104770 1
27 75 104783 0
44 43 104812 0
78 50 104851 1
25 67 104873 0
47 73 104908 1
56 38 104981 1
80 65 105022 0
79 50 105035 1
56 41 105048 1
63 72 105052 1
107 68 105053 1
109 71 105056 1
26 71 105063 0
90 52 105095 1
55 21 105096 1
63 74 105130 1
102 61 105131 1
62 50 105135 1
108 74 105157 1
63 71 105159 1
50 89 105163 0
43 72 105165 1
49 86 105197 0
43 84 105212 0
95 95 105225 0
61 49 105240 1
25 63 105244 0
66 62 105315 0
44 71 105326 1
92 53 105349 1
91 84 105370 1
56 40 105386 1
44 45 105422 0
82 65 105426 0
103 60 105441 1
43 33 105442 0
51 86 105457 0
52 68 105474 0
46 49 105522 0
36 82 105547 0
43 70 105549 1
33 86 105574 0
77 65 105603 0
47 86 105619 0
63 76 105619 1
43 39 105674 0
29 79 105677 0
87 65 105710 0
41 69 105730 1
49 65 105734 0
51 88 105753 0
94 96 105756 0
75 64 105760 0
58 44 105797 1
74 49 105798 1
45 45 105849 0
41 84 105851 0
63 69 105862 1
94 55 105910 1
57 25 105951 1
43 53 105978 1
48 73 105985 1
75 65 106026 0
51 67 106032 0
59 47 106044 1
65 49 106064 1
91 67 106074 0
67 49 106101 1
25 70 106130 0
107 64 106146 1
43 52 106146 1
63 79 106161 1
91 83 106188 1
77 49 106230 1
26 72 106231 0
87 66 106254 0
103 61 106291 1
43 38 106353 0
82 64 106355 0
77 50 106407 1
52 72 106429 0
23 72 106432 0
100 59 106433 1
56 31 106442 1
39 84 106443 0
56 25 106450 1
107 65 106457 1
56 22 106469 1
37 81 106469 0
91 96 106474 0
58 45 106483 1
43 44 106489 0
69 50 106502 1
45 44 106520 0
42 38 106522 0
57 44 106534 1
26 74 106542 0
85 89 106568 0
42 67 106582 0
50 73 106585 1
44 41 106600 0
52 20 106610 1
56 86 106628 0
56 26 106643 1
55 31 106664 1
82 50 106679 1
45 72 106695 1
40 53 106736 1
47 49 106753 0
97 74 106767 0
37 54 106784 1
87 95 106790 0
85 69 106796 0
85 51 106797 1
68 49 106804 1
52 69 106811 0
44 90 106821 0
108 68 106864 1
63 67 106875 1
95 55 106933 1
86 87 106957 0
79 49 106970 1
64 72 106981 1
54 21 107046 1
29 75 107077 0
87 93 107113 0
63 49 107120 1
92 54 107160 1
44 35 107261 0
74 48 107265 1
97 94 107284 0
27 72 107298 0
43 36 107364 0
57 43 107373 1
104 61 107380 1
87 52 107389 1
60 48 107390 1
33 81 107400 0
43 84 107412 0
44 47 107421 0
56 34 107483 1
46 72 107504 1
94 70 107526 0
30 77 107548 0
93 55 107581 1
39 53 107618 1
56 35 107627 1
105 62 107630 1
56 21 107670 1
52 71 107679 0
40 84 107681 0
53 20 107716 1
96 73 107727 0
64 71 107743 1
64 49 107744 1
76 50 107768 1
56 27 107815 1
49 70 107824 0
95 56 107925 1
42 33 107973 0
41 52 108048 1
96 57 108132 1
56 38 108132 1
63 50 108180 1
29 76 108204 0
90 80 108236 0
90 53 108237 1
63 78 108259 1
103 62 108339 1
44 66 108340 0
88 65 108369 0
92 73 108385 0
95 94 108390 0
56 37 108393 1
67 63 108428 0
89 98 108467 0
43 40 108479 0
89 66 108508 0
81 50 108512 1
44 71 108544 1
45 47 108549 0
94 95 108575 0
61 48 108588 1
44 70 108602 1
53 21 108625 1
88 67 108629 0
52 89 108635 0
64 70 108659 1
41 53 108682 1
108 66 108683 1
108 70 108686 1
51 67 108696 0
83 51 108739 1
49 73 108759 1
25 64 108793 0
45 85 108831 0
97 57 108848 1
88 66 108916 0
91 68 108937 0
89 52 108967 1
38 53 109040 1
75 49 109047 1
35 82 109066 0
89 97 109075 0
39 85 109131 0
45 27 109152 0
41 67 109181 0
41 86 109181 0
37 81 109198 0
90 67 109214 0
41 68 109221 1
83 65 109225 0
49 87 109233 0
108 72 109280 1
47 73 109289 1
26 71 109320 0
44 72 109325 1
63 68 109372 1
55 22 109442 1
52 70 109509 0
93 54 109534 1
25 61 109573 0
57 87 109639 0
83 50 109697 1
56 20 109698 1
42 85 109705 0
108 67 109711 1
25 65 109752 0
87 51 109780 1
44 41 109829 0
46 87 109834 0
54 20 109847 1
69 49 109880 1
66 49 109917 1
43 37 109925 0
24 71 109926 0
62 49 109979 1
59 48 110027 1
44 67 110047 0
78 49 110074 1
38 87 110086 0
51 68 110093 0
43 84 110100 0
57 85 110129 0
52 68 110192 0
87 93 110208 0
109 45 110226 1
55 23 110283 1
82 64 110294 0
63 77 110352 1
80 50 110401 1
40 52 110427 1
31 57 110467 1
102 60 110569 1
107 66 110625 1
25 70 110690 0
91 53 110705 1
106 64 110742 1
25 73 110776 0
65 63 110778 0
79 50 110807 1
64 77 110813 1
44 43 110921 0
85 65 110979 0
56 33 110984 1
71 49 111010 1
30 78 111046 0
49 65 111052 0
56 36 111081 1
42 69 111161 1
109 45 111163 0
87 67 111168 0
102 87 111300 1
43 31 111318 0
57 41 111338 1
36 84 111354 0
56 32 111369 1
86 88 111412 0
96 56 111438 1
42 52 111444 1
33 78 111476 0
88 97 111511 0
47 65 111527 0
66 62 111537 0
24 67 111598 0
63 66 111599 1
104 62 111645 1
75 67 111765 0
44 36 111798 0
45 72 111809 1
94 70 111821 0
41 42 111835 0
44 33 111947 0
27 73 112026 0
24 66 112079 0
43 70 112079 1
31 82 112123 0
40 34 112128 0
40 87 112147 0
101 60 112276 1
64 73 112278 1
91 68 112302 0
58 85 112328 0
23 70 112342 0
106 62 112466 1
76 65 112474 0
107 77 112552 1
96 77 112577 0
87 66 112583 0
77 66 112583 0
52 88 112655 0
84 51 112659 1
22 65 112660 0
42 106 112686 0
42 36 112693 0
95 77 112711 0
91 54 112735 1
92 54 112740 1
45 41 112746 0
56 23 112798 1
44 66 112803 0
44 30 112817 0
85 64 112832 0
43 41 112891 0
30 58 112895 1
50 87 112905 0
58 43 112929 1
75 66 113090 0
40 43 113092 0
51 67 113126 0
29 75 113147 0
85 92 113194 0
41 36 113209 0
72 64 113221 0
44 41 113225 0
46 89 113232 0
70 49 113310 1
55 86 113320 0
49 86 113377 0
46 86 113380 0
88 100 113401 0
26 74 113430 0
97 74 113431 0
63 70 113487 0
63 75 113487 1
32 79 113488 0
52 70 113517 0
89 69 113528 0
86 69 113576 0
86 94 113590 0
86 95 113613 0
36 85 113648 0
72 66 113651 0
37 81 113704 0
39 38 113769 0
49 87 113841 0
70 63 113896 0
30 77 113917 0
76 49 113938 1
50 90 113942 0
62 81 113985 1
94 95 113985 0
91 67 113996 0
30 76 114009 0
85 51 114059 1
41 69 114065 1
87 93 114095 0
86 85 114191 0
87 94 114197 0
58 42 114242 1
45 66 114312 0
33 78 114418 0
50 20 114495 1
59 45 114518 1
73 64 114657 0
55 20 114757 1
78 50 114804 1
95 72 114867 0
56 30 114900 1
24 69 114929 0
94 55 114969 1
38 84 114988 0
64 69 114992 1
57 20 115064 1
92 68 115092 0
61 49 115229 1
89 70 115237 0
88 67 115370 0
78 66 115381 0
43 71 115428 1
91 68 115538 0
99 58 115574 1
41 84 115633 0
34 82 115635 0
55 33 115636 1
82 64 115698 0
47 88 115741 0
27 73 115822 0
89 67 115931 0
74 66 115949 0
104 84 115984 1
105 81 116156 1
51 88 116277 0
45 47 116289 0
47 99 116303 0
43 36 116305 0
58 44 116393 1
47 86 116394 0
51 71 116405 0
25 70 116419 0
25 71 116460 0
85 93 116466 0
72 49 116611 1
42 85 116679 0
96 73 116692 0
45 29 116793 0
59 47 116800 1
93 96 116838 0
75 65 116976 0
50 87 116991 0
68 48 116993 1
45 41 117080 0
45 42 117173 0
80 49 117198 1
58 45 117199 1
33 80 117360 0
28 58 117390 1
58 22 117488 1
92 68 117670 0
44 83 117682 0
70 64 117711 0
27 72 117768 0
44 88 117834 0
33 84 117877 0
90 52 117910 1
30 76 117912 0
35 80 117945 0
104 60 117976 1
85 65 118103 0
65 48 118123 1
64 72 118194 1
82 50 118202 1
25 73 118205 0
43 84 118228 0
44 66 118332 0
44 41 118346 0
26 72 118448 0
44 36 118451 0
27 74 118459 0
57 38 118501 1
46 86 118505 0
65 63 118534 0
63 72 118561 1
64 75 118564 1
107 71 118623 1
42 53 118757 1
49 21 118773 1
34 54 118835 1
25 74 118898 0
44 67 118996 0
104 85 119017 1
87 65 119086 0
57 44 119107 1
24 70 119283 0
51 86 119331 0
103 85 119354 1
52 70 119359 0
50 21 119366 1
56 35 119500 1
63 69 119510 1
93 55 119657 1
59 46 119703 1
101 59 119704 1
33 78 119715 0
57 43 119721 1
73 64 119763 0
90 96 119781 0
56 31 119879 1
73 49 119895 1
45 42 119910 0
91 52 119920 1
89 95 119934 0
47 25 120010 0
24 66 120042 0
107 65 120121 1
96 75 120204 0
91 68 120258 0
46 27 120281 0
94 72 120321 0
73 48 120374 1
48 73 120480 1
64 71 120521 1
27 73 120584 0
58 47 120596 1
45 66 120660 0
86 90 120810 1
92 68 120814 0
89 67 120942 0
28 74 120945 0
57 39 120981 1
63 49 121030 1
87 67 121050 0
49 87 121055 0
94 70 121078 0
95 70 121103 0
63 67 121117 1
32 56 121145 1
94 96 121245 0
57 23 121274 1
64 76 121357 1
87 93 121485 0
65 62 121504 0
100 59 121570 1
68 49 121658 1
98 74 121673 0
37 84 121676 0
26 71 121709 0
65 49 121712 1
57 26 121752 1
74 49 121832 1
46 72 121923 1
86 95 121927 0
53 19 121949 1
81 50 121958 1
57 21 121994 1
30 76 122105 0
89 51 122113 1
50 73 122113 1
50 87 122126 0
88 51 122147 1
97 75 122149 0
89 53 122278 1
44 33 122327 0
44 47 122379 0
51 73 122402 1
47 73 122436 1
68 63 122526 0
56 34 122549 1
93 53 122552 1
78 48 122687 1
75 48 122963 1
23 66 122975 0
42 43 123009 0
61 81 123049 1
107 78 123101 1
60 48 123110 1
64 48 123115 1
63 80 123180 1
81 49 123195 1
55 21 123202 1
98 115 123535 1
89 95 123582 0
39 82 123706 0
90 97 123718 0
26 61 123804 0
99 57 123835 1
35 54 123856 1
24 69 124183 0
33 80 124216 0
60 46 124231 1
90 96 124256 0
103 60 124350 1
43 85 124399 0
56 26 124438 1
57 84 124479 0
27 74 124516 0
45 29 124629 0
56 38 124643 1
95 70 124688 0
57 49 124744 1
57 24 124744 1
114 78 124793 1
103 87 124872 1
105 62 124909 1
28 74 124995 0
34 80 124996 0
106 80 125055 1
107 64 125218 1
67 49 125251 1
44 30 125268 0
96 76 125294 0
93 69 125305 0
46 86 125329 0
43 72 125329 1
94 69 125417 0
65 50 125440 1
37 85 125483 0
69 48 125576 1
82 49 125588 1
43 53 125673 1
49 73 125685 1
50 88 125742 0
36 83 125830 0
56 27 125882 1
48 87 126008 0
25 67 126017 0
51 87 126032 0
33 55 126109 1
45 42 126343 0
92 68 126371 0
37 53 126407 1
45 44 126493 0
73 64 126511 0
104 61 126571 1
93 68 126828 0
82 66 126959 0
41 68 127123 1
108 75 127226 1
87 90 127309 0
97 56 127327 1
42 41 127727 0
48 86 127730 0
46 25 127730 0
102 60 127880 1
89 67 127904 0
108 74 127925 1
39 82 127938 0
54 19 127983 1
90 53 128020 1
63 65 128038 1
89 95 128050 0
95 70 128090 0
47 88 128149 0
26 73 128150 0
62 48 128285 1
38 86 128316 0
95 56 128530 1
97 57 128552 1
25 73 128565 0
30 76 128585 0
21 74 128611 0
93 73 128624 0
88 65 128627 0
94 95 128644 0
50 66 128662 0
89 66 128678 0
94 79 128726 0
65 62 128829 0
94 69 128855 0
94 80 128906 0
91 68 128915 0
84 50 128926 1
64 70 128935 1
109 68 128937 1
108 66 128981 1
90 54 129004 1
91 57 129010 1
91 67 129010 0
44 85 129125 0
44 29 129135 0
73 62 129200 0
69 64 129223 0
63 68 129227 1
85 50 129237 1
70 48 129262 1
46 66 129297 0
68 63 129360 0
87 64 129375 0
92 54 129421 1
77 50 129452 1
37 82 129469 0
67 48 129514 1
56 25 129552 1
47 90 129574 0
93 68 129743 0
95 71 129833 0
42 84 129846 0
28 74 129907 0
75 64 130007 0
109 73 130026 1
24 68 130033 0
90 96 130163 0
95 55 130167 1
51 21 130169 1
44 35 130188 0
93 69 130212 0
96 55 130226 1
87 52 130245 1
42 69 130273 1
56 36 130335 1
42 32 130474 0
101 59 130491 1
56 22 130499 1
47 72 130517 1
60 47 130520 1
44 71 130582 1
97 74 130615 0
85 51 130625 1
102 59 130635 1
34 80 130651 0
56 32 130670 1
87 51 130696 1
92 53 130766 1
90 68 130875 0
93 54 130922 1
108 67 130922 1
69 49 131018 1
109 45 131034 1
62 49 131035 1
105 61 131068 1
87 87 131122 0
69 50 131148 1
25 63 131155 0
71 48 131195 1
92 79 131259 0
45 72 131312 1
95 94 131389 0
52 68 131471 0
54 21 131514 1
71 63 131517 0
57 41 131559 1
79 50 131564 1
75 49 131578 1
39 53 131580 1
50 87 131614 0
66 49 131633 1
91 96 131682 0
91 53 131690 1
89 95 131735 0
54 89 131794 0
41 53 131794 1
57 27 131799 1
44 70 131828 1
109 45 131875 0
37 81 131895 0
52 22 131921 1
95 70 131940 0
57 25 131973 1
55 19 132014 1
45 41 132109 0
43 69 132119 1
97 73 132130 0
80 50 132154 1
45 87 132218 0
96 56 132228 1
48 86 132256 0
50 66 132333 0
50 88 132428 0
61 49 132439 1
26 74 132468 0
83 50 132475 1
83 51 132480 1
99 60 132480 1
94 69 132521 0
109 69 132593 1
58 41 132727 1
48 87 132735 0
90 52 132758 1
94 55 132804 1
56 85 132833 0
64 73 132838 1
43 84 132893 0
37 54 132894 1
43 37 132897 0
25 70 132906 0
27 73 132980 0
49 65 133089 0
25 74 133204 0
82 67 133212 0
27 72 133270 0
85 64 133271 0
22 79 133280 0
74 48 133291 1
44 66 133324 0
45 45 133332 0
43 70 133339 1
93 68 133366 0
66 62 133411 0
37 82 133431 0
39 82 133709 0
52 21 133789 1
100 58 133815 1
56 21 133847 1
76 49 133888 1
49 86 133928 0
37 84 133943 0
44 36 133966 0
43 52 133979 1
33 78 133993 0
105 83 133996 1
51 87 134003 0
82 64 134041 0
42 84 134045 0
57 30 134051 1
90 97 134089 0
51 67 134117 0
108 76 134134 1
95 54 134154 1
41 52 134169 1
79 49 134180 1
64 49 134217 1
85 65 134226 0
89 52 134266 1
43 33 134299 0
108 70 134380 1
33 80 134427 0
44 41 134459 0
92 68 134462 0
46 24 134500 0
43 38 134507 0
27 74 134550 0
47 49 134593 0
87 94 134637 0
45 42 134642 0
35 80 134689 0
64 72 134709 1
57 22 134750 1
92 97 134774 0
24 66 134775 0
83 64 134805 0
70 49 134805 1
44 85 134826 0
64 65 134866 1
90 53 134966 1
68 61 134967 0
58 45 135054 1
88 67 135071 0
86 92 135181 0
64 68 135182 1
61 48 135194 1
40 84 135276 0
45 66 135282 0
93 69 135360 0
107 66 135381 1
47 24 135397 0
45 85 135496 0
26 73 135526 0
104 61 135685 1
56 35 135690 1
64 71 135740 1
54 20 135773 1
72 65 135773 0
43 32 135793 0
78 49 135871 1
46 72 135926 1
84 94 135943 0
90 83 136025 1
57 43 136056 1
64 64 136076 1
46 27 136078 0
57 37 136138 1
71 63 136237 0
50 66 136260 0
41 51 136264 1
105 82 136269 1
94 72 136274 0
26 62 136286 0
86 95 136400 0
83 48 136408 1
86 64 136413 0
47 84 136419 0
48 86 136517 0
81 50 136545 1
50 73 136641 1
39 83 136647 0
36 85 136686 0
109 71 136686 1
63 78 136696 1
57 28 136707 1
87 67 136723 0
109 70 136729 1
51 20 136759 1
44 83 136849 0
28 74 136863 0
86 66 136868 0
65 47 137038 1
97 56 137038 1
62 80 137179 1
88 94 137216 0
56 38 137219 1
97 57 137312 1
58 44 137317 1
30 77 137378 0
34 80 137382 0
70 65 137427 0
64 75 137538 1
107 62 137550 1
29 58 137558 1
91 97 137561 0
107 63 137574 1
86 91 137753 0
25 65 137821 0
38 81 137847 0
95 71 137891 0
37 82 137985 0
38 53 137988 1
69 63 138010 0
59 84 138025 0
74 49 138139 1
84 64 138181 0
90 68 138185 0
68 63 138296 0
63 77 138315 1
34 79 138433 0
45 49 138563 0
107 79 138582 1
66 48 138629 1
67 62 138644 0
70 66 138705 0
45 30 138787 0
90 67 138850 0
39 84 138884 0
42 84 138923 0
80 49 138943 1
27 69 138954 0
64 69 139019 1
46 85 139049 0
33 79 139052 0
39 52 139071 1
60 48 139103 1
41 69 139138 1
59 47 139159 1
90 73 139166 0
68 49 139262 1
63 49 139276 1
59 44 139348 1
51 19 139465 1
24 68 139472 0
56 20 139721 1
25 64 139774 0
73 62 139785 0
55 20 139821 1
44 71 140012 1
65 49 140026 1
96 71 140029 0
95 70 140198 0
106 62 140227 1
91 52 140348 1
43 39 140369 0
107 64 140379 1
94 69 140425 0
36 82 140590 0
46 66 140616 0
25 67 140630 0
95 56 140759 1
41 83 140801 0
103 60 140942 1
91 67 140971 0
42 31 140992 0
88 96 141099 0
77 49 141170 1
94 54 141199 1
88 94 141263 0
101 59 141319 1
86 64 141335 0
50 88 141399 0
86 92 141406 0
71 63 141459 0
83 64 141525 0
51 91 141528 0
88 65 141545 0
64 70 141578 1
87 89 141630 0
36 83 141672 0
47 72 141726 1
97 93 141745 0
87 92 141753 0
38 81 141785 0
48 87 141912 0
114 78 141961 1
99 57 141979 1
25 66 141981 0
90 96 142009 0
44 85 142014 0
93 68 142036 0
48 86 142057 0
34 79 142087 0
39 83 142123 0
87 65 142143 0
87 93 142196 0
95 55 142228 1
109 74 142306 1
88 66 142323 0
63 48 142360 1
42 66 142387 0
93 69 142426 0
96 76 142530 0
24 71 142550 0
98 74 142590 0
55 23 142590 1
46 86 142628 0
53 20 142665 1
108 66 142688 1
86 91 142733 0
58 43 142754 1
53 72 142755 0
34 55 142797 1
86 70 142917 0
57 39 142973 1
42 52 143110 1
64 67 143114 1
31 56 143170 1
38 83 143179 0
72 48 143237 1
84 50 143328 1
73 64 143374 0
85 51 143400 1
87 90 143443 0
104 61 143503 1
91 53 143566 1
60 45 143590 1
87 64 143712 0
46 85 143741 0
64 76 143766 1
95 78 143780 0
41 66 143786 0
42 41 143797 0
58 42 143807 1
89 95 143826 0
104 60 143838 1
95 94 143868 0
51 86 143873 0
53 21 143901 1
85 50 143948 1
64 66 143998 1
56 23 144030 1
96 73 144068 0
37 85 144115 0
79 65 144127 0
59 45 144191 1
89 66 144208 0
67 62 144229 0
45 41 144244 0
43 36 144251 0
44 29 144273 0
23 68 144276 0
82 49 144301 1
93 54 144310 1
109 72 144330 1
50 66 144366 0
84 64 144416 0
57 41 144456 1
29 81 144475 0
43 84 144480 0
59 43 144495 1
49 73 144530 1
33 79 144573 0
90 52 144576 1
95 68 144629 0
44 70 144677 1
52 20 144702 1
37 82 144733 0
47 65 144809 0
46 49 144810 0
87 92 144822 0
105 61 144822 1
88 86 144847 0
61 49 144857 1
57 23 144867 1
77 63 144882 0
39 82 144907 0
57 33 145064 1
86 50 145065 1
89 51 145124 1
81 49 145138 1
109 66 145169 1
27 61 145174 0
31 77 145193 0
53 86 145234 0
41 83 145265 0
65 62 145317 0
49 63 145355 0
78 65 145374 0
44 35 145450 0
98 56 145491 1
88 94 145594 0
75 49 145688 1
45 72 145751 1
74 64 145763 0
92 53 145775 1
43 51 145898 1
108 64 145900 1
97 56 145928 1
34 79 145939 0
57 24 145940 1
42 84 145969 0
87 51 145976 1
80 66 146107 0
58 40 146109 1
57 25 146143 1
101 59 146145 1
89 64 146162 0
42 51 146216 1
106 61 146283 1
57 35 146362 1
41 68 146390 1
44 33 146437 0
96 71 146438 0
74 48 146468 1
57 26 146481 1
26 71 146566 0
58 21 146663 1
27 72 146787 0
43 69 146795 1
46 72 146796 1
86 64 146836 0
57 38 146855 1
96 55 147033 1
32 78 147039 0
38 81 147229 0
101 58 147248 1
37 83 147273 0
68 61 147276 0
25 66 147283 0
44 43 147287 0
48 65 147301 0
47 84 147316 0
102 59 147317 1
63 47 147324 1
68 62 147432 0
60 46 147467 1
45 29 147502 0
87 66 147507 0
69 49 147618 1
64 77 147620 1
63 79 147699 1
72 49 147788 1
56 22 147789 1
55 21 147884 1
64 72 147889 1
95 73 147905 0
88 50 147921 1
37 81 147930 0
87 92 148015 0
94 54 148026 1
69 64 148135 0
42 43 148136 0
51 73 148137 1
73 62 148138 0
87 89 148148 0
68 48 148162 1
66 63 148255 0
107 64 148256 1
87 97 148354 0
43 70 148356 1
42 66 148418 0
42 85 148457 0
45 86 148466 0
58 45 148467 1
91 95 148472 0
44 83 148494 0
36 53 148502 1
59 83 148516 0
50 87 148521 0
88 87 148530 0
57 31 148544 1
44 52 148563 1
77 63 148575 0
57 27 148633 1
51 87 148644 0
86 91 148678 0
57 19 148692 1
56 19 148714 1
57 84 148769 0
49 65 148773 0
39 83 148791 0
46 85 148870 0
71 63 148913 0
109 68 148919 1
97 75 148938 0
87 50 148974 1
109 69 149015 1
32 55 149020 1
107 63 149072 1
88 96 149120 0
66 62 149156 0
74 66 149190 0
44 87 149215 0
83 49 149258 1
26 73 149281 0
47 72 149297 1
57 29 149310 1
56 85 149353 0
61 47 149451 1
33 77 149517 0
90 51 149518 1
77 49 149522 1
28 73 149542 0
40 52 149553 1
57 43 149560 1
53 66 149606 0
75 64 149636 0
56 35 149741 1
57 40 149764 1
58 27 149803 1
95 71 149843 0
62 49 149845 1
64 48 149859 1
38 83 149873 0
86 90 150009 0
93 53 150045 1
103 59 150073 1
61 48 150079 1
44 36 150091 0
90 53 150145 1
34 79 150184 0
86 92 150205 0
34 81 150242 0
55 19 150264 1
57 34 150316 1
49 20 150398 1
46 71 150445 1
73 48 150465 1
57 20 150471 1
92 95 150502 0
107 77 150562 1
68 46 150583 1
39 81 150629 0
44 51 150687 1
45 70 150698 1
92 97 150767 0
57 39 150809 1
37 53 150869 1
44 71 150907 1
64 71 150908 1
86 88 150955 0
76 49 150973 1
27 69 150976 0
33 79 151071 0
33 78 151147 0
41 83 151151 0
52 66 151163 0
45 42 151186 0
56 32 151235 1
109 71 151281 1
65 71 151305 1
49 87 151336 0
29 75 151341 0
90 68 151369 0
46 65 151385 0
43 53 151416 1
50 73 151419 1
64 65 151447 1
68 49 151547 1
51 69 151589 0
58 44 151626 1
64 70 151650 1
25 73 151735 0
69 48 151831 1
59 37 151973 1
94 95 152023 0
32 77 152087 0
68 62 152157 0
36 81 152160 0
57 41 152246 1
67 48 152265 1
54 19 152329 1
92 69 152372 0
44 67 152481 0
64 67 152518 1
25 66 152560 0
31 77 152581 0
53 19 152581 1
93 54 152646 1
56 38 152740 1
33 77 152829 0
25 72 152850 0
109 73 152871 1
71 49 152871 1
24 69 152947 0
64 73 152949 1
74 64 153035 0
37 55 153130 1
48 72 153133 1
71 47 153166 1
53 86 153325 0
91 95 153352 0
48 65 153382 0
23 64 153447 0
37 7 153453 1
106 62 153480 1
64 78 153559 1
100 58 153587 1
44 84 153698 0
58 25 153745 1
44 70 153878 1
28 73 153886 0
57 37 153924 1
83 64 153936 0
65 48 153943 1
104 60 153979 1
104 61 154007 1
109 70 154010 1
109 67 154044 1
67 62 154054 0
99 57 154092 1
106 80 154118 1
59 42 154221 1
100 57 154237 1
39 81 154286 0
80 64 154341 0
95 68 154430 0
57 22 154500 1
57 36 154584 1
42 40 154646 0
63 49 154674 1
52 66 154727 0
64 68 154727 1
28 74 154816 0
76 48 154918 1
93 68 155058 0
87 92 155094 0
56 21 155094 1
101 59 155098 1
85 64 155321 0
58 23 155439 1
62 48 155447 1
97 55 155484 1
94 67 155520 0
64 75 155572 1
53 87 155633 0
91 53 155677 1
59 46 155678 1
95 55 155678 1
37 82 155679 0
80 49 155691 1
34 80 155780 0
77 48 155780 1
65 49 155782 1
71 62 155855 0
68 47 155879 1
105 61 155893 1
91 52 155910 1
41 84 155917 0
105 60 155946 1
85 50 155947 1
82 49 155986 1
53 70 155993 0
92 95 156020 0
57 28 156020 1
74 49 156070 1
99 56 156071 1
32 78 156104 0
97 56 156108 1
41 52 156147 1
88 94 156283 0
87 87 156313 0
80 65 156430 0
97 71 156448 0
39 53 156577 1
54 21 156603 1
77 65 156768 0
76 64 156792 0
77 63 156801 0
88 65 156812 0
59 44 156840 1
58 42 156876 1
35 53 156909 1
91 83 156928 1
74 48 156933 1
57 30 156957 1
34 53 156961 1
90 52 156989 1
68 62 156995 0
97 53 157056 1
96 71 157070 0
86 89 157200 0
87 64 157200 0
49 86 157260 0
92 52 157301 1
89 64 157323 0
71 48 157359 1
94 54 157409 1
78 65 157438 0
60 48 157447 1
38 53 157465 1
72 48 157479 1
52 67 157505 0
86 50 157528 1
108 66 157534 1
33 77 157619 0
44 30 157636 0
64 64 157637 1
38 81 157664 0
66 48 157677 1
89 51 157688 1
53 88 157733 0
64 66 157747 1
86 64 157809 0
44 69 157831 1
28 73 157973 0
58 41 158019 1
32 77 158031 0
44 84 158041 0
67 47 158056 1
33 54 158071 1
39 82 158080 0
58 39 158084 1
78 48 158176 1
70 48 158185 1
46 65 158194 0
48 92 158201 0
51 86 158228 0
57 23 158275 1
57 38 158276 1
47 84 158286 0
81 49 158308 1
75 48 158308 1
47 71 158371 1
57 21 158418 1
89 50 158455 1
45 41 158481 0
95 94 158514 0
86 90 158519 0
90 84 158562 1
57 32 158621 1
87 90 158623 0
81 48 158641 1
91 95 158670 0
55 20 158676 1
45 30 158696 0
108 64 158698 1
57 35 158743 1
65 70 158768 1
49 73 158789 1
107 62 158840 1
36 81 158842 0
109 69 158882 1
84 50 158943 1
109 65 159017 1
38 83 159018 0
47 47 159042 0
107 63 159075 1
58 22 159083 1
52 66 159115 0
49 85 159156 0
46 27 159175 0
31 77 159188 0
60 45 159188 1
93 52 159273 1
39 81 159290 0
69 61 159298 0
71 62 159336 0
109 68 159339 1
64 76 159353 1
96 55 159391 1
83 63 159401 0
68 61 159471 0
73 62 159530 0
92 53 159620 1
98 56 159710 1
109 71 159738 1
47 25 159750 0
69 47 159761 1
53 70 159795 0
57 24 159814 1
87 50 159859 1
44 35 159868 0
110 69 159868 1
46 72 159872 1
88 96 159887 0
57 25 159887 1
57 39 159894 1
91 51 160003 1
47 72 160023 1
107 78 160029 1
84 49 160055 1
103 59 160063 1
57 41 160109 1
48 65 160166 0
94 67 160184 0
53 66 160185 0
37 79 160239 0
75 49 160261 1
90 97 160324 0
46 85 160369 0
44 83 160399 0
108 102 160405 1
43 47 160406 1
43 69 160406 1
43 68 160414 1
109 74 160464 1
104 60 160465 1
56 20 160471 1
84 64 160496 0
82 65 160510 0
60 46 160541 1
81 65 160552 0
91 96 160566 0
115 80 160575 1
95 54 160594 1
43 35 160602 0
50 19 160620 1
108 77 160659 1
102 58 160665 1
101 58 160679 1
39 14 160734 1
85 50 160736 1
95 68 160764 0
79 48 160769 1
57 18 160817 1
77 49 160829 1
57 37 160834 1
63 48 160851 1
97 71 160864 0
101 59 160866 1
93 67 160871 0
93 54 160887 1
105 111 160907 1
63 39 160930 1
77 47 160943 1
34 54 160963 1
58 84 160978 0
110 68 161001 1
109 64 161064 1
125 91 161072 1
63 77 161083 1
110 72 161096 1
75 44 161097 1
57 26 161097 1
57 26 161097 1
21 127 161124 1
25 66 161137 0
61 46 161158 1
64 32 161180 1
13 116 161189 1
35 79 161213 0
74 78 161228 1
64 48 161302 1
75 47 161319 1
104 86 161342 1
107 64 161374 1
97 56 161452 1
102 59 161512 1
106 61 161513 1
79 118 161526 1
37 52 161534 1
105 83 161536 1
82 49 161587 1
80 64 161605 0
87 89 161663 0
12 114 161763 1
99 57 161764 1
57 33 161764 1
86 91 161785 0
59 43 161795 1
94 53 161818 1
58 43 161821 1
34 79 161933 0
86 49 161947 1
93 53 161992 1
64 67 161993 1
105 82 161998 1
45 64 162011 0
105 7 162027 1
51 21 162072 1
83 49 162157 1
42 67 162171 1
46 71 162236 1
105 58 162267 1
100 57 162288 1
108 62 162346 1
105 108 162381 1
42 51 162396 1
23 23 162443 1
58 34 162460 1
69 61 162463 0
68 4 162463 1
59 124 162483 1
92 51 162547 1
57 27 162589 1
59 45 162610 1
57 31 162610 1
126 14 162624 1
76 64 162677 0
35 78 162696 0
89 68 162722 0
3 101 162734 1
41 83 162823 0
49 85 162842 0
43 52 162855 1
26 72 162877 0
61 37 162879 1
52 67 162881 0
44 84 162924 0
27 69 162966 0
47 47 163025 0
52 72 163065 1
65 72 163066 1
74 48 163131 1
88 88 163142 0
71 62 163186 0
90 51 163289 1
28 73 163385 0
45 70 163425 1
104 84 163477 1
58 45 163561 1
55 18 163590 1
63 78 163618 1
65 73 163639 1
9 115 163677 1
88 50 163772 1
60 44 163840 1
105 81 163872 1
49 63 163928 0
61 47 163961 1
94 49 163990 1
103 86 164021 1
93 67 164031 0
83 63 164039 0
64 42 164078 1
68 9 164149 1
44 70 164234 1
27 72 164304 0
57 29 164304 1
47 71 164329 1
61 48 164334 1
56 22 164369 1
89 17 164410 1
109 72 164444 1
33 77 164492 0
36 53 164507 1
108 76 164509 1
68 48 164559 1
64 72 164571 1
94 54 164606 1
49 84 164661 0
82 64 164673 0
89 95 164758 0
25 62 164853 0
58 42 164880 1
97 55 164910 1
42 52 164910 1
92 95 165059 0
50 21 165071 1
46 47 165083 0
27 73 165128 0
45 36 165129 0
91 87 165149 0
91 67 165149 0
57 38 165204 1
97 70 165259 0
68 62 165358 0
109 61 165390 1
105 61 165396 1
57 85 165467 0
109 70 165485 1
35 80 165486 0
86 89 165534 0
44 85 165576 0
55 86 165586 0
35 79 165621 0
109 66 165772 1
48 86 165818 0
33 79 165846 0
31 73 165908 0
67 48 165919 1
109 73 165962 1
97 71 166006 0
85 43 166039 1
92 69 166045 0
53 70 166213 0
114 78 166340 1
64 65 166408 1
53 20 166451 1
54 20 166465 1
71 45 166506 1
65 85 166606 1
69 61 166624 0
32 77 166651 0
36 81 166756 0
106 55 166791 1
35 78 166845 0
43 83 166845 0
43 51 166902 1
103 58 166988 1
39 52 167000 1
80 49 167033 1
52 66 167050 0
45 39 167153 0
55 21 167211 1
26 125 167219 1
86 50 167273 1
34 81 167361 0
66 53 167430 1
54 87 167491 0
25 65 167586 0
96 70 167611 0
25 72 167619 0
93 96 167660 0
97 70 167769 0
71 62 167779 0
57 34 167805 1
87 92 167935 0
73 48 168070 1
98 55 168177 1
87 93 168199 0
69 48 168247 1
47 84 168279 0
93 67 168289 0
84 66 168393 0
98 92 168456 0
64 77 168585 1
95 95 168592 0
77 63 168637 0
87 86 168846 0
107 63 168922 1
109 67 168960 1
96 77 169001 0
89 64 169029 0
90 50 169029 1
89 51 169056 1
94 67 169227 0
80 48 169243 1
45 38 169245 0
107 62 169265 1
47 47 169339 0
38 99 169378 0
64 70 169427 1
49 67 169441 0
95 68 169555 0
31 74 169714 0
84 69 169724 0
53 87 169764 0
95 69 169779 0
109 69 169793 1
43 86 169797 0
53 69 169819 0
97 70 169825 0
87 50 169861 1
59 44 169878 1
108 64 169907 1
44 84 169929 0
58 40 169944 1
91 95 170035 0
25 69 170067 0
88 87 170165 0
106 60 170193 1
49 85 170194 0
47 24 170222 0
86 90 170228 0
95 94 170311 0
40 82 170319 0
93 80 170350 0
65 75 170354 1
57 30 170372 1
43 35 170383 0
105 60 170394 1
99 56 170422 1
58 84 170556 0
53 66 170602 0
41 52 170652 1
46 65 170667 0
62 47 170667 1
26 62 170708 0
44 33 170713 0
85 50 170754 1
97 93 170757 0
39 81 170757 0
98 74 170804 0
106 80 170853 1
57 28 170862 1
83 63 170920 0
47 49 170921 0
29 78 170977 0
26 61 170982 0
50 84 171005 0
89 67 171024 0
88 98 171049 0
43 83 171078 0
65 48 171103 1
57 39 171128 1
76 64 171135 0
91 52 171178 1
32 78 171215 0
109 68 171224 1
57 35 171259 1
82 49 171293 1
104 60 171297 1
90 96 171303 0
103 59 171336 1
58 41 171364 1
37 79 171384 0
35 79 171429 0
109 71 171447 1
109 75 171465 1
62 48 171485 1
45 39 171538 0
44 41 171586 0
45 36 171633 0
69 61 171645 0
65 71 171660 1
104 59 171693 1
87 90 171776 0
72 48 171788 1
42 84 171790 0
28 76 171809 0
48 72 171818 1
65 70 171823 1
46 29 171887 0
40 52 171912 1
68 61 171943 0
44 69 171949 1
57 23 172023 1
97 70 172062 0
27 60 172128 0
87 64 172169 0
77 67 172222 0
101 58 172246 1
66 63 172276 0
51 72 172278 1
83 49 172355 1
73 62 172363 0
50 86 172375 0
57 41 172421 1
25 67 172437 0
86 92 172482 0
47 23 172483 0
64 48 172495 1
44 45 172498 0
65 74 172515 1
74 64 172516 0
53 86 172534 0
31 77 172537 0
96 70 172550 0
92 52 172569 1
44 36 172570 0
38 81 172579 0
37 80 172585 0
79 47 172600 1
31 74 172623 0
37 84 172635 0
52 87 172638 0
71 48 172656 1
50 73 172656 1
45 38 172678 0
39 83 172682 0
55 19 172690 1
84 49 172710 1
35 78 172730 0
94 69 172731 0
95 93 172785 0
50 72 172823 1
102 58 172853 1
45 41 172896 0
44 83 173005 0
57 20 173017 1
97 56 173038 1
46 47 173039 0
50 20 173043 1
47 72 173044 1
60 45 173060 1
52 20 173080 1
57 37 173086 1
94 72 173096 0
49 84 173099 0
57 22 173123 1
45 84 173130 0
57 84 173189 0
94 54 173225 1
93 67 173231 0
97 72 173234 0
60 46 173239 1
47 84 173266 0
51 86 173309 0
95 54 173346 1
52 19 173374 1
97 71 173416 0
44 44 173507 0
48 66 173526 0
100 57 173529 1
93 53 173532 1
106 61 173538 1
78 48 173545 1
40 82 173573 0
58 39 173605 1
21 75 173609 0
101 57 173621 1
26 71 173630 0
97 74 173696 0
27 69 173755 0
57 25 173780 1
45 42 173883 0
66 48 173892 1
88 94 173893 0
50 91 173906 0
95 97 173932 0
92 68 173941 0
49 88 173947 0
93 70 173953 0
28 73 173984 0
57 33 174004 1
45 27 174007 0
47 87 174028 0
25 64 174042 0
92 98 174054 0
51 88 174095 0
80 64 174127 0
53 66 174208 0
94 67 174215 0
88 86 174220 0
48 65 174253 0
53 69 174256 0
81 49 174293 1
80 66 174366 0
39 82 174387 0
24 68 174427 0
95 69 174560 0
58 42 174583 1
97 70 174611 0
99 55 174639 1
37 53 174656 1
56 21 174835 1
57 31 174997 1
74 48 174999 1
110 71 175004 1
87 89 175029 0
52 67 175092 0
64 67 175113 1
58 26 175128 1
89 64 175129 0
92 95 175147 0
58 24 175161 1
91 51 175179 1
75 48 175179 1
73 65 175201 0
37 81 175233 0
96 72 175254 0
58 86 175318 0
70 48 175337 1
45 64 175348 0
94 95 175367 0
43 68 175393 1
44 51 175450 1
37 79 175471 0
107 63 175498 1
27 61 175511 0
57 32 175529 1
45 39 175633 0
59 83 175657 0
95 68 175657 0
90 99 175662 0
64 64 175678 1
79 67 175731 0
46 46 175763 0
37 80 175767 0
47 65 175789 0
31 74 175808 0
43 83 175808 0
27 72 175859 0
49 85 175916 0
86 98 175934 0
81 68 175936 0
26 70 176087 0
44 35 176097 0
51 20 176116 1
54 18 176120 1
97 55 176131 1
108 63 176131 1
92 96 176180 0
74 63 176189 0
46 29 176191 0
54 19 176215 1
43 69 176218 1
55 20 176224 1
75 63 176246 0
45 38 176270 0
46 71 176388 1
57 24 176389 1
46 70 176406 1
45 69 176484 1
88 50 176536 1
84 93 176537 0
42 67 176538 1
33 83 176589 0
67 61 176593 1
38 52 176626 1
58 20 176649 1
33 77 176663 0
63 48 176663 1
57 38 176701 1
71 62 176723 0
30 76 176770 0
31 73 176771 0
43 37 176802 0
87 50 176816 1
47 71 177029 1
86 89 177045 0
38 91 177060 0
105 61 177075 1
56 19 177110 1
40 82 177127 0
85 64 177158 0
50 67 177195 0
47 88 177206 0
43 84 177211 0
77 49 177218 1
45 70 177245 1
55 84 177250 0
50 86 177310 0
77 42 177320 1
94 71 177324 0
52 68 177340 0
45 84 177347 0
25 76 177464 0
49 63 177481 0
65 72 177526 1
89 50 177568 1
96 70 177568 0
81 65 177614 0
36 87 177631 0
57 27 177773 1
59 43 177797 1
57 26 177896 1
43 65 178008 0
57 36 178266 1
104 61 178267 1
38 83 178340 0
50 84 178406 0
44 28 178492 0
69 61 178523 0
25 69 178654 0
83 65 178671 0
25 66 178719 0
45 89 178799 0
38 53 178823 1
99 57 178864 1
25 63 178925 0
86 50 178953 1
43 42 178963 0
104 85 179018 1
33 92 179020 0
71 67 179066 0
47 47 179167 0
61 47 179220 1
62 46 179362 1
64 79 179385 1
58 25 179430 1
87 94 179575 0
97 70 179601 0
53 69 179751 0
42 40 179785 0
53 19 179830 1
95 69 179838 0
87 87 179867 0
20 69 179926 0
45 36 179927 0
64 66 179948 1
58 40 179959 1
39 81 179969 0
87 65 180116 0
36 81 180121 0
44 38 180134 0
43 40 180210 0
37 80 180219 0
98 56 180241 1
87 97 180253 0
50 88 180263 0
67 48 180339 1
71 61 180408 0
55 72 180423 1
75 63 180534 0
58 30 180603 1
57 29 180676 1
94 68 180723 0
68 48 180806 1
32 80 180817 0
45 28 181009 0
64 76 181034 1
108 64 181056 1
109 66 181062 1
74 63 181064 0
109 65 181250 1
107 61 181251 1
26 70 181310 0
103 59 181370 1
52 87 181371 0
51 66 181485 0
33 76 181499 0
79 48 181538 1
57 34 181540 1
35 79 181577 0
97 72 181597 0
57 35 181609 1
107 62 181705 1
93 68 181750 0
73 48 181769 1
77 48 181888 1
91 50 182010 1
32 88 182055 0
91 66 182068 0
88 88 182229 0
109 69 182297 1
53 70 182308 0
92 67 182349 0
90 51 182526 1
94 53 182546 1
97 31 182581 1
82 49 182607 1
98 55 182624 1
88 69 182633 0
47 46 182742 0
102 58 182789 1
94 52 182810 1
65 49 182813 1
47 25 182819 0
85 49 182832 1
85 50 182842 1
58 22 182906 1
93 52 182924 1
43 35 182942 0
81 48 182964 1
109 68 182964 1
58 85 182978 0
57 30 182984 1
77 63 182989 0
109 73 183060 1
83 49 183063 1
87 92 183101 0
46 46 183107 0
57 39 183149 1
41 51 183180 1
109 74 183204 1
93 54 183220 1
99 56 183248 1
59 44 183377 1
84 49 183378 1
58 41 183379 1
71 61 183404 0
58 21 183475 1
43 65 183508 0
45 51 183568 1
59 41 183573 1
109 76 183612 1
49 84 183666 0
40 82 183672 0
59 42 183712 1
109 67 183753 1
72 48 183826 1
86 64 183832 0
58 84 183930 0
106 61 183988 1
58 27 184043 1
95 54 184050 1
35 78 184134 0
56 87 184137 0
52 22 184168 1
50 86 184192 0
64 78 184192 1
89 51 184198 1
52 72 184216 1
42 32 184221 0
107 60 184231 1
92 96 184247 0
48 71 184251 1
35 53 184252 1
74 61 184261 0
101 58 184287 1
64 48 184322 1
96 70 184341 0
71 47 184351 1
105 60 184362 1
81 64 184363 0
57 37 184372 1
65 71 184394 1
93 51 184409 1
53 66 184472 0
94 67 184481 0
65 70 184493 1
60 43 184500 1
67 47 184503 1
33 76 184515 0
72 47 184523 1
42 51 184537 1
100 57 184559 1
65 73 184657 1
82 48 184666 1
45 29 184684 0
47 48 184704 0
48 85 184713 0
90 83 184716 1
94 68 184722 0
31 74 184732 0
74 48 184743 1
87 50 184744 1
65 47 184758 1
104 59 184761 1
45 84 184803 0
65 68 184803 1
61 46 184829 1
91 95 184838 0
89 83 184869 1
76 47 184910 1
57 19 184929 1
83 63 184961 0
109 71 184972 1
56 20 184979 1
57 21 185002 1
44 68 185083 1
88 93 185092 0
97 76 185125 0
44 71 185171 1
100 56 185189 1
62 47 185196 1
46 29 185202 0
91 66 185232 0
27 69 185270 0
86 49 185334 1
45 38 185336 0
58 23 185386 1
110 67 185473 1
45 39 185478 0
90 50 185482 1
89 68 185516 0
95 94 185548 0
60 44 185563 1
75 63 185586 0
68 61 185607 0
37 82 185622 0
52 66 185653 0
60 45 185654 1
47 84 185665 0
69 47 185689 1
23 74 185697 0
95 70 185708 0
103 85 185711 1
58 42 185717 1
26 63 185719 0
89 64 185759 0
83 64 185794 0
85 63 185814 0
67 46 185835 1
69 48 185927 1
57 33 185950 1
47 71 185969 1
110 70 185983 1
63 47 186042 1
37 79 186111 0
47 46 186180 0
95 68 186185 0
28 69 186237 0
93 67 186261 0
57 23 186270 1
57 31 186349 1
44 33 186398 0
41 83 186404 0
68 47 186429 1
114 78 186468 1
64 65 186480 1
97 55 186484 1
51 87 186497 0
44 83 186498 0
58 39 186531 1
71 61 186553 0
80 47 186647 1
65 74 186771 1
39 53 186784 1
95 93 186805 0
58 38 186805 1
43 87 186810 0
90 72 186814 0
65 69 186820 1
46 27 186821 0
69 60 186844 0
93 97 186961 0
56 85 187008 0
78 48 187013 1
44 29 187057 0
87 90 187066 0
106 60 187079 1
80 48 187079 1
37 80 187096 0
50 84 187102 0
93 69 187135 0
56 22 187163 1
103 58 187164 1
92 67 187201 0
44 69 187221 1
102 57 187236 1
44 38 187240 0
91 51 187243 1
43 83 187257 0
40 83 187289 0
94 54 187327 1
45 30 187338 0
43 67 187368 1
57 35 187452 1
56 17 187480 1
39 80 187489 0
51 72 187564 1
33 76 187634 0
93 62 187637 0
93 53 187637 1
39 52 187670 1
107 62 187738 1
71 48 187757 1
65 48 187771 1
65 67 187785 1
26 67 187816 0
36 53 187816 1
74 63 187837 0
58 37 187862 1
49 84 187935 0
31 73 187945 0
102 58 188013 1
88 50 188073 1
87 77 188097 0
65 72 188114 1
26 70 188123 0
33 55 188184 1
43 51 188222 1
88 87 188231 0
97 54 188262 1
106 82 188271 1
65 75 188381 1
61 45 188409 1
57 25 188423 1
91 66 188513 0
73 62 188624 0
21 80 188633 0
73 47 188728 1
89 50 188785 1
50 72 188804 1
58 40 188882 1
89 95 188958 0
27 62 188983 0
29 72 189006 0
103 59 189007 1
48 85 189052 0
107 63 189067 1
40 51 189171 1
94 68 189240 0
85 63 189314 0
26 78 189329 0
43 65 189393 0
59 84 189437 0
28 69 189501 0
45 64 189503 0
31 79 189555 0
46 70 189559 1
54 111 189564 1
84 66 189605 0
88 93 189654 0
95 53 189719 1
107 80 189726 1
25 69 189730 0
40 52 189815 1
78 47 189820 1
65 66 189823 1
110 68 189823 1
101 57 189843 1
109 66 189902 1
75 48 189990 1
38 88 190059 0
51 66 190086 0
97 75 190096 0
47 46 190124 0
33 80 190191 0
36 86 190200 0
45 70 190211 1
39 80 190229 0
78 65 190253 0
85 67 190303 0
59 43 190326 1
57 28 190329 1
34 92 190391 0
49 86 190412 0
76 63 190441 0
72 66 190443 0
92 69 190443 0
97 92 190455 0
60 46 190455 1
88 62 190487 0
21 65 190519 0
53 86 190550 0
45 33 190604 0
27 76 190662 0
93 95 190756 0
92 51 190848 1
55 19 190873 1
51 85 190876 0
58 33 191130 1
74 61 191152 0
73 48 191246 1
46 45 191254 0
107 79 191286 1
50 68 191338 0
42 67 191362 1
77 62 191433 0
95 69 191519 0
98 55 191551 1
102 88 191636 1
54 21 191644 1
41 52 191655 1
29 72 191657 0
110 69 191666 1
84 49 191667 1
57 20 191679 1
26 67 191712 0
69 67 191740 0
47 48 191767 0
81 62 191784 0
57 30 191856 1
45 69 191972 1
92 67 192133 0
79 66 192170 0
26 64 192173 0
33 76 192258 0
55 17 192342 1
48 71 192494 1
57 22 192500 1
49 85 192624 0
35 78 192780 0
65 76 192783 1
82 49 192875 1
87 89 192900 0
46 37 193075 0
32 56 193147 1
64 48 193189 1
81 64 193192 0
58 31 193283 1
57 27 193409 1
46 88 193461 0
107 78 193463 1
71 61 193467 0
96 69 193472 0
72 48 193533 1
107 77 193624 1
46 47 193639 0
66 48 193708 1
109 65 193724 1
26 63 193757 0
43 68 193781 1
87 50 193808 1
87 49 193878 1
49 64 193886 0
94 53 193917 1
48 85 193952 0
99 55 193956 1
83 48 193961 1
57 24 194004 1
93 52 194025 1
45 28 194038 0
108 63 194058 1
88 49 194210 1
93 81 194236 1
97 70 194312 0
109 64 194343 1
111 64 194407 1
34 53 194501 1
108 64 194564 1
91 66 194577 0
99 56 194591 1
39 81 194734 0
64 47 194761 1
51 85 194821 0
106 61 194832 1
108 62 194875 1
79 48 194887 1
109 63 194916 1
103 53 194931 1
74 48 194939 1
39 80 194983 0
76 63 195015 0
95 54 195039 1
90 66 195062 0
53 66 195163 0
44 34 195171 0
22 75 195177 0
28 70 195208 0
85 63 195235 0
29 72 195315 0
77 62 195320 0
107 61 195330 1
63 48 195505 1
45 43 195579 0
92 66 195580 0
85 49 195580 1
57 37 195605 1
26 77 195663 0
105 59 195741 1
104 59 195786 1
102 58 195807 1
67 61 195816 0
31 75 195860 0
65 64 195891 1
26 68 195911 0
88 93 195937 0
45 33 195990 0
57 26 196046 1
65 68 196051 1
65 70 196063 1
53 87 196072 0
75 63 196106 0
88 92 196122 0
45 36 196130 0
107 62 196140 1
49 71 196170 1
44 51 196218 1
61 47 196319 1
40 83 196365 0
81 48 196438 1
26 67 196487 0
69 61 196505 0
88 88 196521 0
86 49 196537 1
58 25 196538 1
108 61 196538 1
59 44 196547 1
53 67 196568 0
75 47 196657 1
51 19 196662 1
47 71 196693 1
74 47 196735 1
64 77 196858 1
50 65 196902 0
90 50 196996 1
49 63 197002 0
59 24 197011 1
110 72 197011 1
50 85 197013 0
72 63 197025 0
110 74 197032 1
92 96 197041 0
40 82 197076 0
57 31 197253 1
58 39 197346 1
58 41 197360 1
88 86 197400 0
24 78 197433 0
65 65 197440 1
57 35 197449 1
42 50 197450 1
106 80 197473 1
89 65 197490 0
77 47 197505 1
106 71 197566 1
51 86 197600 0
97 72 197609 0
110 71 197631 1
62 47 197633 1
77 63 197655 0
64 43 197666 1
31 74 197670 0
57 33 197689 1
50 84 197755 0
57 84 197840 0
98 54 197849 1
100 55 197958 1
96 69 197962 0
26 64 198004 0
95 68 198019 0
60 45 198039 1
37 79 198096 0
99 73 198115 0
103 58 198170 1
109 74 198186 1
92 66 198221 0
82 48 198223 1
94 68 198229 0
92 95 198267 0
98 74 198281 0
65 74 198286 1
58 26 198383 1
59 42 198393 1
57 34 198401 1
46 37 198406 0
44 68 198421 1
67 48 198448 1
27 69 198466 0
101 56 198504 1
92 67 198567 0
58 28 198640 1
28 70 198653 0
78 48 198682 1
46 45 198759 0
34 78 198801 0
58 29 198803 1
96 53 198883 1
47 43 198907 0
109 66 198909 1
58 27 198912 1
97 54 198928 1
56 19 198955 1
80 63 198955 0
27 62 198975 0
52 72 199008 1
94 67 199071 0
65 73 199096 1
57 23 199140 1
109 75 199151 1
46 48 199217 0
71 47 199247 1
55 20 199308 1
29 73 199330 0
91 51 199336 1
58 22 199338 1
75 46 199361 1
61 46 199413 1
28 71 199414 0
69 60 199436 0
95 52 199540 1
95 53 199544 1
51 85 199556 0
59 34 199557 1
49 64 199590 0
65 72 199628 1
77 62 199637 0
95 50 199651 1
59 43 199659 1
81 47 199687 1
100 56 199719 1
53 20 199722 1
27 61 199723 0
67 47 199725 1
49 84 199770 0
52 65 199774 0
110 73 199789 1
57 83 199790 0
56 18 199807 1
28 69 199810 0
45 38 199812 0
58 21 199852 1
74 61 199862 0
89 64 199870 0
47 46 199931 0
0 0 200010 0
