37 68 0 1
37 80 34 1
89 53 49 1
57 41 77 1
66 45 131 1
24 55 248 0
103 62 350 1
73 54 369 1
71 52 369 1
39 83 414 1
24 56 472 0
29 92 485 0
37 77 523 1
35 63 539 1
33 42 587 1
90 53 609 1
23 69 617 0
33 97 650 0
37 64 693 1
62 63 759 0
104 63 862 1
89 95 964 0
34 99 989 0
37 71 1020 1
88 53 1051 1
49 39 1059 1
68 47 1143 1
61 60 1178 0
55 40 1185 1
37 66 1193 1
39 85 1193 1
40 85 1232 1
35 41 1270 1
28 89 1273 0
69 48 1309 1
63 67 1310 0
97 56 1317 1
41 93 1333 1
51 54 1369 0
37 65 1371 1
95 94 1374 0
104 82 1458 1
74 55 1487 1
38 80 1509 1
75 58 1510 1
105 64 1513 1
105 66 1522 1
37 75 1566 1
37 79 1577 1
37 70 1595 1
63 43 1620 1
73 56 1659 1
23 60 1693 0
51 39 1709 1
36 67 1789 1
37 98 1806 0
72 53 1816 1
26 88 1821 0
41 55 1854 0
87 94 1859 0
40 84 1860 1
71 51 1874 1
95 75 1959 0
27 82 2015 0
94 73 2055 0
37 61 2070 1
55 55 2078 0
31 94 2130 0
67 75 2178 0
74 57 2244 1
65 71 2373 0
24 70 2393 0
62 62 2433 0
61 61 2447 0
32 43 2467 1
37 67 2497 1
91 69 2505 0
87 69 2532 0
64 70 2558 0
102 61 2584 1
46 54 2613 0
102 60 2635 1
23 61 2652 0
64 67 2681 0
45 40 2718 1
37 73 2762 1
27 79 2797 0
107 75 2865 1
43 54 2901 0
69 49 2958 1
100 59 2981 1
26 85 3094 0
62 43 3116 1
50 40 3148 1
59 58 3169 0
100 96 3171 1
105 65 3285 1
84 54 3377 1
94 54 3395 1
64 43 3407 1
107 74 3426 1
29 91 3443 0
105 68 3526 1
63 66 3599 0
27 90 3657 0
59 42 3673 1
47 40 3720 1
23 59 3793 0
25 71 3825 0
26 78 3837 0
65 70 3850 0
37 69 3885 1
37 62 3908 1
29 93 3968 0
34 42 4015 1
73 53 4137 1
51 53 4288 0
41 86 4293 1
65 44 4338 1
95 55 4427 1
23 71 4455 0
67 45 4456 1
28 89 4509 0
72 52 4535 1
36 62 4560 1
36 43 4591 1
24 72 4595 0
73 55 4603 1
35 42 4644 1
37 76 4714 1
94 77 4769 0
27 87 4823 0
40 86 4875 1
26 84 4882 0
23 62 4895 0
31 43 4964 1
29 89 5097 0
53 41 5121 1
93 53 5129 1
65 72 5336 0
52 39 5347 1
104 83 5374 1
33 98 5482 0
47 38 5506 1
64 67 5622 0
68 46 5630 1
86 53 5743 1
65 71 5750 0
63 44 5784 1
47 39 5809 1
62 62 5826 0
38 81 5975 1
91 54 6139 1
93 54 6173 1
40 93 6265 1
41 89 6289 1
67 47 6336 1
93 71 6382 0
94 73 6412 0
30 93 6429 0
31 94 6471 0
37 81 6487 1
87 93 6526 0
87 92 6724 0
48 54 6731 0
26 81 6766 0
70 49 6867 1
55 55 6895 0
60 60 6897 0
49 54 6949 0
26 76 6963 0
59 58 6997 0
75 59 6999 1
106 74 7064 1
87 90 7119 0
47 54 7139 0
93 80 7229 0
69 50 7292 1
74 78 7426 0
61 59 7474 0
73 77 7482 0
28 89 7596 0
106 66 7676 1
23 56 7690 0
63 69 7723 0
31 96 7732 0
46 54 7733 0
33 99 7743 0
63 66 7788 0
69 76 7814 0
24 51 7817 0
55 41 7832 1
59 43 7894 1
84 70 8112 0
48 53 8134 0
23 62 8226 0
24 54 8283 0
58 42 8357 1
27 87 8377 0
37 78 8495 1
74 14 8539 1
74 56 8558 1
30 91 8572 0
61 43 8600 1
27 77 8673 0
45 54 8767 0
41 88 8767 1
91 95 8806 0
106 68 8843 1
38 99 8851 0
64 67 8875 0
76 58 8911 1
27 86 8945 0
26 78 8975 0
65 73 9003 0
23 70 9047 0
62 44 9077 1
32 96 9303 0
107 71 9321 1
27 85 9378 0
89 95 9537 0
42 39 9571 1
65 71 9667 0
50 39 9676 1
105 72 9745 1
27 82 9779 0
95 75 9891 0
94 53 9965 1
103 64 10084 1
31 93 10228 0
99 57 10276 1
67 75 10474 0
87 92 10576 0
62 62 10658 0
93 72 10675 0
41 90 10704 1
78 58 10705 1
38 78 10857 1
87 88 10859 0
93 96 10979 0
28 90 10992 0
22 69 11021 0
82 56 11048 1
37 72 11105 1
79 57 11154 1
87 53 11155 1
25 80 11261 0
78 57 11272 1
47 53 11303 0
40 83 11365 1
56 57 11451 0
31 95 11453 0
36 98 11468 0
59 59 11469 0
68 75 11527 0
70 50 11707 1
28 89 11773 0
30 91 11774 0
107 70 11776 1
41 92 11916 1
32 97 11948 0
55 55 12146 0
91 53 12173 1
56 41 12267 1
46 54 12317 0
59 58 12319 0
39 84 12324 1
27 86 12340 0
94 73 12369 0
37 68 12399 1
35 98 12437 0
23 62 12456 0
92 97 12479 0
89 54 12510 1
91 95 12513 0
67 46 12580 1
27 78 12641 0
85 96 12766 0
59 57 12898 0
83 55 13000 1
51 54 13002 0
27 87 13136 0
54 40 13205 1
66 44 13358 1
42 55 13489 0
80 57 13491 1
85 53 13602 1
34 98 13609 0
32 96 13651 0
63 66 13711 0
60 42 13729 1
23 69 13967 0
38 70 14012 1
37 70 14078 1
62 63 14252 0
87 68 14347 0
26 80 14411 0
106 67 14458 1
68 75 14484 0
38 80 14579 1
92 96 14637 0
26 78 14762 0
90 70 14773 0
27 89 14783 0
27 79 15018 0
35 96 15030 0
43 53 15037 0
106 80 15256 1
25 85 15411 0
51 105 15500 0
92 53 15621 1
59 57 15729 0
75 78 15890 0
106 79 15917 1
73 54 16057 1
94 95 16151 0
27 86 16177 0
26 85 16198 0
92 95 16211 0
63 63 16219 0
27 78 16225 0
39 82 16255 1
31 94 16310 0
28 81 16350 0
69 48 16484 1
96 55 16555 1
47 53 16577 0
62 61 16632 0
30 91 16938 0
86 95 16972 0
35 97 17104 0
62 65 17249 0
88 70 17313 0
95 54 17432 1
64 67 17810 0
91 95 17834 0
32 96 17918 0
87 92 17963 0
53 39 18018 1
107 72 18185 1
97 57 18185 1
46 54 18187 0
40 82 18224 1
23 62 18352 0
68 48 18503 1
88 96 18571 0
90 96 18583 0
27 76 18621 0
55 54 18793 0
37 71 18814 1
40 41 18872 1
39 81 18910 1
59 57 18985 0
63 63 19019 0
51 40 19027 1
39 83 19157 1
103 84 19305 1
43 41 19593 1
93 70 19599 0
88 94 19611 0
97 55 19656 1
41 95 19663 1
57 55 19699 0
104 62 19742 1
81 56 19772 1
103 62 19819 1
62 42 19840 1
75 57 20071 1
101 59 20102 1
101 60 20156 1
37 66 20224 1
61 42 20371 1
56 40 20380 1
71 77 20387 0
105 66 20405 1
104 63 20420 1
86 68 20484 0
107 73 20516 1
90 53 20529 1
92 95 20545 0
62 61 20605 0
66 45 20643 1
86 92 20691 0
97 56 20719 1
68 75 20824 0
103 61 20841 1
40 85 20886 1
105 65 20948 1
72 53 21093 1
46 39 21238 1
107 77 21308 1
65 70 21354 0
86 90 21405 0
63 62 21517 0
37 77 21545 1
91 67 21605 0
68 47 21651 1
92 96 21774 0
48 39 21909 1
88 53 21924 1
69 77 21959 0
69 47 21972 1
76 77 21983 0
27 78 21990 0
61 59 21991 0
55 54 22047 0
55 55 22055 0
51 53 22091 0
37 65 22138 1
41 86 22198 1
95 75 22365 0
65 71 22393 0
94 54 22430 1
89 53 22440 1
38 69 22458 1
102 60 22499 1
61 60 22501 0
71 51 22517 1
70 78 22526 0
74 48 22532 1
38 71 22546 1
38 75 22552 1
27 76 22560 0
71 50 22565 1
54 54 22584 0
63 63 22707 0
109 45 22745 1
95 94 22768 0
37 63 22768 1
38 79 22803 1
28 89 22838 0
38 97 22866 0
57 41 22883 1
66 72 22883 0
24 55 22929 0
103 85 22955 1
41 91 22971 1
24 53 23035 0
73 77 23045 0
37 67 23105 1
57 55 23124 0
38 77 23125 1
59 57 23127 0
36 64 23151 1
87 89 23161 0
39 80 23309 1
90 67 23316 0
69 49 23335 1
37 73 23343 1
40 84 23355 1
37 64 23373 1
74 55 23421 1
29 89 23426 0
63 65 23436 0
27 87 23507 0
88 88 23510 0
87 94 23548 0
83 54 23616 1
88 94 23671 0
105 64 23690 1
70 49 23709 1
23 60 23811 0
33 95 23814 0
23 61 23844 0
40 95 23894 1
59 58 23960 0
41 87 23988 1
37 97 23996 0
107 71 24016 1
24 70 24036 0
59 42 24080 1
107 76 24136 1
66 71 24191 0
75 58 24212 1
39 85 24248 1
107 74 24284 1
27 77 24294 0
32 96 24314 0
58 41 24378 1
27 86 24382 0
93 53 24402 1
38 68 24439 1
25 71 24454 0
26 78 24490 0
94 71 24549 0
87 87 24558 0
95 96 24584 0
70 77 24588 0
23 66 24595 0
107 75 24595 1
87 93 24596 0
109 45 24610 0
55 40 24610 1
62 61 24645 0
63 62 24672 0
55 54 24759 0
94 79 24790 0
40 92 24793 1
36 63 24796 1
41 94 24865 1
41 41 24954 1
37 60 25000 1
36 41 25000 1
48 53 25035 0
92 95 25217 0
94 78 25234 0
27 82 25234 0
43 39 25254 1
74 56 25289 1
40 40 25289 1
24 56 25392 0
100 58 25530 1
38 78 25531 1
63 43 25557 1
80 56 25578 1
58 42 25671 1
38 81 25752 1
72 52 25760 1
69 76 25762 0
27 85 25777 0
31 93 25784 0
0 102 25830 0
29 91 25838 0
37 75 25910 1
25 50 25981 0
27 76 26131 0
64 72 26134 0
73 79 26162 0
66 72 26175 0
67 77 26187 0
38 98 26192 0
49 40 26200 1
29 92 26210 0
51 39 26220 1
73 53 26228 1
23 59 26235 0
71 78 26237 0
66 74 26291 0
104 62 26304 1
62 62 26322 0
9 35 26352 0
59 60 26364 0
15 38 26369 0
22 59 26378 0
94 77 26408 0
26 82 26436 0
57 55 26438 0
65 70 26445 0
27 79 26450 0
23 54 26471 0
85 69 26523 0
45 19 26698 0
86 69 26708 0
77 78 26717 0
47 53 26736 0
21 63 26748 0
91 95 26785 0
89 95 26823 0
45 39 26941 1
87 92 26978 0
41 63 27008 0
57 56 27008 0
98 61 27070 1
62 43 27075 1
26 83 27196 0
30 91 27197 0
68 75 27225 0
27 78 27327 0
81 37 27345 0
63 63 27356 0
38 74 27387 1
66 71 27394 0
97 56 27435 1
99 64 27447 1
54 54 27532 0
25 52 27571 0
107 69 27662 1
91 70 27689 0
61 43 27746 1
91 53 27774 1
37 76 27846 1
27 84 27865 0
75 57 27871 1
99 57 27871 1
63 65 27910 0
94 71 27959 0
55 54 27979 0
45 38 28053 1
63 62 28054 0
43 40 28168 1
72 78 28228 0
45 55 28255 0
38 72 28334 1
41 85 28353 1
37 62 28405 1
74 77 28452 0
46 54 28493 0
23 62 28563 0
37 79 28615 1
101 59 28705 1
106 66 28783 1
48 38 28783 1
44 83 28845 0
64 43 28878 1
57 57 28924 0
89 70 29003 0
41 89 29080 1
38 76 29136 1
22 60 29358 0
52 56 29445 0
33 95 29510 0
49 39 29546 1
23 66 29593 0
49 38 29710 1
67 46 29730 1
73 54 29795 1
32 99 29814 0
54 39 29837 1
92 53 29852 1
66 72 29889 0
41 90 30008 1
35 41 30010 1
24 80 30045 0
59 57 30133 0
74 19 30206 0
65 77 30341 0
66 76 30345 0
70 76 30515 0
23 73 30845 0
68 53 30849 1
52 39 30896 1
76 57 30952 1
27 84 31052 0
31 94 31077 0
38 67 31122 1
27 77 31131 0
19 60 31140 0
90 53 31237 1
103 62 31453 1
65 72 31487 0
41 88 31614 1
107 70 31646 1
57 55 31683 0
24 54 31728 0
24 61 31762 0
39 82 31860 1
91 96 31903 0
65 44 31906 1
107 72 31967 1
41 40 32044 1
57 56 32153 0
94 71 32213 0
68 46 32277 1
74 77 32402 0
107 68 32436 1
60 42 32499 1
37 61 32593 1
98 56 32602 1
91 67 32621 0
106 67 32657 1
105 65 32677 1
88 94 32773 0
55 54 32781 0
33 100 32803 0
52 32 32862 0
90 52 32909 1
94 78 32978 0
87 68 33024 0
90 67 33075 0
63 65 33085 0
95 54 33186 1
37 69 33196 1
92 96 33211 0
95 75 33340 0
107 73 33368 1
65 68 33429 0
94 75 33430 0
54 54 33453 0
27 76 33481 0
86 53 33602 1
95 53 33765 1
69 48 33818 1
62 61 33880 0
70 76 33891 0
106 78 33910 1
97 55 33950 1
101 58 34136 1
77 76 34202 0
87 53 34257 1
23 68 34272 0
61 59 34290 0
28 89 34292 0
94 53 34422 1
56 54 34537 0
53 54 34538 0
23 66 34598 0
102 60 34615 1
53 53 34623 0
33 42 34728 1
24 65 34774 0
87 90 34869 0
68 47 34922 1
95 94 35019 0
87 88 35112 0
77 58 35113 1
72 51 35129 1
61 42 35136 1
67 45 35162 1
41 93 35206 1
31 42 35241 1
51 53 35300 0
101 59 35311 1
27 84 35316 0
66 71 35341 0
74 55 35375 1
102 59 35411 1
38 80 35411 1
107 78 35498 1
93 81 35502 0
50 40 35523 1
41 39 35541 1
71 51 35564 1
59 41 35576 1
40 83 35594 1
41 86 35599 1
66 44 35600 1
104 61 35612 1
70 50 35711 1
105 64 35749 1
38 77 35803 1
107 71 35817 1
32 42 35852 1
92 95 35909 0
97 56 35917 1
62 42 35922 1
41 92 36010 1
63 62 36018 0
73 77 36025 0
75 56 36030 1
37 71 36047 1
94 54 36052 1
67 75 36108 0
57 41 36124 1
65 43 36126 1
59 42 36138 1
39 81 36141 1
53 55 36152 0
54 40 36156 1
30 93 36175 0
70 48 36178 1
71 50 36247 1
41 87 36269 1
29 89 36323 0
104 62 36389 1
73 52 36395 1
74 76 36433 0
71 49 36434 1
74 77 36445 0
64 67 36460 0
65 68 36519 0
26 72 36551 0
28 81 36585 0
35 96 36598 0
106 39 36611 1
106 68 36611 1
27 83 36619 0
93 53 36619 1
38 69 36641 1
51 38 36650 1
81 55 36652 1
89 53 36682 1
37 77 36682 1
38 71 36699 1
52 38 36734 1
40 85 36833 1
94 95 36894 0
24 70 36913 0
69 47 36936 1
93 54 36989 1
55 41 36993 1
38 78 36998 1
70 49 37043 1
86 89 37086 0
68 74 37151 0
99 57 37171 1
56 54 37180 0
32 96 37243 0
47 39 37274 1
90 53 37296 1
87 92 37327 0
38 62 37346 1
38 75 37358 1
37 63 37401 1
27 86 37407 0
38 70 37423 1
41 91 37524 1
70 76 37561 0
35 42 37582 1
55 39 37588 1
25 71 37617 0
47 40 37653 1
30 91 37740 0
34 41 37745 1
40 84 37776 1
53 53 37804 0
44 38 37819 1
31 93 37835 0
66 72 37875 0
101 94 37875 1
101 88 37875 1
63 63 37929 0
38 64 37950 1
24 61 37955 0
93 52 37987 1
63 43 37987 1
40 86 38027 1
107 70 38139 1
91 66 38166 1
91 53 38166 1
27 82 38174 0
31 91 38218 0
37 67 38422 1
57 54 38447 0
34 42 38496 1
43 54 38505 0
69 50 38609 1
39 40 38609 1
105 63 38645 1
75 57 38659 1
75 58 38773 1
91 68 38795 0
42 86 38814 1
38 68 38841 1
48 53 38851 0
38 73 38884 1
41 84 38902 1
40 82 38903 1
58 41 38920 1
64 43 38921 1
43 53 38944 0
103 60 38978 1
73 53 39078 1
43 38 39135 1
100 57 39157 1
24 65 39158 0
107 74 39169 1
64 42 39183 1
105 66 39194 1
86 68 39317 0
27 79 39349 0
39 83 39366 1
107 75 39379 1
91 67 39392 0
105 65 39433 1
84 54 39632 1
61 42 39672 1
39 82 39698 1
24 53 39708 0
76 58 39712 1
24 55 39722 0
27 84 39775 0
67 71 39839 0
23 61 39862 0
103 61 39864 1
46 38 40022 1
27 76 40030 0
97 94 40048 0
24 63 40063 0
60 57 40067 0
25 51 40073 0
27 83 40076 0
65 68 40174 0
56 54 40201 0
95 77 40211 0
26 72 40231 0
63 66 40259 0
27 85 40309 0
29 91 40338 0
91 95 40376 0
38 74 40386 1
106 66 40386 1
35 97 40393 0
68 74 40414 0
42 54 40528 0
37 64 40532 1
39 80 40549 1
57 56 40755 0
107 72 40790 1
53 38 40807 1
23 68 40880 0
27 78 40951 0
107 69 40981 1
38 40 41028 1
27 72 41045 0
96 57 41113 1
57 54 41123 0
90 67 41170 0
109 45 41179 1
53 54 41267 0
92 68 41306 0
23 56 41334 0
38 72 41360 1
87 89 41388 0
77 57 41433 1
109 45 41505 0
37 68 41506 1
36 41 41549 1
26 71 41578 0
37 98 41580 0
37 65 41675 1
68 75 41709 0
98 55 41748 1
67 46 41780 1
68 46 41871 1
28 91 41873 0
47 38 41938 1
33 95 41944 0
38 66 41970 1
41 89 41998 1
38 76 42004 1
55 40 42047 1
37 60 42076 1
38 63 42113 1
47 53 42114 0
58 56 42168 0
91 68 42196 0
63 65 42199 0
94 71 42233 0
41 85 42306 1
86 91 42309 0
53 53 42342 0
56 40 42345 1
74 56 42425 1
70 76 42518 0
60 57 42591 0
85 53 42621 1
38 77 42666 1
23 60 42677 0
97 93 42753 0
51 53 42762 0
66 45 42831 1
87 95 42940 0
98 56 43005 1
95 54 43135 1
74 77 43136 0
50 38 43191 1
63 61 43215 0
39 81 43223 1
94 75 43242 0
27 77 43314 0
65 71 43402 0
42 91 43453 1
24 63 43734 0
94 70 43851 0
23 57 43889 0
63 67 43897 0
57 54 44004 0
92 68 44108 0
97 55 44235 1
107 73 44250 1
23 66 44351 0
56 54 44372 0
33 97 44397 0
94 73 44426 0
26 72 44458 0
27 87 44487 0
68 74 44530 0
27 83 44564 0
24 71 44611 0
60 41 44614 1
95 75 44818 0
52 54 44958 0
87 94 44985 0
65 70 45055 0
26 71 45095 0
55 54 45097 0
60 42 45132 1
88 68 45211 0
67 78 45218 0
95 53 45227 1
91 68 45255 0
68 47 45274 1
91 52 45311 1
72 52 45331 1
95 77 45370 0
60 57 45484 0
31 95 45502 0
65 74 45519 0
31 91 45531 0
51 40 45542 1
58 40 45644 1
107 76 45665 1
85 68 45673 0
37 73 45723 1
60 59 45727 0
53 39 45740 1
89 95 45812 0
71 76 45880 0
67 76 45963 0
89 52 46029 1
72 80 46051 0
38 58 46112 1
54 54 46116 0
63 61 46163 0
97 54 46216 1
29 89 46250 0
104 62 46414 1
88 88 46434 0
101 59 46437 1
87 93 46514 0
107 77 46538 1
40 83 46638 1
36 69 46671 1
107 71 46690 1
38 78 46702 1
38 59 46756 1
92 68 46777 0
94 53 46807 1
105 64 46849 1
88 94 46854 0
72 51 46936 1
57 55 46950 0
38 69 46975 1
88 87 46982 0
95 94 46993 0
101 58 47111 1
94 70 47196 0
74 55 47214 1
38 81 47246 1
67 45 47252 1
90 52 47288 1
107 70 47381 1
76 77 47414 0
66 71 47425 0
91 67 47462 0
71 50 47508 1
77 77 47576 0
24 56 47646 0
62 42 47649 1
104 61 47660 1
90 69 47673 0
67 44 47706 1
99 57 47735 1
37 97 47742 0
24 65 47749 0
38 99 47783 0
42 54 47803 0
69 76 47841 0
24 61 47909 0
74 76 47914 0
58 56 47944 0
40 81 48014 1
51 39 48021 1
69 47 48032 1
99 56 48105 1
37 40 48105 1
42 55 48169 0
57 54 48201 0
57 41 48223 1
59 41 48244 1
48 39 48262 1
97 56 48262 1
107 68 48358 1
23 58 48374 0
90 53 48422 1
75 56 48449 1
63 62 48539 0
42 88 48635 1
38 97 48662 0
41 86 48696 1
86 53 48717 1
38 61 48722 1
33 94 48734 0
26 74 48743 0
66 44 48852 1
75 55 48862 1
38 71 48864 1
59 42 48888 1
61 59 48965 0
91 68 48980 0
104 83 49008 1
37 62 49043 1
70 48 49122 1
41 87 49142 1
75 57 49233 1
53 54 49236 0
71 76 49251 0
41 90 49270 1
63 61 49378 0
45 39 49395 1
60 57 49425 0
38 70 49477 1
90 67 49527 0
38 67 49547 1
65 43 49573 1
73 52 49578 1
93 95 49611 0
23 68 49620 0
102 59 49646 1
100 57 49682 1
28 81 49718 0
106 64 49733 1
38 96 49753 0
94 79 49781 0
101 59 49783 1
93 53 49833 1
42 90 49863 1
93 69 49868 0
54 39 49878 1
48 38 49878 1
65 68 49898 0
96 53 49939 1
105 81 49998 1
64 43 50078 1
68 74 50132 0
54 40 50135 1
59 55 50213 0
73 53 50270 1
61 42 50331 1
102 58 50360 1
88 68 50367 0
92 52 50392 1
40 84 50537 1
92 68 50652 0
68 46 50691 1
95 95 50706 0
94 70 50805 0
52 39 50832 1
65 42 50834 1
26 71 50836 0
43 39 50857 1
63 43 50867 1
27 84 50923 0
60 58 50923 0
104 60 50931 1
33 41 50947 1
71 49 50947 1
35 98 51012 0
77 58 51014 1
25 73 51074 0
30 91 51105 0
95 93 51140 0
91 67 51172 0
74 53 51173 1
40 41 51215 1
78 57 51216 1
39 82 51229 1
40 40 51230 1
64 42 51246 1
28 86 51251 0
27 72 51258 0
24 63 51286 0
87 52 51311 1
67 71 51357 0
38 75 51474 1
88 52 51486 1
58 41 51510 1
103 59 51555 1
49 39 51581 1
31 93 51591 0
73 51 51683 1
37 63 51740 1
93 68 51791 0
54 53 51799 0
108 74 51806 1
38 68 52008 1
23 57 52036 0
29 86 52092 0
35 96 52095 0
35 41 52135 1
72 77 52136 0
94 78 52150 0
89 53 52159 1
93 52 52162 1
70 49 52166 1
104 84 52185 1
33 96 52192 0
70 76 52206 0
55 39 52212 1
42 39 52263 1
66 72 52284 0
95 71 52309 0
95 53 52310 1
42 38 52333 1
107 75 52335 1
50 39 52362 1
28 89 52383 0
64 65 52436 0
53 53 52481 0
63 42 52542 1
38 77 52561 1
41 38 52584 1
24 71 52629 0
76 57 52636 1
108 70 52694 1
59 55 52721 0
58 58 52747 0
103 60 52775 1
27 76 52806 0
38 65 52854 1
40 82 52888 1
107 72 52888 1
30 90 52909 0
39 81 52992 1
84 53 52993 1
97 55 53014 1
83 55 53041 1
107 71 53050 1
33 94 53103 0
57 54 53126 0
82 54 53127 1
41 84 53128 1
33 93 53161 0
71 76 53237 0
58 54 53267 0
31 91 53269 0
67 45 53271 1
60 41 53271 1
40 85 53300 1
26 72 53317 0
27 83 53321 0
105 82 53422 1
56 39 53427 1
79 57 53428 1
76 56 53428 1
63 61 53430 0
108 72 53501 1
93 77 53612 0
41 93 53613 1
71 50 53619 1
37 71 53628 1
39 80 53631 1
107 70 53699 1
52 54 53723 0
41 91 53723 1
60 59 53765 0
55 52 53850 0
38 64 53866 1
69 47 53881 1
90 52 53923 1
41 40 53925 1
62 42 53987 1
107 74 54007 1
104 61 54008 1
27 88 54045 0
69 46 54048 1
105 63 54100 1
29 89 54103 0
39 78 54127 1
38 76 54142 1
38 72 54207 1
93 68 54233 0
105 62 54291 1
79 56 54298 1
38 62 54299 1
26 74 54351 0
41 88 54431 1
51 38 54436 1
27 82 54503 0
77 76 54543 0
93 69 54579 0
95 77 54596 0
28 86 54754 0
72 51 54847 1
42 86 54849 1
57 41 54880 1
47 45 54896 1
47 39 54897 1
98 55 54947 1
104 62 54955 1
49 38 54977 1
45 38 54978 1
39 79 55009 1
59 41 55079 1
91 52 55149 1
38 71 55181 1
58 56 55206 0
101 58 55245 1
38 74 55366 1
59 55 55389 0
48 53 55502 0
67 44 55569 1
71 48 55582 1
81 56 55605 1
106 66 55605 1
121 10 55611 1
91 68 55633 0
107 69 55641 1
54 53 55700 0
41 83 55716 1
37 67 55743 1
75 54 55777 1
75 77 55778 0
91 53 55809 1
64 65 55809 0
38 63 55831 1
42 92 55931 1
38 69 55931 1
58 54 56029 0
24 54 56098 0
25 52 56120 0
27 81 56269 0
105 64 56329 1
41 85 56331 1
28 90 56344 0
95 54 56402 1
38 40 56422 1
42 85 56453 1
87 92 56466 0
30 90 56469 0
54 38 56527 1
52 38 56601 1
93 95 56726 0
60 58 56765 0
31 94 56866 0
25 53 56885 0
103 85 56913 1
27 75 56923 0
74 55 57179 1
75 55 57195 1
47 53 57238 0
94 69 57245 0
33 95 57255 0
100 57 57258 1
31 92 57340 0
93 68 57438 0
88 68 57483 0
92 95 57503 0
114 78 57664 1
94 70 57671 0
60 57 57694 0
72 77 57731 0
108 71 57747 1
23 58 57877 0
33 96 57930 0
47 38 57979 1
66 44 57991 1
69 48 58075 1
63 60 58098 0
25 73 58163 0
38 78 58243 1
87 90 58476 0
97 54 58485 1
108 75 58496 1
92 68 58589 0
43 40 58589 1
107 76 58633 1
27 86 58641 0
61 41 58646 1
82 72 58665 1
28 86 58730 0
24 55 58807 0
41 94 58869 1
64 65 58941 0
75 56 58949 1
67 76 58951 0
39 40 58973 1
77 57 59045 1
56 40 59275 1
26 74 59321 0
95 94 59327 0
36 41 59349 1
25 74 59354 0
57 40 59386 1
37 96 59398 0
93 69 59467 0
89 52 59473 1
29 90 59523 0
27 79 59566 0
38 66 59593 1
24 61 59608 0
23 62 59629 0
41 89 59650 1
41 87 59701 1
24 65 59709 0
30 94 59716 0
72 50 59759 1
61 60 59911 0
87 68 59914 0
94 69 59926 0
41 55 60000 0
55 40 60052 1
23 70 60079 0
75 76 60124 0
27 72 60155 0
58 54 60157 0
24 60 60184 0
27 75 60289 0
74 76 60320 0
59 55 60429 0
25 70 60433 0
99 56 60447 1
91 67 60478 0
59 56 60491 0
107 73 60562 1
56 54 60588 0
27 81 60643 0
95 75 60673 0
66 73 60709 0
73 52 60754 1
53 56 60759 0
107 68 60759 1
28 94 60784 0
90 67 60791 0
93 68 60952 0
42 89 60956 1
51 53 61010 0
31 92 61061 0
64 64 61147 0
66 71 61182 0
88 88 61203 0
28 77 61222 0
63 75 61229 0
63 60 61229 0
54 53 61251 0
86 68 61258 0
36 98 61299 0
106 64 61300 1
28 81 61307 0
65 43 61362 1
97 92 61534 0
61 42 61712 1
42 54 61781 0
27 47 61867 0
71 76 61868 0
43 53 61901 0
38 70 61937 1
30 90 62081 0
25 76 62153 0
71 77 62155 0
67 43 62209 1
94 52 62219 1
65 68 62275 0
61 63 62335 0
78 76 62339 0
85 68 62363 0
68 46 62366 1
75 77 62457 0
42 87 62462 1
61 58 62566 0
27 88 62569 0
73 53 62613 1
60 63 62676 0
70 48 62676 1
67 71 62693 0
64 43 62721 1
26 71 62747 0
33 94 62758 0
94 69 62760 0
64 65 62765 0
88 93 62790 0
96 53 62791 1
21 62 62830 0
23 65 62847 0
107 66 62857 1
71 49 62862 1
27 48 62905 0
99 55 62908 1
31 91 62946 0
88 87 63005 0
25 67 63009 0
24 63 63010 0
42 91 63092 1
26 49 63139 0
95 53 63140 1
63 61 63146 0
102 58 63160 1
64 42 63171 1
74 53 63186 1
39 82 63227 1
105 61 63233 1
104 61 63260 1
107 67 63311 1
41 92 63312 1
74 52 63335 1
54 39 63336 1
47 55 63409 0
42 88 63487 1
24 50 63562 0
68 74 63574 0
37 60 63574 1
55 52 63642 0
93 52 63647 1
92 52 63648 1
33 96 63692 0
24 71 63765 0
27 75 63789 0
42 90 63792 1
60 41 63837 1
107 77 63858 1
58 40 63872 1
40 83 63874 1
41 90 63876 1
37 62 63898 1
71 47 63902 1
75 76 63916 0
30 88 63992 0
28 86 63999 0
98 54 64006 1
69 47 64009 1
95 52 64040 1
67 45 64046 1
63 60 64091 0
24 60 64137 0
29 90 64138 0
40 81 64225 1
50 38 64230 1
29 86 64298 0
38 77 64313 1
24 56 64314 0
64 64 64331 0
31 92 64555 0
28 77 64558 0
38 68 64583 1
40 84 64614 1
27 77 64653 0
61 57 64673 0
36 40 64743 1
39 80 64772 1
71 50 64797 1
38 67 64798 1
52 54 64807 0
76 78 64819 0
58 54 64835 0
28 88 64850 0
22 55 64854 0
94 53 64855 1
35 40 64884 1
54 40 64927 1
98 55 64960 1
25 70 64986 0
27 72 65072 0
46 38 65184 1
38 96 65189 0
27 78 65209 0
104 60 65211 1
72 77 65228 0
37 96 65238 0
59 55 65263 0
26 86 65267 0
102 59 65305 1
38 61 65306 1
27 81 65310 0
53 54 65323 0
49 37 65360 1
39 81 65379 1
24 53 65408 0
59 56 65443 0
32 92 65443 0
61 58 65458 0
63 43 65468 1
34 41 65508 1
75 57 65519 1
62 41 65521 1
30 91 65566 0
79 74 65573 0
26 48 65630 0
22 64 65641 0
60 58 65726 0
93 69 65760 0
74 76 65765 0
85 94 65817 0
53 38 65922 1
100 57 65937 1
95 94 65986 0
87 89 66004 0
101 58 66038 1
87 53 66038 1
51 39 66041 1
33 93 66047 0
103 59 66099 1
37 63 66102 1
58 41 66176 1
64 73 66187 0
85 53 66224 1
69 46 66251 1
107 70 66278 1
40 82 66279 1
29 89 66317 0
69 75 66348 0
23 57 66436 0
90 52 66439 1
62 42 66449 1
41 84 66467 1
45 39 66480 1
40 80 66502 1
25 67 66554 0
59 41 66558 1
56 58 66608 0
74 77 66620 0
93 68 66627 0
29 95 66641 0
47 37 66686 1
87 96 66776 0
25 53 66785 0
40 40 66789 1
108 68 66861 1
73 50 66884 1
43 38 66895 1
61 57 66900 0
100 56 66915 1
37 40 66963 1
105 62 66995 1
37 97 67003 0
74 48 67072 1
38 59 67110 1
66 73 67113 0
26 74 67153 0
65 42 67158 1
107 78 67165 1
66 42 67174 1
88 93 67179 0
92 69 67242 0
86 53 67246 1
41 82 67255 1
42 84 67304 1
94 69 67326 0
64 64 67347 0
97 53 67376 1
97 54 67391 1
72 51 67414 1
39 78 67458 1
28 47 67503 0
32 92 67534 0
55 39 67553 1
87 88 67605 0
34 42 67616 1
22 58 67676 0
46 37 67726 1
54 55 67737 0
28 81 67804 0
79 75 67854 0
44 38 67920 1
41 86 68021 1
67 44 68028 1
61 58 68059 0
39 39 68067 1
27 75 68193 0
40 93 68238 1
91 52 68308 1
48 38 68346 1
30 90 68357 0
28 77 68476 0
38 64 68484 1
54 53 68639 0
24 60 68664 0
73 78 68695 0
42 86 68721 1
75 76 68799 0
23 67 68807 0
75 55 68938 1
68 46 68941 1
73 51 68947 1
34 40 68951 1
99 56 68963 1
61 42 69008 1
23 59 69059 0
30 88 69073 0
57 39 69100 1
51 55 69125 0
24 67 69178 0
63 63 69226 0
24 58 69237 0
42 94 69248 1
41 39 69320 1
24 65 69333 0
26 72 69349 0
106 80 69361 1
29 90 69459 0
64 66 69547 0
76 55 69556 1
57 41 69560 1
68 45 69594 1
28 88 69696 0
77 58 69721 1
25 73 69748 0
90 68 69804 0
38 62 69806 1
38 69 69823 1
61 57 69833 0
107 71 69855 1
31 92 69896 0
38 71 70012 1
40 39 70018 1
69 75 70067 0
23 65 70082 0
86 52 70125 1
88 52 70175 1
63 60 70181 0
35 96 70190 0
40 79 70272 1
43 39 70334 1
101 57 70362 1
26 73 70401 0
49 39 70409 1
41 95 70432 1
64 65 70550 0
60 41 70619 1
32 92 70620 0
39 77 70638 1
73 52 70673 1
94 67 70676 0
41 83 70747 1
39 71 70829 1
59 56 70862 0
75 54 70930 1
95 76 71099 0
100 90 71111 1
39 79 71124 1
38 76 71152 1
103 58 71200 1
66 43 71219 1
64 42 71249 1
106 64 71283 1
25 70 71331 0
38 40 71379 1
61 58 71427 0
102 87 71466 1
39 72 71491 1
108 70 71592 1
76 56 71593 1
35 97 71827 0
30 94 71877 0
107 75 71937 1
23 64 71964 0
108 72 72001 1
93 95 72143 0
71 49 72182 1
88 93 72197 0
81 55 72242 1
72 50 72253 1
38 70 72351 1
39 70 72352 1
24 61 72364 0
64 64 72434 0
103 84 72590 1
101 89 72673 1
50 53 72754 0
31 91 72814 0
40 81 72854 1
75 77 73042 0
104 82 73046 1
108 74 73074 1
107 68 73079 1
95 93 73185 0
58 56 73206 0
70 46 73228 1
104 61 73291 1
24 58 73324 0
50 39 73363 1
95 78 73504 0
95 77 73516 0
101 59 73558 1
76 76 73562 0
108 71 73631 1
88 94 73678 0
102 58 73778 1
91 67 73803 0
59 40 73808 1
24 57 73881 0
61 41 74004 1
90 67 74060 0
78 56 74072 1
27 88 74080 0
87 52 74096 1
24 67 74112 0
65 43 74113 1
24 64 74160 0
27 50 74171 0
97 93 74210 0
28 86 74233 0
96 53 74241 1
23 58 74320 0
27 81 74323 0
52 53 74365 0
55 52 74455 0
93 52 74508 1
36 64 74527 1
49 52 74529 0
25 74 74531 0
60 59 74532 0
71 48 74606 1
57 54 74668 0
94 80 74700 0
36 97 74718 0
69 75 74728 0
23 69 74803 0
75 53 74828 1
27 73 74837 0
107 64 74874 1
107 66 74960 1
95 68 74969 0
33 95 74999 0
88 92 75040 0
67 71 75065 0
48 37 75184 1
61 58 75184 0
74 52 75223 1
94 52 75281 1
38 63 75304 1
41 85 75324 1
98 55 75381 1
67 45 75401 1
53 53 75430 0
95 53 75476 1
97 54 75532 1
61 57 75554 0
37 96 75586 0
26 71 75629 0
33 94 75630 0
107 65 75703 1
27 72 75712 0
104 60 75720 1
42 87 75726 1
51 38 75733 1
59 67 75800 0
56 39 75824 1
69 47 75830 1
65 66 75836 0
64 66 75879 0
35 41 75892 1
106 62 75983 1
39 82 76013 1
99 56 76035 1
33 96 76321 0
32 92 76352 0
39 80 76356 1
58 40 76384 1
93 94 76435 0
24 63 76480 0
28 88 76486 0
103 59 76549 1
39 81 76598 1
108 69 76635 1
107 76 76693 1
29 86 76703 0
90 53 76716 1
26 73 76725 0
41 87 76788 1
95 52 76793 1
42 85 76797 1
43 53 76835 0
108 73 76845 1
88 90 76871 0
105 81 76960 1
42 90 76977 1
52 38 76984 1
77 56 77047 1
78 57 77127 1
29 81 77143 0
94 67 77155 0
90 68 77159 0
87 87 77191 0
88 88 77202 0
90 52 77221 1
74 53 77254 1
80 56 77267 1
23 65 77298 0
99 55 77304 1
42 91 77332 1
38 77 77335 1
95 76 77402 0
72 49 77442 1
52 37 77463 1
42 88 77467 1
76 76 77473 0
25 67 77480 0
41 81 77543 1
25 52 77582 0
28 46 77589 0
55 38 77589 1
98 54 77613 1
95 94 77633 0
40 82 77681 1
38 68 77721 1
77 57 77726 1
75 56 77739 1
24 64 77757 0
49 52 77768 0
27 73 77786 0
89 66 77786 0
62 41 77796 1
68 75 77804 0
42 89 77834 1
38 60 77834 1
69 46 77835 1
87 90 77851 0
105 61 77886 1
29 76 77913 0
77 76 78083 0
34 97 78105 0
24 58 78125 0
59 41 78132 1
41 91 78157 1
39 75 78172 1
102 57 78203 1
50 53 78244 0
65 42 78314 1
80 57 78327 1
25 51 78338 0
37 60 78400 1
47 38 78409 1
41 40 78414 1
67 44 78440 1
65 66 78450 0
87 91 78571 0
31 93 78575 0
55 39 78605 1
24 69 78627 0
28 77 78648 0
54 38 78667 1
89 88 78694 0
95 78 78700 0
40 78 78705 1
106 64 78749 1
41 84 78755 1
39 78 78757 1
102 58 78819 1
89 52 78831 1
97 53 78862 1
42 92 78877 1
107 77 78883 1
24 67 78891 0
92 69 78916 0
37 62 78934 1
88 93 78946 0
22 72 78954 0
36 95 78965 0
54 39 78968 1
88 92 79004 0
45 38 79043 1
108 75 79043 1
47 39 79070 1
33 42 79153 1
45 37 79193 1
28 81 79204 0
56 38 79217 1
49 38 79248 1
52 53 79280 0
60 41 79287 1
95 72 79302 0
73 51 79302 1
24 57 79321 0
33 93 79332 0
100 56 79387 1
104 59 79389 1
39 73 79528 1
40 92 79667 1
42 86 79684 1
39 76 79692 1
30 88 79719 0
75 76 79726 0
69 45 79757 1
101 57 79759 1
75 55 79897 1
93 94 79946 0
74 52 80020 1
23 67 80073 0
38 96 80088 0
104 61 80091 1
64 42 80133 1
27 72 80161 0
23 64 80164 0
39 74 80260 1
38 61 80281 1
67 43 80389 1
58 54 80436 0
29 75 80437 0
28 79 80466 0
68 45 80558 1
27 75 80573 0
95 70 80582 0
39 72 80646 1
42 39 80678 1
88 95 80706 0
95 68 80713 0
50 38 80726 1
55 52 80760 0
88 90 80766 0
92 51 80913 1
91 51 80979 1
49 52 81008 0
71 76 81016 0
68 46 81047 1
42 82 81071 1
66 42 81122 1
76 56 81166 1
62 42 81325 1
69 75 81354 0
38 62 81368 1
27 69 81368 0
32 92 81428 0
27 73 81437 0
39 77 81488 1
40 80 81503 1
53 37 81539 1
29 88 81641 0
58 57 81728 0
24 60 81762 0
108 70 81766 1
29 90 81770 0
65 66 81778 0
39 40 81779 1
93 52 81784 1
38 39 81864 1
24 64 81866 0
29 77 81952 0
74 76 81964 0
64 64 82120 0
91 95 82132 0
41 90 82153 1
76 76 82251 0
97 54 82298 1
37 63 82335 1
53 38 82420 1
93 67 82468 0
38 64 82504 1
36 97 82530 0
65 68 82535 0
38 65 82547 1
39 66 82800 1
105 62 82819 1
58 39 82935 1
84 69 82958 0
89 67 83013 0
65 73 83050 0
64 76 83163 0
64 63 83175 0
42 84 83188 1
36 40 83273 1
66 73 83341 0
59 56 83398 0
39 53 83402 0
39 57 83402 1
36 95 83437 0
59 39 83438 1
99 54 83440 1
62 59 83461 0
108 72 83463 1
114 41 83572 1
95 70 83611 0
40 79 83619 1
104 84 83642 1
50 53 83649 0
38 63 83737 1
57 39 83769 1
39 71 83843 1
95 93 83939 0
67 45 83961 1
61 57 83993 0
71 49 84051 1
88 68 84133 0
40 40 84133 1
63 61 84335 0
26 73 84389 0
65 70 84405 0
28 79 84467 0
38 98 84501 0
95 72 84556 0
37 40 84597 1
29 86 84649 0
24 58 84656 0
96 53 84667 1
31 92 84680 0
72 50 84715 1
31 91 84735 0
89 91 84775 0
94 94 84839 0
64 41 84927 1
22 49 84950 0
56 40 84957 1
63 60 85087 0
25 71 85116 0
93 67 85208 0
73 52 85359 1
93 94 85375 0
70 75 85487 0
64 68 85605 0
33 41 85625 1
88 90 85664 0
64 66 85852 0
29 88 85852 0
39 80 85879 1
88 92 85915 0
30 90 85976 0
87 91 85981 0
28 83 86016 0
108 68 86063 1
40 81 86084 1
33 92 86084 1
94 67 86099 0
93 78 86203 0
107 66 86262 1
85 68 86296 0
104 60 86355 1
87 52 86358 1
36 41 86527 1
24 67 86539 0
95 70 86539 0
25 67 86545 0
42 87 86574 1
66 71 86661 0
46 38 86669 1
27 73 86747 0
88 86 86749 0
24 69 86821 0
34 97 86825 0
25 72 86883 0
95 76 86952 0
24 57 86978 0
99 56 87066 1
64 63 87090 0
42 38 87099 1
103 59 87151 1
71 47 87175 1
108 74 87176 1
95 74 87197 0
42 83 87257 1
39 67 87265 1
76 55 87284 1
72 48 87332 1
65 66 87340 0
77 58 87415 1
94 52 87447 1
24 55 87523 0
71 46 87638 1
102 58 87642 1
48 36 87666 1
93 67 87685 0
99 55 87770 1
86 68 87810 0
67 71 87849 0
61 58 87896 0
71 48 87910 1
73 50 87971 1
41 82 87972 1
59 40 88014 1
58 40 88066 1
89 67 88085 0
38 71 88091 1
94 94 88102 0
61 41 88145 1
39 69 88145 1
39 68 88191 1
105 61 88191 1
27 74 88234 0
38 97 88265 0
98 53 88277 1
52 53 88279 0
75 53 88308 1
95 68 88315 0
70 46 88322 1
48 38 88383 1
45 39 88392 1
41 83 88422 1
88 87 88475 0
103 58 88489 1
39 78 88521 1
62 59 88543 0
88 66 88631 0
107 65 88638 1
108 76 88665 1
27 83 88694 0
24 64 88703 0
105 60 88855 1
33 94 88864 0
79 56 88880 1
95 52 88897 1
83 55 88902 1
70 75 88919 0
38 40 88961 1
105 82 89037 1
36 39 89085 1
25 70 89090 0
38 59 89117 1
42 90 89190 1
49 37 89217 1
28 79 89239 0
54 40 89244 1
34 94 89245 0
94 70 89246 0
65 43 89271 1
23 64 89292 0
98 54 89329 1
94 72 89410 0
69 46 89515 1
25 53 89520 0
49 52 89529 0
29 89 89568 0
76 76 89644 0
108 71 89651 1
53 60 89653 0
62 41 89657 1
94 67 89682 0
72 49 89714 1
24 62 89761 0
42 85 89799 1
70 76 89807 0
71 75 89940 0
97 53 90026 1
21 67 90031 0
29 76 90039 0
85 52 90040 1
23 65 90041 0
40 82 90069 1
41 80 90131 1
28 83 90139 0
90 52 90152 1
68 43 90154 1
67 44 90154 1
95 70 90187 0
61 40 90205 1
56 52 90239 0
90 54 90239 1
39 75 90251 1
67 72 90293 0
104 83 90327 1
95 78 90372 0
26 71 90394 0
59 55 90453 0
55 52 90460 0
50 54 90479 0
93 67 90546 0
65 42 90586 1
67 42 90592 1
89 66 90596 0
37 96 90682 0
74 52 90684 1
29 81 90708 0
39 63 90758 1
33 125 90765 1
108 67 90796 1
62 66 90806 0
25 50 90891 0
97 54 90977 1
39 70 90977 1
100 56 91021 1
74 48 91038 1
33 93 91053 0
106 62 91063 1
94 94 91085 0
87 92 91089 0
108 70 91110 1
39 64 91115 1
108 69 91115 1
64 42 91128 1
86 53 91270 1
89 93 91274 0
95 72 91301 0
93 52 91319 1
60 41 91346 1
73 51 91359 1
51 37 91359 1
39 76 91398 1
80 55 91413 1
55 51 91435 0
32 92 91510 0
39 59 91535 1
29 88 91539 0
65 75 91571 0
88 90 91586 0
36 95 91604 0
71 47 91669 1
29 77 91782 0
24 54 91835 0
107 66 91839 1
34 94 91841 0
41 84 91850 1
51 38 91865 1
30 88 91871 0
107 64 91900 1
106 64 91913 1
76 56 91989 1
47 52 92042 0
23 72 92081 0
42 86 92110 1
101 88 92140 1
24 61 92144 0
42 88 92155 1
90 68 92163 0
41 54 92192 0
101 57 92222 1
25 65 92315 0
46 37 92352 1
84 53 92410 1
59 124 92425 1
39 72 92438 1
38 68 92477 1
56 52 92540 0
102 57 92589 1
39 77 92617 1
54 37 92626 1
86 52 92640 1
106 61 92661 1
27 69 92668 0
77 56 92691 1
32 91 92721 0
35 40 92739 1
69 45 92745 1
56 51 92836 0
39 74 92878 1
38 70 92892 1
50 53 92904 0
70 75 92969 0
95 68 93020 0
27 72 93028 0
64 63 93075 0
95 73 93094 0
83 54 93095 1
42 91 93140 1
29 75 93194 0
89 67 93208 0
39 73 93220 1
47 37 93275 1
39 95 93289 0
41 93 93317 1
74 51 93408 1
59 42 93424 1
75 52 93428 1
95 93 93470 0
71 75 93477 0
89 88 93478 0
41 85 93482 1
25 54 93576 0
44 84 93577 1
41 39 93581 1
27 74 93592 0
45 99 93611 1
107 63 93624 1
59 41 93713 1
110 28 93729 1
39 65 93771 1
28 83 93802 0
100 55 93835 1
102 58 93848 1
24 62 93886 0
50 37 93888 1
41 81 93889 1
58 39 93967 1
39 39 93967 1
104 59 93970 1
40 79 93994 1
66 42 93996 1
87 91 94001 0
55 39 94038 1
43 39 94078 1
36 97 94155 0
93 94 94196 0
67 43 94197 1
93 51 94335 1
62 59 94340 0
99 55 94344 1
67 72 94366 0
52 38 94512 1
60 40 94544 1
57 53 94663 0
89 91 94718 0
40 78 94778 1
40 80 94782 1
107 68 94791 1
101 90 94795 1
64 61 94799 0
96 75 94853 0
28 76 94869 0
68 45 94906 1
29 86 94930 0
103 59 94945 1
108 66 95023 1
90 51 95050 1
39 78 95069 1
52 37 95089 1
39 98 95177 0
24 63 95184 0
40 39 95247 1
43 38 95278 1
34 94 95293 0
35 96 95361 0
28 88 95364 0
44 37 95383 1
95 74 95398 0
75 54 95414 1
40 81 95423 1
25 65 95503 0
32 91 95539 0
56 52 95542 0
47 52 95556 0
67 67 95730 0
38 62 95755 1
71 48 95845 1
94 94 95868 0
39 71 95868 1
72 48 95931 1
108 75 96014 1
77 57 96021 1
95 94 96060 0
89 93 96257 0
94 51 96350 1
62 61 96568 0
47 38 96595 1
28 79 96609 0
39 69 96614 1
73 77 96665 0
42 54 96666 0
42 84 96704 1
91 51 96776 1
71 75 96870 0
76 55 96898 1
54 38 96908 1
73 50 96949 1
64 69 96992 0
64 41 97120 1
93 67 97196 0
105 61 97232 1
43 84 97294 1
25 72 97469 0
64 61 97508 0
26 73 97535 0
33 92 97549 0
92 69 97596 0
85 53 97747 1
34 40 97760 1
39 66 97907 1
44 38 97986 1
25 67 98028 0
89 51 98032 1
57 53 98106 0
34 41 98125 1
96 75 98205 0
38 61 98219 1
64 68 98293 0
25 54 98345 0
41 87 98356 1
62 41 98388 1
104 60 98471 1
56 39 98498 1
25 52 98599 0
34 97 98634 0
108 68 98645 1
67 81 98669 0
38 77 98814 1
24 68 98820 0
67 72 98885 0
58 40 98912 1
57 39 98920 1
95 52 98959 1
96 72 98967 0
81 56 98982 1
88 95 99074 0
73 48 99093 1
97 92 99132 0
28 76 99209 0
48 37 99219 1
31 44 99228 1
24 62 99238 0
107 78 99271 1
56 38 99375 1
59 40 99428 1
95 70 99475 0
88 92 99490 0
65 67 99518 0
39 67 99547 1
75 53 99556 1
43 89 99609 1
28 83 99620 0
94 68 99727 0
108 74 99775 1
94 67 99799 0
108 64 99822 1
32 91 99829 0
110 18 99834 1
103 58 99990 1
95 51 100090 1
65 65 100125 0
101 56 100139 1
47 52 100220 0
98 54 100263 1
42 95 100297 1
25 63 100411 0
88 88 100421 0
37 97 100486 0
74 50 100515 1
55 38 100542 1
52 53 100610 0
41 83 100634 1
64 61 100657 0
107 65 100684 1
24 69 100695 0
88 91 100722 0
75 76 100779 0
74 52 100850 1
38 63 100872 1
70 46 100916 1
41 82 100925 1
92 51 100972 1
33 92 100973 0
42 92 100973 1
97 53 101050 1
95 68 101076 0
98 92 101077 0
98 91 101234 0
107 77 101268 1
70 75 101347 0
66 41 101443 1
78 56 101468 1
57 53 101487 0
96 75 101503 0
104 58 101505 1
95 73 101532 0
27 74 101607 0
50 38 101620 1
28 89 101623 0
37 39 101647 1
99 55 101657 1
45 38 101671 1
50 52 101735 0
78 57 101767 1
76 53 101768 1
57 38 101808 1
73 76 101835 0
69 74 101966 0
25 55 102009 0
72 49 102120 1
108 70 102136 1
65 41 102141 1
67 44 102148 1
28 74 102173 0
39 75 102185 1
103 83 102188 1
48 52 102282 0
29 81 102411 0
94 52 102489 1
107 66 102532 1
69 44 102547 1
43 87 102548 1
88 66 102593 0
71 75 102635 0
56 52 102674 0
96 72 102687 0
53 38 102709 1
53 37 102723 1
73 49 102736 1
25 76 102804 0
25 65 102804 0
60 56 102810 0
96 94 102836 0
65 42 102942 1
32 92 103005 0
37 95 103026 0
43 83 103060 1
70 45 103076 1
49 52 103079 0
69 73 103088 0
39 97 103114 0
42 82 103169 1
102 58 103181 1
68 74 103254 0
102 57 103275 1
55 52 103323 0
87 52 103324 1
65 66 103356 0
89 93 103367 0
107 62 103378 1
39 76 103382 1
105 60 103389 1
108 72 103405 1
109 71 103406 1
97 93 103411 0
34 94 103423 0
39 70 103450 1
42 85 103492 1
42 87 103547 1
62 70 103552 0
25 63 103565 0
55 51 103566 0
67 74 103573 0
69 72 103601 0
29 77 103602 0
42 83 103603 1
95 71 103641 0
65 65 103650 0
81 55 103691 1
33 93 103731 0
43 53 103736 0
33 94 103766 0
29 88 103778 0
106 80 103799 1
39 77 103840 1
33 92 103935 0
94 68 103944 0
28 80 103947 0
28 81 103957 0
27 69 103999 0
76 56 104031 1
94 67 104050 0
94 94 104050 0
88 90 104063 0
39 72 104073 1
56 51 104153 0
99 56 104160 1
29 75 104178 0
71 47 104188 1
25 54 104199 0
99 54 104209 1
64 61 104251 0
89 66 104257 0
28 77 104278 0
41 38 104279 1
64 42 104279 1
67 71 104298 0
67 72 104319 0
40 77 104386 1
28 76 104393 0
73 51 104403 1
39 68 104404 1
38 96 104435 0
24 66 104441 0
49 37 104493 1
107 64 104535 1
74 49 104539 1
31 91 104545 0
24 58 104571 0
27 82 104710 0
42 86 104713 1
27 73 104752 0
93 68 104757 0
40 78 104757 1
69 45 104801 1
89 67 104816 0
61 40 104820 1
39 74 104836 1
30 88 104850 0
63 62 104903 0
27 72 104958 0
95 93 104960 0
91 67 104962 0
25 56 104991 0
67 42 105029 1
26 76 105041 0
27 85 105055 0
38 40 105099 1
25 49 105110 0
98 53 105210 1
89 91 105239 0
62 57 105244 0
88 91 105264 0
31 87 105277 0
50 54 105320 0
106 62 105322 1
57 56 105330 0
57 53 105344 0
97 52 105372 1
108 67 105397 1
50 52 105413 0
104 59 105468 1
39 63 105477 1
75 59 105481 1
40 79 105548 1
28 74 105548 0
96 75 105580 0
65 67 105586 0
72 47 105624 1
100 55 105632 1
100 56 105637 1
39 96 105639 0
75 52 105659 1
48 52 105692 0
79 55 105707 1
36 95 105725 0
66 42 105741 1
32 91 105751 0
32 94 105762 0
69 72 105825 0
67 43 105840 1
39 73 105868 1
73 50 105905 1
55 39 105906 1
88 67 105969 0
69 74 105979 0
29 86 105987 0
67 67 106013 0
41 84 106044 1
25 55 106090 0
33 95 106097 0
43 86 106105 1
24 62 106146 0
105 61 106223 1
25 63 106237 0
42 90 106278 1
36 40 106284 1
69 73 106321 0
96 72 106353 0
77 56 106470 1
39 65 106471 1
76 76 106471 0
39 78 106472 1
39 64 106482 1
97 53 106507 1
95 74 106508 0
75 51 106524 1
94 72 106526 0
58 57 106531 0
39 80 106603 1
40 71 106614 1
102 88 106703 1
72 48 106724 1
70 44 106734 1
75 53 106819 1
51 52 106867 0
60 39 106881 1
76 55 106890 1
79 57 106907 1
95 68 107038 0
29 81 107038 0
39 61 107128 1
43 37 107128 1
95 52 107157 1
47 52 107163 0
109 68 107233 1
67 70 107249 0
65 65 107286 0
64 63 107311 0
105 81 107334 1
30 87 107362 0
93 51 107362 1
24 68 107372 0
42 53 107391 0
73 76 107405 0
103 57 107440 1
39 71 107446 1
103 58 107449 1
33 92 107456 0
31 99 107472 0
29 76 107473 0
98 54 107491 1
106 61 107492 1
40 75 107493 1
50 36 107596 1
59 39 107606 1
76 52 107661 1
64 41 107662 1
82 54 107690 1
57 52 107712 0
28 86 107753 0
43 85 107779 1
61 62 107783 0
28 87 107800 0
94 51 107825 1
40 74 107877 1
91 51 107957 1
37 60 107989 1
26 78 108076 0
69 75 108144 0
94 68 108169 0
25 65 108176 0
43 88 108179 1
25 53 108207 0
58 53 108208 0
40 40 108310 1
23 64 108334 0
24 56 108347 0
25 51 108376 0
63 77 108378 0
62 57 108386 0
97 54 108492 1
88 93 108526 0
39 59 108571 1
89 68 108574 0
27 84 108649 0
24 57 108673 0
94 69 108758 0
28 74 108802 0
60 56 108835 0
95 75 108867 0
92 67 108868 0
69 72 108894 0
28 80 108916 0
85 93 108927 0
29 75 108928 0
48 38 108992 1
74 52 109077 1
99 55 109089 1
63 64 109103 0
84 52 109123 1
22 65 109147 0
43 90 109165 1
41 81 109272 1
95 69 109375 0
25 56 109438 0
62 41 109475 1
28 84 109485 0
65 62 109504 0
30 92 109510 0
69 73 109550 0
50 52 109555 0
89 88 109720 0
86 94 109756 0
93 69 109833 0
71 46 109857 1
25 63 109879 0
95 71 110115 0
68 43 110143 1
26 87 110185 0
68 41 110221 1
38 39 110231 1
69 74 110245 0
25 58 110252 0
60 40 110262 1
88 51 110282 1
58 39 110320 1
57 52 110322 0
57 39 110322 1
60 61 110385 0
67 70 110420 0
53 52 110427 0
87 91 110479 0
89 94 110504 0
30 87 110591 0
39 62 110599 1
24 70 110623 0
37 95 110824 0
48 52 110831 0
62 59 110855 0
29 77 110856 0
42 84 110983 1
88 91 111046 0
22 67 111158 0
51 52 111199 0
93 97 111317 0
58 53 111328 0
42 106 111332 0
62 64 111334 0
25 54 111353 0
90 94 111382 0
39 66 111425 1
96 77 111443 0
27 48 111450 0
101 56 111454 1
27 69 111454 0
26 74 111463 0
108 76 111467 1
56 53 111470 0
64 61 111499 0
67 76 111519 0
48 54 111543 0
24 66 111589 0
34 94 111682 0
62 57 111685 0
56 37 111723 1
69 43 111818 1
96 72 111842 0
65 64 111882 0
29 89 111915 0
39 69 111980 1
65 62 112011 0
48 53 112059 0
103 86 112078 1
64 70 112092 0
24 37 112124 1
24 60 112124 0
60 55 112169 0
95 77 112183 0
25 67 112186 0
25 55 112196 0
37 40 112202 1
74 76 112243 0
24 51 112349 0
88 69 112354 0
59 57 112364 0
65 65 112376 0
24 64 112391 0
38 95 112432 0
88 67 112440 0
68 73 112467 0
91 94 112488 0
61 66 112503 0
66 72 112691 0
53 36 112697 1
52 37 112763 1
28 73 112766 0
90 51 112848 1
39 76 112859 1
28 74 112946 0
92 51 112966 1
108 66 113031 1
32 94 113152 0
24 65 113323 0
92 67 113341 0
107 70 113349 1
41 80 113396 1
51 37 113430 1
28 80 113452 0
55 37 113459 1
27 50 113649 0
54 36 113675 1
59 53 113718 0
28 47 113761 0
40 80 113852 1
95 69 113999 0
67 70 114052 0
58 58 114088 0
39 67 114139 1
45 53 114211 0
65 67 114233 0
57 52 114265 0
23 66 114272 0
25 58 114302 0
53 52 114370 0
94 68 114397 0
25 64 114420 0
41 39 114493 1
108 75 114495 1
39 75 114579 1
63 68 114693 0
71 75 114737 0
39 39 114838 1
102 56 114858 1
50 51 114859 0
22 63 114868 0
57 53 114892 0
63 60 114892 0
73 76 114944 0
96 94 114974 0
58 53 114979 0
28 69 115001 0
77 42 115025 1
28 84 115039 0
64 69 115177 0
28 87 115200 0
65 62 115297 0
69 73 115303 0
25 72 115403 0
23 53 115478 0
88 66 115504 0
30 87 115621 0
96 75 115624 0
65 64 115685 0
40 81 115688 1
96 95 115702 0
94 95 115721 0
55 51 115773 0
92 93 115787 0
34 92 115852 0
69 74 115964 0
60 55 116134 0
28 76 116226 0
51 52 116351 0
28 73 116437 0
62 40 116444 1
59 53 116458 0
72 77 116464 0
22 68 116511 0
70 46 116524 1
28 78 116599 0
90 94 116713 0
95 72 116744 0
43 91 116819 1
65 41 116869 1
56 52 116875 0
55 53 116994 0
27 49 117005 0
108 68 117043 1
25 56 117076 0
38 62 117184 1
37 96 117246 0
62 57 117351 0
40 76 117410 1
73 75 117473 0
96 77 117554 0
91 94 117566 0
26 70 117585 0
46 38 117637 1
89 94 117699 0
41 54 117753 0
28 83 117809 0
59 40 117975 1
34 42 118115 1
56 53 118153 0
95 71 118190 0
68 73 118213 0
35 40 118244 1
25 64 118247 0
69 72 118319 0
34 95 118565 0
28 49 118628 0
77 55 118713 1
24 66 118863 0
107 63 118877 1
40 78 118884 1
26 49 118914 0
56 51 118946 0
40 39 118966 1
95 69 119123 0
92 67 119139 0
105 59 119152 1
53 52 119159 0
33 92 119289 0
109 45 119335 1
71 48 119368 1
51 38 119373 1
93 52 119399 1
96 93 119399 0
93 94 119429 0
104 85 119455 1
108 74 119659 1
67 70 119660 0
42 38 119785 1
40 79 119866 1
28 73 119948 0
41 79 119986 1
92 93 120055 0
50 51 120161 0
71 47 120240 1
60 56 120324 0
102 57 120332 1
59 53 120344 0
52 38 120421 1
60 54 120439 0
109 45 120630 0
65 64 120634 0
103 85 120724 1
42 82 120741 1
67 74 120753 0
58 38 120785 1
39 74 120786 1
24 68 120851 0
91 66 120926 0
50 52 121064 0
61 40 121139 1
60 55 121179 0
63 59 121220 0
39 60 121229 1
32 43 121306 1
73 75 121431 0
87 51 121484 1
43 39 121486 1
42 80 121615 1
41 91 121616 1
65 62 121623 0
79 56 121677 1
25 58 121978 0
89 51 122019 1
88 67 122121 0
65 42 122163 1
32 94 122190 0
28 80 122297 0
95 73 122337 0
28 78 122376 0
38 95 122434 0
50 37 122491 1
49 53 122564 0
34 92 122692 0
62 58 122732 0
69 45 122739 1
30 92 122751 0
43 87 123011 1
30 86 123125 0
26 70 123164 0
39 72 123290 1
28 84 123320 0
61 42 123332 1
27 76 123514 0
29 94 123607 0
54 37 123631 1
47 37 123679 1
60 54 124066 0
58 53 124067 0
42 91 124106 1
41 82 124113 1
90 94 124120 0
40 77 124174 1
88 91 124192 0
25 64 124198 0
45 53 124210 0
28 73 124478 0
63 64 124572 0
40 38 124686 1
55 53 124726 0
25 66 124744 0
29 85 124996 0
91 66 125020 0
47 53 125075 0
68 42 125137 1
68 73 125182 0
89 89 125206 0
91 94 125230 0
100 55 125486 1
34 95 125500 0
74 50 125553 1
73 74 125631 0
28 74 125695 0
54 38 125958 1
104 58 125960 1
41 83 125981 1
43 36 126150 1
92 66 126205 0
34 96 126245 0
39 70 126297 1
43 89 126299 1
107 64 126473 1
89 94 126529 0
105 60 126570 1
89 68 126611 0
96 74 126622 0
53 52 126807 0
75 50 126848 1
92 93 126903 0
63 59 126919 0
86 93 126976 0
67 72 126980 0
39 57 127040 1
72 75 127047 0
51 52 127157 0
100 54 127170 1
96 93 127175 0
25 69 127212 0
31 98 127484 0
106 60 127502 1
49 54 127517 0
64 68 127570 0
108 70 127616 1
39 77 127665 1
73 75 127726 0
94 67 127902 0
72 48 127902 1
73 50 127931 1
107 65 127953 1
29 47 128020 0
30 86 128030 0
97 92 128047 0
28 87 128094 0
77 75 128153 0
109 73 128164 1
105 82 128247 1
70 45 128285 1
97 53 128289 1
96 71 128309 0
67 67 128353 0
91 92 128361 0
99 54 128465 1
89 91 128467 0
66 42 128487 1
56 53 128503 0
29 81 128507 0
49 36 128573 1
95 69 128643 0
60 54 128644 0
95 51 128659 1
98 53 128668 1
88 87 128675 0
42 53 128880 0
88 86 128888 0
79 74 128896 0
32 91 128946 0
69 44 128976 1
62 58 128981 0
49 51 129054 1
47 38 129055 1
24 72 129110 0
57 52 129130 0
91 66 129150 0
60 55 129188 0
92 66 129199 0
103 58 129226 1
70 74 129299 0
26 72 129326 0
25 63 129329 0
78 76 129384 0
65 64 129403 0
109 69 129469 1
70 77 129472 0
73 49 129473 1
89 93 129536 0
34 100 129536 0
91 51 129551 1
25 66 129590 0
90 95 129659 0
29 85 129672 0
93 51 129877 1
106 61 129908 1
28 78 129953 0
95 68 129962 0
24 67 129965 0
89 66 130035 0
95 93 130045 0
31 87 130067 0
75 52 130073 1
29 76 130102 0
59 53 130120 0
89 89 130151 0
75 53 130169 1
48 52 130196 0
94 51 130253 1
42 81 130256 1
66 66 130267 0
39 95 130438 0
29 75 130477 0
26 52 130552 0
39 73 130554 1
77 57 130606 1
0 102 130620 1
66 41 130649 1
93 67 130722 0
28 69 130737 0
56 38 130810 1
69 74 130828 0
49 52 130846 0
69 73 130853 0
97 52 130979 1
26 70 130991 0
32 92 130996 0
28 73 131001 0
25 75 131005 0
27 90 131076 0
42 86 131085 1
29 77 131118 0
76 53 131256 1
76 55 131270 1
72 75 131443 0
109 45 131458 1
67 42 131481 1
29 86 131500 0
40 72 131505 1
96 51 131517 1
43 84 131536 1
39 65 131542 1
46 36 131580 1
39 94 131599 0
109 45 131627 0
30 87 131634 0
26 50 131650 0
73 74 131656 0
39 63 131732 1
83 53 131733 1
25 65 131737 0
43 86 131744 1
25 55 131783 0
72 47 131793 1
55 39 131956 1
39 64 132026 1
30 88 132120 0
25 52 132132 0
101 55 132132 1
43 92 132194 1
39 71 132215 1
64 41 132216 1
103 57 132224 1
71 45 132266 1
59 39 132399 1
57 38 132476 1
28 70 132497 0
98 54 132512 1
49 37 132564 1
92 66 132580 0
34 95 132602 0
56 51 132610 0
42 83 132630 1
26 80 132663 0
64 62 132674 0
53 37 132682 1
43 38 132725 1
50 51 132750 0
40 70 132752 1
102 87 132768 1
27 69 132801 0
63 59 132882 0
96 94 132887 0
67 41 132906 1
83 54 132972 1
67 43 133010 1
77 56 133021 1
77 75 133065 0
68 43 133086 1
26 51 133123 0
36 95 133166 0
77 54 133211 1
24 66 133215 0
86 52 133220 1
30 86 133226 0
58 39 133247 1
62 60 133267 0
71 46 133271 1
34 97 133275 0
40 71 133441 1
34 94 133526 0
25 64 133530 0
57 39 133533 1
96 74 133535 0
101 56 133572 1
102 56 133578 1
33 89 133611 0
55 53 133615 0
72 46 133660 1
96 71 133687 0
40 73 133755 1
70 74 133961 0
31 88 133973 0
50 38 134017 1
34 92 134031 0
55 38 134106 1
66 66 134192 0
33 93 134309 0
25 66 134323 0
65 62 134346 0
29 85 134384 0
23 61 134406 0
85 68 134411 0
104 84 134413 1
96 70 134423 0
49 53 134457 0
88 90 134464 0
38 94 134516 0
108 66 134572 1
55 51 134697 0
96 72 134729 0
29 78 134832 0
25 69 134877 0
38 63 134879 1
69 72 134886 0
55 52 134912 0
61 40 134949 1
47 52 135010 0
67 70 135059 0
53 38 135060 1
33 92 135062 0
61 61 135136 0
29 81 135157 0
109 70 135263 1
41 81 135268 1
97 73 135342 0
59 38 135397 1
39 61 135428 1
94 50 135444 1
63 40 135457 1
57 37 135490 1
48 37 135587 1
46 37 135632 1
65 41 135667 1
66 65 135678 0
88 89 135682 0
60 54 135783 0
109 74 135795 1
75 51 135854 1
28 70 135893 0
43 85 135970 1
43 88 135984 1
78 48 136009 1
78 56 136009 1
108 67 136049 1
65 61 136091 0
58 52 136245 0
51 51 136315 0
104 59 136424 1
40 78 136424 1
34 40 136458 1
85 52 136485 1
92 70 136549 0
40 74 136609 1
40 79 136711 1
91 92 136745 0
64 87 136836 0
92 96 136860 0
45 36 137034 1
43 90 137185 1
95 52 137280 1
87 52 137321 1
84 53 137354 1
39 78 137419 1
71 47 137432 1
48 36 137495 1
45 38 137655 1
94 93 137668 0
39 66 137677 1
39 69 137699 1
91 66 137704 0
96 93 137765 0
40 76 137782 1
61 39 137802 1
90 94 137823 0
89 88 137860 0
37 39 137872 1
63 73 137898 0
107 63 137962 1
28 71 137975 0
34 96 138087 0
39 76 138088 1
100 55 138145 1
107 66 138241 1
60 39 138321 1
39 39 138379 1
68 73 138427 0
74 75 138459 0
63 70 138506 0
107 64 138552 1
25 57 138640 0
67 80 138658 0
29 78 138759 0
72 75 138906 0
96 70 138950 0
29 83 139062 0
107 62 139112 1
25 58 139132 0
39 62 139138 1
26 52 139143 0
18 72 139158 0
99 54 139162 1
37 95 139168 0
65 63 139180 0
96 67 139183 0
31 88 139484 0
64 71 139500 0
58 52 139509 0
66 65 139561 0
65 61 139563 0
23 68 139795 0
62 58 139816 0
109 71 139848 1
91 93 139850 0
92 68 139902 0
73 75 139924 0
99 53 140075 1
40 77 140118 1
70 74 140182 0
66 66 140203 0
40 75 140224 1
78 75 140274 0
96 77 140329 0
97 73 140407 0
92 93 140424 0
64 62 140481 0
98 53 140511 1
37 94 140595 0
90 51 140613 1
40 69 140624 1
44 38 140634 1
28 70 140634 0
64 66 140652 0
89 94 140746 0
89 89 140783 0
108 64 140848 1
107 61 140858 1
70 45 140883 1
92 66 140978 0
103 56 141029 1
61 56 141069 0
89 51 141084 1
94 51 141124 1
105 59 141137 1
62 40 141154 1
67 67 141189 0
40 67 141252 1
40 68 141256 1
106 60 141281 1
66 62 141381 0
74 48 141394 1
75 52 141433 1
77 55 141443 1
39 72 141474 1
69 44 141529 1
106 61 141565 1
42 90 141591 1
96 71 141626 0
35 39 141651 1
78 57 141720 1
104 58 141746 1
95 51 141774 1
51 51 141809 0
107 77 141842 1
93 51 141969 1
73 48 141977 1
97 53 141992 1
51 53 142083 0
85 51 142154 1
99 55 142208 1
65 60 142260 0
105 58 142266 1
93 50 142321 1
96 73 142341 0
74 50 142422 1
29 85 142485 0
38 40 142497 1
42 84 142505 1
28 71 142513 0
77 75 142525 0
25 66 142539 0
107 78 142581 1
73 50 142618 1
94 93 142634 0
88 88 142635 0
70 44 142640 1
32 93 142650 0
41 80 142666 1
58 52 142707 0
38 96 142764 0
39 59 142814 1
44 37 142846 1
98 92 142851 0
26 68 142958 0
76 52 142964 1
42 82 142968 1
98 52 142969 1
57 51 142978 0
95 78 142980 0
43 87 143011 1
27 71 143104 0
73 47 143126 1
40 66 143162 1
43 83 143181 1
26 51 143250 0
89 91 143321 0
29 76 143326 0
74 75 143343 0
65 61 143360 0
29 83 143366 0
64 60 143422 0
96 70 143487 0
52 51 143492 0
103 57 143497 1
29 75 143538 0
66 65 143554 0
31 89 143560 0
29 78 143630 0
96 67 143638 0
102 56 143687 1
56 51 143692 0
88 66 143762 0
25 57 143779 0
30 86 143781 0
34 95 143810 0
73 74 143843 0
43 89 143886 1
41 77 143891 1
66 62 143909 0
52 37 143930 1
38 95 143961 0
92 51 143999 1
25 63 144019 0
39 96 144092 0
71 74 144133 0
67 42 144154 1
35 92 144157 0
90 92 144168 0
28 69 144168 0
68 42 144175 1
107 63 144229 1
31 87 144231 0
59 54 144349 0
25 56 144369 0
80 55 144409 1
79 75 144428 0
27 69 144433 0
29 91 144441 0
88 89 144441 0
91 94 144442 0
29 81 144508 0
91 93 144538 0
92 67 144589 0
39 65 144662 1
30 87 144703 0
96 51 144705 1
101 55 144763 1
41 79 144783 1
43 86 144837 1
98 91 144876 0
43 84 144876 1
56 38 144981 1
61 40 144985 1
71 46 145035 1
65 42 145071 1
38 39 145082 1
65 63 145087 0
72 47 145108 1
39 74 145127 1
75 53 145162 1
66 41 145197 1
65 60 145208 0
52 36 145210 1
74 49 145222 1
25 54 145267 0
39 63 145306 1
55 51 145493 0
72 48 145496 1
29 77 145605 0
28 70 145606 0
34 92 145632 0
57 51 145633 0
32 94 145637 0
72 76 145645 0
46 53 145654 0
55 37 145713 1
100 54 145715 1
91 92 145752 0
65 65 145791 0
87 93 145806 0
92 94 145811 0
30 92 145817 0
68 78 145820 0
61 57 145820 0
109 69 145859 1
33 92 145904 0
58 52 145907 0
39 64 145958 1
105 83 145973 1
99 54 145981 1
32 90 145997 0
23 63 146104 0
67 65 146121 0
64 67 146130 0
97 73 146133 0
25 86 146154 0
89 92 146156 0
76 53 146169 1
37 94 146171 0
40 72 146188 1
28 71 146235 0
71 47 146246 1
39 38 146254 1
73 76 146254 0
90 50 146271 1
77 56 146275 1
36 39 146293 1
40 78 146297 1
58 39 146332 1
66 40 146373 1
69 72 146387 0
109 68 146424 1
50 51 146500 0
114 78 146558 1
90 95 146592 0
40 70 146614 1
40 62 146632 1
31 88 146650 0
33 89 146756 0
66 62 146756 0
68 43 146803 1
60 57 146862 0
53 36 146885 1
76 51 146913 1
96 69 146939 0
51 51 146940 0
69 43 146989 1
40 75 147099 1
109 72 147106 1
29 83 147120 0
26 67 147213 0
40 76 147230 1
75 51 147270 1
29 79 147302 0
40 65 147311 1
90 85 147371 0
108 66 147375 1
52 51 147386 0
80 74 147436 0
106 80 147443 1
26 50 147523 0
41 38 147525 1
43 93 147562 1
42 79 147626 1
107 62 147632 1
42 81 147679 1
57 38 147679 1
65 41 147693 1
78 75 147765 0
54 36 147766 1
108 76 147786 1
61 56 147801 0
26 68 147917 0
40 71 147997 1
90 92 148059 0
62 39 148101 1
65 40 148119 1
33 40 148148 1
53 37 148158 1
40 79 148233 1
65 69 148259 0
40 74 148333 1
25 61 148365 0
91 51 148406 1
109 67 148478 1
39 60 148480 1
89 87 148534 0
59 39 148589 1
108 77 148611 1
62 60 148685 0
40 95 148736 0
36 40 148739 1
70 45 148767 1
74 75 148787 0
40 77 148815 1
65 61 148840 0
91 93 148882 0
73 49 148897 1
31 89 148968 0
99 53 148971 1
71 74 149033 0
57 51 149078 0
81 54 149120 1
106 59 149156 1
81 55 149176 1
50 36 149203 1
25 57 149275 0
51 36 149317 1
41 84 149348 1
40 73 149435 1
107 79 149451 1
57 39 149478 1
27 71 149502 0
49 36 149512 1
69 42 149532 1
29 82 149571 0
79 56 149586 1
94 51 149623 1
75 52 149624 1
40 69 149624 1
94 93 149649 0
65 60 149661 0
95 50 149849 1
72 46 149897 1
44 87 149995 1
67 67 150141 0
61 54 150231 0
54 37 150233 1
109 66 150276 1
71 45 150277 1
43 91 150305 1
64 60 150325 0
29 78 150388 0
32 90 150435 0
49 37 150516 1
68 41 150535 1
97 52 150629 1
49 51 150647 0
59 53 150774 0
58 37 150816 1
39 73 150992 1
58 38 150993 1
66 66 150995 0
56 37 151002 1
73 48 151032 1
64 40 151141 1
61 39 151272 1
109 70 151277 1
57 52 151281 0
29 75 151327 0
106 61 151340 1
32 89 151416 0
87 51 151499 1
96 73 151501 0
96 69 151515 0
43 85 151557 1
89 92 151566 0
71 73 151807 0
35 99 151857 0
26 67 151969 0
66 77 152021 0
101 79 152062 1
29 79 152104 0
106 60 152131 1
98 53 152278 1
43 83 152366 1
28 68 152369 0
35 40 152405 1
70 74 152407 0
109 73 152426 1
97 92 152591 0
96 67 152618 0
30 82 152644 0
109 71 152725 1
32 93 152791 0
41 81 152818 1
66 65 152840 0
96 70 152872 0
25 73 152929 0
28 71 152971 0
59 54 152976 0
30 90 153011 0
25 69 153080 0
62 40 153166 1
90 92 153194 0
55 53 153250 0
63 59 153275 0
42 86 153292 1
60 39 153334 1
52 51 153375 0
26 68 153384 0
93 66 153388 0
42 80 153411 1
29 83 153418 0
26 53 153459 0
95 51 153544 1
95 93 153567 0
75 75 153575 0
42 82 153597 1
51 37 153600 1
77 54 153607 1
44 86 153613 1
25 61 153617 0
34 93 153662 0
108 64 153667 1
86 88 153677 0
41 39 153697 1
92 94 153750 0
102 56 153777 1
61 54 153894 0
107 63 153908 1
66 62 153962 0
25 60 154011 0
27 91 154035 0
99 52 154112 1
86 93 154192 0
100 53 154264 1
26 70 154323 0
99 91 154332 0
89 89 154333 0
63 40 154340 1
105 59 154359 1
56 51 154385 0
29 82 154405 0
89 85 154405 0
74 48 154413 1
69 44 154476 1
91 93 154488 0
72 45 154602 1
89 87 154676 0
94 50 154677 1
89 88 154691 0
75 50 154721 1
58 52 154793 0
71 44 154831 1
40 67 154852 1
40 68 154970 1
77 55 154993 1
96 74 155008 0
89 66 155021 0
61 55 155072 0
103 56 155143 1
103 57 155189 1
109 75 155190 1
71 73 155272 0
70 44 155289 1
63 39 155292 1
105 58 155377 1
107 62 155381 1
27 49 155440 0
73 74 155499 0
64 41 155507 1
32 90 155517 0
57 51 155539 0
96 50 155614 1
25 67 155615 0
67 41 155634 1
32 89 155654 0
42 38 155702 1
79 55 155782 1
108 62 155805 1
96 51 155811 1
68 42 155867 1
104 57 155908 1
67 42 155920 1
39 95 155927 0
76 52 155957 1
93 50 156053 1
101 55 156067 1
99 54 156072 1
43 38 156078 1
44 83 156080 1
26 57 156086 0
61 40 156094 1
72 48 156127 1
43 87 156149 1
95 74 156160 0
109 69 156169 1
100 54 156173 1
92 93 156211 0
49 51 156218 0
28 68 156249 0
107 61 156249 1
79 74 156295 0
55 36 156298 1
39 59 156300 1
25 64 156307 0
72 47 156315 1
27 71 156348 0
61 38 156357 1
77 75 156448 0
43 90 156532 1
39 61 156557 1
40 66 156561 1
74 49 156564 1
109 74 156568 1
91 50 156595 1
89 50 156616 1
78 54 156657 1
52 52 156661 0
97 73 156682 0
64 65 156711 0
67 65 156718 0
28 69 156732 0
65 63 156735 0
71 74 156756 0
43 84 156777 1
38 38 156791 1
44 53 156798 0
26 51 156816 0
93 66 157002 0
39 94 157006 0
99 53 157015 1
40 94 157016 0
40 78 157044 1
42 37 157055 1
40 38 157056 1
94 65 157070 0
26 52 157076 0
47 37 157086 1
96 69 157093 0
61 56 157117 0
38 94 157165 0
28 70 157173 0
96 67 157178 0
71 46 157233 1
74 50 157287 1
109 65 157352 1
43 86 157354 1
44 85 157387 1
40 76 157418 1
27 50 157419 0
61 54 157430 0
37 94 157441 0
89 51 157497 1
66 41 157501 1
41 78 157505 1
75 51 157582 1
30 82 157601 0
35 92 157602 0
39 57 157619 1
65 62 157633 0
41 79 157654 1
98 52 157681 1
27 51 157682 0
39 39 157709 1
31 89 157749 0
34 92 157790 0
65 60 157794 0
39 63 157797 1
97 51 157800 1
39 65 157818 1
47 38 157833 1
39 93 157843 0
30 86 157874 0
66 69 157891 0
77 53 157915 1
45 51 157923 0
72 44 157938 1
72 76 157958 0
46 37 157985 1
29 72 158008 0
80 52 158028 1
48 36 158053 1
40 74 158095 1
40 72 158105 1
58 39 158109 1
50 54 158113 0
43 37 158175 1
40 70 158181 1
27 69 158197 0
29 76 158204 0
40 71 158261 1
40 75 158266 1
40 64 158333 1
106 60 158336 1
58 55 158347 0
31 87 158354 0
29 72 158413 0
29 81 158413 0
22 61 158422 0
66 62 158423 0
66 68 158455 0
25 57 158489 0
36 100 158496 0
47 51 158500 0
41 76 158507 1
26 77 158549 0
43 89 158550 1
34 93 158562 0
89 92 158576 0
68 72 158587 0
75 75 158636 0
56 38 158669 1
57 37 158686 1
109 71 158701 1
33 89 158734 0
97 70 158757 0
36 95 158762 0
26 67 158765 0
93 51 158830 1
91 92 158842 0
55 51 158947 0
40 60 158950 1
59 38 158983 1
43 53 158987 0
89 90 159060 0
29 82 159087 0
73 48 159093 1
81 72 159154 0
109 68 159155 1
26 53 159192 0
27 68 159199 0
26 79 159249 0
82 54 159263 1
32 89 159268 0
41 95 159289 0
44 36 159294 1
39 64 159453 1
66 75 159478 0
74 75 159514 0
71 73 159523 0
29 79 159528 0
105 82 159596 1
43 88 159596 1
52 37 159645 1
89 91 159646 0
65 41 159649 1
43 81 159711 1
28 68 159735 0
69 43 159803 1
26 57 159818 0
28 84 159852 0
108 74 159878 1
102 56 159892 1
90 92 159895 0
95 51 159912 1
102 55 159912 1
77 56 159962 1
88 50 159966 1
27 92 160026 0
26 84 160029 0
57 50 160044 0
40 73 160232 1
25 61 160339 0
67 63 160353 0
93 73 160371 0
40 63 160463 1
25 60 160465 0
30 88 160484 0
88 66 160523 0
78 75 160528 0
73 47 160538 1
22 70 160541 0
40 61 160564 1
70 75 160623 0
83 52 160652 1
29 72 160721 0
40 57 160723 1
61 55 160727 0
92 66 160729 0
26 68 160747 0
36 96 160783 0
106 59 160793 1
25 65 160837 0
51 51 160881 0
90 50 160900 1
54 52 160905 0
78 56 160920 1
75 52 160946 1
42 81 160946 1
75 49 160982 1
28 73 161029 0
93 66 161074 0
97 70 161110 0
70 45 161111 1
44 89 161153 1
72 46 161195 1
49 51 161235 0
44 88 161268 1
57 38 161284 1
62 39 161297 1
40 77 161334 1
28 48 161346 0
44 84 161375 1
37 95 161514 0
46 53 161590 0
89 87 161659 0
40 65 161687 1
61 39 161695 1
44 90 161753 1
70 43 161761 1
57 51 161786 0
94 51 161846 1
40 69 161906 1
90 66 161916 0
28 49 161935 0
82 53 162007 1
74 48 162045 1
41 77 162115 1
68 41 162200 1
37 39 162206 1
109 63 162214 1
37 62 162224 1
47 35 162370 1
109 73 162456 1
107 63 162538 1
21 61 162632 0
62 55 162668 0
60 38 162736 1
30 82 162870 0
30 80 162893 0
83 54 162920 1
76 51 162930 1
59 33 162955 1
69 44 163038 1
41 38 163120 1
27 68 163199 0
33 88 163219 0
43 83 163230 1
41 37 163252 1
31 88 163255 0
39 38 163280 1
109 70 163284 1
65 61 163297 0
29 46 163316 0
25 66 163318 0
70 44 163325 1
77 55 163325 1
72 75 163402 0
108 63 163444 1
71 45 163469 1
108 64 163494 1
61 54 163500 0
97 68 163576 0
40 62 163590 1
42 92 163590 1
43 92 163635 1
43 80 163638 1
63 39 163672 1
77 54 163721 1
89 90 163752 0
45 38 163785 1
39 72 163864 1
97 70 163884 0
29 72 163886 0
53 38 163984 1
40 32 164000 1
65 40 164029 1
53 36 164098 1
47 51 164110 0
95 67 164155 0
40 67 164167 1
29 84 164197 0
75 50 164243 1
64 62 164351 0
28 72 164410 0
42 80 164561 1
44 91 164701 1
32 90 164787 0
29 78 164798 0
91 93 164801 0
52 51 164814 0
94 50 164913 1
41 80 164927 1
52 54 165016 0
27 53 165064 0
28 78 165284 0
40 74 165302 1
34 93 165325 0
43 85 165439 1
87 67 165494 0
26 57 165494 0
75 75 165522 0
29 77 165543 0
28 69 165577 0
96 51 165630 1
28 71 165760 0
107 62 165791 1
95 50 165793 1
68 42 165842 1
62 55 165842 0
26 62 165962 0
100 54 165969 1
68 68 165989 0
42 82 166012 1
42 78 166014 1
67 41 166123 1
101 53 166126 1
45 37 166175 1
74 49 166187 1
109 67 166194 1
87 86 166205 0
22 66 166205 0
32 41 166246 1
26 53 166255 0
94 65 166375 0
94 93 166382 0
28 79 166454 0
53 37 166529 1
99 53 166537 1
48 35 166750 1
87 52 166821 1
55 37 166827 1
30 80 166960 0
77 74 167039 0
109 72 167072 1
29 82 167087 0
52 52 167187 0
59 54 167193 0
97 70 167195 0
25 55 167197 0
96 67 167222 0
32 89 167252 0
67 42 167259 1
101 55 167269 1
76 52 167278 1
103 56 167318 1
44 96 167375 1
109 69 167377 1
93 50 167382 1
40 58 167434 1
105 58 167453 1
63 64 167530 0
96 92 167568 0
79 54 167607 1
104 14 167703 1
27 67 167777 0
67 67 167797 0
27 68 167810 0
82 52 167817 1
28 92 167830 0
68 72 167904 0
107 61 167952 1
79 53 167955 1
64 60 168046 0
105 57 168109 1
97 92 168137 0
67 65 168169 0
101 54 168187 1
52 36 168193 1
106 60 168215 1
109 66 168256 1
35 95 168293 0
96 76 168322 0
38 39 168333 1
100 53 168442 1
66 68 168442 0
75 51 168487 1
40 56 168518 1
68 68 168545 0
87 50 168586 1
100 90 168665 0
40 76 168688 1
40 75 168738 1
45 51 168806 0
64 40 168807 1
66 62 168936 0
98 51 168995 1
29 83 168998 0
61 53 168999 0
28 68 169005 0
40 68 169006 1
93 66 169012 0
102 56 169055 1
43 86 169081 1
71 73 169128 0
22 62 169166 0
29 85 169171 0
29 72 169175 0
91 50 169210 1
62 55 169238 0
82 71 169242 0
27 47 169244 0
95 67 169259 0
107 78 169314 1
73 48 169350 1
96 77 169381 0
40 72 169392 1
66 40 169425 1
71 71 169431 0
56 51 169457 0
43 82 169467 1
74 48 169477 1
89 90 169478 0
34 92 169494 0
107 60 169523 1
25 58 169565 0
99 52 169566 1
43 84 169602 1
89 88 169631 0
109 68 169643 1
109 71 169814 1
88 89 169857 0
25 53 169869 0
89 89 169871 0
67 63 169949 0
65 69 169984 0
63 54 169996 0
97 68 170005 0
91 68 170011 0
41 79 170043 1
40 66 170068 1
40 71 170068 1
44 86 170105 1
49 37 170156 1
30 87 170183 0
106 59 170203 1
26 62 170211 0
86 67 170216 0
56 36 170240 1
94 65 170287 0
97 51 170295 1
29 84 170378 0
54 36 170380 1
66 69 170381 0
40 70 170386 1
73 74 170402 0
92 94 170447 0
79 56 170466 1
33 89 170481 0
42 79 170482 1
107 62 170494 1
49 53 170497 0
50 51 170501 0
106 80 170501 1
32 93 170529 0
41 78 170549 1
37 94 170561 0
77 74 170566 0
54 37 170624 1
68 68 170653 0
69 41 170685 1
36 39 170693 1
39 63 170724 1
25 60 170759 0
24 89 170784 0
38 95 170821 0
78 55 170834 1
62 39 170837 1
85 52 170852 1
35 92 170861 0
97 73 170938 0
54 52 170961 0
67 40 171015 1
69 42 171016 1
50 36 171018 1
30 81 171033 0
59 37 171038 1
31 87 171065 0
97 70 171121 0
30 85 171212 0
90 66 171250 0
73 75 171296 0
43 38 171313 1
76 49 171313 1
109 74 171321 1
49 51 171378 0
34 94 171468 0
45 53 171478 0
37 99 171479 0
30 80 171514 0
43 90 171525 1
61 53 171539 0
30 82 171582 0
90 85 171589 0
96 92 171596 0
40 59 171646 1
53 50 171694 0
30 86 171708 0
42 91 171723 1
91 66 171744 0
24 80 171757 0
61 55 171772 0
57 50 171792 0
72 46 171801 1
28 70 171807 0
27 67 171829 0
28 72 171837 0
80 55 171854 1
40 73 171915 1
49 36 171958 1
36 93 171968 0
41 69 172081 1
77 52 172104 1
95 51 172135 1
27 68 172255 0
69 43 172260 1
99 53 172308 1
44 87 172329 1
108 64 172353 1
73 47 172358 1
84 53 172388 1
96 68 172392 0
98 91 172429 0
52 35 172455 1
65 58 172495 0
71 44 172517 1
33 92 172530 0
65 60 172545 0
21 68 172596 0
92 95 172650 0
96 69 172659 0
27 79 172689 0
39 59 172691 1
62 57 172707 0
102 54 172726 1
33 88 172726 0
96 50 172799 1
40 78 172811 1
44 81 172818 1
95 94 172830 0
62 62 172916 0
68 68 172935 0
56 38 172943 1
26 57 172957 0
57 51 172991 0
94 50 173073 1
58 51 173083 0
61 39 173095 1
39 94 173115 0
63 58 173149 0
95 50 173210 1
57 37 173212 1
72 45 173260 1
59 38 173380 1
37 92 173414 0
45 36 173493 1
35 39 173523 1
63 39 173530 1
43 83 173538 1
70 44 173548 1
58 37 173560 1
58 38 173658 1
31 85 173667 0
74 48 173761 1
56 37 173762 1
28 52 173827 0
62 55 173827 0
30 81 173903 0
46 36 174015 1
77 53 174038 1
71 45 174084 1
91 92 174103 0
68 41 174114 1
26 62 174146 0
90 50 174161 1
66 70 174191 0
105 58 174226 1
41 77 174272 1
65 59 174280 0
40 69 174299 1
43 89 174333 1
61 53 174344 0
28 68 174356 0
74 45 174422 1
41 55 174447 1
44 76 174447 1
44 85 174448 1
38 94 174502 0
76 51 174508 1
77 51 174527 1
40 64 174545 1
36 96 174553 0
40 74 174583 1
47 51 174585 0
29 72 174783 0
77 74 174784 0
40 65 174809 1
89 50 174841 1
24 62 174885 0
38 96 174901 0
53 50 174929 0
27 48 174975 0
25 63 175040 0
67 65 175046 0
75 50 175110 1
65 40 175116 1
27 69 175160 0
63 74 175188 0
106 58 175199 1
29 47 175212 0
27 71 175235 0
14 66 175237 0
49 35 175282 1
26 67 175293 0
65 58 175306 0
74 49 175324 1
30 85 175334 0
103 55 175353 1
98 52 175362 1
109 65 175373 1
91 65 175462 0
53 52 175494 0
58 51 175602 0
73 46 175623 1
110 72 175693 1
44 84 175711 1
69 72 175789 0
40 61 175831 1
40 75 175877 1
36 93 175890 0
96 51 175917 1
88 92 176013 0
44 53 176050 0
33 89 176155 0
40 94 176183 0
95 67 176225 0
29 87 176249 0
29 81 176260 0
91 90 176306 0
28 69 176357 0
64 58 176379 0
51 54 176479 0
108 62 176479 1
107 61 176498 1
44 83 176500 1
100 54 176519 1
40 96 176521 0
40 93 176609 0
40 60 176784 1
67 63 176896 0
68 68 176927 0
51 36 176964 1
96 68 177012 0
62 63 177066 0
27 67 177085 0
96 92 177136 0
26 53 177137 0
65 59 177141 0
63 56 177174 0
87 51 177182 1
31 85 177232 0
63 54 177241 0
97 68 177262 0
29 79 177321 0
27 51 177417 0
58 50 177422 0
42 80 177523 1
93 50 177586 1
32 89 177601 0
26 52 177641 0
77 76 177681 0
86 51 177709 1
56 52 177753 0
77 55 177803 1
80 54 177849 1
77 54 177854 1
40 62 177895 1
35 94 177918 0
97 71 177937 0
35 95 177942 0
35 90 177955 0
58 51 177968 0
34 40 178008 1
29 84 178132 0
89 90 178147 0
71 71 178162 0
48 55 178214 0
66 62 178303 0
65 67 178330 0
54 51 178386 0
24 59 178488 0
89 92 178507 0
70 43 178526 1
44 88 178571 1
105 83 178605 1
55 36 178661 1
91 65 178699 0
65 58 178713 0
72 47 178727 1
25 88 178764 0
57 38 178810 1
96 76 178821 0
40 67 179037 1
30 81 179043 0
76 52 179075 1
74 74 179116 0
30 84 179248 0
40 63 179289 1
29 75 179319 0
39 39 179380 1
61 53 179388 0
89 87 179413 0
27 68 179418 0
55 54 179436 0
30 80 179464 0
106 55 179505 1
73 48 179769 1
90 92 179784 0
61 37 179839 1
75 75 180039 0
67 41 180147 1
76 50 180208 1
71 40 180232 1
40 38 180374 1
73 45 180376 1
108 61 180463 1
58 42 180483 1
58 51 180483 0
103 56 180492 1
89 95 180526 0
63 56 180584 0
30 85 180680 0
48 36 180713 1
109 73 180730 1
26 51 180820 0
44 37 180849 1
41 75 180867 1
26 50 180901 0
64 58 180986 0
65 59 181040 0
27 81 181093 0
108 63 181121 1
109 69 181220 1
42 38 181240 1
75 51 181307 1
61 64 181341 0
86 70 181517 0
95 66 181526 0
39 57 181545 1
52 37 181546 1
94 65 181566 0
40 57 181723 1
53 51 181768 0
53 50 181882 0
46 51 181893 0
100 53 181977 1
73 72 181986 0
83 53 181989 1
94 66 182017 0
91 65 182251 0
108 60 182251 1
26 62 182272 0
109 67 182282 1
96 68 182292 0
64 39 182320 1
79 74 182404 0
97 71 182443 0
43 81 182737 1
41 79 182890 1
109 45 182930 1
28 47 182977 0
37 98 182994 0
30 84 183005 0
110 68 183010 1
44 52 183025 0
74 74 183066 0
34 92 183139 0
54 51 183174 0
38 97 183290 0
95 92 183296 0
62 39 183309 1
88 50 183356 1
23 63 183365 0
84 52 183369 1
98 92 183399 0
58 39 183411 1
41 73 183577 1
58 51 183638 0
92 64 183717 0
81 55 183727 1
109 45 183773 0
40 71 183797 1
37 38 183846 1
63 58 183946 0
27 49 183947 0
40 72 183996 1
33 90 184085 0
29 70 184121 0
34 93 184161 0
109 68 184308 1
23 67 184323 0
30 82 184336 0
36 38 184353 1
25 61 184416 0
95 79 184439 0
26 68 184464 0
97 70 184487 0
95 66 184559 0
94 94 184595 0
51 35 184621 1
31 90 184633 0
28 65 184639 0
29 73 184661 0
43 91 184699 1
104 84 184699 1
101 54 184726 1
89 86 184791 0
63 56 184876 0
42 106 184908 0
35 94 185001 0
36 93 185016 0
106 59 185087 1
87 67 185253 0
60 53 185342 0
68 72 185393 0
31 85 185410 0
78 54 185448 1
109 76 185454 1
68 76 185628 0
90 88 185794 0
26 65 185896 0
27 70 185946 0
94 66 185965 0
67 42 185977 1
97 51 186274 1
64 58 186340 0
65 59 186509 0
40 95 186648 0
30 100 186650 0
71 74 186871 0
109 75 186912 1
97 74 187081 0
74 48 187197 1
43 84 187222 1
42 81 187357 1
61 54 187416 0
95 66 187430 0
43 85 187471 1
30 84 187480 0
94 68 187481 0
95 92 187497 0
96 73 187510 0
90 89 187526 0
46 51 187656 0
74 74 187822 0
32 91 187868 0
42 82 187870 1
28 81 187871 0
19 80 187871 0
45 51 187929 0
35 96 188008 0
39 95 188022 0
40 92 188028 0
22 57 188067 0
29 70 188091 0
89 51 188099 1
91 65 188183 0
60 65 188232 0
43 54 188313 0
97 71 188423 0
33 90 188506 0
53 51 188547 0
27 53 188612 0
97 75 188622 0
44 86 188628 1
54 51 188645 0
43 86 188649 1
53 36 188667 1
69 73 188814 0
40 70 188834 1
96 67 188884 0
29 73 189244 0
57 50 189383 0
26 57 189449 0
23 23 189462 0
27 89 189580 0
79 78 189638 0
94 66 189654 0
75 49 189713 1
66 40 189731 1
87 89 189836 0
21 59 189892 0
46 52 189958 0
41 78 190092 1
26 56 190115 0
26 77 190301 0
19 71 190338 0
58 51 190341 0
26 65 190424 0
26 55 190668 0
93 91 190673 0
32 98 190698 0
58 62 190718 0
33 88 190742 0
35 93 190776 0
67 64 190850 0
60 38 190978 1
66 69 191204 0
27 74 191213 0
96 68 191241 0
44 89 191277 1
26 90 191336 0
104 54 191392 1
44 82 191483 1
43 37 191487 1
95 66 191574 0
60 53 191693 0
90 88 191886 0
63 56 191925 0
93 92 191968 0
40 73 192014 1
109 66 192133 1
97 74 192183 0
62 55 192287 0
93 93 192359 0
98 51 192379 1
91 50 192385 1
64 57 192414 0
94 76 192467 0
74 36 192721 1
107 60 192734 1
90 86 192747 0
109 64 192822 1
95 92 192863 0
90 89 192870 0
99 52 192877 1
110 69 192896 1
69 42 193082 1
53 35 193083 1
38 52 193135 0
38 38 193135 1
95 50 193277 1
66 70 193430 0
29 87 193474 0
46 37 193504 1
103 85 193600 1
94 50 193627 1
100 52 193637 1
103 56 193712 1
105 57 193765 1
108 78 193809 1
105 58 193828 1
96 50 193833 1
33 90 193852 0
73 73 193880 0
94 66 193967 0
97 75 194079 0
68 68 194096 0
103 86 194170 1
28 75 194190 0
77 74 194211 0
61 38 194236 1
109 71 194243 1
29 71 194260 0
100 53 194315 1
106 57 194326 1
94 65 194328 0
62 54 194342 0
107 62 194343 1
93 50 194351 1
97 68 194359 0
44 87 194361 1
96 92 194380 0
106 60 194430 1
110 71 194441 1
89 86 194457 0
67 64 194469 0
63 54 194471 0
73 47 194476 1
104 55 194494 1
107 61 194517 1
72 46 194518 1
41 38 194529 1
65 58 194544 0
39 38 194616 1
68 40 194663 1
68 41 194667 1
71 73 194716 0
64 58 194768 0
66 39 194769 1
103 55 194771 1
71 71 194783 0
67 63 194800 0
53 37 194829 1
75 48 194843 1
26 56 194844 0
97 92 194856 0
97 50 194873 1
99 92 194966 0
99 53 194975 1
71 44 194991 1
90 50 195024 1
104 56 195028 1
72 79 195079 0
96 93 195081 0
75 50 195126 1
40 58 195216 1
102 54 195256 1
108 62 195270 1
109 65 195345 1
35 92 195350 0
44 52 195362 0
93 92 195373 0
27 50 195383 0
26 65 195388 0
61 53 195409 0
65 39 195425 1
110 67 195438 1
103 87 195479 1
26 64 195554 0
58 50 195589 0
67 40 195590 1
109 66 195606 1
106 58 195624 1
88 66 195654 0
26 55 195687 0
76 51 195688 1
39 93 195695 0
95 49 195743 1
88 65 195763 0
94 49 195767 1
72 44 195769 1
74 73 195798 0
41 77 195799 1
71 45 195805 1
91 90 195818 0
27 70 195825 0
63 39 195860 1
101 54 195884 1
74 47 195932 1
42 79 195952 1
106 59 195973 1
74 48 195973 1
65 40 196009 1
54 36 196052 1
42 37 196070 1
98 50 196075 1
92 64 196081 0
43 80 196081 1
107 79 196095 1
77 52 196105 1
32 88 196116 0
89 89 196137 0
67 65 196137 0
43 79 196190 1
40 74 196259 1
109 74 196274 1
95 50 196283 1
64 56 196285 0
72 45 196316 1
91 49 196340 1
59 38 196343 1
29 70 196376 0
67 39 196379 1
67 66 196422 0
71 72 196464 0
42 78 196483 1
32 87 196527 0
35 93 196538 0
57 36 196568 1
37 94 196575 0
41 76 196584 1
79 54 196591 1
99 51 196606 1
76 50 196630 1
64 57 196634 0
73 73 196656 0
24 59 196691 0
28 68 196713 0
30 84 196727 0
78 54 196731 1
54 35 196741 1
90 89 196770 0
43 83 196807 1
63 54 196808 0
58 36 196840 1
93 91 196858 0
90 85 196891 0
77 53 196893 1
73 72 196899 0
29 73 196912 0
66 68 196917 0
40 66 196925 1
74 74 196934 0
57 37 196982 1
35 91 197048 0
33 89 197055 0
99 52 197087 1
67 67 197104 0
70 43 197111 1
57 50 197112 0
40 59 197122 1
67 63 197152 0
59 37 197154 1
98 91 197167 0
95 66 197206 0
31 88 197242 0
90 88 197258 0
39 63 197297 1
62 38 197325 1
56 49 197341 0
44 85 197361 1
101 52 197366 1
91 91 197368 0
54 49 197380 0
47 37 197385 1
53 50 197418 0
50 35 197425 1
74 46 197426 1
29 72 197440 0
75 49 197456 1
41 79 197463 1
41 74 197500 1
28 46 197514 0
81 54 197521 1
86 50 197531 1
37 92 197553 0
29 82 197580 0
31 87 197585 0
44 84 197609 1
97 74 197624 0
107 59 197629 1
30 80 197656 0
50 36 197678 1
41 63 197679 1
31 90 197687 0
62 39 197718 1
67 64 197754 0
30 85 197800 0
63 39 197801 1
71 71 197815 0
27 67 197824 0
89 88 197824 0
42 77 197839 1
74 49 197844 1
103 56 197844 1
96 50 197845 1
109 64 197853 1
40 62 197855 1
94 50 197875 1
41 68 197883 1
100 53 197884 1
62 54 197908 0
26 61 197915 0
44 88 197928 1
110 68 197939 1
49 36 197939 1
41 70 197956 1
90 86 197980 0
39 59 197985 1
30 81 198014 0
44 81 198022 1
56 36 198026 1
40 75 198028 1
104 85 198029 1
59 52 198033 0
101 53 198050 1
29 80 198101 0
60 52 198120 0
42 80 198125 1
95 92 198145 0
32 95 198176 0
35 90 198201 0
65 57 198221 0
43 36 198238 1
40 61 198238 1
69 41 198262 1
110 73 198274 1
69 44 198293 1
105 58 198331 1
44 90 198358 1
74 73 198366 0
109 63 198367 1
92 65 198368 0
29 71 198384 0
30 82 198398 0
89 50 198412 1
86 66 198420 0
44 36 198433 1
43 38 198446 1
40 93 198450 0
68 41 198460 1
109 73 198483 1
46 35 198496 1
94 66 198509 0
61 38 198527 1
92 49 198568 1
44 83 198568 1
52 36 198579 1
93 49 198581 1
74 48 198597 1
28 72 198630 0
31 85 198646 0
55 35 198669 1
41 69 198670 1
73 46 198671 1
41 64 198681 1
41 77 198685 1
36 39 198707 1
58 50 198712 0
93 92 198756 0
58 37 198781 1
102 54 198863 1
108 61 198874 1
33 88 198874 0
27 60 198930 0
41 66 198946 1
80 55 198961 1
28 68 198965 0
28 69 198965 0
100 52 198966 1
40 58 198986 1
40 37 199031 1
42 76 199053 1
103 55 199079 1
64 56 199125 0
105 57 199142 1
40 60 199167 1
28 49 199171 0
41 54 199174 1
46 51 199203 0
109 69 199223 1
64 39 199238 1
71 44 199250 1
40 71 199283 1
44 86 199310 1
36 93 199324 0
41 67 199352 1
67 68 199360 0
93 50 199380 1
41 65 199394 1
41 61 199464 1
20 64 199469 0
23 55 199473 0
67 40 199514 1
78 48 199551 1
41 75 199569 1
65 39 199585 1
28 65 199601 0
69 40 199601 1
77 50 199640 1
109 45 199646 1
79 55 199686 1
28 48 199776 0
63 53 199808 0
35 91 199850 0
32 88 199856 0
107 61 199861 1
41 37 199890 1
73 73 199908 0
41 76 199915 1
55 36 199934 1
35 92 199952 0
40 69 199965 1
97 68 199982 0
109 68 199999 1
0 0 200010 0
