55 87 0 0
75 39 58 1
51 39 89 1
40 93 90 1
90 50 132 1
41 58 141 0
89 18 235 0
22 95 243 0
105 86 263 1
55 45 266 1
23 78 415 0
84 94 517 0
83 67 536 0
33 36 643 1
49 68 725 0
24 49 755 0
23 75 778 0
41 34 802 1
57 48 839 1
81 66 845 0
89 103 892 0
55 88 983 0
37 79 1007 1
48 68 1106 0
60 96 1110 0
101 67 1139 1
46 64 1181 0
55 86 1184 0
75 68 1207 1
42 35 1239 1
44 36 1241 1
103 70 1309 1
35 35 1363 1
36 78 1475 1
78 40 1580 1
37 73 1647 1
39 90 1679 1
43 59 1681 0
43 37 1704 1
11 28 1754 0
57 91 1757 0
72 30 1765 0
37 84 1796 1
85 72 1814 0
48 38 1837 1
54 85 1837 0
22 62 1870 0
83 96 1956 0
75 81 1985 1
79 41 2071 1
88 47 2133 1
22 91 2150 0
53 44 2522 1
33 37 2578 1
41 59 2642 0
69 40 2650 1
106 77 2687 1
91 53 2701 1
22 82 2767 0
23 33 2795 0
22 78 2884 0
96 81 2914 0
96 58 2914 1
98 60 2964 1
37 70 2974 1
41 35 3112 1
38 36 3115 1
37 77 3259 1
100 64 3263 1
76 85 3408 1
41 36 3412 1
39 93 3441 1
55 87 3461 0
101 68 3477 1
106 78 3478 1
36 36 3530 1
75 70 3573 1
85 46 3590 1
106 86 3615 1
83 67 3646 0
50 69 3656 0
88 48 3692 1
58 49 3714 1
75 64 3749 1
97 58 3872 1
39 88 3932 1
56 47 3966 1
97 59 4103 1
84 71 4170 0
37 66 4177 1
37 71 4220 1
54 44 4247 1
37 78 4266 1
50 40 4394 1
106 83 4440 1
95 57 4488 1
104 74 4508 1
40 34 4611 1
93 54 4676 1
79 40 4681 1
95 100 4830 0
95 56 4860 1
57 91 4914 0
47 37 4919 1
105 77 4942 1
54 43 4974 1
51 41 5055 1
86 73 5144 0
53 42 5179 1
31 39 5180 1
87 47 5188 1
76 66 5195 1
76 65 5218 1
105 89 5240 1
75 89 5247 1
104 73 5276 1
38 64 5279 1
76 69 5283 1
86 76 5293 0
74 39 5428 1
48 37 5451 1
99 63 5545 1
49 38 5546 1
105 76 5560 1
86 45 5575 1
82 68 5689 0
94 56 5713 1
85 72 5718 0
75 78 5797 1
75 86 5811 1
40 90 5844 1
67 96 5863 0
87 46 5955 1
104 72 5984 1
89 48 5991 1
94 55 5994 1
37 67 6007 1
88 46 6029 1
99 62 6041 1
62 95 6098 0
91 50 6106 1
55 84 6170 0
39 91 6185 1
76 84 6187 1
102 70 6201 1
50 69 6271 0
55 92 6283 0
87 75 6332 0
50 39 6371 1
51 70 6381 0
96 57 6433 1
81 41 6441 1
102 68 6491 1
54 42 6504 1
102 69 6584 1
49 68 6612 0
52 41 6635 1
44 61 6693 0
106 80 6750 1
76 72 6771 1
43 60 6794 0
76 77 6800 1
93 55 6815 1
85 45 6868 1
91 51 6875 1
49 39 6905 1
103 72 6921 1
59 92 6961 0
89 47 6962 1
52 78 7037 0
55 89 7068 0
39 95 7136 1
104 89 7170 1
60 96 7181 0
56 90 7194 0
106 79 7214 1
83 68 7226 0
80 40 7244 1
57 47 7279 1
23 48 7348 0
69 95 7351 0
75 75 7365 1
76 78 7409 1
56 91 7427 0
24 95 7429 0
55 87 7443 0
46 36 7445 1
83 67 7498 0
38 85 7559 1
85 44 7563 1
81 42 7572 1
37 34 7575 1
86 100 7600 0
89 84 7608 0
53 81 7620 0
23 91 7658 0
23 79 7664 0
75 77 7680 1
82 92 7693 0
82 42 7693 1
57 49 7704 1
87 101 7756 0
98 59 7766 1
83 43 7785 1
86 73 7790 0
37 76 7823 1
40 35 7838 1
88 84 7874 0
37 74 7892 1
40 59 7996 0
87 79 8012 0
39 98 8031 1
52 43 8084 1
22 61 8117 0
73 39 8138 1
49 37 8152 1
85 101 8174 0
93 53 8202 1
50 72 8256 0
56 45 8256 1
58 50 8257 1
77 39 8259 1
76 39 8269 1
40 89 8279 1
90 48 8306 1
40 96 8329 1
37 72 8439 1
62 95 8463 0
37 82 8532 1
50 69 8536 0
77 40 8543 1
103 70 8585 1
37 69 8608 1
53 41 8613 1
55 83 8623 0
55 81 8631 0
57 91 8633 0
34 103 8641 0
85 69 8698 0
54 89 8737 0
103 71 8742 1
49 69 8766 0
22 72 8824 0
55 44 8838 1
37 81 8859 1
101 66 8879 1
100 65 8946 1
91 103 8958 0
71 40 8977 1
53 80 8980 0
38 35 8996 1
70 40 9003 1
48 67 9024 0
92 52 9107 1
23 60 9130 0
24 46 9151 0
21 92 9164 0
37 83 9169 1
90 49 9220 1
50 68 9242 0
86 46 9284 1
31 101 9293 0
38 62 9340 1
47 65 9416 0
106 88 9472 1
23 53 9495 0
38 87 9501 1
105 75 9520 1
53 77 9526 0
40 94 9540 1
72 39 9554 1
87 77 9572 0
23 93 9600 0
100 64 9633 1
88 102 9635 0
39 89 9672 1
87 45 9686 1
75 67 9712 1
35 82 9727 1
43 59 9730 0
88 83 9768 0
23 49 9785 0
78 39 9822 1
40 92 9835 1
38 86 9847 1
46 37 9879 1
13 85 9920 0
55 45 9926 1
97 59 9948 1
75 74 9988 1
37 86 9999 1
42 36 10015 1
23 59 10088 0
85 72 10091 0
44 61 10103 0
57 92 10127 0
29 101 10185 0
87 74 10233 0
63 49 10252 0
55 84 10261 0
45 36 10275 1
92 53 10303 1
51 73 10331 0
38 63 10359 1
76 81 10362 1
84 43 10366 1
75 39 10370 1
86 73 10433 0
51 40 10553 1
51 70 10699 0
65 96 10707 0
43 60 10729 0
86 91 10731 0
66 0 10752 0
35 101 10787 0
84 44 10812 1
37 80 10812 1
58 48 10840 1
60 96 10863 0
23 61 10874 0
92 101 10911 0
62 95 10932 0
23 62 10951 0
84 70 10952 0
35 102 10955 0
75 66 10990 1
56 46 11043 1
40 98 11108 1
93 56 11116 0
93 54 11116 1
40 97 11132 1
55 43 11179 1
22 75 11208 0
52 78 11244 0
47 62 11278 0
23 51 11288 0
52 42 11320 1
88 81 11339 0
85 71 11340 0
100 63 11342 1
46 62 11357 0
40 95 11407 1
42 58 11433 0
101 67 11446 1
76 86 11476 1
37 75 11507 1
57 48 11515 1
39 87 11524 1
96 58 11555 1
104 73 11651 1
22 49 11655 0
50 69 11659 0
75 76 11669 1
37 37 11692 1
40 91 11774 1
75 69 11800 1
86 90 11824 0
44 35 11833 1
99 61 11894 1
66 96 11894 0
59 50 11914 1
76 87 11976 1
76 73 12019 1
37 68 12063 1
23 78 12116 0
101 68 12175 1
39 97 12252 1
49 65 12298 0
37 70 12335 1
55 87 12385 0
40 36 12409 1
51 72 12452 0
45 35 12460 1
79 40 12482 1
106 77 12555 1
86 76 12680 0
111 111 12719 0
27 101 12741 0
58 92 12833 0
85 98 12857 0
53 79 12884 0
64 46 12887 0
23 54 12911 0
41 93 12916 1
23 75 12941 0
76 68 12988 1
22 84 13035 0
52 76 13093 0
34 104 13096 0
90 50 13096 1
49 68 13102 0
69 94 13128 0
35 36 13229 1
60 95 13250 0
31 101 13273 0
22 86 13281 0
36 82 13324 1
37 73 13377 1
51 73 13445 0
23 92 13446 0
60 51 13469 1
23 62 13475 0
100 66 13550 1
57 91 13563 0
87 89 13629 0
22 65 13653 0
46 62 13662 0
21 76 13729 0
83 67 13753 0
5 86 13785 0
23 79 13789 0
27 99 13791 0
27 102 13838 0
57 95 13848 0
86 73 13863 0
44 61 13904 0
25 99 13904 0
69 96 13907 0
62 95 13920 0
85 93 13934 0
50 38 13940 1
50 70 13954 0
85 71 13977 0
60 96 13993 0
22 91 14016 0
59 92 14021 0
22 56 14029 0
65 96 14037 0
21 28 14074 0
46 64 14110 0
106 78 14162 1
63 95 14177 0
30 104 14222 0
24 49 14255 0
51 39 14262 1
84 95 14328 0
52 74 14329 0
95 57 14329 1
23 88 14419 0
28 98 14439 0
88 83 14462 0
90 103 14466 0
84 70 14564 0
52 81 14663 0
47 99 14697 0
98 60 14737 1
94 55 14737 1
44 36 14801 1
37 71 14846 1
43 60 14947 0
39 36 15192 1
47 38 15192 1
39 34 15210 1
23 50 15263 0
40 88 15278 1
50 39 15302 1
48 38 15348 1
52 41 15388 1
59 51 15414 1
52 40 15440 1
78 40 15484 1
58 92 15591 0
43 35 15678 1
81 41 15709 1
89 103 15771 0
104 92 15785 1
24 95 15818 0
57 90 15894 0
97 60 15992 1
38 85 16039 1
23 91 16057 0
40 93 16080 1
99 63 16083 1
22 93 16096 0
97 57 16153 1
85 96 16180 0
37 79 16250 1
31 37 16320 1
53 79 16384 0
75 73 16464 1
64 96 16597 0
43 36 16597 1
39 90 16682 1
88 47 16710 1
55 86 16730 0
82 66 16763 0
75 72 16765 1
85 98 16781 0
52 74 16823 0
27 99 16932 0
38 84 16962 1
23 62 17037 0
63 95 17128 0
93 56 17154 1
76 74 17190 1
52 78 17216 0
81 40 17263 1
105 76 17296 1
86 101 17360 0
50 70 17384 0
47 37 17517 1
86 45 17552 1
85 94 17570 0
86 44 17663 1
65 96 17672 0
54 43 17719 1
46 62 17754 0
49 38 17885 1
37 78 17942 1
97 58 18097 1
85 71 18109 0
39 88 18146 1
23 88 18241 0
89 81 18242 0
87 46 18256 1
22 90 18277 0
34 36 18301 1
55 83 18326 0
84 70 18352 0
75 87 18390 1
92 103 18434 0
60 95 18462 0
51 73 18476 0
43 34 18496 1
53 42 18535 1
54 44 18546 1
51 83 18614 0
106 76 18690 1
60 96 18821 0
24 54 18822 0
46 67 18832 0
37 82 18919 1
85 72 18924 0
82 42 18993 1
84 69 18996 0
85 95 19021 0
39 35 19065 1
80 64 19251 0
74 39 19419 1
58 92 19469 0
88 86 19494 0
87 75 19591 0
57 90 19803 0
22 86 19901 0
52 74 19962 0
82 66 19981 0
58 49 19989 1
85 96 20012 0
106 86 20015 1
64 96 20036 0
23 56 20157 0
88 88 20174 0
48 37 20181 1
82 68 20183 0
50 40 20195 1
44 61 20224 0
23 98 20226 0
87 99 20300 0
24 47 20306 0
75 68 20310 1
27 98 20315 0
90 102 20366 0
23 50 20380 0
104 91 20435 1
22 87 20437 0
95 101 20488 0
86 97 20513 0
85 99 20542 0
86 102 20624 0
58 93 20658 0
37 83 20792 1
39 86 20892 1
102 69 20939 1
50 70 21044 0
91 51 21051 1
57 47 21074 1
104 72 21194 1
22 72 21294 0
27 99 21489 0
94 54 21579 1
63 95 21745 0
60 96 21799 0
102 70 21834 1
87 78 21963 0
87 90 22026 0
84 69 22061 0
23 94 22084 0
106 87 22104 1
88 83 22209 0
99 62 22352 1
85 94 22480 0
96 57 22580 1
85 69 22593 0
24 48 22612 0
53 79 22616 0
56 91 22806 0
50 68 22892 0
85 44 22921 1
53 83 22931 0
82 41 23043 1
106 80 23047 1
37 77 23069 1
85 98 23075 0
65 96 23157 0
80 62 23265 0
85 93 23366 0
82 66 23550 0
93 102 23557 0
43 60 23569 0
87 76 23578 0
25 98 23680 0
85 43 23844 1
80 64 23945 0
85 97 23979 0
25 95 23999 0
76 83 24057 1
82 65 24087 0
64 96 24204 0
40 90 24226 1
29 102 24329 0
23 56 24355 0
86 99 24417 0
24 61 24453 0
83 43 24454 1
86 101 24478 0
80 40 24519 1
90 102 24552 0
85 96 24585 0
47 64 24718 0
23 60 24739 0
84 70 24788 0
107 78 24996 1
37 35 24998 1
23 52 25052 0
76 76 25108 1
37 66 25114 1
75 70 25235 1
91 50 25292 1
23 97 25404 0
54 80 25411 0
37 67 25419 1
85 45 25419 1
22 79 25466 0
42 35 25557 1
56 89 25599 0
32 103 25627 0
52 74 25691 0
86 76 25716 0
41 91 25752 1
84 69 25755 0
5 74 25839 1
55 81 26042 0
41 35 26230 1
57 46 26414 1
79 39 26495 1
54 85 26677 0
58 50 26754 1
90 49 26760 1
75 71 26811 1
88 46 26812 1
37 72 26834 1
60 96 26877 0
23 94 26884 0
109 126 26920 1
89 48 26937 1
82 40 26945 1
35 84 27012 1
106 83 27093 1
55 45 27126 1
82 65 27129 0
37 81 27257 1
52 39 27277 1
38 86 27349 1
24 54 27404 0
36 35 27432 1
37 63 27456 1
23 80 27460 0
54 42 27508 1
76 85 27530 1
80 62 27591 0
87 76 27610 0
50 70 27624 0
75 88 27784 1
51 43 27790 1
23 84 27815 0
37 76 27858 1
24 50 27885 0
60 95 27926 0
59 49 28129 1
84 67 28208 0
58 47 28252 1
89 101 28254 0
23 50 28433 0
34 37 28516 1
48 36 28556 1
37 74 28560 1
73 39 28583 1
102 68 28684 1
38 64 28770 1
25 95 28779 0
23 71 28796 0
85 97 28800 0
79 63 28812 0
86 99 28920 0
105 77 28977 1
83 42 29051 1
43 58 29137 0
101 66 29213 1
46 35 29221 1
23 73 29244 0
76 84 29304 1
62 95 29381 0
92 52 29481 1
47 64 29528 0
23 62 29532 0
38 87 29626 1
95 55 29694 1
103 69 29733 1
56 89 29744 0
40 99 29745 1
81 43 29969 1
54 80 30147 0
49 39 30221 1
25 98 30374 0
23 52 30398 0
40 89 30539 1
77 39 30539 1
60 96 30582 0
27 98 30873 0
85 94 30959 0
22 77 31006 0
22 86 31154 0
58 92 31276 0
86 71 31420 0
32 102 31483 0
57 90 31493 0
105 79 31654 1
23 100 31707 0
91 54 31808 1
52 72 31882 0
82 66 31892 0
84 43 31954 1
45 62 31982 0
23 56 32131 0
23 88 32228 0
89 84 32297 0
82 65 32365 0
85 71 32386 0
90 102 32401 0
87 76 32482 0
23 86 32486 0
87 80 32614 0
37 69 32707 1
51 70 32885 0
61 95 33107 0
29 102 33226 0
23 71 33272 0
84 69 33405 0
86 101 33482 0
79 63 33564 0
54 82 33605 0
23 84 33988 0
80 63 34007 0
24 50 34091 0
28 101 34238 0
89 102 34269 0
21 60 34397 0
55 44 34416 1
87 47 34473 1
60 96 34565 0
24 48 34636 0
47 62 34701 0
103 71 34754 1
23 94 34782 0
31 101 34853 0
23 73 34856 0
93 55 35005 1
47 64 35179 0
80 64 35310 0
56 89 35337 0
85 97 35363 0
41 36 35468 1
23 61 35726 0
65 95 35727 0
86 99 36326 0
45 62 36373 0
59 93 36455 0
89 101 36542 0
23 52 36556 0
54 80 36638 0
22 92 36720 0
24 47 36726 0
52 72 36810 0
84 97 36962 0
24 100 37075 0
86 71 37185 0
86 103 37228 0
32 102 37280 0
85 70 37562 0
23 86 37890 0
46 36 37987 1
24 96 38296 0
60 96 38516 0
23 66 38836 0
41 57 38890 0
64 96 38903 0
25 98 38974 0
23 80 38983 0
54 82 39027 0
80 63 39203 0
33 103 39265 0
52 78 39274 0
53 78 39350 0
89 102 39428 0
53 77 39454 0
28 101 39581 0
61 95 39931 0
26 97 39942 0
48 65 40124 0
52 79 40249 0
79 63 40293 0
51 71 40319 0
35 13 40493 0
22 77 40613 0
49 70 40659 0
49 71 40740 0
87 80 40956 0
42 60 40964 0
75 78 41051 1
59 93 41960 0
30 100 42486 0
24 63 42657 0
33 102 42840 0
47 63 42854 0
60 96 42894 0
54 86 42905 0
24 46 42971 0
87 74 43000 0
68 96 43016 0
85 70 43180 0
23 87 43201 0
79 62 43505 0
31 102 43569 0
54 84 43759 0
55 85 43914 0
92 102 44151 0
56 87 44279 0
100 64 44445 1
22 83 44467 0
87 100 44471 0
105 75 44625 1
86 73 45125 0
45 62 45144 0
107 83 45148 1
88 87 45207 0
103 70 45273 1
48 65 45295 0
23 66 45323 0
92 101 45340 0
79 68 45412 0
93 53 45456 1
104 73 45500 1
56 83 45686 0
65 95 45713 0
23 69 45732 0
93 54 45740 1
85 96 45847 0
22 88 45953 0
100 62 46013 1
28 101 46057 0
76 39 46064 1
100 63 46189 1
51 71 46222 0
89 81 46368 0
42 59 46368 0
97 59 46530 1
51 40 46632 1
50 69 46635 0
60 96 46642 0
80 62 46694 0
86 97 46778 0
53 41 46806 1
37 70 46877 1
87 75 46882 0
58 48 46893 1
54 82 46912 0
55 84 46927 0
76 64 47035 1
41 58 47102 0
63 95 47126 0
71 39 47296 1
107 84 47296 1
81 39 47321 1
94 55 47383 1
106 77 47437 1
89 47 47439 1
105 74 47459 1
99 60 47479 1
49 65 47549 0
26 97 47603 0
89 102 47608 0
76 70 47634 1
56 45 47637 1
76 66 47690 1
101 65 47731 1
57 48 47757 1
87 45 47758 1
46 37 47858 1
87 76 47871 0
84 42 47873 1
78 39 47957 1
107 81 47975 1
97 57 48034 1
106 78 48057 1
99 62 48079 1
46 62 48137 0
84 67 48154 0
49 37 48154 1
93 52 48224 1
99 61 48235 1
36 36 48237 1
32 102 48241 0
98 59 48261 1
75 39 48273 1
45 36 48339 1
47 63 48399 0
26 99 48449 0
96 57 48476 1
39 87 48547 1
60 50 48548 1
88 80 48561 0
80 63 48618 0
76 78 48638 1
92 51 48662 1
90 48 48663 1
37 80 48705 1
52 72 48709 0
43 58 48716 0
87 99 48745 0
87 73 48746 0
53 78 48839 0
55 83 48852 0
104 71 48898 1
82 65 49016 0
59 92 49106 0
94 101 49107 0
23 59 49169 0
23 93 49189 0
85 69 49227 0
23 71 49233 0
76 77 49237 1
85 70 49262 0
23 87 49272 0
37 73 49302 1
43 59 49310 0
29 100 49394 0
104 72 49410 1
55 85 49456 0
40 35 49490 1
82 42 49581 1
38 83 49586 1
27 99 49589 0
64 95 49607 0
23 78 49621 0
29 101 49623 0
59 50 49632 1
56 87 49642 0
87 100 49716 0
79 45 49716 1
79 40 49716 1
23 82 49727 0
41 34 49738 1
79 62 49747 0
50 38 49805 1
60 96 49893 0
96 56 50051 1
24 65 50065 0
28 100 50086 0
51 74 50091 0
81 41 50097 1
37 79 50101 1
83 69 50135 0
23 73 50153 0
60 94 50155 0
51 39 50189 1
29 102 50197 0
38 36 50198 1
50 39 50217 1
51 68 50223 0
23 53 50247 0
24 56 50255 0
69 95 50266 0
37 71 50322 1
48 65 50363 0
52 41 50417 1
37 75 50432 1
67 96 50451 0
48 69 50477 0
31 102 50478 0
37 68 50546 1
59 93 50559 0
85 68 50564 0
25 95 50603 0
23 75 50620 0
28 98 50736 0
86 71 50767 0
101 66 50775 1
23 50 50788 0
64 48 50792 0
23 90 50831 0
40 92 50879 1
40 91 50967 1
47 62 50977 0
87 46 50979 1
92 102 50990 0
97 58 50996 1
85 44 51038 1
56 86 51042 0
51 38 51157 1
22 50 51239 0
85 97 51264 0
90 49 51274 1
55 81 51303 0
88 77 51360 0
76 81 51448 1
94 102 51473 0
88 78 51496 0
42 58 51520 0
91 51 51533 1
41 94 51542 1
39 89 51573 1
53 42 51580 1
98 58 51596 1
87 101 51665 0
41 90 51679 1
59 48 51731 1
24 50 51733 0
24 55 51750 0
45 60 51772 0
33 102 51806 0
26 98 51874 0
96 99 51883 0
57 45 52021 1
72 39 52068 1
23 69 52116 0
56 89 52232 0
24 75 52259 0
100 64 52359 1
46 18 52392 0
61 97 52474 0
75 76 52509 1
24 49 52557 0
51 71 52558 0
50 68 52580 0
51 70 52604 0
23 79 52657 0
23 95 52663 0
53 80 52720 0
58 95 52722 0
38 84 52726 1
22 77 52744 0
86 99 52753 0
86 44 52889 1
37 83 52956 1
39 88 53020 1
23 52 53040 0
65 96 53152 0
56 85 53181 0
23 84 53204 0
38 85 53292 1
24 93 53297 0
38 63 53330 1
44 36 53330 1
45 61 53339 0
40 94 53482 1
40 58 53502 0
114 78 53573 1
57 47 53603 1
107 80 53608 1
62 94 53609 0
28 99 53651 0
24 63 53771 0
22 83 53845 0
81 40 53860 1
23 66 53866 0
88 85 53869 0
24 54 53875 0
47 63 53895 0
60 96 53903 0
37 78 53909 1
88 80 53936 0
83 67 53954 0
23 58 53969 0
26 99 53987 0
23 86 53988 0
94 54 54103 1
64 95 54106 0
21 70 54132 0
82 64 54321 0
42 59 54356 0
70 95 54476 0
23 92 54487 0
52 40 54520 1
55 87 54543 0
40 88 54648 1
45 35 54769 1
44 35 54770 1
23 82 54898 0
105 75 54913 1
38 62 54936 1
77 39 54946 1
55 44 55034 1
55 43 55156 1
40 34 55229 1
56 88 55279 0
22 80 55309 0
102 68 55339 1
54 81 55416 0
55 45 55602 1
106 75 55673 1
22 88 55792 0
21 73 55858 0
76 65 55981 1
103 93 55998 1
41 79 56005 0
37 82 56155 1
23 90 56231 0
87 80 56384 0
57 88 56385 0
88 78 56399 0
103 70 56539 1
23 81 56593 0
61 95 56641 0
60 94 56644 0
35 35 56681 1
37 77 56683 1
106 86 56708 1
100 63 56734 1
28 100 56896 0
107 86 56948 1
82 41 56985 1
34 101 56992 0
23 57 56996 0
76 69 57051 1
30 100 57066 0
91 50 57067 1
65 95 57132 0
44 34 57197 1
87 74 57206 0
95 100 57412 0
76 72 57441 1
52 71 57456 0
26 97 57471 0
33 36 57486 1
95 56 57510 1
24 61 57554 0
50 67 57595 0
87 73 57651 0
29 100 57680 0
51 69 57697 0
85 43 57776 1
23 87 57800 0
88 77 57850 0
83 41 57861 1
105 73 57869 1
81 62 57878 0
93 53 57906 1
56 86 57910 0
86 46 57950 1
37 81 57983 1
26 100 58019 0
61 50 58035 1
41 92 58039 1
58 47 58116 1
38 35 58117 1
33 37 58196 1
76 68 58199 1
93 54 58202 1
103 69 58229 1
87 100 58254 0
77 83 58525 1
88 46 58605 1
89 101 58648 0
104 70 58651 1
39 61 58660 1
80 62 58674 0
89 83 58699 0
86 91 58734 0
106 76 58795 1
77 80 58816 1
87 88 58842 0
107 79 58899 1
104 73 58916 1
76 73 58981 1
79 39 58997 1
106 77 59010 1
88 45 59018 1
91 49 59024 1
54 80 59092 0
89 47 59094 1
75 69 59174 1
28 101 59175 0
92 101 59198 0
83 42 59248 1
75 73 59263 1
77 81 59278 1
26 98 59375 0
99 61 59494 1
82 64 59517 0
106 87 59548 1
88 81 59571 0
89 84 59697 0
48 65 59699 0
97 99 59712 0
86 96 59746 0
28 99 59760 0
40 96 59773 1
96 57 59806 1
100 62 59807 1
46 61 59810 0
101 66 59812 1
56 87 59893 0
23 91 59898 0
54 42 59903 1
75 38 59940 1
45 61 60001 0
38 67 60013 1
52 72 60019 0
84 67 60043 0
89 81 60113 0
75 68 60165 1
102 67 60189 1
86 100 60239 0
53 41 60251 1
59 94 60256 0
47 64 60292 0
85 95 60315 0
40 93 60320 1
76 38 60338 1
53 79 60375 0
49 65 60376 0
64 95 60383 0
56 83 60444 0
55 85 60454 0
40 87 60456 1
90 49 60463 1
76 87 60479 1
76 39 60487 1
51 40 60493 1
60 96 60499 0
88 100 60500 0
49 37 60503 1
38 81 60517 1
75 72 60520 1
38 34 60533 1
97 57 60563 1
62 94 60565 0
22 67 60576 0
56 44 60628 1
78 39 60651 1
85 68 60656 0
52 74 60666 0
56 88 60678 0
103 68 60684 1
99 60 60691 1
106 74 60699 1
90 102 60707 0
99 62 60725 1
27 98 60727 0
56 85 60734 0
104 72 60778 1
76 88 60786 1
41 93 60862 1
79 62 60899 0
88 78 60914 0
89 100 60938 0
48 36 60948 1
23 88 61016 0
53 77 61017 0
85 69 61043 0
95 55 61057 1
55 88 61077 0
101 65 61080 1
41 96 61088 1
88 80 61164 0
107 85 61209 1
37 76 61212 1
90 48 61224 1
57 46 61228 1
23 68 61274 0
71 40 61286 1
87 99 61303 0
104 71 61325 1
24 74 61352 0
41 95 61380 1
49 68 61390 0
86 97 61404 0
75 70 61433 1
87 45 61477 1
33 35 61488 1
49 36 61497 1
76 86 61527 1
31 102 61528 0
76 71 61554 1
106 88 61564 1
76 76 61577 1
54 41 61645 1
31 101 61687 0
56 45 61738 1
23 62 61762 0
84 43 61766 1
57 91 61787 0
72 38 61830 1
77 38 61855 1
45 60 61863 0
59 50 61869 1
26 99 61879 0
90 47 61952 1
103 70 61952 1
44 58 61982 0
94 53 61993 1
41 91 62008 1
47 62 62011 0
34 35 62048 1
94 54 62072 1
62 95 62106 0
39 87 62132 1
39 85 62197 1
35 101 62220 0
39 35 62225 1
38 80 62232 1
37 72 62249 1
40 95 62257 1
23 80 62326 0
106 80 62346 1
37 80 62350 1
105 74 62351 1
51 39 62379 1
76 84 62399 1
23 58 62425 0
45 36 62446 1
52 71 62456 0
38 69 62457 1
63 95 62498 0
77 78 62535 1
57 88 62594 0
102 66 62613 1
23 82 62627 0
80 40 62630 1
51 74 62631 0
77 82 62633 1
55 83 62682 0
85 44 62692 1
107 81 62698 1
23 81 62746 0
50 38 62769 1
43 35 62771 1
34 102 62788 0
58 48 62801 1
53 78 62826 0
23 90 62836 0
87 44 62850 1
73 39 62856 1
39 63 62887 1
23 71 62910 0
38 70 62937 1
103 72 62954 1
57 90 63002 0
23 70 63044 0
24 95 63065 0
51 68 63089 0
37 73 63100 1
86 89 63124 0
102 68 63140 1
77 39 63166 1
38 101 63205 0
76 77 63207 1
81 41 63208 1
105 90 63218 1
37 67 63225 1
92 51 63233 1
37 70 63291 1
82 40 63296 1
62 51 63328 1
95 56 63330 1
93 52 63351 1
51 69 63351 0
87 73 63361 0
85 43 63373 1
59 49 63389 1
59 92 63408 0
28 98 63454 0
37 71 63462 1
42 35 63466 1
40 89 63479 1
24 48 63533 0
52 39 63553 1
24 65 63568 0
105 75 63574 1
38 68 63577 1
23 78 63583 0
38 71 63591 1
39 94 63659 1
88 77 63664 0
100 64 63717 1
85 93 63720 0
60 96 63756 0
24 55 63770 0
76 85 63782 1
38 83 63783 1
48 35 63797 1
55 44 63817 1
103 67 63820 1
23 54 63847 0
107 82 63880 1
55 81 63899 0
35 78 63910 1
85 98 63920 0
51 70 63999 0
107 78 64070 1
100 63 64070 1
46 61 64111 0
44 60 64133 0
75 39 64139 1
38 84 64146 1
46 35 64166 1
85 70 64167 0
43 58 64178 0
41 89 64187 1
23 57 64236 0
104 69 64242 1
35 36 64270 1
23 60 64378 0
50 67 64388 0
81 40 64418 1
52 69 64456 0
56 86 64495 0
25 95 64511 0
56 82 64524 0
96 100 64556 0
55 43 64568 1
54 81 64591 0
32 36 64600 1
39 36 64601 1
89 102 64617 0
24 93 64622 0
88 100 64692 0
52 77 64695 0
46 62 64708 0
89 83 64718 0
58 83 64770 1
58 47 64770 1
86 74 64824 0
75 71 64826 1
48 66 64840 0
41 35 64862 1
53 42 64864 1
86 71 64868 0
24 56 64894 0
34 36 64929 1
36 101 64991 0
28 99 65043 0
24 50 65053 0
86 44 65097 1
86 96 65142 0
84 42 65165 1
76 78 65172 1
82 64 65210 0
45 34 65236 1
38 85 65293 1
37 79 65317 1
24 97 65460 0
73 38 65549 1
51 38 65648 1
40 97 65724 1
23 56 65775 0
53 75 65777 0
100 61 65792 1
23 69 65839 0
106 89 66097 1
44 58 66150 0
33 102 66189 0
33 101 66224 0
56 88 66250 0
38 66 66296 1
37 75 66296 1
69 94 66317 0
88 85 66368 0
52 41 66369 1
76 66 66426 1
56 83 66430 0
56 43 66478 1
24 54 66494 0
34 101 66511 0
60 50 66599 1
57 86 66604 0
92 102 66691 0
24 47 66738 0
47 63 66896 0
83 65 66896 0
96 56 66964 1
43 34 67024 1
81 62 67043 0
47 37 67082 1
37 81 67084 1
24 63 67094 0
23 72 67196 0
51 73 67200 0
49 37 67209 1
49 65 67312 0
88 78 67408 0
81 65 67439 0
37 101 67493 0
23 94 67506 0
88 46 67551 1
45 59 67592 0
44 35 67596 1
28 100 67634 0
46 37 67645 1
65 95 67664 0
29 100 67686 0
37 35 67704 1
23 68 67749 0
85 94 67769 0
36 102 67786 0
24 49 67838 0
35 102 67844 0
30 100 67854 0
24 75 67922 0
55 42 68189 1
60 96 68202 0
24 60 68219 0
86 92 68293 0
22 85 68300 0
86 45 68313 1
55 84 68323 0
83 68 68368 0
64 95 68371 0
23 86 68384 0
23 61 68417 0
23 81 68457 0
23 84 68461 0
87 74 68506 0
24 61 68512 0
52 75 68638 0
56 85 68646 0
83 70 68691 0
98 59 68726 1
65 46 68780 0
88 83 68790 0
45 61 68792 0
87 75 68812 0
82 67 68821 0
87 77 68822 0
23 37 68825 0
52 71 68831 0
23 73 68831 0
23 79 68844 0
74 39 68857 1
27 99 68859 0
105 73 68879 1
23 87 68955 0
26 97 69016 0
93 53 69020 1
49 70 69219 0
23 75 69269 0
57 45 69400 1
58 92 69453 0
37 83 69554 1
23 70 69560 0
80 65 69594 0
87 71 69605 0
81 64 69621 0
42 59 69681 0
32 102 69703 0
23 59 69710 0
90 101 69750 0
83 65 69789 0
36 35 69904 1
106 77 69929 1
103 69 69946 1
37 78 69971 1
26 98 70131 0
23 51 70148 0
85 96 70162 0
101 66 70165 1
38 64 70173 1
52 72 70182 0
23 48 70191 0
31 103 70210 0
88 86 70215 0
13 30 70271 0
80 63 70275 0
22 83 70287 0
97 59 70384 1
45 35 70385 1
59 94 70415 0
23 90 70419 0
107 80 70439 1
74 89 70505 1
50 37 70506 1
85 68 70592 0
0 102 70665 0
76 70 70703 1
23 66 70705 0
29 101 70722 0
98 58 70847 1
79 39 70853 1
62 96 70878 0
40 35 70883 1
56 90 70894 0
80 62 70929 0
101 64 70939 1
66 96 70958 0
92 101 70977 0
86 94 70980 0
21 81 71001 0
22 70 71021 0
47 62 71135 0
37 77 71145 1
87 100 71177 0
60 96 71186 0
104 70 71192 1
101 65 71230 1
105 72 71261 1
89 47 71263 1
91 50 71274 1
58 90 71297 0
106 78 71297 1
86 43 71328 1
44 60 71333 0
26 100 71404 0
88 100 71413 0
50 68 71492 0
53 75 71502 0
84 67 71505 0
46 66 71512 0
46 61 71552 0
100 62 71561 1
24 70 71588 0
54 42 71589 1
99 61 71607 1
45 59 71660 0
86 75 71667 0
34 102 71683 0
87 99 71686 0
37 100 71692 0
45 62 71701 0
89 100 71719 0
39 88 71735 1
88 87 71742 0
23 77 71972 0
60 94 71992 0
89 77 72038 0
91 49 72094 1
50 70 72110 0
104 71 72127 1
40 88 72138 1
94 54 72145 1
99 60 72147 1
107 84 72175 1
36 36 72234 1
56 87 72287 0
87 89 72336 0
87 90 72372 0
82 65 72469 0
23 49 72483 0
61 92 72552 0
97 57 72561 1
69 95 72569 0
88 45 72574 1
89 101 72589 0
78 39 72590 1
61 51 72593 1
23 57 72594 0
62 94 72598 0
107 77 72610 1
51 69 72669 0
29 99 72709 0
83 69 72720 0
90 49 72764 1
57 88 72794 0
56 44 72805 1
53 41 72814 1
25 45 72866 0
90 48 72883 1
83 65 72885 0
59 48 72920 1
51 71 72938 0
89 81 72956 0
27 98 73004 0
23 82 73042 0
23 47 73050 0
86 96 73060 0
89 46 73080 1
77 84 73121 1
56 45 73126 1
106 75 73160 1
22 57 73165 0
89 83 73171 0
40 92 73174 1
54 82 73195 0
36 100 73236 0
37 74 73238 1
52 76 73259 0
23 72 73277 0
107 79 73369 1
38 76 73404 1
96 57 73409 1
89 45 73454 1
85 42 73519 1
76 68 73556 1
81 39 73564 1
24 60 73608 0
86 98 73626 0
83 41 73645 1
49 63 73705 0
82 41 73765 1
44 58 73784 0
90 101 73802 0
33 101 73813 0
87 45 73857 1
80 39 73927 1
54 80 73929 0
88 78 73954 0
87 73 74002 0
81 62 74029 0
22 88 74047 0
38 72 74074 1
48 36 74075 1
85 69 74088 0
51 68 74126 0
44 36 74129 1
88 77 74131 0
89 84 74177 0
95 55 74177 1
85 43 74203 1
91 48 74218 1
41 92 74255 1
76 38 74263 1
23 65 74268 0
39 85 74268 1
41 94 74300 1
107 81 74316 1
59 50 74344 1
93 52 74366 1
103 68 74370 1
57 46 74398 1
77 75 74424 1
76 74 74429 1
105 71 74429 1
82 64 74440 0
24 74 74468 0
39 86 74495 1
38 81 74565 1
52 69 74584 0
39 87 74603 1
41 93 74629 1
25 97 74643 0
51 39 74715 1
99 59 74716 1
31 101 74724 0
103 70 74775 1
77 83 74787 1
89 82 74807 0
85 68 74816 0
55 81 74819 0
28 98 74826 0
50 38 74834 1
52 40 74849 1
50 67 74867 0
68 95 74922 0
86 92 74948 0
47 35 74978 1
41 34 74978 1
58 46 75049 1
45 60 75053 0
39 34 75062 1
95 56 75134 1
56 83 75229 0
56 88 75236 0
50 69 75243 0
41 90 75272 1
74 38 75329 1
71 94 75343 0
77 85 75349 1
56 86 75361 0
86 97 75388 0
76 73 75391 1
58 90 75425 0
86 94 75470 0
38 77 75494 1
90 47 75494 1
24 65 75556 0
103 69 75577 1
77 77 75600 1
87 71 75601 0
56 82 75602 0
86 74 75622 0
23 88 75624 0
58 47 75685 1
55 44 75691 1
77 68 75722 1
23 64 75726 0
38 74 75741 1
25 47 75761 0
38 69 75775 1
40 94 75801 1
46 34 75830 1
75 38 75859 1
37 76 75860 1
49 36 75969 1
38 83 75995 1
28 99 76002 0
88 88 76006 0
77 39 76008 1
41 91 76072 1
77 80 76083 1
83 65 76085 0
88 80 76088 0
51 40 76107 1
98 99 76127 0
37 34 76143 1
101 65 76186 1
23 70 76206 0
54 41 76218 1
45 59 76225 0
97 56 76236 1
101 66 76258 1
38 84 76259 1
40 87 76270 1
87 44 76290 1
24 51 76300 0
76 72 76328 1
24 55 76329 0
52 77 76333 0
84 41 76368 1
53 77 76458 0
71 93 76479 0
55 43 76485 1
53 75 76497 0
60 96 76501 0
94 53 76527 1
23 68 76553 0
52 75 76576 0
44 34 76577 1
23 58 76599 0
49 65 76601 0
54 40 76605 1
48 66 76615 0
76 77 76636 1
107 78 76651 1
42 58 76671 0
24 50 76680 0
82 40 76716 1
89 100 76727 0
84 42 76729 1
77 82 76743 1
52 71 76763 0
24 70 76817 0
52 39 76836 1
92 51 76836 1
77 81 76860 1
99 60 76916 1
37 73 76918 1
23 89 76948 0
91 49 76962 1
102 68 76995 1
38 78 77026 1
81 64 77076 0
89 47 77092 1
102 66 77147 1
107 76 77209 1
39 82 77216 1
106 76 77217 1
83 42 77218 1
37 80 77229 1
107 85 77324 1
41 97 77329 1
38 67 77354 1
95 54 77410 1
38 63 77425 1
49 37 77446 1
77 74 77454 1
94 54 77455 1
44 33 77483 1
76 87 77539 1
77 63 77551 1
0 99 77595 1
96 55 77617 1
41 87 77638 1
52 38 77641 1
39 84 77682 1
59 93 77737 0
51 38 77755 1
81 40 77755 1
41 95 77811 1
38 80 77873 1
86 44 77886 1
37 71 77887 1
29 99 77895 0
107 80 77957 1
75 89 77980 1
77 38 77980 1
68 42 77987 1
23 77 78000 0
101 64 78054 1
105 73 78059 1
39 62 78064 1
86 43 78078 1
100 63 78088 1
37 79 78148 1
100 62 78150 1
24 45 78177 0
47 62 78252 0
76 76 78306 1
100 61 78338 1
40 86 78365 1
42 35 78421 1
41 58 78444 0
86 98 78473 0
38 71 78501 1
88 100 78549 0
24 54 78645 0
88 84 78699 0
24 97 78706 0
106 74 78723 1
25 95 78724 0
97 57 78738 1
104 70 78801 1
41 89 78826 1
76 78 78837 1
58 45 78848 1
88 45 78877 1
38 68 78881 1
104 69 78902 1
39 97 78930 1
24 56 78932 0
23 83 78964 0
88 46 78984 1
23 76 79069 0
40 34 79104 1
57 86 79113 0
37 69 79188 1
60 49 79249 1
46 35 79286 1
23 81 79293 0
78 38 79311 1
30 100 79373 0
25 92 79387 0
107 82 79479 1
77 65 79562 1
24 63 79590 0
39 35 79679 1
70 39 79717 1
24 48 79735 0
24 49 79741 0
24 75 79830 0
94 101 79869 0
57 44 79870 1
43 58 79880 0
105 72 79935 1
58 90 79938 0
62 94 79982 0
55 42 80119 1
40 89 80139 1
105 75 80165 1
96 56 80165 1
89 82 80188 0
23 72 80285 0
24 93 80304 0
48 36 80369 1
29 98 80378 0
56 81 80379 0
34 101 80488 0
68 95 80523 0
24 60 80587 0
45 36 80637 1
39 85 80676 1
38 85 80707 1
107 83 80755 1
24 90 80763 0
26 99 80764 0
38 73 80807 1
67 95 80864 0
25 98 80880 0
53 41 80922 1
22 94 80979 0
38 75 80996 1
85 102 81033 0
90 101 81084 0
24 51 81091 0
46 61 81102 0
56 85 81108 0
24 98 81162 0
24 61 81198 0
23 65 81224 0
44 58 81258 0
83 66 81278 0
105 91 81281 1
23 80 81291 0
86 94 81302 0
90 48 81319 1
106 87 81349 1
41 57 81390 0
22 85 81472 0
23 91 81537 0
29 100 81549 0
89 77 81578 0
86 68 81770 0
57 45 81930 1
81 62 81945 0
38 79 82001 1
38 35 82106 1
60 50 82112 1
62 50 82127 1
61 50 82278 1
28 98 82279 0
92 101 82297 0
72 39 82357 1
76 65 82513 1
24 46 82646 0
38 70 82784 1
81 65 82931 0
107 86 82931 1
79 39 82965 1
48 65 83019 0
57 88 83071 0
23 96 83072 0
25 43 83102 0
79 63 83119 0
56 44 83161 1
35 35 83231 1
23 64 83295 0
77 86 83310 1
50 37 83314 1
85 43 83330 1
36 34 83330 1
51 37 83336 1
59 48 83443 1
34 102 83448 0
88 44 83461 1
107 79 83509 1
25 97 83609 0
56 90 83694 1
102 65 83857 1
103 67 83874 1
107 84 83877 1
56 45 83900 1
92 49 83927 1
93 52 83953 1
103 68 84016 1
76 84 84059 1
23 89 84084 0
106 75 84240 1
107 77 84257 1
77 78 84264 1
31 102 84291 0
103 66 84449 1
88 72 84511 0
99 61 84521 1
37 77 84526 1
37 81 84536 1
87 99 84564 0
96 99 84605 0
55 83 84630 0
77 70 84683 1
85 68 84688 0
101 63 84721 1
85 97 84767 0
94 52 84781 1
23 77 84847 0
50 36 84883 1
106 73 84936 1
83 41 84937 1
83 65 84977 0
107 81 84981 1
87 43 84997 1
95 100 85003 0
107 78 85045 1
91 49 85087 1
23 67 85103 0
44 35 85106 1
86 96 85106 0
24 90 85128 0
100 60 85144 1
106 86 85157 1
99 59 85215 1
87 71 85295 0
81 39 85323 1
90 47 85328 1
95 60 85333 1
95 55 85334 1
81 61 85346 0
23 78 85351 0
23 76 85353 0
59 47 85379 1
69 94 85388 0
25 94 85394 0
61 92 85403 0
77 76 85459 1
105 72 85496 1
101 62 85499 1
89 81 85530 0
79 38 85538 1
85 42 85545 1
86 71 85553 0
76 38 85581 1
106 74 85588 1
45 35 85698 1
82 67 85708 0
105 71 85708 1
86 98 85729 0
104 70 85761 1
97 56 85771 1
97 57 85788 1
101 64 85796 1
27 44 85810 0
93 51 85826 1
91 48 85844 1
108 81 85848 1
93 102 85866 0
67 95 85901 0
49 63 85904 0
87 44 85905 1
52 69 85946 0
23 83 86011 0
102 66 86054 1
94 53 86061 1
76 68 86065 1
103 68 86075 1
86 91 86099 0
39 86 86102 1
84 67 86131 0
86 92 86155 0
59 92 86160 0
89 100 86182 0
55 78 86228 0
82 40 86255 1
39 61 86255 1
58 47 86275 1
104 68 86276 1
93 50 86336 1
86 43 86358 1
105 73 86374 1
76 85 86398 1
87 73 86402 0
103 69 86402 1
51 68 86409 0
38 81 86524 1
89 45 86542 1
76 73 86587 1
56 43 86587 1
77 67 86591 1
75 38 86653 1
65 47 86654 0
95 54 86655 1
47 60 86657 0
22 73 86658 0
24 74 86662 0
77 84 86668 1
56 83 86673 0
78 39 86675 1
77 69 86683 1
24 58 86691 0
104 69 86725 1
76 66 86784 1
107 80 86791 1
106 88 86818 1
111 111 86840 1
23 93 86857 0
107 77 86877 1
56 82 86889 0
58 90 86911 0
55 81 86921 0
89 82 86924 0
68 95 86924 0
89 77 86931 0
41 90 86952 1
51 69 86960 0
100 61 86971 1
52 68 87011 0
41 96 87023 1
101 65 87023 1
88 45 87037 1
52 72 87049 0
89 101 87065 0
95 53 87071 1
23 92 87082 0
50 67 87090 0
35 101 87104 0
49 36 87105 1
73 38 87134 1
23 70 87147 0
55 43 87160 1
65 95 87181 0
24 70 87190 0
45 59 87219 0
39 87 87226 1
63 94 87236 0
45 34 87251 1
38 34 87258 1
93 52 87280 1
24 51 87305 0
85 68 87352 0
83 66 87362 0
104 71 87369 1
40 88 87391 1
107 84 87392 1
39 63 87425 1
53 39 87430 1
53 71 87432 0
53 75 87432 0
50 38 87434 1
77 80 87434 1
51 39 87443 1
85 43 87481 1
38 76 87494 1
103 67 87506 1
63 95 87508 0
33 101 87532 0
77 37 87548 1
86 68 87561 0
35 103 87565 0
38 72 87572 1
49 37 87606 1
49 65 87614 0
107 85 87619 1
107 76 87619 1
81 62 87619 0
62 93 87625 0
88 100 87634 0
55 41 87644 1
89 83 87653 0
54 41 87657 1
100 62 87678 1
24 65 87684 0
96 55 87684 1
105 72 87698 1
104 67 87709 1
23 71 87709 0
91 49 87714 1
30 101 87714 0
83 41 87752 1
77 82 87782 1
57 46 87790 1
43 62 87813 0
28 99 87821 0
58 46 87822 1
41 91 87829 1
86 94 87830 0
80 62 87831 0
52 39 87836 1
87 43 87846 1
23 84 87853 0
61 49 87865 1
56 81 87874 0
27 98 87889 0
91 47 87908 1
108 82 87911 1
38 77 87950 1
87 94 87953 0
83 40 87977 1
77 77 88013 1
38 69 88025 1
107 75 88029 1
79 61 88035 0
77 38 88035 1
42 91 88037 1
54 42 88037 1
104 92 88037 1
51 38 88069 1
41 88 88107 1
41 94 88123 1
72 38 88172 1
57 86 88177 0
77 83 88188 1
81 61 88209 0
88 72 88212 0
92 101 88220 0
87 96 88234 0
107 78 88235 1
73 39 88290 1
60 48 88296 1
24 50 88302 0
106 74 88330 1
39 85 88330 1
29 99 88339 0
41 93 88350 1
48 35 88371 1
76 70 88374 1
81 38 88380 1
47 61 88380 0
48 36 88426 1
49 63 88447 0
38 78 88491 1
107 79 88510 1
52 69 88541 0
54 40 88547 1
64 95 88555 0
90 101 88580 0
71 39 88630 1
25 47 88653 0
76 38 88685 1
59 48 88687 1
94 54 88724 1
76 77 88728 1
82 39 88735 1
61 92 88750 0
41 92 88781 1
105 71 88819 1
84 41 88819 1
39 84 88820 1
43 33 88824 1
31 101 88827 0
57 83 88854 0
24 75 88855 0
36 101 88879 0
64 94 88890 0
42 33 88930 1
78 79 88951 1
79 38 88982 1
24 55 88997 0
38 80 89013 1
40 87 89018 1
77 87 89025 1
47 62 89032 0
102 64 89037 1
77 75 89063 1
55 44 89100 1
38 74 89107 1
78 38 89108 1
28 98 89124 0
99 60 89129 1
23 86 89134 0
92 49 89136 1
41 89 89140 1
55 42 89140 1
41 34 89155 1
99 58 89198 1
38 68 89204 1
44 58 89213 0
52 37 89220 1
52 38 89240 1
87 44 89249 1
103 68 89249 1
85 42 89275 1
37 33 89279 1
38 71 89290 1
89 47 89304 1
90 47 89311 1
89 78 89323 0
82 64 89326 0
47 35 89346 1
37 76 89349 1
24 90 89354 0
86 43 89359 1
93 51 89378 1
41 33 89399 1
42 95 89415 1
62 51 89419 1
46 34 89424 1
61 94 89435 0
30 100 89444 0
104 70 89445 1
78 82 89448 1
57 45 89453 1
84 42 89469 1
91 48 89480 1
77 66 89490 1
23 82 89493 0
80 38 89524 1
94 52 89535 1
87 90 89546 0
57 44 89550 1
97 55 89560 1
37 35 89591 1
26 43 89619 0
25 94 89626 0
76 84 89627 0
76 72 89627 1
36 35 89635 1
89 46 89661 1
108 79 89664 1
81 39 89696 1
47 34 89698 1
38 81 89739 1
54 39 89742 1
24 63 89742 0
102 65 89782 1
107 87 89797 1
107 86 89801 1
55 78 89815 0
39 83 89823 1
97 99 89829 0
25 92 89843 0
77 78 89868 1
34 37 89887 1
40 35 89902 1
58 47 89903 1
24 54 89907 0
63 94 89929 0
48 64 89931 0
24 58 89947 0
99 98 89964 0
100 59 89964 1
99 59 89966 1
82 40 89967 1
101 63 89979 1
47 60 89989 0
29 98 89994 0
23 90 89999 0
41 87 90005 1
77 81 90026 1
43 34 90044 1
55 40 90068 1
105 70 90082 1
97 56 90098 1
87 99 90122 0
26 97 90157 0
58 45 90161 1
106 73 90181 1
101 64 90181 1
52 68 90213 0
56 82 90218 0
77 93 90236 0
77 68 90236 1
50 36 90259 1
24 61 90272 0
56 83 90281 0
77 76 90288 1
40 85 90294 1
74 37 90300 1
39 86 90320 1
40 86 90338 1
54 79 90357 0
70 40 90358 1
39 85 90361 1
34 35 90380 1
59 47 90381 1
89 100 90393 0
44 34 90403 1
87 102 90421 0
41 95 90447 1
75 38 90454 1
42 90 90457 1
25 91 90480 0
49 36 90482 1
46 35 90545 1
41 86 90546 1
38 70 90556 1
92 102 90557 0
74 38 90560 1
104 69 90607 1
93 54 90626 1
81 40 90639 1
79 37 90679 1
24 74 90680 0
71 38 90704 1
88 101 90724 0
97 59 90746 1
97 57 90746 1
52 71 90764 0
88 43 90794 1
88 78 90794 0
47 61 90798 0
24 56 90862 0
59 46 90870 1
108 80 90883 1
37 73 90887 1
51 68 90902 0
23 65 90923 0
25 95 90952 0
98 98 91010 0
55 39 91025 1
47 59 91029 0
56 81 91050 0
64 94 91053 0
55 43 91090 1
24 60 91117 0
77 85 91119 1
101 62 91134 1
34 101 91136 0
26 44 91189 0
89 45 91205 1
53 40 91206 1
86 97 91246 0
88 77 91258 0
42 35 91289 1
37 71 91320 1
95 54 91334 1
59 88 91335 0
41 90 91350 1
88 43 91416 1
103 67 91432 1
39 35 91452 1
36 100 91462 0
44 35 91464 1
89 77 91473 0
23 87 91477 0
24 65 91506 0
38 77 91536 1
29 100 91547 0
56 90 91562 0
86 68 91671 0
88 44 91698 1
38 66 91699 1
89 78 91712 0
62 49 91745 1
38 75 91822 1
32 104 91857 0
69 94 91915 0
57 93 92021 0
75 70 92023 1
22 71 92028 0
62 94 92032 0
24 70 92051 0
63 97 92116 0
51 70 92126 0
33 100 92160 0
24 47 92162 0
51 37 92188 1
61 50 92190 1
37 75 92191 1
88 45 92204 1
49 63 92207 0
34 36 92223 1
61 91 92231 0
58 89 92239 0
76 68 92244 1
83 65 92282 0
57 90 92291 0
55 41 92313 1
23 89 92320 0
45 35 92323 1
87 74 92327 0
39 34 92335 1
42 92 92378 1
48 36 92392 1
33 36 92392 1
23 76 92415 0
83 41 92422 1
67 95 92435 0
97 98 92438 0
51 72 92484 0
23 64 92486 0
57 88 92493 0
103 66 92518 1
38 83 92520 1
52 73 92535 0
88 72 92540 0
38 67 92551 1
53 72 92573 0
22 69 92612 0
51 67 92654 0
77 74 92656 1
37 100 92704 0
86 96 92705 0
77 71 92713 1
63 94 92722 0
24 64 92733 0
38 78 92740 1
25 45 92780 0
29 99 92851 0
41 56 92867 0
57 86 92881 0
24 75 92926 0
37 34 92926 1
24 49 92942 0
53 78 92951 0
52 69 92952 0
24 58 92969 0
38 69 93011 1
87 96 93025 0
38 76 93081 1
39 81 93133 1
62 93 93137 0
39 82 93154 1
53 38 93167 1
60 49 93197 1
105 72 93210 1
100 60 93210 1
24 51 93215 0
92 48 93256 1
44 62 93259 0
38 79 93261 1
33 102 93343 0
71 40 93346 1
39 62 93407 1
23 67 93454 0
81 61 93488 0
49 37 93490 1
24 90 93505 0
64 94 93525 0
77 72 93528 1
87 43 93544 1
47 61 93545 0
39 84 93601 1
50 37 93657 1
30 101 93663 0
90 48 93680 1
25 94 93696 0
38 33 93742 1
78 83 93802 1
51 38 93804 1
57 83 93897 0
53 33 93897 1
53 41 93898 1
54 76 93916 0
22 76 93949 0
47 60 93977 0
40 84 94073 1
48 35 94113 1
87 94 94118 0
44 60 94140 0
59 48 94144 1
41 91 94181 1
37 79 94341 1
93 52 94354 1
68 95 94359 0
39 33 94372 1
102 66 94406 1
53 72 94430 0
23 83 94434 0
96 100 94449 0
57 87 94462 0
33 101 94497 0
83 40 94500 1
51 67 94510 0
39 65 94524 1
54 80 94531 0
24 57 94548 0
17 77 94576 0
47 68 94626 0
45 34 94635 1
25 97 94657 0
76 38 94658 1
59 90 94676 0
89 78 94690 0
81 64 94747 0
40 34 94781 1
58 89 94802 0
38 80 94826 1
38 72 94863 1
75 37 94885 1
54 79 94927 0
77 63 94934 1
38 81 94957 1
104 68 94984 1
53 39 94998 1
28 98 95130 0
41 93 95132 1
35 34 95158 1
56 42 95237 1
69 41 95354 1
85 43 95363 1
54 40 95401 1
39 83 95416 1
84 41 95501 1
86 43 95506 1
77 77 95592 1
61 94 95594 0
52 68 95610 0
94 51 95637 1
56 86 95673 0
42 91 95679 1
91 49 95695 1
53 75 95698 0
25 92 95821 0
76 73 95831 1
24 64 95877 0
48 64 95941 0
60 48 96034 1
107 77 96049 1
100 61 96067 1
89 82 96071 0
39 63 96112 1
55 78 96150 0
52 39 96195 1
87 44 96242 1
57 84 96277 0
45 59 96300 0
48 71 96311 0
77 38 96333 1
51 67 96343 0
84 69 96344 0
37 77 96344 1
24 55 96345 0
31 36 96377 1
38 34 96381 1
95 53 96429 1
51 79 96435 0
45 60 96455 0
71 94 96490 0
55 42 96503 1
35 101 96510 0
24 82 96532 0
87 79 96556 0
42 89 96560 1
29 98 96572 0
49 36 96588 1
78 81 96600 1
54 76 96623 0
101 61 96635 1
33 100 96655 0
21 91 96669 0
80 38 96671 1
41 89 96693 1
25 47 96697 0
37 99 96710 0
15 81 96724 0
107 80 96742 1
60 50 96782 1
94 53 96802 1
49 35 96849 1
53 72 96864 0
39 85 96872 1
32 36 96946 1
52 38 96955 1
77 82 96967 1
105 68 97050 1
96 55 97078 1
87 71 97083 0
79 61 97109 0
32 102 97126 0
59 90 97177 0
63 94 97192 0
86 101 97202 0
92 49 97202 1
86 98 97222 0
41 94 97292 1
57 45 97293 1
55 82 97299 0
41 88 97345 1
24 58 97358 0
30 100 97483 0
106 75 97488 1
77 65 97517 1
47 35 97519 1
50 66 97571 0
81 39 97599 1
57 87 97640 0
54 78 97701 0
81 62 97821 0
54 41 97904 1
87 76 97954 0
77 62 97973 1
58 89 97995 0
85 42 97998 1
77 80 98037 1
83 66 98047 0
86 42 98125 1
40 33 98125 1
23 79 98345 0
24 88 98405 0
28 99 98409 0
28 100 98413 0
23 77 98424 0
107 78 98452 1
105 73 98452 1
93 51 98460 1
51 67 98494 0
88 101 98508 0
71 96 98547 0
91 114 98558 0
59 91 98619 0
85 68 98629 0
49 65 98648 0
40 87 98811 1
96 99 98829 0
31 38 98943 1
89 85 98953 0
104 91 98972 1
73 38 98978 1
81 63 99012 0
24 57 99045 0
24 72 99081 0
108 83 99088 1
106 74 99105 1
90 99 99136 0
24 64 99169 0
89 80 99208 0
89 109 99339 0
62 93 99358 0
54 81 99400 0
105 71 99407 1
108 78 99407 1
38 74 99410 1
79 38 99497 1
64 94 99502 0
52 84 99577 0
54 76 99592 0
47 59 99601 0
89 78 99687 0
99 57 99783 1
97 56 99825 1
27 43 99856 0
25 67 99880 0
107 76 99958 1
58 44 99969 1
91 48 100081 1
59 90 100085 0
24 82 100128 0
46 34 100196 1
50 66 100232 0
93 50 100253 1
25 96 100270 0
71 93 100312 0
38 71 100352 1
56 87 100356 0
102 65 100369 1
89 100 100374 0
47 61 100395 0
78 38 100440 1
58 90 100459 0
82 38 100477 1
50 36 100483 1
52 73 100488 0
38 68 100540 1
58 46 100621 1
82 39 100663 1
89 81 100711 0
84 40 100725 1
53 72 100771 0
94 52 100785 1
27 96 100820 0
40 98 100824 1
61 91 100850 0
57 44 100899 1
58 91 100918 0
76 88 101077 1
98 56 101094 1
92 101 101109 0
56 43 101155 1
40 86 101216 1
86 99 101251 0
50 68 101300 0
52 37 101385 1
77 84 101387 1
107 85 101404 1
77 70 101423 1
49 67 101431 0
38 73 101436 1
73 37 101453 1
24 88 101459 0
77 67 101468 1
57 84 101672 0
77 37 101676 1
59 47 101738 1
35 35 101771 1
6 24 101895 1
61 92 101966 0
54 78 101976 0
57 43 102009 1
24 89 102024 0
106 89 102086 1
107 81 102225 1
57 82 102248 0
57 87 102256 0
25 91 102268 0
24 72 102268 0
91 47 102298 1
39 64 102303 1
40 32 102453 1
39 86 102558 1
101 63 102575 1
55 82 102576 0
59 91 102577 0
24 74 102596 0
79 60 102607 0
24 63 102693 0
22 48 102696 0
51 67 102701 0
41 86 102735 1
58 88 102786 0
30 101 102815 0
52 70 102834 0
56 81 102892 0
50 66 102909 0
48 61 102914 0
77 75 102915 1
89 79 103017 0
89 80 103038 0
58 89 103157 0
104 69 103170 1
88 72 103174 0
61 94 103254 0
65 46 103294 0
25 50 103300 0
38 70 103340 1
48 63 103370 0
40 85 103375 1
45 64 103377 0
24 62 103432 0
54 79 103462 0
86 94 103544 0
27 96 103635 0
108 81 103713 1
89 77 103721 0
59 88 103757 0
86 68 103870 0
64 48 103873 0
58 45 103877 1
82 40 103885 1
99 58 103980 1
24 64 103992 0
81 63 104003 0
24 57 104005 0
98 98 104017 0
58 47 104017 1
38 78 104058 1
25 94 104063 0
25 71 104072 0
104 70 104074 1
39 78 104078 1
85 92 104087 0
87 89 104152 0
33 35 104213 1
90 47 104250 1
87 93 104329 0
81 61 104358 0
106 72 104365 1
24 60 104385 0
23 62 104515 0
95 99 104606 0
102 64 104629 1
26 95 104712 0
14 5 104799 1
57 83 104854 0
51 37 104894 1
24 82 104977 0
24 70 104987 0
76 87 104989 1
48 34 105087 1
77 83 105110 1
88 85 105136 0
24 89 105152 0
53 85 105168 0
89 85 105243 0
24 48 105251 0
59 90 105257 0
107 75 105305 1
54 76 105334 0
58 88 105370 0
55 41 105388 1
101 62 105396 1
57 85 105486 0
24 88 105595 0
48 61 105596 0
23 72 105603 0
50 71 105619 0
85 66 105829 0
32 101 105851 0
50 66 105863 0
87 96 105870 0
105 69 105915 1
77 73 105922 1
24 72 106099 0
52 70 106173 0
62 50 106196 1
38 77 106344 1
24 61 106369 0
89 79 106463 0
103 65 106498 1
54 78 106553 0
53 77 106575 0
56 83 106577 0
27 96 106678 0
24 93 106707 0
106 73 106788 1
53 81 106927 0
44 58 106957 0
24 62 106998 0
25 50 107043 0
38 100 107055 0
29 99 107066 0
77 86 107175 1
23 69 107298 0
48 63 107308 0
56 82 107339 0
44 34 107367 1
88 44 107433 1
24 90 107486 0
97 55 107554 1
40 60 107700 1
90 101 107765 0
59 50 107812 1
11 61 107820 0
50 67 107876 0
47 60 107995 0
36 36 108004 1
87 98 108014 0
48 64 108050 0
25 96 108064 0
91 104 108081 0
52 75 108089 0
34 102 108092 0
26 95 108146 0
36 35 108276 1
24 89 108327 0
89 80 108335 0
105 90 108414 1
95 101 108496 0
33 99 108532 0
22 49 108556 0
48 61 108635 0
59 91 108679 0
61 49 108718 1
85 66 108840 0
46 61 108852 0
38 75 108948 1
86 92 108953 0
89 45 109072 1
88 87 109249 0
58 88 109298 0
70 96 109344 0
23 68 109348 0
85 77 109352 0
59 94 109367 0
57 85 109607 0
107 84 109633 1
50 66 109667 0
58 91 109722 0
84 70 109758 0
40 97 109764 1
95 52 109794 1
41 96 109842 1
47 34 109889 1
89 79 110102 0
81 63 110190 0
63 94 110208 0
21 80 110220 0
85 70 110222 0
55 86 110292 0
76 66 110298 1
52 70 110306 0
88 101 110314 0
95 54 110413 1
48 36 110463 1
83 64 110581 0
24 62 110943 0
43 59 111025 0
26 98 111080 0
38 69 111108 1
103 67 111253 1
49 64 111310 0
38 76 111360 1
32 101 111497 0
55 82 111516 0
26 100 111522 0
26 95 111610 0
88 88 111695 0
79 60 111714 0
87 94 111747 0
59 46 111783 1
63 96 111856 0
87 98 111857 0
100 59 111947 1
49 67 111950 0
65 47 112020 0
105 70 112025 1
87 43 112048 1
53 76 112064 0
94 101 112096 0
105 72 112102 1
104 67 112138 1
27 96 112163 0
85 67 112188 0
87 93 112207 0
24 72 112290 0
23 88 112366 0
24 57 112414 0
53 72 112437 0
89 83 112477 0
23 64 112484 0
86 69 112504 0
81 38 112529 1
43 57 112556 0
107 77 112612 1
85 41 112659 1
78 37 112662 1
103 66 112699 1
87 92 112732 0
54 39 112765 1
44 57 112787 0
56 41 112794 1
49 63 112822 0
24 67 112836 0
85 66 112880 0
23 57 112894 0
24 54 112910 0
83 63 112992 0
77 78 112995 1
87 71 113032 0
35 102 113083 0
52 68 113097 0
91 100 113283 0
108 82 113291 1
92 100 113317 0
105 71 113326 1
51 68 113366 0
95 53 113370 1
91 102 113376 0
88 72 113396 0
39 66 113422 1
95 100 113436 0
29 96 113452 0
46 63 113511 0
23 81 113517 0
84 41 113559 1
78 82 113601 1
42 88 113623 1
83 40 113627 1
83 64 113668 0
42 33 113761 1
72 92 113763 0
108 80 113803 1
107 74 113821 1
83 41 113868 1
106 74 113894 1
66 93 113929 0
97 56 113950 1
52 74 113951 0
87 104 113957 0
48 63 113995 0
21 77 113999 0
25 87 114018 0
33 61 114068 1
41 34 114097 1
47 59 114122 0
24 58 114123 0
89 77 114151 0
55 78 114167 0
65 45 114176 0
39 84 114208 1
92 49 114217 1
41 90 114248 1
90 99 114256 0
57 86 114292 0
86 43 114344 1
42 94 114346 1
21 66 114411 0
57 87 114442 0
24 88 114447 0
108 85 114478 1
57 84 114483 0
103 68 114484 1
25 92 114522 0
34 101 114541 0
48 61 114575 0
61 91 114598 0
42 58 114610 0
58 88 114613 0
51 67 114652 0
64 94 114683 0
77 76 114728 1
24 89 114750 0
101 60 114821 1
49 64 114839 0
93 51 114841 1
24 75 114870 0
42 92 114870 1
85 42 114871 1
47 63 114916 0
31 101 114922 0
69 94 114925 0
24 65 114962 0
56 85 114976 0
85 67 115004 0
104 66 115044 1
36 101 115078 0
24 81 115111 0
80 38 115130 1
39 82 115134 1
25 67 115137 0
83 63 115142 0
86 96 115241 0
42 90 115246 1
59 48 115251 1
89 79 115282 0
28 42 115291 0
60 48 115306 1
92 48 115323 1
41 87 115372 1
25 78 115389 0
87 42 115411 1
54 78 115444 0
75 38 115479 1
25 50 115561 0
23 53 115578 0
29 98 115591 0
91 48 115617 1
89 78 115635 0
51 36 115642 1
104 68 115690 1
87 96 115710 0
77 69 115716 1
87 98 115720 0
87 92 115759 0
26 95 115780 0
52 69 115811 0
107 76 115833 1
93 50 115845 1
55 79 115850 0
92 100 115850 0
86 68 115880 0
44 57 115882 0
106 73 115892 1
33 100 115924 0
57 83 115953 0
86 69 115970 0
43 33 116008 1
90 102 116035 0
36 100 116106 0
101 61 116120 1
83 39 116133 1
79 38 116243 1
39 81 116260 1
94 51 116276 1
63 92 116293 0
87 90 116299 0
91 100 116326 0
31 100 116352 0
39 85 116490 1
25 84 116506 0
108 79 116537 1
62 93 116540 0
67 97 116575 0
81 61 116588 0
99 60 116594 1
24 91 116623 0
59 88 116623 0
49 36 116634 1
24 82 116635 0
26 45 116657 0
27 99 116671 0
39 83 116679 1
72 38 116703 1
43 57 116742 0
53 39 116785 1
24 50 116796 0
78 77 116825 1
54 40 116848 1
50 36 116849 1
23 67 116865 0
51 69 116871 0
77 66 116906 1
24 67 116960 0
43 58 116976 0
22 89 117009 0
56 81 117018 0
39 80 117040 1
102 63 117041 1
57 85 117144 0
52 38 117203 1
48 35 117203 1
57 82 117212 0
90 46 117241 1
76 37 117269 1
77 77 117282 1
76 38 117306 1
47 33 117306 1
25 51 117346 0
107 78 117348 1
83 64 117365 0
25 91 117393 0
78 79 117417 1
86 66 117456 0
91 47 117468 1
44 35 117509 1
55 40 117517 1
61 50 117517 1
107 86 117557 1
83 63 117638 0
39 71 117668 1
24 62 117682 0
50 62 117683 0
25 52 117684 0
41 33 117729 1
85 40 117787 1
88 43 117814 1
61 48 117815 1
42 91 117831 1
28 102 117850 0
32 101 117907 0
77 85 117912 1
52 70 117926 0
39 65 117971 1
25 47 117996 0
47 60 118065 0
59 90 118071 0
45 34 118127 1
66 98 118172 0
87 43 118217 1
91 101 118222 0
36 34 118232 1
101 62 118236 1
38 81 118236 1
85 67 118241 0
108 76 118281 1
94 52 118303 1
24 81 118341 0
28 98 118368 0
40 58 118379 1
77 74 118382 1
84 40 118417 1
89 85 118533 0
61 92 118574 0
90 83 118616 0
81 39 118657 1
24 53 118761 0
53 76 118800 0
33 37 118821 1
38 99 118860 0
25 71 118862 0
36 102 118888 0
78 81 118890 1
54 76 118894 0
102 64 118901 1
22 71 118904 0
52 37 118928 1
41 89 118931 1
45 35 118931 1
23 73 118971 0
90 84 118977 0
78 76 119008 1
24 51 119037 0
57 44 119044 1
55 79 119048 0
22 97 119094 0
24 80 119105 0
75 37 119112 1
72 93 119165 0
85 69 119166 0
24 64 119189 0
49 35 119217 1
52 77 119220 0
49 64 119251 0
67 90 119270 1
84 93 119345 0
37 101 119433 0
22 53 119440 0
51 74 119560 0
58 45 119573 1
50 35 119609 1
78 80 119679 1
86 69 119713 0
58 91 119731 0
98 56 119741 1
92 100 119822 0
55 42 119847 1
25 63 119865 0
50 73 119891 0
30 100 119909 0
107 88 119923 1
85 66 119984 0
86 42 120034 1
85 73 120069 0
24 92 120097 0
38 80 120141 1
88 86 120239 0
87 92 120277 0
31 100 120277 0
103 67 120315 1
47 67 120339 0
108 83 120430 1
52 73 120456 0
37 102 120595 0
82 39 120599 1
88 97 120627 1
91 100 120648 0
39 67 120654 1
93 84 120654 1
25 52 120681 0
59 47 120703 1
99 57 120761 1
77 71 120803 1
87 95 120825 0
87 94 120892 0
89 103 120999 0
27 44 121015 0
43 56 121035 0
108 84 121062 1
63 93 121116 0
88 79 121124 0
50 66 121137 0
107 75 121234 1
24 91 121266 0
40 85 121320 1
44 57 121326 0
40 84 121362 1
55 85 121400 0
106 72 121436 1
87 98 121463 0
41 88 121475 1
26 44 121550 0
49 63 121557 0
42 89 121558 1
25 51 121608 0
21 71 121616 0
88 99 121629 0
25 96 121649 0
48 66 121693 0
24 67 121711 0
25 65 121783 0
52 68 121797 0
39 34 121816 1
27 96 121821 0
87 68 121832 0
60 47 122047 1
108 77 122098 1
77 68 122119 1
24 81 122194 0
40 86 122196 1
89 45 122240 1
26 95 122270 0
20 69 122364 0
24 80 122475 0
74 37 122520 1
41 97 122574 1
105 70 122605 1
41 95 122614 1
41 91 122615 1
39 63 122640 1
40 83 122779 1
44 61 122822 0
55 79 122825 0
46 34 122833 1
25 75 123063 1
77 37 123067 1
39 35 123094 1
53 38 123115 1
25 63 123231 0
29 39 123271 0
40 59 123298 1
88 102 123373 0
83 95 123438 0
83 63 123483 0
35 101 123489 0
25 45 123508 0
39 74 123508 1
89 100 123540 0
43 57 123570 0
90 83 123576 0
56 92 123666 0
25 58 123709 0
79 37 123719 1
55 41 123812 1
104 69 123831 1
38 72 123855 1
33 101 123872 0
83 64 123886 0
67 94 124076 0
91 101 124135 0
57 89 124207 0
35 104 124352 0
85 67 124390 0
97 53 124469 1
92 101 124641 0
90 84 124672 0
40 61 124766 1
24 101 124795 0
89 44 124811 1
24 53 124814 0
93 101 124829 0
35 99 124937 0
63 93 124954 0
53 37 124984 1
95 54 124993 1
41 32 125120 1
39 82 125124 1
23 104 125174 0
39 69 125222 1
68 94 125224 0
87 95 125231 0
67 95 125295 0
80 60 125333 0
27 98 125385 0
42 95 125442 1
25 102 125542 0
32 100 125546 0
38 101 125547 0
59 91 125632 0
41 86 125654 1
69 97 125658 0
62 92 125726 0
88 99 125764 0
24 80 125767 0
26 101 125826 0
77 80 125856 1
44 56 126102 0
91 102 126108 0
25 52 126269 0
108 78 126273 1
25 53 126280 0
24 92 126327 0
31 100 126343 0
47 59 126362 0
46 33 126420 1
101 95 126472 0
97 55 126631 1
88 100 126747 0
44 33 126747 1
100 58 126768 1
91 99 126777 0
95 53 126793 1
47 35 126802 1
38 32 126879 1
24 72 126917 0
23 76 127089 0
108 81 127126 1
56 43 127164 1
81 63 127291 0
22 77 127308 0
80 37 127366 1
25 58 127378 0
105 71 127417 1
77 72 127465 1
67 94 127499 0
25 84 127546 0
21 74 127691 0
25 65 127752 0
105 69 127796 1
25 88 127844 0
25 56 127930 0
48 61 127932 0
41 93 128044 1
58 44 128211 1
90 100 128379 0
90 99 128402 0
39 62 128567 1
103 65 128649 1
24 91 128719 0
87 93 128788 0
21 85 128876 0
84 41 128926 1
86 69 128946 0
38 71 128962 1
88 75 128973 0
39 79 128988 1
81 38 128990 1
25 63 129197 0
52 66 129231 0
77 39 129324 1
25 48 129373 0
85 41 129383 1
78 84 129407 1
25 67 129426 0
80 60 129427 0
101 59 129439 1
70 93 129503 0
49 69 129600 0
93 100 129616 0
68 94 129659 0
58 89 129830 0
62 92 129871 0
24 80 129900 0
24 81 129942 0
114 78 130087 1
24 94 130104 0
78 75 130159 1
54 39 130213 1
59 45 130222 1
63 93 130253 0
107 73 130290 1
25 87 130302 0
32 100 130309 0
59 89 130333 0
54 38 130371 1
25 89 130432 0
86 70 130750 0
88 99 130876 0
38 77 130928 1
58 42 130941 1
38 70 130983 1
39 72 130986 1
78 83 131075 1
103 66 131108 1
38 78 131146 1
76 68 131168 1
56 42 131168 1
55 79 131292 0
88 72 131295 0
88 44 131360 1
37 34 131444 1
67 94 131692 0
49 34 131841 1
38 68 131869 1
87 70 131880 0
57 43 131977 1
77 75 131992 1
107 77 132058 1
39 70 132078 1
56 90 132136 1
97 56 132321 1
25 88 132355 0
22 91 132361 0
93 101 132371 0
34 35 132413 1
61 49 132616 1
90 100 132725 0
25 55 132729 0
86 95 132750 0
39 64 132815 1
106 88 132850 1
53 70 132864 0
42 35 132909 1
56 51 132996 1
87 72 132996 0
53 76 133006 0
39 81 133074 1
82 38 133192 1
24 84 133208 0
37 33 133270 1
98 55 133290 1
100 59 133362 1
81 60 133395 0
42 90 133501 1
46 63 133504 0
92 49 133565 1
56 80 133608 0
88 79 133632 0
77 87 133696 1
25 56 133722 0
77 70 133800 1
87 86 133886 0
56 79 133933 0
77 84 133944 1
57 89 133961 0
25 53 133964 0
25 58 134093 0
24 97 134156 0
102 58 134184 1
52 82 134360 0
45 33 134463 1
24 53 134506 0
44 56 134680 0
45 33 134831 1
91 46 134875 1
25 48 134908 0
97 54 134916 1
94 51 134972 1
59 89 135006 0
28 97 135070 0
78 78 135107 1
45 33 135204 1
24 66 135213 0
66 93 135221 0
33 99 135420 0
88 75 135475 0
45 33 135582 1
51 67 135629 0
39 33 135630 1
26 96 135683 0
45 33 135930 1
89 80 136012 0
24 74 136032 0
23 63 136062 0
92 48 136207 1
45 33 136253 1
87 70 136255 0
55 33 136365 1
45 58 136394 0
84 64 136395 0
80 38 136530 1
84 38 136546 1
45 33 136570 1
104 67 136630 1
92 100 136855 0
68 94 136873 0
45 33 136902 1
24 69 136934 0
91 101 136969 0
108 82 137058 1
41 94 137127 1
43 56 137144 0
24 78 137152 0
39 84 137164 1
24 92 137180 0
25 64 137238 0
102 62 137254 1
45 33 137274 1
107 76 137321 1
59 46 137346 1
25 89 137361 0
102 63 137417 1
48 34 137425 1
106 73 137520 1
94 50 137592 1
86 66 137618 0
93 100 137620 0
45 33 137634 1
90 100 137700 0
107 74 137743 1
108 75 137761 1
93 50 137786 1
25 95 137797 0
101 61 137802 1
78 82 137841 1
93 49 137863 1
106 71 137863 1
53 70 137872 0
95 52 137896 1
87 43 137903 1
107 85 137934 1
56 80 137936 0
46 58 137999 0
101 96 138042 0
45 33 138090 1
99 56 138097 1
108 79 138134 1
77 63 138186 1
92 99 138213 0
90 44 138364 1
107 75 138422 1
91 47 138450 1
88 97 138475 0
104 68 138537 1
89 84 138538 0
45 33 138561 1
109 68 138562 1
80 60 138633 0
57 81 138655 0
85 42 138694 1
86 41 138731 1
100 57 138734 1
103 65 138742 1
87 96 138760 0
60 48 138767 1
77 76 138824 1
96 53 138828 1
107 87 138860 1
77 78 138861 1
101 60 138882 1
25 55 138888 0
81 60 138955 0
45 33 138972 1
87 42 138976 1
90 83 139006 0
85 64 139006 0
56 41 139011 1
87 95 139026 0
53 72 139051 0
107 72 139065 1
102 64 139091 1
91 100 139110 0
84 40 139130 1
30 103 139132 0
57 83 139134 0
45 57 139181 0
78 73 139236 1
24 84 139238 0
97 98 139355 0
57 84 139398 0
45 33 139409 1
89 45 139410 1
90 98 139433 0
104 67 139450 1
104 66 139491 1
108 81 139510 1
87 68 139542 0
62 49 139574 1
52 67 139585 0
86 95 139588 0
55 78 139590 0
99 57 139594 1
103 66 139611 1
105 70 139619 1
106 72 139626 1
86 70 139673 0
61 91 139688 0
87 72 139704 0
77 77 139715 1
87 92 139750 0
108 78 139779 1
105 69 139800 1
95 99 139808 0
45 33 139827 1
83 63 139836 0
89 43 139843 1
95 51 139852 1
108 83 139862 1
83 38 139869 1
41 87 139926 1
91 79 139938 0
103 64 139941 1
87 94 139946 0
54 40 139989 1
77 67 140001 1
60 46 140028 1
77 37 140029 1
79 38 140061 1
97 55 140123 1
101 62 140140 1
32 100 140148 0
59 88 140149 0
89 77 140150 0
71 93 140167 0
22 52 140187 0
87 70 140195 0
108 74 140205 1
45 33 140224 1
56 79 140227 0
63 92 140232 0
89 75 140246 0
50 62 140259 0
52 66 140303 0
55 40 140328 1
86 45 140337 1
86 66 140337 0
88 99 140358 0
102 61 140363 1
77 69 140363 1
56 40 140366 1
25 75 140373 0
85 66 140403 0
78 79 140416 1
38 34 140423 1
25 76 140425 0
96 99 140447 0
93 50 140455 1
39 83 140456 1
77 65 140456 1
81 37 140457 1
77 74 140491 1
105 68 140493 1
25 54 140504 0
95 53 140508 1
57 82 140521 0
88 82 140550 0
45 33 140555 1
92 48 140560 1
89 79 140561 0
52 37 140581 1
25 78 140594 0
83 39 140613 1
28 97 140615 0
45 32 140671 1
84 64 140676 0
57 41 140699 1
87 43 140706 1
79 37 140719 1
52 38 140723 1
70 93 140749 0
67 94 140767 0
50 36 140777 1
42 92 140802 1
98 98 140839 0
94 51 140860 1
62 92 140862 0
48 35 140873 1
74 36 140887 1
39 75 140888 1
39 77 140896 1
98 56 140899 1
90 84 140907 0
45 33 140913 1
51 36 140913 1
25 92 140918 0
107 84 140935 1
45 58 140955 0
88 76 140961 0
58 88 140972 0
24 66 140985 0
85 41 140990 1
52 36 141015 1
41 90 141032 1
39 78 141040 1
57 80 141043 0
47 34 141049 1
88 43 141058 1
25 50 141086 0
90 99 141094 0
101 61 141130 1
29 96 141140 0
81 61 141164 0
57 44 141210 1
42 33 141218 1
81 38 141232 1
92 47 141247 1
39 73 141259 1
106 70 141261 1
24 71 141328 0
45 33 141347 1
55 39 141347 1
108 80 141390 1
39 66 141410 1
40 62 141451 1
78 63 141451 1
108 76 141481 1
39 76 141482 1
59 89 141485 0
75 37 141508 1
39 80 141539 1
108 82 141581 1
73 38 141604 1
50 65 141617 0
106 87 141617 1
78 81 141627 1
78 85 141637 1
95 52 141647 1
43 32 141664 1
26 45 141666 0
46 58 141672 0
107 86 141676 1
40 84 141679 1
45 33 141679 1
39 82 141685 1
73 37 141691 1
78 37 141700 1
77 66 141726 1
89 97 141748 0
103 65 141752 1
61 49 141755 1
29 98 141767 0
76 87 141804 1
94 82 141804 1
94 50 141804 1
77 83 141804 1
17 15 141809 1
25 51 141815 0
107 73 141816 1
59 44 141823 1
39 85 141855 1
40 85 141872 1
88 42 141913 1
88 97 141920 0
24 80 141933 0
60 45 141989 1
37 99 142004 0
41 85 142005 1
77 52 142036 0
77 73 142036 1
84 40 142073 1
98 55 142074 1
74 37 142076 1
56 80 142078 0
39 65 142079 1
25 64 142110 0
57 43 142111 1
85 40 142113 1
102 63 142134 1
108 79 142135 1
77 68 142142 1
57 81 142162 0
42 88 142185 1
45 33 142192 1
66 94 142224 0
50 35 142238 1
24 83 142279 0
75 38 142279 1
91 99 142280 0
25 77 142287 0
66 93 142287 0
53 38 142302 1
25 71 142330 0
88 88 142360 0
107 74 142404 1
63 93 142430 0
106 74 142433 1
49 35 142440 1
105 71 142464 1
47 58 142466 0
101 59 142470 1
53 37 142484 1
51 34 142488 1
39 63 142496 1
42 91 142515 1
85 64 142516 0
89 88 142520 0
97 54 142555 1
53 70 142556 0
42 94 142597 1
87 42 142619 1
91 47 142626 1
54 72 142628 0
56 90 142657 0
25 91 142661 0
24 78 142731 0
78 64 142742 1
45 33 142751 1
58 44 142759 1
37 100 142760 0
33 100 142767 0
39 81 142780 1
104 65 142780 1
66 95 142781 0
47 59 142786 0
81 60 142788 0
35 35 142829 1
24 68 142830 0
82 38 142831 1
25 65 142843 0
51 35 142853 1
39 71 142872 1
57 83 142883 0
38 33 142914 1
61 47 142954 1
42 86 142955 1
26 96 142983 0
36 33 143050 1
41 34 143055 1
25 56 143095 0
107 75 143139 1
26 102 143159 0
105 69 143159 1
86 66 143189 0
93 101 143213 0
43 33 143229 1
61 48 143261 1
67 44 143271 0
25 88 143273 0
78 80 143297 1
90 100 143333 0
82 40 143360 1
40 83 143413 1
63 49 143435 1
47 33 143437 1
54 39 143445 1
25 87 143452 0
92 100 143476 0
45 57 143510 0
58 45 143510 1
45 33 143542 1
25 63 143576 0
24 69 143592 0
56 82 143633 0
93 49 143637 1
60 48 143637 1
104 67 143647 1
87 93 143687 0
78 77 143687 1
50 62 143692 0
52 67 143698 0
89 75 143719 0
91 46 143743 1
87 68 143750 0
99 56 143752 1
41 87 143761 1
87 95 143778 0
57 85 143814 0
42 87 143818 1
25 67 143821 0
86 94 143826 0
100 58 143849 1
47 60 143917 0
102 62 143917 1
41 86 143981 1
106 71 143998 1
41 84 144000 1
99 57 144028 1
80 37 144029 1
108 85 144031 1
52 66 144046 0
39 69 144062 1
25 58 144066 0
25 55 144084 0
77 76 144100 1
55 41 144110 1
25 84 144126 0
39 72 144131 1
25 75 144187 0
25 48 144241 0
54 40 144254 1
107 89 144277 1
39 74 144290 1
57 42 144323 1
96 53 144327 1
25 54 144328 0
29 99 144368 0
91 45 144394 1
39 67 144396 1
42 97 144413 1
103 64 144452 1
106 73 144458 1
55 39 144467 1
25 89 144476 0
25 76 144508 0
77 37 144511 1
52 37 144532 1
40 33 144534 1
39 82 144536 1
25 44 144543 0
81 59 144548 0
24 94 144601 0
45 33 144632 1
59 88 144634 0
26 43 144665 0
77 71 144668 1
101 60 144691 1
59 47 144734 1
77 70 144742 1
79 37 144763 1
33 99 144813 0
42 90 144825 1
30 98 144835 0
40 60 144838 1
94 49 144842 1
69 93 144882 0
25 78 144885 0
52 68 144896 0
78 76 144903 1
87 96 144912 0
49 64 144937 0
56 79 144950 0
48 32 144963 1
90 98 144966 0
46 58 144970 0
78 70 144997 1
44 56 145066 0
49 60 145116 0
90 44 145125 1
88 75 145138 0
48 33 145162 1
87 43 145170 1
61 91 145172 0
69 38 145179 1
41 33 145185 1
40 84 145193 1
78 68 145200 1
29 96 145203 0
79 36 145233 1
39 80 145234 1
92 99 145239 0
104 66 145243 1
88 97 145274 0
25 53 145321 0
25 92 145327 0
57 82 145336 0
86 68 145349 0
77 75 145379 1
108 84 145400 1
63 92 145417 0
89 99 145515 0
25 94 145525 0
47 58 145530 0
59 45 145542 1
57 84 145553 0
60 46 145581 1
93 100 145596 0
25 64 145617 0
57 81 145628 0
47 61 145683 0
87 70 145700 0
78 74 145723 1
78 82 145757 1
92 48 145764 1
28 97 145777 0
108 77 145803 1
25 47 145806 0
105 70 145814 1
89 45 145819 1
103 66 145852 1
54 72 145853 0
44 33 145856 1
85 41 145865 1
13 104 145883 0
30 99 145921 0
24 73 145927 0
25 79 145934 0
57 80 146002 0
54 37 146027 1
25 77 146044 0
89 44 146096 1
39 70 146123 1
100 57 146144 1
24 89 146161 0
78 83 146171 1
84 39 146177 1
40 61 146221 1
55 40 146232 1
83 39 146271 1
66 94 146289 0
29 41 146324 0
49 34 146338 1
35 99 146351 0
39 68 146360 1
42 89 146370 1
94 51 146387 1
78 65 146390 1
31 100 146410 0
84 64 146466 0
50 65 146489 0
25 71 146504 0
55 79 146510 0
24 62 146543 0
58 43 146636 1
45 58 146660 0
39 78 146677 1
93 50 146710 1
38 77 146718 1
77 77 146721 1
52 80 146748 0
39 77 146779 1
108 78 146840 1
46 60 146871 0
88 72 146876 0
44 57 146883 0
35 33 146895 1
13 85 146947 0
23 75 146950 0
45 33 146982 1
78 67 146993 1
54 38 146994 1
40 82 147028 1
81 38 147058 1
24 84 147153 0
57 86 147167 0
108 83 147214 1
39 81 147217 1
36 100 147234 0
53 66 147261 0
40 85 147280 1
32 101 147290 0
40 58 147303 1
56 41 147309 1
34 101 147316 0
41 89 147320 1
50 36 147330 1
23 50 147371 0
61 94 147416 0
68 94 147455 0
45 34 147523 1
70 93 147533 0
95 52 147562 1
56 81 147607 0
25 75 147635 0
42 95 147660 1
100 59 147675 1
89 75 147710 0
25 67 147736 0
48 34 147782 1
66 44 147798 0
25 52 147843 0
23 89 147844 0
32 99 147854 0
27 97 147857 0
87 100 147920 0
28 96 147948 0
27 96 147959 0
61 92 147984 0
25 88 147989 0
41 93 147997 1
57 88 148100 0
90 99 148132 0
46 34 148139 1
59 89 148148 0
62 92 148253 0
50 34 148278 1
52 67 148307 0
24 71 148350 0
57 43 148373 1
103 63 148385 1
109 79 148392 1
84 40 148477 1
24 66 148479 0
42 96 148502 1
101 61 148510 1
50 35 148518 1
56 80 148528 0
30 98 148535 0
31 99 148535 0
77 85 148562 1
25 65 148580 0
50 62 148609 0
29 98 148666 0
24 83 148696 0
108 81 148705 1
39 79 148712 1
39 73 148728 1
46 32 148739 1
108 75 148794 1
109 45 148797 1
75 36 148836 1
25 54 148856 0
58 87 148865 0
39 75 148954 1
53 73 149000 0
24 67 149074 0
52 36 149116 1
53 70 149137 0
48 35 149145 1
39 76 149160 1
24 88 149160 0
25 50 149167 0
62 48 149192 1
55 78 149195 0
78 73 149204 1
54 71 149220 0
32 100 149255 0
45 57 149272 0
87 72 149283 0
109 45 149287 0
35 34 149357 1
78 63 149360 0
78 79 149360 1
89 99 149369 0
27 43 149375 0
78 78 149427 1
103 65 149438 1
58 44 149458 1
82 37 149467 1
77 74 149478 1
86 66 149495 0
24 68 149495 0
54 72 149501 0
85 64 149540 0
53 38 149555 1
58 86 149583 0
25 51 149631 0
24 78 149655 0
24 70 149695 0
47 58 149713 0
91 100 149718 0
69 94 149721 0
39 66 149762 1
26 95 149792 0
54 90 149830 0
86 41 149896 1
86 95 149951 0
89 78 150005 0
38 99 150075 0
25 79 150113 0
40 83 150152 1
42 88 150196 1
69 93 150211 0
62 49 150243 1
82 61 150282 0
87 41 150284 1
88 97 150305 0
56 88 150341 0
53 69 150366 0
90 82 150387 1
88 76 150394 0
44 32 150406 1
80 22 150468 0
30 99 150478 0
57 83 150499 0
36 99 150608 0
91 79 150611 0
25 93 150726 0
87 92 150728 0
55 80 150744 0
28 41 150761 0
25 76 150812 0
54 75 150819 0
27 42 150849 0
39 65 150855 1
66 94 150910 0
25 56 150938 0
24 80 150943 0
91 83 151029 0
78 75 151030 1
89 97 151091 0
87 73 151102 0
59 90 151112 0
24 82 151161 0
24 56 151184 0
24 96 151206 0
54 76 151229 0
72 92 151249 0
48 61 151269 0
25 64 151330 0
26 76 151374 0
26 45 151418 0
26 96 151447 0
28 96 151511 0
24 75 151582 0
26 89 151594 0
65 47 151649 0
40 32 151687 1
50 64 151736 0
97 55 151748 1
87 94 151893 0
83 38 151912 1
56 40 151987 1
54 71 152015 0
25 55 152026 0
32 99 152047 0
46 58 152086 0
81 59 152093 0
91 99 152137 0
51 66 152160 0
81 60 152210 0
86 67 152228 0
25 84 152272 0
54 87 152305 0
62 95 152356 0
78 66 152430 1
42 33 152509 1
93 48 152613 1
30 98 152624 0
40 81 152668 1
54 39 152669 1
102 63 152723 1
66 93 152739 0
42 32 152777 1
25 77 152781 0
75 89 152781 1
105 69 152787 1
31 99 152791 0
58 86 152836 0
55 89 152852 0
47 59 152859 0
94 50 152953 1
87 90 152978 0
82 61 153092 0
70 95 153101 0
98 55 153130 1
58 87 153157 0
87 42 153162 1
38 71 153200 1
87 68 153248 0
97 99 153258 0
67 94 153314 0
25 89 153374 0
28 97 153397 0
83 62 153465 0
88 43 153491 1
90 98 153610 0
75 37 153643 1
95 51 153705 1
107 74 153715 1
49 60 153728 0
49 59 153764 0
91 84 153852 0
60 90 153853 0
53 69 153861 0
46 60 153869 0
56 78 153877 0
89 99 153883 0
34 103 153908 0
52 66 153911 0
28 101 153924 0
57 81 154025 0
38 34 154034 1
24 73 154035 0
85 94 154036 0
34 36 154075 1
78 84 154135 1
81 37 154145 1
50 65 154157 0
77 72 154200 1
61 49 154234 1
37 34 154254 1
89 43 154319 1
40 62 154335 1
46 33 154586 1
66 95 154685 0
108 76 154729 1
25 87 154769 0
103 62 154871 1
25 48 154888 0
90 43 154925 1
102 60 155052 1
41 86 155311 1
92 46 155313 1
77 86 155356 1
43 56 155371 0
41 91 155393 1
54 71 155420 0
72 37 155524 1
39 71 155650 1
86 66 155667 0
50 64 155704 0
27 45 155815 0
91 46 155847 1
28 96 155921 0
85 96 155940 0
41 85 155942 1
24 79 155947 0
86 67 155949 0
23 66 155957 0
85 71 156141 0
27 97 156144 0
102 62 156170 1
97 54 156178 1
88 42 156188 1
82 38 156215 1
54 75 156316 0
58 45 156425 1
27 93 156443 0
22 74 156468 0
107 73 156581 1
83 62 156590 0
89 87 156598 0
25 58 156599 0
25 75 156670 0
58 86 156722 0
99 55 156762 1
82 61 156790 0
89 75 156814 0
72 38 156820 1
42 87 156841 1
25 80 156992 0
29 96 157029 0
25 57 157040 0
88 73 157052 0
65 93 157075 0
24 69 157103 0
54 72 157144 0
43 57 157149 0
77 84 157150 1
39 82 157293 1
89 82 157336 0
53 73 157362 0
25 70 157373 0
56 78 157458 0
47 31 157514 1
65 46 157550 0
85 64 157626 0
85 95 157718 0
88 78 157767 0
24 85 157794 0
51 66 157795 0
24 68 157818 0
25 46 157828 0
56 79 157855 0
53 69 157865 0
89 98 157882 0
24 83 157912 0
30 99 158011 0
45 33 158014 1
56 39 158014 1
79 37 158240 1
77 78 158255 1
80 37 158256 1
60 90 158258 0
61 48 158353 1
96 53 158376 1
42 91 158385 1
52 37 158452 1
105 91 158464 1
53 37 158525 1
100 97 158530 0
70 94 158553 0
46 57 158688 0
91 47 158706 1
57 80 158765 0
90 85 158801 0
42 92 158802 1
66 94 158816 0
31 99 158832 0
104 65 158894 1
25 93 158976 0
43 92 158999 1
79 81 159052 1
24 71 159069 0
39 74 159135 1
74 37 159190 1
55 76 159267 0
55 81 159280 0
106 70 159320 1
106 69 159365 1
83 62 159416 0
36 35 159441 1
93 49 159444 1
26 42 159503 0
92 60 159506 1
92 47 159507 1
26 94 159519 0
32 99 159585 0
55 80 159622 0
39 33 159634 1
42 31 159641 1
102 61 159686 1
39 67 159701 1
58 87 159815 0
91 78 159854 0
52 33 159879 1
77 67 159921 1
105 68 159994 1
27 91 160342 0
25 78 160410 0
85 40 160453 1
50 64 160456 0
67 93 160491 0
25 54 160710 0
27 41 160750 0
24 90 160805 0
22 85 160847 0
24 63 160851 0
90 83 160951 0
83 63 160953 0
24 95 161027 0
53 36 161044 1
41 87 161162 1
36 99 161179 0
65 93 161229 0
25 57 161248 0
42 86 161266 1
25 61 161319 0
25 80 161374 0
89 74 161513 0
109 80 161524 1
101 59 161569 1
86 67 161592 0
30 98 161719 0
50 62 161740 0
47 62 161810 0
86 91 161870 0
25 70 161883 0
60 97 162169 0
89 98 162180 0
52 67 162310 0
39 30 162343 1
90 80 162442 0
78 81 162497 1
46 57 162503 0
39 63 162745 1
104 67 162918 1
46 62 163020 0
48 60 163048 0
55 40 163050 1
83 62 163079 0
42 94 163196 1
31 98 163212 0
91 42 163214 1
43 33 163256 1
24 79 163299 0
59 44 163412 1
60 90 163457 0
27 93 163483 0
106 71 163590 1
98 54 163810 1
23 52 163853 0
89 99 163924 0
24 66 164048 0
108 82 164054 1
88 76 164137 0
86 105 164138 0
88 73 164151 0
24 78 164174 0
55 76 164335 0
85 65 164431 0
91 45 164618 1
99 56 164635 1
46 60 164642 0
92 99 164654 0
89 73 164674 0
99 57 164725 1
51 35 164744 1
87 75 164855 0
61 47 164899 1
67 93 164953 0
60 46 164957 1
39 72 164963 1
46 59 165063 0
105 67 165079 1
95 99 165080 0
97 53 165158 1
107 72 165273 1
59 45 165322 1
81 59 165373 0
107 75 165407 1
100 57 165468 1
86 40 165481 1
108 79 165500 1
26 44 165503 0
25 60 165510 0
95 52 165564 1
89 74 165571 0
26 94 165626 0
103 64 165659 1
90 100 165667 0
89 85 165804 0
91 79 165806 0
82 61 165899 0
88 97 165938 0
95 100 166021 0
49 62 166079 0
89 42 166106 1
90 84 166157 0
104 66 166158 1
45 58 166175 0
57 41 166179 1
69 93 166226 0
84 100 166289 0
87 95 166291 0
25 46 166331 0
76 36 166333 1
63 92 166363 0
108 74 166449 1
94 48 166462 1
85 41 166477 1
87 91 166485 0
25 61 166486 0
54 71 166508 0
110 76 166523 1
39 80 166570 1
90 44 166577 1
26 48 166607 0
95 50 166617 1
85 39 166640 1
53 66 166674 0
89 97 166756 0
85 64 166806 0
77 37 166818 1
34 100 166837 0
77 66 166893 1
90 98 166903 0
59 88 166923 0
90 85 166950 0
103 65 166952 1
101 58 167007 1
79 78 167017 1
77 69 167048 1
92 100 167058 0
58 86 167144 0
80 36 167173 1
55 71 167174 0
47 58 167186 0
91 44 167212 1
59 43 167254 1
25 57 167254 0
84 68 167258 0
77 68 167272 1
94 50 167277 1
88 90 167277 0
23 61 167287 0
91 49 167326 1
84 40 167405 1
41 95 167406 1
93 100 167406 0
40 84 167448 1
48 60 167500 0
94 49 167510 1
122 56 167535 0
90 99 167535 0
50 33 167537 1
89 98 167573 0
78 77 167603 1
25 79 167607 0
90 73 167632 0
37 99 167641 0
72 93 167660 0
53 69 167664 0
83 61 167669 0
33 99 167717 0
22 60 167725 0
27 95 167811 0
42 90 167845 1
60 45 167867 1
89 73 167924 0
87 42 167925 1
87 93 167928 0
89 86 167936 0
107 71 167944 1
39 78 167999 1
105 68 168032 1
39 69 168050 1
58 41 168075 1
31 98 168094 0
39 77 168104 1
40 83 168111 1
86 66 168178 0
56 89 168183 0
56 78 168216 0
28 96 168221 0
85 66 168223 0
78 71 168246 1
81 38 168257 1
24 85 168261 0
26 93 168294 0
58 42 168324 1
78 79 168324 1
91 99 168373 0
65 93 168392 0
49 60 168415 0
45 32 168417 1
40 82 168480 1
70 94 168538 0
54 75 168563 0
90 80 168597 0
83 62 168606 0
50 35 168613 1
27 44 168634 0
55 39 168694 1
108 75 168711 1
83 39 168734 1
43 81 168795 1
43 31 168795 1
54 38 168795 1
71 93 168802 0
77 65 168815 1
66 93 168837 0
97 54 168868 1
37 33 168886 1
57 43 168921 1
35 100 169011 0
57 81 169011 0
25 76 169020 0
92 48 169027 1
53 71 169062 0
57 82 169075 0
33 36 169127 1
49 34 169141 1
105 69 169150 1
39 70 169151 1
85 65 169152 0
97 98 169189 0
77 71 169205 1
25 70 169220 0
35 99 169246 0
100 96 169250 0
43 32 169259 1
95 51 169391 1
78 82 169414 1
78 63 169441 1
40 63 169452 1
81 37 169478 1
108 83 169553 1
25 84 169561 0
40 64 169585 1
57 39 169593 1
25 71 169619 0
70 93 169630 0
58 44 169637 1
55 76 169644 0
27 97 169665 0
25 88 169679 0
43 90 169720 1
84 39 169780 1
25 91 169812 0
98 55 169812 1
39 64 169813 1
77 36 169818 1
25 80 169882 0
89 74 169922 0
103 63 169922 1
52 36 169924 1
107 67 169926 0
107 73 169926 1
78 83 169966 1
85 40 169998 1
49 33 170033 1
46 57 170055 0
83 38 170055 1
41 84 170066 1
47 33 170134 1
75 90 170209 1
44 33 170209 1
43 87 170220 1
25 66 170227 0
40 78 170228 1
82 38 170231 1
67 93 170263 0
58 43 170286 1
39 68 170286 1
39 75 170286 1
93 47 170291 1
48 34 170294 1
78 76 170336 1
24 87 170388 0
108 86 170449 1
41 83 170472 1
36 34 170508 1
23 63 170522 0
40 81 170531 1
41 32 170543 1
41 31 170549 1
73 37 170564 1
26 89 170571 0
107 87 170697 1
43 89 170736 1
39 76 170754 1
25 65 170780 0
24 81 170792 0
40 79 170893 1
104 65 170895 1
101 59 170987 1
53 38 171030 1
43 91 171050 1
78 64 171098 1
84 38 171102 1
25 64 171108 0
25 63 171132 0
107 86 171132 1
40 70 171194 1
83 61 171262 0
106 70 171263 1
44 31 171288 1
106 89 171293 1
77 70 171342 1
41 96 171360 1
25 60 171450 0
25 77 171506 0
92 46 171561 1
51 34 171597 1
88 42 171599 1
100 56 171602 1
26 48 171628 0
84 62 171685 0
40 80 171707 1
23 85 171754 0
33 100 171758 0
39 73 171791 1
53 74 171791 1
53 37 171791 1
87 41 171798 1
49 62 171812 0
83 31 171866 1
108 85 171908 1
106 90 171912 1
109 45 171989 1
39 65 172065 1
77 76 172087 1
83 41 172155 1
40 76 172188 1
25 53 172253 0
40 66 172350 1
43 88 172379 1
48 33 172474 1
25 61 172490 0
108 76 172511 1
40 92 172519 1
109 45 172530 0
25 89 172559 0
25 87 172594 0
55 75 172596 0
56 40 172596 1
60 90 172611 0
48 60 172619 0
26 82 172627 0
78 74 172661 1
96 53 172666 1
89 73 172692 0
79 37 172701 1
13 85 172704 0
49 59 172712 0
107 74 172796 1
31 98 172968 0
50 34 172969 1
57 80 172982 0
34 100 172999 0
38 33 173019 1
42 88 173049 1
54 40 173064 1
50 64 173079 0
52 37 173134 1
55 80 173136 0
89 76 173186 0
50 62 173197 0
25 86 173266 0
34 99 173339 0
63 93 173344 0
45 33 173344 1
40 69 173376 1
53 73 173389 0
87 69 173445 0
52 66 173478 0
25 75 173489 0
88 90 173581 0
39 71 173596 1
108 78 173632 1
41 33 173825 1
109 81 173893 1
103 64 173910 1
27 95 173919 0
49 61 173937 0
60 93 173982 0
31 99 174036 0
102 62 174104 1
26 93 174131 0
53 66 174177 0
87 91 174177 0
24 73 174188 0
52 35 174269 1
40 61 174323 1
40 67 174324 1
51 66 174373 0
78 36 174402 1
26 76 174428 0
33 35 174446 1
25 78 174462 0
61 91 174498 0
78 73 174570 1
46 59 174578 0
78 85 174582 1
102 60 174605 1
25 66 174633 0
89 43 174743 1
84 62 174760 0
94 51 174805 1
102 61 174853 1
35 100 174863 0
87 68 174873 0
91 77 174967 0
87 94 174974 0
73 93 174977 0
52 34 174981 1
38 99 175004 0
23 65 175033 0
91 46 175046 1
56 83 175049 0
91 78 175153 0
78 65 175307 1
38 98 175312 0
86 90 175355 0
63 49 175399 1
98 98 175440 0
39 31 175540 1
80 37 175552 1
26 94 175560 0
47 58 175619 0
25 52 175639 0
25 44 175649 0
93 48 175663 1
45 57 175896 0
88 73 175929 0
109 45 176016 1
89 74 176038 0
109 45 176051 0
56 80 176071 0
77 63 176218 1
27 93 176253 0
59 89 176263 0
87 98 176278 0
60 46 176312 1
29 96 176341 0
38 100 176358 0
88 70 176466 0
67 45 176499 0
85 65 176516 0
48 62 176644 0
105 67 176761 1
83 98 176762 0
32 98 176769 0
84 66 176805 0
26 57 176818 0
24 44 176844 0
89 88 176935 0
51 67 176954 0
25 86 176966 0
90 75 177039 0
24 79 177147 0
96 99 177185 0
57 87 177186 0
104 66 177259 1
40 85 177389 1
107 72 177414 1
34 99 177427 0
100 57 177428 1
87 92 177439 0
88 79 177638 0
60 89 177650 0
91 83 177740 0
87 89 177746 0
101 60 177807 1
53 71 177907 0
53 74 177918 0
99 56 177960 1
94 101 177973 0
49 61 178163 0
106 68 178211 1
23 70 178279 0
84 62 178289 0
41 85 178330 1
36 101 178369 0
92 99 178409 0
52 83 178434 0
99 55 178455 1
81 59 178467 0
55 75 178469 0
90 80 178508 0
89 98 178510 0
42 85 178534 1
91 79 178695 0
90 73 178702 0
23 84 178726 0
58 82 178741 0
93 49 178747 1
78 75 178802 1
105 68 178879 1
89 97 178952 0
23 60 178983 0
90 98 178983 0
83 61 178993 0
87 70 179023 0
54 70 179064 0
25 60 179069 0
62 92 179107 0
91 100 179118 0
73 92 179120 0
90 44 179120 1
97 54 179129 1
94 50 179149 1
25 47 179196 0
59 44 179243 1
109 79 179279 1
42 87 179305 1
85 64 179318 0
87 96 179331 0
21 67 179352 0
87 69 179367 0
25 57 179399 0
97 53 179452 1
86 40 179510 1
90 75 179523 0
22 72 179528 0
105 66 179550 1
91 45 179566 1
87 84 179587 0
57 41 179644 1
54 72 179644 0
45 55 179677 0
94 49 179703 1
77 74 179722 1
49 60 179840 0
103 62 179865 1
55 71 179890 0
108 74 179905 1
82 37 179941 1
55 76 179944 0
89 76 179957 0
54 71 179966 0
26 48 180031 0
72 92 180034 0
109 78 180041 1
54 39 180042 1
91 84 180114 0
87 42 180118 1
86 41 180132 1
61 48 180139 1
78 66 180147 1
40 62 180206 1
40 82 180242 1
46 58 180324 0
58 87 180327 0
53 36 180363 1
88 70 180393 0
24 91 180416 0
25 66 180442 0
22 63 180446 0
51 35 180456 1
45 61 180461 0
55 38 180476 1
79 36 180506 1
26 71 180534 0
55 39 180541 1
80 61 180541 0
91 99 180555 0
35 101 180585 0
98 54 180589 1
104 64 180606 1
63 92 180609 0
95 51 180637 1
62 49 180687 1
107 73 180761 1
27 91 180765 0
22 66 180772 0
33 99 180798 0
63 98 180804 0
24 55 180811 0
39 80 180836 1
22 81 180852 0
13 85 180862 0
25 79 180867 0
75 37 180871 1
89 87 180878 0
24 87 180890 0
79 80 180899 1
89 77 180908 0
47 32 180912 1
42 86 180934 1
101 59 180962 1
95 50 180972 1
23 45 180978 0
69 93 180994 0
95 52 181016 1
22 64 181022 0
39 82 181024 1
106 69 181045 1
104 65 181069 1
40 84 181098 1
96 51 181101 1
46 57 181120 0
108 81 181139 1
96 50 181179 1
79 82 181186 1
84 62 181187 0
26 57 181189 0
32 99 181195 0
85 40 181196 1
41 58 181198 1
108 72 181200 1
54 37 181204 1
86 70 181212 0
81 60 181226 0
32 98 181234 0
66 45 181236 1
78 70 181299 1
61 47 181301 1
39 74 181315 1
52 65 181319 0
67 93 181321 0
25 86 181331 0
26 45 181353 0
61 90 181354 0
108 75 181360 1
91 78 181386 0
60 92 181394 0
103 87 181417 1
103 64 181417 1
30 102 181450 0
95 99 181462 0
36 100 181467 0
79 79 181494 1
39 78 181497 1
34 100 181505 0
60 45 181507 1
60 89 181540 0
87 71 181546 0
89 73 181597 0
78 68 181599 1
56 78 181616 0
90 85 181645 0
103 63 181658 1
25 58 181684 0
30 98 181688 0
47 57 181695 0
27 90 181723 0
25 76 181739 0
36 99 181750 0
89 69 181773 0
88 90 181775 0
39 72 181813 1
25 46 181839 0
92 45 181854 1
57 81 181855 0
26 93 181861 0
58 82 181868 0
109 83 181871 1
53 66 181875 0
35 100 181895 0
90 75 181902 0
81 37 181917 1
51 78 181939 0
27 40 181951 0
25 84 181989 0
30 100 181998 0
27 95 182002 0
89 42 182005 1
58 42 182007 1
55 82 182080 0
85 67 182098 0
42 33 182104 1
109 77 182110 1
25 70 182117 0
89 71 182141 0
59 86 182172 0
88 97 182201 0
54 70 182238 0
62 48 182257 1
25 88 182269 0
58 86 182313 0
48 60 182314 0
86 66 182323 0
25 80 182324 0
58 96 182336 0
106 70 182372 1
25 71 182383 0
49 59 182487 0
53 80 182504 0
34 99 182505 0
57 80 182526 0
59 88 182566 0
101 58 182569 1
56 39 182579 1
26 89 182682 0
25 55 182714 0
25 61 182717 0
46 32 182761 1
83 37 182774 1
40 81 182778 1
70 94 182802 0
88 42 182803 1
73 36 182837 1
40 65 182839 1
59 43 182849 1
27 92 182863 0
28 42 182889 0
109 82 182903 1
58 88 182913 0
90 105 182916 0
88 71 182950 0
82 38 183005 1
40 71 183043 1
74 37 183049 1
24 59 183050 0
25 56 183062 0
77 36 183063 1
85 93 183069 0
43 93 183078 1
27 45 183080 0
40 72 183087 1
54 77 183088 0
43 86 183108 1
48 67 183115 0
88 88 183116 0
82 63 183166 0
54 73 183202 0
61 46 183204 1
30 97 183229 0
39 77 183245 1
101 57 183245 1
99 54 183278 1
91 77 183301 0
87 91 183338 0
34 35 183397 1
27 43 183427 0
65 93 183429 0
54 36 183490 1
29 100 183515 0
93 47 183522 1
35 99 183528 0
92 46 183533 1
25 85 183547 0
83 38 183576 1
102 59 183587 1
104 66 183595 1
88 70 183607 0
47 59 183622 0
62 91 183628 0
53 79 183659 0
49 62 183669 0
51 64 183685 0
49 61 183718 0
83 61 183738 0
25 87 183766 0
62 47 183773 1
50 62 183820 0
43 92 183825 1
102 61 183846 1
90 73 183850 0
90 43 183865 1
57 83 183907 0
78 84 183964 1
26 71 184115 0
45 55 184144 0
77 69 184170 1
74 36 184189 1
107 72 184204 1
39 81 184240 1
98 53 184241 1
87 40 184241 1
84 40 184263 1
87 41 184299 1
48 32 184330 1
41 84 184346 1
26 76 184350 0
95 49 184367 1
109 76 184442 1
53 67 184475 0
31 98 184485 0
86 77 184501 0
22 93 184506 0
25 67 184510 0
77 37 184510 1
21 65 184519 0
52 65 184533 0
90 99 184538 0
54 38 184546 1
90 98 184549 0
51 77 184565 0
47 57 184615 0
84 71 184640 0
83 99 184641 0
107 70 184641 1
108 73 184685 1
26 82 184693 0
51 75 184699 0
55 71 184740 0
89 71 184741 0
49 60 184765 0
19 71 184795 0
87 99 184822 0
39 66 184823 1
25 63 184824 0
90 79 184840 0
39 99 184857 0
66 93 184859 0
42 91 184867 1
29 96 184908 0
60 95 184914 0
49 34 184915 1
23 80 184929 0
57 43 184941 1
57 92 184945 0
44 32 184961 1
93 101 184973 0
65 95 184974 0
88 103 185007 0
25 50 185016 0
55 77 185040 0
59 86 185078 0
25 65 185209 0
53 37 185218 1
27 44 185282 0
25 77 185283 0
97 54 185309 1
102 60 185311 1
39 69 185338 1
54 74 185355 0
43 90 185356 1
85 38 185359 1
40 79 185382 1
99 55 185413 1
26 57 185448 0
89 97 185493 0
37 99 185505 0
40 80 185515 1
58 82 185517 0
61 90 185544 0
59 44 185553 1
90 75 185567 0
25 86 185604 0
41 60 185650 1
46 56 185739 0
28 96 185760 0
45 67 185778 0
44 59 185820 0
78 67 185825 1
39 76 185839 1
107 71 185948 1
27 92 185960 0
60 89 185964 0
86 67 185992 0
86 40 186054 1
94 49 186072 1
99 56 186080 1
89 86 186089 0
109 75 186161 1
57 79 186231 0
32 98 186296 0
38 34 186331 1
35 35 186334 1
83 62 186349 0
100 57 186417 1
43 94 186435 1
47 33 186520 1
52 36 186544 1
77 68 186545 1
43 89 186566 1
59 41 186619 1
91 44 186621 1
45 56 186643 0
50 35 186677 1
30 97 186699 0
61 49 186763 1
41 59 186763 1
43 33 186788 1
38 8 186800 1
37 100 186817 0
78 79 186866 1
76 36 186866 1
55 73 186870 0
90 44 186920 1
42 86 186937 1
39 75 186946 1
64 48 186953 1
54 88 186959 0
104 67 186982 1
64 92 187045 0
40 73 187051 1
54 70 187054 0
91 43 187064 1
109 80 187065 1
85 39 187104 1
76 88 187120 1
42 90 187192 1
55 39 187216 1
89 43 187311 1
57 41 187312 1
25 85 187329 0
40 32 187353 1
97 53 187354 1
103 58 187369 1
79 78 187386 1
48 62 187409 0
94 48 187422 1
75 36 187435 1
36 33 187476 1
40 68 187548 1
53 36 187640 1
103 61 187647 1
79 81 187647 1
51 64 187654 0
39 63 187668 1
58 84 187791 0
88 70 187955 0
32 35 188012 1
87 65 188054 0
53 67 188065 0
79 83 188065 1
105 67 188106 1
78 82 188148 1
39 73 188192 1
105 68 188220 1
93 50 188292 1
100 56 188326 1
40 82 188327 1
55 75 188331 0
62 91 188373 0
26 91 188380 0
45 27 188444 1
64 97 188647 0
88 94 188681 0
60 44 188711 1
63 48 188734 1
40 75 188743 1
20 82 188770 0
102 54 188827 1
45 31 188948 1
51 35 188974 1
44 33 189073 1
43 87 189122 1
95 51 189151 1
84 38 189213 1
56 40 189213 1
38 32 189218 1
98 54 189246 1
43 91 189293 1
60 41 189440 1
89 71 189466 0
45 33 189499 1
52 35 189562 1
100 55 189572 1
54 73 189640 0
26 84 189665 0
24 77 189727 0
88 71 189771 0
53 71 189835 0
45 32 189838 1
70 93 189905 0
46 56 189927 0
84 66 189931 0
57 79 190042 0
39 33 190052 1
30 97 190103 0
78 83 190152 1
60 46 190249 1
26 62 190256 0
108 74 190281 1
78 71 190347 1
26 48 190368 0
101 59 190376 1
55 73 190387 0
95 50 190433 1
40 31 190453 1
49 33 190505 1
109 79 190518 1
105 66 190574 1
33 34 190576 1
64 92 190744 0
28 98 190757 0
43 88 190801 1
40 77 190853 1
106 68 190864 1
103 62 190870 1
40 63 190893 1
80 35 190947 1
27 91 190981 0
84 62 191065 0
91 45 191082 1
85 40 191084 1
52 65 191102 0
54 68 191129 0
25 89 191178 0
27 100 191199 0
40 64 191227 1
44 56 191228 0
51 62 191235 0
33 97 191262 0
69 95 191288 0
78 73 191291 1
89 76 191355 0
25 64 191372 0
90 79 191390 0
23 55 191474 0
53 74 191497 0
91 79 191536 0
103 63 191538 1
25 75 191540 0
107 71 191599 1
88 41 191616 1
92 99 191646 0
59 86 191649 0
55 77 191689 0
64 94 191699 0
87 69 191717 0
80 36 191738 1
41 83 191773 1
81 36 191773 1
65 94 191792 0
25 85 191794 0
25 66 191806 0
59 87 191820 0
109 78 191852 1
53 38 191854 1
22 55 191913 0
96 51 191935 1
25 92 191967 0
34 99 191990 0
77 70 192026 1
82 37 192076 1
101 58 192101 1
89 69 192123 0
58 84 192126 0
22 86 192171 0
91 83 192184 0
99 55 192186 1
79 77 192186 1
25 78 192193 0
51 64 192194 0
26 43 192211 0
105 65 192224 1
45 56 192233 0
109 74 192235 1
93 46 192241 1
93 47 192262 1
58 43 192262 1
97 53 192264 1
106 67 192268 1
91 78 192335 0
104 63 192343 1
89 88 192371 0
88 94 192421 0
92 46 192439 1
107 72 192455 1
81 37 192480 1
89 42 192481 1
47 57 192489 0
27 92 192530 0
39 71 192553 1
53 67 192607 0
60 45 192616 1
61 47 192633 1
79 36 192638 1
26 71 192655 0
90 73 192729 0
79 80 192739 1
42 32 192740 1
58 42 192746 1
88 42 192792 1
87 41 192850 1
91 77 192861 0
79 76 192890 1
27 93 192898 0
86 40 192904 1
94 49 192910 1
83 38 192914 1
90 75 192918 0
56 79 192960 0
78 36 192966 1
50 34 192985 1
109 79 193020 1
109 81 193044 1
53 66 193049 0
91 99 193057 0
51 34 193068 1
87 94 193099 0
88 66 193112 0
103 62 193141 1
57 37 193156 1
104 64 193198 1
59 42 193235 1
83 37 193235 1
102 60 193257 1
109 76 193260 1
92 100 193263 0
72 92 193268 0
95 50 193272 1
107 71 193279 1
97 52 193280 1
40 78 193286 1
102 58 193335 1
67 44 193350 0
40 74 193358 1
107 70 193382 1
40 81 193424 1
67 42 193431 0
26 52 193434 0
41 85 193446 1
91 81 193452 0
39 78 193466 1
89 71 193504 0
48 33 193509 1
58 40 193523 1
109 80 193537 1
51 62 193546 0
58 41 193553 1
85 39 193575 1
45 54 193592 0
78 74 193598 1
98 54 193611 1
26 91 193613 0
55 73 193636 0
38 99 193644 0
40 66 193660 1
85 64 193663 0
97 100 193680 0
47 58 193717 0
56 38 193722 1
107 73 193745 1
61 90 193760 0
105 66 193764 1
95 49 193776 1
107 69 193831 1
84 39 193845 1
54 68 193854 0
59 43 193871 1
53 35 193887 1
58 82 193910 0
87 65 193930 0
30 99 193935 0
88 70 193936 0
77 36 193938 1
42 85 193938 1
81 59 193952 0
62 91 193954 0
89 104 193958 0
49 59 193974 0
25 54 193981 0
54 37 193995 1
90 44 193995 1
52 66 194000 0
53 37 194009 1
40 70 194017 1
42 87 194019 1
99 54 194025 1
90 98 194068 0
88 89 194095 0
108 74 194111 1
101 57 194123 1
78 66 194139 1
94 50 194140 1
92 45 194146 1
68 95 194157 0
55 71 194161 0
79 66 194173 1
48 57 194182 0
26 89 194187 0
58 39 194203 1
40 76 194206 1
86 39 194256 1
39 72 194278 1
24 80 194283 0
64 92 194287 0
59 44 194289 1
79 79 194294 1
87 88 194306 0
79 74 194314 1
91 84 194323 0
106 68 194357 1
88 90 194375 0
57 41 194380 1
87 95 194414 0
24 99 194425 0
57 79 194430 0
24 46 194431 0
60 89 194432 0
109 77 194436 1
24 65 194445 0
27 90 194451 0
26 84 194468 0
52 71 194469 0
26 62 194471 0
30 97 194484 0
55 93 194489 0
26 97 194490 0
54 78 194507 0
84 68 194535 0
38 98 194543 0
73 91 194543 0
64 96 194544 0
57 40 194552 1
43 56 194562 0
91 44 194567 1
40 69 194568 1
92 80 194571 0
42 95 194590 1
79 61 194592 1
80 36 194615 1
87 93 194623 0
98 53 194642 1
105 67 194661 1
87 64 194679 0
25 79 194684 0
54 36 194689 1
54 77 194709 0
62 88 194715 0
50 33 194718 1
61 45 194720 1
41 84 194728 1
82 36 194732 1
89 41 194739 1
96 51 194750 1
90 84 194752 0
57 39 194793 1
108 83 194802 1
25 82 194805 0
96 50 194816 1
61 46 194817 1
89 97 194826 0
25 51 194840 0
40 79 194849 1
84 38 194853 1
60 45 194862 1
55 69 194868 0
42 84 194871 1
78 77 194875 1
36 99 194880 0
90 43 194885 1
109 82 194904 1
87 40 194905 1
27 50 194905 0
55 39 194929 1
40 67 194951 1
104 65 194951 1
91 79 194965 0
78 70 194966 1
40 62 194986 1
97 53 194987 1
48 59 194993 0
26 72 194998 0
43 32 195012 1
102 59 195043 1
39 80 195059 1
45 55 195059 0
79 70 195060 1
99 55 195073 1
100 56 195074 1
84 64 195115 0
69 93 195143 0
53 36 195148 1
54 74 195148 0
79 78 195166 1
26 57 195187 0
39 70 195193 1
51 62 195212 0
35 100 195213 0
55 38 195213 1
79 63 195223 1
46 32 195225 1
82 60 195252 0
39 74 195252 1
94 48 195252 1
86 40 195257 1
53 66 195284 0
108 72 195293 1
55 37 195303 1
89 42 195325 1
61 43 195335 1
97 98 195357 0
52 34 195361 1
79 36 195405 1
93 47 195412 1
26 76 195414 0
100 96 195417 0
59 87 195433 0
89 69 195461 0
28 94 195474 0
104 62 195511 1
41 32 195533 1
46 56 195545 0
40 71 195564 1
33 99 195595 0
88 94 195611 0
101 59 195616 1
79 69 195619 1
53 34 195647 1
26 82 195648 0
92 99 195659 0
62 93 195663 0
86 69 195732 0
62 47 195733 1
91 78 195751 0
41 61 195788 1
93 45 195789 1
51 34 195798 1
58 84 195800 0
28 44 195812 0
89 40 195817 1
90 73 195822 0
43 30 195826 1
81 37 195828 1
59 43 195856 1
83 36 195857 1
58 42 195897 1
42 86 195906 1
95 50 195934 1
56 39 195969 1
54 68 196000 0
103 62 196013 1
40 80 196014 1
25 84 196017 0
100 55 196031 1
109 78 196036 1
47 32 196041 1
57 80 196051 0
49 60 196051 0
40 72 196091 1
60 43 196106 1
42 94 196108 1
85 63 196147 0
53 70 196155 0
95 99 196181 0
43 85 196208 1
47 57 196221 0
108 73 196249 1
43 92 196283 1
51 35 196300 1
43 86 196300 1
58 91 196303 0
55 73 196314 0
40 78 196314 1
42 31 196337 1
43 89 196355 1
35 99 196359 0
40 65 196362 1
27 45 196368 0
41 82 196368 1
45 59 196378 0
43 90 196401 1
59 86 196423 0
90 86 196427 0
39 32 196481 1
27 91 196499 0
68 93 196512 0
32 98 196539 0
81 36 196557 1
29 96 196582 0
87 41 196587 1
79 73 196594 1
99 96 196596 0
83 38 196606 1
57 89 196630 0
27 53 196633 0
95 51 196638 1
79 82 196650 1
47 33 196650 1
25 85 196673 0
43 31 196702 1
26 52 196716 0
49 59 196745 0
26 71 196764 0
60 44 196773 1
109 79 196801 1
92 46 196839 1
49 33 196849 1
85 40 196859 1
41 83 196862 1
52 65 196874 0
55 71 196878 0
93 46 196899 1
25 80 196903 0
83 61 196907 0
88 66 196916 0
78 73 196918 1
41 58 196935 1
82 61 196936 0
85 39 196942 1
103 64 196952 1
47 60 196955 0
109 75 196958 1
25 86 196959 0
90 82 196965 0
39 65 196967 1
76 87 196967 1
37 33 197019 1
87 65 197033 0
33 97 197038 0
94 49 197042 1
41 57 197069 1
103 61 197118 1
51 62 197122 0
102 61 197165 1
42 83 197200 1
55 76 197214 0
40 73 197223 1
40 75 197224 1
40 74 197232 1
54 35 197233 1
48 32 197275 1
40 61 197300 1
74 36 197305 1
34 98 197344 0
27 92 197349 0
101 58 197379 1
40 81 197412 0
40 81 197412 1
48 57 197412 0
40 77 197423 1
107 70 197462 1
89 43 197467 1
107 71 197482 1
91 77 197483 0
90 79 197496 0
28 40 197533 0
26 53 197551 0
40 82 197571 1
88 92 197584 0
57 41 197610 1
88 71 197615 0
108 82 197620 1
26 84 197622 0
25 60 197624 0
42 33 197657 1
76 36 197666 1
43 87 197701 1
79 62 197701 1
58 41 197703 1
79 81 197707 1
41 84 197715 1
26 62 197716 0
34 100 197717 0
88 40 197740 1
79 80 197750 1
105 65 197769 1
26 89 197789 0
83 37 197807 1
53 67 197813 0
26 44 197822 0
80 36 197830 1
26 72 197836 0
40 79 197838 1
87 39 197863 1
92 40 197880 1
79 75 197900 1
41 33 197910 1
105 66 197940 1
106 67 197958 1
34 99 197992 0
62 46 197993 1
91 43 198012 1
59 44 198019 1
107 88 198035 1
51 64 198069 0
49 90 198113 0
49 32 198113 1
27 44 198134 0
60 45 198136 1
39 76 198142 1
28 93 198161 0
103 63 198177 1
108 75 198179 1
53 75 198203 0
91 83 198222 0
30 97 198227 0
77 85 198253 1
104 63 198256 1
78 86 198260 1
82 37 198269 1
26 91 198291 0
87 97 198306 0
109 84 198313 1
56 84 198326 0
85 63 198353 0
100 54 198363 1
40 37 198377 1
40 68 198377 1
40 98 198388 0
27 43 198411 0
56 38 198453 1
26 76 198461 0
53 36 198487 1
55 77 198539 0
52 35 198641 1
54 70 198708 0
89 71 198742 0
25 82 198769 0
31 99 198789 0
106 68 198797 1
42 58 198835 1
64 92 198853 0
54 37 198854 1
109 83 198856 1
82 60 198860 0
54 68 198877 0
55 69 198881 0
28 94 198901 0
25 88 198912 0
84 38 198929 1
40 76 198982 1
108 85 198984 1
47 31 198990 1
46 31 198993 1
57 79 199002 0
77 36 199012 1
40 70 199025 1
27 42 199081 0
107 72 199081 1
78 65 199084 1
75 36 199110 1
54 36 199135 1
103 65 199170 1
48 59 199234 0
42 85 199272 1
41 81 199284 1
98 54 199306 1
41 60 199314 1
53 69 199331 0
26 82 199366 0
64 48 199370 1
35 33 199394 1
40 69 199413 1
43 93 199413 1
101 56 199420 1
59 42 199438 1
99 56 199444 1
65 92 199464 0
59 87 199520 0
56 78 199544 0
74 37 199555 1
31 98 199612 0
63 49 199620 1
58 82 199625 0
85 38 199628 1
84 62 199641 0
26 57 199674 0
109 80 199677 1
105 68 199716 1
57 82 199753 0
45 56 199772 0
26 52 199867 0
63 47 199871 1
37 99 199894 0
53 35 199923 1
90 70 199953 0
63 92 199971 0
77 86 199984 1
39 77 199986 1
0 0 200010 0
