86 62 0 0
83 73 542 0
84 78 573 0
41 85 1214 1
92 111 1375 1
35 116 1471 0
25 104 1652 0
103 38 1718 1
49 39 1725 1
93 39 1744 1
42 66 1825 1
41 68 1990 1
55 77 2049 0
65 46 2079 1
85 78 2102 0
26 108 2324 0
53 39 2553 1
37 80 2902 1
67 47 2944 1
54 85 3102 0
30 64 3158 0
23 102 3176 0
39 116 3197 0
31 112 3313 0
55 55 3338 0
57 60 3345 0
22 87 3397 0
59 59 3460 0
25 71 3663 0
37 115 3667 0
55 54 3841 0
54 89 4013 0
39 50 4192 0
58 90 4430 0
63 92 4430 0
86 79 4441 0
28 65 4643 0
87 79 4782 0
84 79 5126 0
50 103 5581 1
33 114 5588 1
30 113 5670 0
31 60 5778 0
24 74 6141 0
56 89 6222 0
26 108 6403 0
25 104 6488 0
60 65 6543 0
72 80 6658 1
66 44 6664 1
85 78 6868 0
57 55 6927 0
55 54 7149 0
55 87 7253 0
31 61 7445 0
22 101 7461 0
32 114 7583 0
61 91 7808 0
53 55 7830 0
83 76 8192 0
60 60 8240 0
71 53 8241 1
90 79 8260 0
24 103 8561 0
97 36 8652 1
39 115 8945 0
49 94 9175 1
44 115 9192 0
50 102 9481 1
49 93 9547 1
60 62 9570 0
60 64 10723 0
22 77 10789 0
55 54 10922 0
62 42 11262 1
107 51 11272 1
57 55 11308 0
107 43 11368 1
49 97 11490 1
100 37 11615 1
97 37 11635 1
58 90 11852 0
104 39 11940 1
107 50 12026 1
107 44 12253 1
60 60 12542 0
101 38 12696 1
86 79 12721 0
105 41 12758 1
69 50 12819 1
58 62 12822 0
63 43 12906 1
60 63 13051 0
84 78 13067 0
67 46 13070 1
68 48 13104 1
102 38 13113 1
68 47 13211 1
89 79 13230 0
60 65 13284 0
54 39 13299 1
23 98 13394 0
49 103 13446 1
105 40 13506 1
107 46 13632 1
64 43 14080 1
1 113 14187 1
42 83 14259 1
60 123 14296 1
50 39 14371 1
56 54 14459 0
60 62 14560 0
106 43 14695 1
41 70 14750 1
28 112 14781 0
61 62 14826 0
84 76 14951 0
69 51 15001 1
108 48 15107 1
104 40 15133 1
50 106 15237 1
47 86 15271 1
99 36 15290 1
24 103 15371 0
33 115 15387 0
49 101 15455 1
55 81 15603 0
37 116 15673 0
96 37 15778 1
61 40 15783 1
58 73 15823 0
49 98 15918 1
37 89 15938 1
55 54 16011 0
38 78 16015 1
91 78 16023 0
59 40 16048 1
68 49 16058 1
84 67 16070 0
23 91 16101 0
23 80 16135 0
25 103 16192 0
89 40 16194 1
60 61 16216 0
24 104 16233 0
58 91 16282 0
29 112 16374 0
57 55 16378 0
70 51 16395 1
26 108 16411 0
49 108 16445 1
44 83 16478 1
102 37 16579 1
23 100 16664 0
85 76 16695 0
23 79 16767 0
85 78 16825 0
83 66 16880 0
60 60 16939 0
27 66 16942 0
23 88 17034 0
56 78 17123 0
38 0 17199 1
84 73 17200 0
101 37 17200 1
26 68 17215 0
23 105 17217 0
55 86 17313 0
60 64 17343 0
48 59 17420 0
106 41 17490 1
37 81 17492 1
27 108 17549 0
60 63 17587 0
46 85 17617 1
53 38 17629 1
55 39 17686 1
90 39 17748 1
45 62 17813 1
28 110 17825 0
40 72 17849 1
60 39 17980 1
55 84 17985 0
56 54 18030 0
38 80 18061 1
69 48 18155 1
23 98 18168 0
41 69 18220 1
90 79 18314 0
60 40 18367 1
59 39 18380 1
22 95 18388 0
65 44 18406 1
31 112 18416 0
39 115 18440 0
50 105 18489 1
35 116 18515 0
27 87 18544 1
27 110 18544 0
57 88 18750 0
71 79 18794 1
54 55 18808 0
25 104 18822 0
31 114 18839 0
49 100 18845 1
28 113 18846 0
85 75 18854 0
88 40 18952 1
60 72 19041 0
41 115 19057 0
47 85 19092 1
52 39 19101 1
23 75 19130 0
47 89 19154 1
60 41 19195 1
24 101 19254 0
22 86 19513 0
48 86 19519 1
60 62 19521 0
27 106 19596 0
87 78 19602 0
58 39 19605 1
49 91 19782 1
92 38 19809 1
47 41 19812 1
40 73 19839 1
62 41 19936 1
83 74 20004 0
60 70 20024 0
95 36 20083 1
49 107 20086 1
84 75 20162 0
49 99 20182 1
57 39 20247 1
37 83 20275 1
71 54 20426 1
57 56 20508 0
44 43 20548 1
59 58 20572 0
45 115 20612 0
59 91 20713 0
69 49 20746 1
23 96 20820 0
60 61 20827 0
44 82 20865 1
32 59 20889 0
48 88 20894 1
33 115 20927 0
40 116 20942 0
49 105 21164 1
59 71 21174 0
23 95 21202 0
65 43 21246 1
32 58 21294 0
84 73 21304 0
59 90 21342 0
49 90 21388 1
49 92 21545 1
50 104 21701 1
64 42 21708 1
37 114 21775 0
56 54 21778 0
85 77 21830 0
107 47 21898 1
60 65 22006 0
23 92 22011 0
24 100 22140 0
22 92 22169 0
60 63 22245 0
55 83 22313 0
24 103 22404 0
29 111 22425 0
57 57 22710 0
43 84 22973 1
38 84 23006 1
53 85 23043 0
33 78 23342 1
83 71 23453 0
104 39 23487 1
23 98 23640 0
45 100 23741 1
103 38 23906 1
36 115 23908 0
109 45 23978 1
61 41 24010 1
107 49 24065 1
107 45 24068 1
64 90 24109 0
72 79 24193 1
109 45 24441 0
100 37 24450 1
24 99 24470 0
42 67 24506 1
23 76 24706 0
23 101 24774 0
100 36 24793 1
101 36 24810 1
69 50 24977 1
89 39 25057 1
105 42 25085 1
23 88 25094 0
97 35 25096 1
33 114 25105 0
59 58 25203 0
73 76 25216 1
82 65 25229 0
89 78 25252 0
54 38 25420 1
27 110 25461 0
22 95 25487 0
107 46 25493 1
49 102 25570 1
72 78 25749 1
57 56 25766 0
23 84 25787 0
105 40 25800 1
49 96 25819 1
107 44 25863 1
61 39 26020 1
61 68 26021 0
57 38 26174 1
57 55 26271 0
61 42 26282 1
108 49 26402 1
63 43 26405 1
58 89 26420 0
67 47 26441 1
50 40 26456 1
48 89 26456 1
64 43 26460 1
71 81 26594 1
37 86 26669 1
40 70 26675 1
62 40 26681 1
59 57 26685 0
106 43 26708 1
58 90 26761 0
38 77 26798 1
62 91 26828 0
55 54 26837 0
59 60 26860 0
90 40 26862 1
107 50 26912 1
93 38 27001 1
60 70 27010 0
85 77 27043 0
57 88 27123 0
62 42 27125 1
67 46 27176 1
86 79 27224 0
33 115 27231 0
68 47 27260 1
68 46 27342 1
49 97 27373 1
56 88 27386 0
56 54 27492 0
96 71 27513 1
107 43 27546 1
106 42 27562 1
25 103 27651 0
84 73 27705 0
107 52 27715 1
60 60 27735 0
73 75 27795 1
61 62 27814 0
60 62 27833 0
57 54 27843 0
23 80 27885 0
70 52 27893 1
49 41 27893 1
68 48 27923 1
84 64 27926 0
66 45 27932 1
66 44 27957 1
50 102 27991 1
104 59 28053 1
40 115 28053 0
53 80 28062 0
23 96 28065 0
48 87 28212 1
92 79 28255 0
24 73 28300 0
85 74 28324 0
104 38 28325 1
22 86 28356 0
108 51 28412 1
83 74 28494 0
54 86 28552 0
105 39 28556 1
107 42 28569 1
23 78 28585 0
65 90 28595 0
49 95 28620 1
43 83 28631 1
87 77 28666 0
49 89 28695 1
55 89 28747 0
73 78 28763 1
49 101 28778 1
85 76 28783 0
48 94 28791 1
27 109 28875 0
45 83 28990 1
42 69 29013 1
108 46 29040 1
70 50 29118 1
27 108 29123 0
60 66 29124 0
70 51 29139 1
59 73 29159 0
67 45 29212 1
60 61 29229 0
56 38 29307 1
24 70 29400 0
40 84 29427 1
36 115 29442 0
84 67 29457 0
102 37 29483 1
55 84 29487 0
50 103 29499 1
44 84 29511 1
83 65 29529 0
85 75 29569 0
71 52 29587 1
61 69 29619 0
60 63 29628 0
49 94 29651 1
98 36 29706 1
56 87 29774 0
59 57 29775 0
61 40 29800 1
24 75 29809 0
37 87 29897 1
23 91 29930 0
97 36 29949 1
45 114 29990 0
105 41 29999 1
91 39 30038 1
39 81 30042 1
55 81 30047 0
96 72 30071 1
69 50 30076 1
95 74 30077 1
49 88 30101 1
55 79 30102 0
40 83 30109 1
33 114 30118 0
96 36 30155 1
38 81 30184 1
49 103 30219 1
47 84 30231 1
48 110 30231 1
56 81 30238 0
71 53 30334 1
45 85 30436 1
107 53 30538 1
89 79 30582 0
23 84 30686 0
58 89 30689 0
23 100 30694 0
31 112 30694 0
64 42 30760 1
49 93 30761 1
59 58 30780 0
23 73 30807 0
57 54 30809 0
90 79 30883 0
50 101 30899 1
30 111 30900 0
27 68 30917 0
42 114 30925 0
97 37 30959 1
22 90 31022 0
107 51 31044 1
70 49 31178 1
65 42 31224 1
99 36 31230 1
58 39 31310 1
41 73 31372 1
92 78 31492 0
70 84 31551 1
102 38 31600 1
62 41 31631 1
39 83 31661 1
69 49 31681 1
39 78 31730 1
60 64 31819 0
38 83 31854 1
23 101 31880 0
72 53 31919 1
85 77 31966 0
101 37 31987 1
25 104 32041 0
61 60 32050 0
32 114 32054 0
23 98 32335 0
108 47 32582 1
56 88 32699 0
104 39 32710 1
41 72 32746 1
55 83 32764 0
73 77 32791 1
103 38 32791 1
84 78 32793 0
55 39 32797 1
47 86 32814 1
106 41 32830 1
25 101 32841 0
108 48 32982 1
95 37 33015 1
29 50 33034 0
49 96 33056 1
54 54 33057 0
39 75 33116 1
49 97 33211 1
39 84 33296 1
59 88 33353 0
23 79 33416 0
67 44 33440 1
28 111 33509 0
28 68 33597 0
57 56 33613 0
49 91 33670 1
46 84 33739 1
45 84 33766 1
57 39 33814 1
40 76 33814 1
41 70 33827 1
89 78 33862 0
23 86 33887 0
50 105 33926 1
50 107 33926 1
24 105 34070 0
69 48 34163 1
44 83 34186 1
61 63 34192 0
84 43 34224 1
23 95 34256 0
52 55 34288 0
33 58 34301 0
63 91 34391 0
34 114 34465 0
56 87 34478 0
24 101 34503 0
41 83 34533 1
51 39 34557 1
94 38 34607 1
59 57 34740 0
22 78 34752 0
49 99 34762 1
23 92 34782 0
22 91 34817 0
107 54 34897 1
38 85 34958 1
24 99 34987 0
30 111 34991 0
48 41 35023 1
33 114 35299 0
45 42 35304 1
104 40 35330 1
105 40 35369 1
84 69 35431 0
57 54 35518 0
27 106 35546 0
65 88 35547 0
37 114 35564 0
43 113 35702 0
83 64 35806 0
28 67 35818 0
85 73 35839 0
45 82 35992 1
61 62 36025 0
23 93 36028 0
24 71 36125 0
60 69 36186 0
109 45 36500 1
56 54 36532 0
67 46 36547 1
26 108 36600 0
59 39 36643 1
96 73 36678 1
49 110 36728 1
49 109 36814 1
59 90 36910 0
23 76 36931 0
23 88 36991 0
58 56 37039 0
55 38 37074 1
60 68 37090 0
40 82 37102 1
60 39 37115 1
54 39 37396 1
107 44 37444 1
27 110 37474 0
109 45 37483 0
48 90 37571 1
22 95 37591 0
87 78 37593 0
56 83 37597 0
64 43 37614 1
50 104 37664 1
100 37 37674 1
68 47 37684 1
56 82 37818 0
91 78 37843 0
56 88 37894 0
107 45 37923 1
83 69 37997 0
28 110 37997 0
23 96 38047 0
37 115 38054 0
60 70 38065 0
61 68 38103 0
65 43 38172 1
69 47 38342 1
102 62 38392 1
38 115 38426 0
57 88 38850 0
101 36 38950 1
100 35 39074 1
84 73 39116 0
50 106 39137 1
102 36 39153 1
61 63 39173 0
40 74 39207 1
27 69 39226 0
49 102 39308 1
84 69 39370 0
34 114 39385 0
48 88 39429 1
49 92 39533 1
39 76 39543 1
55 85 39595 0
107 43 39689 1
91 38 39692 1
103 37 39693 1
106 40 39699 1
81 46 39795 1
60 66 39845 0
57 90 39858 0
85 74 39876 0
71 51 39915 1
74 48 39978 1
33 115 39983 0
66 44 40107 1
56 86 40141 0
42 116 40203 0
41 71 40211 1
108 45 40296 1
23 86 40337 0
105 40 40378 1
22 100 40427 0
50 99 40487 1
57 86 40525 0
108 48 40545 1
24 96 40609 0
47 87 40629 1
71 54 40650 1
60 60 40651 0
48 86 40677 1
70 50 40755 1
42 114 40759 0
96 37 40776 1
108 49 40798 1
51 40 40836 1
104 38 40841 1
49 90 40865 1
85 76 40872 0
87 77 40902 0
69 50 40910 1
74 74 40910 1
102 37 40921 1
22 83 40942 0
25 103 40943 0
30 111 40945 0
50 102 41045 1
105 39 41093 1
72 80 41196 1
85 43 41238 1
58 89 41273 0
97 70 41302 1
85 75 41366 0
36 115 41405 0
23 77 41424 0
38 86 41458 1
106 41 41550 1
107 44 41555 1
61 40 41584 1
46 85 41585 1
22 94 41585 0
23 84 41607 0
41 69 41631 1
54 54 41668 0
56 87 41680 0
71 52 41709 1
61 70 41753 0
24 72 41754 0
64 42 41761 1
48 89 41765 1
56 78 41777 0
24 95 41794 0
24 103 41799 0
48 85 41800 1
85 64 41804 0
73 53 41853 1
70 51 41885 1
38 80 41886 1
26 71 41939 0
61 61 41952 0
60 72 41975 0
24 100 41997 0
39 77 42020 1
61 66 42093 0
68 46 42107 1
108 50 42129 1
22 82 42150 0
85 77 42152 0
55 78 42158 0
23 93 42221 0
58 56 42254 0
49 95 42306 1
41 114 42368 0
24 74 42400 0
42 115 42427 0
31 112 42519 0
61 39 42526 1
99 35 42532 1
67 45 42632 1
37 81 42632 1
69 51 42652 1
21 99 42713 0
57 38 42749 1
49 97 42814 1
70 49 42833 1
49 98 42840 1
61 60 42885 0
85 73 42894 0
80 47 42903 1
62 40 42992 1
23 91 43024 0
39 115 43051 0
30 62 43066 0
44 81 43078 1
57 54 43087 0
23 80 43092 0
56 38 43161 1
62 41 43164 1
50 101 43260 1
27 67 43278 0
89 78 43349 0
56 86 43351 0
22 97 43431 0
28 111 43447 0
84 69 43464 0
49 88 43509 1
49 94 43524 1
43 83 43531 1
23 78 43591 0
56 81 43614 0
33 114 43637 0
108 46 43638 1
84 70 43643 0
22 91 43691 0
59 57 43711 0
69 49 43732 1
72 81 43813 1
34 114 43820 0
71 82 43871 1
49 89 43976 1
103 38 44062 1
60 38 44068 1
25 104 44127 0
89 40 44130 1
61 59 44183 0
49 93 44283 1
46 62 44303 1
85 78 44391 0
49 40 44393 1
54 40 44432 1
84 75 44477 0
38 84 44505 1
49 87 44514 1
55 85 44529 0
103 60 44555 1
101 64 44581 1
38 78 44598 1
40 42 44614 1
40 71 44615 1
56 88 44637 0
42 70 44645 1
49 96 44668 1
108 44 44669 1
40 75 44740 1
99 36 44741 1
97 36 44743 1
61 63 44771 0
101 37 44781 1
27 108 44819 0
50 103 44824 1
47 40 44891 1
61 61 44915 0
47 84 45003 1
108 51 45019 1
24 105 45065 0
49 101 45069 1
43 84 45134 1
69 85 45161 1
97 35 45199 1
48 87 45220 1
35 54 45232 0
50 97 45301 1
46 61 45336 1
53 38 45414 1
64 41 45489 1
23 101 45525 0
37 83 45548 1
26 107 45559 0
42 69 45635 1
87 41 45636 1
100 36 45685 1
92 38 45721 1
48 111 45732 1
58 39 45750 1
37 86 45774 1
72 53 45813 1
38 115 45822 0
49 107 45880 1
101 36 45973 1
43 65 45999 1
109 45 46023 1
58 38 46026 1
60 68 46060 0
54 38 46103 1
39 82 46166 1
61 62 46173 0
108 47 46216 1
49 91 46246 1
26 104 46254 0
68 47 46300 1
100 64 46418 1
47 85 46428 1
56 83 46464 0
52 38 46512 1
67 44 46527 1
50 99 46540 1
47 83 46553 1
90 39 46611 1
73 79 46631 1
23 92 46669 0
69 48 46687 1
52 39 46720 1
74 73 46722 1
73 77 46835 1
64 90 46870 0
95 75 46881 1
65 42 46907 1
61 65 46957 0
23 95 46965 0
23 99 46988 0
38 81 47003 1
65 43 47053 1
23 87 47075 0
25 105 47145 0
25 101 47208 0
23 98 47264 0
38 77 47321 1
91 39 47348 1
61 90 47361 0
27 106 47378 0
89 77 47435 0
34 21 47483 1
61 66 47550 0
94 37 47565 1
63 43 47581 1
22 86 47589 0
42 71 47652 1
44 82 47661 1
38 87 47766 1
47 86 47836 1
56 86 47855 0
110 28 47918 1
23 77 47964 0
45 85 48007 1
97 69 48060 1
50 105 48259 1
84 70 48291 0
107 42 48300 1
107 43 48396 1
106 55 48423 1
74 75 48457 1
96 72 48515 1
42 82 48591 1
69 84 48593 1
56 85 48649 0
58 88 48665 0
101 41 48679 1
67 46 48687 1
23 82 48713 0
43 66 48747 1
79 48 48807 1
46 83 48821 1
42 67 48828 1
30 112 48912 0
58 56 48969 0
29 111 48978 0
73 76 49005 1
58 90 49149 0
45 83 49164 1
61 61 49224 0
93 38 49401 1
87 42 49546 1
60 92 49724 0
69 47 49728 1
58 54 49756 0
55 83 49783 0
51 103 49810 1
45 81 49813 1
66 44 49840 1
57 39 49865 1
37 114 50072 0
87 79 50096 0
73 78 50260 1
60 90 50424 0
107 52 50537 1
105 38 50550 1
30 111 50574 0
73 74 50815 1
96 71 50829 1
42 68 50838 1
26 104 50911 0
103 37 50923 1
105 40 50926 1
23 81 50931 0
72 78 50950 1
64 42 51024 1
23 86 51036 0
106 40 51041 1
109 45 51108 0
85 74 51162 0
36 114 51415 0
55 84 51422 0
55 39 51438 1
59 88 51442 0
102 37 51449 1
106 41 51489 1
22 94 51553 0
23 88 51575 0
59 58 51590 0
104 38 51614 1
24 75 51675 0
45 113 51711 0
23 87 51817 0
69 46 51864 1
106 43 51900 1
34 114 51937 0
72 79 52027 1
87 78 52039 0
105 39 52063 1
87 59 52079 0
22 83 52160 0
101 63 52270 1
50 98 52330 1
26 107 52348 0
71 52 52398 1
50 107 52430 1
58 88 52480 0
50 104 52486 1
102 36 52526 1
23 93 52616 0
51 105 52650 1
28 109 52676 0
61 65 52732 0
108 52 52747 1
70 50 52779 1
87 77 52786 0
61 40 52839 1
57 37 52882 1
59 38 52883 1
56 85 52909 0
58 54 53005 0
85 75 53144 0
48 88 53145 1
107 44 53277 1
49 97 53278 1
49 90 53295 1
84 70 53302 0
108 49 53308 1
55 85 53355 0
74 76 53387 1
56 82 53398 0
85 68 53413 0
84 69 53416 0
108 45 53425 1
49 108 53449 1
57 86 53452 0
62 39 53522 1
83 69 53548 0
68 46 53560 1
61 69 53594 0
84 67 53595 0
96 36 53627 1
60 39 53662 1
56 79 53682 0
104 37 53682 1
107 53 53685 1
68 45 53700 1
49 86 53713 1
61 90 53740 0
50 39 53763 1
50 102 53768 1
88 78 53854 0
119 1 53873 1
23 82 53874 0
55 81 53875 0
102 63 53891 1
67 45 53919 1
108 48 53921 1
61 60 53936 0
40 73 54019 1
41 115 54063 0
44 83 54154 1
23 84 54235 0
91 78 54252 0
47 41 54379 1
102 61 54424 1
57 88 54498 0
48 86 54507 1
42 115 54512 0
24 99 54540 0
27 65 54542 0
70 48 54576 1
71 51 54652 1
31 61 54663 0
90 79 54736 0
85 76 54802 0
70 49 54819 1
85 73 54823 0
55 79 54837 0
61 68 54876 0
25 105 54879 0
57 38 54911 1
24 96 54921 0
56 87 55004 0
61 59 55036 0
56 86 55039 0
22 98 55047 0
58 89 55077 0
23 99 55126 0
36 53 55229 0
84 76 55231 0
85 79 55294 0
107 43 55301 1
24 95 55327 0
27 68 55339 0
60 90 55343 0
48 84 55343 1
63 39 55368 1
25 103 55379 0
36 114 55404 0
49 96 55454 1
61 61 55495 0
50 101 55568 1
41 114 55655 0
59 90 55735 0
58 88 55738 0
86 77 55789 0
62 41 55791 1
57 55 55796 0
84 64 55798 0
23 79 55804 0
25 99 55806 0
24 101 55812 0
55 38 55814 1
42 114 55827 0
58 54 55835 0
23 81 55836 0
83 74 55957 0
25 106 56115 0
24 73 56139 0
21 92 56165 0
49 92 56182 1
30 112 56285 0
56 83 56375 0
109 45 56398 1
39 80 56398 1
50 93 56427 1
85 74 56456 0
61 39 56523 1
50 95 56570 1
56 81 56676 0
91 77 56791 0
56 38 56823 1
56 85 56840 0
23 96 56856 0
30 110 56865 0
109 45 56870 0
97 68 56907 1
24 100 56917 0
50 92 56929 1
61 66 56948 0
50 96 56960 1
31 112 57014 0
108 46 57021 1
105 57 57022 1
43 113 57022 0
25 69 57024 0
49 89 57055 1
72 52 57110 1
61 62 57117 0
88 78 57333 0
51 104 57362 1
23 87 57404 0
23 77 57448 0
28 109 57509 0
26 104 57519 0
49 88 57553 1
45 84 57608 1
50 99 57644 1
50 106 57690 1
38 83 57714 1
57 54 57725 0
25 71 57748 0
62 40 57775 1
41 70 57786 1
39 79 57791 1
56 76 57823 0
22 91 57853 0
89 78 57897 0
46 113 57907 0
43 67 57997 1
65 41 58076 1
59 89 58092 0
40 115 58095 0
89 77 58103 0
59 39 58173 1
103 59 58241 1
59 55 58337 0
105 39 58394 1
61 63 58410 0
49 91 58417 1
49 94 58428 1
49 41 58433 1
107 41 58465 1
50 91 58467 1
23 91 58476 0
39 78 58483 1
107 42 58523 1
108 43 58531 1
108 44 58608 1
39 85 58642 1
58 39 58649 1
50 89 58660 1
101 36 58750 1
81 45 58803 1
45 82 58876 1
89 39 58882 1
71 50 58943 1
27 106 58944 0
64 41 58948 1
50 40 58977 1
64 42 58989 1
48 85 59047 1
23 82 59053 0
69 47 59075 1
53 37 59103 1
50 97 59206 1
65 43 59306 1
22 89 59310 0
107 50 59426 1
100 35 59427 1
108 50 59454 1
22 88 59507 0
36 114 59581 0
61 65 59602 0
22 93 59642 0
25 101 59701 0
46 82 59702 1
49 93 59731 1
34 113 59795 0
60 63 59796 0
23 92 59873 0
26 107 59884 0
30 110 59973 0
86 77 60010 0
98 35 60024 1
103 37 60046 1
69 48 60079 1
47 82 60087 1
68 47 60098 1
51 39 60099 1
46 41 60133 1
58 88 60338 0
97 35 60341 1
47 87 60393 1
50 98 60455 1
85 69 60484 0
99 35 60543 1
62 65 60614 0
85 66 60621 0
23 76 60637 0
68 46 60682 1
41 84 60761 1
57 87 60784 0
61 40 60808 1
65 118 60822 1
67 44 60827 1
60 68 60844 0
43 82 60886 1
101 35 60911 1
88 78 60999 0
59 55 61010 0
56 79 61038 0
49 95 61048 1
51 38 61142 1
59 88 61150 0
60 90 61194 0
84 70 61197 0
1 125 61199 1
41 73 61250 1
109 48 61328 1
106 40 61416 1
72 53 61462 1
48 40 61467 1
65 42 61502 1
61 60 61559 0
38 85 61578 1
70 83 61640 1
108 51 61670 1
23 81 61704 0
96 73 61719 1
49 87 61763 1
66 42 61855 1
30 120 61870 0
59 89 61898 0
98 36 61922 1
73 52 62167 1
60 3 62358 1
58 54 62367 0
47 84 62376 1
57 86 62421 0
56 78 62479 0
69 49 62484 1
58 38 62511 1
61 71 62552 0
71 81 62789 1
96 74 62841 1
38 116 62883 0
24 104 63091 0
34 113 63122 0
28 111 63126 0
42 69 63181 1
87 80 63265 0
39 77 63272 1
23 99 63287 0
85 68 63358 0
54 54 63526 0
28 109 63591 0
87 60 63688 0
25 104 63693 0
55 86 63760 0
43 83 63812 1
106 41 63820 1
22 84 63841 0
56 88 63954 0
24 74 64070 0
108 47 64081 1
23 102 64121 0
96 75 64241 1
30 110 64280 0
21 81 64310 0
25 106 64313 0
102 37 64383 1
83 68 64416 0
104 38 64459 1
66 44 64555 1
41 72 64568 1
62 65 64587 0
61 70 64609 0
44 84 64644 1
54 38 64758 1
31 60 64764 0
24 95 64773 0
57 87 64800 0
56 37 64819 1
103 36 64859 1
59 55 64863 0
23 80 64899 0
22 94 64899 0
105 40 64910 1
84 73 65039 0
40 74 65053 1
32 59 65076 0
85 75 65156 0
92 78 65169 0
28 68 65241 0
60 65 65282 0
60 57 65305 0
86 77 65324 0
85 73 65379 0
61 90 65413 0
87 77 65475 0
23 94 65514 0
66 88 65516 0
88 78 65551 0
86 41 65731 1
108 49 65741 1
55 54 65930 0
49 49 65950 1
49 97 65950 1
34 114 65970 0
37 114 65979 0
67 45 65984 1
102 36 65990 1
108 45 65990 1
85 64 66001 0
97 36 66089 1
38 115 66092 0
93 78 66102 0
59 89 66102 0
85 66 66110 0
108 42 66170 1
58 56 66287 0
61 59 66299 0
56 82 66337 0
97 70 66362 1
71 49 66395 1
61 61 66542 0
107 43 66662 1
27 66 66718 0
108 48 66721 1
56 83 66749 0
95 36 66791 1
29 110 66797 0
105 38 66887 1
50 102 66911 1
105 39 67002 1
74 52 67104 1
49 58 67111 0
88 40 67131 1
85 74 67203 0
56 85 67235 0
60 72 67258 0
71 51 67278 1
50 108 67374 1
39 81 67375 1
38 81 67435 1
49 96 67500 1
59 38 67511 1
50 105 67513 1
89 77 67533 0
84 77 67537 0
21 96 67541 0
39 114 67589 0
95 37 67597 1
86 80 67645 0
60 57 67652 0
47 83 67654 1
29 63 67692 0
21 103 67707 0
108 44 67799 1
106 39 67820 1
43 115 67832 0
34 113 67844 0
49 85 67880 1
66 43 67880 1
62 39 67936 1
59 59 67943 0
36 115 67966 0
24 99 67979 0
47 86 67981 1
27 69 68005 0
60 38 68142 1
50 99 68158 1
39 76 68180 1
63 40 68235 1
55 82 68241 0
36 114 68272 0
42 72 68323 1
68 45 68327 1
57 38 68328 1
91 38 68403 1
107 42 68445 1
26 104 68454 0
109 45 68456 1
62 88 68485 0
70 48 68490 1
26 68 68502 0
58 37 68505 1
101 36 68563 1
61 38 68571 1
49 86 68571 1
25 99 68599 0
91 39 68606 1
74 74 68675 1
23 86 68732 0
23 93 68764 0
38 80 68766 1
65 89 68776 0
73 53 68786 1
37 115 68787 0
55 83 68863 0
24 96 68865 0
85 69 68925 0
92 38 68949 1
56 86 68951 0
49 90 68978 1
42 70 69091 1
50 94 69113 1
23 75 69141 0
39 83 69148 1
50 90 69157 1
103 37 69165 1
62 65 69311 0
85 68 69373 0
96 37 69376 1
22 99 69385 0
38 84 69430 1
64 42 69443 1
22 93 69500 0
59 55 69505 0
57 87 69534 0
44 81 69584 1
56 81 69602 0
23 82 69622 0
23 90 69641 0
104 37 69663 1
61 39 69667 1
36 52 69677 0
60 57 69729 0
69 47 69785 1
100 35 69791 1
22 85 69806 0
48 41 69813 1
108 43 69818 1
53 38 69836 1
25 103 69894 0
61 60 69898 0
71 52 69910 1
25 70 69936 0
107 40 69966 1
73 77 69975 1
106 40 69985 1
59 37 70006 1
49 88 70009 1
30 111 70076 0
33 114 70084 0
50 97 70146 1
30 112 70157 0
59 88 70180 0
61 69 70230 0
48 83 70230 1
57 58 70309 0
57 37 70364 1
55 37 70384 1
23 87 70394 0
48 86 70405 1
91 77 70408 0
51 103 70428 1
45 112 70607 0
85 73 70696 0
23 94 70705 0
30 110 70706 0
58 54 70731 0
39 82 70756 1
25 75 70760 1
64 41 70800 1
40 78 70829 1
41 114 70834 0
23 88 70846 0
44 82 70870 1
61 67 70916 0
41 69 70986 1
50 104 70988 1
69 46 71002 1
50 98 71002 1
64 90 71079 0
71 50 71089 1
50 92 71145 1
73 80 71172 1
33 57 71179 0
48 84 71185 1
45 114 71218 0
62 38 71382 1
67 42 71416 1
67 45 71418 1
50 96 71436 1
45 113 71453 0
68 46 71460 1
33 113 71478 0
25 105 71485 0
61 59 71519 0
58 88 71547 0
23 78 71573 0
23 84 71575 0
27 106 71587 0
56 38 71650 1
74 75 71655 1
43 113 71688 0
60 70 71690 0
50 95 71720 1
106 56 71726 1
90 39 71739 1
85 66 71879 0
44 64 72057 1
26 71 72130 0
67 44 72153 1
60 90 72179 0
29 110 72184 0
30 63 72186 0
50 93 72232 1
88 57 72292 0
27 105 72305 0
60 57 72378 0
65 42 72413 1
61 68 72443 0
88 78 72447 0
39 114 72465 0
47 60 72474 1
59 89 72597 0
40 79 72619 1
59 56 72796 0
107 41 72820 1
96 72 72838 1
72 80 72857 1
57 86 72874 0
87 59 72907 0
62 40 72907 1
49 89 73019 1
34 113 73041 0
44 83 73102 1
25 101 73136 0
24 75 73201 0
22 80 73206 0
23 81 73272 0
50 107 73568 1
71 82 73625 1
42 81 73642 1
41 74 73687 1
67 43 73781 1
24 100 73801 0
65 43 73861 1
72 52 74070 1
87 78 74098 0
84 71 74115 0
72 53 74122 1
86 77 74250 0
93 38 74296 1
57 75 74321 0
23 90 74338 0
50 91 74370 1
55 82 74393 0
73 78 74519 1
42 114 74549 0
50 99 74563 1
40 81 74614 1
37 89 74659 1
102 36 74885 1
93 37 74948 1
46 82 74963 1
49 84 74990 1
40 75 75003 1
43 65 75060 1
49 91 75169 1
49 39 75236 1
75 52 75253 1
96 36 75281 1
51 105 75299 1
40 76 75404 1
42 115 75432 0
66 42 75655 1
31 111 75669 0
27 105 75691 0
44 113 75706 0
47 84 75733 1
83 44 75767 1
56 79 75773 0
48 88 75782 1
55 39 75784 1
33 113 75911 0
54 37 76077 1
30 120 76105 0
39 80 76182 1
40 113 76246 0
35 115 76270 0
28 67 76334 0
22 88 76361 0
61 67 76377 0
23 95 76399 0
23 94 76418 0
73 79 76430 1
49 40 76483 1
27 67 76588 0
28 109 76640 0
23 77 76652 0
39 78 76838 1
49 87 76976 1
45 83 76992 1
61 40 77024 1
43 114 77076 0
42 71 77093 1
87 77 77100 0
51 102 77194 1
94 36 77221 1
45 63 77262 1
26 107 77359 0
102 35 77373 1
60 57 77418 0
59 56 77437 0
24 101 77506 0
56 83 77569 0
50 88 77772 1
65 90 77792 0
48 85 77798 1
87 75 77909 0
54 80 77917 0
59 72 77964 0
39 84 77970 1
57 89 78002 0
39 115 78042 0
22 96 78052 0
89 78 78187 0
32 111 78223 0
88 79 78251 0
29 110 78291 0
32 113 78297 0
42 84 78305 1
89 80 78428 0
65 88 78590 0
23 90 78697 0
91 78 78809 0
60 61 78935 0
23 83 78985 0
105 58 79042 1
24 95 79105 0
25 106 79114 0
60 58 79267 0
56 82 79458 0
24 105 79523 0
31 111 79536 0
105 39 79584 1
27 108 79620 0
31 112 79699 0
61 63 79781 0
89 77 79927 0
24 72 80037 0
29 64 80324 0
58 57 80368 0
58 75 80402 0
61 91 80514 0
85 64 80531 0
83 78 80547 0
61 62 80552 0
31 113 80555 0
59 57 80557 0
43 66 80578 1
28 65 80609 0
26 104 80615 0
22 83 80672 0
57 88 80727 0
93 77 80755 0
36 117 80839 0
51 40 80976 1
56 89 81079 0
88 59 81137 0
32 58 81179 0
85 71 81186 1
57 87 81191 0
27 105 81200 0
23 98 81210 0
37 114 81267 0
37 116 81292 0
32 116 81416 0
25 78 81428 0
89 79 81457 0
63 39 81493 1
61 65 81556 0
57 56 81585 0
55 85 81591 0
27 68 81704 0
32 111 81746 0
55 88 81824 0
58 89 81879 0
60 59 81974 0
56 80 81990 0
38 117 82030 0
55 82 82108 0
59 56 82223 0
61 67 82259 0
34 56 82259 0
57 83 82289 0
82 74 82317 0
61 66 82328 0
22 79 82374 0
64 40 82452 1
26 70 82472 0
56 56 82477 0
31 59 82591 0
46 81 82803 1
85 68 82898 0
51 106 82925 1
51 104 82932 1
108 51 83204 1
84 72 83220 0
41 81 83315 1
25 104 83592 0
55 80 83596 0
26 67 83646 0
71 51 83660 1
22 93 83728 0
35 116 83781 0
39 116 83790 0
88 78 83851 0
84 71 83872 0
61 61 83904 0
33 58 83936 0
33 113 83989 0
88 77 84069 0
60 58 84150 0
22 85 84173 0
22 104 84275 0
30 64 84504 0
32 113 84561 0
86 78 84626 0
30 109 84745 0
36 116 84959 0
61 71 85107 0
23 90 85145 0
7 28 85261 1
23 83 85314 0
56 78 85386 0
62 39 85386 1
85 77 85394 0
50 94 85439 1
24 96 85532 0
107 42 85856 1
56 80 85912 0
105 38 86001 1
43 114 86095 0
24 82 86160 0
51 100 86198 1
108 49 86375 1
42 69 86475 1
20 91 86649 0
23 94 86714 0
62 61 86873 1
57 53 86920 0
26 72 86982 0
102 62 87013 1
95 74 87015 1
62 90 87022 0
58 58 87091 0
23 89 87105 0
30 113 87182 0
25 99 87631 0
62 65 87795 0
69 47 87904 1
60 67 87907 0
72 51 87928 1
57 39 87975 1
85 76 88107 0
50 97 88183 1
31 111 88238 0
57 38 88265 1
94 37 88276 1
40 114 88463 0
88 77 88511 0
59 38 88614 1
57 85 88835 0
60 59 88988 0
88 79 89016 0
30 109 89378 0
56 52 89494 0
64 41 89555 1
57 84 89645 0
65 41 89751 1
49 109 89807 1
31 113 89843 0
45 82 89936 1
89 39 89955 1
108 44 90143 1
57 53 90229 0
74 77 90253 1
50 96 90366 1
63 40 90368 1
60 58 90369 0
25 75 90400 0
50 98 90475 1
45 81 90576 1
99 35 90593 1
84 72 91054 0
103 36 91153 1
108 43 91221 1
98 35 91311 1
85 69 91396 0
47 83 91437 1
59 61 91699 0
85 75 91699 0
70 48 91767 1
74 76 91897 1
101 35 91918 1
105 37 91941 1
104 36 91971 1
58 39 92008 1
24 82 92019 0
100 35 92058 1
66 39 92059 1
23 92 92065 0
85 74 92133 0
97 35 92215 1
106 39 92217 1
103 37 92226 1
101 36 92243 1
108 42 92268 1
56 80 92277 0
36 113 92278 0
59 56 92322 0
109 46 92333 1
108 52 92353 1
104 37 92357 1
68 45 92360 1
97 70 92363 1
85 73 92373 0
57 89 92444 0
71 50 92585 1
60 89 92640 0
71 49 92666 1
107 41 92771 1
89 40 92873 1
88 59 92910 0
108 48 92945 1
82 45 92945 1
29 110 92962 0
61 70 92989 0
69 45 93041 1
109 47 93106 1
107 40 93217 1
59 55 93246 0
107 44 93274 1
61 37 93284 1
99 34 93380 1
50 89 93430 1
69 46 93452 1
50 92 93460 1
61 39 93473 1
62 90 93513 0
55 52 93516 0
52 38 93533 1
60 38 93557 1
91 77 93561 0
62 88 93588 0
68 46 93677 1
75 73 93682 1
66 41 93682 1
67 44 93700 1
96 35 93743 1
65 42 93744 1
51 101 93775 1
57 53 93777 0
50 90 93805 1
61 38 93809 1
85 71 93835 0
85 42 93869 1
85 63 93876 0
32 113 93879 0
61 59 93910 0
67 45 93934 1
23 89 93957 0
61 60 93997 0
49 107 94021 1
55 80 94032 0
108 44 94088 1
49 88 94094 1
56 81 94132 0
85 66 94156 0
88 77 94195 0
108 43 94207 1
71 48 94245 1
49 86 94249 1
57 77 94257 0
59 88 94267 0
85 68 94367 0
40 114 94394 0
103 35 94405 1
32 111 94416 0
42 73 94424 1
44 113 94441 0
50 106 94449 1
35 115 94458 0
89 77 94499 0
23 74 94579 0
84 70 94601 0
50 95 94605 1
97 71 94632 1
87 40 94641 1
44 65 94679 1
108 41 94711 1
105 38 94749 1
43 67 94749 1
63 39 94765 1
50 93 94771 1
57 85 94865 0
50 105 94879 1
87 41 94916 1
56 37 94929 1
87 75 94980 0
86 78 95011 0
59 89 95014 0
72 50 95020 1
106 38 95022 1
97 36 95038 1
59 37 95039 1
87 77 95120 0
61 57 95130 0
70 46 95153 1
58 37 95167 1
56 52 95182 0
24 98 95214 0
66 89 95282 0
49 85 95288 1
49 96 95294 1
102 36 95296 1
66 42 95297 1
48 84 95338 1
85 69 95345 0
51 103 95417 1
106 55 95429 1
73 52 95467 1
72 81 95488 1
39 81 95539 1
67 43 95556 1
36 114 95565 0
50 99 95595 1
39 79 95627 1
107 53 95628 1
57 84 95644 0
40 83 95644 1
41 82 95664 1
40 82 95702 1
109 45 95706 1
103 36 95741 1
100 35 95765 1
104 59 95775 1
57 37 95794 1
57 86 95813 0
36 113 95877 0
85 73 95882 0
50 87 95928 1
28 108 95951 0
56 83 95963 0
85 64 96050 0
73 53 96081 1
34 113 96098 0
60 37 96118 1
91 38 96133 1
56 38 96154 1
57 83 96171 0
38 81 96200 1
39 114 96207 0
24 99 96232 0
43 113 96289 0
74 52 96353 1
62 39 96360 1
73 113 96386 0
73 77 96386 1
39 77 96465 1
47 82 96465 1
106 40 96500 1
99 35 96550 1
58 88 96577 0
83 43 96579 1
24 88 96615 0
71 50 96627 1
28 68 96707 0
57 82 96747 0
72 51 96758 1
69 44 96767 1
69 47 96781 1
43 69 96785 1
50 91 96855 1
65 41 96860 1
62 65 96903 0
30 110 96931 0
60 89 96936 0
41 70 96937 1
50 97 96945 1
104 36 96959 1
56 85 96974 0
97 35 96996 1
27 105 97004 0
25 101 97009 0
30 109 97035 0
85 43 97045 1
86 66 97048 0
57 74 97050 0
27 106 97050 0
24 90 97065 0
85 71 97079 0
100 34 97097 1
28 107 97111 0
56 82 97112 0
109 48 97117 1
55 37 97161 1
54 38 97215 1
50 57 97231 0
107 43 97234 1
25 71 97265 0
65 42 97265 1
61 57 97272 0
92 38 97276 1
55 38 97277 1
25 75 97308 0
67 44 97336 1
107 39 97388 1
60 57 97400 0
65 40 97402 1
71 49 97409 1
61 38 97410 1
109 50 97430 1
105 37 97445 1
48 83 97475 1
55 81 97484 0
67 42 97526 1
49 86 97544 1
40 77 97644 1
53 37 97694 1
51 104 97698 1
47 84 97747 1
44 81 97773 1
62 89 97780 0
91 39 97823 1
39 82 97823 1
108 42 97850 1
51 92 97859 1
51 99 97860 1
50 85 97883 1
107 41 97977 1
68 44 97998 1
68 45 97998 1
51 100 98072 1
51 102 98085 1
74 75 98094 1
39 76 98108 1
56 80 98142 0
72 52 98144 1
42 70 98187 1
53 87 98240 0
69 46 98275 1
107 40 98307 1
88 39 98309 1
49 88 98321 1
50 92 98343 1
32 114 98393 0
36 113 98475 0
51 39 98495 1
47 41 98544 1
24 95 98548 0
48 39 98555 1
27 69 98578 0
49 84 98659 1
62 38 98665 1
63 39 98672 1
24 82 98707 0
50 39 98744 1
50 94 98760 1
44 82 98809 1
65 89 98838 0
53 38 98838 1
37 86 98842 1
50 89 98847 1
39 78 98856 1
41 114 98872 0
43 70 98896 1
49 87 98976 1
57 53 98997 0
34 115 99003 0
109 46 99005 1
50 88 99034 1
37 52 99098 0
62 88 99137 0
41 75 99177 1
108 51 99272 1
24 103 99287 0
39 85 99294 1
23 83 99302 0
38 114 99305 0
38 85 99314 1
97 70 99322 1
57 77 99332 0
46 113 99377 0
52 37 99386 1
69 45 99405 1
32 111 99406 0
43 81 99432 1
47 83 99447 1
24 73 99456 0
56 79 99480 0
103 61 99487 1
84 77 99494 0
46 82 99513 1
103 37 99587 1
59 38 99589 1
25 99 99600 0
42 72 99650 1
64 41 99690 1
101 35 99762 1
50 95 99790 1
61 57 99837 0
95 36 99838 1
50 40 99953 1
50 93 100016 1
64 39 100016 1
108 50 100116 1
85 65 100157 0
85 68 100185 0
24 88 100197 0
39 80 100218 1
71 47 100219 1
44 83 100243 1
40 114 100251 0
24 75 100264 0
85 71 100316 0
108 43 100354 1
25 78 100502 0
50 86 100513 1
24 90 100554 0
24 98 100591 0
43 68 100688 1
21 85 100725 0
23 79 100738 0
51 98 100752 1
64 40 100818 1
57 52 100866 0
51 105 100952 1
57 84 100956 0
40 80 101063 1
39 83 101069 1
57 80 101080 0
26 104 101106 0
23 91 101129 0
23 104 101133 0
26 70 101160 0
72 49 101192 1
28 107 101245 0
57 85 101277 0
85 72 101291 0
62 90 101320 0
22 81 101324 0
25 92 101361 0
88 77 101401 0
58 53 101513 0
62 62 101524 0
62 89 101551 0
71 83 101566 1
42 71 101589 1
90 39 101595 1
59 88 101620 0
66 42 101622 1
35 113 101658 0
60 89 101736 0
102 35 101860 1
57 83 101940 0
47 81 101952 1
62 61 101963 0
40 74 101988 1
28 108 102008 0
59 37 102010 1
33 60 102017 0
24 74 102065 0
84 43 102089 1
51 38 102135 1
67 43 102250 1
23 89 102258 0
85 67 102263 0
108 44 102452 1
71 48 102489 1
61 69 102595 0
50 38 102601 1
61 58 102612 0
68 43 102658 1
45 81 102713 1
26 105 102739 0
56 53 102826 0
51 101 102902 1
42 82 102998 1
49 110 103049 1
88 79 103088 0
56 81 103143 0
24 93 103144 0
88 57 103291 0
58 37 103311 1
45 82 103345 1
36 113 103354 0
86 75 103357 0
24 96 103410 0
62 64 103422 0
45 113 103442 0
66 41 103477 1
97 72 103478 1
47 40 103492 1
74 78 103615 1
62 39 103628 1
48 84 103712 1
60 38 103737 1
73 78 103751 1
57 37 103802 1
57 52 103852 0
87 75 103938 0
96 36 103956 1
84 64 104009 0
23 100 104023 0
61 67 104137 0
34 58 104143 0
38 114 104216 0
102 63 104217 1
24 88 104219 0
42 67 104223 1
56 52 104344 0
88 78 104390 0
98 35 104466 1
50 96 104484 1
25 76 104486 0
96 73 104486 1
25 100 104488 0
34 114 104492 0
60 59 104526 0
50 107 104543 1
58 53 104576 0
62 62 104607 0
47 61 104662 1
85 66 104664 0
85 71 104696 0
60 72 104739 0
24 80 104812 0
30 114 104921 0
35 112 105018 0
61 57 105040 0
24 89 105096 0
46 81 105125 1
91 77 105134 0
49 85 105202 1
61 58 105280 0
35 113 105306 0
24 90 105325 0
89 77 105447 0
85 72 105456 0
106 37 105485 1
23 96 105495 0
85 67 105504 0
62 61 105541 0
61 89 105607 0
49 83 105610 1
65 41 105634 1
24 81 105642 0
25 103 105867 0
62 63 105911 0
93 76 106019 0
34 55 106063 0
62 67 106064 0
74 77 106092 1
40 76 106101 1
62 89 106217 0
43 65 106253 1
73 51 106264 1
31 111 106350 0
85 65 106449 0
106 38 106507 1
71 50 106521 1
48 40 106546 1
40 75 106703 1
24 98 106707 0
43 80 106718 1
25 75 106838 0
28 107 106886 0
86 75 107100 0
50 91 107159 1
105 38 107170 1
71 81 107261 1
84 72 107329 0
22 74 107370 0
109 47 107430 1
44 113 107471 0
58 53 107479 0
62 64 107515 0
90 38 107623 1
65 88 107644 0
98 68 107680 1
44 114 107692 0
39 81 107701 1
72 51 107813 1
86 66 107837 0
26 71 107841 0
37 114 107874 0
31 61 107880 0
103 36 107920 1
51 103 107996 1
43 113 108030 0
74 74 108130 1
24 93 108139 0
40 78 108265 1
101 36 108292 1
57 82 108293 0
61 58 108369 0
28 108 108379 0
43 114 108405 0
48 85 108418 1
71 49 108461 1
45 112 108531 0
34 57 108540 0
54 53 108586 0
57 52 108640 0
51 97 108653 1
72 50 108701 1
24 89 108704 0
62 62 108721 0
50 87 108741 1
24 80 108763 0
23 99 108920 0
85 70 108924 0
51 99 108978 1
62 61 109038 0
33 110 109140 0
40 113 109147 0
28 69 109171 0
56 53 109361 0
58 57 109406 0
61 38 109417 1
61 88 109490 0
25 100 109538 0
57 77 109540 0
38 114 109551 0
60 89 109574 0
58 87 109587 0
85 69 109593 0
70 46 109664 1
35 113 109758 0
50 97 109780 1
24 81 109782 0
92 78 109810 0
25 76 109854 0
13 85 109880 0
27 105 109882 0
62 67 109967 0
62 63 110026 0
35 112 110065 0
34 113 110118 0
85 72 110136 0
85 67 110325 0
56 37 110455 1
74 76 110501 1
61 89 110616 0
105 57 110657 1
108 42 110712 1
30 109 110733 0
26 105 110791 0
40 79 110849 1
96 72 110880 1
50 92 110987 1
93 37 111009 1
60 37 111032 1
51 100 111032 1
64 89 111040 0
84 69 111124 0
85 74 111188 0
55 52 111213 0
25 87 111653 0
58 53 111677 0
109 49 111785 1
83 70 111789 0
58 58 111854 0
56 80 111910 0
62 64 111945 0
86 75 111956 0
87 76 112233 0
69 97 112298 0
32 59 112329 0
50 84 112429 1
99 34 112452 1
40 114 112551 0
94 37 112642 1
50 58 112675 0
54 37 112760 1
24 89 112803 0
85 70 112897 0
50 109 112945 1
67 44 113006 1
61 58 113034 0
24 80 113068 0
61 37 113445 1
24 88 113531 0
47 82 113589 1
68 46 113606 1
60 56 113685 0
108 41 113778 1
73 52 114029 1
44 64 114071 1
69 46 114103 1
43 83 114106 1
50 108 114108 1
60 58 114163 0
80 46 114362 1
104 36 114497 1
58 87 114555 0
84 71 114560 0
62 65 114585 0
91 78 114746 0
63 90 114902 0
40 115 115073 0
60 67 115178 0
24 82 115185 0
61 59 115335 0
63 88 115345 0
61 88 115411 0
49 40 115507 1
39 84 115705 1
24 81 115873 0
28 105 115904 0
62 63 115941 0
48 110 116139 1
62 67 116307 0
27 107 116450 0
66 88 116475 0
21 93 116521 0
107 54 116557 1
37 113 116608 0
61 89 116647 0
87 76 116735 0
62 61 116748 0
92 80 116868 0
51 90 116922 1
59 53 116978 0
85 71 117002 0
55 37 117108 1
105 37 117303 1
27 104 117403 0
69 45 117604 1
51 102 117644 1
105 36 117704 1
109 46 117712 1
100 35 117774 1
91 79 117803 0
109 48 117823 1
33 111 118012 0
103 35 118077 1
98 34 118124 1
109 45 118135 1
107 40 118173 1
85 63 118259 0
109 44 118359 1
45 80 118389 1
85 70 118418 0
89 78 118468 0
66 12 118499 0
62 62 118512 0
56 53 118602 0
84 42 118670 1
107 39 118688 1
87 75 118750 0
67 45 118761 1
24 80 118792 0
54 36 118795 1
86 68 118843 0
88 40 118857 1
25 77 118891 0
60 56 118915 0
43 72 118939 1
55 87 119060 0
72 80 119140 1
57 83 119150 0
64 89 119167 0
61 70 119223 0
61 68 119231 0
63 38 119240 1
48 83 119561 1
85 64 119686 0
85 72 119688 0
87 74 119689 0
62 38 119730 1
24 98 119745 0
97 71 119766 1
50 89 119771 1
85 65 119797 0
21 89 119818 0
63 88 119827 0
67 42 119919 1
51 104 119973 1
42 69 119973 1
109 43 119979 1
108 41 119984 1
62 89 120007 0
86 66 120015 0
102 34 120018 1
62 88 120061 0
63 39 120075 1
75 51 120099 1
57 84 120106 0
28 105 120148 0
100 34 120150 1
72 48 120167 1
58 86 120189 0
58 87 120202 0
50 93 120258 1
62 64 120278 0
44 114 120288 0
59 53 120310 0
57 80 120318 0
61 71 120347 0
28 106 120349 0
73 79 120358 1
61 57 120364 0
63 89 120371 0
43 67 120390 1
71 48 120463 1
51 98 120492 1
51 96 120566 1
85 68 120590 0
39 82 120591 1
71 47 120599 1
49 86 120636 1
44 65 120697 1
65 40 120736 1
50 88 120741 1
42 114 120744 0
56 83 120752 0
47 83 120767 1
52 103 120793 1
25 100 120837 0
39 114 120847 0
109 46 120861 1
24 78 120861 0
87 76 120886 0
70 45 120892 1
99 35 120950 1
65 41 120966 1
109 45 120968 1
68 42 121004 1
36 113 121019 0
73 77 121025 1
85 67 121044 0
25 92 121146 0
25 91 121218 0
24 89 121227 0
104 35 121271 1
87 75 121295 0
51 95 121340 1
92 37 121385 1
28 107 121389 0
60 66 121399 0
89 58 121407 0
67 43 121413 1
56 38 121424 1
69 44 121424 1
107 40 121463 1
66 40 121503 1
97 35 121517 1
57 52 121531 0
35 113 121545 0
49 88 121565 1
91 38 121580 1
59 37 121583 1
37 113 121598 0
24 93 121599 0
74 52 121635 1
52 100 121636 1
28 67 121664 0
41 73 121715 1
27 104 121723 0
89 77 121738 0
48 82 121738 1
101 35 121740 1
47 84 121746 1
105 37 121753 1
109 48 121756 1
21 95 121771 0
66 42 121804 1
57 82 121817 0
75 74 121827 1
65 39 121834 1
86 78 121843 0
104 36 121856 1
85 62 121859 0
50 86 121891 1
101 34 121902 1
86 75 121946 0
25 78 121952 0
38 114 121991 0
107 39 122022 1
25 101 122036 0
25 95 122045 0
52 101 122052 1
33 111 122072 0
108 42 122105 1
91 77 122119 0
28 68 122119 0
25 99 122120 0
97 70 122133 1
57 85 122134 0
66 41 122162 1
51 99 122169 1
61 58 122180 0
67 41 122185 1
72 49 122198 1
61 88 122237 0
32 111 122256 0
108 47 122265 1
108 39 122266 1
57 83 122291 0
62 39 122309 1
108 40 122317 1
13 85 122327 0
106 37 122351 1
24 90 122354 0
61 38 122373 1
28 112 122388 0
37 112 122402 0
49 84 122455 1
68 43 122475 1
50 95 122481 1
86 68 122483 0
35 112 122515 0
51 97 122516 1
24 107 122531 0
39 49 122565 0
60 36 122599 1
60 55 122603 0
26 105 122661 0
26 72 122672 0
52 38 122682 1
25 76 122706 0
51 106 122711 1
33 110 122743 0
56 82 122746 0
88 77 122763 0
62 88 122806 0
65 88 122826 0
57 59 122838 0
59 88 122844 0
64 39 122878 1
86 66 122880 0
27 68 122881 0
57 81 122906 0
60 60 122947 0
56 52 122957 0
93 76 123007 0
44 116 123028 0
33 58 123038 0
59 53 123050 0
61 37 123063 1
63 88 123064 0
52 99 123084 1
36 53 123085 0
70 46 123146 1
58 86 123155 0
58 37 123163 1
106 56 123216 1
75 52 123230 1
40 113 123233 0
50 85 123236 1
57 37 123258 1
46 82 123266 1
72 50 123286 1
58 75 123291 0
71 49 123291 1
40 81 123295 1
62 70 123332 0
34 115 123377 0
107 38 123407 1
25 75 123419 0
51 100 123463 1
109 50 123493 1
58 74 123509 0
105 36 123541 1
57 53 123577 0
28 105 123589 0
39 78 123635 1
28 106 123686 0
67 42 123715 1
86 62 123732 0
39 80 123793 1
63 39 123807 1
43 69 123810 1
55 80 123850 0
24 95 123877 0
25 87 123883 0
27 72 123894 0
37 51 123902 0
87 81 123923 0
81 46 123924 1
65 42 123952 1
43 113 123963 0
75 73 123969 1
40 77 123971 1
86 73 123972 0
44 66 123973 1
82 71 124024 0
57 84 124029 0
71 82 124136 1
85 73 124139 0
45 81 124140 1
58 53 124152 0
25 77 124154 0
55 36 124194 1
62 67 124212 0
49 86 124222 1
44 81 124232 1
87 74 124240 0
49 83 124240 1
24 80 124277 0
62 63 124280 0
56 78 124286 0
23 93 124303 0
63 89 124336 0
69 45 124385 1
58 36 124411 1
51 88 124412 1
56 51 124465 0
60 56 124474 0
75 72 124485 1
104 60 124505 1
36 114 124534 0
73 51 124546 1
53 37 124587 1
73 53 124609 1
108 52 124646 1
25 92 124667 0
100 85 124679 1
100 35 124679 1
72 51 124717 1
73 50 124730 1
51 92 124753 1
40 84 124755 1
50 87 124774 1
108 41 124809 1
46 81 124811 1
103 62 124813 1
25 95 124916 0
28 108 124951 0
43 68 124985 1
33 111 124988 0
72 47 125060 1
103 35 125181 1
49 87 125207 1
71 47 125208 1
47 82 125233 1
25 84 125234 0
61 64 125248 0
27 104 125261 0
36 113 125296 0
109 49 125321 1
54 53 125328 0
95 36 125348 1
110 46 125407 1
107 37 125419 1
98 69 125421 1
51 105 125443 1
51 96 125445 1
94 36 125456 1
57 77 125482 0
48 84 125487 1
57 81 125523 0
48 81 125588 1
63 90 125592 0
29 108 125613 0
51 86 125677 1
51 89 125682 1
33 56 125697 0
62 36 125727 1
57 80 125747 0
102 35 125786 1
71 46 125918 1
99 34 125937 1
47 60 125965 1
93 77 125992 0
39 85 126001 1
24 84 126032 0
25 71 126036 0
109 51 126089 1
60 55 126109 0
59 36 126120 1
72 48 126126 1
39 81 126127 1
109 44 126136 1
65 40 126188 1
25 108 126203 0
49 39 126208 1
73 52 126227 1
87 76 126285 0
51 98 126292 1
25 78 126302 0
61 89 126372 0
37 113 126387 0
65 41 126401 1
40 78 126432 1
52 104 126501 1
30 120 126520 0
51 95 126522 1
24 78 126545 0
58 86 126548 0
49 81 126568 1
58 87 126575 0
47 81 126621 1
26 76 126635 0
25 91 126653 0
41 74 126700 1
52 102 126710 1
86 73 126733 0
27 67 126753 0
22 87 126775 0
44 113 126790 0
106 38 126796 1
45 82 126850 1
51 91 126904 1
71 48 126979 1
39 86 126990 1
27 107 127018 0
37 112 127019 0
62 61 127058 0
87 41 127066 1
86 64 127070 0
59 37 127093 1
40 79 127103 1
57 87 127214 0
67 87 127238 0
45 112 127242 0
70 45 127273 1
50 84 127344 1
89 39 127360 1
51 99 127475 1
64 89 127518 0
52 98 127551 1
86 76 127567 0
74 75 127706 1
40 82 127741 1
85 66 127792 0
23 90 127797 0
28 106 127863 0
51 93 127920 1
40 76 127927 1
50 57 127942 0
28 105 127943 0
109 43 127963 1
33 110 127979 0
47 59 127981 1
93 37 127999 1
83 73 128011 0
51 90 128051 1
109 46 128088 1
51 94 128224 1
102 34 128259 1
51 97 128303 1
72 82 128371 1
47 83 128440 1
33 113 128443 0
83 65 128489 0
11 39 128501 1
50 39 128516 1
70 44 128593 1
60 37 128656 1
25 95 128660 0
25 84 128673 0
63 38 128682 1
59 38 128684 1
51 104 128761 1
57 83 128789 0
100 34 128789 1
50 89 128792 1
68 42 128904 1
85 70 128960 0
62 38 129028 1
56 35 129102 1
61 38 129169 1
52 100 129183 1
57 81 129234 0
50 86 129237 1
89 38 129250 1
32 112 129277 0
103 34 129286 1
25 76 129310 0
53 38 129314 1
49 84 129320 1
73 80 129456 1
35 112 129468 0
59 53 129469 0
39 82 129557 1
40 75 129584 1
74 76 129593 1
86 63 129634 0
66 41 129684 1
61 87 129783 0
97 73 129788 1
84 66 129880 0
85 63 129918 0
25 102 130022 0
22 102 130025 0
72 49 130138 1
74 77 130158 1
60 55 130215 0
50 106 130316 1
63 88 130463 0
69 44 130492 1
60 54 130507 0
86 41 130528 1
26 71 130578 0
63 89 130588 0
24 81 130641 0
24 80 130646 0
56 36 130695 1
29 107 130740 0
86 73 130746 0
109 42 130767 1
57 36 130781 1
96 35 130794 1
52 105 130794 1
57 79 130831 0
68 43 130888 1
27 69 130905 0
25 79 130953 0
57 82 131113 0
39 83 131253 1
59 67 131332 0
57 75 131372 0
86 66 131478 0
33 57 131515 0
58 52 131597 0
52 103 131642 1
62 68 131682 0
33 111 131757 0
24 84 131802 0
58 86 131803 0
43 66 131828 1
48 83 131870 1
106 37 131902 1
40 80 131909 1
29 108 131938 0
24 89 132028 0
34 56 132141 0
50 83 132142 1
86 64 132147 0
62 62 132157 0
64 39 132270 1
72 81 132309 1
109 48 132390 1
86 68 132495 0
47 80 132609 1
89 40 132630 1
51 107 132638 1
106 55 132904 1
43 71 133072 1
40 83 133072 1
107 39 133164 1
55 53 133241 0
52 37 133362 1
24 83 133479 0
60 54 133483 0
57 35 133497 1
63 62 133545 0
51 39 133551 1
27 109 133613 0
106 36 133634 1
64 38 133662 1
24 91 133902 0
24 78 133951 0
52 101 133984 1
58 52 134072 0
107 40 134078 1
75 75 134114 1
109 45 134130 1
104 36 134131 1
86 71 134131 0
67 42 134131 1
7 28 134189 0
96 36 134233 1
46 80 134261 1
63 39 134343 1
27 104 134403 0
55 52 134448 0
44 80 134695 1
52 106 134742 1
26 70 134889 0
45 44 134999 1
90 78 135012 0
26 102 135029 0
57 79 135083 0
74 78 135128 1
99 103 135176 1
25 75 135211 0
101 34 135213 1
25 79 135228 0
25 77 135284 0
29 107 135296 0
28 106 135331 0
43 70 135472 1
86 76 135492 0
37 79 135538 1
52 99 135565 1
54 37 135635 1
61 87 135684 0
66 40 135721 1
104 61 135887 1
110 48 135992 1
70 46 136291 1
109 41 136370 1
42 71 136379 1
25 92 136389 0
61 88 136431 0
60 55 136491 0
56 81 136493 0
45 113 136584 0
104 35 136592 1
25 87 136609 0
25 100 136615 0
58 52 136820 0
68 41 136881 1
59 86 136898 0
62 68 137119 0
41 114 137133 0
25 72 137162 0
67 41 137213 1
60 54 137235 0
51 37 137248 1
25 99 137251 0
32 112 137252 0
51 96 137345 1
26 103 137348 0
86 71 137435 0
30 62 137503 0
57 51 137511 0
61 64 137576 0
89 58 137636 0
65 89 137644 0
105 37 137718 1
30 120 137787 0
108 53 137858 1
50 85 137867 1
63 62 138074 0
43 67 138080 1
44 65 138247 1
73 78 138253 1
86 63 138392 0
62 37 138447 1
28 69 138573 0
62 64 138576 0
74 48 138661 1
105 36 138710 1
25 102 138834 0
24 79 138924 0
98 34 138976 1
57 37 139094 1
49 83 139141 1
63 63 139156 0
69 45 139321 1
63 60 139385 0
24 91 139489 0
58 55 139668 0
26 69 139688 0
33 60 139718 0
56 77 139768 0
44 64 139848 1
24 83 139856 0
40 81 139874 1
41 83 139888 1
24 84 139960 0
73 51 140108 1
40 77 140120 1
57 81 140399 0
109 47 140401 1
61 36 140421 1
25 84 140427 0
67 88 140569 0
51 95 140612 1
51 87 140644 1
29 107 140681 0
57 51 140694 0
58 52 140739 0
59 86 140768 0
29 112 140886 0
66 88 140901 0
25 88 140923 0
36 112 141070 0
49 82 141073 1
29 106 141170 0
38 50 141402 0
87 74 141432 0
86 71 141444 0
29 108 141460 0
39 113 141642 0
47 112 141697 0
25 79 141702 0
63 61 141883 0
55 53 141914 0
59 87 142007 0
60 87 142159 0
65 40 142169 1
42 113 142210 0
40 112 142280 0
98 68 142383 1
26 102 142384 0
61 37 142387 1
87 75 142413 0
45 81 142568 1
63 60 143438 0
53 36 143615 1
46 82 143769 1
42 81 143771 1
47 39 143790 1
65 39 143839 1
57 79 143881 0
24 92 143980 0
51 98 144057 1
46 114 144110 0
90 38 144178 1
24 88 144219 0
107 38 144367 1
108 41 144569 1
86 73 144619 0
63 63 144661 0
107 53 144767 1
60 54 144893 0
90 78 144907 0
26 103 144926 0
47 65 144960 1
71 47 144964 1
29 106 145036 0
103 35 145269 1
87 40 145274 1
36 112 145340 0
74 52 145354 1
25 89 145485 0
79 46 145570 1
84 66 145607 0
25 80 145664 0
62 59 145805 0
108 40 145920 1
50 87 145958 1
109 43 145993 1
60 86 145995 0
57 51 146030 0
42 72 146063 1
63 61 146136 0
60 87 146206 0
86 66 146241 0
97 35 146326 1
25 88 146329 0
86 64 146568 0
60 56 146725 0
62 88 146797 0
108 39 146835 1
109 49 146906 1
89 59 146908 0
51 97 147059 1
24 79 147061 0
60 36 147095 1
75 64 147135 1
59 87 147197 0
72 48 147342 1
57 78 147360 0
62 90 147388 0
86 68 147421 0
29 64 147458 0
69 43 147478 1
62 66 147493 0
62 57 147514 0
51 92 147643 1
71 46 147651 1
73 79 147701 1
30 107 147776 0
51 91 147809 1
59 86 147818 0
70 45 147820 1
56 79 147824 0
107 39 147896 1
92 37 147934 1
46 112 147992 0
60 62 147998 0
24 100 147999 0
39 113 148013 0
34 58 148024 0
25 72 148053 0
86 71 148059 0
47 80 148083 0
47 82 148083 1
51 100 148093 1
93 76 148093 0
21 82 148127 0
97 71 148146 1
38 115 148175 0
109 46 148228 1
49 85 148300 1
37 112 148357 0
25 78 148382 0
33 110 148409 0
63 88 148439 0
40 113 148461 0
42 113 148477 0
42 112 148485 0
45 80 148493 1
57 83 148498 0
23 80 148570 0
25 95 148581 0
35 113 148639 0
57 77 148648 0
48 82 148695 1
51 99 148738 1
109 50 148767 1
24 83 148825 0
30 64 148840 0
106 37 148907 1
102 34 149047 1
30 63 149056 0
76 72 149071 1
92 76 149080 0
65 88 149090 0
41 47 149094 0
24 91 149197 0
61 71 149218 0
60 86 149219 0
26 76 149266 0
88 58 149266 0
58 36 149295 1
25 89 149309 0
51 89 149346 1
43 68 149348 1
25 91 149364 0
25 80 149451 0
43 112 149486 0
57 86 149499 0
29 106 149544 0
26 72 149571 0
51 88 149575 1
97 70 149685 1
69 44 149686 1
24 85 149740 0
47 111 149762 0
54 81 149817 0
73 50 149825 1
43 69 149864 1
15 79 149890 0
58 88 149892 0
63 60 149896 0
46 81 149928 1
36 112 149996 0
49 86 150043 1
35 112 150046 0
59 37 150120 1
60 87 150162 0
98 70 150180 1
38 52 150192 0
39 80 150231 1
63 37 150231 1
86 62 150292 0
68 42 150319 1
29 67 150322 0
62 59 150328 0
51 93 150335 1
41 75 150385 1
27 72 150414 0
51 90 150415 1
63 61 150421 0
62 68 150427 0
51 86 150440 1
37 52 150494 0
98 69 150496 1
54 79 150556 0
29 62 150573 0
62 57 150577 0
61 87 150583 0
24 92 150613 0
95 35 150665 1
34 57 150761 0
54 82 150939 0
109 48 150978 1
28 68 151025 0
61 38 151055 1
39 78 151080 1
75 51 151099 1
50 86 151150 1
99 34 151185 1
30 107 151203 0
24 108 151207 0
56 51 151208 0
83 64 151217 0
40 112 151250 0
88 40 151269 1
51 94 151274 1
63 39 151298 1
34 111 151299 0
72 47 151329 1
26 109 151342 0
97 72 151343 1
25 94 151375 0
40 78 151376 1
54 36 151387 1
109 42 151415 1
52 99 151416 1
96 34 151468 1
72 49 151502 1
104 59 151536 1
63 38 151540 1
72 80 151574 1
48 81 151646 1
93 36 151686 1
68 43 151704 1
85 42 151735 1
28 105 151744 0
59 54 151777 0
109 45 151793 1
55 36 151865 1
58 86 151942 0
44 66 151975 1
52 87 151996 0
52 102 151996 1
99 35 151998 1
91 77 152039 0
67 42 152066 1
87 59 152213 1
59 87 152251 0
71 45 152283 1
63 63 152304 0
70 44 152356 1
57 82 152366 0
37 113 152431 0
73 77 152439 1
40 79 152440 1
51 96 152473 1
52 100 152484 1
51 38 152502 1
42 73 152573 1
25 76 152575 0
105 36 152586 1
57 78 152702 0
27 101 152727 0
25 92 152759 0
57 81 152765 0
85 62 152804 0
68 41 152804 1
52 101 152836 1
100 34 152863 1
50 84 152876 1
39 84 152961 1
91 38 153005 1
42 112 153049 0
25 88 153069 0
25 73 153088 0
69 42 153108 1
63 36 153122 1
58 52 153132 0
106 36 153184 1
62 70 153208 0
75 74 153381 1
25 84 153479 0
90 39 153501 1
51 85 153515 1
92 76 153522 0
107 37 153589 1
25 89 153612 0
25 80 153641 0
44 114 153641 0
63 62 153660 0
25 77 153668 0
60 86 153688 0
46 113 153715 0
71 47 153750 1
23 88 153816 0
63 89 153824 0
89 77 153847 0
52 98 153971 1
49 84 154168 1
59 36 154199 1
42 113 154329 0
62 66 154353 0
32 60 154384 0
51 95 154384 1
57 51 154633 0
29 107 154682 0
86 66 154723 0
26 103 154804 0
110 46 154932 1
51 105 154997 1
103 34 155033 1
40 82 155056 1
34 111 155101 0
30 107 155109 0
90 77 155135 0
95 36 155152 1
50 107 155177 1
45 63 155228 1
53 37 155298 1
43 112 155302 0
66 40 155304 1
104 35 155345 1
67 41 155374 1
39 81 155652 1
40 85 155765 1
56 52 155823 0
62 57 155836 0
97 34 155855 1
47 81 155927 1
24 79 155971 0
29 65 155971 0
75 73 155988 1
105 35 156041 1
39 85 156114 1
55 53 156286 0
25 94 156382 0
87 76 156392 0
29 63 156400 0
40 76 156430 1
32 112 156589 0
37 111 156626 0
52 104 156657 1
49 40 156936 1
27 101 156955 0
33 111 157044 0
41 113 157127 0
87 73 157337 0
86 63 157534 0
64 39 157549 1
64 37 157571 1
46 79 157607 1
62 59 157643 0
105 58 157673 1
29 106 157686 0
49 83 157763 1
48 39 157805 1
107 38 157898 1
58 55 158188 0
109 40 158300 1
33 59 158480 0
65 40 158595 1
87 74 158649 0
41 73 158760 1
61 37 158929 1
109 41 158935 1
101 34 158972 1
90 78 158974 0
50 83 159067 1
25 79 159086 0
34 111 159093 0
72 48 159227 1
39 113 159287 0
24 85 159289 0
101 33 159304 1
7 28 159426 1
67 40 159458 1
46 112 159566 0
87 77 159719 0
61 57 159744 0
76 73 159761 1
56 36 159763 1
73 51 159852 1
108 39 159894 1
52 103 159922 1
94 36 159989 1
70 43 159993 1
65 39 160056 1
99 33 160105 1
26 69 160126 0
58 75 160154 0
61 70 160225 0
93 37 160272 1
64 38 160287 1
52 94 160326 1
70 45 160342 1
110 47 160356 1
87 73 160431 0
91 37 160436 1
47 84 160459 1
50 85 160503 1
66 39 160526 1
57 79 160533 0
60 87 160559 0
40 80 160669 1
52 97 160670 1
73 49 160701 1
25 73 160801 0
41 81 160817 1
51 92 160912 1
87 75 160935 0
41 76 160968 1
87 64 160972 0
59 35 161009 1
44 81 161012 1
87 71 161024 0
108 38 161084 1
51 91 161173 1
44 67 161187 1
39 82 161195 1
51 89 161196 1
24 92 161213 0
57 78 161221 0
26 82 161242 0
53 102 161270 1
90 77 161301 0
38 114 161391 0
23 82 161411 0
71 46 161427 1
69 43 161451 1
72 46 161467 1
111 44 161534 1
63 61 161644 0
69 44 161645 1
109 43 161681 1
51 97 161723 1
102 34 161765 1
92 76 161821 0
51 104 161825 1
42 74 161826 1
68 42 161886 1
109 51 161898 1
51 87 161933 1
86 68 161944 0
37 112 161972 0
43 70 161996 1
57 80 162004 0
36 112 162012 0
49 82 162052 1
73 50 162080 1
52 38 162085 1
99 66 162103 1
86 71 162160 0
61 69 162163 0
110 42 162238 1
62 67 162245 0
62 66 162377 0
27 107 162412 0
106 57 162453 1
86 64 162481 0
23 103 162483 0
33 110 162494 0
59 86 162509 0
63 60 162557 0
52 99 162585 1
61 87 162615 0
51 88 162627 1
60 36 162681 1
102 33 162699 1
106 37 162749 1
28 103 162793 0
27 101 162874 0
51 90 162932 1
104 34 162963 1
25 89 162988 0
90 54 163065 0
26 76 163123 0
46 111 163125 0
43 81 163164 1
58 82 163226 0
60 86 163247 0
25 98 163281 0
49 81 163285 1
75 75 163309 1
100 33 163358 1
40 75 163366 1
45 64 163397 1
25 91 163504 0
46 82 163511 1
72 47 163535 1
25 95 163568 0
86 66 163575 0
103 35 163584 1
71 47 163611 1
51 86 163616 1
75 76 163655 1
70 107 163657 0
70 44 163657 1
57 36 163704 1
74 76 163716 1
41 77 163721 1
62 36 163765 1
26 71 163789 0
51 95 163795 1
43 113 163832 0
26 89 163872 0
25 75 163873 0
41 113 163890 0
106 36 163896 1
61 54 163919 0
59 87 163919 0
52 98 164036 1
58 51 164081 0
87 73 164091 0
62 88 164111 0
42 112 164134 0
41 80 164137 1
51 96 164246 1
51 94 164251 1
59 54 164316 0
44 68 164324 1
110 43 164350 1
46 80 164350 1
25 80 164370 0
67 42 164371 1
25 92 164426 0
74 77 164438 1
34 111 164439 0
59 37 164461 1
25 72 164491 0
52 90 164511 1
40 84 164513 1
75 52 164516 1
81 45 164544 1
65 37 164548 1
72 48 164584 1
25 78 164592 0
52 100 164724 1
29 114 164726 0
47 82 164781 1
63 88 164810 0
41 74 164835 1
48 80 164852 1
26 102 164879 0
62 89 165005 0
57 37 165044 1
49 39 165070 1
61 36 165083 1
68 41 165113 1
60 88 165120 0
45 112 165159 0
43 67 165246 1
59 64 165313 0
25 94 165402 0
40 114 165504 0
74 52 165672 1
85 41 165692 1
21 97 165775 0
25 87 165800 0
62 57 165835 0
126 27 165997 1
50 39 166010 1
25 88 166032 0
42 80 166127 1
62 58 166192 0
40 112 166263 0
49 109 166293 1
61 88 166362 0
45 81 166390 1
58 82 166395 0
58 51 166404 0
55 52 166537 0
107 37 166563 1
62 65 166565 0
40 116 166566 0
24 77 166725 0
40 81 166739 1
28 103 166799 0
65 35 166895 1
67 39 166897 1
50 108 166959 1
71 45 166961 1
25 84 167021 0
61 54 167037 0
47 80 167043 1
40 77 167102 1
63 63 167184 0
52 101 167259 1
52 55 167296 0
57 52 167318 0
50 84 167390 1
90 77 167407 0
103 34 167568 1
56 80 167593 0
47 79 167663 1
21 87 167722 0
40 78 167789 1
85 69 167840 0
109 42 167843 1
43 112 167925 0
24 106 167942 0
48 81 167944 1
58 84 167966 0
66 40 167968 1
86 69 168028 0
51 92 168078 1
59 36 168087 1
52 97 168100 1
53 101 168309 1
46 81 168324 1
46 62 168357 1
69 39 168385 1
83 44 168470 1
65 39 168540 1
84 68 168622 0
65 38 168635 1
67 41 168645 1
98 34 168672 1
53 103 168733 1
74 50 168758 1
40 79 168762 1
33 116 168874 0
87 65 169017 0
58 51 169030 0
59 89 169082 0
63 62 169294 0
57 84 169425 0
29 105 169539 0
51 57 169594 0
56 77 169611 0
65 88 169672 0
24 90 169682 0
63 37 169798 1
25 73 169817 0
105 36 169817 1
42 113 169843 0
57 81 169865 0
107 55 169886 1
61 56 169989 0
26 82 170064 0
43 69 170064 1
25 102 170074 0
49 85 170152 1
61 37 170213 1
46 61 170386 1
51 83 170401 1
86 67 170634 0
57 51 170785 0
61 54 170827 0
50 38 170934 1
52 105 170956 1
24 87 171002 0
39 112 171025 0
28 103 171043 0
61 53 171107 0
23 85 171179 0
109 50 171209 1
25 98 171211 0
25 86 171352 0
62 58 171396 0
63 38 171555 1
26 97 171564 0
30 120 171858 0
31 113 171883 0
70 45 171914 1
58 84 171985 0
43 80 171986 1
89 55 172047 0
52 93 172133 1
28 98 172135 0
86 69 172203 0
15 81 172336 0
93 76 172492 0
109 48 172748 1
86 73 172750 0
47 83 172798 1
24 71 172844 0
87 73 172862 0
66 88 172865 0
58 54 173002 0
86 75 173086 0
89 56 173095 0
39 114 173140 0
53 54 173221 0
29 105 173339 0
26 104 173350 0
87 71 173389 0
60 88 173403 0
33 59 173429 0
63 90 173454 0
103 33 173467 1
58 82 173509 0
44 113 173518 0
58 51 173521 0
59 73 173596 0
61 55 173616 0
108 39 173818 1
61 35 173901 1
27 98 174006 0
21 88 174008 0
87 74 174010 0
60 89 174028 0
39 50 174152 0
32 115 174177 0
61 53 174183 0
27 99 174213 0
48 40 174218 1
40 113 174247 0
86 76 174297 0
57 77 174329 0
110 48 174507 1
34 56 174513 0
57 54 174539 0
32 110 174551 1
58 87 174576 0
37 111 174627 0
112 38 174637 1
46 47 174682 1
105 35 174728 1
41 113 174740 0
58 36 174769 1
52 56 174777 0
86 67 174835 0
61 90 174884 0
51 91 174969 1
50 86 175058 1
109 41 175282 1
25 86 175387 0
59 55 175422 0
26 72 175554 0
31 110 175571 0
36 113 175596 0
91 76 175739 0
86 62 175758 0
22 105 175850 0
24 96 175881 0
89 58 175932 0
49 84 176042 1
21 70 176050 0
69 43 176266 1
58 84 176363 0
26 97 176505 0
110 46 176586 1
61 56 176641 0
86 69 176750 0
28 67 176752 0
63 61 176755 0
39 112 176783 0
60 87 176868 0
66 39 176888 1
33 60 176923 0
97 35 176999 1
86 74 177081 0
60 85 177111 0
30 66 177153 0
25 85 177260 0
60 90 177340 0
35 111 177344 0
60 36 177485 1
25 89 177530 0
107 39 177614 1
89 39 177712 1
27 68 177756 0
34 58 177772 0
51 85 177905 1
57 76 177932 0
73 50 177990 1
90 77 178031 0
58 78 178121 0
29 105 178256 0
86 40 178465 1
61 53 178489 0
54 37 178673 1
50 57 178685 0
61 55 178707 0
109 46 178778 1
51 93 178867 1
62 58 178961 0
69 42 178981 1
64 38 179060 1
25 76 179120 0
61 54 179231 0
67 40 179267 1
51 89 179330 1
92 37 179409 1
71 46 179553 1
70 44 179688 1
24 77 179696 0
68 42 179774 1
50 81 179789 1
44 69 179819 1
91 76 179830 0
98 70 180157 1
49 83 180173 1
86 67 180315 0
41 112 180590 0
73 79 180630 1
93 36 180735 1
106 35 180768 1
44 66 181074 1
25 82 181247 0
39 80 181502 1
25 77 181568 0
25 79 181668 0
34 111 181694 0
51 34 181988 1
35 111 182194 0
25 85 182227 0
49 38 182244 1
73 80 182245 1
44 70 182387 1
23 86 182494 0
60 53 182531 0
98 69 182628 1
74 78 182646 1
27 99 182660 0
50 83 182684 1
51 88 182912 1
28 66 182982 0
24 87 183008 0
41 79 183083 1
25 86 183181 0
25 111 183284 0
106 56 183335 1
28 103 183350 0
51 56 183569 0
88 78 183621 0
56 84 183622 0
24 97 183674 0
53 100 183830 1
23 84 184144 0
110 47 184148 1
45 80 184237 1
44 65 184302 1
24 78 184313 0
109 40 184410 1
106 36 184433 1
26 84 184490 0
56 36 184507 1
60 85 184527 0
108 38 184566 1
107 37 184675 1
101 33 184696 1
60 88 184785 0
45 79 184895 1
102 34 184956 1
86 63 185166 0
109 39 185271 1
27 101 185306 0
87 64 185310 0
92 76 185355 0
26 89 185407 0
73 49 185447 1
96 35 185448 1
91 76 185597 0
90 76 185603 0
107 36 185642 1
110 49 185701 1
26 97 185727 0
52 99 185790 1
86 74 185797 0
43 71 185846 1
41 115 185888 0
92 75 185913 0
63 65 185935 0
103 34 185965 1
59 53 185967 0
105 34 185973 1
110 41 186062 1
72 48 186177 1
63 66 186218 0
68 41 186220 1
51 87 186297 1
62 66 186305 0
71 44 186341 1
61 55 186349 0
108 37 186365 1
72 47 186368 1
107 120 186399 1
51 95 186412 1
73 48 186426 1
104 60 186456 1
109 41 186476 1
88 72 186576 0
53 38 186591 1
50 85 186602 1
49 82 186665 1
94 35 186678 1
110 43 186784 1
100 34 186817 1
51 86 186819 1
51 84 186895 1
48 111 186903 0
51 90 186916 1
92 36 186918 1
72 46 186951 1
87 71 186957 0
63 60 187038 0
60 86 187044 0
59 85 187062 0
69 41 187091 1
52 98 187103 1
25 82 187129 0
90 75 187177 0
52 95 187222 1
47 81 187224 1
110 42 187232 1
109 40 187243 1
57 50 187272 0
58 78 187328 0
70 43 187340 1
24 94 187369 0
52 100 187413 1
99 68 187428 1
65 39 187444 1
28 102 187469 0
110 46 187476 1
66 39 187487 1
58 74 187553 0
71 40 187563 1
97 71 187577 1
87 65 187601 0
88 44 187679 1
88 39 187680 1
55 36 187730 1
107 37 187767 1
75 51 187776 1
52 91 187786 1
48 59 187792 1
41 82 187797 1
104 33 187844 1
57 35 187869 1
76 72 187895 1
63 127 187960 1
27 104 188008 0
37 112 188032 0
52 92 188034 1
60 35 188055 1
54 36 188058 1
44 71 188072 1
52 99 188082 1
61 53 188122 0
95 75 188142 0
61 87 188237 0
26 76 188249 0
94 36 188249 1
93 75 188251 0
64 88 188337 0
49 81 188367 1
27 98 188377 0
104 34 188416 1
52 103 188426 1
63 36 188426 1
45 63 188450 1
109 38 188457 1
52 96 188458 1
42 71 188464 1
59 52 188467 0
42 78 188475 1
41 75 188487 1
27 69 188537 0
36 112 188570 0
57 79 188586 0
95 36 188590 1
59 83 188627 0
42 112 188659 0
51 94 188661 1
51 92 188676 1
56 51 188694 0
41 76 188710 1
50 109 188715 1
52 97 188721 1
99 34 188747 1
49 80 188755 1
43 36 188789 1
43 68 188789 1
52 94 188850 1
50 84 188851 1
75 77 188895 1
47 82 188930 1
75 50 188938 1
72 45 188987 1
60 53 188990 0
27 72 189001 0
29 65 189032 0
71 45 189035 1
52 88 189043 1
67 40 189047 1
25 85 189049 0
102 33 189086 1
33 110 189201 0
40 82 189214 1
75 74 189237 1
76 50 189243 1
58 82 189314 0
86 61 189324 0
47 111 189382 0
46 112 189398 0
86 69 189429 0
52 106 189452 1
40 112 189455 0
58 84 189464 0
25 87 189472 0
58 51 189491 0
58 50 189512 0
30 120 189537 0
108 38 189585 1
87 73 189587 0
25 80 189623 0
108 39 189635 1
62 55 189642 0
29 106 189647 0
28 69 189660 0
100 33 189685 1
35 112 189731 0
52 90 189732 1
53 102 189739 1
60 36 189743 1
109 52 189777 1
75 73 189823 1
68 41 189846 1
35 111 189886 0
53 99 189909 1
43 111 189924 0
61 37 189924 1
89 75 189946 0
63 68 189948 0
60 85 189960 0
52 37 190057 1
26 82 190070 0
65 38 190118 1
51 105 190165 1
30 64 190224 0
90 75 190248 0
66 40 190251 1
87 64 190293 0
53 37 190363 1
59 36 190395 1
74 50 190452 1
68 40 190463 1
25 92 190553 0
48 81 190555 1
64 38 190556 1
51 89 190565 1
53 98 190577 1
64 37 190580 1
43 72 190585 1
37 111 190590 0
61 36 190605 1
76 73 190631 1
70 44 190636 1
46 80 190644 1
52 98 190647 1
72 48 190659 1
35 109 190680 0
59 35 190722 1
28 70 190784 0
39 112 190806 0
103 33 190823 1
73 50 190842 1
26 70 190851 0
59 86 190857 0
39 81 190866 1
46 79 190914 1
44 67 190920 1
90 76 190928 0
110 47 190934 1
53 36 190945 1
25 88 191000 0
73 48 191008 1
106 41 191011 1
101 33 191023 1
40 78 191056 1
74 49 191073 1
110 48 191106 1
91 37 191107 1
63 65 191116 0
113 60 191132 1
51 91 191144 1
52 89 191174 1
65 86 191187 0
61 85 191195 0
26 84 191251 0
109 39 191291 1
41 78 191315 1
47 80 191326 1
59 85 191342 0
50 82 191364 1
88 72 191378 0
51 86 191395 1
61 56 191446 0
87 71 191459 0
52 93 191501 1
89 76 191518 0
37 53 191519 0
103 34 191520 1
58 78 191522 0
26 89 191544 0
91 38 191547 1
28 102 191553 0
51 85 191553 1
59 83 191557 0
69 85 191612 0
71 47 191619 1
72 46 191657 1
52 95 191676 1
105 39 191711 1
107 36 191728 1
41 77 191740 1
26 76 191761 0
95 35 191818 1
63 63 191820 0
25 74 191853 0
57 78 191870 0
28 98 191894 0
58 75 191923 0
46 111 191926 0
52 99 191957 1
91 76 191966 0
88 76 191983 0
51 107 192029 1
25 84 192056 0
65 39 192058 1
35 56 192078 0
29 105 192175 0
44 68 192183 1
87 40 192193 1
73 47 192195 1
71 46 192197 1
71 44 192215 1
74 48 192248 1
45 67 192257 1
103 62 192258 1
52 96 192259 1
106 55 192298 1
39 111 192326 0
40 79 192356 1
77 70 192368 1
72 47 192377 1
52 94 192394 1
111 37 192434 1
53 104 192439 1
62 55 192446 0
66 39 192454 1
56 35 192472 1
67 41 192474 1
42 75 192539 1
106 34 192569 1
67 39 192600 1
44 80 192608 1
106 35 192648 1
25 82 192656 0
26 98 192673 0
28 68 192696 0
63 66 192736 0
98 71 192792 1
25 78 192799 0
109 41 192826 1
65 37 192856 1
35 54 192874 0
49 84 192879 1
42 72 192906 1
48 80 192929 1
90 37 192940 1
55 35 192971 1
52 101 192991 1
90 75 193045 0
40 81 193055 1
52 92 193179 1
99 33 193216 1
92 75 193219 0
75 76 193224 1
46 81 193229 1
100 68 193230 1
39 82 193245 1
41 73 193249 1
70 43 193270 1
69 42 193318 1
105 35 193367 1
109 40 193372 1
51 83 193374 1
45 64 193456 1
25 91 193465 0
107 37 193495 1
66 86 193533 0
53 100 193537 1
57 76 193571 0
33 112 193673 0
64 36 193726 1
59 52 193803 0
27 99 193875 0
52 91 193896 1
89 75 193976 0
29 67 194008 0
43 70 194080 1
62 36 194097 1
69 43 194134 1
51 84 194147 1
51 38 194216 1
63 37 194237 1
75 75 194263 1
31 115 194278 0
29 103 194316 0
31 110 194317 0
113 40 194330 1
67 40 194330 1
109 51 194363 1
58 35 194414 1
52 97 194421 1
48 60 194443 1
87 65 194456 0
63 36 194496 1
56 38 194526 1
24 80 194537 0
57 80 194568 0
30 107 194621 0
60 52 194700 0
53 101 194743 1
44 66 194808 1
108 37 194808 1
69 41 194846 1
51 87 194852 1
105 34 194932 1
67 87 194963 0
28 65 195218 0
62 60 195230 0
88 38 195278 1
42 73 195333 1
45 81 195451 1
60 86 195471 0
111 42 195570 1
49 82 195686 1
51 90 195740 1
62 68 195759 0
87 68 195765 0
97 35 195770 1
93 75 195777 0
42 82 195781 1
60 36 195790 1
52 85 195831 1
87 41 195867 1
41 74 195885 1
64 88 195920 0
26 71 195962 0
26 97 196080 0
58 50 196095 0
110 46 196117 1
58 83 196283 0
110 43 196310 1
52 45 196323 1
52 100 196323 1
59 83 196427 0
86 67 196480 0
90 76 196541 0
66 38 196585 1
62 55 196610 0
50 81 196663 1
27 103 196668 0
27 98 196673 0
61 53 196752 0
36 55 196810 0
59 85 196817 0
86 74 196858 0
57 86 196896 1
57 51 196896 0
26 82 196917 0
32 60 196929 0
49 81 196931 1
50 84 196944 1
43 112 196982 0
51 92 197058 1
105 57 197063 1
28 102 197082 0
71 45 197095 1
110 41 197132 1
68 42 197138 1
25 94 197150 0
30 120 197173 0
68 41 197361 1
48 110 197528 0
40 84 197567 1
29 103 197622 0
77 42 197696 1
33 58 198018 0
110 42 198244 1
89 76 198262 0
60 52 198284 0
61 54 198304 0
90 75 198325 0
62 35 198385 1
52 90 198402 1
57 35 198457 1
86 70 198491 0
25 86 198626 0
106 36 198674 1
35 111 198777 0
26 98 198847 0
50 83 198896 1
92 76 198919 0
96 36 198920 1
63 62 198940 0
62 70 198953 0
39 113 199024 0
33 52 199040 0
25 97 199075 0
61 86 199079 0
24 79 199085 0
74 76 199102 1
31 107 199120 0
69 84 199169 0
27 72 199299 0
40 83 199303 1
88 40 199304 1
22 106 199334 0
31 114 199343 0
89 75 199427 0
24 102 199464 0
24 85 199507 0
87 68 199532 0
26 84 199552 0
86 68 199574 0
28 106 199605 0
74 77 199656 1
58 82 199742 0
60 85 199814 0
86 64 199905 0
52 95 199935 1
0 0 200010 0
