95 39 0 1
62 38 40 1
31 92 67 0
57 94 158 1
87 36 305 1
47 126 316 0
37 52 463 0
32 92 479 0
48 86 484 1
83 61 525 0
83 68 535 0
78 68 542 1
84 90 682 0
101 55 735 1
50 90 772 1
51 0 775 0
38 102 808 0
31 65 823 0
33 60 824 0
51 64 881 1
100 47 886 1
59 66 898 0
83 88 927 0
58 97 1038 1
93 36 1058 1
58 60 1092 0
41 106 1278 0
33 98 1607 0
71 46 1675 1
35 57 1684 0
32 81 1695 0
61 38 1783 1
71 45 1802 1
56 94 1928 1
83 36 1956 1
49 89 1998 1
54 82 2072 0
82 89 2179 0
33 95 2396 0
55 87 2429 0
59 60 2443 0
74 78 2531 1
30 78 2680 0
59 62 2878 0
37 102 2901 0
85 90 2916 0
55 94 2916 1
31 80 3010 0
90 36 3065 1
34 98 3147 0
66 41 3497 1
29 72 3498 0
67 41 3575 1
56 89 3717 0
97 41 3746 1
84 60 3787 0
48 74 3875 1
89 89 3928 0
34 100 3951 0
31 82 3976 0
59 63 3981 0
56 72 4063 0
89 36 4141 1
47 77 4221 1
80 81 4254 0
85 62 4328 0
32 96 4645 0
85 64 4688 0
56 75 4728 0
36 100 4753 0
98 78 4846 1
40 103 4967 0
100 48 5055 1
29 79 5072 0
98 42 5124 1
101 63 5169 1
92 36 5377 1
31 74 5391 0
36 57 5544 0
99 45 5601 1
91 36 5606 1
83 90 5610 0
50 40 5696 1
64 39 5696 1
58 65 5712 0
33 98 5855 0
84 35 5962 1
89 90 6001 0
33 97 6155 0
61 91 6243 0
36 102 6267 0
33 100 6283 0
59 60 6329 0
47 82 6404 1
47 79 6423 1
55 78 6424 0
30 80 6464 0
101 53 6480 1
57 90 6577 0
57 70 6593 0
52 0 6621 0
55 77 6656 0
30 78 6656 0
53 84 6735 0
50 105 6812 0
95 93 6814 0
80 78 6862 0
38 101 6886 0
34 60 6943 0
47 84 7087 1
59 59 7136 0
73 82 7181 1
84 90 7308 0
30 76 7354 0
31 82 7385 0
15 81 7570 0
63 39 7657 1
59 62 7779 0
85 90 7846 0
32 82 7887 0
88 91 7921 0
43 104 7923 0
30 69 7927 0
64 92 7990 0
82 72 8054 0
100 69 8095 1
32 62 8327 0
55 84 8333 0
36 100 8534 0
39 103 8576 0
102 52 8625 1
29 75 8667 0
58 100 8850 1
80 81 8853 0
31 89 9063 0
29 78 9226 0
94 37 9363 1
97 79 9416 1
85 89 9504 0
51 105 9539 0
96 80 9624 1
58 60 9625 0
56 90 9678 0
79 85 9928 0
62 92 9939 0
50 0 10018 0
31 97 10038 0
68 43 10163 1
65 40 10165 1
85 63 10165 0
48 107 10187 0
101 67 10346 1
59 66 10358 0
52 107 10565 0
59 37 10656 1
31 88 10679 0
31 91 10737 0
57 38 10798 1
31 82 10947 0
54 105 11094 0
81 77 11388 0
100 70 11444 1
30 78 11551 0
38 105 11695 0
30 76 11762 0
33 98 11775 0
98 77 11890 1
55 79 12103 0
34 58 12407 0
32 91 12430 0
39 103 12522 0
100 46 12525 1
50 71 12702 1
49 88 12850 1
65 92 12874 0
57 99 13070 1
73 83 13132 1
50 39 13144 1
32 97 13277 0
56 89 13371 0
32 96 13389 0
32 99 13440 0
34 57 13482 0
80 36 13591 1
33 94 13708 0
48 87 13717 1
50 105 13934 0
33 62 13957 0
95 84 13993 1
50 69 14139 1
98 43 14370 1
30 90 14520 0
82 73 14559 0
82 74 14832 0
101 64 14885 1
52 62 14885 1
58 37 14885 1
55 37 14895 1
59 61 14939 0
58 68 15021 0
97 42 15023 1
101 51 15185 1
101 52 15361 1
39 105 15371 0
31 89 15446 0
90 88 15604 0
85 63 15632 0
37 102 15679 0
42 106 15703 0
29 74 15742 0
54 80 15814 0
35 101 15864 0
55 77 15969 0
91 35 15994 1
81 82 16021 0
81 90 16021 0
28 75 16075 0
101 66 16090 1
101 61 16108 1
96 39 16166 1
83 89 16234 0
31 95 16266 0
31 81 16295 0
47 105 16437 0
87 89 16520 0
39 104 16592 0
30 76 16646 0
102 60 16649 1
96 40 16660 1
101 59 16663 1
81 76 16739 0
90 35 16853 1
102 56 16954 1
100 45 16987 1
83 88 17050 0
55 83 17073 0
87 35 17081 1
102 57 17100 1
80 81 17143 0
102 53 17173 1
31 82 17182 0
93 37 17189 1
97 41 17217 1
63 92 17220 0
55 58 17224 0
69 44 17240 1
55 79 17264 0
55 93 17272 1
74 80 17307 1
70 45 17330 1
37 104 17406 0
102 62 17431 1
100 49 17432 1
99 43 17449 1
101 65 17476 1
86 35 17478 1
89 35 17488 1
39 41 17606 1
39 103 17606 0
102 54 17614 1
80 80 17616 0
77 71 17661 1
95 39 17692 1
101 50 17695 1
47 106 17702 0
62 39 17724 1
53 105 17784 0
85 59 17791 0
99 74 17796 1
101 51 17816 1
55 81 17819 0
102 58 17843 1
51 92 17884 1
85 90 17890 0
52 92 17916 1
85 60 17959 0
94 38 17959 1
100 71 18003 1
59 60 18024 0
101 48 18054 1
95 38 18059 1
102 63 18061 1
51 62 18089 1
67 42 18089 1
102 61 18095 1
85 64 18148 0
97 40 18159 1
85 35 18190 1
33 63 18229 0
56 35 18294 1
37 100 18306 0
53 104 18309 0
92 36 18317 1
36 100 18369 0
35 99 18449 0
48 83 18474 1
57 95 18475 1
32 91 18484 0
57 93 18553 1
32 98 18553 0
68 42 18586 1
50 66 18607 1
58 96 18635 1
54 88 18688 0
31 79 18702 0
59 38 18716 1
59 62 18737 0
59 59 18748 0
101 49 18759 1
31 71 18790 0
100 46 18826 1
40 104 18833 0
85 89 18840 0
55 103 18884 0
57 57 18915 0
75 78 18948 1
50 70 18982 1
51 91 18996 1
89 88 19019 0
85 66 19019 0
30 77 19035 0
55 89 19073 0
98 42 19131 1
32 92 19177 0
48 105 19183 0
81 62 19202 1
56 83 19210 0
100 72 19226 1
59 65 19241 0
96 81 19251 1
49 84 19266 1
48 81 19268 1
99 73 19290 1
100 44 19298 1
38 102 19307 0
68 41 19307 1
58 101 19323 1
85 62 19350 0
63 39 19353 1
48 84 19381 1
34 98 19419 0
56 81 19421 0
50 68 19421 1
38 101 19463 0
83 71 19494 0
40 103 19495 0
48 78 19515 1
69 43 19575 1
57 100 19633 1
36 56 19676 0
82 35 19687 1
88 35 19699 1
44 104 19708 0
81 77 19733 0
60 38 19738 1
54 92 19758 1
51 38 19811 1
33 95 19842 0
56 87 19881 0
61 91 19966 0
43 104 19987 0
61 92 19994 0
97 41 20058 1
58 66 20064 0
34 58 20069 0
34 99 20069 0
51 105 20080 0
93 36 20098 1
61 38 20123 1
32 63 20129 0
85 63 20144 0
101 52 20169 1
61 37 20177 1
31 80 20183 0
84 35 20190 1
81 36 20192 1
48 85 20206 1
66 39 20212 1
32 85 20218 0
58 99 20222 1
57 37 20238 1
67 40 20257 1
69 44 20278 1
49 76 20308 1
59 61 20362 0
30 78 20383 0
32 81 20413 0
91 36 20438 1
32 66 20451 0
37 55 20478 0
70 44 20479 1
84 67 20492 0
34 61 20492 0
112 72 20519 0
96 40 20519 1
79 38 20581 1
32 82 20688 0
31 93 20691 0
49 88 20702 1
97 42 20707 1
91 35 20740 1
31 96 20755 0
86 90 20793 0
77 70 20796 1
95 40 20823 1
48 80 20826 1
50 91 20891 1
55 92 20985 1
49 75 21008 1
51 123 21036 1
59 67 21060 0
48 76 21107 1
49 73 21117 1
49 85 21123 1
76 76 21144 1
49 89 21149 1
56 38 21178 1
36 101 21183 0
55 74 21226 0
56 82 21243 0
57 101 21274 1
50 105 21330 0
55 84 21366 0
59 91 21372 0
32 65 21393 0
37 100 21402 0
55 83 21411 0
33 97 21429 0
63 38 21443 1
31 87 21454 0
102 59 21455 1
57 71 21477 0
35 99 21487 0
37 51 21487 0
56 37 21512 1
52 37 21514 1
88 90 21532 0
81 81 21541 0
94 37 21555 1
67 42 21557 1
31 73 21596 0
48 88 21618 1
59 37 21619 1
57 94 21630 1
77 69 21648 1
47 105 21657 0
52 91 21658 1
53 92 21662 1
66 40 21721 1
62 38 21771 1
58 94 21787 1
51 92 21827 1
55 81 21856 0
50 95 21860 1
50 67 21860 1
55 104 21899 0
64 38 21900 1
55 79 21932 0
49 74 22036 1
87 35 22061 1
59 69 22143 0
31 74 22224 0
93 37 22228 1
36 57 22232 0
49 87 22242 1
89 34 22245 1
84 90 22253 0
32 92 22301 0
89 89 22373 0
70 45 22400 1
90 89 22419 0
54 37 22429 1
31 79 22435 0
48 127 22451 0
33 93 22458 0
39 104 22459 0
88 88 22460 0
65 39 22472 1
97 80 22496 1
39 103 22566 0
98 76 22572 1
56 93 22603 1
31 81 22630 0
48 86 22680 1
38 101 22684 0
30 83 22694 0
87 90 22714 0
51 65 22719 1
98 41 22721 1
32 91 22754 0
31 85 22772 0
55 93 22804 1
50 90 22813 1
37 50 22830 0
37 52 22835 0
52 92 22937 1
58 98 22941 1
48 75 23004 1
55 85 23008 0
83 88 23164 0
90 35 23208 1
65 40 23208 1
49 71 23212 1
31 83 23215 0
57 88 23217 0
30 76 23229 0
99 43 23263 1
102 52 23267 1
51 91 23269 1
67 41 23269 1
95 39 23291 1
32 85 23324 0
30 77 23356 0
36 100 23370 0
57 95 23380 1
34 100 23449 0
101 46 23491 1
30 82 23491 0
31 68 23532 0
56 83 23536 0
61 38 23600 1
31 70 23602 0
53 37 23609 1
74 81 23633 1
58 96 23634 1
59 96 23637 1
101 48 23642 1
53 91 23654 1
49 86 23654 1
49 81 23660 1
58 97 23701 1
52 38 23701 1
82 85 23735 0
37 53 23737 0
71 45 23746 1
56 87 23766 0
59 90 23774 0
92 36 23776 1
81 35 23870 1
85 35 23883 1
38 106 23938 0
68 42 24097 1
33 94 24116 0
100 45 24166 1
58 102 24177 1
101 66 24206 1
94 36 24214 1
95 38 24220 1
87 89 24237 0
80 35 24308 1
102 56 24377 1
58 90 24423 0
58 37 24426 1
56 75 24434 0
54 105 24484 0
98 42 24537 1
101 51 24553 1
102 54 24564 1
54 106 24578 0
53 38 24588 1
64 39 24603 1
79 66 24641 1
102 64 24663 1
80 79 24680 0
57 86 24764 0
50 69 24790 1
63 39 24817 1
102 51 24824 1
33 95 24825 0
31 82 24964 0
50 89 25114 1
56 86 25193 0
101 62 25214 1
85 34 25238 1
92 35 25246 1
49 88 25304 1
51 39 25545 1
101 64 25546 1
32 81 25585 0
29 91 25616 0
51 66 25653 1
49 105 25778 0
36 55 25832 0
45 106 25994 0
81 61 26097 1
77 74 26140 1
59 91 26188 0
31 71 26237 0
60 37 26240 1
56 81 26314 0
99 72 26404 1
31 89 26410 0
29 84 26423 0
38 50 26434 0
36 101 26540 0
80 81 26548 0
48 106 26585 0
57 37 26623 1
100 46 26673 1
40 103 26677 0
54 92 26687 1
97 78 26711 1
80 85 26777 0
57 93 26787 1
97 41 26849 1
96 39 26872 1
102 53 26898 1
90 36 27022 1
35 100 27119 0
59 90 27142 0
101 49 27167 1
32 82 27246 0
89 35 27328 1
99 75 27347 1
51 64 27367 1
48 105 27409 0
86 90 27423 0
45 104 27467 0
32 64 27495 0
55 77 27510 0
31 92 27564 0
44 104 27572 0
59 67 27599 0
70 87 27607 0
70 44 27607 1
57 88 27675 0
30 77 27734 0
79 65 27746 1
77 72 27815 1
59 66 27906 0
33 98 27939 0
55 85 27977 0
68 43 27980 1
49 69 28173 1
46 41 28203 1
71 44 28205 1
80 63 28235 1
57 58 28260 0
47 41 28322 1
50 106 28344 0
56 86 28359 0
97 81 28524 1
69 43 28654 1
38 52 28846 0
51 90 28856 1
49 79 28864 1
101 65 28905 1
43 45 28969 1
29 76 28996 0
83 60 29003 0
34 59 29178 0
83 69 29386 0
49 105 29423 0
45 41 29532 1
58 90 29584 0
49 39 29734 1
31 80 29773 0
34 98 29804 0
36 99 29820 0
93 36 29907 1
42 104 29937 0
51 63 29942 1
102 58 29980 1
75 76 29987 1
102 57 30011 1
68 41 30011 1
85 63 30022 0
85 89 30038 0
43 104 30044 0
80 64 30059 1
59 61 30078 0
37 53 30130 0
85 66 30425 0
101 59 30436 1
55 92 30539 1
32 87 30573 0
76 73 30578 1
48 81 30743 1
97 40 30781 1
101 68 30813 1
55 37 30836 1
50 72 30893 1
56 85 30992 0
102 60 31097 1
56 88 31143 0
38 104 31536 0
100 71 31674 1
56 86 31794 0
101 67 31940 1
64 91 32047 0
35 100 32110 0
66 89 32132 0
57 99 32171 1
59 90 32224 0
31 69 32245 0
97 39 32246 1
100 74 32354 1
32 85 32389 0
96 82 32538 1
53 104 32543 0
61 91 32597 0
50 105 32608 0
59 37 32655 1
102 50 32791 1
74 80 32911 1
62 38 32936 1
42 104 32957 0
30 70 32983 0
76 77 32984 1
85 64 33086 0
36 99 33103 0
94 37 33261 1
53 92 33265 1
48 84 33328 1
36 101 33344 0
80 85 33405 0
49 83 33497 1
96 40 33500 1
75 77 33591 1
79 89 33611 0
50 81 33613 0
50 1 33613 1
56 87 33670 0
32 92 33748 0
32 83 33749 0
31 91 33875 0
74 78 33939 1
58 69 34026 0
38 102 34040 0
84 35 34099 1
101 48 34190 1
49 105 34247 0
61 37 34299 1
37 100 34301 0
48 40 34329 1
77 71 34343 1
53 127 34443 1
49 80 34510 1
59 91 34564 0
32 87 34602 0
83 35 34714 1
102 61 34732 1
32 91 34769 0
55 79 34782 0
99 74 34871 1
56 83 34904 0
56 85 34992 0
96 38 35005 1
59 99 35017 1
50 70 35038 1
38 101 35051 0
58 99 35090 1
100 44 35178 1
59 64 35198 0
91 88 35350 0
91 35 35435 1
39 104 35461 0
55 76 35496 0
38 53 35518 0
51 104 35576 0
81 77 35607 0
42 45 35735 1
30 77 35772 0
48 76 35874 1
100 69 35883 1
58 95 35883 1
55 85 35890 0
47 107 35907 0
83 72 35983 0
50 68 36016 1
63 38 36021 1
100 72 36032 1
50 88 36163 1
75 79 36169 1
100 73 36182 1
78 70 36327 1
95 38 36345 1
33 64 36436 0
74 82 36439 1
56 88 36440 0
102 63 36515 1
59 38 36536 1
60 60 36630 0
56 82 36705 0
57 72 36776 0
51 105 36788 0
32 68 36790 0
77 73 36790 1
37 99 36798 0
66 40 36805 1
35 100 36832 0
31 79 36868 0
90 35 37038 1
53 105 37092 0
42 104 37095 0
56 86 37173 0
59 63 37204 0
52 61 37242 1
44 106 37328 0
31 74 37516 0
50 123 37608 1
32 83 37612 0
90 88 37633 0
67 42 37755 1
81 86 37856 0
49 82 37903 1
33 65 37920 0
102 55 37960 1
86 90 37994 0
39 103 38035 0
79 83 38048 0
67 41 38093 1
82 85 38113 0
68 42 38116 1
49 87 38349 1
32 81 38429 0
102 62 38449 1
64 91 38528 0
59 60 38650 0
40 104 38661 0
60 38 38757 1
31 72 38786 0
89 88 38827 0
50 38 39401 1
75 78 39458 1
95 83 39463 1
50 71 39481 1
32 69 39497 0
100 45 39499 1
32 96 39537 0
36 56 39728 0
32 89 39863 0
44 43 39872 1
51 38 39908 1
59 59 39992 0
60 60 40160 0
57 94 40204 1
83 64 40290 0
33 63 40379 0
58 90 40422 0
82 86 40569 0
82 89 40683 0
80 86 40710 0
59 98 40739 1
68 38 40763 1
52 63 40901 1
36 99 40949 0
59 64 41654 0
56 73 41664 0
55 72 41674 0
32 66 41809 0
57 74 41931 0
81 78 42187 0
54 6 42263 1
57 86 42270 0
99 43 42311 1
29 83 42360 0
35 58 42383 0
98 42 42477 1
56 88 42647 0
101 47 42661 1
58 89 42737 0
56 78 42801 0
61 38 42866 1
81 86 42923 0
93 37 43019 1
83 72 43134 0
57 88 43471 0
102 52 43521 1
102 54 43521 1
98 41 43528 1
31 84 43555 0
58 72 43572 0
101 52 43638 1
58 69 43653 0
33 61 43778 0
56 85 43889 0
87 35 43901 1
83 89 43927 0
37 103 43968 0
52 126 43983 1
92 36 44044 1
85 60 44093 0
73 82 44129 1
59 90 44172 0
98 77 44206 1
87 34 44224 1
34 63 44299 0
90 34 44342 1
65 39 44432 1
82 86 44454 0
58 37 44515 1
99 73 44546 1
51 91 44560 1
69 44 44642 1
56 92 44643 1
38 104 44663 0
35 100 44676 0
100 43 44698 1
30 78 44713 0
101 66 44732 1
57 72 44733 0
97 41 44753 1
51 37 44764 1
52 91 44778 1
32 68 44809 0
60 60 44818 0
45 104 44897 0
42 104 44902 0
32 83 44917 0
55 78 45069 0
36 53 45100 0
80 82 45115 0
49 127 45157 0
43 104 45158 0
33 94 45190 0
57 57 45192 0
31 72 45209 0
85 59 45224 0
65 40 45254 1
48 80 45257 1
59 97 45282 1
100 46 45287 1
66 90 45377 0
57 73 45389 0
32 69 45393 0
102 53 45407 1
49 88 45451 1
95 37 45452 1
56 81 45488 0
102 56 45553 1
49 76 45596 1
97 40 45700 1
67 40 45774 1
93 35 45778 1
32 89 45794 0
86 34 45801 1
56 93 45816 1
87 89 45824 0
70 87 45832 0
63 39 45864 1
49 78 45918 1
102 59 45925 1
58 100 45929 1
49 77 45929 1
65 38 45955 1
33 93 45972 0
49 86 45999 1
58 96 46070 1
102 51 46073 1
79 37 46077 1
49 75 46078 1
83 88 46228 0
33 62 46230 0
50 67 46255 1
85 89 46280 0
84 69 46304 0
32 82 46308 0
58 98 46325 1
88 88 46327 0
69 42 46367 1
93 36 46372 1
50 89 46376 1
44 104 46386 0
39 49 46424 0
66 39 46432 1
82 35 46443 1
99 42 46471 1
85 35 46488 1
58 94 46490 1
31 73 46642 0
101 49 46657 1
70 43 46697 1
56 57 46738 0
81 76 46766 0
58 70 46783 0
71 45 46851 1
49 84 46885 1
103 53 46913 1
84 34 46951 1
32 87 47022 0
85 62 47069 0
51 62 47146 1
30 76 47202 0
39 100 47213 0
32 65 47222 0
58 89 47248 0
47 105 47260 0
46 106 47364 0
64 38 47398 1
49 105 47409 0
52 37 47435 1
102 49 47469 1
70 44 47489 1
81 78 47509 0
49 85 47510 1
56 104 47536 0
36 100 47559 0
35 99 47596 0
80 85 47598 0
99 76 47616 1
33 89 47618 0
56 78 47627 0
49 73 47724 1
102 58 47752 1
59 88 47801 0
57 74 47829 0
60 37 47850 1
40 103 47881 0
56 83 47935 0
39 50 47974 0
37 56 48049 0
85 66 48101 0
33 95 48147 0
81 86 48181 0
38 101 48191 0
33 96 48273 0
101 48 48337 1
29 80 48343 0
37 55 48365 0
81 81 48367 0
31 88 48391 0
37 53 48412 0
94 36 48412 1
57 37 48449 1
77 70 48471 1
59 95 48474 1
32 85 48488 0
101 46 48611 1
91 35 48741 1
53 37 48774 1
68 41 48789 1
58 36 48909 1
53 91 48931 1
59 37 48937 1
69 43 48943 1
91 34 49007 1
59 58 49023 0
96 37 49156 1
48 105 49204 0
32 81 49277 0
82 86 49318 0
54 37 49419 1
98 80 49437 1
32 92 49534 0
85 34 49682 1
82 85 49683 0
29 81 49691 0
30 92 49731 0
55 82 49850 0
51 90 49861 1
33 64 49918 0
57 93 49924 1
70 45 49948 1
99 43 49999 1
36 58 50053 0
49 74 50106 1
56 82 50143 0
81 83 50177 0
63 91 50277 0
37 100 50390 0
98 78 50398 1
50 69 50398 1
85 57 50405 0
102 57 50464 1
36 99 50496 0
94 37 50513 1
37 99 50542 0
57 95 50656 1
80 86 50715 0
82 74 50742 0
100 44 50766 1
96 83 50785 1
102 60 50835 1
56 86 50875 0
92 35 50947 1
58 97 51106 1
31 84 51132 0
45 42 51199 1
60 60 51319 0
36 57 51412 0
30 73 51431 0
83 71 51480 0
55 104 51488 0
54 92 51520 1
57 92 51579 1
57 87 51601 0
57 86 51624 0
59 70 51824 0
58 93 51825 1
48 0 51838 0
64 91 51841 0
65 91 51864 0
59 67 52047 0
29 77 52071 0
33 92 52130 0
79 84 52185 0
55 92 52216 1
50 105 52319 0
84 69 52338 0
83 87 52393 0
33 97 52405 0
32 91 52460 0
57 73 52469 0
31 64 52491 0
30 98 52526 0
84 60 52571 0
56 89 52614 0
59 65 52691 0
33 65 52695 0
51 104 52718 0
55 103 52737 0
38 49 52749 0
42 81 52828 1
85 63 52881 0
46 107 52902 0
91 89 52955 0
54 105 52966 0
53 83 52991 0
32 89 53005 0
43 104 53037 0
33 96 53103 0
48 126 53123 0
85 90 53173 0
49 0 53185 0
31 74 53201 0
56 88 53206 0
56 79 53207 0
71 44 53212 1
95 38 53222 1
31 70 53241 0
61 60 53276 0
53 104 53283 0
59 58 53426 0
36 101 53483 0
32 69 53572 0
37 54 53617 0
30 84 53751 0
56 71 53770 0
45 104 53809 0
35 103 53816 0
67 88 53836 0
37 52 53857 0
34 64 53924 0
63 93 54020 0
34 60 54062 0
85 64 54113 0
80 77 54130 0
61 38 54151 1
11 32 54195 0
56 87 54207 0
43 106 54253 0
42 104 54294 0
27 76 54298 0
62 92 54313 0
29 89 54339 0
31 79 54346 0
30 85 54365 0
81 83 54367 0
79 80 54384 0
36 43 54472 0
56 78 54510 0
83 63 54523 0
82 75 54609 0
39 66 54609 1
89 89 54617 0
59 64 54628 0
31 94 54650 0
84 62 54691 0
83 72 54794 0
104 40 54907 1
84 91 54938 0
63 91 54951 0
55 85 54993 0
93 59 55069 1
56 57 55149 0
81 85 55231 0
32 83 55253 0
100 45 55417 1
33 59 55454 0
55 82 55489 0
62 91 55561 0
83 69 55577 0
59 100 55638 1
83 87 55663 0
49 106 55685 0
57 87 55717 0
98 40 55905 1
89 34 55945 1
32 90 56059 0
102 54 56176 1
59 57 56197 0
82 76 56299 0
98 41 56524 1
97 40 56607 1
89 88 56643 0
31 72 56705 0
98 42 56711 1
57 94 56746 1
61 37 56875 1
52 38 56958 1
103 59 56961 1
52 91 56975 1
100 71 57007 1
68 42 57034 1
58 88 57104 0
57 72 57135 0
102 52 57169 1
50 107 57217 0
102 65 57250 1
31 86 57291 0
96 38 57474 1
52 90 57562 1
56 79 57648 0
48 75 57690 1
58 89 57724 0
97 39 57737 1
85 65 57759 0
102 61 57771 1
102 66 57796 1
83 34 57814 1
60 61 57822 0
101 68 57891 1
49 71 57894 1
56 103 57950 0
102 56 57976 1
41 104 58006 0
102 64 58037 1
99 42 58055 1
33 92 58115 0
81 78 58123 0
99 43 58175 1
44 104 58236 0
32 88 58246 0
55 83 58274 0
97 80 58309 1
58 95 58337 1
102 53 58350 1
79 66 58392 1
59 96 58418 1
102 50 58472 1
56 81 58473 0
67 40 58543 1
49 88 58548 1
49 81 58586 1
63 38 58627 1
50 88 58639 1
88 34 58731 1
103 56 58771 1
97 38 58819 1
102 63 58826 1
55 91 58831 1
51 91 58844 1
67 41 58862 1
54 123 58893 1
102 58 58902 1
85 68 58915 0
37 101 58931 0
87 34 58950 1
65 39 58971 1
111 111 59026 0
33 96 59027 0
90 34 59031 1
100 45 59038 1
83 87 59072 0
38 52 59088 0
33 94 59108 0
58 94 59119 1
51 92 59123 1
57 71 59145 0
52 105 59150 0
79 67 59154 1
101 51 59186 1
49 87 59187 1
50 89 59258 1
51 66 59280 1
66 39 59281 1
86 34 59290 1
50 87 59337 1
58 91 59348 0
103 62 59356 1
81 83 59374 0
100 43 59466 1
56 83 59482 0
101 48 59506 1
37 54 59538 0
59 69 59546 0
59 57 59553 0
90 88 59567 0
33 93 59681 0
82 86 59783 0
82 80 59790 0
66 40 59798 1
53 36 59835 1
57 83 59877 0
51 64 59939 1
57 74 59942 0
59 58 60012 0
91 35 60055 1
68 41 60067 1
88 88 60069 0
58 96 60102 1
102 51 60158 1
30 72 60170 0
101 65 60186 1
81 81 60193 0
58 69 60204 0
51 67 60224 1
102 62 60227 1
32 82 60242 0
101 45 60258 1
58 101 60293 1
43 105 60302 0
36 58 60314 0
59 62 60315 0
68 40 60324 1
87 89 60343 0
62 38 60355 1
59 88 60378 0
33 88 60418 0
69 41 60422 1
32 90 60441 0
34 63 60475 0
94 36 60484 1
100 44 60491 1
56 36 60548 1
56 36 60549 1
93 36 60563 1
61 91 60577 0
81 86 60581 0
61 59 60605 0
58 88 60656 0
62 91 60685 0
85 89 60705 0
81 85 60736 0
101 66 60745 1
38 101 60745 0
50 68 60756 1
39 100 60832 0
49 79 60911 1
37 100 60956 0
30 73 60995 0
102 49 61005 1
101 46 61021 1
51 89 61048 1
57 88 61049 0
32 68 61107 0
49 86 61126 1
63 91 61145 0
82 85 61148 0
49 83 61158 1
92 88 61165 0
57 87 61208 0
35 57 61208 0
55 36 61215 1
58 72 61229 0
37 99 61234 0
95 37 61267 1
100 72 61312 1
82 76 61413 0
63 37 61470 1
75 81 61505 1
81 36 61517 1
50 73 61547 1
51 65 61550 1
32 87 61590 0
51 90 61605 1
42 70 61646 0
42 105 61646 0
31 84 61753 0
31 71 61796 0
84 35 61802 1
34 61 61851 0
84 69 61859 0
50 71 61861 1
81 87 61908 0
50 70 61935 1
49 82 61986 1
80 36 62014 1
54 36 62036 1
59 90 62113 0
59 37 62133 1
56 93 62150 1
94 35 62157 1
32 66 62167 0
32 88 62188 0
49 80 62191 1
51 68 62192 1
98 40 62200 1
79 65 62229 1
101 47 62230 1
64 38 62324 1
33 89 62343 0
56 82 62357 0
60 61 62380 0
56 85 62420 0
58 99 62472 1
36 99 62496 0
102 48 62566 1
97 40 62622 1
31 73 62667 0
57 100 62707 1
56 79 62751 0
32 81 62754 0
55 82 62758 0
49 84 62789 1
71 45 62790 1
53 127 62821 0
76 76 62829 1
66 91 62837 0
33 95 62861 0
93 35 62880 1
89 34 63103 1
59 57 63149 0
70 43 63150 1
69 42 63151 1
67 39 63273 1
102 54 63299 1
31 80 63361 0
103 54 63429 1
53 38 63474 1
53 92 63522 1
75 78 63602 1
32 85 63657 0
57 37 63659 1
30 71 63684 0
82 75 63786 0
49 85 63882 1
41 104 63952 0
32 92 63954 0
38 53 63958 0
98 41 64056 1
45 104 64068 0
56 38 64080 1
50 72 64103 1
82 61 64109 1
56 74 64123 0
80 88 64144 0
61 37 64184 1
50 127 64232 0
33 92 64275 0
85 66 64299 0
74 80 64466 1
97 41 64482 1
52 37 64533 1
30 77 64595 0
40 105 64650 0
37 53 64663 0
49 106 64678 0
49 78 64800 1
57 36 64907 1
53 60 64908 1
56 105 64999 0
80 84 65083 0
60 36 65186 1
50 86 65259 1
65 38 65286 1
85 34 65346 1
56 92 65364 1
35 96 65486 0
83 87 65589 0
99 74 65739 1
33 63 65762 0
57 73 65823 0
78 70 65899 1
50 69 65913 1
57 86 65985 0
75 76 66080 1
83 88 66107 0
84 34 66136 1
37 101 66253 0
81 35 66255 1
32 88 66315 0
37 54 66321 0
57 92 66334 1
52 105 66337 0
47 40 66356 1
56 91 66380 1
53 91 66404 1
32 90 66417 0
31 67 66449 0
72 44 66451 1
57 70 66611 0
60 60 66810 0
43 104 66840 0
37 51 66878 0
57 69 66884 0
59 95 66919 1
35 98 67048 0
58 93 67059 1
101 69 67089 1
31 86 67124 0
28 79 67153 0
58 68 67389 0
52 90 67482 1
49 75 67522 1
85 65 67594 0
62 91 67681 0
67 40 67848 1
52 91 67881 1
82 88 67889 0
49 105 67961 0
51 104 68075 0
58 88 68102 0
57 84 68169 0
66 89 68205 0
99 75 68543 1
59 98 68555 1
51 105 68592 0
103 60 68631 1
81 85 68674 0
56 78 68697 0
33 96 68749 0
85 59 68917 0
31 90 69039 0
99 43 69046 1
90 34 69089 1
57 93 69116 1
57 85 69119 0
102 52 69125 1
36 56 69157 0
35 97 69211 0
82 60 69305 1
97 39 69362 1
33 66 69378 0
100 73 69415 1
99 42 69620 1
53 104 69725 0
60 62 69788 0
96 38 69813 1
103 55 69891 1
39 101 69913 0
75 79 69916 1
71 44 69994 1
92 36 70077 1
103 58 70094 1
65 90 70098 0
100 44 70113 1
77 71 70134 1
102 60 70205 1
48 125 70243 0
81 77 70306 0
87 34 70315 1
58 98 70329 1
94 37 70350 1
54 84 70449 0
48 76 70482 1
49 76 70491 1
95 36 70492 1
68 41 70494 1
61 60 70595 0
59 97 70704 1
81 34 70729 1
101 44 70736 1
100 43 70758 1
80 65 70816 1
91 34 70844 1
81 62 70847 1
35 98 70862 0
102 58 70924 1
100 71 70925 1
59 57 70933 0
60 61 70950 0
65 37 70974 1
32 94 70981 0
81 63 71097 1
94 36 71164 1
92 87 71219 0
102 49 71238 1
49 125 71263 0
101 46 71471 1
35 96 71474 0
59 99 71569 1
101 70 71576 1
91 35 71599 1
65 39 71629 1
66 39 71708 1
102 56 71733 1
43 105 71762 0
101 45 71778 1
32 88 71825 0
56 81 71979 0
83 35 71981 1
79 68 71993 1
53 37 72001 1
81 87 72037 0
53 90 72052 1
85 57 72069 0
86 34 72082 1
49 86 72108 1
98 39 72111 1
82 76 72134 0
78 71 72196 1
36 98 72236 0
57 83 72237 0
103 61 72251 1
102 64 72319 1
33 93 72406 0
50 88 72407 1
57 84 72444 0
95 37 72474 1
50 89 72482 1
38 50 72496 0
102 46 72562 1
59 96 72569 1
96 37 72587 1
56 83 72597 0
81 82 72613 0
79 36 72622 1
44 104 72672 0
32 86 72724 0
56 90 72758 1
49 87 72769 1
58 94 72813 1
67 89 72824 0
101 68 72828 1
42 105 72839 0
49 81 72848 1
55 103 72883 0
82 80 72941 0
98 40 72944 1
37 99 72958 0
51 89 72988 1
32 69 72990 0
77 72 73031 1
81 83 73053 0
57 85 73119 0
49 88 73184 1
41 103 73265 0
39 101 73270 0
81 78 73304 0
31 74 73330 0
35 97 73352 0
85 68 73378 0
33 94 73395 0
51 90 73412 1
50 87 73427 1
46 105 73473 0
54 37 73522 1
49 73 73529 1
61 59 73560 0
89 34 73607 1
52 63 73635 1
102 61 73646 1
89 88 73648 0
53 61 73662 1
61 38 73662 1
97 38 73680 1
57 74 73690 0
37 55 73693 0
65 91 73742 0
32 89 73788 0
101 67 73797 1
58 36 73848 1
49 124 73875 0
34 94 73941 0
93 35 73972 1
37 56 73978 0
103 57 73979 1
59 88 73990 0
97 35 73999 1
54 104 74011 0
56 80 74067 0
50 85 74092 1
61 37 74099 1
33 64 74171 0
57 87 74243 0
59 37 74245 1
99 42 74374 1
53 103 74412 0
33 88 74480 0
85 33 74505 1
39 100 74518 0
33 65 74523 0
75 41 74574 0
61 62 74610 0
102 63 74649 1
102 47 74672 1
80 84 74841 0
69 41 74906 1
52 122 74927 1
76 78 74958 1
55 91 74980 1
66 90 75014 0
41 101 75041 0
77 74 75044 1
64 38 75044 1
31 72 75072 0
35 98 75115 0
100 74 75128 1
60 62 75162 0
32 84 75247 0
54 122 75251 1
56 79 75366 0
51 66 75433 1
49 83 75437 1
33 92 75442 0
45 104 75467 0
81 81 75548 0
103 53 75576 1
36 98 75604 0
52 64 75621 1
102 53 75645 1
60 36 75663 1
63 36 75688 1
59 66 75751 0
59 94 75802 1
53 122 75819 1
56 36 75906 1
66 38 75918 1
32 79 75924 0
84 63 75957 0
76 77 75969 1
103 56 75972 1
59 36 75993 1
63 37 76030 1
102 51 76059 1
99 73 76060 1
97 40 76061 1
33 89 76067 0
59 89 76116 0
79 67 76271 1
65 90 76297 0
102 48 76298 1
56 74 76334 0
57 92 76412 1
68 40 76427 1
49 84 76435 1
82 35 76451 1
57 82 76477 0
51 88 76543 1
81 82 76562 0
59 95 76581 1
52 90 76585 1
50 77 76772 1
51 70 76783 1
67 40 76796 1
103 52 76812 1
59 101 76845 1
58 93 76857 1
87 34 76860 1
57 80 76876 0
102 65 76885 1
67 39 76914 1
30 73 77022 0
100 45 77023 1
34 94 77063 0
39 101 77091 0
82 88 77129 0
50 73 77203 1
97 39 77220 1
57 84 77237 0
56 82 77278 0
79 66 77308 1
48 70 77334 1
82 85 77392 0
32 81 77395 0
33 66 77413 0
85 34 77430 1
35 97 77477 0
56 80 77480 0
57 72 77507 0
83 34 77561 1
43 102 77562 0
90 34 77591 1
98 41 77640 1
88 89 77721 0
41 103 77762 0
71 43 77776 1
50 104 77780 0
51 67 77831 1
47 103 77842 0
33 62 77854 0
33 68 78057 0
68 41 78162 1
43 103 78166 0
50 80 78292 1
97 81 78310 1
30 75 78401 0
58 92 78447 1
57 85 78460 0
49 106 78462 0
99 41 78464 1
32 94 78677 0
126 92 78711 1
49 82 78711 1
50 84 78724 1
51 104 78749 0
32 86 78816 0
47 41 78883 1
50 68 78892 1
50 39 78931 1
49 79 78944 1
50 71 79003 1
49 85 79003 1
74 81 79005 1
80 64 79021 1
52 62 79026 1
35 96 79039 0
63 91 79099 0
52 125 79146 1
54 104 79151 0
71 44 79216 1
59 100 79219 1
58 97 79301 1
50 86 79310 1
84 70 79394 0
100 79 79446 1
100 44 79447 1
32 88 79465 0
82 83 79484 0
32 79 79494 0
48 39 79527 1
103 59 79552 1
70 43 79565 1
80 80 79576 0
88 88 79684 0
91 34 79688 1
98 77 79710 1
55 36 79730 1
58 73 79754 0
102 54 79869 1
49 40 79943 1
46 105 79967 0
83 87 79970 0
57 83 79995 0
96 82 80085 1
59 89 80099 0
49 80 80148 1
82 87 80226 0
38 103 80264 0
55 80 80314 0
98 78 80371 1
57 86 80417 0
34 94 80463 0
38 52 80494 0
51 37 80517 1
32 90 80550 0
88 34 80551 1
32 84 80567 0
36 98 80596 0
43 43 80635 1
94 35 80699 1
90 89 80788 0
65 38 80827 1
50 104 80936 0
82 86 80974 0
31 90 80983 0
49 103 81063 0
81 82 81114 0
52 105 81208 0
85 58 81290 0
43 103 81342 0
40 103 81609 0
72 99 81666 1
32 91 81813 0
31 81 81830 0
52 91 81877 1
61 36 81944 1
100 46 82023 1
103 50 82059 1
102 49 82062 1
102 66 82067 1
54 103 82069 0
96 81 82119 1
102 50 82214 1
94 36 82225 1
50 78 82263 1
34 63 82268 0
55 92 82289 1
82 75 82357 0
32 80 82514 0
56 80 82534 0
51 38 82538 1
120 39 82582 1
50 74 82600 1
50 81 82609 1
34 64 82785 0
55 81 82838 0
85 35 82915 1
84 66 82955 0
61 60 82993 0
32 83 83045 0
82 77 83059 0
64 37 83059 1
57 65 83247 0
86 62 83269 0
60 57 83303 0
59 58 83484 0
60 92 83501 0
100 43 83526 1
41 104 83650 0
72 44 83771 1
37 99 83825 0
55 104 83882 0
58 94 83900 1
32 79 83944 0
31 82 84024 0
77 73 84095 1
91 88 84191 0
103 51 84299 1
60 90 84355 0
41 103 84437 0
102 52 84458 1
35 98 84468 0
86 64 84615 0
59 89 84788 0
84 34 84853 1
88 33 84906 1
109 45 84997 1
88 89 85006 0
45 103 85011 0
81 61 85024 1
93 34 85069 1
109 45 85142 0
99 43 85206 1
49 86 85257 1
51 68 85271 1
43 103 85438 0
59 98 85478 1
82 34 85527 1
84 70 85571 0
50 104 85626 0
37 54 85718 0
101 46 85794 1
32 80 85867 0
82 83 85922 0
75 78 85965 1
54 36 86106 1
58 96 86183 1
69 40 86187 1
57 91 86297 1
51 89 86358 1
98 38 86421 1
62 36 86511 1
60 57 86553 0
52 65 86643 1
33 81 86669 0
85 67 86763 0
82 87 86768 0
65 90 86792 0
66 37 87117 1
99 42 87240 1
39 50 87272 0
100 72 87312 1
86 34 87417 1
95 36 87441 1
50 87 87530 1
53 36 87577 1
38 98 87585 0
60 62 87903 0
86 62 87909 0
41 102 88067 0
57 75 88076 0
65 39 88104 1
46 105 88145 0
50 72 88187 1
49 75 88249 1
58 72 88282 0
59 70 88282 0
92 34 88291 1
100 42 88382 1
98 40 88474 1
97 43 88712 1
99 76 88718 1
74 82 88861 1
106 93 89010 1
49 78 89088 1
95 37 89110 1
56 56 89133 0
103 55 89182 1
30 75 89214 0
45 103 89245 0
54 90 89321 1
50 69 89343 1
110 108 89399 1
38 100 89504 0
81 82 89591 0
53 90 89683 1
50 70 89856 1
50 75 89860 1
60 90 89954 0
34 94 89964 0
71 85 90020 0
32 71 90132 0
46 41 90182 1
102 67 90218 1
103 54 90348 1
80 84 90362 0
66 39 90390 1
36 58 90390 0
39 48 90392 0
86 89 90402 0
32 80 90420 0
103 63 90458 1
86 60 90487 0
7 36 90522 1
60 63 90677 0
89 34 90709 1
93 57 90807 0
93 39 90807 1
101 45 90813 1
61 90 90825 0
58 88 90835 0
77 0 90937 1
87 33 90964 1
49 38 91020 1
81 7 91045 1
13 58 91075 1
84 33 91084 1
77 75 91122 1
11 32 91174 1
98 39 91188 1
34 92 91191 0
86 63 91240 0
31 75 91317 0
47 87 91436 1
91 38 91497 1
109 45 91550 1
51 90 91570 1
35 60 91757 0
90 88 91783 0
39 101 91802 0
63 77 91811 1
86 64 91896 0
51 69 91903 1
82 77 91953 0
60 96 91993 1
85 88 91999 0
53 104 92038 0
38 53 92044 0
32 86 92093 0
32 84 92471 0
93 35 92512 1
55 80 92534 0
85 67 92547 0
56 91 92706 1
109 45 92760 0
47 105 92890 0
32 82 93004 0
35 54 93056 0
85 58 93070 0
60 57 93115 0
41 102 93138 0
60 98 93144 1
87 89 93189 0
60 96 93358 1
54 104 93405 0
61 61 93452 0
33 81 93453 0
31 77 93504 0
84 89 93664 0
39 100 93734 0
36 57 93738 0
58 73 93772 0
32 93 93828 0
42 106 93894 0
38 100 94115 0
54 103 94126 0
86 66 94148 0
90 34 94148 1
82 87 94224 0
60 96 94255 1
86 62 94458 0
35 97 94749 0
104 40 94877 1
56 76 94931 0
35 61 95069 0
33 68 95241 0
60 96 95343 1
96 37 95409 1
101 43 95498 1
33 92 95569 0
33 61 95587 0
97 38 95892 1
101 69 95953 1
86 89 95965 0
82 80 96039 0
70 42 96097 1
85 69 96118 0
59 57 96150 0
101 44 96157 1
102 48 96219 1
33 69 96261 0
99 40 96262 1
78 70 96274 1
60 96 96281 1
56 103 96400 0
33 86 96517 0
103 62 96573 1
83 72 96856 0
86 63 96901 0
82 88 96944 0
93 87 96993 0
103 60 97030 1
86 60 97054 0
101 70 97062 1
78 73 97111 1
36 99 97179 0
60 96 97211 1
88 87 97229 0
61 59 97254 0
60 58 97307 0
102 46 97319 1
101 66 97417 1
109 45 97425 1
85 68 97439 0
48 104 97441 0
32 71 97460 0
57 89 97503 0
85 88 97514 0
89 88 97516 0
61 37 97525 1
103 58 97529 1
32 94 97550 0
52 37 97551 1
31 75 97551 0
60 90 97584 0
95 36 97665 1
91 34 97712 1
43 103 97735 0
57 84 97797 0
97 39 97815 1
102 58 97836 1
101 46 97845 1
102 47 97850 1
59 67 97860 0
82 76 97872 0
76 76 97874 1
58 89 97895 0
67 90 97899 0
100 73 97919 1
60 96 97934 1
36 55 97968 0
102 49 97995 1
50 104 98014 0
50 105 98015 0
85 66 98022 0
83 85 98023 0
65 37 98036 1
61 90 98049 0
101 68 98069 1
32 80 98074 0
60 63 98081 0
104 54 98083 1
96 36 98113 1
56 81 98139 0
103 49 98152 1
59 97 98176 1
41 101 98183 0
69 41 98200 1
99 42 98237 1
59 88 98252 0
95 35 98261 1
70 41 98275 1
66 89 98287 0
57 82 98314 0
57 83 98320 0
79 69 98337 1
103 51 98353 1
49 81 98371 1
49 76 98372 1
59 96 98382 1
60 36 98401 1
31 73 98439 0
103 56 98445 1
96 37 98455 1
60 96 98459 1
67 40 98487 1
103 57 98489 1
98 40 98520 1
57 85 98525 0
52 90 98536 1
103 53 98582 1
101 71 98612 1
85 67 98617 0
55 103 98626 0
45 103 98636 0
39 49 98638 0
99 41 98723 1
59 89 98737 0
33 93 98763 0
33 88 98785 0
56 80 98788 0
82 83 98813 0
57 80 98813 0
67 38 98823 1
61 62 98835 0
87 34 98847 1
101 45 98864 1
94 35 98876 1
100 41 98878 1
61 61 99031 0
60 96 99037 1
52 89 99044 1
67 39 99062 1
98 39 99089 1
64 38 99134 1
88 88 99166 0
58 93 99173 1
102 64 99174 1
59 36 99184 1
94 34 99215 1
89 34 99217 1
53 37 99233 1
61 60 99242 0
47 103 99252 0
53 103 99253 0
51 88 99269 1
59 94 99305 1
57 92 99309 1
31 77 99340 0
51 104 99353 0
59 95 99369 1
31 86 99438 0
89 33 99473 1
88 89 99484 0
100 43 99491 1
60 96 99506 1
68 40 99519 1
33 89 99519 0
51 89 99536 1
60 97 99553 1
97 38 99597 1
68 39 99617 1
50 85 99618 1
66 39 99620 1
79 37 99637 1
59 69 99675 0
39 52 99696 0
80 65 99697 1
100 42 99743 1
38 100 99754 0
103 52 99760 1
49 84 99796 1
59 93 99829 1
58 70 99846 0
82 80 99850 0
43 102 99853 0
91 35 99866 1
103 59 99882 1
37 53 99910 0
60 96 99957 1
63 37 99979 1
52 66 99994 1
85 34 100058 1
35 96 100072 0
71 40 100087 1
86 61 100089 0
50 86 100101 1
38 98 100112 0
59 35 100144 1
103 65 100149 1
57 35 100154 1
85 33 100244 1
41 102 100247 0
32 69 100263 0
56 36 100297 1
32 68 100302 0
60 96 100326 1
103 61 100328 1
104 60 100379 1
109 45 100410 0
57 74 100430 0
58 36 100431 1
31 71 100436 0
85 86 100441 0
32 79 100476 0
98 38 100505 1
89 89 100511 0
86 64 100524 0
56 78 100527 0
83 85 100556 0
101 44 100558 1
48 104 100573 0
33 94 100595 0
64 91 100600 0
79 67 100601 1
49 103 100613 0
56 104 100625 0
84 70 100638 0
59 55 100661 0
59 99 100663 1
34 94 100684 0
35 59 100701 0
36 98 100705 0
49 83 100710 1
50 83 100726 1
33 86 100737 0
35 58 100749 0
60 96 100763 1
60 57 100765 0
33 66 100791 0
66 38 100814 1
57 75 100827 0
52 63 100827 1
55 91 100841 1
52 36 100853 1
100 74 100900 1
68 41 100907 1
37 99 100935 0
33 95 100939 0
33 65 100997 0
57 83 101020 0
86 62 101037 0
44 44 101044 1
51 106 101055 0
90 33 101065 1
103 55 101073 1
58 92 101086 1
49 126 101113 0
31 74 101113 0
86 66 101134 0
40 47 101137 0
33 81 101185 0
60 96 101189 1
34 64 101214 0
52 38 101214 1
72 43 101243 1
49 85 101258 1
82 77 101261 0
39 106 101263 0
93 34 101276 1
38 52 101289 0
88 33 101328 1
57 73 101367 0
31 66 101387 0
49 86 101388 1
38 99 101403 0
45 104 101441 0
81 81 101444 0
62 36 101446 1
65 90 101519 0
57 84 101549 0
34 92 101561 0
38 103 101579 0
39 100 101625 0
30 68 101634 0
34 61 101651 0
34 99 101652 0
44 104 101672 0
60 96 101681 1
61 59 101692 0
48 124 101701 0
53 60 101727 1
86 63 101730 0
81 89 101781 0
50 84 101788 1
32 87 101848 0
30 66 101899 0
77 39 101932 0
42 104 101958 0
51 87 101959 1
33 63 101985 0
82 85 101990 0
84 69 102092 0
60 64 102105 0
60 96 102124 1
41 101 102138 0
57 91 102149 1
61 35 102153 1
50 87 102167 1
58 73 102265 0
52 103 102268 0
60 36 102324 1
58 99 102351 1
49 127 102369 0
33 88 102381 0
48 103 102460 0
51 66 102476 1
60 58 102489 0
95 36 102513 1
65 38 102518 1
84 66 102565 0
57 82 102588 0
63 36 102617 1
37 102 102627 0
65 37 102666 1
85 64 102668 0
55 90 102723 1
34 63 102731 0
66 37 102733 1
92 33 102734 1
49 82 102756 1
71 42 102763 1
51 67 102766 1
56 90 102788 1
60 96 102788 1
50 104 102797 0
86 89 102802 0
49 73 102843 1
33 92 102845 0
85 57 102853 0
85 88 102907 0
86 60 102921 0
37 55 102924 0
45 103 102930 0
55 36 102963 1
34 60 102997 0
37 56 103003 0
37 52 103013 0
51 68 103036 1
38 48 103039 0
50 73 103087 1
56 35 103099 1
83 85 103127 0
42 105 103133 0
52 106 103173 0
103 50 103176 1
103 54 103202 1
80 86 103210 0
104 50 103216 1
69 40 103225 1
53 104 103263 0
58 72 103269 0
57 56 103280 0
61 36 103296 1
54 36 103310 1
32 93 103320 0
57 37 103322 1
38 98 103375 0
49 80 103386 1
102 46 103410 1
33 89 103419 0
60 96 103438 1
91 34 103578 1
96 37 103578 1
31 72 103598 0
102 45 103613 1
61 37 103632 1
51 86 103635 1
61 62 103723 0
79 66 103727 1
75 79 103765 1
51 70 103788 1
38 99 103824 0
99 40 103838 1
31 75 103873 0
80 35 103921 1
76 77 103921 1
81 79 103948 0
32 71 104013 0
78 71 104027 1
43 103 104037 0
48 104 104054 0
69 41 104075 1
84 87 104103 0
58 69 104113 0
46 104 104141 0
60 96 104151 1
79 68 104185 1
61 61 104213 0
53 90 104279 1
47 103 104284 0
50 77 104365 1
56 79 104369 0
51 89 104373 1
57 80 104380 0
49 81 104386 1
60 61 104458 0
102 66 104488 1
97 37 104496 1
50 126 104540 0
32 88 104574 0
68 38 104600 1
58 94 104607 1
60 59 104681 0
31 77 104686 0
59 55 104725 0
52 89 104784 1
33 86 104938 0
98 39 104972 1
32 85 105017 0
82 79 105018 0
67 39 105074 1
60 96 105075 1
60 95 105144 1
57 92 105152 1
83 75 105163 0
50 80 105163 1
84 89 105167 0
38 53 105196 0
35 100 105242 0
83 87 105253 0
59 97 105291 1
59 95 105330 1
51 88 105386 1
39 102 105474 0
99 42 105500 1
79 86 105515 0
88 87 105523 0
50 86 105640 1
85 68 105665 0
83 34 105714 1
54 90 105735 1
52 90 105752 1
33 64 105831 0
61 60 105913 0
38 99 105939 0
59 92 105951 1
34 94 105963 0
43 102 105965 0
102 65 105985 1
48 103 106010 0
54 103 106060 0
83 73 106069 0
52 103 106152 0
60 96 106306 1
52 64 106360 1
86 61 106431 0
32 74 106461 0
50 71 106498 1
81 76 106555 0
80 36 106610 1
94 35 106721 1
99 77 106751 1
57 81 106786 0
58 93 106810 1
60 63 106832 0
41 103 106932 0
41 105 107015 0
76 78 107047 1
34 97 107053 0
59 36 107069 1
59 96 107101 1
87 33 107165 1
53 36 107188 1
53 61 107330 1
41 102 107444 0
98 40 107490 1
103 63 107508 1
59 88 107560 0
103 58 107597 1
101 70 107601 1
69 39 107625 1
58 56 107744 0
70 41 107803 1
75 81 107875 1
38 100 107892 0
85 67 107964 0
81 35 107990 1
101 45 108093 1
104 59 108156 1
84 87 108223 0
60 96 108248 1
60 99 108399 1
50 81 108454 1
97 38 108462 1
83 85 108463 0
100 44 108538 1
38 99 108545 0
50 85 108557 1
50 78 108599 1
57 55 108609 0
38 101 108730 0
59 37 108760 1
82 74 108796 0
33 81 108831 0
81 83 108853 0
89 34 108854 1
82 79 108891 0
46 104 108925 0
100 42 109012 1
81 82 109058 0
103 62 109074 1
33 68 109080 0
49 84 109118 1
57 76 109180 0
57 56 109180 0
90 88 109181 0
86 33 109195 1
29 73 109258 0
75 78 109272 1
61 90 109301 0
86 34 109362 1
34 92 109496 0
59 93 109527 1
82 73 109576 0
96 36 109750 1
60 64 109770 0
58 92 109808 1
40 105 109870 0
52 65 109944 1
82 76 109962 0
101 42 109964 1
52 0 109978 0
102 68 110038 1
56 75 110074 0
35 96 110121 0
60 58 110142 0
55 103 110146 0
97 39 110165 1
39 101 110192 0
67 40 110243 1
85 69 110304 0
57 81 110312 0
37 57 110314 1
34 98 110318 0
49 103 110355 0
33 93 110635 0
83 86 110638 0
38 50 110658 0
59 98 110661 1
32 74 110747 0
101 43 110821 1
37 50 110937 0
55 105 110981 0
77 74 110990 1
57 83 111008 0
89 33 111068 1
33 67 111090 0
85 86 111166 0
53 103 111232 0
49 78 111232 1
33 82 111241 0
103 53 111329 1
54 104 111347 0
81 79 111425 0
33 60 111463 0
82 80 111482 0
37 54 111488 0
48 104 111505 0
66 90 111745 0
38 99 111786 0
100 71 111898 1
30 75 111988 0
104 52 112031 1
37 101 112106 0
60 36 112222 1
103 51 112248 1
104 55 112248 1
33 83 112264 0
103 49 112323 1
91 33 112341 1
61 57 112343 0
83 33 112396 1
60 96 112442 1
88 33 112772 1
92 34 112916 1
95 35 112951 1
49 75 112955 1
104 61 112986 1
101 44 113130 1
39 50 113147 0
86 66 113182 0
38 98 113242 0
100 75 113257 1
74 80 113258 1
80 64 113264 1
82 83 113282 0
103 64 113326 1
100 40 113374 1
88 88 113490 0
82 75 113525 0
62 36 113527 1
51 104 113547 0
41 101 113619 0
33 90 113664 0
54 60 113672 1
92 87 113692 0
58 56 113794 0
85 65 113806 0
84 87 113938 0
64 36 113984 1
100 41 114008 1
34 62 114021 0
46 104 114067 0
103 57 114094 1
31 77 114153 0
98 38 114158 1
43 44 114203 1
54 81 114204 0
31 70 114309 0
57 85 114316 0
52 88 114389 1
28 80 114421 0
58 86 114477 0
60 90 114503 0
80 66 114592 1
58 87 114629 0
87 34 114716 1
67 38 114782 1
40 102 114799 0
66 89 114822 0
86 63 114906 0
83 86 114958 0
67 88 114960 0
49 79 114968 1
60 59 115057 0
51 69 115085 1
103 60 115086 1
35 61 115182 0
33 82 115188 0
45 103 115256 0
59 70 115361 0
61 57 115466 0
33 69 115477 0
62 88 115525 0
82 87 115541 0
48 103 115571 0
39 102 115696 0
53 89 115713 1
35 60 115718 0
57 81 115868 0
82 79 115949 0
103 52 116091 1
98 78 116092 1
81 88 116141 0
38 49 116163 0
38 102 116163 0
68 39 116246 1
33 86 116309 0
104 58 116353 1
59 56 116374 0
34 97 116376 0
32 93 116392 0
68 89 116407 0
38 99 116417 0
41 47 116477 0
85 33 116495 1
57 77 116533 0
53 62 116619 1
35 63 116631 0
57 55 116686 0
66 38 116802 1
67 89 116947 0
33 67 116955 0
86 88 116958 0
50 75 117087 1
93 34 117094 1
33 83 117107 0
50 83 117350 1
84 34 117415 1
33 78 117420 0
35 104 117456 0
58 73 117465 0
57 56 117526 0
98 79 117565 1
72 43 117594 1
56 103 117789 0
85 62 117900 0
33 90 117915 0
30 93 117920 0
83 73 117958 0
59 55 118116 0
35 97 118124 0
32 63 118211 0
39 47 118260 0
48 105 118321 0
32 74 118326 0
58 86 118358 0
33 102 118476 0
60 89 118511 0
33 66 118512 0
44 102 118643 0
85 89 118828 0
87 91 118869 0
98 80 118900 1
51 87 118980 1
86 89 119090 0
90 33 119145 1
52 68 119186 1
104 51 119259 1
59 89 119336 0
86 62 119363 0
60 65 119583 0
101 73 119703 1
47 104 119909 0
34 95 119915 0
55 79 120018 0
76 76 120110 1
58 87 120118 0
50 104 120387 0
40 102 120471 0
98 39 120552 1
94 34 120562 1
85 58 120686 0
52 103 120698 0
29 85 120791 0
91 34 120816 1
61 59 120884 0
86 64 120981 0
96 35 121138 1
83 86 121157 0
33 82 121173 0
59 65 121188 0
50 74 121342 1
109 45 121345 1
61 63 121415 0
57 77 121416 0
52 89 121477 1
86 88 121485 0
32 77 121494 0
109 45 121520 0
24 80 121541 0
103 56 121789 1
103 55 121843 1
103 59 121915 1
86 60 121928 0
31 75 121955 0
35 59 122076 0
33 78 122079 0
23 100 122157 0
36 52 122178 0
95 36 122339 1
109 45 122513 1
46 104 122614 0
59 56 122648 0
61 57 122670 0
102 46 122709 1
99 39 122711 1
61 58 122763 0
48 40 122764 1
83 85 122799 0
57 57 122833 0
33 92 122860 0
109 45 122901 0
34 59 122934 0
36 58 122938 0
89 88 122982 0
31 69 123028 0
88 87 123047 0
81 79 123048 0
58 56 123054 0
50 82 123104 1
99 40 123202 1
92 90 123234 0
26 82 123273 0
60 57 123277 0
49 76 123360 1
34 102 123364 0
58 86 123405 0
96 37 123611 1
83 82 123643 0
60 89 123679 0
84 33 123687 1
103 54 123930 1
101 46 123979 1
57 82 124040 0
33 90 124074 0
82 77 124126 0
95 34 124345 1
101 72 124484 1
86 58 124505 0
102 44 124558 1
101 71 124563 1
103 47 124566 1
50 84 124649 1
56 36 124772 1
103 50 124799 1
110 28 124843 1
47 103 124991 0
83 84 125015 0
81 84 125032 0
84 87 125048 0
97 37 125051 1
59 35 125057 1
96 36 125130 1
85 86 125180 0
51 88 125249 1
44 102 125263 0
69 41 125278 1
57 80 125337 0
65 37 125356 1
33 87 125409 0
60 96 125461 1
102 43 125513 1
34 62 125602 0
47 104 125616 0
57 91 125647 1
53 37 125658 1
69 40 125658 1
82 61 125675 1
71 41 125691 1
100 42 125733 1
63 36 125738 1
61 36 125741 1
50 86 125774 1
34 95 125794 0
60 97 125831 1
99 76 125836 1
61 58 125867 0
57 79 125923 0
59 94 125933 1
60 35 125988 1
33 88 125991 0
79 67 125995 1
66 37 126119 1
49 103 126135 0
86 88 126150 0
61 61 126170 0
57 35 126171 1
34 64 126191 0
84 89 126215 0
97 38 126282 1
60 94 126287 1
66 39 126304 1
39 100 126309 0
51 86 126325 1
32 77 126367 0
102 45 126398 1
98 38 126563 1
68 38 126714 1
98 37 126757 1
38 98 126774 0
93 86 126886 0
43 102 126943 0
67 37 126982 1
97 81 126990 1
85 85 127011 0
58 54 127047 0
32 71 127052 0
34 92 127070 0
60 98 127110 1
55 90 127127 1
38 52 127160 0
31 73 127191 0
33 84 127280 0
61 63 127305 0
57 83 127350 0
100 73 127366 1
93 33 127369 1
85 88 127390 0
60 65 127434 0
38 99 127441 0
80 65 127449 1
73 43 127479 1
65 90 127500 0
103 51 127507 1
33 83 127515 0
39 52 127523 0
52 67 127546 1
93 85 127582 0
57 81 127589 0
33 89 127622 0
57 75 127679 0
102 70 127717 1
104 54 127728 1
67 39 127728 1
51 126 127731 0
55 36 127766 1
79 69 127782 1
94 35 127817 1
54 36 127854 1
100 76 127882 1
70 40 127884 1
59 92 127914 1
101 44 127946 1
34 63 127965 0
61 62 127968 0
51 70 128005 1
53 90 128005 1
92 33 128009 1
58 88 128080 0
71 42 128092 1
49 104 128131 0
72 42 128167 1
70 41 128227 1
52 66 128248 1
103 61 128267 1
53 121 128272 1
81 62 128326 1
58 72 128396 0
83 84 128408 0
92 32 128442 1
54 90 128450 1
101 70 128455 1
51 68 128538 1
85 68 128603 0
34 94 128610 0
37 97 128654 0
52 37 128673 1
40 102 128734 0
47 40 128755 1
51 89 128757 1
89 33 128758 1
33 65 128784 0
59 95 128827 1
91 86 128895 0
103 53 128917 1
37 57 128927 0
61 58 129089 0
53 103 129119 0
60 64 129157 0
58 87 129229 0
97 36 129259 1
82 79 129305 0
57 77 129312 0
86 66 129320 0
52 88 129338 1
78 70 129338 1
46 108 129362 0
53 63 129418 1
103 45 129430 1
62 36 129450 1
33 78 129466 0
57 74 129468 0
95 35 129475 1
51 67 129481 1
56 90 129532 1
102 69 129585 1
88 33 129680 1
58 34 129692 1
57 79 129738 0
50 73 129771 1
103 49 129803 1
104 53 129858 1
53 35 129884 1
49 81 129890 1
103 62 130029 1
103 67 130033 1
51 72 130052 1
33 81 130145 0
49 80 130185 1
61 35 130203 1
51 78 130314 1
57 84 130317 0
51 76 130377 1
49 39 130497 1
49 85 130583 1
103 58 130658 1
33 87 130671 0
60 36 130798 1
51 71 130849 1
76 77 130873 1
50 85 130970 1
54 58 130995 1
32 78 130998 0
100 41 131041 1
62 90 131215 0
48 103 131216 0
38 51 131317 0
50 80 131370 1
54 103 131375 0
102 46 131406 1
98 39 131411 1
81 63 131461 1
82 34 131517 1
41 101 131553 0
100 74 131560 1
58 92 131613 1
61 60 131739 0
91 33 131883 1
87 88 132033 0
82 80 132048 0
37 97 132050 0
59 36 132061 1
58 86 132062 0
33 84 132064 0
33 67 132153 0
103 48 132198 1
103 65 132244 1
34 84 132286 0
97 82 132354 1
69 39 132367 1
101 43 132377 1
56 35 132418 1
37 98 132428 0
86 58 132538 0
50 77 132576 1
93 34 132624 1
81 78 132655 0
77 76 132776 1
38 53 132861 0
34 95 132941 0
53 36 133068 1
72 43 133132 1
58 57 133199 0
39 49 133399 0
33 68 133443 0
44 102 133512 0
86 88 133566 0
34 96 133571 0
52 63 133610 1
47 104 133680 0
86 61 133838 0
59 93 133849 1
67 38 133859 1
35 92 133891 0
32 73 133921 0
61 58 133931 0
60 95 134012 1
83 84 134018 0
34 93 134110 0
49 104 134224 0
60 89 134303 0
61 57 134326 0
32 77 134365 0
53 102 134537 0
36 95 134625 0
69 38 134821 1
37 99 134834 0
83 75 134908 0
58 91 134968 1
40 48 134974 0
38 49 135017 0
55 73 135325 0
50 78 135420 1
63 36 135465 1
51 87 135478 1
57 103 135527 0
65 37 135586 1
103 56 135634 1
53 89 135665 1
59 69 135722 0
62 88 135742 0
60 96 136027 1
103 63 136064 1
55 35 136161 1
60 100 136250 1
103 59 136383 1
59 56 136392 0
64 36 136454 1
99 40 136472 1
50 81 136540 1
59 97 136609 1
95 36 136643 1
59 99 136694 1
77 75 136727 1
85 69 136765 0
33 90 136769 0
37 98 136947 0
34 97 136949 0
103 55 136958 1
96 36 136985 1
97 37 137022 1
103 52 137033 1
99 78 137039 1
53 60 137084 1
98 38 137128 1
83 82 137205 0
59 96 137211 1
99 39 137278 1
104 55 137292 1
101 42 137382 1
103 51 137416 1
94 34 137427 1
88 87 137442 0
57 92 137506 1
103 50 137540 1
101 41 137651 1
102 68 137744 1
103 64 137852 1
52 65 137907 1
33 77 137932 0
57 90 137952 1
104 52 138004 1
62 90 138037 0
32 78 138052 0
58 73 138193 0
104 50 138196 1
69 40 138198 1
62 35 138253 1
85 33 138305 1
103 57 138316 1
52 103 138340 0
87 88 138377 0
81 84 138392 0
91 32 138410 1
57 79 138472 0
51 86 138497 1
85 86 138509 0
50 84 138565 1
34 84 138577 0
96 37 138596 1
62 89 138610 0
102 44 138674 1
59 67 138882 0
33 82 138895 0
50 71 138918 1
34 93 138922 0
59 35 139047 1
79 70 139129 1
68 38 139178 1
36 95 139195 0
87 33 139213 1
102 45 139278 1
87 64 139296 0
70 40 139363 1
85 85 139385 0
47 103 139407 0
58 58 139437 0
103 49 139476 1
45 103 139512 0
78 73 139564 1
57 35 139585 1
66 37 139595 1
104 47 139631 1
60 35 139667 1
100 39 139679 1
57 80 139741 0
49 103 139751 0
83 81 139767 0
57 82 139769 0
52 36 139813 1
95 35 139820 1
59 88 139821 0
66 89 139823 0
59 55 139898 0
38 98 139910 0
37 97 139913 0
51 73 139923 1
87 57 140002 0
32 73 140020 0
41 102 140053 0
83 79 140083 0
58 54 140089 0
93 33 140108 1
65 36 140130 1
103 47 140158 1
100 40 140168 1
99 77 140238 1
33 69 140508 0
49 84 140574 1
103 48 140579 1
60 94 140642 1
88 88 140671 0
55 103 140676 0
34 61 140685 0
53 61 140690 1
61 63 140706 0
59 92 140717 1
51 85 140733 1
34 92 140821 0
33 86 140918 0
97 36 140956 1
102 46 141001 1
60 65 141014 0
33 87 141085 0
51 69 141118 1
79 66 141138 1
83 84 141153 0
100 41 141169 1
49 104 141213 0
57 81 141240 0
33 84 141256 0
92 33 141272 1
109 45 141281 1
37 56 141302 0
33 77 141316 0
104 49 141338 1
47 102 141341 0
58 35 141369 1
102 56 141369 1
56 89 141370 1
37 100 141398 0
83 85 141418 0
86 66 141435 0
35 61 141466 0
54 121 141485 1
48 104 141501 0
43 102 141612 0
61 88 141666 0
52 88 141674 1
103 62 141696 1
71 41 141713 1
61 89 141725 0
89 27 141799 1
109 45 141809 0
33 78 141822 0
96 36 141832 1
104 57 141861 1
37 55 141862 0
62 36 141902 1
89 33 141936 1
59 73 141941 0
32 80 141982 0
79 68 142024 1
32 74 142034 0
104 54 142067 1
62 89 142112 0
55 89 142115 1
54 89 142153 1
54 35 142177 1
51 104 142192 0
83 59 142194 1
38 51 142197 0
93 34 142229 1
50 83 142285 1
50 123 142314 0
102 67 142348 1
82 33 142395 1
51 75 142422 1
99 38 142471 1
34 64 142494 0
76 78 142514 1
104 59 142528 1
37 57 142537 0
104 62 142566 1
104 60 142643 1
63 36 142650 1
59 70 142828 0
73 43 142878 1
62 88 142948 0
57 91 143009 1
32 69 143011 0
59 86 143031 0
38 99 143053 0
102 40 143084 1
97 37 143102 1
57 77 143223 0
39 48 143369 0
104 48 143401 1
37 98 143420 0
45 41 143477 1
96 35 143507 1
90 33 143540 1
102 43 143576 1
59 91 143595 1
51 86 143605 1
55 90 143606 1
88 32 143608 1
69 39 143669 1
67 37 143728 1
106 59 143775 1
36 95 143784 0
105 108 143803 1
34 84 143830 0
98 38 143864 1
61 58 143893 0
79 67 143965 1
44 43 143981 1
34 93 144005 0
61 35 144018 1
102 42 144069 1
59 29 144116 1
70 41 144150 1
48 103 144157 0
51 70 144168 1
104 51 144183 1
68 37 144184 1
51 84 144186 1
101 44 144199 1
103 53 144227 1
57 111 144249 1
84 33 144251 1
50 37 144288 1
77 74 144292 1
83 33 144350 1
105 55 144370 1
95 34 144498 1
126 72 144559 1
103 46 144566 1
91 33 144577 1
81 34 144598 1
53 62 144674 1
83 60 144693 1
80 67 144694 1
104 61 144702 1
103 68 144796 1
31 2 144818 1
99 39 144916 1
52 67 145029 1
65 88 145196 0
51 80 145199 1
83 34 145224 1
82 76 145278 0
89 32 145396 1
104 63 145442 1
39 50 145496 0
103 66 145523 1
54 36 145534 1
72 42 145605 1
52 68 145623 1
65 37 145640 1
52 66 145664 1
64 90 145705 0
60 97 145706 1
104 58 145750 1
38 54 145760 0
60 99 145819 1
45 42 145844 1
82 83 145864 0
101 71 145877 1
56 90 145904 1
53 89 146032 1
103 56 146077 1
33 77 146192 0
44 102 146198 0
61 88 146201 0
44 105 146224 0
35 96 146274 0
103 58 146305 1
52 120 146356 1
96 82 146383 1
50 85 146475 1
33 88 146489 0
52 126 146544 0
83 82 146654 0
57 78 146741 0
51 87 146828 1
62 90 146878 0
80 65 146914 1
63 35 146928 1
60 36 146964 1
85 67 146972 0
72 43 147014 1
62 61 147049 1
28 73 147069 0
29 96 147182 0
56 80 147201 0
52 87 147278 1
35 98 147279 0
38 98 147308 0
62 89 147335 0
39 97 147385 0
61 89 147417 0
34 63 147542 0
103 51 147634 1
37 97 147648 0
101 70 147826 1
35 63 147905 0
98 37 148027 1
40 50 148207 0
32 72 148269 0
32 73 148379 0
69 40 148400 1
35 90 148574 0
51 68 148579 1
87 88 148807 0
60 58 148820 0
87 57 148861 0
109 45 149034 1
32 76 149106 0
88 87 149158 0
59 86 149166 0
32 78 149174 0
109 45 149308 0
85 60 149364 0
88 33 149390 1
82 80 149407 0
89 34 149484 1
41 101 149495 0
103 50 149526 1
91 87 149561 0
94 34 149634 1
34 96 149689 0
104 55 149698 1
86 68 149704 0
67 88 149750 0
61 57 149813 0
29 82 149843 0
68 38 149866 1
103 49 149923 1
83 73 149941 0
102 44 150020 1
39 103 150025 0
39 99 150028 0
36 98 150090 0
53 103 150131 0
86 87 150145 0
60 56 150146 0
82 79 150157 0
103 59 150267 1
83 86 150421 0
60 93 150473 1
85 85 150574 0
87 59 150591 0
102 68 150597 1
101 72 150597 1
58 82 150693 0
91 86 150708 0
67 38 150719 1
95 35 150760 1
94 33 150832 1
102 69 150879 1
97 35 151076 1
103 48 151140 1
59 87 151219 0
67 89 151243 0
94 85 151261 0
76 77 151287 1
96 34 151411 1
53 102 151430 0
36 97 151453 0
85 86 151467 0
84 70 151469 0
104 50 151505 1
61 61 151517 0
70 40 151555 1
50 84 151574 1
35 65 151591 0
57 79 151663 0
60 98 151751 1
50 124 151754 0
35 92 151755 0
47 102 151782 0
83 81 151826 0
59 35 151842 1
52 103 151896 0
40 106 151902 0
50 80 151932 1
57 35 151942 1
82 84 151960 0
34 95 152029 0
103 64 152084 1
64 36 152092 1
57 78 152099 0
103 65 152158 1
97 36 152179 1
31 74 152211 0
66 37 152218 1
101 42 152229 1
31 85 152245 0
103 63 152289 1
84 32 152311 1
103 47 152325 1
60 96 152349 1
60 35 152352 1
98 79 152371 1
59 90 152380 0
59 34 152380 1
39 52 152395 0
83 79 152410 0
104 52 152455 1
79 69 152518 1
87 60 152548 0
61 62 152636 0
56 35 152648 1
100 40 152668 1
57 90 152676 1
34 62 152682 0
85 69 152730 0
71 40 152822 1
51 77 152825 1
62 35 152826 1
70 39 152866 1
89 88 152894 0
52 88 152914 1
84 71 152932 0
33 89 153026 0
87 79 153030 1
35 56 153033 0
97 37 153033 1
101 41 153037 1
66 57 153040 1
83 82 153115 0
61 88 153193 0
51 74 153204 1
50 73 153207 1
93 33 153208 1
55 36 153249 1
103 45 153267 1
38 54 153333 0
45 101 153356 0
99 76 153366 1
54 103 153367 0
59 92 153398 1
86 66 153428 0
58 90 153440 1
58 82 153459 0
38 52 153550 0
51 83 153640 1
33 78 153674 0
62 88 153714 0
32 71 153760 0
51 86 153826 1
51 85 153853 1
65 36 153910 1
39 99 153934 0
34 92 153998 0
63 36 154009 1
58 73 154019 0
96 36 154038 1
34 85 154063 0
32 72 154151 0
86 87 154166 0
33 74 154201 0
33 83 154230 0
66 36 154255 1
36 95 154269 0
32 76 154293 0
72 41 154293 1
33 77 154304 0
52 65 154333 1
49 103 154382 0
50 81 154396 1
51 81 154414 1
83 75 154417 0
102 70 154482 1
99 39 154491 1
102 45 154542 1
87 64 154544 0
51 78 154631 1
60 94 154699 1
86 58 154742 0
104 56 154750 1
32 65 154762 0
86 64 154783 0
33 68 154785 0
59 66 154801 0
39 53 154806 0
61 89 154966 0
51 72 154976 1
55 35 155012 1
92 33 155036 1
51 71 155048 1
48 39 155058 1
73 43 155108 1
57 80 155145 0
69 39 155157 1
34 84 155215 0
40 49 155246 0
93 34 155269 1
43 104 155354 0
71 41 155366 1
103 62 155390 1
87 59 155393 0
47 103 155453 0
33 66 155474 0
91 88 155481 0
52 69 155497 1
62 36 155583 1
60 34 155668 1
83 84 155715 0
111 111 155763 1
36 57 155776 0
58 57 155782 0
61 34 155804 1
29 75 155822 0
89 87 155866 0
60 86 155869 0
82 77 155875 0
35 106 155886 0
54 60 155890 1
57 54 155915 0
99 38 155927 1
35 60 155948 0
33 76 155958 0
33 69 155994 0
59 87 156010 0
50 38 156067 1
83 72 156082 0
43 103 156112 0
34 93 156152 0
30 81 156184 0
57 59 156194 0
81 85 156275 0
45 102 156304 0
59 55 156309 0
33 80 156330 0
60 56 156363 0
57 86 156379 0
32 92 156405 0
81 77 156428 0
61 35 156460 1
44 102 156463 0
90 32 156526 1
61 59 156529 0
90 90 156534 0
31 72 156538 0
104 54 156610 1
82 90 156615 0
86 91 156637 0
62 57 156637 1
61 97 156645 1
34 85 156667 0
86 63 156702 0
61 87 156712 0
56 83 156716 0
102 43 156729 1
99 79 156774 1
85 68 156812 0
35 99 156833 0
33 101 156894 0
87 87 156924 0
81 87 156973 0
34 64 157035 0
86 32 157043 1
100 74 157147 1
32 101 157158 0
40 46 157180 0
69 38 157197 1
106 55 157257 1
65 37 157267 1
51 67 157322 1
92 87 157328 0
58 102 157372 0
82 81 157380 0
33 74 157465 0
54 120 157467 1
62 89 157502 0
58 84 157506 0
57 87 157547 0
45 105 157589 0
80 66 157605 1
98 38 157647 1
100 75 157676 1
36 97 157701 0
86 86 157702 0
32 79 157765 0
33 92 157783 0
56 77 157785 0
57 78 157787 0
38 98 157805 0
87 60 157842 0
33 56 157849 0
50 104 157862 0
58 70 157868 0
81 35 157894 1
60 87 157930 0
31 79 157955 0
42 33 157961 0
38 53 157965 0
84 73 157996 0
59 86 158006 0
91 87 158030 0
43 107 158033 0
58 86 158070 0
33 79 158074 0
39 100 158104 0
68 88 158152 0
81 91 158168 0
39 97 158201 0
86 87 158256 0
54 61 158290 1
40 102 158292 0
56 90 158303 1
39 99 158367 0
68 38 158438 1
53 36 158530 1
50 78 158564 1
37 98 158568 0
35 92 158571 0
40 48 158584 0
69 87 158598 0
39 49 158617 0
31 77 158698 0
53 63 158725 1
32 77 158762 0
58 64 158775 0
101 73 158793 1
80 87 158806 0
37 97 158824 0
58 82 158835 0
51 76 158842 1
65 89 158869 0
34 94 158870 0
52 64 158882 1
35 90 158883 0
60 86 158924 0
59 91 158942 1
33 76 159048 0
60 95 159053 1
65 88 159083 0
32 81 159110 0
42 109 159253 0
85 87 159286 0
82 84 159288 0
96 35 159310 1
88 87 159332 0
35 102 159423 0
32 72 159454 0
82 82 159466 0
61 94 159472 1
77 77 159514 1
85 91 159613 0
64 35 159636 1
85 57 159720 0
34 85 159749 0
40 107 159780 0
79 70 159830 1
86 88 159837 0
58 72 159839 0
48 103 159843 0
47 102 159861 0
55 82 159975 0
95 34 160088 1
53 89 160115 1
52 87 160211 1
49 104 160286 0
45 102 160296 0
104 49 160428 1
42 100 160428 0
34 88 160472 0
89 87 160475 0
56 121 160517 1
104 51 160651 1
66 89 160695 0
87 87 160718 0
32 76 160805 0
89 90 160842 0
61 96 160883 1
86 90 160926 0
64 73 160963 1
58 54 160963 0
31 87 160990 0
52 86 161047 1
60 88 161073 1
35 59 161193 0
86 86 161194 0
58 84 161254 0
85 92 161258 0
54 89 161296 1
43 102 161317 0
36 103 161337 0
33 67 161342 0
33 80 161351 0
90 88 161354 0
30 86 161354 0
64 90 161425 0
72 85 161476 0
32 84 161485 0
72 42 161561 1
33 62 161606 0
81 64 161615 1
100 41 161656 1
67 37 161695 1
33 71 161739 0
70 40 161758 1
60 87 161780 0
109 45 161796 1
34 86 161820 0
78 86 161981 0
97 38 162030 1
34 101 162033 0
61 87 162074 0
59 87 162104 0
103 48 162176 1
102 44 162182 1
87 59 162243 0
63 88 162258 0
33 79 162304 0
109 45 162355 0
62 91 162420 0
60 60 162533 0
31 90 162615 0
85 85 162657 0
100 39 162706 1
57 81 162809 0
86 67 162811 1
51 73 162819 1
84 71 162823 0
103 44 163125 1
42 100 163513 0
97 36 163519 1
83 81 163593 0
33 76 163633 0
104 50 163681 1
79 88 163767 0
31 78 163768 0
82 81 163771 0
95 35 163799 1
39 102 163805 0
85 33 163855 1
104 55 163886 1
103 46 163905 1
86 87 163908 0
104 59 163951 1
63 35 163987 1
103 47 164046 1
83 79 164082 0
102 42 164086 1
104 62 164121 1
59 97 164172 1
36 58 164191 0
34 88 164221 0
89 33 164224 1
50 84 164258 1
97 35 164266 1
89 32 164411 1
83 82 164414 0
88 32 164440 1
43 101 164453 0
104 46 164454 1
98 37 164499 1
102 71 164501 1
60 55 164527 0
87 87 164596 0
58 34 164684 1
81 62 164691 1
98 36 164709 1
104 52 164719 1
82 82 164736 0
86 68 164741 0
104 61 164749 1
52 88 164752 1
68 37 164805 1
93 33 164830 1
104 60 164833 1
77 76 164884 1
34 85 164891 0
66 37 164900 1
87 57 164919 0
53 60 164936 1
65 89 164962 0
32 95 164972 0
51 75 164973 1
100 40 164991 1
55 89 164991 1
59 73 165019 0
60 86 165139 0
53 102 165226 0
77 75 165268 1
86 86 165328 0
59 92 165370 1
59 69 165372 0
87 65 165386 0
101 41 165414 1
51 86 165426 1
63 88 165435 0
71 40 165439 1
51 79 165473 1
35 61 165486 0
57 35 165500 1
103 45 165540 1
33 77 165543 0
57 77 165558 0
59 35 165583 1
45 101 165643 0
104 58 165648 1
34 86 165675 0
104 47 165694 1
99 39 165716 1
33 74 165734 0
61 63 165746 0
94 33 165812 1
51 84 165832 1
85 87 165878 0
93 85 165902 0
63 36 165911 1
62 88 165964 0
91 86 165970 0
104 48 166015 1
91 32 166044 1
99 77 166044 1
102 41 166098 1
87 60 166138 0
89 87 166149 0
67 88 166153 0
68 36 166160 1
59 70 166201 0
51 85 166234 1
52 66 166262 1
57 102 166290 0
103 49 166294 1
96 34 166309 1
81 63 166345 1
58 84 166363 0
65 36 166366 1
69 39 166380 1
58 90 166434 1
51 70 166509 1
103 66 166517 1
35 63 166537 0
33 71 166542 0
49 102 166546 0
35 83 166550 0
87 32 166561 1
56 89 166594 1
84 73 166617 0
52 67 166618 1
52 68 166649 1
87 64 166703 0
37 58 166719 0
78 73 166756 1
57 90 166775 1
102 43 166791 1
42 100 166796 0
65 35 166877 1
104 40 166882 1
102 69 166885 1
103 64 166939 1
51 125 166946 0
102 68 166958 1
72 41 166994 1
99 38 167065 1
60 87 167074 0
70 39 167089 1
36 97 167095 0
45 102 167114 0
52 125 167129 0
80 68 167132 1
102 46 167132 1
41 47 167133 0
93 32 167196 1
85 32 167215 1
36 33 167216 0
32 74 167224 0
80 67 167226 1
51 69 167261 1
33 81 167272 0
60 35 167290 1
56 34 167297 1
80 65 167341 1
54 88 167347 1
53 37 167348 1
46 105 167383 0
35 91 167451 0
71 41 167506 1
37 96 167516 0
73 43 167531 1
59 34 167571 1
67 36 167593 1
69 37 167606 1
43 101 167622 0
51 37 167678 1
58 82 167684 0
95 33 167730 1
38 54 167776 0
101 40 167782 1
56 103 167817 0
61 88 167841 0
39 52 167844 0
83 77 167868 0
62 35 168052 1
76 78 168083 1
52 71 168083 1
62 34 168105 1
34 88 168106 0
56 35 168123 1
40 50 168167 0
33 79 168167 0
103 65 168214 1
34 84 168260 0
32 72 168276 0
35 65 168343 0
63 88 168345 0
63 39 168365 1
57 34 168423 1
53 88 168452 1
59 96 168463 1
92 32 168490 1
66 35 168490 1
80 36 168563 1
68 38 168625 1
98 80 168627 1
53 65 168637 1
51 82 168641 1
60 56 168643 0
102 44 168666 1
60 97 168758 1
95 34 168762 1
100 39 168806 1
35 82 168862 0
60 55 168869 0
99 78 168904 1
61 35 168958 1
79 67 168959 1
104 54 168971 1
53 61 168971 1
97 36 168995 1
54 35 169011 1
97 37 169022 1
87 61 169059 0
77 33 169089 1
77 74 169089 1
70 40 169119 1
53 62 169121 1
51 83 169171 1
41 99 169363 0
100 38 169377 1
47 102 169385 0
63 89 169457 0
40 100 169493 0
39 50 169592 0
104 50 169662 1
60 96 169700 1
76 77 169712 1
61 95 169713 1
51 78 169746 1
33 76 169816 0
35 80 169826 0
49 102 169830 0
36 95 169885 0
59 90 169889 1
62 57 169935 0
61 65 169969 0
94 32 169971 1
51 80 169989 1
100 37 170101 1
97 35 170109 1
61 98 170144 1
51 81 170200 1
103 51 170204 1
85 85 170302 0
61 87 170311 0
101 36 170387 1
54 36 170405 1
69 38 170459 1
53 64 170526 1
38 55 170541 0
35 91 170578 0
62 61 170615 0
34 86 170702 0
66 36 170733 1
37 96 170755 0
94 34 170780 1
50 80 170883 1
65 88 170906 0
52 86 170912 1
39 97 170936 0
99 37 170945 1
51 86 170978 1
50 71 170985 1
42 100 171045 0
111 111 171106 1
80 35 171168 1
82 84 171300 0
90 32 171337 1
82 81 171361 0
49 39 171455 1
71 36 171490 1
71 40 171501 1
83 76 171545 0
52 103 171568 0
53 35 171648 1
51 77 171704 1
51 103 171737 0
52 70 171820 1
110 7 171821 1
88 62 171852 0
35 90 171935 0
70 38 172124 1
83 77 172132 0
86 86 172225 0
32 73 172255 0
98 81 172447 1
43 101 172452 0
104 49 172599 1
104 63 172625 1
64 89 172658 0
55 58 172691 1
87 87 172696 0
58 78 172711 0
63 90 172787 0
103 43 172826 1
34 85 172835 0
41 99 172883 0
22 19 172978 1
87 86 173006 0
55 35 173032 1
35 84 173095 0
39 99 173119 0
67 37 173163 1
54 59 173223 1
38 97 173257 0
91 87 173420 0
82 82 173473 0
52 85 173495 1
62 57 173605 0
60 55 173664 0
35 88 173689 0
51 68 173776 1
86 32 173880 1
34 88 173908 0
33 80 173913 0
81 65 173974 1
51 84 174026 1
63 89 174027 0
65 89 174050 0
65 34 174134 1
85 87 174206 0
60 92 174373 1
103 50 174473 1
51 85 174491 1
101 71 174544 1
83 31 174771 1
60 90 174795 1
87 61 174799 0
35 92 174844 0
53 120 174851 1
104 51 174858 1
63 35 174862 1
37 96 174984 0
104 52 175147 1
52 87 175153 1
85 63 175161 0
87 59 175231 0
52 65 175328 1
60 34 175332 1
62 61 175357 0
103 67 175427 1
101 72 175509 1
53 119 175542 1
55 34 175592 1
89 32 175650 1
84 90 175673 0
84 86 175673 0
82 34 175837 1
49 102 175853 0
93 91 175890 1
93 33 175890 1
88 86 175960 0
101 41 175990 1
104 55 175990 1
58 78 176021 0
103 45 176032 1
85 70 176046 0
102 42 176059 1
63 88 176083 0
86 66 176089 0
56 90 176123 1
52 69 176130 1
88 32 176155 1
103 44 176162 1
34 79 176204 0
88 87 176336 0
53 102 176341 0
102 70 176342 1
104 47 176376 1
40 100 176420 0
84 75 176453 0
79 69 176490 1
83 81 176565 0
59 83 176568 0
103 47 176576 1
52 104 176654 0
100 40 176671 1
88 57 176697 0
87 86 176750 0
106 47 176843 1
83 82 176924 0
90 4 176951 1
38 97 176955 0
104 60 176971 1
68 37 176973 1
83 76 177020 0
101 74 177064 1
51 103 177083 0
57 78 177161 0
98 36 177229 1
82 61 177274 1
59 72 177342 0
58 75 177370 0
87 32 177378 1
55 120 177384 1
83 75 177388 0
60 86 177421 0
104 61 177448 1
53 103 177465 0
85 86 177486 0
91 32 177547 1
69 39 177576 1
102 43 177692 1
51 72 177862 1
61 65 177862 0
53 87 177868 1
64 89 177946 0
87 31 177952 1
41 101 177964 0
62 57 177990 0
57 35 178035 1
54 58 178068 1
45 101 178080 0
104 62 178086 1
80 34 178108 1
72 41 178108 1
77 78 178114 1
61 34 178144 1
58 34 178160 1
104 46 178234 1
64 32 178255 1
58 89 178313 1
83 77 178314 0
96 34 178324 1
100 74 178411 1
73 41 178430 1
35 91 178479 0
83 79 178515 0
59 92 178547 1
34 66 178567 0
33 71 178586 0
100 39 178650 1
90 31 178654 1
105 53 178684 1
109 45 178701 1
104 50 178728 1
101 70 178750 1
39 53 178773 0
72 40 178817 1
70 39 178875 1
33 74 178884 0
104 65 178949 1
104 59 178961 1
89 31 179011 1
89 87 179053 0
106 57 179055 1
97 35 179065 1
88 86 179114 0
38 55 179154 0
40 47 179187 0
40 98 179190 0
63 36 179256 1
64 34 179312 1
83 33 179315 1
73 43 179320 1
57 101 179338 0
58 78 179349 0
52 68 179356 1
55 88 179366 1
104 45 179379 1
37 57 179382 0
34 79 179393 0
71 41 179461 1
33 75 179472 0
95 34 179530 1
59 83 179539 0
64 35 179541 1
99 38 179603 1
97 36 179621 1
104 48 179706 1
65 35 179750 1
79 70 179763 1
59 35 179776 1
98 35 179793 1
60 87 179809 0
63 89 179832 0
87 65 179878 0
103 65 179894 1
68 38 179920 1
97 28 179922 1
51 76 179943 1
94 33 180001 1
52 88 180019 1
58 90 180053 1
105 48 180081 1
59 73 180083 0
91 86 180135 0
85 85 180140 0
41 99 180164 0
51 71 180209 1
65 36 180225 1
34 92 180239 0
51 74 180344 1
62 61 180431 0
95 33 180438 1
34 90 180440 0
32 71 180458 0
62 88 180533 0
56 89 180617 1
42 45 180685 0
71 40 180720 1
52 67 180720 1
52 66 180754 1
47 102 180777 0
61 92 180847 1
35 83 180864 0
87 86 180945 0
57 71 180957 0
67 35 181005 1
33 68 181102 0
42 100 181110 0
37 96 181182 0
34 63 181222 0
85 69 181247 0
38 97 181265 0
59 87 181280 0
36 93 181301 0
103 45 181301 1
53 125 181345 0
34 60 181382 0
87 58 181388 0
65 88 181394 0
35 90 181410 0
44 105 181462 0
58 83 181482 0
38 99 181544 0
61 94 181548 1
88 57 181567 0
35 94 181572 0
41 97 181578 0
55 89 181593 1
35 63 181640 0
39 97 181646 0
35 82 181653 0
88 59 181669 0
32 70 181697 0
96 33 181708 1
35 58 181714 0
33 87 181736 0
101 39 181754 1
35 61 181758 0
51 75 181761 1
53 63 181771 1
56 77 181800 0
85 70 181879 0
51 73 181903 1
33 73 181940 0
100 76 181959 1
70 37 181963 1
85 84 181985 0
40 49 181999 0
57 89 182014 1
49 103 182038 0
35 65 182045 0
33 69 182103 0
60 62 182118 0
34 84 182121 0
86 68 182126 0
60 54 182131 0
105 47 182136 1
87 55 182137 0
51 103 182167 0
40 98 182193 0
54 88 182195 1
60 85 182235 0
60 55 182236 0
61 87 182248 0
33 76 182254 0
33 78 182268 0
58 75 182268 0
35 93 182298 0
53 66 182311 1
59 34 182322 1
34 79 182339 0
67 36 182354 1
93 86 182396 0
33 86 182402 0
33 84 182403 0
35 80 182408 0
49 102 182433 0
71 39 182451 1
58 78 182479 0
83 59 182523 1
43 101 182542 0
44 102 182558 0
69 38 182610 1
51 83 182635 1
84 68 182645 0
59 83 182699 0
53 102 182829 0
31 71 182854 0
57 90 182854 1
104 64 182866 1
58 73 182903 0
77 76 182911 1
77 77 182919 1
45 101 182920 0
59 72 182969 0
63 88 182970 0
57 79 182999 0
35 60 183012 0
37 56 183023 0
101 40 183028 1
76 80 183033 1
60 66 183096 0
33 75 183103 0
52 86 183150 1
36 56 183159 0
103 66 183160 1
109 45 183177 0
56 35 183215 1
33 86 183217 0
61 96 183249 1
84 86 183269 0
37 95 183299 0
34 66 183313 0
59 86 183376 0
92 32 183412 1
83 76 183442 0
64 89 183484 0
46 41 183539 1
35 91 183570 0
70 40 183600 1
32 76 183729 0
34 86 183793 0
47 40 183822 1
77 75 183892 1
51 79 183902 1
88 31 183970 1
67 88 184045 0
59 90 184141 1
33 79 184198 0
35 88 184199 0
58 82 184217 0
60 98 184309 1
36 93 184341 0
52 35 184356 1
83 81 184556 0
99 39 184698 1
91 62 184705 1
84 32 184724 1
52 85 184782 1
101 41 184886 1
35 84 184886 0
40 48 184886 0
90 86 184898 0
61 85 184919 0
81 33 184990 1
61 60 184995 0
40 100 185013 0
105 49 185032 1
35 95 185075 0
53 65 185093 1
100 38 185163 1
58 67 185205 0
93 33 185226 1
60 85 185245 0
54 60 185328 1
40 50 185347 0
45 102 185366 0
33 99 185368 0
85 84 185404 0
61 97 185456 1
69 37 185499 1
103 62 185600 1
69 88 185655 0
33 73 185667 0
29 46 185673 0
34 88 185678 0
83 85 185683 0
90 32 185696 1
28 78 185702 0
57 83 185782 0
84 90 185805 0
31 83 185816 0
104 47 185825 1
52 74 185928 1
83 82 186015 0
62 57 186020 0
86 67 186065 0
68 36 186095 1
86 86 186124 0
88 59 186139 0
58 83 186149 0
50 103 186207 0
55 103 186279 0
51 70 186303 1
30 100 186335 0
30 80 186377 0
60 54 186380 0
49 107 186429 0
37 105 186461 0
88 62 186480 0
87 61 186537 0
35 93 186560 0
62 59 186560 0
84 67 186593 0
38 51 186596 0
59 85 186596 0
33 77 186663 0
99 37 186726 1
47 125 186754 0
37 95 186861 0
31 84 186871 0
83 70 186879 0
51 124 186882 0
40 98 186896 0
61 35 186901 1
62 62 186910 0
103 48 186978 1
51 85 186991 1
61 58 187010 0
34 85 187058 0
34 79 187127 0
54 61 187211 1
63 90 187224 0
103 68 187230 1
89 32 187262 1
56 84 187310 0
52 75 187361 1
49 123 187438 0
34 80 187440 0
34 90 187487 0
31 93 187519 0
88 32 187588 1
49 101 187607 0
38 97 187616 0
102 69 187634 1
58 59 187643 0
41 46 187668 0
21 62 187779 0
72 41 187823 1
35 92 187928 0
102 42 187983 1
35 94 187988 0
83 71 188005 0
57 56 188011 0
88 90 188034 0
33 75 188047 0
87 58 188140 0
97 81 188195 1
59 64 188235 0
52 104 188285 0
85 73 188319 0
39 52 188341 0
33 72 188404 0
65 90 188444 0
31 78 188481 0
84 73 188483 0
58 84 188541 0
51 84 188596 1
57 34 188605 1
83 78 188610 0
38 96 188687 0
103 44 188707 1
51 103 188767 0
81 75 188823 0
34 66 188926 0
109 45 188933 1
56 81 188977 0
83 77 188985 0
30 91 189003 0
55 80 189086 0
93 88 189138 0
51 123 189163 0
51 78 189194 1
60 88 189270 0
37 97 189288 0
37 54 189309 0
82 80 189399 0
78 83 189411 0
31 89 189447 0
44 107 189456 0
36 105 189481 0
109 45 189500 0
90 86 189670 0
68 88 189672 0
83 79 189715 0
33 73 189811 0
63 35 189923 1
80 67 189976 1
87 55 190005 0
97 34 190033 1
62 34 190088 1
33 96 190321 0
105 54 190348 1
87 64 190506 0
62 62 190659 0
33 74 190661 0
100 75 190669 1
58 58 190704 0
32 89 190737 0
86 92 190750 0
59 85 190816 0
36 93 190820 0
41 99 190844 0
32 97 190858 0
68 89 190913 0
88 86 190978 0
37 49 191001 0
87 86 191003 0
42 60 191084 1
102 68 191106 1
59 53 191132 0
62 59 191202 0
48 101 191215 0
60 86 191245 0
86 67 191251 0
58 75 191366 0
80 78 191385 0
38 96 191414 0
87 60 191456 0
87 32 191493 1
105 51 191623 1
27 51 191714 0
55 102 191742 0
61 65 191747 0
39 48 191767 0
59 84 191824 0
83 78 191838 0
32 68 191916 0
60 85 191985 0
36 62 192012 0
56 34 192018 1
62 61 192204 0
84 75 192206 0
100 39 192214 1
59 33 192221 1
38 104 192266 0
34 80 192317 0
78 74 192406 1
61 32 192566 1
85 70 192783 0
50 103 192869 0
33 72 192874 0
84 86 192911 0
103 64 192912 1
35 93 192924 0
32 70 192931 0
93 32 192943 1
50 84 192946 1
97 35 193031 1
30 76 193051 0
99 77 193061 1
87 63 193180 0
70 39 193266 1
98 36 193270 1
37 95 193271 0
105 57 193390 1
58 78 193681 0
35 78 193748 0
51 81 193820 1
53 87 193918 1
62 65 193920 0
33 71 193934 0
61 56 193999 0
38 96 194006 0
58 83 194098 0
35 95 194233 0
52 84 194291 1
34 64 194306 0
105 52 194316 1
58 101 194388 0
91 32 194405 1
57 102 194440 0
38 55 194639 0
87 57 194765 0
86 32 194857 1
88 59 194859 0
60 54 194891 0
56 88 194898 1
63 34 195013 1
96 34 195135 1
74 42 195276 1
66 35 195286 1
37 94 195287 0
102 41 195422 1
39 53 195525 0
59 84 195586 0
50 102 195643 0
83 78 195681 0
85 71 195682 0
51 80 195917 1
105 55 196012 1
60 34 196057 1
86 31 196303 1
54 35 196482 1
52 73 196630 1
103 43 196675 1
86 57 196829 0
61 95 196908 1
71 40 196933 1
53 34 196996 1
57 76 197027 0
51 86 197101 1
84 82 197316 0
55 102 197419 0
59 85 197425 0
98 79 197426 1
104 46 197473 1
42 100 197531 0
87 58 197587 0
70 38 197736 1
38 96 197915 0
64 89 197933 0
67 37 198247 1
58 60 198276 0
33 75 198455 0
62 59 198511 0
61 34 198737 1
35 89 198814 0
84 84 198832 0
37 94 198853 0
86 67 198882 0
80 68 198990 1
35 82 199005 0
68 37 199028 1
61 66 199094 0
102 71 199161 1
34 82 199262 0
85 84 199309 0
50 102 199363 0
78 73 199660 1
83 60 199661 1
101 73 199746 1
60 88 199768 0
0 0 200010 0
