38 45 0 1
103 65 86 1
95 54 204 1
78 52 317 1
24 91 318 0
67 80 549 0
90 69 604 0
55 56 667 0
75 87 678 0
62 57 685 0
95 89 719 0
92 90 763 0
42 79 807 1
81 81 813 1
68 41 823 1
48 41 889 1
74 46 1070 1
79 54 1114 1
57 37 1135 1
99 56 1145 1
73 86 1146 0
101 61 1209 1
103 63 1210 1
70 86 1260 0
81 78 1270 1
46 62 1287 0
88 86 1370 0
95 53 1469 1
104 74 1538 1
104 66 1544 1
64 60 1599 0
67 79 1664 0
104 73 1685 1
35 31 1738 0
77 51 1750 1
66 39 1873 1
50 58 1888 0
62 58 2019 0
88 89 2020 0
67 62 2032 0
79 53 2040 1
54 57 2073 0
20 78 2093 0
33 89 2118 0
19 78 2196 0
69 84 2208 0
104 70 2212 1
98 54 2242 1
67 69 2250 0
90 89 2320 0
101 62 2326 1
39 70 2329 1
56 38 2341 1
43 78 2348 1
91 69 2379 0
59 38 2399 1
39 72 2452 1
104 75 2492 1
50 40 2496 1
88 80 2533 0
29 90 2556 0
69 85 2579 0
20 70 2580 0
43 74 2595 1
104 72 2616 1
81 76 2627 1
19 79 2636 0
94 52 2659 1
89 91 2748 0
75 48 2777 1
67 42 2778 1
90 90 2825 0
64 38 2836 1
28 89 2921 0
91 51 2964 1
89 89 3022 0
93 54 3058 1
23 86 3145 0
104 67 3265 1
87 69 3457 0
36 87 3472 0
68 83 3481 0
69 86 3625 0
77 50 3748 1
95 52 3783 1
56 56 3831 0
42 73 3832 1
99 55 3833 1
75 47 3887 1
101 59 3902 1
67 83 3916 0
96 53 3940 1
102 84 3976 1
38 69 3997 1
97 54 4002 1
103 64 4063 1
73 44 4064 1
39 68 4139 1
32 90 4140 0
45 41 4141 1
70 42 4153 1
88 87 4227 0
66 83 4242 0
21 83 4251 0
63 82 4302 0
76 50 4302 1
66 79 4302 0
104 69 4343 1
27 89 4435 0
85 52 4444 1
44 77 4455 1
97 53 4500 1
24 61 4524 0
93 52 4587 1
104 68 4614 1
41 73 4664 1
60 38 4672 1
41 74 4677 1
90 76 4683 0
43 42 4705 1
39 69 4769 1
58 37 4817 1
104 71 4923 1
87 85 4926 0
68 85 5095 0
61 57 5097 0
63 39 5132 1
51 38 5137 1
59 37 5138 1
67 40 5151 1
74 45 5204 1
91 74 5205 0
71 87 5213 0
65 39 5259 1
92 51 5281 1
72 43 5343 1
76 47 5377 1
103 66 5379 1
61 38 5384 1
26 90 5423 0
76 49 5441 1
38 71 5568 1
29 89 5574 0
21 81 5662 0
48 40 5671 1
54 38 5675 1
39 71 5786 1
38 68 5806 1
104 80 5855 1
43 77 5904 1
67 62 5943 0
68 67 5978 0
68 42 6005 1
43 73 6005 1
91 71 6056 0
65 60 6158 0
66 75 6163 0
74 87 6165 0
20 74 6272 0
104 65 6279 1
21 84 6294 0
49 58 6343 0
73 86 6364 0
62 57 6490 0
65 59 6512 0
48 59 6518 0
44 41 6589 1
19 81 6634 0
57 38 6649 1
89 51 6659 1
65 75 6796 0
81 54 6813 1
89 77 6817 0
88 51 6837 1
46 41 6844 1
87 83 6889 0
22 86 6890 0
25 88 6904 0
67 80 6910 0
68 68 6941 0
25 87 7047 0
25 89 7066 0
27 90 7095 0
67 68 7116 0
40 73 7180 1
68 41 7236 1
69 41 7399 1
64 39 7433 1
43 62 7458 0
40 72 7540 1
19 74 7564 0
69 42 7630 1
89 88 7637 0
101 60 7789 1
30 90 7802 0
19 73 7803 0
38 70 7900 1
62 38 8001 1
102 61 8105 1
87 68 8300 0
80 53 8467 1
24 59 8510 0
33 90 8552 0
109 45 8639 1
29 90 8660 0
22 84 8709 0
103 65 8741 1
109 45 8803 0
19 79 8820 0
28 89 8841 0
62 58 8846 0
20 78 8883 0
76 87 8900 0
56 57 8989 0
100 57 9007 1
67 41 9164 1
86 91 9192 0
96 91 9196 0
102 62 9242 1
41 42 9381 1
66 79 9489 0
50 39 9527 1
43 81 9570 1
68 84 9590 0
83 52 9599 1
75 46 9681 1
61 58 9711 0
50 59 9726 0
92 91 9745 0
91 75 9771 0
17 80 9780 0
63 38 9792 1
65 59 9863 0
26 89 10047 0
28 90 10096 0
37 47 10106 1
43 43 10150 1
67 62 10539 0
88 89 10665 0
67 83 10671 0
66 40 10728 1
23 61 10949 0
90 90 11074 0
110 85 11176 1
71 87 11302 0
55 56 11353 0
69 86 11537 0
69 85 11571 0
68 67 11586 0
73 87 11602 0
67 84 11602 0
98 55 11747 1
89 79 11790 0
72 90 11944 0
56 56 11955 0
87 85 12129 0
78 51 12143 1
22 84 12261 0
103 62 12379 1
103 79 12379 1
43 75 12423 1
88 70 12504 0
95 53 12576 1
95 89 12609 0
90 74 12680 0
88 86 12683 0
96 89 12694 0
86 85 12825 0
90 70 12835 0
35 89 12865 0
40 44 12889 1
68 61 12893 0
65 65 12896 0
23 86 12909 0
69 90 12924 0
90 69 12966 0
58 58 13003 0
80 82 13017 1
104 77 13099 1
87 52 13158 1
91 69 13162 0
69 84 13175 0
103 70 13176 1
51 58 13207 0
78 52 13215 1
68 85 13241 0
66 80 13270 0
73 45 13297 1
104 73 13297 1
53 37 13331 1
87 84 13412 0
99 56 13438 1
104 66 13445 1
24 63 13464 0
52 38 13494 1
101 61 13544 1
86 69 13589 0
82 75 13682 1
87 69 13717 0
77 49 13735 1
87 92 13747 0
20 82 13781 0
67 63 13787 0
102 60 13817 1
104 70 13869 1
82 74 13893 1
26 57 13902 0
65 59 13915 0
22 86 13931 0
67 79 13940 0
87 51 13993 1
15 81 14043 0
26 90 14061 0
19 77 14104 0
90 89 14112 0
42 76 14155 1
91 75 14194 0
18 77 14227 0
61 37 14290 1
75 47 14360 1
97 54 14404 1
18 80 14418 0
90 51 14531 1
79 53 14557 1
104 67 14557 1
77 51 14689 1
82 79 14700 1
103 64 14701 1
101 59 14701 1
93 91 14742 0
85 69 14754 0
79 52 14794 1
90 88 14806 0
91 51 14842 1
55 57 14866 0
49 39 14902 1
67 69 14918 0
94 52 14978 1
103 63 14989 1
104 74 15002 1
53 38 15003 1
7 111 15009 1
88 84 15011 0
88 81 15019 0
19 74 15102 0
93 52 15137 1
84 53 15146 1
104 72 15191 1
96 53 15200 1
98 88 15262 0
97 88 15279 0
91 71 15351 0
101 58 15384 1
90 76 15389 0
79 54 15389 1
76 48 15407 1
43 76 15411 1
18 74 15421 0
72 44 15447 1
81 76 15544 1
40 71 15627 1
66 39 15679 1
13 85 15772 0
65 77 15785 0
68 83 16010 0
42 74 16011 1
41 71 16070 1
55 39 16076 1
98 54 16088 1
32 89 16128 0
82 76 16152 1
89 50 16154 1
99 54 16156 1
66 83 16185 0
68 41 16239 1
56 37 16290 1
45 62 16383 0
74 45 16385 1
20 68 16388 0
42 72 16419 1
45 42 16420 1
19 73 16495 0
95 52 16539 1
57 37 16556 1
77 50 16574 1
56 38 16584 1
104 69 16587 1
97 53 16608 1
46 61 16642 0
72 87 16725 0
73 86 16771 0
66 76 16807 0
20 69 16845 0
29 89 16884 0
75 48 16943 1
99 55 17188 1
70 86 17204 0
61 38 17205 1
100 56 17222 1
98 53 17239 1
75 45 17312 1
81 53 17319 1
101 60 17320 1
40 70 17326 1
104 65 17331 1
71 43 17341 1
78 50 17389 1
59 38 17419 1
105 69 17432 1
39 72 17439 1
68 40 17626 1
67 40 17627 1
76 49 17635 1
65 58 17646 0
100 57 17671 1
89 88 17696 0
65 39 17713 1
64 38 17766 1
23 62 17805 0
88 87 17825 0
66 79 17829 0
34 90 17833 0
21 83 17840 0
21 81 17846 0
28 89 17893 0
43 79 17928 1
104 64 17933 1
68 66 17955 0
39 70 17979 1
44 74 17984 1
90 88 18022 0
63 63 18097 0
72 43 18151 1
22 84 18157 0
104 81 18160 1
25 87 18234 0
33 89 18257 0
82 77 18257 1
81 81 18273 1
59 55 18285 0
33 88 18321 0
53 57 18347 0
67 80 18358 0
66 63 18398 0
53 56 18431 0
67 39 18443 1
60 37 18581 1
82 80 18606 1
44 75 18626 1
41 73 18789 1
75 87 18846 0
20 74 18856 0
92 51 18884 1
88 84 18969 0
102 83 18991 1
43 80 19029 1
52 37 19079 1
75 47 19147 1
20 70 19166 0
102 61 19256 1
104 79 19266 1
54 37 19329 1
83 53 19337 1
80 54 19476 1
65 59 19552 0
91 75 19654 0
76 47 19720 1
42 73 19745 1
68 61 19763 0
52 58 19768 0
89 51 19805 1
42 42 19861 1
81 77 19877 1
55 37 19932 1
72 88 19960 0
21 91 20064 0
27 57 20085 0
38 86 20119 0
68 64 20129 0
20 78 20145 0
104 75 20147 1
43 74 20205 1
94 51 20208 1
69 41 20302 1
103 80 20373 1
38 85 20458 0
93 51 20517 1
45 41 20601 1
47 40 20605 1
91 69 20666 0
67 72 20679 0
71 42 20682 1
84 52 20759 1
104 68 20782 1
65 38 20795 1
88 88 20841 0
68 67 20859 0
65 58 20883 0
69 84 20927 0
19 79 20968 0
41 72 21027 1
67 84 21039 0
69 65 21088 0
103 82 21115 1
75 46 21203 1
63 39 21242 1
90 88 21311 0
59 37 21405 1
97 54 21411 1
22 86 21456 0
39 69 21531 1
68 41 21565 1
27 89 21728 0
102 62 21761 1
22 82 21785 0
37 87 21805 0
82 53 21865 1
66 60 21930 0
54 57 22098 0
58 37 22124 1
32 89 22207 0
104 73 22335 1
103 83 22352 1
44 62 22429 0
21 82 22662 0
82 75 22823 1
22 67 22842 0
39 71 23022 1
71 87 23164 0
99 56 23191 1
19 76 23322 0
78 51 23417 1
85 51 23515 1
59 56 23590 0
29 90 23617 0
73 43 23769 1
40 72 23867 1
68 66 23939 0
69 65 23969 0
88 86 24073 0
30 88 24162 0
93 50 24317 1
62 64 24359 0
62 38 24360 1
60 38 24539 1
67 75 24601 0
90 50 24656 1
72 42 24791 1
87 85 24796 0
104 66 24830 1
103 69 24978 1
49 58 24997 0
50 58 25099 0
67 61 25167 0
104 67 25184 1
60 60 25187 0
101 59 25303 1
103 64 25347 1
44 80 25420 1
103 62 25423 1
103 65 25449 1
19 71 25550 0
79 53 25630 1
63 38 25651 1
104 77 25784 1
95 89 25883 0
67 86 25889 0
22 84 25923 0
91 51 25963 1
80 52 25983 1
66 60 26062 0
22 82 26312 0
100 55 26341 1
103 63 26342 1
59 55 26463 0
96 53 26552 1
74 45 26588 1
37 46 26872 1
94 52 26904 1
77 50 27016 1
102 60 27050 1
80 53 27059 1
79 52 27064 1
89 79 27103 0
86 68 27119 0
65 58 27229 0
91 74 27264 0
21 82 27276 0
53 56 27297 0
63 37 27371 1
105 71 27372 1
90 88 27421 0
69 65 27439 0
87 68 27455 0
88 84 27475 0
93 52 27539 1
67 79 27696 0
98 54 27771 1
20 79 27786 0
77 49 27800 1
95 52 27813 1
61 37 27835 1
66 39 27835 1
82 74 27872 1
40 67 27878 1
85 52 27906 1
96 89 27919 0
43 77 27921 1
67 81 27923 0
40 71 27929 1
44 77 27996 1
104 78 28011 1
104 65 28057 1
104 63 28270 1
67 40 28288 1
99 55 28348 1
23 87 28423 0
20 84 28438 0
100 57 28441 1
91 71 28469 0
91 70 28482 0
82 76 28484 1
56 56 28502 0
81 54 28591 1
57 38 28591 1
87 89 28663 0
104 80 28784 1
74 87 28882 0
67 61 28972 0
74 86 28991 0
94 88 29020 0
43 73 29043 1
72 43 29074 1
29 89 29099 0
42 83 29101 1
77 86 29104 0
35 88 29124 0
75 47 29145 1
62 57 29183 0
61 38 29196 1
82 73 29259 1
73 86 29324 0
102 61 29357 1
97 53 29359 1
76 47 29391 1
101 58 29448 1
68 64 29472 0
104 66 29542 1
91 89 29542 0
97 88 29601 0
49 40 29678 1
59 56 29704 0
66 38 29711 1
91 69 29774 0
58 56 29826 0
65 37 29858 1
91 72 29878 0
19 74 29911 0
52 56 29937 0
37 86 29986 0
101 59 29988 1
44 78 30021 1
82 77 30090 1
105 67 30132 1
44 41 30171 1
54 56 30175 0
102 58 30209 1
68 61 30276 0
65 39 30300 1
55 56 30325 0
39 67 30354 1
94 89 30387 0
62 58 30421 0
21 81 30531 0
69 84 30540 0
69 85 30545 0
53 37 30550 1
43 42 30583 1
69 65 30682 0
100 56 30699 1
83 52 30823 1
57 37 30836 1
42 71 30876 1
47 41 30988 1
64 38 31029 1
19 80 31115 0
24 63 31153 0
66 60 31160 0
20 79 31177 0
75 46 31188 1
91 70 31299 0
44 73 31304 1
56 38 31306 1
21 68 31306 0
68 41 31306 1
67 80 31314 0
28 89 31315 0
69 41 31326 1
82 79 31330 1
97 54 31379 1
45 61 31458 0
67 75 31492 0
78 50 31497 1
21 75 31528 0
67 83 31567 0
20 78 31576 0
19 75 31703 0
67 81 31763 0
74 86 31788 0
93 51 31849 1
59 37 31865 1
20 74 31895 0
82 75 31999 1
22 82 32045 0
78 86 32056 0
90 69 32083 0
73 43 32120 1
68 66 32150 0
90 67 32174 0
25 87 32213 0
68 83 32216 0
19 78 32354 0
102 59 32366 1
76 46 32370 1
56 37 32403 1
92 51 32471 1
44 76 32562 1
32 58 32611 0
32 89 32611 0
21 82 32637 0
43 41 32668 1
68 40 32846 1
99 56 32928 1
52 58 32976 0
91 89 33112 0
94 89 33276 0
75 45 33310 1
78 85 33423 0
94 51 33434 1
67 61 33504 0
60 37 33639 1
82 78 33704 1
74 45 33710 1
22 64 33848 0
64 58 33924 0
103 64 34071 1
84 70 34105 0
20 79 34106 0
91 90 34126 0
40 69 34171 1
67 66 34179 0
39 68 34315 1
38 68 34325 1
87 51 34387 1
42 72 34403 1
91 70 34445 0
82 52 34459 1
91 73 34522 0
91 72 34547 0
93 90 34755 0
47 59 34789 0
74 88 34829 0
103 62 34878 1
105 70 34925 1
42 73 34963 1
89 72 35034 0
67 39 35079 1
64 79 35210 0
25 88 35210 0
21 66 35211 0
67 84 35257 0
25 58 35307 0
20 81 35314 0
101 85 35322 1
66 59 35448 0
40 70 35453 1
67 81 35528 0
81 53 35532 1
30 88 35573 0
81 82 35622 1
104 67 35713 1
58 56 35767 0
65 38 35815 1
101 57 35868 1
89 51 36093 1
104 79 36128 1
41 73 36138 1
51 57 36148 0
90 51 36203 1
105 68 36303 1
74 86 36320 0
54 56 36381 0
41 71 36423 1
89 76 36437 0
104 64 36451 1
70 41 36461 1
69 65 36494 0
43 75 36503 1
43 74 36598 1
42 82 36646 1
51 38 36647 1
91 50 36687 1
67 40 36713 1
71 42 36917 1
66 39 36945 1
58 37 36955 1
44 75 37004 1
39 69 37040 1
88 50 37110 1
68 87 37135 0
95 52 37186 1
52 38 37374 1
18 86 37470 0
34 88 37492 0
53 38 37511 1
68 80 37605 0
71 86 37621 0
43 82 37699 1
63 58 37788 0
103 63 37829 1
38 46 37851 1
79 51 37960 1
94 89 37985 0
39 70 37996 1
91 75 38113 0
77 48 38153 1
55 37 38170 1
69 66 38337 0
64 58 38365 0
20 88 38370 0
57 56 38470 0
20 79 38533 0
18 79 38553 0
46 41 38634 1
40 85 38641 0
68 64 38644 0
91 89 38662 0
66 59 38811 0
68 81 38821 0
102 60 38828 1
87 88 38873 0
77 49 38921 1
51 39 38987 1
60 58 39032 0
20 72 39161 0
72 42 39395 1
97 52 39413 1
49 41 39433 1
40 66 39654 1
66 60 39767 0
67 81 39797 0
79 53 39831 1
23 84 39840 0
66 74 39850 0
20 84 39897 0
57 55 39909 0
66 61 39937 0
91 73 39956 0
25 90 40014 0
67 59 40149 0
21 80 40211 0
53 36 40253 1
43 80 40276 1
61 37 40295 1
52 56 40380 0
22 81 40404 0
97 89 40495 0
77 50 40510 1
20 81 40576 0
90 88 40587 0
98 53 40700 1
67 88 40727 0
43 79 40741 1
66 85 40974 0
68 80 40976 0
59 56 41107 0
22 86 41121 0
95 89 41150 0
99 54 41185 1
54 37 41198 1
52 57 41315 0
69 66 41317 0
109 45 41367 1
82 76 41447 1
48 40 41505 1
98 89 41554 0
98 54 41685 1
60 36 41720 1
91 72 41752 0
69 63 41772 0
59 55 41807 0
76 47 41950 1
21 76 41951 0
68 81 41956 0
45 42 41975 1
89 88 42140 0
104 77 42186 1
72 43 42242 1
71 86 42401 0
88 68 42451 0
109 45 42508 0
66 59 42575 0
68 86 42631 0
43 72 42975 1
23 84 43005 0
58 56 43081 0
77 87 43177 0
68 60 43192 0
26 88 43367 0
68 38 43414 1
21 67 43505 0
67 59 43530 0
58 58 43610 0
64 58 43707 0
89 50 43841 1
83 51 44019 1
24 61 44082 0
33 88 44176 0
19 72 44225 0
78 49 44320 1
29 89 44373 0
67 79 44397 0
75 47 44406 1
66 83 44459 0
60 56 44570 0
73 86 44674 0
22 81 44739 0
69 66 44833 0
67 86 44836 0
62 37 44853 1
69 63 44998 0
70 40 45016 1
20 72 45105 0
91 70 45185 0
99 55 45245 1
57 56 45265 0
79 52 45376 1
67 81 45544 0
67 78 45572 0
102 61 45644 1
68 81 45709 0
88 86 45741 0
63 58 45763 0
21 80 45980 0
51 60 46169 0
98 88 46245 0
26 90 46343 0
18 84 46411 0
21 81 46456 0
56 59 46503 0
90 89 46510 0
51 57 46657 0
21 65 46658 0
22 65 46684 0
22 84 46696 0
33 89 46717 0
69 83 46864 0
63 37 46915 1
81 52 46967 1
80 52 47057 1
90 67 47155 0
82 74 47200 1
23 84 47278 0
53 56 47309 0
68 60 47342 0
68 62 47445 0
30 90 47583 0
44 61 47626 0
21 79 47805 0
100 55 47909 1
36 87 47914 0
40 71 48084 1
88 68 48152 0
97 53 48392 1
68 80 48393 0
88 83 48455 0
97 89 48561 0
67 61 48597 0
66 58 48685 0
47 61 48720 0
71 86 48769 0
20 81 48775 0
88 81 48950 0
91 73 48989 0
88 84 48997 0
75 46 49007 1
61 38 49076 1
26 88 49114 0
66 61 49197 0
45 41 49392 1
22 82 49618 0
20 71 49795 0
104 62 49795 1
52 57 50049 0
67 78 50147 0
24 60 50206 0
90 50 50208 1
50 39 50232 1
35 90 50327 0
54 56 50328 0
17 78 50362 0
40 72 50456 1
69 63 50559 0
60 56 50619 0
81 81 50809 1
84 53 50924 1
69 83 50930 0
64 59 51145 0
20 79 51201 0
68 62 51351 0
71 85 51759 0
64 58 51760 0
69 68 51792 0
58 57 51839 0
66 65 51868 0
69 41 51936 1
31 91 52004 0
81 76 52466 1
57 55 52486 0
31 89 52579 0
82 53 52617 1
31 90 52626 0
91 89 52876 0
68 63 52908 0
65 57 53050 0
89 87 53088 0
20 72 53136 0
80 53 53296 1
21 83 53461 0
101 58 53498 1
44 74 53654 1
66 58 53882 0
82 75 54114 1
69 66 54476 0
92 90 54593 0
58 54 54829 0
66 59 54845 0
88 83 54887 0
84 52 55128 1
21 69 55658 0
104 65 55862 1
94 89 56098 0
68 62 56170 0
68 87 56379 0
26 88 56419 0
105 69 56445 1
87 50 56505 1
64 57 56549 0
92 71 56615 0
39 86 56997 0
90 72 57308 0
52 58 57311 0
71 85 57578 0
24 88 57693 0
68 81 57782 0
25 90 58126 0
105 66 58455 1
88 68 58537 0
75 86 58664 0
89 87 58756 0
69 68 58947 0
19 72 58967 0
67 78 59026 0
13 110 59108 1
68 63 59201 0
20 71 59209 0
57 56 59345 0
74 42 59409 1
65 66 59474 0
104 73 59522 1
68 86 59597 0
43 22 60024 0
25 86 60923 0
24 62 61023 0
31 89 61337 0
41 70 61450 1
75 44 61882 1
97 89 61932 0
101 59 61973 1
35 47 62346 1
111 82 62431 1
104 82 62476 1
64 57 62673 0
68 69 62748 0
69 83 62808 0
81 55 62941 1
66 61 63802 0
93 88 63806 0
64 59 63870 0
31 90 63922 0
27 87 64122 0
82 77 64327 1
44 77 64478 1
63 58 64975 0
94 90 65309 0
91 88 65333 0
93 51 65442 1
105 72 65481 1
94 88 65712 0
91 69 65730 0
88 83 65732 0
76 86 65760 0
24 87 65831 0
100 56 65986 1
91 67 65996 0
104 66 66040 1
69 67 66069 0
104 63 66105 1
92 71 66120 0
103 62 66121 1
105 71 66327 1
89 84 66387 0
25 86 66421 0
105 76 66597 1
74 86 66697 0
68 62 66744 0
102 60 66814 1
57 57 66868 0
65 39 66933 1
94 51 66951 1
73 43 66962 1
74 89 67070 0
68 40 67171 1
78 50 67193 1
68 61 67249 0
105 68 67253 1
64 38 67292 1
82 73 67296 1
91 77 67315 0
67 59 67317 0
95 52 67333 1
57 37 67342 1
82 80 67359 1
69 65 67365 0
67 82 67481 0
68 60 67493 0
77 49 67503 1
69 84 67518 0
104 80 67538 1
66 38 67538 1
60 56 67552 0
75 85 67554 0
63 56 67564 0
75 45 67651 1
76 46 67664 1
97 53 67713 1
97 88 67741 0
89 81 67753 0
67 75 67778 0
99 53 67810 1
68 63 67831 0
93 50 67839 1
82 79 67886 1
74 45 67940 1
21 79 67979 0
66 39 67987 1
71 41 68018 1
77 47 68021 1
79 50 68052 1
105 70 68059 1
98 54 68062 1
74 43 68102 1
65 57 68125 0
95 51 68126 1
101 64 68164 1
101 56 68164 1
56 118 68168 1
75 86 68183 0
99 55 68212 1
59 37 68223 1
96 89 68235 0
105 73 68236 1
70 41 68277 1
99 54 68330 1
67 40 68349 1
104 81 68352 1
67 38 68367 1
98 53 68456 1
103 82 68505 1
65 58 68538 0
61 56 68555 0
43 73 68570 1
101 59 68573 1
66 58 68582 0
102 58 68584 1
93 88 68588 0
105 65 68593 1
89 87 68604 0
105 67 68607 1
82 76 68607 1
99 87 68659 0
69 40 68696 1
67 58 68719 0
103 62 68743 1
69 63 68775 0
71 85 68803 0
85 51 68819 1
102 59 68848 1
90 67 68878 0
21 75 68893 0
20 75 68911 0
80 52 68942 1
67 39 68968 1
105 69 68971 1
103 61 68973 1
101 57 69009 1
65 37 69022 1
44 41 69032 1
76 47 69059 1
59 36 69081 1
105 77 69088 1
61 37 69157 1
99 88 69159 0
21 74 69162 0
94 88 69229 0
83 52 69250 1
16 118 69261 1
21 82 69277 0
105 74 69284 1
47 40 69342 1
91 88 69382 0
105 75 69411 1
89 70 69437 0
91 50 69477 1
68 80 69492 0
104 61 69516 1
96 51 69632 1
20 70 69699 0
66 75 69726 0
89 78 69756 0
40 70 69875 1
58 54 69916 0
79 51 69922 1
72 42 69987 1
34 88 70011 0
29 88 70041 0
41 69 70071 1
47 60 70089 0
75 44 70098 1
20 78 70155 0
82 74 70160 1
100 55 70161 1
77 46 70165 1
20 74 70245 0
22 81 70257 0
73 43 70269 1
61 36 70298 1
89 79 70343 0
30 88 70370 0
65 38 70373 1
23 84 70376 0
91 67 70381 0
52 57 70390 0
104 62 70412 1
64 37 70502 1
78 50 70553 1
52 37 70580 1
94 51 70618 1
77 49 70621 1
32 89 70660 0
39 85 70664 0
101 58 70705 1
69 68 70708 0
44 75 70781 1
53 37 70782 1
40 69 70788 1
35 88 70793 0
93 51 70826 1
92 71 70854 0
54 36 70889 1
69 83 70897 0
76 45 70934 1
89 84 70965 0
55 36 70985 1
105 72 71020 1
21 76 71052 0
105 66 71062 1
42 71 71106 1
44 78 71139 1
94 50 71150 1
67 80 71172 0
64 57 71217 0
25 86 71218 0
21 80 71222 0
48 39 71226 1
67 59 71236 0
89 50 71241 1
46 40 71262 1
68 39 71301 1
68 60 71316 0
81 53 71348 1
104 79 71391 1
82 77 71395 1
69 67 71402 0
67 60 71402 0
42 72 71417 1
69 50 71420 1
69 41 71420 1
90 88 71445 0
31 88 71457 0
66 79 71482 0
27 87 71544 0
97 52 71577 1
105 71 71643 1
69 65 71695 0
88 80 71727 0
71 40 71743 1
67 77 71788 0
67 78 71823 0
59 34 71904 1
97 53 71914 1
22 67 71976 0
63 56 71989 0
75 45 72003 1
98 52 72059 1
103 60 72089 1
58 56 72142 0
65 78 72146 0
40 71 72153 1
68 74 72234 0
70 63 72316 0
78 48 72358 1
66 76 72391 0
21 73 72415 0
58 37 72454 1
90 50 72471 1
31 89 72483 0
66 37 72531 1
26 88 72534 0
72 43 72560 1
64 87 72604 0
68 61 72644 0
68 82 72735 0
43 81 72759 1
50 38 72827 1
67 79 72842 0
76 86 72847 0
69 63 72848 0
67 81 72900 0
43 74 72911 1
82 75 72913 1
68 81 72926 0
43 72 72936 1
25 87 72981 0
93 88 72991 0
56 38 73017 1
75 85 73021 0
39 69 73036 1
66 58 73152 0
20 71 73247 0
76 46 73265 1
49 39 73286 1
77 48 73328 1
44 61 73352 0
20 69 73371 0
93 50 73414 1
59 37 73442 1
22 82 73443 0
21 75 73471 0
60 37 73503 1
105 68 73518 1
32 90 73552 0
59 55 73559 0
78 49 73611 1
100 54 73648 1
44 72 73651 1
82 52 73725 1
24 63 73737 0
22 81 73751 0
33 88 73793 0
21 69 73797 0
28 89 73801 0
21 68 73827 0
21 81 73936 0
45 77 73981 1
21 74 74003 0
26 86 74014 0
101 55 74037 1
67 58 74091 0
65 59 74101 0
20 86 74122 0
67 39 74201 1
90 67 74212 0
87 86 74241 0
21 79 74308 0
91 88 74319 0
39 44 74322 1
71 41 74322 1
64 56 74337 0
89 81 74343 0
104 63 74359 1
20 75 74394 0
66 39 74481 1
29 88 74516 0
66 81 74524 0
22 88 74539 0
99 54 74611 1
69 40 74616 1
73 87 74624 0
80 52 74633 1
22 49 74639 0
70 41 74691 1
57 37 74703 1
44 73 74786 1
41 71 74817 1
80 51 74838 1
94 89 74869 0
61 37 74891 1
65 57 74891 0
88 87 74908 0
20 82 74933 0
52 56 74942 0
16 87 74943 0
90 77 74944 0
95 52 74951 1
37 86 74961 0
27 89 75024 0
98 53 75056 1
56 36 75066 1
77 47 75083 1
69 66 75114 0
93 92 75131 0
61 56 75139 0
105 70 75182 1
81 52 75295 1
90 73 75368 0
40 67 75391 1
33 89 75402 0
85 87 75409 0
26 56 75424 0
55 56 75432 0
85 52 75470 1
94 88 75484 0
105 69 75495 1
22 39 75536 0
74 86 75568 0
30 88 75582 0
64 63 75587 0
43 41 75635 1
86 68 75647 0
96 90 75725 0
38 85 75771 0
24 86 75779 1
21 84 75935 0
68 69 75961 0
64 76 76058 0
73 86 76142 0
87 68 76145 0
60 72 76160 0
20 72 76225 0
28 88 76248 0
31 88 76272 0
31 87 76283 0
25 86 76340 0
63 37 76350 1
42 73 76351 1
92 75 76440 0
69 67 76602 0
67 60 76630 0
29 89 76638 0
23 86 76667 0
77 50 76713 1
91 67 76834 0
79 50 76872 1
56 58 76901 0
53 56 76925 0
38 45 76930 1
55 37 76966 1
49 40 76986 1
95 51 76998 1
21 76 76999 0
24 62 77105 0
27 87 77170 0
103 62 77209 1
68 80 77239 0
57 54 77264 0
95 89 77272 0
45 41 77345 1
82 80 77371 1
71 85 77414 0
43 71 77494 1
21 73 77533 0
40 68 77628 1
73 43 77743 1
26 86 77759 0
45 75 77780 1
69 61 77785 0
97 88 77796 0
24 87 77802 0
102 58 77880 1
71 86 78046 0
105 67 78063 1
67 77 78082 0
41 70 78201 1
70 86 78229 0
62 36 78298 1
63 56 78319 0
64 56 78502 0
58 57 78515 0
76 44 78542 1
20 67 78548 0
68 82 78548 0
26 87 78582 0
94 51 78586 1
84 51 78675 1
92 70 78774 0
67 82 78790 0
82 76 78847 1
20 84 78857 0
20 89 78891 0
90 76 78979 0
31 90 79020 0
92 73 79048 0
60 55 79070 0
54 37 79100 1
43 73 79142 1
98 88 79175 0
40 70 79182 1
72 41 79213 1
86 83 79287 0
99 53 79296 1
65 37 79361 1
21 80 79372 0
76 85 79383 0
91 69 79431 0
56 56 79436 0
25 60 79558 0
20 81 79561 0
97 54 79568 1
74 43 79612 1
105 73 79640 1
89 84 79758 0
101 50 79766 1
101 57 79766 1
99 55 79767 1
87 50 79778 1
104 62 79803 1
102 60 79844 1
66 38 79916 1
69 60 79995 0
68 62 80063 0
78 85 80110 0
102 59 80135 1
93 88 80137 0
60 36 80164 1
105 72 80201 1
76 86 80266 0
105 71 80302 1
105 53 80305 1
105 76 80305 1
94 90 80313 0
89 66 80316 0
105 68 80330 1
91 75 80376 0
91 49 80378 1
103 61 80404 1
75 86 80412 0
68 66 80446 0
70 63 80489 0
100 55 80515 1
77 49 80549 1
105 65 80552 1
82 81 80575 1
92 49 80767 1
70 40 80811 1
67 59 80832 0
42 42 80836 1
105 78 80856 1
82 79 80860 1
67 38 80882 1
72 42 80888 1
20 75 80911 0
69 61 80926 0
105 75 80987 1
75 44 81065 1
68 60 81098 0
45 76 81098 1
79 51 81132 1
91 50 81171 1
92 71 81187 0
21 74 81241 0
94 91 81321 0
93 71 81325 0
105 66 81333 1
89 87 81374 0
75 45 81407 1
69 83 81464 0
101 56 81495 1
45 74 81569 1
91 74 81682 0
91 88 81816 0
94 50 81819 1
44 77 81819 1
63 36 81822 1
44 74 81898 1
91 67 81930 0
45 73 81978 1
68 38 81999 1
75 85 82004 0
91 86 82022 0
102 57 82027 1
68 74 82042 0
28 88 82062 0
92 70 82064 0
68 70 82071 0
102 83 82082 1
93 50 82147 1
88 83 82171 0
52 55 82186 0
69 39 82215 1
105 74 82269 1
78 47 82283 1
40 69 82361 1
94 88 82376 0
44 75 82397 1
44 71 82400 1
67 58 82431 0
51 57 82467 0
42 71 82481 1
85 45 82552 1
99 54 82627 1
29 88 82666 0
93 89 82691 0
69 81 82717 0
105 69 82739 1
67 40 82772 1
26 86 82786 0
90 67 82827 0
70 84 82832 0
66 58 82840 0
58 54 82970 0
23 84 82985 0
102 58 82988 1
45 60 82997 0
76 45 83002 1
69 63 83057 0
76 46 83124 1
117 35 83132 1
38 86 83147 0
42 72 83180 1
22 85 83220 0
103 60 83267 1
96 51 83277 1
71 41 83282 1
92 73 83286 0
69 40 83289 1
75 43 83330 1
57 55 83419 0
54 56 83427 0
58 36 83437 1
89 81 83438 0
59 36 83447 1
76 85 83498 0
68 75 83504 0
91 68 83509 0
105 64 83511 1
67 60 83529 0
69 61 83532 0
48 60 83556 0
21 75 83567 0
105 70 83588 1
93 87 83628 0
80 52 83682 1
73 43 83686 1
19 73 83700 0
95 51 83709 1
102 84 83780 1
89 50 83811 1
42 70 83838 1
77 47 83839 1
31 88 83869 0
64 56 83896 0
47 40 83954 1
104 80 84018 1
70 63 84053 0
44 41 84057 1
34 88 84060 0
56 37 84111 1
90 50 84113 1
97 52 84115 1
43 72 84158 1
60 55 84184 0
26 87 84206 0
61 56 84222 0
105 77 84282 1
68 39 84284 1
74 42 84343 1
69 68 84357 0
67 75 84376 0
98 53 84446 1
66 37 84449 1
79 50 84469 1
41 69 84533 1
67 39 84548 1
53 37 84550 1
85 51 84591 1
43 79 84615 1
103 83 84729 1
72 41 84729 1
106 68 84734 1
48 59 84789 0
59 37 84804 1
89 80 84815 0
65 38 84831 1
83 72 84866 1
65 34 84967 1
105 67 85004 1
108 97 85130 1
92 70 85164 0
69 60 85196 0
40 71 85232 1
94 51 85232 1
44 80 85237 1
83 76 85243 1
97 51 85266 1
83 52 85284 1
83 75 85313 1
61 37 85352 1
69 81 85410 0
36 47 85464 1
78 48 85508 1
65 37 85508 1
51 37 85565 1
104 81 85565 1
67 77 85569 0
53 38 85599 1
99 53 85619 1
104 62 85624 1
70 40 85632 1
52 38 85719 1
77 46 85724 1
68 82 85734 0
21 73 85740 0
105 72 85741 1
22 81 85776 0
60 36 85779 1
88 50 85852 1
77 44 85881 1
100 54 85884 1
66 78 85911 0
44 81 86043 1
53 36 86056 1
104 61 86068 1
1 19 86146 1
43 80 86170 1
64 38 86191 1
111 39 86252 1
98 52 86279 1
21 2 86304 1
44 78 86366 1
80 51 86400 1
92 19 86443 1
32 89 86506 0
37 87 86527 0
105 71 86551 1
77 85 86591 0
95 50 86600 1
94 49 86680 1
110 28 86731 1
80 50 86866 1
105 68 86952 1
91 68 86984 0
41 64 87018 1
21 79 87018 0
88 85 87038 0
2 1 87048 1
83 71 87065 1
70 84 87104 0
55 36 87185 1
77 45 87213 1
105 65 87381 1
21 76 87426 0
105 73 87427 1
54 44 87492 1
54 36 87493 1
84 52 87557 1
97 53 87597 1
103 59 87628 1
75 45 87717 1
97 56 87798 1
50 39 87839 1
105 79 87839 1
29 86 87922 0
27 85 88022 0
46 40 88092 1
25 84 88094 0
28 88 88117 0
61 36 88198 1
67 78 88256 0
79 84 88277 0
57 37 88277 1
63 54 88278 0
105 66 88289 1
78 49 88293 1
83 77 88319 1
73 42 88327 1
81 52 88328 1
51 38 88367 1
93 88 88389 0
30 88 88529 0
21 74 88533 0
101 55 88548 1
45 79 88550 1
105 63 88591 1
74 43 88614 1
62 36 88650 1
69 67 88715 0
74 80 88802 1
104 63 88963 1
25 86 89016 0
33 88 89027 0
34 89 89029 0
13 85 89143 0
26 86 89171 0
40 70 89187 1
104 66 89294 1
22 82 89301 0
68 75 89329 0
90 68 89418 0
56 36 89449 1
57 54 89459 0
67 64 89572 0
69 81 89641 0
69 61 89774 0
26 87 89868 0
57 36 89877 1
90 77 89952 0
64 59 90022 0
62 55 90063 0
69 65 90067 0
100 87 90128 0
76 85 90302 0
92 73 90310 0
67 37 90360 1
41 65 90405 1
41 68 90408 1
91 68 90549 0
43 42 90657 1
31 87 90677 0
36 87 90698 0
27 88 90723 0
25 84 90764 0
40 68 90789 1
89 84 90895 0
44 73 90942 1
39 17 91011 1
68 38 91027 1
68 80 91088 0
27 87 91354 0
69 86 91383 0
21 69 91472 0
105 75 91720 1
40 67 91732 1
71 40 91818 1
77 85 91876 0
105 76 91949 1
89 80 92023 0
27 91 92035 0
91 67 92119 0
69 40 92180 1
93 89 92203 0
89 79 92223 0
92 70 92369 0
70 84 92553 0
40 69 92660 1
108 112 92669 1
67 38 92807 1
40 66 92956 1
81 81 93048 1
41 70 93117 1
98 87 93118 0
78 50 93137 1
93 70 93229 0
20 75 93265 0
45 76 93320 1
43 70 93347 1
44 75 93446 1
92 74 93487 0
88 66 93618 0
45 40 93974 1
89 67 94003 0
45 41 94040 1
65 57 94113 0
49 58 94141 0
40 44 94222 1
62 55 94283 0
75 85 94289 0
97 88 94355 0
91 86 94383 0
68 81 94446 0
20 79 94502 0
36 64 94539 1
99 87 94661 0
71 41 94680 1
27 56 94719 0
91 68 94721 0
23 62 94821 0
22 66 94879 0
70 63 94928 0
25 84 95003 0
68 85 95020 0
60 55 95030 0
68 70 95036 0
63 56 95128 0
94 50 95142 1
21 75 95156 0
70 85 95205 0
28 92 95331 0
21 80 95429 0
43 73 95462 1
91 76 95475 0
92 92 95490 0
68 60 95561 0
82 52 95600 1
21 77 95613 0
67 58 95624 0
89 69 95658 0
96 51 95696 1
48 39 95894 1
101 56 95907 1
73 43 95955 1
31 89 96063 0
89 66 96120 0
73 85 96161 0
89 90 96198 0
90 68 96654 0
77 47 96679 1
88 85 96773 0
87 87 96777 0
105 69 96966 1
68 58 96980 0
70 66 96988 0
29 88 97222 0
69 84 97275 0
68 68 97338 0
22 90 97379 0
20 74 97431 0
64 56 97456 0
24 61 97505 0
76 86 97649 0
66 62 97672 0
31 88 97708 0
28 88 97796 0
27 86 97801 0
87 71 97832 0
76 45 97841 1
59 55 97853 0
123 26 97988 1
47 59 98031 0
66 64 98092 0
26 87 98251 0
69 72 98359 0
77 85 98446 0
103 60 98517 1
90 90 98522 0
77 42 98678 1
67 72 98806 0
93 50 98845 1
77 86 98870 0
62 55 98870 0
27 58 98883 0
102 57 98958 1
18 82 98968 0
27 88 98988 0
46 61 99046 0
76 44 99177 1
102 58 99190 1
89 67 99273 0
21 77 99292 0
90 49 99318 1
69 87 99341 0
67 82 99357 0
16 83 99395 0
64 77 99428 0
92 74 99439 0
18 81 99457 0
67 59 99472 0
22 85 99521 0
27 57 99574 0
21 78 99725 0
70 66 99874 0
90 67 99918 0
21 76 99988 0
42 71 100040 1
44 72 100089 1
64 81 100139 0
72 86 100147 0
90 86 100223 0
92 75 100240 0
72 41 100256 1
66 78 100336 0
103 82 100481 1
102 56 100548 1
49 38 100578 1
73 85 100654 0
103 62 100701 1
43 71 101053 1
68 58 101253 0
20 80 101382 0
73 41 101404 1
55 55 101442 0
62 61 101456 0
99 54 101546 1
68 82 101835 0
69 81 101921 0
27 86 101985 0
95 51 102319 1
57 56 102383 0
70 85 102462 0
52 37 102624 1
83 78 102629 1
40 43 102708 1
34 89 102988 0
35 89 103153 0
22 63 103343 0
87 82 103633 0
70 66 103684 0
59 57 103753 0
82 79 104097 1
43 72 104210 1
90 86 104442 0
21 78 104530 0
21 77 104561 0
25 85 104708 0
71 84 104946 0
60 54 104974 0
87 50 104975 1
99 52 105125 1
45 75 105133 1
94 88 105191 0
90 68 105302 0
93 71 105302 0
24 87 105327 0
32 88 105377 0
100 53 105437 1
79 50 105475 1
82 80 105613 1
104 62 105724 1
80 52 105854 1
61 55 105894 0
49 39 105919 1
105 70 105990 1
63 36 106043 1
45 61 106091 0
89 81 106317 0
110 28 106331 0
70 40 106344 1
88 67 106673 0
44 74 106740 1
30 87 106750 0
101 54 106772 1
99 53 106812 1
91 67 106890 0
104 60 106906 1
69 39 106907 1
83 74 106962 1
24 85 106963 0
98 87 106995 0
91 76 107119 0
75 43 107148 1
69 60 107162 0
93 87 107214 0
105 64 107290 1
89 85 107332 0
91 68 107369 0
80 51 107395 1
89 49 107421 1
86 50 107438 1
70 84 107563 0
105 72 107829 1
73 85 107842 0
100 86 107875 0
63 54 108038 0
2 38 108039 0
89 67 108100 0
100 54 108114 1
59 36 108159 1
24 92 108169 0
95 87 108172 0
89 89 108214 0
98 52 108215 1
89 80 108297 0
66 37 108313 1
104 61 108377 1
69 61 108439 0
105 66 108465 1
70 63 108508 0
20 78 108536 0
66 68 108590 0
96 50 108634 1
78 48 108681 1
105 71 108694 1
53 55 108716 0
74 42 108768 1
105 78 108819 1
70 66 108832 0
101 53 108857 1
60 36 108858 1
68 57 108867 0
68 74 108893 0
105 65 108974 1
27 85 109118 0
90 86 109148 0
71 84 109160 0
25 84 109215 0
83 76 109251 1
92 68 109328 0
76 85 109331 0
68 75 109332 0
93 70 109403 0
35 88 109432 0
52 56 109435 0
25 85 109486 0
89 84 109500 0
21 73 109548 0
93 88 109583 0
77 46 109691 1
62 55 109703 0
91 77 109714 0
81 51 109758 1
65 37 109761 1
44 77 109762 1
29 86 109821 0
83 75 109974 1
89 50 110053 1
71 85 110083 0
22 81 110180 0
52 55 110185 0
105 74 110194 1
42 69 110243 1
30 91 110311 0
64 55 110313 0
75 44 110315 1
91 86 110381 0
78 47 110418 1
21 74 110439 0
78 85 110480 0
69 38 110505 1
58 36 110553 1
61 35 110588 1
64 36 110620 1
22 67 110628 0
68 58 110640 0
102 58 110655 1
69 72 110660 0
79 49 110708 1
30 87 110718 0
92 49 110758 1
94 50 110767 1
24 63 110778 0
70 83 110825 0
32 88 110833 0
55 55 110871 0
60 54 110880 0
75 85 110882 0
27 86 110990 0
48 58 111017 0
22 66 111107 0
103 58 111271 1
105 77 111291 1
42 70 111370 1
106 69 111390 1
95 50 111459 1
21 78 111494 0
105 67 111551 1
103 59 111620 1
96 51 111674 1
21 75 111708 0
75 42 111709 1
61 37 111720 1
92 68 111781 0
90 72 111861 0
24 62 111886 0
26 86 111896 0
21 81 111923 0
89 85 111995 0
68 38 112011 1
72 86 112146 0
34 88 112178 0
61 55 112229 0
57 35 112237 1
77 85 112255 0
54 37 112294 1
29 91 112308 0
69 40 112348 1
93 50 112437 1
81 52 112438 1
56 35 112479 1
58 54 112491 0
83 73 112491 1
104 82 112531 1
91 49 112645 1
21 68 112657 0
23 83 112737 0
69 70 112765 0
71 40 112769 1
67 58 112811 0
105 75 112816 1
92 70 112836 0
26 89 112889 0
68 78 112925 0
20 80 113005 0
20 76 113120 0
65 36 113154 1
105 73 113193 1
69 62 113199 1
41 69 113216 1
72 41 113250 1
85 51 113257 1
92 73 113335 0
71 84 113402 0
84 51 113403 1
77 47 113404 1
106 73 113430 1
70 39 113598 1
20 77 113674 0
24 84 113818 0
62 36 113829 1
31 87 113829 0
67 36 113901 1
64 55 113962 0
89 83 114081 0
66 88 114121 0
92 88 114131 0
25 85 114173 0
42 41 114279 1
41 67 114283 1
45 74 114363 1
33 88 114402 0
68 37 114410 1
24 65 114508 0
47 40 114595 1
76 44 114872 1
22 83 114896 0
83 51 114907 1
71 41 114939 1
105 68 114939 1
21 79 114987 0
27 88 115042 0
79 48 115104 1
105 76 115144 1
45 77 115237 1
102 54 115271 1
63 36 115279 1
32 88 115283 0
61 36 115309 1
69 39 115309 1
83 77 115341 1
70 83 115346 0
101 55 115398 1
83 52 115482 1
44 71 115483 1
70 40 115544 1
79 50 115605 1
95 51 115626 1
74 41 115996 1
104 62 115999 1
47 39 116000 1
22 70 116058 0
92 68 116070 0
70 85 116318 0
97 51 116461 1
88 67 116529 0
93 49 116585 1
44 41 117001 1
102 57 117039 1
106 68 117079 1
43 41 117233 1
23 82 117260 0
68 78 117282 0
69 60 117479 0
46 76 117515 1
21 72 117534 0
77 49 117678 1
61 54 117692 0
76 84 117714 0
24 85 117809 0
55 36 117845 1
89 86 117898 0
72 84 117977 0
69 83 118028 0
21 77 118059 0
89 85 118068 0
106 70 118086 1
80 50 118121 1
91 72 118329 0
67 38 118345 1
105 63 118354 1
56 36 118384 1
95 90 118414 0
93 89 118572 0
106 67 118595 1
90 86 118624 0
100 53 118628 1
89 83 118669 0
13 85 118704 0
105 64 118726 1
99 53 118963 1
25 84 119001 0
105 61 119006 1
104 61 119022 1
69 69 119031 0
102 56 119111 1
56 54 119122 0
30 87 119185 0
83 72 119233 1
93 71 119276 0
23 64 119374 0
83 75 119379 1
93 87 119407 0
77 45 119504 1
104 60 119629 1
25 92 119656 0
70 66 119722 0
103 59 119761 1
92 74 119762 0
88 85 119775 0
49 59 119787 0
95 87 119798 0
75 43 119857 1
93 70 119874 0
100 52 119887 1
95 50 119889 1
24 84 119895 0
26 91 119899 0
105 65 119914 1
88 66 119923 0
89 66 119983 0
101 56 120020 1
53 56 120066 0
78 48 120076 1
82 51 120077 1
69 81 120077 0
74 42 120083 1
60 57 120107 0
70 63 120126 0
23 83 120128 0
82 52 120135 1
102 58 120148 1
94 88 120234 0
106 64 120249 1
77 46 120256 1
88 50 120265 1
73 85 120274 0
91 86 120307 0
68 79 120319 0
98 51 120339 1
60 54 120355 0
67 75 120373 0
71 84 120377 0
105 79 120381 1
99 52 120385 1
32 88 120388 0
90 49 120404 1
72 40 120435 1
80 49 120439 1
64 70 120444 0
64 55 120445 0
91 67 120464 0
83 79 120475 1
68 57 120527 0
63 54 120536 0
89 81 120542 0
96 51 120554 1
28 86 120559 0
94 50 120562 1
94 49 120583 1
76 45 120598 1
70 83 120631 0
73 41 120686 1
81 50 120691 1
66 37 120731 1
97 87 120757 0
67 37 120764 1
96 50 120800 1
100 54 120838 1
105 66 120853 1
104 59 120900 1
69 70 120910 0
92 88 120910 0
68 69 121028 0
105 78 121092 1
103 58 121118 1
45 73 121142 1
65 37 121168 1
98 87 121170 0
68 58 121171 0
92 68 121177 0
103 57 121189 1
67 77 121192 0
88 84 121229 0
41 70 121237 1
105 62 121283 1
45 72 121302 1
106 66 121323 1
83 76 121343 1
57 54 121352 0
26 84 121360 0
91 88 121371 0
98 90 121416 0
60 36 121418 1
75 44 121422 1
67 78 121423 0
104 61 121485 1
91 49 121503 1
87 50 121550 1
105 77 121599 1
68 78 121622 0
106 74 121652 1
72 41 121669 1
71 40 121678 1
30 88 121681 0
101 54 121705 1
72 84 121717 0
68 38 121734 1
83 75 121820 1
57 55 121848 0
76 85 121863 0
44 75 121871 1
69 61 121879 0
76 44 121970 1
69 39 122060 1
42 71 122064 1
102 56 122092 1
23 82 122093 0
21 67 122102 0
83 78 122105 1
27 85 122130 0
69 76 122135 0
54 36 122151 1
78 48 122151 1
104 81 122152 1
95 50 122163 1
66 36 122223 1
68 75 122264 0
71 38 122284 1
80 50 122289 1
103 59 122289 1
93 71 122295 0
43 72 122336 1
44 70 122346 1
46 40 122353 1
100 53 122368 1
61 55 122373 0
29 86 122378 0
101 55 122383 1
70 40 122443 1
61 54 122444 0
81 51 122457 1
59 36 122458 1
69 59 122493 0
89 83 122497 0
92 48 122572 1
53 54 122600 0
53 37 122600 1
92 49 122617 1
21 76 122643 0
69 60 122663 0
44 72 122668 1
105 64 122670 1
40 50 122674 1
40 67 122674 1
43 40 122689 1
97 51 122697 1
60 35 122753 1
39 85 122792 0
62 36 122805 1
85 69 122813 0
44 78 122813 1
105 72 122818 1
53 55 122826 0
47 58 122826 0
37 86 122843 0
40 70 122843 1
78 47 122846 1
69 38 122871 1
106 72 122894 1
99 87 122911 0
70 39 122915 1
21 72 122980 0
91 48 123001 1
77 45 123010 1
93 87 123016 0
21 74 123024 0
41 68 123031 1
85 50 123050 1
79 50 123050 1
68 57 123058 0
63 36 123163 1
83 74 123169 1
106 71 123205 1
75 85 123218 0
93 70 123222 0
80 51 123269 1
21 75 123277 0
99 53 123307 1
83 73 123321 1
69 82 123358 0
73 40 123358 1
44 73 123402 1
27 86 123404 0
23 79 123416 0
103 56 123460 1
106 73 123483 1
95 87 123507 0
76 84 123507 0
106 68 123510 1
59 35 123534 1
63 54 123559 0
36 87 123600 0
30 55 123614 0
40 84 123631 0
93 49 123649 1
83 71 123691 1
104 60 123713 1
71 40 123720 1
77 44 123774 1
41 66 123793 1
43 71 123798 1
53 36 123799 1
70 63 123811 0
106 67 123826 1
69 72 123827 0
28 86 123854 0
25 60 123864 0
68 74 123866 0
21 73 123934 0
75 43 123950 1
31 87 123975 0
45 76 123990 1
43 70 123991 1
83 77 123991 1
92 75 124009 0
43 69 124028 1
62 55 124029 0
77 46 124035 1
22 70 124050 0
38 85 124062 0
90 77 124088 0
21 78 124089 0
13 92 124109 0
46 74 124117 1
60 55 124119 0
55 55 124128 0
22 65 124209 0
20 76 124236 0
56 54 124252 0
41 69 124254 1
68 58 124274 0
96 50 124329 1
26 84 124336 0
45 75 124340 1
41 84 124343 0
50 38 124359 1
97 89 124374 0
25 85 124423 0
97 87 124454 0
99 52 124546 1
45 40 124549 1
30 87 124572 0
106 70 124575 1
65 36 124578 1
73 41 124631 1
68 73 124641 0
83 38 124685 1
83 72 124685 1
74 42 124729 1
69 59 124751 0
64 55 124801 0
90 49 124813 1
46 72 124906 1
26 59 124916 0
32 88 124924 0
74 87 124930 0
25 84 124970 0
64 36 124973 1
105 75 124976 1
20 77 124982 0
88 79 124986 0
69 39 125009 1
83 52 125014 1
60 59 125089 0
42 69 125094 1
91 86 125136 0
83 75 125153 1
72 40 125162 1
89 86 125200 0
31 88 125212 0
79 84 125214 0
94 49 125233 1
104 61 125250 1
89 82 125264 0
88 49 125305 1
101 59 125336 1
102 57 125337 1
22 83 125342 0
46 73 125359 1
44 71 125386 1
106 77 125387 1
68 79 125439 0
66 37 125511 1
72 84 125560 0
95 50 125579 1
86 50 125604 1
82 52 125606 1
79 48 125608 1
105 63 125621 1
94 50 125627 1
76 44 125641 1
44 75 125653 1
100 52 125666 1
48 39 125719 1
103 58 125722 1
76 42 125738 1
89 66 125757 0
77 43 125786 1
21 69 125792 0
60 36 125871 1
75 39 125885 1
69 69 125913 0
27 87 125947 0
65 37 125954 1
89 85 125957 0
64 57 125961 0
74 86 125969 0
23 82 126019 0
80 49 126057 1
57 35 126061 1
91 49 126078 1
27 85 126088 0
67 37 126103 1
74 41 126150 1
66 73 126179 0
22 78 126190 0
85 51 126192 1
68 37 126204 1
63 57 126256 0
52 36 126291 1
29 86 126345 0
78 48 126351 1
71 65 126400 0
81 52 126460 1
41 70 126461 1
67 74 126493 0
96 51 126494 1
24 84 126610 0
43 72 126649 1
89 84 126679 0
19 57 126706 0
52 55 126717 0
105 80 126765 1
49 39 126795 1
105 71 126807 1
80 50 126813 1
59 37 126817 1
46 39 126853 1
72 41 126864 1
26 57 126871 0
70 83 126911 0
89 68 126945 0
71 40 126959 1
69 59 126988 0
83 51 126988 1
62 35 127051 1
70 66 127100 0
45 80 127122 1
42 70 127138 1
100 86 127195 0
81 50 127205 1
68 78 127207 0
28 86 127249 0
77 85 127283 0
63 35 127313 1
21 89 127339 0
26 84 127379 0
83 76 127381 1
47 60 127419 0
90 86 127450 0
100 53 127479 1
106 65 127500 1
106 75 127549 1
71 39 127563 1
60 54 127572 0
70 39 127612 1
24 82 127645 0
91 78 127649 0
61 54 127693 0
106 66 127800 1
22 81 127812 0
69 63 127812 0
91 76 127860 0
69 64 127917 0
68 63 128039 0
63 36 128105 1
103 59 128125 1
62 36 128238 1
41 68 128257 1
106 69 128274 1
21 72 128278 0
70 67 128308 0
98 51 128309 1
89 49 128326 1
37 87 128363 0
83 79 128371 1
89 83 128428 0
67 86 128484 0
101 53 128503 1
82 80 128526 1
92 68 128530 0
82 50 128749 1
23 79 128808 0
95 88 128858 0
70 81 128862 0
99 51 128968 1
69 82 129021 0
97 51 129026 1
65 35 129038 1
55 36 129088 1
101 54 129099 1
67 70 129146 0
68 77 129170 0
61 35 129173 1
24 64 129196 0
82 51 129304 1
92 87 129342 0
81 51 129389 1
22 78 129392 0
106 76 129404 1
58 35 129413 1
64 58 129418 0
98 87 129453 0
43 79 129462 1
106 64 129465 1
23 78 129491 0
59 53 129530 0
42 71 129548 1
104 62 129584 1
56 54 129585 0
95 49 129598 1
105 78 129604 1
68 57 129641 0
69 76 129647 0
89 82 129678 0
48 58 129698 0
71 84 129706 0
92 49 129726 1
87 50 129746 1
22 70 129760 0
77 45 129855 1
47 39 129946 1
44 80 129969 1
45 72 129975 1
78 46 129979 1
70 40 129981 1
103 57 130058 1
76 84 130068 0
21 74 130186 0
35 48 130188 1
93 86 130214 0
30 87 130257 0
69 59 130274 0
90 34 130496 1
79 49 130506 1
67 58 130608 0
68 38 130617 1
78 45 130673 1
40 85 130677 0
21 76 130680 0
67 71 130691 0
61 56 130717 0
23 90 130748 0
41 67 130758 1
97 50 130758 1
102 56 130813 1
102 58 130816 1
23 82 130870 0
104 59 130970 1
77 84 130985 0
84 75 131111 1
24 82 131130 0
20 80 131254 0
45 73 131320 1
93 70 131363 0
68 84 131378 0
67 60 131414 0
46 60 131416 0
25 58 131474 0
23 83 131482 0
105 62 131495 1
89 80 131510 0
92 88 131554 0
75 43 131573 1
59 36 131582 1
113 17 131590 1
47 40 131608 1
106 68 131614 1
104 60 131836 1
68 72 131847 0
70 81 131853 0
105 65 131854 1
105 61 131899 1
23 64 132083 0
39 44 132089 1
97 87 132133 0
72 85 132173 0
52 37 132244 1
70 67 132306 0
44 72 132315 1
28 86 132342 0
64 34 132352 1
68 79 132462 0
102 54 132617 1
68 73 132637 0
56 36 132672 1
54 36 132740 1
32 88 132815 0
75 41 132950 1
41 42 132977 1
92 87 132983 0
45 41 133085 1
66 57 133220 0
26 82 133252 0
67 81 133343 0
38 87 133346 0
69 38 133521 1
22 78 133522 0
22 80 133537 0
98 86 133641 0
73 41 133747 1
83 78 133927 1
21 70 133965 0
106 74 133984 1
75 42 133984 1
73 39 133986 1
66 36 134014 1
79 47 134033 1
41 65 134084 1
78 47 134170 1
95 88 134188 0
68 77 134263 0
84 51 134322 1
106 72 134362 1
106 67 134384 1
105 77 134421 1
22 66 134495 0
72 84 134504 0
102 55 134514 1
119 56 134543 1
95 87 134582 0
72 40 134591 1
45 78 134613 1
65 36 134738 1
60 35 134747 1
56 35 134762 1
105 79 134872 1
79 46 134907 1
69 39 134933 1
31 87 134946 0
41 69 134957 1
36 46 135008 1
63 54 135013 0
59 53 135109 0
93 49 135126 1
21 82 135131 0
21 66 135131 0
100 87 135154 0
47 59 135178 0
88 66 135199 0
71 65 135245 0
17 81 135245 0
106 73 135293 1
51 38 135303 1
46 75 135314 1
59 56 135397 0
63 53 135458 0
77 84 135486 0
95 50 135498 1
21 77 135543 0
64 55 135553 0
76 85 135634 0
70 81 135837 0
96 50 135886 1
90 84 135906 0
24 82 136031 0
89 47 136064 1
22 79 136067 0
82 79 136083 1
43 70 136155 1
101 52 136175 1
97 88 136222 0
68 58 136253 0
29 86 136306 0
106 71 136337 1
90 48 136339 1
67 36 136393 1
40 67 136505 1
71 40 136542 1
69 37 136583 1
55 35 136627 1
105 60 136696 1
70 67 136750 0
99 52 136760 1
94 49 136853 1
69 70 136878 0
90 85 136882 0
41 64 136886 1
83 77 136911 1
45 76 136985 1
26 84 137039 0
83 75 137053 1
22 67 137054 0
53 55 137061 0
18 87 137066 0
13 76 137135 0
93 87 137141 0
106 70 137158 1
105 64 137202 1
92 87 137214 0
93 71 137229 0
69 59 137258 0
68 67 137314 0
69 82 137336 0
42 69 137340 1
72 86 137390 0
54 55 137544 0
67 80 137568 0
69 60 137574 0
106 49 137729 1
87 80 137747 0
44 70 137762 1
88 69 137795 0
69 69 137800 0
29 56 137900 0
52 33 137933 1
32 87 137979 0
52 38 137986 1
88 67 138035 0
62 54 138056 0
50 57 138111 0
34 88 138146 0
24 64 138153 0
19 86 138158 0
22 80 138200 0
22 87 138208 0
65 70 138271 0
13 85 138310 0
66 57 138329 0
20 71 138357 0
45 60 138363 0
25 81 138370 0
25 84 138370 0
57 54 138391 0
71 64 138469 0
42 68 138473 1
66 67 138493 0
61 57 138528 0
19 83 138549 0
85 68 138578 0
89 86 138642 0
68 37 138686 1
59 35 138688 1
68 75 138816 0
74 42 138877 1
25 57 138905 0
77 44 138954 1
21 73 138990 0
33 88 139022 0
21 72 139029 0
72 85 139068 0
48 57 139140 0
90 84 139212 0
22 79 139238 0
92 71 139281 0
98 88 139288 0
45 39 139308 1
69 64 139381 0
75 87 139398 0
60 36 139456 1
36 89 139709 0
55 54 139742 0
68 77 139757 0
90 49 139776 1
95 88 139799 0
70 80 139845 0
24 65 140128 0
103 58 140144 1
79 48 140215 1
23 80 140283 0
45 77 140422 1
43 71 140424 1
45 74 140455 1
49 37 140471 1
106 55 140810 1
21 70 140855 0
74 41 140990 1
45 75 140990 1
96 48 141035 1
90 85 141134 0
75 44 141194 1
71 36 141324 1
106 62 141417 1
91 87 141425 0
71 82 141731 0
71 64 141806 0
83 80 141811 1
43 80 141885 1
70 64 141940 0
42 67 141974 1
70 81 142081 0
62 54 142168 0
63 36 142175 1
26 85 142266 0
23 81 142395 0
70 80 142416 0
32 87 142516 0
23 78 142518 0
70 38 142602 1
69 66 142663 0
58 54 142674 0
79 50 142871 1
101 55 143013 1
61 53 143039 0
22 79 143272 0
22 80 143300 0
38 44 143386 1
91 84 143443 0
23 82 143466 0
76 44 143525 1
70 67 143575 0
66 37 143582 1
30 86 143615 0
89 79 143626 0
96 88 143782 0
54 55 143843 0
55 55 143932 0
104 61 143950 1
46 60 144134 0
90 84 144365 0
67 37 144380 1
75 86 144403 0
55 54 144426 0
66 57 144438 0
82 81 144441 1
27 86 144545 0
29 53 144692 0
19 77 144793 0
23 80 144830 0
71 82 144845 0
106 66 144903 1
93 68 145041 0
70 80 145512 0
69 62 145573 0
68 72 145578 0
22 74 145596 0
90 85 145699 0
24 84 145721 0
45 79 145798 1
104 58 146038 1
83 50 146108 1
49 38 146119 1
92 87 146154 0
24 82 146502 0
15 79 146562 0
68 86 146590 0
77 84 146747 0
63 57 146870 0
30 86 147036 0
23 81 147063 0
65 56 147091 0
91 86 147381 0
70 64 147390 0
62 54 147528 0
92 72 147624 0
91 87 147642 0
26 85 147784 0
93 48 147792 1
77 0 148035 1
71 83 148135 0
70 39 148164 1
66 31 148267 1
31 5 148299 1
98 51 148303 1
71 82 148332 0
42 42 148362 1
21 70 148599 0
93 68 148639 0
45 40 148791 1
61 53 148944 0
24 83 148984 0
100 53 149331 1
41 66 149383 1
54 35 149551 1
85 46 149645 1
22 74 149667 0
66 56 149672 0
44 69 149733 1
28 87 149861 0
23 85 149926 0
70 0 150044 1
56 54 150056 0
103 55 150134 1
72 85 150152 0
106 106 150211 1
69 33 150266 1
69 78 150374 0
67 55 150399 0
73 40 150494 1
116 100 150510 1
27 85 150576 0
41 63 150806 1
41 68 150865 1
83 48 150871 1
100 52 150937 1
68 71 150965 0
68 73 151113 0
22 78 151138 0
81 47 151259 1
81 49 151374 1
21 75 151584 0
65 54 151728 0
68 59 151736 0
91 66 151748 0
125 127 151783 1
67 57 151962 0
96 88 152143 0
114 75 152191 1
80 50 152415 1
83 72 152568 1
122 36 152569 1
23 81 152588 0
21 71 152633 0
48 39 152641 1
67 76 152788 0
98 50 152934 1
22 79 153307 0
65 56 153373 0
1 48 153473 1
30 86 153482 0
44 71 153603 1
71 83 153620 0
54 55 153731 0
95 88 154206 0
75 89 154267 0
28 86 154286 0
68 57 154292 0
71 81 154326 0
66 56 154380 0
70 68 154394 0
90 85 154465 0
71 82 154718 0
26 85 154911 0
69 62 154956 0
69 78 155025 0
42 64 155038 1
55 54 155081 0
71 39 155329 1
68 80 155450 0
70 80 155532 0
26 87 155625 0
91 87 155800 0
91 66 155845 0
66 66 155860 0
70 64 155918 0
25 61 155938 0
93 88 155940 0
64 35 155999 1
61 62 156000 0
24 83 156067 0
69 73 156121 0
22 74 156241 0
89 82 156281 0
68 77 156402 0
23 79 156437 0
93 86 156646 0
71 64 156794 0
23 89 156812 0
28 87 157033 0
67 57 157468 0
68 38 157645 1
24 63 157648 0
90 83 157719 0
101 53 157982 1
92 72 158066 0
52 56 158083 0
63 55 158289 0
62 60 158429 0
93 68 158538 0
67 56 158556 0
68 59 158624 0
16 78 158713 0
91 49 158874 1
25 59 158883 0
102 56 158900 1
81 50 159055 1
106 68 159139 1
104 59 159198 1
106 64 159220 1
66 56 159321 0
66 57 159358 0
91 77 159368 0
80 49 159378 1
78 48 159385 1
76 84 159525 0
102 53 159594 1
67 74 159594 0
101 54 159599 1
71 81 159611 0
93 70 159711 0
82 52 159712 1
22 80 159726 0
103 75 159903 1
103 57 159903 1
69 76 159958 0
98 86 160013 0
68 70 160067 0
97 87 160121 0
95 87 160142 0
65 54 160149 0
106 74 160174 1
50 58 160194 0
92 49 160235 1
103 45 160334 1
103 56 160334 1
93 67 160533 0
92 67 160534 0
83 52 160553 1
106 73 160597 1
92 74 160616 0
105 61 160644 1
76 41 160646 1
96 50 160662 1
65 56 160665 0
21 71 160729 0
71 65 160735 0
94 49 160747 1
62 35 160790 1
69 72 160795 0
105 62 160809 1
23 64 160813 0
95 49 160876 1
99 51 160882 1
69 78 160930 0
62 54 160999 0
91 66 160999 0
90 84 161015 0
85 89 161025 0
62 36 161026 1
81 51 161061 1
87 49 161115 1
21 70 161117 0
104 60 161142 1
102 54 161181 1
71 83 161181 0
70 68 161200 0
63 53 161216 0
99 50 161224 1
41 70 161229 1
97 50 161230 1
72 39 161244 1
63 35 161245 1
92 48 161323 1
61 54 161408 0
72 40 161416 1
84 76 161416 1
96 88 161436 0
69 38 161463 1
74 40 161507 1
76 42 161553 1
82 51 161618 1
90 49 161693 1
125 58 161717 1
61 35 161783 1
58 53 161806 0
68 78 161812 0
106 72 161832 1
107 78 161890 1
65 67 161909 0
65 55 161924 0
84 75 161947 1
68 61 161955 0
23 66 161980 0
46 74 161983 1
100 52 161993 1
75 85 162012 0
43 69 162038 1
59 53 162051 0
63 54 162080 0
71 68 162082 0
22 70 162134 0
91 84 162163 0
25 63 162201 0
80 48 162213 1
52 55 162224 0
80 47 162247 1
94 48 162274 1
86 50 162275 1
77 44 162280 1
66 35 162309 1
68 36 162330 1
98 87 162333 0
43 72 162386 1
100 51 162388 1
57 35 162413 1
91 83 162457 0
78 44 162485 1
49 56 162488 0
46 39 162488 1
67 56 162521 0
71 81 162555 0
86 68 162555 0
90 83 162595 0
99 52 162622 1
66 59 162626 0
26 82 162635 0
88 49 162704 1
103 58 162706 1
23 80 162724 0
36 87 162745 0
93 68 162760 0
85 50 162778 1
93 86 162779 0
77 43 162815 1
105 78 162841 1
41 67 162910 1
73 41 162914 1
32 88 163028 0
23 81 163054 0
32 87 163078 0
107 73 163102 1
93 67 163126 0
53 37 163167 1
65 35 163167 1
102 56 163171 1
68 57 163175 0
106 64 163227 1
69 73 163294 0
79 84 163300 0
106 70 163341 1
79 47 163363 1
83 51 163404 1
104 81 163422 1
91 86 163448 0
84 73 163483 1
61 53 163503 0
46 76 163518 1
106 76 163522 1
65 36 163524 1
101 51 163528 1
30 87 163540 0
38 86 163540 0
71 82 163545 0
51 37 163553 1
93 49 163559 1
91 49 163595 1
85 51 163609 1
106 77 163670 1
53 36 163679 1
60 35 163681 1
79 48 163688 1
88 68 163692 0
50 38 163710 1
22 75 163741 0
77 45 163753 1
45 72 163764 1
70 80 163785 0
78 45 163796 1
27 84 163799 0
47 39 163838 1
105 59 163843 1
97 86 163880 0
28 55 163900 0
100 86 163902 0
71 40 163932 1
35 86 163934 0
74 78 164001 1
74 41 164001 1
65 54 164006 0
47 58 164036 0
31 87 164043 0
91 48 164105 1
81 50 164128 1
29 86 164131 0
67 55 164181 0
91 79 164196 0
91 78 164213 0
106 74 164251 1
97 51 164326 1
62 53 164327 0
104 82 164335 1
59 35 164335 1
71 64 164356 0
69 59 164373 0
22 74 164389 0
46 72 164399 1
46 73 164420 1
105 79 164429 1
70 37 164444 1
75 41 164455 1
86 49 164463 1
77 84 164549 0
66 56 164572 0
70 39 164596 1
77 42 164651 1
104 58 164687 1
23 78 164706 0
46 77 164776 1
61 55 164787 0
76 50 164832 1
76 84 164833 0
63 36 164879 1
67 57 164911 0
101 52 164953 1
67 36 164976 1
80 49 165002 1
41 69 165002 1
68 74 165003 0
69 76 165052 0
69 37 165073 1
106 78 165141 1
43 70 165156 1
103 57 165160 1
30 86 165168 0
73 40 165198 1
33 87 165237 0
66 36 165254 1
92 67 165323 0
106 73 165344 1
37 86 165351 0
75 88 165352 0
27 58 165429 0
69 78 165433 0
94 49 165435 1
69 38 165443 1
105 61 165448 1
105 60 165450 1
26 84 165455 0
64 32 165458 1
45 73 165491 1
63 55 165495 0
84 50 165522 1
82 50 165526 1
96 50 165588 1
68 37 165620 1
38 85 165682 0
42 69 165692 1
44 71 165753 1
65 55 165760 0
65 64 165773 0
56 35 165783 1
44 70 165798 1
45 70 165802 1
62 34 165871 1
13 78 165902 0
95 49 165951 1
104 59 165975 1
67 76 166017 0
55 36 166032 1
55 34 166060 1
49 39 166076 1
95 87 166089 0
83 79 166132 1
28 87 166220 0
95 50 166229 1
26 82 166243 0
76 42 166248 1
68 59 166262 0
83 71 166277 1
67 69 166292 0
57 35 166376 1
42 66 166377 1
106 67 166402 1
106 60 166415 1
55 54 166465 0
83 78 166492 1
98 86 166492 0
97 49 166529 1
71 81 166534 0
25 90 166535 0
84 71 166556 1
90 85 166594 0
71 65 166669 0
92 66 166669 0
79 46 166762 1
63 53 166804 0
84 75 166833 1
93 87 166847 0
98 50 166950 1
70 60 167029 0
89 48 167042 1
70 81 167050 0
77 44 167055 1
93 67 167060 0
41 66 167060 1
67 56 167098 0
68 60 167101 0
22 75 167116 0
78 84 167175 0
69 81 167205 0
109 45 167228 1
27 84 167261 0
68 36 167277 1
23 79 167299 0
104 55 167349 1
109 45 167434 0
24 64 167448 0
41 68 167515 1
69 68 167543 0
61 35 167573 1
22 83 167577 0
100 52 167665 1
102 54 167673 1
48 38 167685 1
55 35 167689 1
103 56 167695 1
93 47 167711 1
91 66 167722 0
54 36 167733 1
45 75 167749 1
58 53 167785 0
63 35 167979 1
66 78 167994 0
83 77 168071 1
105 77 168100 1
55 59 168123 0
26 83 168166 0
70 68 168169 0
106 79 168269 1
69 62 168364 0
101 53 168366 1
106 62 168439 1
106 61 168440 1
26 59 168446 0
46 79 168449 1
24 81 168582 0
24 62 168724 0
70 63 168737 0
62 53 168818 0
70 38 168836 1
43 68 168904 1
68 75 168925 0
20 77 168962 0
107 69 169020 1
84 78 169022 1
89 83 169132 0
73 83 169166 0
39 84 169171 0
5 105 169202 1
72 39 169231 1
71 82 169260 0
71 39 169335 1
26 85 169499 0
103 55 169536 1
70 67 169569 0
27 85 169668 0
65 37 169687 1
23 75 169719 0
99 51 169729 1
73 85 169744 0
93 71 169752 0
46 71 169769 1
92 66 169771 0
84 72 169839 1
44 72 169875 1
24 83 169900 0
35 86 169936 0
68 79 169974 0
22 49 169979 0
21 82 170000 0
61 60 170013 0
20 85 170013 0
23 65 170042 0
33 87 170056 0
54 56 170125 0
92 67 170132 0
62 59 170133 0
22 70 170134 0
67 55 170209 0
22 75 170277 0
70 60 170296 0
28 91 170379 0
68 58 170390 0
18 78 170433 0
65 55 170477 0
27 84 170531 0
27 57 170610 0
91 71 170638 0
92 69 170699 0
23 88 170764 0
91 84 170789 0
102 53 170847 1
42 68 170872 1
71 67 171059 0
37 87 171195 0
60 54 171208 0
26 83 171254 0
74 40 171301 1
89 66 171333 0
23 61 171401 0
90 83 171447 0
37 45 171463 1
50 57 171507 0
97 87 171551 0
22 74 171662 0
78 85 171677 0
49 58 171720 0
71 61 171782 0
59 54 171788 0
89 68 171923 0
32 87 171950 0
37 88 172011 0
64 64 172100 0
64 56 172131 0
20 76 172138 0
65 74 172170 0
29 88 172195 0
99 86 172218 1
84 76 172251 1
105 80 172260 1
41 83 172266 0
81 49 172267 1
106 75 172330 1
24 81 172380 0
22 79 172417 0
82 51 172454 1
46 75 172456 1
77 43 172486 1
35 87 172507 0
106 64 172509 1
13 85 172557 0
25 86 172592 0
91 83 172613 0
80 48 172625 1
69 36 172625 1
43 69 172665 1
67 35 172673 1
90 49 172719 1
90 48 172720 1
69 77 172720 0
53 55 172766 0
48 58 172875 0
45 76 172905 1
17 76 173012 0
62 35 173029 1
73 83 173105 0
92 66 173146 0
93 68 173157 0
67 79 173160 0
91 75 173196 0
104 57 173297 1
26 82 173302 0
23 80 173382 0
67 62 173403 0
68 71 173406 0
18 75 173407 0
41 65 173420 1
69 73 173449 0
65 54 173540 0
42 67 173573 1
70 60 173582 0
91 87 173596 0
31 76 173642 1
30 86 173648 0
28 57 173663 0
21 71 173696 0
99 87 173699 0
89 49 173892 1
61 59 173901 0
93 67 173942 0
78 84 173980 0
88 66 174052 0
93 85 174071 0
90 84 174091 0
22 78 174091 0
23 78 174145 0
71 89 174233 0
25 61 174312 0
79 47 174357 1
22 75 174401 0
45 39 174416 1
93 86 174542 0
64 61 174587 0
40 84 174646 0
56 54 174852 0
71 61 174886 0
22 82 174897 0
92 72 174903 0
86 85 174917 0
56 55 174917 1
61 61 174931 0
93 69 174932 0
69 72 174942 0
21 78 175060 0
84 77 175080 1
65 58 175102 0
26 83 175188 0
95 48 175209 1
69 78 175351 0
102 52 175367 1
97 86 175424 0
60 35 175535 1
84 73 175543 1
63 54 175563 0
65 60 175603 0
66 80 175627 0
71 81 175631 0
73 86 175636 0
94 67 175658 0
71 64 175659 0
27 84 175670 0
77 90 175673 0
70 80 175705 0
77 85 175711 0
71 83 175715 0
93 48 175763 1
57 54 175790 0
58 53 175810 0
62 53 175901 0
81 50 176000 1
65 72 176061 0
16 67 176075 0
64 35 176123 1
64 54 176161 0
78 44 176318 1
34 89 176336 0
71 67 176387 0
41 67 176497 1
97 50 176518 1
73 82 176523 0
33 87 176578 0
69 77 176618 0
25 60 176642 0
92 48 176885 1
92 67 176949 0
24 81 177038 0
23 66 177042 0
70 69 177112 0
93 70 177147 0
54 59 177211 0
69 64 177343 0
92 75 177399 0
77 84 177664 0
45 72 177671 1
90 66 177675 0
23 63 177837 0
10 43 177912 0
85 84 177955 0
70 66 178021 0
65 63 178059 0
55 56 178063 0
29 55 178084 0
22 76 178156 0
59 35 178165 1
73 83 178213 0
75 41 178230 1
63 59 178339 0
84 51 178346 1
57 59 178358 0
65 81 178458 0
70 60 178545 0
95 86 178596 0
94 48 178634 1
88 81 178707 0
57 34 178807 1
65 56 178810 0
79 85 178815 0
26 86 178835 0
70 83 178843 0
54 55 178881 0
70 78 178908 0
19 72 178914 0
74 41 178917 1
21 80 178926 0
71 68 178990 0
65 35 179046 1
104 58 179055 1
101 85 179184 0
73 40 179203 1
35 86 179269 0
93 69 179384 0
76 44 179431 1
71 61 179464 0
92 66 179466 0
44 68 179657 1
69 39 179880 1
88 82 179913 0
59 53 180163 0
23 65 180296 0
48 59 180359 0
61 53 180398 0
67 56 180442 0
63 55 180520 0
35 87 180555 0
46 74 180589 1
96 49 180628 1
64 54 180643 0
22 85 180660 0
71 38 180713 1
94 49 180828 1
23 84 180942 0
71 65 180999 0
107 68 181153 1
87 83 181172 0
88 86 181241 0
28 86 181281 0
101 86 181763 0
95 86 181971 0
57 53 182126 0
81 48 182226 1
70 77 182327 0
22 75 182380 0
84 49 182405 1
100 51 182434 1
44 69 182482 1
58 55 182555 0
65 55 182570 0
43 70 182578 1
22 76 182625 0
46 72 182866 1
69 77 182952 0
82 49 183051 1
21 64 183099 0
70 78 183145 0
67 36 183260 1
73 38 183422 1
45 77 183434 1
72 83 183458 0
16 81 183637 0
47 40 183727 1
29 86 183750 0
78 43 183772 1
51 57 183922 0
70 69 184014 0
88 89 184093 0
98 50 184188 1
89 88 184267 0
105 61 184341 1
60 56 184362 0
62 33 184397 1
93 69 184498 0
17 69 184625 0
96 88 184753 0
69 37 184845 1
17 79 184866 0
15 87 184870 0
66 55 185158 0
84 79 185176 1
66 69 185230 0
98 86 185240 0
21 85 185301 0
33 92 185391 0
58 35 185412 1
66 56 185447 0
71 62 185488 0
59 54 185549 0
91 48 185597 1
90 66 185617 0
87 49 185761 1
69 80 185982 0
44 70 186042 1
78 84 186135 0
88 49 186138 1
63 53 186229 0
91 49 186521 1
66 60 186542 0
59 58 186615 0
70 77 186650 0
71 66 186671 0
95 49 186718 1
85 50 186761 1
44 71 186762 1
76 84 186801 0
69 79 186837 0
69 38 186867 1
22 76 186879 0
28 89 186885 0
80 49 186888 1
95 86 186893 0
74 84 186971 0
26 58 186983 0
100 86 187000 0
23 81 187042 0
67 55 187098 0
42 65 187162 1
73 39 187267 1
47 39 187282 1
61 35 187306 1
83 51 187308 1
100 52 187309 1
24 81 187359 0
92 69 187369 0
79 48 187478 1
86 50 187500 1
57 35 187547 1
66 35 187604 1
59 34 187610 1
22 49 187612 1
46 39 187627 1
97 86 187637 0
52 37 187645 1
72 39 187676 1
52 55 187726 0
92 75 187862 1
80 47 187866 1
55 54 187895 0
61 34 187937 1
98 49 188036 1
74 39 188039 1
43 41 188091 1
61 33 188187 1
49 38 188207 1
56 35 188218 1
20 73 188226 0
37 46 188235 1
59 29 188246 1
90 48 188249 1
53 35 188308 1
82 50 188327 1
88 48 188335 1
63 35 188351 1
68 36 188373 1
86 49 188417 1
51 36 188506 1
88 66 188556 0
56 34 188565 1
43 40 188574 1
98 86 188575 0
72 83 188597 0
102 84 188609 0
64 54 188658 0
50 38 188752 1
39 43 188798 1
53 36 188850 1
92 48 188866 1
49 56 188903 0
58 34 188965 1
76 42 188975 1
48 57 189065 0
41 41 189090 1
53 37 189125 1
57 53 189136 0
69 57 189146 0
85 49 189176 1
99 50 189183 1
39 85 189292 0
54 35 189342 1
38 45 189399 1
40 43 189446 1
50 37 189472 1
41 42 189519 1
29 87 189542 0
60 34 189557 1
39 84 189578 0
71 68 189662 1
47 58 189665 0
85 68 189738 0
47 38 189744 1
52 36 189762 1
71 65 189787 1
45 59 189903 0
75 84 189908 0
33 48 189958 1
54 36 189966 1
73 82 189969 0
65 35 190054 1
104 81 190071 0
66 34 190112 1
87 48 190164 1
48 38 190170 1
55 35 190195 1
52 55 190265 0
88 65 190328 0
45 39 190347 1
95 86 190396 0
34 49 190448 1
87 49 190467 1
38 85 190473 0
26 83 190489 0
64 52 190533 0
66 53 190533 0
80 82 190573 0
72 38 190603 1
42 42 190631 1
93 86 190686 0
33 86 190688 0
85 50 190719 1
65 80 190738 0
93 85 190741 0
33 49 190742 1
39 44 190757 1
39 42 190760 1
66 55 190862 0
40 42 190866 1
83 50 190955 1
37 86 190963 0
84 50 190970 1
70 61 190989 0
42 82 191003 0
91 48 191042 1
83 79 191097 0
71 67 191110 1
36 47 191114 1
44 61 191122 0
95 87 191134 0
46 38 191163 1
42 83 191263 0
86 68 191318 0
35 46 191345 1
62 54 191378 0
81 81 191401 0
91 77 191423 1
89 48 191442 1
43 62 191474 0
91 78 191487 1
73 84 191627 0
64 34 191633 1
69 72 191651 1
59 34 191667 1
35 86 191717 0
89 64 191767 0
57 35 191772 1
47 59 191788 0
49 56 191805 0
36 88 191820 0
45 60 191847 0
46 60 191864 0
31 85 191905 0
49 37 191924 1
65 54 191926 0
42 41 191930 1
43 41 191945 1
52 37 192004 1
59 35 192029 1
82 80 192049 0
92 75 192077 1
74 40 192096 1
35 47 192122 1
104 82 192216 0
47 39 192286 1
62 34 192322 1
29 55 192555 1
31 51 192563 1
91 47 192584 1
68 35 192672 1
41 40 192711 1
48 58 192771 0
71 64 192774 1
74 84 192791 0
41 83 192804 0
35 48 192827 1
94 48 192926 1
43 40 192955 1
114 53 192958 1
53 36 193054 1
47 38 193100 1
44 39 193181 1
72 83 193205 0
30 86 193261 0
41 41 193381 1
34 47 193416 1
36 87 193434 0
90 48 193469 1
63 36 193531 1
76 41 193533 1
58 53 193642 0
39 43 193669 1
70 58 193721 0
56 35 193771 1
40 84 193801 0
103 83 193813 0
91 65 193847 0
55 34 193858 1
86 69 193870 0
34 86 193875 0
105 77 193935 0
41 42 193951 1
70 38 193968 1
73 83 193989 0
25 82 194048 0
81 82 194090 0
87 50 194090 1
86 49 194170 1
29 53 194186 1
53 55 194208 0
35 45 194212 1
45 59 194230 0
68 56 194245 0
48 57 194267 0
32 50 194319 1
89 67 194341 0
23 85 194358 0
33 86 194410 0
84 75 194427 0
47 58 194543 0
69 57 194560 0
36 45 194587 1
33 51 194608 1
33 87 194617 0
97 86 194705 0
29 85 194762 0
52 55 194777 0
92 74 194825 1
85 68 194873 0
48 38 194940 1
57 34 194997 1
98 86 195082 0
63 60 195091 0
51 37 195120 1
65 34 195124 1
38 44 195172 1
85 69 195246 0
66 35 195253 1
29 56 195293 1
69 80 195375 0
75 84 195451 0
80 82 195486 0
99 86 195560 0
52 35 195622 1
69 79 195746 0
98 87 195750 0
76 40 195754 1
43 39 195775 1
50 57 195864 0
99 51 195938 1
45 39 195939 1
90 49 195957 1
30 55 196046 1
38 45 196102 1
83 51 196108 1
101 85 196115 0
70 59 196141 1
28 87 196247 0
62 53 196265 0
30 52 196292 1
57 53 196304 0
45 77 196308 0
93 71 196323 1
27 57 196360 1
50 38 196362 1
55 52 196411 0
46 74 196443 0
39 84 196452 0
84 76 196466 0
95 49 196643 1
27 83 196697 0
58 54 196709 0
49 56 196723 0
37 45 196761 1
42 40 196790 1
38 46 196831 1
42 69 196842 1
97 49 196850 1
92 48 197001 1
43 62 197004 0
53 35 197065 1
45 38 197321 1
91 65 197344 0
90 47 197358 1
23 66 197381 1
84 73 197439 0
71 65 197439 1
34 34 197439 1
34 49 197439 1
99 108 197441 1
42 82 197522 0
61 34 197561 1
86 66 197613 0
27 58 197636 1
58 34 197676 1
54 36 197724 1
8 33 197773 1
53 34 197821 1
39 44 197856 1
34 86 197881 0
24 80 197907 0
91 76 198039 1
36 46 198114 1
50 37 198244 1
52 36 198267 1
88 48 198293 1
83 49 198336 1
25 60 198371 1
74 37 198381 1
105 79 198435 0
43 80 198488 0
95 48 198617 1
63 33 198730 1
69 73 198740 1
25 83 198762 0
35 87 198871 0
106 74 198884 0
77 45 198928 1
55 36 199040 1
88 65 199051 0
73 84 199127 0
25 61 199154 1
54 54 199176 0
44 62 199237 0
40 42 199348 1
63 34 199412 1
88 66 199421 0
102 84 199453 0
105 80 199472 0
60 35 199473 1
54 35 199570 1
68 56 199605 0
70 69 199686 1
87 49 199697 1
0 0 200010 0
