23 98 0 0
106 60 116 1
105 79 167 1
103 47 168 1
95 76 182 0
96 61 185 0
95 57 250 0
105 84 287 1
95 73 315 0
38 109 318 1
64 52 361 1
106 66 407 1
57 83 430 0
95 88 441 0
31 116 472 0
104 50 521 1
32 115 531 0
96 77 624 0
26 67 638 0
104 51 641 1
37 82 655 1
106 83 667 1
63 49 697 1
37 107 699 1
37 86 701 1
29 114 714 0
106 74 723 1
105 72 738 1
63 50 789 1
101 43 810 1
105 55 810 1
100 42 812 1
66 74 812 1
66 62 946 1
61 40 946 1
37 102 978 1
59 36 992 1
54 75 1047 0
65 58 1070 1
37 76 1104 1
55 78 1105 0
105 69 1112 1
23 81 1117 0
55 79 1145 0
55 31 1147 1
61 37 1179 1
56 31 1212 1
35 96 1214 1
63 44 1238 1
66 58 1278 1
35 83 1288 1
87 67 1335 1
96 60 1339 0
23 82 1340 0
55 61 1400 0
32 52 1411 0
57 85 1444 0
37 77 1446 1
85 70 1450 1
24 100 1583 0
58 33 1589 1
66 72 1644 1
63 46 1647 1
65 57 1663 1
54 30 1782 1
62 39 1790 1
96 63 1812 0
66 55 1829 1
78 79 1838 1
65 65 1849 1
36 100 1910 1
54 66 1965 0
57 32 2020 1
105 70 2059 1
58 34 2081 1
103 48 2123 1
23 88 2132 0
30 58 2159 0
27 109 2182 0
103 50 2205 1
37 105 2205 1
105 57 2231 1
59 34 2232 1
54 70 2242 0
57 82 2269 0
37 97 2280 1
105 64 2291 1
43 57 2353 1
63 47 2362 1
62 88 2362 0
106 84 2363 1
34 116 2370 0
65 67 2387 1
37 80 2401 1
102 46 2405 1
37 108 2416 1
37 79 2418 1
26 108 2480 0
29 113 2528 0
66 61 2551 1
28 60 2557 0
36 103 2562 1
101 44 2567 1
24 74 2580 0
61 90 2617 0
24 101 2643 0
105 53 2689 1
65 53 2692 1
27 63 2704 0
25 103 2706 0
77 80 2706 1
37 75 2752 1
59 88 2765 0
32 50 2788 0
24 104 2798 0
90 63 2861 1
64 49 2881 1
98 89 2898 0
55 66 2928 0
25 104 2934 0
37 104 2945 1
104 48 2985 1
24 95 3060 0
105 77 3110 1
95 40 3164 1
61 38 3250 1
36 90 3267 1
37 98 3271 1
118 28 3298 1
63 48 3298 1
37 83 3311 1
53 52 3335 0
23 75 3373 0
65 63 3402 1
98 90 3408 0
62 43 3409 1
38 112 3428 1
54 31 3454 1
106 80 3454 1
102 44 3456 1
31 56 3507 0
59 35 3527 1
23 100 3529 0
51 46 3572 0
51 30 3574 1
56 82 3625 0
54 68 3642 0
50 32 3654 1
53 58 3657 0
103 89 3673 0
24 72 3678 0
57 84 3680 0
27 108 3683 0
105 73 3685 1
66 66 3692 1
37 109 3696 1
24 75 3727 0
95 81 3756 0
55 71 3770 0
66 73 3801 1
38 70 3816 1
96 61 3833 0
30 115 3913 0
95 57 3970 0
37 91 4025 1
62 40 4057 1
61 39 4074 1
104 49 4110 1
24 103 4135 0
62 42 4183 1
33 116 4214 0
42 61 4260 1
92 59 4280 1
24 71 4296 0
37 95 4301 1
37 88 4347 1
37 99 4349 1
53 30 4351 1
94 83 4352 0
105 67 4369 1
37 94 4404 1
96 72 4438 0
63 43 4473 1
96 57 4475 0
35 109 4577 1
23 76 4641 0
59 33 4677 1
105 52 4723 1
56 83 4743 0
37 87 4746 1
30 55 4903 0
24 96 4914 0
38 108 4917 1
103 45 4929 1
37 84 4942 1
105 65 4952 1
65 66 5012 1
23 87 5100 0
27 106 5128 0
24 99 5129 0
54 61 5170 0
42 60 5178 1
30 114 5196 0
96 77 5231 0
53 66 5260 0
96 63 5372 0
60 38 5375 1
27 114 5428 0
58 86 5437 0
32 116 5438 0
42 62 5439 1
96 60 5452 0
23 91 5461 0
71 70 5462 0
53 69 5469 0
99 42 5528 1
36 95 5541 1
97 90 5634 0
57 49 5634 0
57 33 5634 1
65 72 5636 1
29 57 5662 0
26 114 5687 0
51 31 5702 1
60 36 5736 1
100 90 5741 0
23 102 5769 0
37 73 5782 1
55 68 5786 0
53 55 5829 0
22 92 5846 0
36 99 5847 1
71 69 5899 0
33 48 5907 0
23 93 5911 0
57 86 5933 0
29 59 5985 0
26 64 6063 0
95 85 6264 0
23 92 6333 0
95 74 6346 0
65 55 6383 1
88 45 6400 0
54 71 6441 0
55 69 6468 0
65 68 6497 1
65 64 6514 1
106 62 6522 1
62 41 6524 1
60 89 6546 0
55 30 6567 1
29 113 6606 0
94 40 6619 1
100 41 6622 1
64 50 6629 1
23 101 6643 0
36 42 6661 0
55 32 6712 1
96 75 6743 0
105 71 6768 1
106 61 6788 1
56 32 6788 1
65 52 6966 1
65 54 6976 1
96 40 7048 1
54 56 7171 0
65 62 7181 1
102 45 7297 1
25 101 7311 0
31 51 7317 0
95 71 7387 0
31 115 7394 0
65 60 7418 1
105 78 7447 1
25 70 7527 0
105 68 7601 1
37 89 7656 1
88 65 7678 1
37 90 7756 1
65 61 7785 1
26 108 7798 0
106 68 7807 1
65 70 7858 1
38 72 7905 1
29 114 7975 0
35 102 7976 1
23 77 8181 0
62 44 8238 1
53 64 8248 0
23 90 8268 0
47 49 8273 1
101 90 8275 0
54 75 8281 0
105 66 8324 1
27 112 8351 0
66 57 8387 1
37 112 8398 1
96 61 8400 0
52 48 8574 0
101 42 8671 1
27 109 8727 0
95 57 8791 0
63 45 8795 1
75 63 8880 0
47 32 8910 1
23 86 8912 0
95 81 8917 0
43 56 8974 1
65 59 9096 1
66 74 9122 1
26 67 9171 0
38 71 9182 1
23 80 9264 0
32 52 9385 0
96 63 9438 0
95 88 9442 0
106 64 9529 1
23 94 9545 0
98 89 9553 0
105 54 9553 1
66 60 9590 1
23 95 9761 0
65 71 9778 1
92 111 9817 1
104 52 9830 1
81 55 9945 0
96 72 9986 0
54 63 10037 0
93 58 10105 1
23 81 10186 0
38 69 10239 1
37 81 10295 1
37 92 10318 1
96 67 10427 0
85 50 10545 0
97 55 10589 1
97 88 10589 0
37 100 10610 1
39 112 10739 1
106 59 10797 1
104 50 10816 1
23 71 10846 0
64 51 10858 1
105 79 10872 1
97 40 10946 1
104 89 10967 0
38 75 11017 1
54 60 11047 0
37 107 11194 1
37 103 11195 1
96 75 11223 0
27 64 11277 0
38 74 11350 1
84 53 11380 0
65 73 11437 1
95 55 11458 1
95 56 11459 0
28 110 11469 0
91 61 11574 1
104 47 11633 1
98 40 11639 1
55 79 11772 0
35 116 11782 0
53 54 11865 0
53 74 11918 0
62 38 11984 1
59 86 11990 0
106 75 12009 1
23 96 12028 0
54 56 12032 0
26 111 12169 0
103 47 12270 1
100 91 12305 0
68 90 12333 0
100 60 12377 0
100 42 12377 1
63 49 12406 1
103 46 12406 1
57 83 12435 0
36 101 12625 1
105 58 12695 1
54 64 12710 0
106 72 12727 1
56 81 12856 0
53 50 12963 0
95 89 13021 0
96 65 13046 0
95 87 13160 0
96 66 13171 0
105 75 13208 1
96 77 13243 0
23 82 13255 0
94 83 13303 0
54 58 13310 0
66 59 13327 1
95 86 13336 0
64 52 13351 1
106 78 13357 1
106 67 13417 1
54 65 13447 1
55 60 13529 0
96 57 13550 0
23 90 13556 0
59 36 13639 1
69 89 13694 0
102 89 13699 0
61 38 13711 1
64 48 13731 1
36 89 13762 1
36 82 13806 1
58 89 13823 0
106 60 13831 1
35 99 13842 1
51 46 13848 0
54 67 13873 0
55 81 13874 0
106 83 13933 1
33 49 13940 0
27 111 13944 0
69 90 13953 0
102 44 13965 1
57 82 13983 0
25 103 14013 0
105 53 14033 1
105 72 14043 1
106 87 14047 1
58 34 14089 1
96 63 14094 0
62 88 14166 0
103 48 14201 1
25 99 14220 0
32 116 14264 0
95 81 14277 0
34 117 14288 0
33 116 14289 0
32 118 14328 0
29 113 14361 0
58 33 14381 1
105 76 14391 1
37 96 14399 1
95 73 14402 0
63 47 14406 1
29 58 14431 0
53 53 14467 0
46 32 14528 1
48 32 14534 1
66 53 14535 1
66 63 14548 1
28 60 14559 0
36 61 14562 1
36 102 14562 1
96 61 14615 0
94 87 14655 0
37 78 14685 1
53 65 14728 0
37 82 14732 1
63 44 14753 1
57 31 14772 1
38 68 14895 1
98 89 14918 0
28 110 14960 0
55 35 14990 1
55 31 14990 1
37 105 15044 1
47 33 15044 1
59 86 15059 0
38 109 15062 1
37 86 15093 1
42 58 15112 1
27 108 15146 0
95 75 15162 0
97 90 15199 0
101 43 15232 1
66 71 15295 1
105 77 15298 1
41 61 15319 1
35 43 15323 0
62 56 15338 1
62 39 15338 1
23 94 15361 0
36 113 15361 1
16 11 15369 1
25 104 15389 0
102 43 15395 1
61 40 15474 1
34 47 15487 0
53 52 15534 0
30 114 15552 0
24 100 15556 0
33 47 15631 0
106 58 15631 1
24 101 15654 0
33 51 15663 0
96 75 15717 0
31 53 15736 0
32 115 15737 0
37 111 15823 1
59 34 15836 1
36 87 15857 1
50 30 15889 1
99 90 15902 0
93 57 15912 1
23 88 15983 0
37 101 16095 1
37 77 16102 1
24 95 16107 0
24 103 16176 0
23 84 16178 0
30 116 16194 0
61 37 16223 1
57 80 16238 0
25 71 16279 0
36 116 16285 0
38 110 16286 1
65 58 16298 1
106 57 16314 1
61 88 16339 0
29 111 16341 0
23 101 16381 0
37 108 16396 1
104 50 16410 1
55 83 16424 0
37 102 16484 1
54 31 16485 1
63 43 16515 1
60 36 16532 1
60 37 16561 1
38 73 16561 1
97 88 16597 0
49 31 16616 1
95 40 16627 1
57 83 16643 0
60 35 16691 1
95 79 16714 0
57 32 16722 1
57 33 16819 1
37 76 16822 1
54 72 16831 0
96 72 16832 0
66 65 16842 1
36 98 16845 1
66 89 16865 0
66 58 16886 1
36 43 16914 0
99 40 16917 1
66 72 16922 1
37 104 16939 1
80 58 16970 0
54 56 16978 0
55 71 16983 0
22 97 16989 0
23 79 17005 0
97 40 17032 1
65 57 17055 1
96 66 17106 0
23 98 17135 0
96 65 17218 0
105 78 17224 1
54 76 17224 0
52 57 17246 0
66 64 17257 1
100 41 17270 1
22 89 17273 0
66 62 17305 1
106 80 17316 1
58 87 17341 0
95 68 17345 0
54 49 17365 0
37 93 17368 1
105 51 17383 1
105 54 17411 1
101 91 17459 0
3 84 17538 0
36 100 17565 1
62 41 17628 1
28 110 17678 0
106 86 17702 1
64 46 17706 1
27 106 17727 0
55 78 17762 0
96 40 17770 1
95 85 17785 0
30 115 17787 0
37 97 17812 1
28 65 17869 0
62 40 17876 1
104 49 17913 1
59 87 17943 0
72 69 17944 0
105 55 17964 1
23 99 18006 0
55 58 18024 0
102 89 18028 0
53 54 18057 0
23 73 18103 0
56 31 18109 1
32 51 18137 0
45 33 18181 1
24 75 18186 0
104 48 18272 1
27 109 18290 0
52 30 18310 1
65 51 18319 1
29 85 18319 1
29 116 18319 0
95 57 18347 0
37 79 18367 1
70 89 18405 0
24 99 18413 0
37 87 18418 1
37 110 18420 1
97 68 18440 0
96 69 18443 0
64 55 18464 1
55 68 18465 0
106 69 18474 1
26 110 18507 0
59 86 18560 0
55 61 18604 0
95 77 18620 0
63 42 18621 1
63 53 18621 1
66 73 18630 1
35 45 18634 0
96 67 18640 0
23 76 18664 0
23 83 18742 0
106 66 18826 1
36 93 18827 1
37 109 18828 1
23 100 18829 0
37 80 18837 1
55 66 18841 0
38 81 18902 1
22 102 18977 0
26 65 18988 0
106 79 19000 1
54 62 19008 0
105 81 19060 1
65 50 19125 1
24 74 19193 0
65 53 19294 1
96 70 19345 0
24 96 19349 0
56 79 19366 0
63 45 19416 1
56 80 19425 0
38 107 19472 1
54 53 19484 0
26 108 19499 0
50 31 19505 1
53 51 19628 0
61 88 19712 0
23 90 19725 0
37 106 19787 1
61 89 19798 0
98 40 19850 1
37 83 19851 1
38 79 19888 1
39 67 20015 1
25 70 20022 0
23 69 20092 0
106 59 20094 1
40 65 20213 1
41 62 20265 1
65 56 20276 1
95 78 20317 0
105 79 20352 1
64 49 20352 1
54 66 20360 0
65 72 20375 1
38 76 20395 1
24 71 20560 0
96 64 20632 0
65 90 20665 0
55 76 20672 0
38 92 20693 1
66 61 20858 1
96 68 20918 0
37 92 21027 1
62 89 21104 0
25 101 21120 0
55 75 21177 0
103 45 21280 1
105 71 21293 1
61 38 21294 1
64 50 21295 1
37 71 21352 1
37 91 21421 1
23 94 21442 0
99 90 21475 0
29 114 21478 0
66 91 21479 0
96 66 21479 0
54 57 21479 0
43 57 21533 1
105 69 21641 1
27 113 21664 0
66 55 21694 1
94 86 21727 0
66 68 21770 1
59 37 21931 1
59 87 22030 0
38 70 22048 1
37 75 22066 1
13 85 22092 0
28 110 22095 0
55 58 22131 0
56 80 22196 0
27 59 22208 0
31 114 22241 0
95 74 22242 0
37 88 22283 1
103 91 22283 0
38 108 22291 1
53 67 22293 0
56 79 22298 0
82 75 22312 1
38 77 22331 1
54 82 22332 0
55 52 22473 0
24 82 22575 0
34 45 22626 0
26 111 22628 0
23 105 22697 0
101 44 22733 1
96 69 22779 0
58 88 22865 0
47 31 22991 1
63 50 22993 1
66 70 22996 1
21 93 23017 0
42 59 23074 1
59 33 23144 1
57 81 23237 0
38 91 23237 1
96 58 23421 0
52 29 23433 1
104 40 23522 1
39 114 23588 1
66 74 23596 1
81 76 23613 1
101 42 23691 1
26 112 23739 0
103 47 23751 1
106 61 23770 1
37 99 23852 1
23 87 23852 0
96 70 23861 0
29 113 23888 0
95 81 23924 0
103 89 23943 0
62 90 23954 0
55 73 24124 0
66 69 24170 1
53 30 24193 1
38 72 24194 1
101 89 24200 0
32 52 24205 0
44 33 24295 1
31 116 24381 0
23 99 24416 0
65 90 24481 0
54 30 24484 1
39 65 24488 1
62 89 24507 0
102 44 24547 1
105 53 24550 1
99 41 24573 1
61 89 24630 0
24 72 24634 0
106 73 24678 1
37 90 24705 1
104 47 24705 1
55 76 24769 0
38 80 24810 1
38 114 24867 1
95 39 24881 1
96 64 24888 0
23 89 24925 0
105 52 24994 1
86 49 25005 0
68 90 25010 0
106 71 25036 1
106 77 25088 1
96 65 25112 0
37 73 25141 1
66 66 25203 1
95 56 25205 0
66 60 25255 1
56 32 25270 1
96 68 25290 0
37 89 25310 1
106 74 25363 1
64 48 25388 1
23 83 25405 0
53 51 25423 0
56 80 25437 0
95 69 25438 0
42 63 25439 1
54 73 25454 0
105 73 25513 1
51 45 25525 0
66 57 25529 1
95 82 25541 0
44 55 25609 1
106 70 25613 1
65 55 25629 1
29 59 25671 0
55 75 25675 0
25 78 25736 0
96 57 25747 0
96 77 25750 0
54 53 25797 0
102 46 25804 1
56 79 25837 0
63 46 25868 1
63 44 25868 1
102 89 25879 0
105 50 25895 1
37 84 25950 1
38 87 26055 1
66 59 26056 1
106 56 26070 1
62 88 26079 0
96 75 26116 0
61 88 26145 0
59 35 26203 1
26 104 26208 0
59 86 26217 0
102 42 26222 1
57 82 26234 0
57 81 26290 0
37 94 26300 1
26 110 26306 0
25 103 26318 0
25 105 26334 0
106 64 26403 1
62 39 26440 1
94 39 26445 1
53 54 26449 0
60 36 26546 1
96 63 26572 0
42 60 26573 1
96 58 26580 0
97 88 26639 0
54 70 26719 0
105 68 26778 1
32 51 26807 0
34 116 26811 0
64 52 26840 1
38 78 26921 1
24 90 26938 0
106 60 26973 1
63 47 27006 1
65 66 27025 1
96 60 27040 0
106 68 27097 1
37 105 27101 1
65 68 27131 1
52 45 27142 0
65 70 27143 1
54 75 27146 0
59 34 27166 1
104 88 27176 0
99 89 27186 0
54 56 27203 0
65 52 27239 1
96 66 27245 0
38 85 27250 1
101 89 27264 0
55 69 27270 0
59 87 27290 0
102 43 27301 1
37 107 27323 1
105 86 27328 1
57 80 27345 0
58 33 27362 1
104 46 27375 1
37 98 27377 1
100 40 27388 1
96 71 27433 0
54 62 27438 0
55 31 27465 1
106 62 27466 1
106 57 27503 1
61 36 27514 1
59 32 27531 1
37 103 27619 1
106 80 27657 1
97 39 27695 1
63 49 27701 1
31 114 27760 0
58 34 27763 1
27 108 27796 0
54 57 27797 0
89 64 27817 1
97 40 27842 1
55 58 27864 0
98 89 27908 0
60 87 27922 0
62 38 27962 1
80 57 27995 0
65 90 28012 0
36 103 28015 1
55 73 28023 0
106 58 28039 1
103 44 28041 1
106 83 28129 1
66 89 28147 0
65 71 28224 1
38 71 28282 1
62 89 28290 0
54 68 28317 0
105 54 28452 1
37 81 28465 1
36 115 28479 0
105 77 28485 1
63 40 28509 1
24 82 28517 0
105 75 28654 1
57 81 28694 0
85 49 28707 0
100 41 28722 1
69 89 28756 0
25 104 28771 0
61 37 28796 1
96 69 28798 0
63 39 28814 1
96 70 28815 0
96 61 28878 0
96 64 28878 0
104 89 28902 0
102 90 28912 0
39 68 28967 1
66 71 28980 1
29 111 29001 0
56 80 29036 0
24 100 29054 0
37 95 29069 1
38 99 29074 1
22 85 29080 0
96 39 29092 1
54 49 29144 0
65 62 29145 1
39 111 29213 1
65 60 29221 1
29 112 29302 0
97 73 29341 0
57 30 29372 1
101 41 29377 1
63 43 29386 1
24 105 29399 0
27 113 29412 0
95 82 29438 0
106 59 29470 1
60 31 29491 1
60 35 29491 1
99 40 29507 1
37 100 29530 1
38 101 29533 1
38 74 29539 1
26 104 29568 0
43 58 29614 1
56 70 29618 0
31 115 29641 0
98 39 29697 1
57 84 29699 0
98 40 29705 1
65 65 29710 1
105 53 29723 1
93 40 29787 1
94 83 29789 0
30 114 29881 0
106 55 29883 1
37 96 29918 1
97 86 29933 0
105 49 29936 1
66 53 29946 1
65 67 29986 1
27 106 29995 0
26 67 30020 0
61 38 30050 1
55 76 30068 0
38 98 30079 1
56 79 30083 0
37 104 30099 1
47 50 30139 1
55 30 30141 1
61 87 30150 0
34 46 30183 0
55 75 30196 0
32 116 30224 0
37 43 30233 0
24 101 30259 0
66 91 30301 0
37 86 30310 1
33 49 30311 0
101 89 30312 0
54 31 30330 1
96 72 30332 0
54 61 30341 0
66 56 30362 1
107 84 30374 1
38 106 30386 1
36 99 30444 1
37 102 30448 1
66 72 30452 1
48 32 30462 1
62 88 30481 0
96 58 30506 0
106 78 30523 1
24 95 30526 0
53 50 30574 0
30 58 30576 0
52 45 30581 0
66 58 30590 1
42 61 30594 1
38 105 30600 1
70 71 30603 0
38 109 30605 1
106 67 30614 1
29 115 30672 0
66 63 30686 1
53 47 30700 0
87 68 30707 1
60 86 30714 0
99 90 30729 0
25 99 30748 0
61 89 30772 0
64 48 30783 1
106 84 30792 1
96 68 30807 0
57 33 30820 1
97 59 30834 0
60 87 30839 0
33 116 30854 0
62 90 30908 0
39 113 30908 1
24 90 30925 0
38 75 30936 1
25 91 31004 0
53 71 31017 0
64 45 31050 1
64 47 31059 1
102 44 31073 1
28 110 31096 0
53 29 31101 1
23 78 31169 0
99 89 31194 0
23 95 31201 0
23 89 31217 0
60 34 31351 1
23 90 31400 0
54 29 31403 1
63 42 31500 1
39 69 31510 1
105 51 31547 1
107 81 31549 1
97 68 31662 0
99 88 31702 0
103 45 31726 1
104 45 31778 1
103 46 31798 1
48 31 31821 1
31 57 31844 0
58 86 31861 0
66 62 31863 1
36 95 31920 1
57 81 31993 0
63 45 32016 1
45 54 32028 1
37 82 32040 1
39 110 32042 1
55 73 32062 0
63 46 32068 1
65 90 32094 0
33 48 32116 0
96 62 32126 0
106 72 32131 1
56 31 32132 1
60 36 32157 1
62 41 32197 1
23 92 32199 0
51 31 32216 1
105 52 32257 1
68 74 32306 1
66 65 32310 1
104 50 32311 1
54 55 32373 0
55 80 32382 0
24 70 32391 0
38 112 32407 1
25 105 32485 0
93 39 32519 1
51 45 32565 0
35 116 32581 0
94 40 32587 1
37 101 32658 1
64 46 32659 1
27 64 32667 0
43 59 32736 1
54 53 32763 0
29 112 32788 0
70 90 32794 0
105 72 32832 1
53 51 32880 0
54 73 32883 0
42 62 32894 1
37 77 32941 1
22 95 32954 0
61 88 33028 0
62 89 33079 0
60 86 33090 0
27 108 33101 0
31 117 33130 0
56 78 33144 0
59 34 33241 1
54 67 33272 0
61 87 33298 0
105 78 33327 1
27 63 33357 0
94 86 33421 0
24 88 33513 0
54 71 33540 0
62 39 33565 1
26 104 33581 0
43 56 33698 1
96 71 33700 0
57 80 33711 0
96 40 33748 1
42 106 33871 1
37 105 33907 1
28 61 34091 0
23 99 34121 0
104 47 34170 1
54 77 34182 0
23 86 34328 0
31 114 34333 0
25 67 34346 0
22 98 34358 0
53 47 34361 0
63 44 34399 1
28 60 34440 0
41 64 34460 1
95 82 34470 0
61 35 34498 1
47 32 34540 1
38 107 34553 1
64 50 34561 1
37 87 34633 1
96 82 34651 0
54 74 34719 0
37 76 34740 1
65 49 34810 1
37 78 34919 1
55 60 34963 0
97 87 35009 0
59 33 35081 1
65 91 35167 0
60 87 35231 0
106 66 35349 1
58 31 35410 1
101 89 35427 0
24 96 35435 0
26 107 35483 0
24 99 35575 0
37 99 35576 1
54 64 35584 0
23 83 35606 0
99 88 35634 0
38 77 35635 1
41 63 35644 1
106 79 35656 1
37 93 35721 1
27 109 35725 0
27 116 35804 0
36 89 35820 1
24 82 35844 0
107 83 35907 1
55 51 35933 0
37 83 35944 1
53 60 35953 0
56 78 35990 0
65 61 36026 1
66 52 36056 1
55 71 36088 0
45 32 36140 1
29 62 36144 0
24 75 36151 0
64 49 36222 1
56 80 36465 0
37 92 36550 1
96 64 36569 0
106 61 36588 1
66 67 36627 1
65 53 36659 1
57 83 36660 0
85 50 36670 0
33 51 36682 0
66 54 36749 1
37 97 36791 1
36 100 36874 1
62 40 36877 1
24 90 36915 0
25 101 36926 0
107 82 36954 1
24 104 36968 0
105 76 36970 1
97 89 37029 0
99 89 37035 0
52 45 37174 0
55 52 37197 0
32 115 37204 0
60 86 37248 0
21 81 37255 0
54 55 37267 0
52 51 37407 0
96 62 37419 0
96 74 37477 0
102 89 37481 0
59 35 37515 1
101 42 37567 1
32 114 37592 0
94 79 37594 0
66 68 37629 1
103 89 37824 0
25 106 37889 0
106 57 37926 1
102 43 37929 1
96 88 37951 0
97 87 37954 0
55 31 37987 1
51 53 37993 0
24 88 38011 0
46 51 38086 1
96 70 38091 0
65 57 38105 1
53 47 38123 0
59 87 38279 0
54 57 38279 0
38 110 38285 1
95 39 38314 1
21 86 38421 0
53 64 38428 0
54 54 38475 0
97 57 38689 0
106 76 38693 1
106 80 38747 1
71 90 38766 0
53 44 38775 0
106 56 38813 1
22 81 38861 0
95 40 38865 1
23 89 38865 0
95 86 38953 0
25 103 38955 0
96 82 38983 0
99 88 38997 0
96 58 39023 0
24 105 39028 0
105 53 39037 1
28 63 39063 0
65 51 39088 1
96 77 39093 0
95 81 39135 0
65 58 39167 1
65 90 39210 0
54 62 39217 0
56 78 39241 0
55 68 39245 0
106 64 39407 1
66 55 39423 1
25 105 39460 0
106 73 39510 1
66 66 39539 1
66 89 39550 0
65 54 39579 1
103 45 39622 1
106 75 39662 1
23 94 39752 0
57 82 39754 0
97 59 39778 0
106 55 39821 1
55 66 39825 0
29 112 39827 0
53 45 39842 0
104 48 39898 1
103 90 39926 0
55 72 39933 0
57 81 39947 0
61 87 39950 0
51 30 39956 1
59 86 39983 0
97 86 39986 0
38 76 40024 1
53 56 40042 0
105 50 40067 1
53 70 40111 0
82 74 40145 1
56 79 40147 0
23 77 40165 0
101 89 40175 0
61 37 40213 1
102 42 40220 1
51 47 40258 0
86 48 40261 0
96 57 40329 0
23 93 40340 0
106 77 40340 1
23 96 40373 0
58 32 40379 1
55 73 40383 0
104 46 40419 1
97 87 40430 0
106 60 40468 1
65 52 40492 1
55 76 40496 0
27 113 40514 0
106 59 40572 1
67 60 40608 1
97 39 40645 1
106 68 40682 1
106 58 40698 1
25 71 40700 0
65 88 40720 0
76 63 40726 0
70 89 40786 0
74 48 40818 1
39 71 40823 1
63 43 40843 1
66 59 40898 1
61 38 40949 1
42 58 40973 1
26 107 40988 0
60 35 41000 1
64 48 41064 1
100 41 41081 1
105 66 41110 1
66 69 41113 1
65 50 41190 1
37 89 41249 1
56 30 41251 1
57 31 41251 1
65 48 41254 1
31 56 41273 0
106 70 41305 1
96 75 41316 0
64 52 41319 1
25 104 41335 0
69 90 41345 0
38 81 41379 1
99 39 41383 1
37 79 41404 1
55 80 41438 0
37 80 41445 1
101 41 41480 1
58 33 41495 1
65 70 41496 1
105 52 41549 1
60 86 41588 0
24 89 41588 0
105 51 41598 1
29 111 41611 0
62 38 41648 1
104 40 41661 1
29 113 41663 0
38 86 41668 1
39 108 41675 1
97 73 41695 0
46 52 41727 1
55 75 41748 0
66 60 41781 1
25 92 41787 0
55 58 41801 0
60 36 41810 1
55 69 41849 0
29 58 41861 0
24 93 41870 0
97 88 41921 0
24 80 41921 0
62 88 41928 0
37 90 41928 1
99 40 42000 1
61 36 42041 1
55 61 42047 0
43 57 42050 1
54 55 42063 0
38 88 42091 1
72 68 42098 0
27 106 42135 0
38 84 42143 1
66 71 42151 1
97 40 42159 1
106 83 42161 1
95 82 42189 0
39 109 42215 1
57 80 42221 0
97 70 42245 0
103 44 42251 1
95 63 42276 0
98 40 42277 1
96 74 42311 0
26 104 42370 0
100 40 42375 1
37 98 42384 1
28 110 42392 0
37 103 42401 1
54 49 42405 0
53 45 42441 0
69 89 42530 0
71 88 42552 0
97 56 42559 0
102 44 42560 1
24 81 42562 0
32 114 42592 0
34 47 42594 0
38 72 42596 1
59 32 42651 1
28 59 42675 0
38 93 42715 1
83 53 42724 0
56 78 42744 0
31 112 42751 0
38 78 42796 1
40 67 42830 1
38 70 42855 1
106 78 42890 1
37 91 42898 1
106 52 42899 1
91 60 42955 1
28 65 42968 0
104 47 42969 1
96 82 42995 0
96 66 43015 0
38 104 43023 1
28 61 43046 0
38 102 43046 1
60 87 43058 0
53 47 43087 0
62 90 43110 0
67 58 43115 1
106 86 43119 1
52 30 43124 1
106 74 43128 1
105 48 43130 1
38 90 43135 1
95 85 43180 0
54 63 43185 0
32 52 43191 0
54 54 43220 0
66 72 43237 1
37 100 43242 1
38 91 43250 1
46 32 43253 1
97 89 43255 0
91 61 43255 1
38 89 43292 1
98 39 43318 1
106 57 43341 1
37 88 43348 1
56 70 43353 0
25 78 43354 0
37 104 43356 1
38 83 43358 1
64 45 43362 1
66 57 43363 1
40 66 43370 1
55 70 43404 0
72 69 43405 0
38 106 43477 1
25 87 43482 0
62 89 43572 0
66 61 43661 1
24 88 43669 0
99 88 43702 0
96 68 43704 0
32 51 43716 0
38 99 43738 1
102 43 43740 1
105 55 43758 1
38 73 43766 1
53 44 43773 0
25 66 43783 0
107 80 43802 1
66 51 43821 1
97 87 43826 0
37 94 43829 1
38 79 43842 1
38 92 43861 1
96 71 43890 0
55 72 43897 0
34 116 43901 0
38 80 43901 1
29 59 43905 0
64 46 43911 1
65 68 43962 1
66 89 43988 0
96 88 43989 0
38 71 43994 1
58 82 43994 0
59 33 44000 1
25 75 44008 0
107 60 44073 1
63 39 44086 1
97 68 44103 0
44 56 44160 1
63 40 44207 1
24 95 44215 0
55 29 44229 1
96 39 44231 1
28 63 44276 0
25 99 44283 0
38 87 44326 1
38 96 44360 1
79 78 44494 1
58 84 44506 0
54 74 44562 0
41 61 44636 1
38 111 44637 1
66 58 44660 1
25 106 44666 0
24 74 44675 0
62 37 44689 1
96 62 44700 0
25 39 44714 1
25 76 44715 0
56 85 44759 0
55 87 44760 0
106 71 44766 1
64 92 44796 0
24 100 44829 0
59 34 44902 1
55 56 44934 0
24 89 44969 0
53 59 44978 0
37 102 44978 1
23 82 44987 0
103 45 45115 1
38 108 45116 1
38 94 45154 1
96 69 45160 0
64 43 45198 1
54 77 45207 0
60 34 45224 1
37 86 45249 1
34 49 45389 0
25 70 45433 0
54 30 45556 1
66 53 45646 1
38 103 45650 1
107 58 45744 1
66 56 45778 1
24 80 45856 0
53 30 45871 1
68 91 45908 0
38 85 45932 1
106 55 45949 1
97 70 45950 0
53 45 45989 0
37 81 46259 1
80 58 46296 0
38 74 46329 1
38 105 46356 1
24 81 46435 0
54 73 46445 0
54 78 46489 0
107 62 46542 1
26 107 46571 0
64 42 46598 1
106 77 46643 1
106 53 46643 1
37 105 46643 1
107 81 46644 1
106 80 46672 1
55 30 46672 1
61 42 46764 1
54 57 46842 1
54 31 46842 1
58 82 46859 0
61 37 46895 1
29 112 46909 0
106 54 46929 1
74 48 46930 1
30 113 46987 0
61 87 46999 0
95 83 47059 0
39 63 47119 1
24 93 47134 0
92 41 47168 1
81 7 47285 1
36 44 47285 0
107 70 47313 1
63 88 47455 0
38 101 47464 1
63 44 47475 1
39 112 47489 1
38 75 47516 1
23 81 47559 0
37 95 47606 1
44 35 47637 1
37 42 47698 0
63 46 47831 1
65 91 47835 0
105 65 47975 1
63 43 48043 1
36 87 48052 1
62 36 48084 1
39 70 48136 1
54 29 48160 1
66 65 48258 1
39 72 48331 1
106 67 48337 1
105 53 48424 1
24 90 48473 0
38 95 48492 1
55 31 48528 1
58 84 48531 0
55 70 48561 0
64 48 48635 1
96 80 48755 0
55 56 48914 0
65 55 48938 1
96 65 48971 0
57 31 48993 1
66 62 49050 1
54 48 49161 0
27 110 49227 0
27 105 49337 0
45 33 49353 1
25 75 49368 0
106 56 49470 1
37 96 49491 1
36 98 49491 1
105 49 49546 1
49 31 49607 1
81 56 49743 0
24 80 49756 0
104 88 49860 0
54 55 50048 0
96 73 50061 0
97 89 50226 0
24 89 50348 0
114 106 50473 1
63 88 50557 0
56 31 50584 1
30 56 50649 0
68 90 50694 0
42 60 50716 1
96 74 50774 0
67 72 50855 1
45 53 50880 1
66 70 50922 1
102 89 51000 0
54 59 51036 0
37 87 51045 1
71 89 51081 0
43 33 51146 1
31 114 51273 0
30 113 51319 0
96 88 51327 0
44 55 51472 1
52 29 51500 1
58 82 51501 0
24 81 51594 0
55 72 51749 0
95 83 51816 0
52 47 51873 0
37 99 51933 1
54 65 51953 0
105 50 51959 1
25 91 51974 0
54 48 52073 0
64 90 52077 0
55 77 52174 0
37 101 52201 1
43 58 52213 1
96 80 52232 0
56 29 52245 1
55 62 52254 0
65 54 52261 1
39 69 52269 1
54 54 52418 0
97 57 52418 0
60 88 52440 0
96 85 52699 0
74 48 52750 1
24 73 52809 0
94 82 52860 0
60 35 52899 1
37 92 52914 1
67 63 53030 1
27 105 53031 0
66 90 53035 0
106 72 53060 1
25 77 53080 0
64 50 53372 1
86 68 53484 1
104 45 53528 1
98 88 53567 0
106 61 53648 1
89 65 53758 1
24 105 53788 0
58 84 53794 0
25 106 53855 0
54 66 53905 0
107 63 54014 1
61 35 54030 1
43 34 54063 1
97 86 54068 0
53 29 54211 1
105 71 54220 1
55 52 54238 0
37 111 54425 1
84 52 54486 0
24 80 54500 0
104 40 54580 1
99 89 54609 0
57 81 54664 0
26 71 54704 0
58 31 54722 1
94 86 54758 0
38 76 54759 1
25 101 54790 0
55 51 54792 0
47 31 54820 1
32 114 54888 0
63 88 55065 0
53 52 55087 0
25 76 55099 0
24 78 55216 0
66 55 55247 1
97 70 55336 0
54 48 55381 0
30 59 55472 0
55 56 55509 0
60 86 55543 0
55 67 55613 0
61 89 55639 0
67 59 55761 1
29 57 55815 0
29 111 55829 0
60 85 55905 0
52 46 55907 0
66 63 56147 1
27 110 56221 0
24 88 56284 0
54 56 56322 0
96 85 56339 0
25 105 56501 0
94 39 56507 1
28 63 56660 0
29 56 56730 0
26 107 56743 0
27 106 56803 0
35 116 56858 0
38 40 56876 0
97 87 56960 0
64 41 56971 1
60 36 56999 1
95 59 57018 0
61 88 57048 0
96 73 57049 0
33 51 57051 0
24 71 57205 0
54 58 57229 0
62 38 57290 1
105 51 57325 1
95 83 57379 0
38 106 57390 1
106 77 57487 1
27 108 57546 0
82 75 57586 1
24 96 57604 0
106 64 57610 1
65 53 57627 1
56 59 57660 0
52 50 57672 0
55 71 57672 0
96 80 57696 0
61 38 57713 1
54 53 57747 0
101 90 57807 0
27 105 57843 0
98 88 57881 0
95 39 57928 1
26 76 58009 0
29 114 58029 0
57 80 58209 0
59 85 58261 0
27 65 58286 0
53 44 58354 0
64 90 58424 0
92 60 58440 1
38 77 58511 1
55 80 58551 0
66 66 58585 1
54 46 58719 0
60 33 58767 1
26 104 58841 0
25 69 58881 0
65 52 58906 1
56 75 59032 0
24 103 59209 0
35 46 59249 0
97 67 59305 0
37 97 59327 1
90 63 59366 1
63 89 59409 0
72 67 59411 0
107 72 59561 1
36 116 59561 0
66 90 59577 0
102 42 59609 1
17 126 59704 1
64 46 59759 1
104 46 59761 1
38 78 59944 1
39 111 60019 1
65 51 60034 1
54 50 60098 0
66 59 60129 1
55 77 60155 0
38 98 60198 1
48 32 60209 1
38 100 60355 1
60 85 60394 0
55 73 60517 0
59 83 60526 0
60 88 60549 0
65 49 60637 1
107 85 60658 1
24 82 60945 0
97 89 60983 0
96 82 61177 0
24 98 61221 0
106 66 61236 1
67 56 61271 1
107 59 61326 1
61 36 61329 1
44 57 61455 1
40 113 61611 1
88 66 61808 1
35 101 61873 1
52 44 61874 0
47 50 61920 1
107 61 61936 1
85 51 61965 0
24 78 61991 0
37 83 62167 1
88 46 62343 0
54 65 62346 0
56 81 62401 0
96 85 62402 0
64 44 62435 1
97 60 62480 0
40 112 62672 1
106 73 62762 1
59 33 62834 1
38 97 62842 1
107 82 62927 1
59 85 62975 0
80 2 62998 1
66 52 63061 1
54 48 63135 0
24 80 63195 0
37 77 63301 1
96 81 63350 0
97 35 63464 1
98 88 63518 0
105 46 63587 1
25 84 63614 0
37 82 63656 1
57 30 63666 1
24 73 63805 0
103 44 63805 1
97 39 63855 1
96 88 63887 0
99 88 63912 0
56 75 64030 0
97 64 64039 0
63 89 64081 0
49 41 64140 1
49 30 64140 1
98 39 64232 1
99 40 64261 1
106 57 64330 1
106 55 64340 1
97 59 64342 0
23 98 64442 0
106 78 64507 1
54 46 64508 0
107 79 64515 1
39 110 64561 1
74 48 64608 1
66 68 64621 1
39 108 64621 1
106 74 64646 1
54 50 64697 0
97 67 64801 0
107 68 64860 1
30 56 64888 0
38 86 64890 1
101 89 64899 0
106 68 64945 1
99 39 64980 1
103 45 64982 1
104 44 65008 1
54 51 65034 0
55 67 65076 0
106 51 65085 1
98 87 65090 0
100 40 65257 1
106 54 65266 1
66 71 65303 1
106 76 65307 1
66 119 65341 1
39 107 65342 1
56 68 65356 0
106 75 65382 1
59 32 65411 1
47 51 65452 1
97 56 65454 0
104 40 65469 1
102 42 65477 1
67 64 65482 1
64 90 65483 0
101 40 65501 1
37 89 65569 1
105 48 65601 1
105 52 65617 1
107 84 65655 1
65 47 65656 1
106 70 65711 1
106 60 65744 1
63 39 65772 1
107 83 65778 1
52 46 65780 0
107 65 65786 1
64 45 65871 1
100 39 65910 1
55 54 65930 0
63 37 65952 1
102 41 66003 1
67 62 66018 1
65 50 66042 1
97 57 66052 0
105 50 66118 1
107 64 66134 1
42 61 66148 1
105 49 66185 1
63 38 66187 1
63 40 66193 1
24 93 66237 0
68 73 66245 1
97 73 66246 0
106 59 66246 1
67 65 66249 1
66 89 66257 0
104 46 66261 1
99 87 66298 0
97 60 66318 0
59 34 66337 1
103 43 66361 1
54 59 66370 0
58 82 66372 0
107 78 66381 1
65 88 66427 0
96 76 66437 0
101 41 66461 1
95 80 66482 0
38 84 66483 1
107 80 66515 1
55 74 66578 0
64 48 66578 1
106 49 66625 1
104 47 66629 1
50 30 66673 1
102 43 66694 1
97 52 66719 1
97 68 66719 0
94 57 66741 1
43 59 66750 1
38 81 66813 1
66 72 66815 1
105 58 66832 1
107 77 66855 1
53 45 66874 0
98 38 66880 1
55 70 66902 0
57 79 66926 0
61 37 66992 1
96 81 67076 0
60 34 67087 1
105 47 67087 1
106 77 67097 1
106 55 67113 1
67 61 67173 1
56 59 67178 0
37 104 67196 1
107 57 67197 1
86 49 67230 0
59 83 67240 0
38 104 67253 1
30 113 67268 0
107 71 67313 1
83 72 67340 1
55 66 67375 0
38 91 67391 1
67 60 67428 1
61 85 67439 0
107 66 67441 1
97 38 67443 1
28 110 67490 0
64 42 67532 1
63 90 67537 0
64 43 67538 1
13 85 67573 0
103 44 67581 1
96 82 67590 0
39 109 67603 1
69 89 67629 0
97 70 67636 0
37 100 67649 1
57 31 67653 1
98 86 67660 0
55 68 67688 0
104 45 67693 1
56 78 67694 0
39 73 67737 1
97 86 67766 0
96 80 67885 0
99 88 67886 0
98 87 67911 0
43 61 67914 1
24 98 67917 0
60 32 67929 1
38 88 67936 1
107 81 67938 1
96 38 67944 1
75 84 67945 1
38 102 67966 1
67 71 67967 1
67 58 67983 1
102 42 67985 1
38 99 67988 1
31 112 68022 0
66 58 68040 1
38 92 68064 1
67 67 68077 1
60 85 68079 0
37 90 68097 1
66 53 68110 1
42 63 68134 1
98 40 68177 1
40 111 68215 1
98 39 68232 1
48 31 68305 1
97 64 68306 0
61 87 68332 0
56 70 68344 0
107 69 68351 1
72 87 68362 0
62 88 68392 0
37 41 68392 0
40 110 68393 1
97 39 68394 1
59 85 68430 0
63 39 68439 1
67 55 68440 1
105 75 68450 1
52 44 68456 0
33 49 68459 0
37 86 68479 1
29 62 68483 0
67 68 68508 1
97 59 68520 0
42 62 68521 1
63 88 68532 0
38 90 68536 1
25 87 68559 0
25 103 68584 0
54 49 68585 0
27 69 68607 0
55 62 68683 0
30 58 68710 0
25 79 68737 0
106 54 68743 1
24 84 68753 0
38 87 68767 1
56 30 68767 1
25 92 68787 0
58 31 68790 1
107 62 68819 1
96 85 68828 0
55 51 68833 0
65 49 68835 1
106 53 68856 1
38 89 68911 1
26 68 68917 0
58 30 68978 1
41 65 69013 1
55 52 69018 0
65 48 69032 1
60 87 69041 0
96 77 69061 0
39 74 69083 1
38 101 69084 1
25 75 69100 0
37 76 69122 1
32 115 69125 0
61 35 69133 1
24 99 69149 0
107 60 69153 1
38 78 69160 0
38 93 69161 1
25 99 69169 0
97 67 69184 0
54 46 69200 0
106 73 69214 1
38 83 69226 1
63 89 69230 0
58 84 69237 0
56 75 69240 0
38 94 69244 1
37 79 69250 1
66 56 69265 1
66 50 69265 1
24 81 69273 0
66 89 69279 0
59 33 69294 1
39 71 69302 1
59 32 69323 1
95 83 69366 0
39 75 69366 1
54 77 69382 0
65 88 69413 0
36 115 69424 0
103 45 69459 1
38 105 69469 1
25 71 69495 0
71 71 69507 0
24 89 69511 0
38 80 69518 1
27 67 69539 0
37 98 69545 1
30 59 69547 0
38 71 69579 1
96 73 69583 0
54 51 69640 0
104 88 69685 0
37 94 69686 1
24 78 69704 0
66 71 69707 1
27 65 69732 0
63 43 69735 1
107 73 69738 1
47 49 69741 1
39 76 69744 1
47 32 69744 1
53 44 69745 0
55 54 69765 0
59 31 69807 1
66 90 69808 0
55 29 69843 1
98 88 69870 0
57 79 69880 0
34 49 69892 0
37 102 69907 1
106 51 69913 1
67 88 69915 0
61 34 69951 1
67 72 69953 1
96 81 69960 0
100 40 69986 1
57 57 70000 0
27 110 70001 0
66 56 70003 1
54 28 70030 1
25 77 70043 0
24 72 70064 0
62 36 70109 1
27 66 70152 0
66 49 70152 1
52 74 70157 0
27 105 70188 0
66 51 70199 1
38 96 70200 1
99 39 70257 1
31 112 70267 0
38 85 70275 1
105 48 70277 1
39 85 70278 1
54 50 70296 0
97 66 70308 0
55 56 70313 0
25 101 70344 0
95 39 70371 1
97 60 70386 0
44 56 70399 1
37 80 70462 1
56 68 70500 0
97 88 70565 0
66 62 70586 1
54 74 70596 0
67 57 70616 1
97 57 70633 0
37 43 70645 0
39 81 70653 1
104 46 70677 1
93 40 70679 1
54 48 70704 0
43 57 70715 1
96 84 70721 0
51 29 70727 1
98 87 70728 0
65 50 70737 1
24 91 70739 0
91 61 70742 1
54 29 70769 1
29 111 70771 0
64 48 70773 1
97 56 70787 0
107 58 70855 1
59 83 70920 0
105 42 70934 1
64 42 70989 1
28 65 71056 0
99 87 71061 0
101 41 71087 1
64 46 71101 1
102 40 71104 1
66 65 71114 1
97 87 71119 0
65 89 71120 0
64 45 71135 1
37 93 71144 1
38 79 71150 1
57 30 71151 1
67 56 71187 1
60 33 71219 1
107 79 71237 1
58 82 71259 0
102 41 71267 1
55 69 71276 0
38 77 71311 1
64 43 71325 1
59 84 71329 0
106 74 71334 1
33 51 71391 0
55 30 71391 1
30 114 71392 0
38 95 71427 1
60 88 71436 0
25 84 71450 0
39 82 71455 1
98 86 71477 0
65 46 71498 1
37 81 71504 1
59 30 71512 1
65 52 71534 1
105 49 71549 1
64 41 71555 1
67 53 71557 1
57 80 71583 0
40 67 71606 1
28 109 71645 0
67 70 71655 1
36 44 71661 0
84 51 71674 0
25 88 71721 0
67 63 71727 1
39 39 71728 0
25 91 71781 0
101 40 71802 1
31 115 71802 0
28 113 71861 0
67 59 71869 1
29 59 71880 0
60 86 71953 0
38 103 71954 1
37 99 71983 1
40 108 71990 1
67 69 72081 1
65 90 72088 0
37 105 72151 1
52 30 72162 1
39 108 72165 1
55 72 72234 0
25 76 72247 0
39 77 72266 1
25 95 72290 0
70 89 72346 0
61 85 72360 0
64 89 72361 0
33 115 72446 0
26 71 72452 0
58 83 72504 0
83 73 72505 1
38 99 72519 1
97 64 72528 0
39 72 72543 1
107 63 72592 1
57 31 72593 1
67 51 72596 1
100 39 72618 1
39 107 72640 1
39 69 72656 1
37 92 72827 1
62 35 72874 1
57 79 72913 0
106 55 72954 1
25 69 72985 0
103 44 73019 1
55 60 73045 0
56 84 73057 0
55 54 73177 0
43 60 73179 1
24 80 73253 0
66 55 73314 1
39 70 73336 1
105 50 73393 1
38 102 73407 1
55 74 73460 0
54 68 73476 0
9 13 73488 1
96 81 73592 0
96 76 73605 0
105 46 73634 1
24 95 73664 0
39 113 73706 1
38 98 73706 1
43 58 73737 1
106 78 73752 1
25 87 73760 0
38 106 73793 1
29 112 73870 0
24 101 73875 0
97 66 73912 0
66 60 73919 1
103 43 73933 1
53 47 74003 0
38 92 74017 1
106 52 74021 1
37 91 74048 1
38 84 74177 1
37 116 74195 0
59 32 74220 1
25 79 74296 0
37 42 74331 0
60 85 74363 0
57 58 74385 0
67 52 74414 1
34 46 74416 0
55 71 74465 0
37 96 74472 1
107 76 74509 1
107 80 74544 1
63 38 74547 1
96 84 74555 0
38 100 74557 1
102 42 74560 1
40 66 74571 1
44 34 74571 1
33 114 74580 0
37 89 74595 1
32 114 74664 0
47 31 74699 1
38 91 74789 1
55 31 74813 1
24 84 74814 0
54 46 74863 0
25 92 74911 0
27 106 74915 0
104 44 74941 1
25 78 74955 0
101 39 75003 1
60 90 75010 0
38 81 75029 1
59 84 75100 0
107 59 75153 1
37 95 75161 1
65 89 75211 0
46 32 75233 1
65 51 75315 1
104 45 75338 1
34 47 75345 0
61 37 75395 1
38 78 75492 1
38 101 75556 1
54 51 75569 0
30 113 75592 0
61 35 75609 1
66 48 75626 1
56 51 75724 0
39 109 75769 1
97 71 75813 0
58 31 75813 1
37 87 75876 1
95 80 75898 0
38 86 75910 1
96 90 75929 0
31 57 75979 0
26 104 75999 0
26 76 76014 0
55 70 76020 0
24 98 76063 0
25 88 76077 0
55 58 76099 0
13 85 76102 0
38 97 76126 1
24 91 76157 0
98 39 76162 1
79 79 76289 1
54 47 76299 0
98 38 76413 1
28 109 76426 0
34 114 76472 0
106 77 76476 1
41 63 76541 1
68 73 76551 1
29 58 76577 0
25 100 76768 0
25 95 76803 0
55 64 76811 0
60 32 76858 1
67 60 77039 1
39 110 77111 1
43 62 77112 1
97 70 77160 0
59 33 77213 1
67 80 77261 0
67 54 77261 1
37 110 77268 1
56 75 77272 0
26 67 77301 0
56 59 77324 0
97 68 77324 0
107 61 77359 1
69 89 77380 0
45 55 77381 1
64 89 77400 0
30 56 77407 0
67 62 77416 1
107 74 77447 1
91 62 77510 1
24 90 77544 0
67 89 77547 0
38 76 77548 1
98 87 77549 0
66 66 77562 1
59 85 77608 0
26 111 77684 0
26 68 77709 0
31 114 77754 0
58 30 77755 1
37 97 77810 1
53 46 77886 0
97 67 77906 0
55 54 77908 0
97 73 77936 0
63 89 77951 0
53 49 77970 0
33 115 77989 0
58 83 78006 0
96 82 78016 0
54 72 78043 0
96 64 78052 0
106 54 78134 1
25 75 78137 0
53 29 78155 1
97 66 78214 0
39 89 78237 1
96 84 78260 0
66 52 78272 1
87 47 78298 0
106 50 78306 1
55 67 78333 0
63 90 78366 0
37 109 78413 1
38 75 78434 1
33 47 78486 0
97 86 78489 0
107 75 78539 1
25 89 78563 0
98 86 78629 0
38 104 78774 1
95 38 78779 1
63 39 78866 1
57 79 78886 0
23 91 78934 0
59 84 79007 0
105 47 79055 1
38 87 79085 1
65 54 79105 1
106 57 79108 1
52 45 79212 0
29 61 79232 0
65 91 79260 0
63 36 79287 1
24 83 79437 0
84 53 79465 0
61 87 79510 0
53 44 79523 0
97 62 79539 0
27 66 79555 0
33 114 79589 0
38 89 79649 1
100 88 79674 0
28 62 79675 0
67 88 79752 0
97 60 79821 0
97 71 79838 0
25 99 79857 0
65 89 79858 0
55 73 79918 0
64 38 79926 1
55 55 79943 0
37 83 79952 1
54 47 79974 0
59 92 79997 0
66 91 80064 0
67 58 80083 1
43 59 80093 1
65 88 80125 0
63 88 80223 0
96 75 80297 0
39 111 80428 1
25 70 80434 0
58 85 80451 0
57 29 80476 1
107 81 80494 1
65 47 80549 1
34 114 80606 0
38 93 80619 1
54 65 80717 0
66 53 80811 1
44 57 80943 1
28 109 80971 0
55 74 81001 0
97 76 81049 0
24 78 81050 0
38 90 81085 1
25 100 81193 0
103 42 81244 1
30 58 81354 0
37 100 81447 1
67 89 81496 0
38 88 81501 1
95 66 81503 0
68 58 81663 1
82 54 81691 0
55 51 81718 0
55 57 81762 0
62 36 81776 1
107 70 81863 1
25 77 82007 0
67 71 82008 1
59 34 82061 1
44 55 82066 1
106 48 82099 1
106 80 82132 1
25 80 82142 0
30 59 82193 0
34 49 82211 0
96 83 82256 0
55 61 82269 0
25 104 82273 0
56 70 82355 0
28 61 82394 0
54 50 82438 0
25 84 82440 0
64 40 82496 1
107 67 82536 1
99 88 82545 0
86 48 82614 0
97 85 82630 0
26 72 82634 0
59 83 82635 0
77 61 82663 0
29 62 82734 0
26 110 82861 0
56 29 82888 1
97 64 82912 0
56 68 82923 0
100 88 82966 0
24 84 82984 0
55 52 82992 0
77 62 83061 0
96 84 83158 0
96 81 83255 0
25 89 83344 0
52 44 83462 0
61 85 83539 0
54 47 83572 0
80 57 83639 0
67 72 83649 1
104 40 83688 1
64 43 83692 1
64 42 83788 1
26 105 83870 0
36 114 83910 0
96 78 83933 0
97 38 84030 1
107 78 84082 1
108 81 84098 1
24 91 84119 0
67 61 84120 1
63 37 84127 1
105 48 84141 1
60 33 84170 1
28 113 84218 0
88 65 84229 1
48 76 84379 0
48 49 84379 1
13 85 84401 0
97 39 84426 1
61 86 84450 0
39 106 84538 1
41 64 84580 1
55 59 84623 0
97 62 84710 0
25 88 84868 0
55 64 84929 0
27 105 84938 0
102 89 84940 0
56 65 84955 0
64 90 84995 0
64 89 85028 0
24 92 85043 0
97 71 85079 0
29 61 85084 0
31 112 85095 0
39 108 85098 1
55 82 85106 0
50 30 85153 1
28 111 85177 0
25 112 85206 0
55 77 85295 0
55 55 85384 0
68 92 85437 0
25 95 85470 0
25 113 85474 0
32 50 85486 0
96 85 85545 0
53 46 85601 0
65 48 85634 1
67 90 85722 0
64 41 85757 1
24 80 85842 0
39 71 85842 1
67 89 85855 0
33 115 85897 0
107 82 85960 1
38 112 86026 1
58 83 86036 0
64 39 86108 1
25 71 86160 0
31 50 86219 0
24 83 86280 0
98 89 86344 0
29 113 86366 0
61 92 86400 0
52 80 86444 0
34 114 86463 0
97 59 86475 0
97 85 86513 0
96 83 86521 0
24 79 86533 0
28 109 86708 0
27 69 86727 0
53 54 86764 0
33 114 87018 0
100 88 87033 0
25 100 87039 0
97 56 87070 0
97 76 87077 0
27 62 87085 0
39 73 87166 1
107 64 87189 1
64 48 87206 1
59 84 87223 0
27 67 87255 0
54 70 87259 0
36 43 87273 0
25 80 87349 0
52 29 87351 1
38 83 87351 1
55 54 87386 0
67 64 87433 1
54 55 87487 0
23 84 87543 0
25 76 87617 0
38 94 87635 1
33 48 87692 0
61 34 87765 1
60 91 87847 0
66 51 87866 1
57 85 87938 0
33 54 87966 0
38 80 87968 1
55 66 88116 0
107 72 88273 1
61 86 88309 0
54 47 88588 0
97 75 88608 0
107 65 88665 1
42 58 89027 1
64 45 89203 1
114 78 89228 1
34 113 89291 0
57 30 89344 1
96 38 89370 1
65 45 89377 1
107 84 89547 1
55 57 89574 0
107 83 89691 1
55 29 89693 1
97 63 89877 0
28 62 89951 0
39 112 90101 1
104 43 90242 1
94 88 90254 0
29 60 90417 0
107 57 90493 1
38 85 90502 1
99 39 90756 1
97 54 90776 0
99 87 90834 0
31 53 90906 0
67 55 90911 1
38 96 90921 1
59 31 90940 1
107 60 91047 1
97 66 91088 0
65 89 91289 0
96 83 91294 0
97 57 91337 0
58 85 91344 0
68 89 91456 0
37 104 91477 1
54 52 91483 0
104 88 91497 0
53 49 91621 0
106 52 91656 1
71 88 91748 0
24 92 91809 0
67 66 91825 1
98 86 91842 0
97 65 91933 0
24 85 92016 0
96 67 92036 0
106 73 92055 1
98 87 92091 0
106 51 92092 1
35 44 92103 0
96 78 92175 0
26 89 92181 0
97 85 92274 0
67 57 92336 1
89 45 92352 0
105 49 92376 1
67 89 92384 0
107 79 92388 1
56 65 92412 0
35 45 92445 0
97 62 92501 0
29 36 92520 0
56 88 92544 0
53 45 92583 0
100 90 92599 0
62 88 92617 0
61 84 92621 0
59 89 92643 0
51 30 92679 1
57 57 92683 0
26 105 92749 0
57 60 92757 0
60 85 92772 0
54 60 92874 0
32 49 92879 0
101 40 92936 1
40 68 92959 1
67 65 92982 1
97 87 92991 0
24 75 93181 0
54 67 93184 0
81 56 93221 0
70 91 93254 0
60 89 93260 0
102 41 93264 1
65 49 93308 1
56 51 93323 0
97 75 93324 0
28 111 93366 0
103 43 93382 1
105 45 93503 1
27 104 93524 0
60 84 93554 0
104 46 93579 1
28 107 93701 0
86 49 93716 0
100 88 93817 0
85 50 93833 0
59 32 93845 1
39 75 93912 1
97 74 93936 0
36 115 93941 0
66 89 93963 0
68 72 93982 1
97 70 94020 0
65 88 94064 0
67 56 94089 1
67 90 94115 0
65 50 94153 1
52 46 94158 0
107 58 94187 1
98 38 94194 1
39 74 94253 1
100 39 94275 1
107 56 94292 1
25 103 94302 0
96 84 94310 0
106 49 94400 1
38 99 94402 1
66 50 94551 1
67 67 94576 1
67 88 94595 0
100 40 94612 1
107 85 94630 1
61 33 94713 1
97 61 94726 0
57 58 94755 0
54 29 94771 1
61 86 94790 0
62 34 94843 1
25 87 94953 0
85 51 94977 0
37 86 94983 1
55 55 95031 0
68 60 95051 1
24 79 95123 0
55 56 95158 0
97 63 95165 0
30 111 95214 0
29 111 95263 0
25 91 95302 0
36 113 95322 0
58 31 95342 1
65 44 95351 1
104 42 95384 1
38 95 95412 1
63 38 95442 1
107 44 95481 1
61 35 95501 1
55 65 95549 0
44 58 95552 1
42 64 95612 1
27 64 95620 0
25 89 95625 0
25 92 95626 0
25 101 95653 0
33 116 95654 0
53 68 95671 0
57 31 95673 1
31 56 95674 0
107 80 95697 1
98 88 95712 0
55 68 95713 0
55 59 95735 0
63 39 95739 1
107 66 95739 1
38 102 95846 1
96 59 95872 0
68 89 95881 0
107 68 95955 1
97 71 95984 0
60 32 95995 1
39 107 96010 1
34 113 96022 0
61 85 96035 0
25 79 96060 0
28 63 96069 0
21 103 96070 0
56 84 96074 0
49 30 96090 1
95 70 96153 0
102 88 96228 0
24 96 96243 0
26 71 96247 0
96 72 96321 0
105 47 96335 1
96 86 96351 0
27 65 96361 0
98 39 96404 1
56 56 96412 0
98 74 96424 0
27 60 96473 0
60 31 96499 1
99 87 96511 0
25 80 96536 0
103 89 96590 0
67 70 96591 1
106 47 96607 1
60 84 96609 0
67 68 96609 1
102 40 96613 1
96 62 96615 0
39 76 96617 1
26 72 96650 0
57 77 96654 0
26 76 96724 0
107 62 96728 1
54 48 96789 0
66 58 96805 1
65 46 96809 1
97 65 96813 0
53 28 96842 1
40 69 96904 1
97 76 96913 0
106 74 96976 1
29 60 96990 0
97 67 96990 0
27 61 97049 0
56 49 97064 0
97 86 97089 0
52 64 97099 0
105 46 97100 1
29 61 97102 0
54 46 97113 0
102 42 97147 1
57 65 97149 0
39 78 97165 1
25 78 97183 0
104 44 97227 1
56 60 97229 0
25 114 97296 0
39 80 97348 1
55 28 97372 1
27 104 97379 0
24 81 97381 0
58 82 97381 0
39 72 97428 1
24 106 97451 0
55 51 97477 0
63 88 97501 0
64 42 97521 1
28 107 97586 0
98 86 97669 0
30 61 97677 0
55 52 97688 0
67 71 97706 1
97 73 97952 0
73 66 97986 0
22 84 97992 0
31 112 98048 0
97 74 98058 0
56 52 98066 0
37 99 98097 1
62 36 98100 1
107 69 98134 1
57 79 98256 0
70 88 98262 0
96 83 98387 0
25 84 98406 0
107 77 98545 1
58 30 98558 1
28 65 98608 0
68 57 98637 1
54 47 98637 0
28 108 98646 0
67 63 98657 1
55 64 98661 0
38 100 98684 1
39 103 98699 1
107 71 98702 1
107 55 98712 1
62 35 98728 1
66 49 98746 1
107 59 98777 1
22 93 98804 0
103 42 98815 1
38 77 98857 1
98 63 98951 0
67 59 98953 1
39 91 98960 1
103 41 98967 1
28 105 98981 0
65 47 98988 1
66 71 99096 1
38 98 99099 1
94 39 99099 1
30 111 99110 0
57 77 99127 0
106 50 99130 1
44 56 99154 1
45 54 99158 1
57 70 99196 0
25 94 99264 0
39 70 99328 1
48 32 99362 1
97 38 99388 1
37 94 99431 1
43 61 99492 1
105 48 99593 1
80 77 99596 1
67 58 99636 1
37 92 99655 1
34 114 99662 0
95 80 99698 0
54 52 99768 0
95 39 99795 1
64 43 99807 1
101 41 99816 1
60 84 99842 0
102 88 99961 0
39 105 99971 1
97 61 99973 0
67 53 100010 1
38 101 100011 1
67 69 100043 1
67 60 100131 1
69 88 100193 0
106 51 100218 1
66 53 100236 1
42 61 100237 1
40 109 100277 1
64 41 100293 1
107 78 100336 1
104 40 100365 1
38 92 100378 1
99 39 100416 1
100 38 100441 1
39 97 100446 1
40 110 100462 1
108 82 100584 1
38 84 100630 1
57 78 100690 0
35 46 100716 0
107 61 100733 1
40 67 100847 1
108 79 100904 1
39 88 100910 1
80 76 100976 1
60 30 101151 1
82 74 101156 1
33 115 101215 0
39 106 101221 1
107 53 101338 1
97 75 101460 0
39 69 101462 1
56 56 101495 0
43 60 101512 1
24 85 101537 0
38 91 101580 1
46 53 101695 1
108 59 101737 1
39 77 101742 1
27 104 101755 0
99 38 101806 1
66 62 101844 1
108 83 101875 1
53 46 101941 0
26 68 101985 0
28 109 102014 0
57 77 102182 0
39 82 102273 1
39 81 102353 1
38 81 102356 1
68 89 102362 0
24 92 102512 0
39 86 102568 1
56 52 102632 0
28 107 102677 0
28 105 102712 0
55 65 102760 0
39 87 102775 1
39 104 102998 1
22 83 103081 0
31 55 103108 0
57 30 103110 1
31 52 103140 0
25 100 103197 0
38 97 103206 1
25 88 103352 0
63 90 103357 0
77 82 103388 1
80 78 103470 1
102 88 103546 0
55 62 103548 0
107 63 103663 1
38 86 103698 1
65 48 103745 1
67 54 103769 1
54 28 103806 1
97 54 103905 0
98 38 103970 1
61 34 104014 1
25 75 104025 0
25 99 104065 0
38 78 104167 1
107 57 104198 1
97 68 104204 0
33 50 104237 0
102 41 104247 1
60 84 104331 0
97 85 104490 0
56 73 104535 0
40 108 104537 1
54 51 104549 0
57 81 104572 0
28 108 104655 0
107 70 104673 1
25 94 104856 0
68 54 104921 1
97 65 104958 0
98 63 104978 0
97 63 105002 0
107 81 105052 1
57 78 105117 0
56 58 105290 0
67 62 105315 1
100 39 105430 1
96 86 105465 0
70 88 105472 0
56 28 105485 1
101 40 105499 1
64 40 105588 1
63 37 105610 1
66 93 105659 0
107 79 105729 1
97 74 105800 0
59 32 105805 1
61 32 105870 1
39 85 105916 1
61 84 105921 0
57 57 105986 0
97 56 106058 0
59 30 106080 1
107 58 106195 1
101 39 106198 1
27 107 106220 0
39 109 106313 1
25 95 106354 0
69 88 106354 0
65 49 106390 1
60 33 106391 1
107 76 106428 1
43 58 106458 1
73 86 106616 0
106 49 106647 1
48 30 106655 1
60 32 106736 1
104 43 106736 1
28 105 106748 0
95 38 106758 1
59 83 106816 0
33 51 106822 0
63 39 106824 1
56 70 106828 0
92 60 106853 1
105 45 106909 1
39 83 106917 1
68 55 106952 1
78 79 106997 1
40 112 107030 1
87 67 107035 1
97 61 107125 0
67 90 107149 0
30 111 107180 0
102 88 107182 0
79 78 107188 1
64 39 107239 1
105 87 107243 0
67 56 107285 1
40 70 107287 1
38 87 107299 1
68 59 107308 1
65 50 107333 1
67 65 107354 1
57 77 107366 0
39 71 107401 1
67 55 107401 1
56 76 107419 0
67 88 107426 0
102 40 107428 1
65 42 107453 1
37 100 107483 1
33 114 107544 0
106 51 107559 1
28 106 107564 0
65 45 107636 1
107 64 107637 1
107 55 107651 1
39 108 107656 1
103 42 107688 1
87 68 107707 1
30 59 107710 0
24 93 107736 0
65 88 107742 0
32 52 107752 0
101 88 107757 0
13 85 107820 0
24 89 107843 0
106 55 107878 1
28 64 107884 0
97 39 107928 1
35 116 107942 0
58 29 107942 1
24 107 107952 0
57 29 108002 1
63 36 108041 1
107 56 108048 1
25 102 108057 0
98 86 108059 0
100 88 108072 0
56 68 108087 0
34 49 108099 0
107 62 108107 1
107 73 108122 1
64 42 108123 1
105 46 108134 1
56 51 108138 0
59 31 108163 1
56 60 108179 0
67 71 108198 1
61 85 108229 0
29 60 108233 0
53 44 108235 0
67 61 108239 1
56 65 108253 0
26 82 108293 0
96 74 108373 0
104 44 108386 1
61 33 108388 1
55 29 108409 1
96 38 108411 1
24 83 108418 0
25 77 108465 0
65 46 108562 1
106 50 108584 1
55 57 108701 0
107 65 108726 1
108 60 108737 1
107 57 108743 1
61 86 108828 0
56 54 108842 0
57 61 108853 0
62 36 108877 1
30 58 108892 0
70 87 108943 0
56 49 108966 0
25 86 108982 0
41 66 109005 1
67 70 109032 1
67 57 109039 1
40 78 109083 1
107 77 109100 1
68 72 109125 1
72 87 109169 0
65 43 109172 1
26 89 109183 0
56 56 109230 0
56 73 109294 0
97 60 109294 0
39 98 109302 1
34 113 109334 0
27 72 109363 0
60 31 109378 1
32 114 109391 0
39 101 109411 1
67 66 109454 1
105 47 109460 1
39 79 109468 1
61 84 109497 0
106 48 109500 1
25 87 109510 0
103 88 109554 0
37 74 109592 1
37 115 109592 0
29 62 109608 0
61 35 109641 1
39 73 109645 1
35 48 109652 0
38 93 109655 1
55 74 109659 0
56 59 109671 0
56 52 109689 0
107 80 109701 1
67 52 109720 1
67 67 109743 1
98 87 109748 0
96 82 109759 0
108 62 109832 1
97 54 109838 0
43 59 109921 1
39 110 109937 1
27 104 109972 0
55 54 109996 0
57 60 110016 0
58 30 110029 1
81 55 110033 0
39 94 110083 1
89 64 110100 1
57 78 110124 0
38 94 110207 1
57 59 110212 0
97 76 110237 0
53 29 110276 1
25 92 110299 0
31 57 110311 0
28 114 110359 0
39 107 110367 1
107 78 110387 1
24 88 110389 0
64 38 110393 1
28 108 110412 0
25 89 110429 0
25 69 110445 0
96 81 110474 0
38 102 110498 1
98 74 110498 0
107 75 110575 1
30 55 110588 0
58 85 110589 0
36 114 110620 0
56 64 110624 0
38 99 110636 1
55 67 110643 0
67 64 110644 1
55 69 110655 0
59 84 110689 0
54 29 110708 1
23 89 110724 0
66 51 110741 1
24 87 110777 0
68 58 110854 1
23 63 110855 0
53 57 110911 0
25 80 110921 0
27 69 110946 0
28 106 110958 0
38 96 110977 1
37 43 110979 0
62 86 110993 0
39 84 111043 1
39 72 111126 1
13 80 111157 0
107 66 111187 1
59 29 111224 1
53 51 111225 0
66 50 111251 1
38 89 111263 1
97 38 111304 1
28 105 111323 0
39 90 111354 1
107 60 111368 1
98 63 111387 0
108 81 111433 1
27 66 111469 0
67 51 111484 1
30 62 111513 0
107 84 111523 1
39 75 111560 1
68 61 111629 1
98 38 111645 1
39 93 111663 1
39 89 111700 1
28 62 111747 0
60 84 111874 0
55 63 111996 0
25 84 112022 0
17 57 112088 0
30 110 112091 0
66 46 112136 1
66 48 112146 1
40 71 112167 1
103 41 112255 1
25 94 112274 0
44 57 112286 1
68 68 112319 1
74 48 112331 1
101 88 112362 0
56 58 112378 0
55 65 112390 0
62 35 112439 1
56 54 112449 0
39 102 112467 1
99 39 112474 1
30 112 112521 0
65 47 112624 1
23 85 112635 0
38 42 112653 0
107 74 112672 1
29 110 112677 0
107 72 112712 1
25 86 112735 0
54 27 112764 1
96 56 112772 0
70 88 112773 0
25 91 112801 0
57 74 112817 0
28 107 112839 0
33 50 112840 0
40 107 112911 1
66 53 112945 1
40 111 112973 1
63 35 113011 1
26 71 113035 0
30 61 113071 0
54 79 113092 0
108 64 113124 1
31 112 113124 0
25 111 113125 0
38 95 113154 1
107 61 113166 1
66 49 113225 1
108 61 113264 1
40 75 113274 1
34 47 113406 0
91 76 113432 0
91 61 113433 1
66 47 113541 1
26 102 113556 0
25 79 113563 0
64 41 113582 1
99 87 113598 0
38 98 113639 1
47 31 113716 1
38 85 113716 1
86 69 113772 1
53 75 113790 0
39 100 113863 1
39 105 113878 1
33 113 113957 0
35 115 113971 0
42 62 113992 1
39 106 113993 1
97 62 113993 0
96 59 114029 0
108 67 114033 1
56 62 114070 0
30 56 114105 0
101 38 114128 1
51 29 114130 1
40 68 114141 1
97 75 114177 0
97 66 114189 0
24 77 114192 0
94 59 114195 0
37 97 114202 1
62 86 114287 0
69 88 114310 0
23 72 114351 0
56 73 114398 0
68 56 114428 1
56 61 114463 0
39 111 114512 1
39 78 114539 1
59 81 114577 0
56 29 114610 1
107 71 114621 1
38 101 114662 1
62 33 114734 1
28 106 114771 0
39 85 114800 1
99 38 114860 1
37 42 114893 0
102 88 114898 0
40 69 114903 1
56 57 114983 0
63 87 115080 0
55 84 115124 0
26 76 115146 0
57 70 115170 0
57 30 115180 1
107 63 115259 1
39 99 115271 1
67 68 115283 1
57 77 115357 0
26 72 115360 0
65 49 115367 1
97 55 115395 0
50 30 115407 1
100 39 115432 1
23 104 115473 0
64 91 115508 0
107 68 115550 1
39 80 115551 1
56 76 115624 0
37 79 115631 1
60 32 115646 1
28 111 115649 0
39 76 115649 1
36 113 115728 0
57 74 115799 0
103 88 115805 0
67 53 115836 1
30 110 115843 0
54 52 115862 0
62 34 115899 1
95 62 115919 0
24 82 116161 0
63 36 116187 1
58 78 116204 0
67 58 116271 1
25 102 116363 0
64 37 116439 1
38 100 116461 1
54 44 116488 0
25 73 116495 0
39 104 116555 1
65 44 116563 1
53 72 116582 0
28 68 116603 0
26 104 116635 0
26 103 116656 0
27 107 116681 0
39 103 116756 1
67 63 116758 1
107 67 116789 1
13 85 116810 0
26 70 116836 0
34 114 116873 0
56 64 117026 0
69 72 117146 1
25 86 117199 0
56 69 117410 0
54 54 117414 0
96 78 117425 0
41 65 117517 1
24 85 117607 0
93 84 117720 0
68 71 117738 1
55 79 117842 0
107 53 117856 1
104 42 117904 1
102 41 117930 1
59 30 117979 1
106 49 118069 1
29 110 118150 0
39 92 118221 1
52 29 118268 1
57 58 118280 0
106 47 118329 1
108 84 118370 1
56 80 118372 0
63 38 118417 1
28 108 118516 0
27 105 118521 0
107 58 118529 1
62 86 118554 0
59 81 118556 0
108 78 118565 1
97 74 118595 0
105 44 118610 1
55 49 118685 0
61 34 118690 1
55 28 118712 1
107 70 118742 1
104 43 118831 1
107 69 118837 1
58 78 118841 0
98 86 118858 0
95 91 118933 0
102 40 118950 1
103 42 118971 1
74 48 118973 1
30 112 118980 0
101 39 119018 1
105 46 119044 1
27 68 119066 0
25 85 119106 0
84 72 119116 1
100 38 119121 1
101 88 119138 0
97 55 119145 0
107 55 119157 1
97 85 119161 0
63 87 119199 0
47 52 119351 1
107 54 119380 1
26 105 119395 0
107 78 119401 1
55 72 119406 0
68 51 119432 1
57 74 119439 0
49 30 119446 1
105 45 119482 1
107 57 119488 1
67 88 119570 0
55 70 119603 0
107 77 119643 1
29 59 119667 0
106 51 119683 1
67 60 119702 1
65 48 119753 1
97 70 119777 0
28 106 119788 0
47 33 119825 1
56 54 119900 0
67 71 119950 1
68 63 119956 1
67 59 119967 1
108 80 119972 1
95 60 119976 0
54 44 120019 0
108 79 120155 1
26 102 120197 0
56 49 120204 0
37 114 120205 0
64 42 120222 1
65 50 120245 1
56 51 120285 0
106 50 120314 1
51 50 120346 0
92 80 120351 0
37 99 120358 1
107 56 120360 1
24 109 120385 0
97 64 120392 0
62 36 120392 1
67 70 120396 1
100 89 120444 0
65 46 120490 1
30 111 120507 0
29 42 120508 0
64 39 120521 1
61 84 120527 0
57 65 120537 0
61 33 120576 1
100 86 120591 0
47 30 120611 1
61 32 120618 1
57 75 120703 0
68 57 120788 1
97 73 120803 0
55 51 120806 0
57 78 120807 0
107 64 120835 1
103 40 120835 1
61 85 120883 0
55 55 120896 0
108 68 120956 1
97 54 121018 0
58 30 121043 1
107 50 121046 1
25 88 121055 0
65 45 121074 1
58 78 121155 0
30 59 121163 0
26 84 121175 0
68 64 121201 1
74 65 121217 0
39 95 121251 1
59 86 121295 0
57 57 121311 0
53 48 121317 0
22 78 121326 0
67 55 121351 1
98 63 121358 0
107 62 121362 1
67 65 121371 1
63 39 121395 1
40 67 121416 1
98 38 121444 1
56 75 121462 0
94 81 121519 0
26 82 121534 0
75 64 121553 0
40 108 121557 1
35 48 121595 0
103 41 121618 1
96 80 121645 0
39 77 121668 1
65 88 121697 0
38 92 121697 1
97 53 121707 0
65 42 121764 1
108 58 121764 1
24 87 121771 0
60 85 121787 0
57 29 121826 1
31 55 121837 0
57 61 121838 0
60 31 121845 1
68 52 121852 1
53 68 121854 0
67 50 121857 1
68 60 121905 1
38 114 121928 0
65 41 121936 1
108 82 121949 1
38 77 121949 1
57 59 121976 0
39 96 121981 1
39 81 122005 1
68 70 122009 1
106 46 122028 1
39 82 122029 1
98 74 122123 0
56 52 122126 0
56 57 122159 0
25 78 122179 0
33 46 122202 0
97 38 122209 1
25 95 122245 0
67 56 122248 1
45 54 122265 1
55 52 122280 0
56 65 122352 0
56 70 122355 0
59 83 122376 0
33 54 122392 0
27 67 122418 0
39 88 122418 1
29 61 122444 0
106 48 122484 1
30 110 122494 0
44 58 122546 1
48 50 122551 1
107 76 122559 1
33 113 122563 0
67 69 122665 1
26 89 122666 0
38 81 122707 1
57 64 122716 0
106 49 122739 1
97 55 122748 0
40 72 122760 1
57 74 122788 0
107 49 122805 1
56 62 122850 0
56 69 122885 0
33 50 122889 0
65 43 122890 1
55 27 122930 1
39 87 122931 1
7 28 122934 1
63 87 122966 0
56 66 122968 0
64 38 122986 1
39 91 123000 1
59 30 123106 1
45 55 123135 1
59 81 123147 0
56 73 123154 0
41 64 123171 1
25 73 123217 0
45 33 123255 1
108 69 123255 1
38 97 123295 1
108 83 123333 1
56 61 123398 0
45 32 123421 1
44 56 123426 1
100 39 123528 1
97 72 123552 0
39 98 123572 1
102 39 123592 1
37 89 123616 1
40 73 123629 1
25 85 123632 0
54 44 123656 0
39 86 123663 1
29 110 123693 0
49 47 123706 1
107 75 123719 1
55 49 123831 0
55 63 123867 0
48 49 123964 1
104 88 123976 0
58 78 123982 0
58 29 123989 1
34 113 124018 0
40 70 124051 1
102 40 124068 1
26 70 124123 0
110 28 124179 1
67 67 124180 1
26 103 124182 0
103 88 124207 0
39 73 124227 1
39 107 124249 1
93 39 124265 1
68 58 124273 1
106 49 124286 1
39 47 124286 1
39 83 124286 1
92 40 124294 1
54 28 124343 1
28 105 124369 0
96 37 124379 1
35 115 124391 0
97 37 124409 1
104 44 124409 1
67 62 124458 1
39 101 124461 1
40 106 124467 1
107 53 124477 1
38 91 124485 1
108 59 124486 1
99 38 124535 1
68 54 124552 1
55 29 124573 1
41 109 124588 1
55 48 124616 0
65 35 124617 1
39 71 124621 1
65 47 124622 1
68 53 124626 1
57 75 124653 0
25 82 124679 0
25 86 124681 0
100 86 124723 0
68 55 124723 1
63 36 124762 1
74 48 124769 1
34 49 124803 0
107 73 124830 1
60 30 124839 1
28 64 124878 0
38 102 124885 1
22 104 124899 0
65 49 124937 1
58 79 124984 0
104 42 124997 1
56 56 125115 0
107 63 125119 1
107 66 125181 1
67 66 125230 1
96 56 125370 0
58 90 125422 0
107 65 125427 1
101 39 125466 1
68 62 125478 1
25 92 125502 0
24 73 125614 0
39 72 125635 1
41 63 125641 1
60 32 125673 1
24 79 125752 0
34 50 125758 0
62 34 125794 1
39 108 125848 1
103 42 125873 1
65 40 125910 1
25 72 125944 0
39 84 125949 1
30 112 125952 0
39 74 125952 1
27 72 125989 0
68 59 125990 1
40 110 126002 1
43 61 126007 1
107 61 126014 1
107 59 126163 1
37 81 126165 1
90 64 126187 1
40 74 126188 1
57 28 126204 1
39 75 126218 1
38 87 126224 1
107 55 126264 1
39 97 126286 1
40 107 126287 1
107 52 126316 1
55 75 126388 0
42 63 126391 1
56 76 126426 0
66 49 126436 1
105 46 126530 1
28 69 126546 0
97 71 126548 0
105 45 126627 1
40 109 126629 1
26 84 126657 0
39 94 126765 1
104 41 126766 1
38 94 126786 1
64 36 126820 1
43 60 126823 1
56 64 126839 0
56 60 126849 0
66 50 126864 1
36 115 126867 0
68 56 126940 1
107 71 126962 1
27 68 126984 0
69 72 127002 1
56 49 127023 0
61 31 127026 1
67 61 127084 1
50 29 127240 1
97 78 127262 0
38 99 127275 1
68 69 127304 1
56 28 127309 1
55 66 127397 0
95 38 127444 1
54 62 127452 0
62 86 127499 0
39 89 127503 1
33 51 127609 0
107 78 127610 1
56 27 127848 1
68 66 127869 1
67 71 127910 1
67 52 127934 1
57 30 127947 1
98 70 127948 0
67 54 127967 1
39 78 128048 0
39 102 128048 1
108 66 128054 1
25 99 128082 0
58 30 128117 1
55 48 128131 0
39 90 128172 1
49 29 128248 1
40 71 128398 1
26 71 128435 0
61 33 128447 1
70 88 128489 0
68 89 128492 0
35 45 128497 0
31 112 128503 0
24 77 128522 0
38 93 128562 1
69 88 128575 0
23 74 128689 0
39 104 128697 1
27 77 128727 0
30 58 128744 0
97 57 128766 0
25 85 128778 0
59 85 128785 0
56 58 128796 0
63 37 128871 1
70 87 128900 0
97 83 128963 0
30 109 128965 0
58 79 128977 0
43 59 129070 1
65 39 129116 1
95 82 129186 0
107 74 129255 1
61 32 129422 1
41 111 129439 1
25 89 129531 0
30 62 129566 0
56 66 129566 0
65 46 129609 1
38 40 129623 0
56 72 129765 0
67 88 129769 0
25 82 129815 0
54 44 129823 0
41 110 129838 1
38 96 129854 1
57 64 130041 0
66 48 130044 1
24 94 130049 0
63 87 130085 0
44 57 130091 1
27 104 130256 0
97 72 130297 0
54 29 130316 1
40 77 130367 1
28 106 130370 0
65 86 130395 0
43 62 130433 1
32 111 130509 0
25 98 130520 0
27 101 130540 0
39 100 130632 1
39 78 130645 1
83 73 130647 1
25 73 130712 0
52 28 130713 1
28 112 130743 0
98 90 130743 0
55 44 130838 0
25 100 130847 0
67 58 130855 1
38 101 130855 1
71 88 130878 0
34 50 130884 0
26 109 130925 0
108 81 130968 1
97 55 131008 0
26 67 131019 0
39 85 131051 1
97 58 131085 0
35 112 131091 0
40 69 131455 1
56 57 131585 0
26 102 131610 0
98 85 131663 0
56 68 131778 0
100 38 131786 1
25 71 131788 0
25 75 131795 0
95 76 131812 0
97 78 131827 0
99 87 131866 0
74 67 131871 0
77 81 131986 1
63 35 132012 1
25 80 132066 0
98 70 132092 0
31 58 132116 0
105 87 132132 0
55 48 132150 0
57 75 132166 0
32 53 132226 0
26 70 132254 0
43 58 132391 1
102 38 132415 1
97 53 132458 0
105 43 132493 1
35 46 132562 0
56 69 132645 0
31 111 132696 0
55 49 132757 0
100 86 132785 0
103 41 132786 1
61 84 132802 0
24 98 132803 0
87 47 132856 0
67 91 132913 0
25 87 132934 0
57 70 132968 0
32 113 132974 0
57 74 132993 0
29 110 133010 0
25 94 133024 0
33 49 133050 0
53 73 133080 0
26 76 133102 0
30 109 133151 0
103 45 133155 1
54 49 133176 0
58 79 133180 0
55 73 133188 0
28 110 133217 0
97 76 133231 0
67 57 133237 1
26 103 133246 0
55 59 133330 0
100 89 133513 0
106 87 133524 0
97 83 133552 0
51 51 133577 0
72 88 133804 0
39 43 133824 0
39 79 133825 1
55 44 133851 0
30 110 133884 0
60 84 133891 0
97 90 133901 0
56 67 133980 0
65 44 134006 1
69 89 134030 0
36 44 134050 0
53 28 134133 1
67 70 134142 1
54 64 134208 0
56 51 134224 0
25 101 134261 0
25 77 134276 0
39 105 134287 1
97 69 134433 0
68 41 134450 1
107 72 134477 1
27 101 134509 0
25 72 134523 0
55 53 134595 0
31 54 134598 0
87 46 134615 0
26 72 134632 0
31 56 134657 0
59 81 134724 0
98 85 134910 0
108 60 134932 1
30 115 134934 0
26 82 134974 0
97 86 134982 0
67 89 135000 0
26 68 135007 0
56 54 135013 0
21 94 135073 0
24 91 135120 0
24 58 135179 0
32 111 135376 0
24 69 135383 0
62 85 135439 0
27 69 135462 0
40 105 135544 1
25 82 135553 0
64 88 135577 0
36 113 135589 0
28 65 135644 0
25 106 135674 0
28 67 135686 0
67 53 135761 1
66 53 135764 1
56 72 135952 0
96 86 136088 0
23 107 136101 0
36 41 136108 0
26 81 136116 0
23 88 136154 0
32 117 136165 0
30 61 136170 0
57 54 136172 0
23 99 136176 0
36 114 136180 0
98 70 136229 0
55 65 136255 0
57 60 136359 0
54 71 136424 0
101 89 136592 0
25 67 136611 0
22 75 136810 0
51 68 136891 0
100 59 137005 1
40 76 137017 1
55 54 137041 0
62 32 137056 1
67 49 137115 1
55 44 137256 0
21 98 137270 0
23 101 137349 0
28 68 137352 0
56 86 137417 0
25 102 137454 0
23 80 137463 0
86 49 137509 0
84 52 137524 0
38 95 137638 1
105 86 137699 0
90 44 137743 0
29 62 137758 0
31 111 137837 0
52 75 137839 0
26 65 137847 0
98 86 137866 0
25 98 137919 0
98 37 138005 1
53 55 138148 0
97 72 138328 0
67 64 138374 1
57 82 138425 0
58 83 138481 0
62 85 138487 0
25 84 138506 0
39 103 138512 1
96 55 138516 0
33 114 138532 0
30 112 138541 0
41 37 138603 0
24 61 138612 0
55 48 138721 0
39 109 138820 1
97 58 138895 0
94 78 138929 0
34 50 138978 0
28 113 139163 0
30 52 139172 0
98 85 139204 0
25 57 139211 0
81 57 139273 0
56 79 139343 0
56 66 139415 0
22 79 139556 0
58 79 139598 0
27 101 139754 0
94 69 139774 0
65 45 139888 1
97 78 139919 0
56 67 139927 0
25 85 139959 0
38 98 139965 1
56 74 139987 0
26 81 140228 0
107 51 140250 1
55 47 140311 0
40 68 140327 1
55 45 140337 0
57 27 140363 1
94 38 140609 1
55 53 140638 0
66 46 140769 1
39 76 140770 1
40 79 140776 1
98 38 140839 1
32 113 140858 0
65 43 140955 1
29 107 140974 0
31 113 141126 0
57 55 141133 0
25 74 141395 0
24 87 141399 0
68 88 141400 0
63 85 141521 0
29 106 141680 0
39 38 141684 0
35 113 141719 0
107 54 141734 1
41 66 141737 1
24 97 141843 0
81 56 141877 0
107 77 142003 1
39 93 142116 1
39 82 142118 1
40 82 142182 1
45 56 142204 1
67 51 142207 1
57 73 142348 0
68 61 142546 1
57 54 142690 0
47 51 142781 1
107 57 142954 1
97 83 143062 0
107 68 143077 1
24 94 143095 0
105 44 143098 1
62 85 143110 0
53 48 143154 0
107 70 143198 1
30 109 143293 0
74 48 143322 1
24 110 143486 0
55 28 143598 1
108 61 143625 1
64 37 143728 1
32 53 144004 0
107 84 144021 1
56 82 144036 0
97 69 144044 0
101 38 144178 1
87 48 144220 0
108 78 144276 1
64 88 144340 0
106 49 144363 1
108 56 144380 1
108 62 144613 1
98 74 144620 0
108 79 144663 1
56 72 144671 0
26 86 144721 0
107 53 144770 1
23 85 144776 0
107 76 144807 1
26 97 144871 0
98 63 145083 0
97 54 145112 0
104 42 145123 1
106 47 145163 1
108 70 145196 1
98 70 145297 0
28 103 145306 0
64 86 145323 0
93 58 145372 1
104 40 145390 1
108 76 145418 1
55 45 145541 0
60 31 145561 1
106 45 145583 1
107 62 145592 1
97 85 145610 0
107 52 145628 1
108 71 145651 1
55 47 145706 0
102 40 145713 1
98 85 145719 0
100 86 145756 0
108 64 145769 1
57 29 145770 1
67 55 145782 1
58 78 145820 0
108 55 145842 1
54 69 145864 0
101 39 145883 1
59 30 145884 1
65 42 145887 1
105 45 145901 1
108 63 145909 1
107 75 145940 1
108 74 145985 1
103 40 146010 1
107 55 146018 1
92 60 146023 1
63 36 146023 1
67 63 146035 1
29 107 146047 0
64 38 146061 1
65 41 146063 1
67 65 146146 1
68 57 146155 1
54 61 146243 0
34 115 146246 0
107 71 146260 1
62 33 146310 1
97 38 146313 1
29 106 146369 0
39 81 146401 1
106 74 146402 1
106 46 146414 1
107 69 146426 1
68 60 146428 1
68 88 146436 0
107 56 146469 1
68 68 146548 1
106 48 146548 1
97 53 146596 0
108 59 146603 1
59 29 146629 1
68 70 146636 1
107 73 146650 1
52 29 146664 1
107 50 146676 1
66 86 146682 0
98 82 146689 0
66 47 146691 1
102 39 146704 1
107 77 146759 1
39 98 146803 1
97 74 146863 0
56 49 146879 0
66 45 146922 1
104 41 146968 1
96 83 146972 0
51 29 147010 1
25 73 147042 0
57 58 147074 0
99 38 147090 1
39 99 147106 1
57 65 147129 0
107 70 147145 1
57 55 147149 0
39 88 147181 1
56 61 147226 0
63 85 147227 0
69 72 147227 1
57 73 147232 0
107 53 147251 1
106 47 147286 1
55 44 147302 0
35 115 147319 0
107 66 147343 1
67 67 147358 1
62 34 147421 1
57 50 147442 0
56 52 147449 0
88 46 147453 0
107 64 147464 1
40 106 147492 1
40 108 147502 1
40 80 147530 1
57 57 147539 0
61 84 147563 0
39 87 147563 1
104 40 147636 1
67 56 147651 1
39 77 147659 1
56 67 147664 0
58 29 147665 1
108 77 147669 1
68 50 147696 1
105 43 147697 1
60 30 147734 1
105 44 147740 1
50 71 147752 0
106 86 147778 0
44 59 147778 1
67 59 147793 1
26 89 147800 0
23 103 147836 0
83 54 147839 0
108 82 147844 1
101 87 147867 0
39 95 147926 1
40 75 147930 1
65 47 147943 1
55 53 147955 0
68 63 147990 1
72 87 147991 0
65 86 148016 0
106 44 148025 1
107 72 148025 1
61 32 148030 1
67 48 148049 1
68 58 148052 1
107 51 148055 1
23 97 148072 0
103 41 148082 1
35 48 148087 0
39 92 148138 1
61 30 148155 1
62 85 148168 0
68 67 148168 1
97 37 148189 1
40 104 148214 1
35 50 148216 0
68 71 148300 1
63 34 148309 1
107 74 148321 1
61 33 148337 1
31 57 148368 0
44 60 148368 1
57 62 148373 0
26 84 148374 0
57 68 148382 0
97 77 148383 0
108 67 148385 1
38 85 148416 1
68 55 148419 1
26 81 148439 0
40 103 148457 1
30 59 148465 0
66 42 148508 1
39 101 148522 1
56 62 148563 0
108 79 148565 1
101 38 148566 1
25 82 148643 0
30 111 148678 0
56 51 148694 0
59 30 148739 1
40 78 148761 1
57 64 148765 0
68 46 148779 1
65 40 148784 1
41 31 148787 1
41 108 148787 1
67 50 148788 1
64 86 148853 0
38 92 148876 1
98 74 148883 0
88 66 148886 1
104 42 148908 1
57 59 148957 0
49 30 148981 1
29 108 149016 0
65 42 149042 1
45 54 149045 1
56 65 149055 0
88 45 149060 0
32 111 149071 0
39 91 149083 1
99 37 149106 1
65 46 149113 1
108 81 149126 1
40 107 149143 1
58 28 149168 1
48 30 149169 1
35 113 149174 0
27 72 149188 0
65 37 149205 1
63 36 149223 1
40 70 149237 1
41 107 149245 1
70 87 149245 0
107 52 149255 1
23 102 149265 0
68 56 149266 1
108 78 149267 1
40 72 149275 1
38 42 149276 0
107 76 149279 1
26 86 149358 0
63 35 149360 1
39 86 149376 1
68 53 149377 1
26 76 149385 0
61 85 149393 0
68 54 149413 1
26 83 149430 0
61 31 149467 1
107 47 149476 1
44 74 149477 1
44 58 149477 1
25 72 149482 0
39 100 149534 1
39 83 149566 1
66 48 149578 1
25 91 149591 0
107 58 149600 1
57 61 149626 0
34 113 149643 0
28 103 149644 0
68 61 149668 1
108 60 149669 1
39 85 149678 1
66 43 149681 1
66 49 149681 1
41 67 149696 1
63 87 149697 0
63 33 149719 1
68 62 149722 1
59 29 149722 1
39 104 149734 1
104 40 149757 1
41 65 149771 1
33 113 149773 0
108 73 149776 1
58 30 149791 1
100 86 149811 0
68 64 149820 1
100 38 149820 1
56 74 149828 0
26 82 149848 0
67 58 149853 1
55 45 149864 0
25 86 149891 0
29 106 149907 0
26 97 149916 0
27 91 149984 0
95 84 149994 0
39 96 150020 1
47 32 150021 1
103 40 150024 1
99 62 150029 0
71 70 150030 0
105 42 150045 1
66 88 150049 0
65 41 150091 1
101 88 150119 0
108 80 150119 1
32 56 150120 0
39 97 150154 1
98 64 150172 0
64 34 150175 1
31 111 150239 0
34 114 150241 0
64 35 150255 1
39 73 150268 1
31 113 150279 0
57 70 150279 0
108 83 150280 1
108 68 150282 1
59 77 150296 0
68 52 150312 1
65 39 150337 1
39 72 150356 1
40 81 150359 1
107 63 150381 1
66 44 150469 1
68 57 150474 1
109 79 150483 1
40 71 150504 1
40 73 150506 1
100 37 150506 1
64 36 150526 1
27 68 150546 0
106 51 150571 1
108 56 150574 1
27 98 150614 0
105 45 150631 1
29 107 150637 0
39 89 150658 1
57 54 150660 0
39 110 150667 1
39 103 150667 1
35 112 150674 0
58 80 150704 0
56 49 150724 0
108 54 150745 1
27 101 150750 0
25 88 150772 0
60 29 150803 1
54 27 150805 1
67 55 150836 1
40 92 150836 1
68 69 150892 1
68 49 150896 1
71 67 150897 1
55 44 150958 0
67 65 150965 1
45 55 151002 1
97 36 151030 1
40 85 151035 1
28 98 151056 0
39 78 151072 1
25 95 151096 0
107 75 151130 1
66 40 151163 1
98 85 151169 0
102 38 151172 1
41 64 151187 1
35 89 151189 1
35 47 151189 0
56 77 151203 0
40 90 151211 1
104 41 151222 1
101 87 151230 0
39 74 151253 1
39 102 151267 1
67 47 151283 1
101 39 151291 1
65 38 151292 1
63 85 151297 0
58 27 151351 1
69 71 151368 1
40 28 151418 1
40 69 151418 1
39 90 151451 1
37 114 151476 0
67 63 151496 1
60 30 151516 1
39 84 151538 1
69 72 151562 1
99 60 151588 0
25 81 151589 0
55 47 151604 0
102 88 151611 0
44 56 151611 1
67 66 151636 1
46 31 151685 1
27 76 151690 0
39 82 151697 1
63 32 151708 1
109 45 151718 1
64 38 151763 1
69 59 151767 1
57 73 151817 0
36 113 151818 0
62 34 151914 1
38 98 151917 1
68 60 151934 1
67 53 151970 1
25 74 151980 0
106 43 151995 1
107 49 151999 1
26 89 152006 0
61 32 152006 1
96 37 152010 1
56 27 152052 1
31 58 152087 0
105 40 152091 1
40 87 152095 1
67 52 152098 1
40 83 152105 1
68 59 152111 1
57 55 152144 0
69 57 152150 1
26 70 152174 0
40 106 152217 1
91 62 152235 1
39 80 152235 1
68 88 152256 0
40 103 152259 1
104 40 152281 1
40 104 152289 1
57 68 152291 0
68 66 152300 1
44 33 152312 1
109 45 152328 0
66 86 152346 0
98 61 152350 0
67 51 152407 1
108 66 152524 1
107 53 152530 1
98 67 152595 0
102 39 152625 1
39 94 152653 1
98 82 152684 0
27 77 152710 0
30 109 152714 0
59 82 152740 0
97 77 152755 0
46 32 152784 1
54 28 152789 1
29 111 152835 0
39 75 152886 1
27 69 152929 0
57 74 152946 0
26 81 152960 0
104 87 152982 0
44 57 153014 1
66 46 153016 1
27 67 153025 0
40 86 153042 1
59 30 153044 1
108 69 153052 1
64 86 153173 0
26 86 153180 0
97 78 153185 0
26 83 153190 0
40 67 153190 1
107 78 153203 1
25 79 153212 0
55 64 153254 0
97 75 153291 0
39 93 153337 1
69 65 153378 1
57 62 153398 0
27 66 153414 0
30 110 153421 0
25 98 153437 0
27 79 153452 0
26 71 153495 0
65 86 153501 0
55 43 153512 0
56 28 153516 1
98 69 153554 0
121 37 153590 1
108 58 153628 1
40 76 153643 1
28 69 153648 0
26 74 153687 0
108 84 153798 1
34 50 153803 0
34 49 153805 0
98 37 153858 1
108 72 153859 1
40 75 153863 1
26 84 153879 0
29 60 153900 0
56 69 153927 0
43 63 153947 1
38 94 153951 1
59 81 153962 0
108 55 154038 1
38 97 154038 1
103 39 154040 1
90 63 154044 1
28 67 154070 0
62 85 154092 0
39 68 154144 1
39 76 154144 1
28 103 154155 0
98 64 154221 0
56 59 154244 0
46 54 154255 1
40 79 154320 1
39 81 154348 1
40 91 154354 1
60 79 154438 0
106 45 154447 1
97 83 154488 0
39 107 154488 1
40 105 154496 1
66 41 154586 1
66 45 154586 1
68 51 154598 1
107 51 154605 1
67 49 154627 1
42 61 154662 1
25 93 154675 0
83 74 154709 1
68 13 154717 1
105 44 154720 1
62 32 154754 1
68 58 154841 1
39 88 154846 1
51 28 154859 1
24 102 154860 0
39 87 154863 1
41 66 154965 1
29 108 155084 0
107 71 155087 1
98 83 155125 0
97 58 155145 0
69 61 155147 1
101 87 155183 0
61 31 155190 1
29 106 155198 0
39 101 155216 1
30 62 155237 0
65 42 155286 1
108 75 155288 1
33 110 155288 0
50 30 155290 1
105 86 155352 0
66 88 155374 0
35 113 155382 0
97 65 155384 0
106 47 155404 1
65 40 155521 1
40 77 155526 1
98 80 155540 0
40 88 155575 1
27 99 155603 0
47 31 155620 1
27 98 155654 0
58 29 155658 1
60 31 155695 1
63 36 155791 1
65 41 155813 1
108 76 155948 1
26 97 155959 0
39 99 156013 1
40 72 156086 1
26 66 156096 0
42 106 156104 1
35 48 156112 0
78 60 156113 0
36 45 156115 0
55 43 156214 0
109 80 156250 1
108 70 156302 1
40 70 156353 1
67 46 156370 1
62 33 156382 1
27 65 156557 0
106 46 156668 1
45 57 156836 1
107 46 156839 1
40 65 156854 1
40 84 156854 1
40 100 156878 1
105 43 156890 1
107 50 156890 1
67 67 156975 1
60 83 157025 0
66 50 157029 1
98 67 157030 0
35 47 157130 0
55 27 157165 1
58 80 157193 0
31 54 157207 0
61 33 157256 1
107 77 157256 1
107 68 157274 1
98 63 157318 0
58 73 157488 0
40 74 157582 1
50 29 157596 1
25 83 157656 0
68 55 157713 1
52 43 157755 0
98 64 157806 1
98 69 157807 0
103 42 157815 1
100 87 157846 0
98 70 157861 0
39 98 157909 1
26 83 157913 0
39 95 157920 1
40 111 157997 1
105 87 158000 0
107 73 158059 1
104 87 158075 0
63 35 158145 1
98 64 158173 0
98 61 158177 0
98 83 158525 0
39 85 158561 1
26 74 158598 0
97 77 158667 0
32 113 158714 0
102 40 158715 1
25 92 158760 0
59 82 158828 0
97 53 158829 0
55 28 158835 1
29 107 158839 0
65 43 158861 1
98 54 158976 0
55 53 159068 0
66 43 159152 1
56 67 159184 0
96 87 159226 0
69 88 159246 0
39 71 159367 1
25 81 159376 0
57 50 159426 0
26 73 159455 0
103 88 159468 0
57 52 159478 0
56 64 159482 0
37 113 159491 0
55 43 159493 0
108 61 159523 1
27 90 159595 0
42 62 159612 1
87 48 159661 0
90 43 159719 0
24 76 159734 0
107 52 159736 1
70 88 159750 0
98 91 159754 0
36 114 159767 0
108 64 159791 1
58 73 159852 0
101 87 159867 0
27 76 160049 0
98 74 160078 0
25 76 160110 0
99 68 160112 0
97 37 160134 1
27 85 160258 0
73 86 160281 0
30 61 160312 0
24 84 160332 0
32 111 160367 0
60 88 160408 0
25 70 160495 0
56 52 160577 0
31 57 160624 0
108 70 160638 1
108 62 160638 1
20 53 160732 0
100 86 160748 0
33 50 160811 0
26 82 160863 0
27 99 160930 0
97 81 160996 0
107 48 161025 1
26 95 161028 0
57 77 161082 0
59 28 161163 1
26 86 161173 0
39 77 161266 1
44 61 161269 1
68 63 161293 1
101 38 161342 1
59 77 161347 0
61 83 161459 0
66 44 161537 1
34 115 161562 0
98 54 161650 0
63 85 161721 0
28 112 161721 0
39 39 161772 0
57 75 161824 0
40 99 161880 1
60 30 161883 1
39 92 161927 1
58 73 161994 0
57 73 161995 0
60 86 161998 0
98 82 162067 0
28 68 162074 0
56 49 162120 0
107 70 162176 1
56 54 162184 0
31 56 162200 0
33 54 162231 0
57 68 162238 0
43 59 162309 1
40 108 162335 1
66 88 162345 0
99 62 162352 0
58 59 162390 0
68 56 162412 1
62 86 162476 0
40 98 162538 1
27 72 162539 0
102 87 162549 0
57 72 162607 0
56 73 162632 0
26 72 162677 0
55 45 162690 0
31 55 162746 0
58 64 162760 0
82 54 162828 0
98 64 162838 0
58 72 162847 0
63 34 162853 1
108 73 162862 1
108 59 162863 1
98 67 162971 0
70 87 163009 0
38 114 163060 0
55 61 163083 0
38 96 163094 1
65 36 163112 1
66 48 163291 1
25 93 163429 0
59 29 163457 1
32 53 163535 0
60 83 163568 0
100 87 163587 0
105 88 163624 0
109 63 163656 1
39 100 163664 1
98 69 163744 0
107 55 163773 1
57 65 163818 0
64 36 163837 1
38 101 163879 1
59 79 163934 0
38 77 163934 1
40 82 163955 1
39 97 164038 1
40 110 164090 1
66 86 164093 0
29 108 164130 0
53 27 164131 1
29 105 164153 0
68 67 164162 1
65 39 164162 1
104 42 164228 1
49 29 164272 1
58 80 164287 0
25 96 164297 0
98 83 164304 0
28 98 164348 0
61 86 164353 0
57 58 164397 0
56 53 164441 0
107 74 164507 1
35 47 164509 0
39 86 164538 1
48 49 164599 1
26 74 164605 0
67 50 164685 1
40 80 164704 1
40 107 164721 1
43 60 164893 1
55 71 165013 0
97 81 165053 0
56 57 165067 0
99 60 165095 0
27 106 165103 0
31 111 165141 0
61 83 165160 0
26 95 165179 0
69 58 165191 1
40 106 165211 1
27 68 165405 0
39 103 165412 1
104 40 165428 1
114 78 165434 1
40 78 165510 1
108 56 165519 1
26 73 165632 0
24 97 165644 0
57 51 165675 0
106 44 165694 1
104 41 165737 1
40 101 165803 1
104 87 165898 0
35 46 165915 0
55 43 165932 0
28 102 166034 0
67 88 166213 0
69 70 166234 1
61 84 166256 0
39 89 166355 1
25 83 166457 0
56 63 166488 0
27 101 166493 0
57 62 166594 0
98 80 166618 0
58 72 166619 0
99 86 166668 0
58 73 166695 0
27 91 166778 0
98 61 166793 0
40 71 166834 1
98 54 166867 0
42 64 166987 1
102 87 166990 0
63 86 167042 0
26 91 167059 0
98 66 167141 0
57 72 167177 0
57 80 167230 0
41 109 167263 1
57 28 167296 1
108 71 167398 1
60 79 167451 0
29 106 167539 0
13 85 167632 0
94 84 167636 0
40 109 167680 1
40 93 167686 1
56 74 167814 0
103 40 167866 1
44 68 167869 1
108 78 167921 1
29 105 167986 0
59 79 167998 0
92 61 168026 1
68 48 168043 1
39 83 168082 1
58 28 168103 1
41 65 168180 1
98 68 168391 0
68 61 168400 1
55 48 168400 0
57 71 168536 0
51 29 168558 1
30 60 168564 0
59 82 168580 0
40 95 168580 1
67 48 168616 1
68 52 168642 1
68 88 168721 0
57 64 168734 0
56 72 168799 0
39 96 168847 1
26 98 168923 0
57 52 168956 0
61 87 168963 0
41 67 168991 1
54 45 169036 0
36 45 169068 0
100 87 169186 0
97 61 169273 0
68 62 169320 1
24 94 169387 0
107 72 169396 1
108 63 169404 1
108 77 169408 1
61 30 169467 1
27 82 169503 0
21 78 169694 0
23 74 169730 0
70 89 169743 0
33 111 169792 0
97 81 169810 0
104 89 169886 0
68 54 169952 1
26 81 169955 0
108 67 170053 1
68 53 170162 1
40 102 170207 1
45 56 170225 1
99 37 170262 1
28 102 170377 0
108 60 170388 1
25 97 170416 0
42 109 170445 1
26 95 170465 0
108 79 170555 1
109 45 170630 1
60 29 170724 1
38 92 170854 1
68 64 170919 1
26 83 171003 0
24 80 171072 0
28 105 171082 0
10 86 171085 0
95 38 171086 1
56 53 171101 0
56 70 171125 0
56 71 171138 0
28 103 171263 0
68 69 171322 1
99 64 171406 0
99 86 171433 0
71 87 171501 0
62 34 171560 1
39 40 171565 0
98 64 171603 0
61 83 171613 0
97 77 171754 0
99 56 171760 0
100 89 171795 0
34 51 172044 0
40 81 172191 1
33 52 172228 0
108 82 172236 1
109 82 172252 1
25 96 172281 0
102 87 172303 0
62 30 172304 1
29 105 172503 0
105 42 172556 1
43 61 172688 1
26 91 172701 0
61 32 172764 1
107 50 172783 1
108 53 172793 1
66 46 172891 1
57 51 172896 0
100 37 172922 1
107 49 172979 1
104 40 173016 1
57 72 173073 0
64 86 173106 0
108 81 173132 1
59 30 173144 1
101 37 173144 1
108 54 173175 1
102 38 173178 1
107 51 173234 1
57 60 173273 0
66 42 173326 1
109 81 173331 1
88 67 173404 1
109 60 173410 1
98 66 173435 0
85 51 173446 0
104 39 173446 1
65 38 173448 1
45 54 173476 1
69 47 173498 1
108 55 173521 1
99 55 173563 0
66 41 173633 1
64 35 173665 1
68 66 173684 1
65 86 173729 0
105 43 173741 1
108 83 173748 1
63 86 173791 0
57 54 173813 0
110 72 173823 1
52 22 173879 1
68 57 173883 1
58 54 174014 0
111 10 174022 1
62 31 174025 1
30 107 174027 0
26 73 174084 0
40 85 174146 1
108 74 174164 1
73 67 174189 0
65 37 174253 1
85 70 174283 1
26 78 174308 0
58 72 174317 0
57 71 174331 0
114 78 174343 1
27 98 174357 0
40 104 174410 1
89 64 174412 1
67 65 174424 1
62 32 174433 1
65 40 174457 1
106 45 174493 1
34 113 174556 0
57 27 174566 1
40 69 174599 1
39 91 174623 1
57 55 174649 0
59 77 174670 0
55 44 174679 0
109 78 174690 1
103 39 174693 1
39 84 174763 1
61 31 174793 1
44 60 174898 1
108 68 174950 1
65 41 174957 1
93 59 175035 1
107 66 175074 1
39 82 175080 1
65 42 175116 1
41 107 175126 1
27 73 175243 0
35 112 175255 0
36 113 175262 0
98 55 175270 0
26 98 175270 0
98 54 175299 0
60 80 175363 0
57 70 175365 0
80 77 175412 1
48 50 175412 1
39 78 175536 1
66 45 175544 1
26 76 175692 0
69 69 175693 1
59 79 175722 0
98 68 175756 0
61 82 175782 0
107 53 175853 1
45 55 175854 1
99 64 175881 0
49 30 175898 1
28 102 175905 0
67 51 175910 1
63 36 175912 1
108 66 175927 1
99 88 175935 0
109 79 175942 1
46 53 176025 1
40 103 176054 1
108 56 176057 1
58 59 176108 0
41 63 176150 1
68 60 176168 1
57 50 176173 0
103 40 176243 1
98 37 176263 1
75 64 176268 0
58 73 176309 0
101 38 176367 1
41 68 176396 1
68 68 176414 1
58 75 176450 0
57 57 176453 0
96 36 176500 1
30 60 176504 0
57 53 176506 0
27 79 176519 0
107 75 176524 1
98 69 176542 0
49 47 176542 1
68 58 176575 1
26 89 176603 0
27 103 176607 0
60 83 176632 0
102 39 176648 1
56 68 176832 0
40 76 176855 1
53 28 176861 1
105 86 176878 0
39 90 176907 1
98 36 176930 1
40 90 176943 1
44 58 176959 1
59 29 176977 1
27 77 177009 0
98 82 177100 0
98 83 177122 0
39 80 177134 1
34 53 177136 0
104 41 177192 1
25 81 177205 0
27 99 177213 0
99 86 177219 0
100 87 177232 0
55 68 177252 0
56 51 177260 0
104 40 177293 1
53 22 177347 1
101 87 177388 0
30 107 177407 0
57 61 177423 0
33 110 177428 0
60 79 177449 0
99 62 177488 0
67 49 177491 1
69 55 177508 1
30 113 177530 0
33 55 177566 0
42 65 177576 1
60 31 177626 1
40 94 177723 1
108 76 177727 1
40 83 177727 1
58 77 177753 0
63 20 177785 1
99 73 177849 0
66 44 177870 1
97 81 177885 0
98 67 177886 0
100 86 177887 0
108 51 177913 1
56 66 177949 0
63 85 177976 0
84 72 177976 1
99 68 177992 0
33 111 178021 0
27 72 178027 0
60 30 178034 1
40 75 178048 1
98 80 178062 0
39 94 178064 1
34 51 178069 0
40 96 178131 1
39 87 178199 1
31 58 178219 0
40 74 178228 1
52 28 178250 1
41 69 178289 1
99 85 178345 0
71 87 178442 0
98 71 178445 0
60 80 178454 0
109 45 178496 0
69 54 178509 1
119 60 178510 1
29 85 178603 0
29 105 178603 0
107 45 178630 1
41 108 178647 1
69 48 178659 1
108 85 178683 1
96 37 178705 1
93 58 178710 1
66 86 178743 0
40 79 178777 1
41 110 178785 1
105 42 178847 1
41 66 178872 1
39 101 178899 1
26 74 178906 0
106 43 178940 1
40 87 179018 1
56 27 179037 1
42 63 179069 1
94 39 179123 1
68 55 179149 1
27 78 179160 0
40 92 179218 1
37 43 179261 0
56 65 179315 0
29 103 179330 0
40 84 179341 1
69 71 179391 1
61 82 179395 0
65 39 179395 1
108 52 179395 1
56 63 179421 0
105 44 179447 1
32 55 179457 0
40 86 179462 1
68 50 179468 1
26 82 179470 0
99 36 179494 1
106 47 179499 1
39 93 179499 1
107 50 179525 1
40 89 179546 1
40 77 179565 1
58 27 179573 1
67 42 179576 1
39 81 179597 1
35 48 179610 0
26 97 179700 0
35 50 179732 0
74 48 179733 1
41 105 179744 1
67 47 179812 1
40 72 179861 1
70 71 179887 1
62 82 179891 0
57 23 179960 1
26 86 179998 0
63 33 180005 1
108 75 180006 1
43 97 180013 1
66 39 180054 1
56 53 180093 0
57 71 180115 0
26 91 180148 0
26 78 180163 0
93 40 180202 1
108 59 180217 1
98 66 180343 0
26 95 180430 0
72 87 180508 0
58 75 180523 0
97 37 180539 1
39 88 180572 1
25 74 180600 0
36 112 180616 0
66 88 180620 0
98 55 180746 0
26 84 180795 0
57 53 180797 0
65 47 180805 1
39 72 180847 1
35 113 180873 0
55 43 180931 0
106 44 180961 1
108 69 181030 1
39 99 181232 1
105 53 181244 1
69 56 181431 1
25 97 181451 0
30 107 181508 0
31 112 181562 0
107 61 181648 1
108 73 181703 1
30 62 181708 0
39 85 181764 1
13 85 181982 0
57 59 182001 0
28 98 182076 0
40 70 182095 1
54 28 182104 1
32 56 182166 0
58 62 182198 0
100 37 182202 1
97 59 182203 0
27 85 182260 0
61 32 182362 1
97 63 182367 0
99 85 182411 0
84 73 182505 1
27 90 182550 0
58 80 182553 0
30 59 182555 0
108 64 182589 1
49 48 182590 1
96 87 182591 0
37 41 182664 0
41 64 182783 1
26 98 182814 0
56 71 182833 0
60 80 182855 0
57 76 182906 0
97 82 182911 0
40 88 183163 1
29 103 183307 0
27 73 183377 0
99 65 183393 0
82 56 183395 0
57 72 183398 0
64 33 183415 1
58 54 183465 0
35 47 183518 0
57 56 183530 0
68 51 183631 1
109 45 183724 1
108 62 183735 1
107 47 183743 1
44 57 183802 1
32 112 183833 0
58 77 183865 0
60 28 183881 1
109 45 183967 0
26 106 183974 0
25 93 184005 0
63 86 184082 0
106 86 184086 0
27 76 184222 0
26 80 184353 0
95 37 184382 1
41 80 184385 1
67 63 184461 1
28 69 184465 0
73 87 184700 0
55 26 184853 1
98 59 184963 0
41 86 184982 1
60 29 185021 1
64 88 185025 0
28 102 185074 0
61 29 185085 1
35 45 185103 0
25 96 185115 0
98 71 185125 0
58 75 185161 0
55 51 185215 0
102 87 185225 0
25 78 185262 0
66 42 185354 1
67 55 185412 1
99 37 185546 1
26 66 185680 0
63 35 185967 1
66 43 185970 1
37 112 186031 0
70 87 186090 0
99 85 186099 0
26 85 186106 0
40 106 186163 1
58 72 186246 0
61 83 186279 0
26 107 186296 0
26 99 186332 0
65 86 186466 0
54 27 186568 1
46 55 186645 1
40 91 186681 1
69 72 186930 1
39 76 186971 1
47 30 187036 1
48 30 187053 1
27 75 187109 0
61 82 187121 0
30 56 187195 0
56 77 187363 0
58 78 187397 0
54 45 187415 0
28 108 187431 0
32 111 187453 0
55 50 187465 0
24 76 187486 0
33 52 187496 0
33 53 187543 0
45 33 187557 1
23 83 187580 0
27 89 187593 0
32 54 187604 1
59 30 187750 1
98 55 187765 0
29 112 187790 0
68 59 187813 1
97 67 187842 0
26 87 187870 0
56 60 187926 0
24 100 187980 0
107 48 188124 1
26 88 188125 0
71 87 188200 0
99 86 188252 0
27 103 188263 0
105 86 188359 0
64 89 188385 0
65 88 188481 0
55 47 188540 0
54 69 188544 0
62 82 188555 0
97 36 188559 1
27 78 188609 0
98 84 188807 0
73 86 188954 0
57 69 189029 0
19 103 189034 0
97 53 189048 0
25 87 189053 0
27 96 189071 0
96 55 189128 0
98 53 189218 0
26 80 189256 0
26 78 189348 0
28 70 189456 0
30 109 189486 0
36 112 189637 0
25 83 189661 0
55 27 189812 1
92 41 189817 1
57 56 189955 0
59 28 190118 1
49 29 190202 1
92 40 190227 1
97 82 190233 0
98 60 190285 0
22 72 190296 0
65 34 190357 1
58 28 190406 1
51 28 190409 1
64 34 190453 1
62 89 190478 0
94 38 190576 1
47 29 190594 1
102 38 190623 1
57 26 190698 1
51 45 190716 0
93 39 190795 1
32 112 190818 0
102 37 190825 1
31 113 191100 0
47 31 191129 1
26 69 191175 0
66 86 191380 0
97 37 191420 1
113 66 191454 1
49 28 191482 1
36 113 191618 0
56 26 191625 1
80 58 191657 1
45 32 191783 1
26 101 191974 0
96 37 191985 1
84 53 192018 1
50 28 192091 1
101 37 192133 1
69 70 192207 1
59 29 192211 1
45 31 192343 1
68 49 192442 1
44 33 192502 1
49 30 192601 1
85 51 192635 1
71 70 192665 1
109 45 192673 1
95 59 192695 0
91 42 192732 1
109 45 192749 0
75 64 192766 1
103 38 192812 1
51 44 192907 0
24 102 192941 0
57 28 193049 1
104 87 193155 0
26 85 193157 0
46 32 193176 1
98 59 193177 0
26 99 193219 0
121 110 193231 1
81 57 193332 1
99 85 193411 0
95 36 193726 1
64 87 193811 0
58 77 193870 0
38 112 193932 0
98 53 194042 0
53 74 194053 0
91 41 194087 1
78 79 194089 0
42 35 194257 1
82 56 194568 1
37 113 194579 0
56 27 194885 1
61 30 195030 1
26 88 195032 0
98 84 195201 0
62 84 195333 0
26 87 195353 0
53 27 195581 1
53 42 195616 0
93 40 195638 1
59 80 195705 0
30 62 196033 1
55 85 196120 0
97 84 196125 0
35 112 196163 0
97 80 196199 0
25 108 196203 0
66 87 196340 0
52 44 196482 0
39 114 196768 0
103 39 196800 1
63 34 196897 1
49 47 196926 0
13 85 196988 0
84 52 197213 1
52 28 197247 1
26 80 197342 0
89 64 197371 0
48 29 197519 1
69 50 197974 1
57 27 198176 1
86 69 198208 0
51 27 198210 1
32 48 198386 0
48 30 198527 1
95 38 198774 1
98 60 198794 0
38 98 198797 1
54 26 199008 1
57 69 199094 0
59 78 199191 0
86 49 199225 1
52 27 199543 1
62 85 199543 0
26 93 199779 0
59 27 199811 1
80 57 199942 1
0 0 200010 0
