72 81 0 0
51 62 48 0
84 92 67 0
22 84 169 0
51 38 290 1
18 83 318 0
41 83 346 1
83 80 349 0
68 81 365 0
42 39 398 1
47 60 461 0
64 80 544 0
103 82 765 1
21 83 855 0
55 73 872 0
100 71 931 1
49 38 987 1
83 49 1008 1
83 76 1117 0
66 82 1147 0
66 51 1183 1
83 104 1195 0
40 78 1222 1
41 75 1562 1
84 84 1591 0
62 48 1961 1
31 47 2127 0
92 107 2129 0
103 78 2354 1
74 48 2386 1
39 42 2674 1
41 39 2714 1
64 50 2799 1
103 79 2851 1
54 67 2912 0
19 78 2972 0
88 52 2976 1
101 96 3075 1
82 77 3191 0
102 92 3206 1
49 61 3290 0
25 89 3371 0
57 77 3504 0
61 47 3589 1
83 51 3600 1
25 28 3671 0
98 65 3706 1
41 74 3742 1
45 38 3875 1
83 101 3906 0
82 101 3937 0
58 80 3937 0
19 76 4009 0
60 45 4039 1
62 81 4115 0
93 107 4213 0
59 44 4278 1
50 39 4404 1
84 91 4588 0
85 86 4821 0
88 108 4841 0
84 80 4874 0
96 106 4991 0
97 65 5109 1
64 49 5204 1
27 89 5208 0
91 107 5253 0
92 56 5257 1
41 76 5580 1
89 53 5605 1
40 72 5764 1
53 67 5854 0
54 66 5991 0
59 43 6035 1
68 52 6152 1
99 101 6179 1
29 88 6341 0
84 49 6542 1
20 78 6685 0
27 87 6939 0
102 94 6978 1
102 78 7008 1
66 81 7158 0
54 74 7182 0
39 82 7196 1
57 77 7215 0
53 63 7266 0
84 84 7336 0
31 88 7684 0
82 98 7730 0
66 52 7865 1
76 49 7869 1
71 52 7884 1
83 103 7884 0
19 78 7894 0
40 79 7999 1
82 99 8024 0
19 76 8174 0
71 51 8179 1
37 87 8266 0
97 62 8279 1
22 82 8305 0
60 46 8372 1
22 84 8388 0
68 81 8438 0
90 53 8484 1
32 88 8539 0
83 80 8592 0
57 78 8740 0
19 77 8754 0
41 80 8890 1
55 72 8978 0
83 101 9022 0
84 80 9056 0
17 68 9139 0
41 66 9187 1
40 81 9206 1
62 47 9213 1
88 108 9244 0
68 82 9333 0
95 61 9395 1
23 59 9398 0
102 91 9495 1
92 55 9547 1
59 79 9549 0
21 81 9611 0
74 80 9680 0
94 107 9801 0
20 69 9812 0
103 81 9858 1
19 79 10099 0
64 81 10137 0
62 81 10222 0
102 93 10443 1
85 85 10475 0
43 39 10693 1
52 63 10733 0
65 51 10766 1
18 71 10781 0
52 64 10910 0
83 94 11005 0
99 69 11058 1
103 77 11173 1
27 87 11181 0
19 80 11228 0
83 104 11287 0
55 43 11321 1
58 43 11350 1
27 52 11541 0
28 88 11580 0
47 38 11681 1
29 46 11779 0
41 73 11783 1
84 92 11836 0
97 63 12005 1
83 103 12018 0
99 67 12202 1
70 81 12261 0
83 82 12494 0
102 74 12815 1
29 89 12929 0
55 73 12929 0
40 83 13146 1
98 64 13231 1
18 70 13248 0
21 82 13284 0
50 63 13542 0
84 86 13592 0
53 77 13656 0
55 66 13705 0
85 108 13766 0
54 41 13827 1
102 88 13882 1
53 63 14170 0
19 69 14193 0
56 75 14204 0
82 101 14290 0
55 72 14619 0
32 88 14780 0
23 60 14795 0
102 86 14798 1
64 81 15044 0
59 80 15091 0
59 45 15202 1
52 63 15234 0
64 80 15394 0
91 55 15767 1
19 79 15793 0
57 77 15922 0
19 76 16074 0
100 70 16363 1
90 54 16397 1
88 108 16456 0
95 60 16465 1
80 49 16514 1
94 59 16538 1
99 68 16605 1
101 99 16694 1
103 83 16704 1
45 63 16801 0
84 80 16801 0
101 73 16857 1
84 84 16929 0
93 58 17005 1
93 57 17113 1
84 50 17132 1
18 68 17139 0
102 90 17151 1
103 80 17224 1
52 64 17226 0
101 72 17242 1
82 104 17333 0
86 107 17339 0
83 98 17419 0
87 52 17450 1
102 97 17474 1
28 88 17519 0
94 58 17577 1
81 72 17713 0
84 87 17738 0
84 75 17756 0
100 71 17944 1
96 60 17951 1
85 51 17997 1
103 84 18065 1
85 105 18070 0
103 76 18085 1
83 50 18102 1
93 56 18107 1
97 64 18110 1
83 99 18166 0
67 53 18191 1
92 107 18192 0
91 54 18193 1
102 84 18197 1
55 69 18224 0
84 93 18241 0
61 80 18250 0
84 105 18259 0
83 103 18280 0
83 95 18304 0
84 94 18357 0
70 82 18372 0
91 56 18387 1
63 48 18422 1
100 69 18442 1
96 61 18455 1
85 84 18456 0
65 50 18464 1
59 77 18481 0
73 80 18571 0
63 49 18624 1
102 87 18655 1
52 39 18670 1
40 73 18679 1
60 79 18695 0
69 81 18709 0
94 57 18731 1
84 81 18745 0
51 39 18786 1
87 108 18907 0
21 82 18922 0
102 89 18960 1
50 38 18967 1
94 59 19015 1
82 49 19092 1
101 97 19106 1
63 81 19107 0
55 41 19132 1
83 101 19133 0
103 77 19137 1
77 49 19150 1
90 54 19158 1
48 62 19219 0
41 70 19229 1
58 79 19235 0
90 53 19262 1
38 86 19268 0
83 96 19268 0
85 89 19282 0
89 54 19345 1
84 98 19360 1
69 52 19399 1
58 78 19400 0
99 68 19425 1
85 50 19436 1
63 47 19439 1
55 68 19475 0
81 49 19479 1
56 75 19504 0
46 38 19564 1
89 53 19569 1
91 107 19585 0
41 77 19600 1
61 46 19748 1
103 79 19801 1
101 73 19804 1
52 38 19853 1
103 94 19893 1
57 43 19893 1
97 63 19895 1
40 75 19909 1
60 45 19917 1
84 82 20037 0
83 75 20142 0
19 66 20146 0
93 55 20270 1
66 81 20310 0
59 44 20315 1
85 85 20315 0
103 75 20339 1
40 71 20358 1
19 78 20374 0
103 78 20394 1
46 62 20406 0
101 72 20418 1
52 63 20422 0
49 59 20425 0
55 71 20427 0
103 82 20480 1
48 38 20500 1
71 81 20504 0
21 64 20519 0
64 81 20526 0
84 75 20533 0
55 42 20549 1
27 87 20567 0
91 55 20569 1
62 46 20603 1
67 52 20616 1
93 57 20635 1
53 39 20638 1
58 44 20711 1
58 42 20729 1
60 44 20733 1
54 40 20747 1
92 108 20757 0
97 62 20760 1
66 80 20833 0
64 50 20873 1
102 74 20884 1
103 74 20936 1
83 105 20970 0
87 52 20974 1
85 86 20986 0
84 108 20992 0
83 99 21007 0
23 86 21017 0
94 58 21079 1
83 98 21097 0
94 107 21120 0
53 63 21173 0
41 79 21193 1
41 72 21239 1
56 70 21282 0
59 80 21286 0
28 53 21298 0
95 59 21341 1
19 71 21405 0
100 70 21420 1
55 72 21425 0
83 49 21452 1
55 40 21464 1
19 79 21546 0
32 88 21565 0
91 108 21583 0
21 63 21601 0
62 47 21617 1
63 49 21621 1
102 93 21668 1
83 97 21708 0
49 60 21721 0
86 107 21751 0
59 43 21783 1
44 38 21801 1
99 66 21874 1
51 71 21893 1
51 38 21893 1
93 107 21900 0
72 80 21919 0
41 40 21923 1
68 81 21931 0
51 63 21952 0
67 80 21961 0
54 67 21977 0
64 80 21979 0
80 48 22021 1
65 50 22080 1
81 72 22084 0
21 81 22149 0
88 52 22150 1
41 76 22216 1
65 49 22262 1
22 81 22271 0
89 52 22290 1
93 56 22306 1
66 51 22312 1
85 51 22342 1
103 76 22345 1
49 61 22347 0
98 64 22362 1
78 48 22369 1
64 48 22383 1
19 75 22388 0
55 70 22412 0
100 102 22466 1
31 87 22494 0
43 38 22502 1
40 82 22508 1
36 87 22524 0
75 50 22527 1
100 69 22547 1
54 39 22578 1
55 66 22599 0
73 51 22607 1
92 57 22628 1
96 60 22661 1
29 50 22665 0
96 61 22678 1
20 78 22692 0
47 38 22728 1
91 54 22728 1
54 66 22746 0
22 82 22767 0
82 98 22772 0
82 75 22779 0
94 59 22810 1
41 69 22893 1
49 38 22921 1
55 41 22923 1
103 83 22956 1
100 99 22956 1
51 62 23002 0
42 38 23018 1
31 46 23047 0
41 81 23059 1
84 80 23069 0
57 77 23104 0
64 49 23121 1
84 49 23124 1
92 55 23124 1
83 104 23132 0
77 76 23144 1
65 51 23164 1
83 103 23171 0
90 54 23173 1
42 77 23178 1
68 53 23192 1
62 81 23210 0
60 45 23229 1
41 84 23235 1
90 53 23240 1
41 77 23241 1
74 49 23276 1
103 85 23300 1
41 78 23302 1
30 88 23316 0
45 38 23332 1
50 38 23395 1
63 48 23452 1
42 67 23464 1
84 86 23474 0
21 82 23494 0
55 69 23510 0
41 75 23520 1
57 43 23592 1
72 51 23645 1
83 101 23665 0
19 76 23698 0
100 71 23701 1
102 88 23719 1
33 44 23745 1
41 74 23753 1
20 68 23784 0
98 66 23787 1
53 38 23811 1
40 74 23832 1
28 88 23925 0
30 46 23965 0
21 60 24005 0
68 52 24041 1
74 50 24061 1
95 60 24085 1
19 77 24097 0
103 93 24133 1
87 50 24136 1
59 77 24177 0
58 45 24177 1
82 49 24196 1
56 75 24204 0
33 43 24233 1
84 89 24259 0
85 80 24344 0
82 99 24352 0
22 84 24384 0
99 68 24384 1
83 99 24415 0
90 109 24439 0
35 43 24441 1
83 48 24447 1
40 70 24476 1
22 61 24493 0
85 105 24494 0
46 58 24495 1
46 37 24495 1
103 77 24532 1
59 44 24534 1
27 88 24622 0
61 46 24681 1
89 108 24750 0
60 79 24775 0
102 98 24808 1
81 48 24822 1
54 40 24844 1
102 89 24875 1
20 69 24877 0
20 65 24919 0
38 87 24941 0
94 57 24959 1
20 82 24979 0
55 68 25004 0
65 52 25039 1
37 86 25040 0
20 61 25090 0
101 98 25118 1
21 83 25122 0
21 65 25135 0
41 82 25197 1
25 87 25247 0
30 87 25260 0
103 80 25298 1
52 38 25327 1
55 73 25387 0
52 64 25414 0
47 37 25425 1
58 43 25429 1
101 71 25500 1
41 73 25501 1
97 63 25541 1
92 107 25571 0
66 53 25615 1
86 50 25684 1
103 91 25690 1
85 79 25691 0
23 84 25725 0
29 88 25772 0
94 58 25914 1
55 70 26179 0
73 79 26185 0
83 97 26277 0
56 41 26324 1
101 72 26341 1
89 53 26413 1
53 68 26417 0
86 107 26444 0
41 68 26494 1
60 80 26495 0
42 66 26549 1
35 42 26556 1
82 48 26670 1
100 68 26746 1
93 57 26767 1
99 67 26776 1
69 81 26829 0
61 45 26880 1
101 73 26884 1
70 81 26961 0
58 42 26972 1
85 50 27004 1
27 87 27046 0
48 38 27047 1
34 44 27059 1
76 50 27099 1
62 46 27106 1
27 51 27107 0
49 37 27206 1
104 80 27384 1
80 49 27434 1
63 46 27436 1
87 51 27459 1
64 50 27507 1
76 77 27519 1
51 39 27522 1
79 48 27542 1
73 50 27562 1
59 43 27564 1
104 79 27579 1
20 66 27630 0
38 42 27640 1
103 75 27661 1
70 51 27693 1
100 101 27724 1
97 62 27903 1
91 53 27987 1
19 81 28091 0
30 47 28132 0
103 89 28271 1
42 81 28299 1
62 47 28382 1
63 47 28387 1
63 49 28410 1
40 72 28422 1
34 43 28468 1
41 70 28476 1
34 42 28498 1
51 38 28603 1
42 75 28656 1
21 68 28810 0
39 40 28827 1
60 82 28884 0
33 88 29103 0
60 44 29111 1
88 108 29140 0
69 52 29203 1
92 54 29211 1
59 80 29306 0
67 81 29314 0
19 79 29317 0
87 52 29349 1
40 84 29357 1
23 84 29364 0
77 49 29379 1
67 52 29412 1
22 81 29444 0
57 41 29465 1
103 84 29561 1
85 84 29647 0
92 54 29953 1
40 39 29991 1
84 105 30033 0
21 81 30044 0
54 68 30114 0
55 41 30119 1
41 79 30125 1
91 107 30134 0
21 61 30210 0
81 75 30217 0
19 78 30228 0
83 80 30232 0
97 64 30297 1
22 82 30315 0
30 87 30359 0
20 67 30538 0
20 64 30672 0
92 54 30687 1
83 99 30739 0
89 108 31003 0
83 49 31018 1
95 106 31036 0
92 54 31280 1
61 80 31357 0
84 76 31485 0
37 87 31539 0
54 73 31545 0
92 75 31850 0
98 63 31863 1
27 88 31906 0
100 67 31926 1
103 92 31937 1
103 76 32107 1
32 88 32127 0
89 12 32153 1
55 74 32164 0
66 51 32187 1
103 90 32278 1
52 39 32280 1
89 107 32280 0
70 52 32291 1
92 54 32350 1
76 49 32420 1
66 80 32433 0
19 67 32434 0
40 71 32489 1
83 96 32531 0
53 63 32624 0
83 97 32706 0
55 70 32709 0
51 63 32753 0
41 76 32854 1
56 70 32878 0
91 55 32880 1
103 82 32994 1
53 39 33015 1
48 61 33051 0
92 54 33108 1
99 102 33109 1
103 79 33139 1
20 78 33195 0
55 75 33212 0
67 80 33282 0
58 78 33284 0
102 87 33420 1
68 80 33506 0
20 81 33605 0
55 40 33619 1
67 81 33667 0
42 76 33678 1
42 78 33735 1
92 54 33750 1
74 14 33772 1
42 79 33793 1
86 107 33804 0
81 49 33873 1
17 79 33901 0
37 42 34057 1
65 83 34062 0
47 38 34104 1
64 81 34206 0
55 66 34273 0
49 59 34309 0
66 81 34322 0
64 80 34367 0
92 54 34418 1
100 69 34431 1
75 49 34457 1
98 64 34482 1
46 38 34502 1
20 84 34541 0
29 86 34576 0
19 68 34579 0
29 49 34585 0
21 82 34629 0
54 39 34696 1
25 86 34738 0
92 54 34929 1
85 80 34952 0
84 76 34953 0
38 41 34966 1
102 72 35189 1
31 88 35199 0
93 108 35272 0
81 72 35305 0
20 66 35321 0
24 87 35388 0
23 84 35391 0
96 61 35546 1
92 54 35561 1
95 59 35595 1
50 38 35610 1
83 95 35640 0
45 37 35784 1
19 71 35808 0
100 70 35824 1
101 70 35828 1
36 88 35921 0
70 82 35951 0
55 39 35989 1
65 80 36009 0
63 48 36034 1
26 87 36039 0
89 107 36103 0
39 86 36109 0
34 88 36218 0
90 52 36233 1
26 86 36306 0
55 72 36386 0
52 63 36395 0
92 54 36408 1
99 65 36580 1
59 79 36589 0
36 42 36692 1
102 97 36692 1
80 48 36776 1
32 89 36901 0
85 51 36945 1
32 87 36956 0
82 74 37024 0
92 54 37062 1
20 67 37176 0
91 54 37213 1
64 48 37373 1
64 49 37516 1
99 66 37544 1
92 54 37555 1
41 77 37754 1
85 106 37800 0
18 76 37828 0
39 84 37845 1
57 43 38011 1
92 54 38051 1
89 52 38124 1
41 80 38261 1
54 64 38280 0
25 86 38411 0
28 89 38564 0
67 81 38653 0
20 81 38740 0
92 54 38827 1
84 85 38838 0
85 88 38858 0
55 74 38868 0
82 73 38879 0
19 69 38887 0
97 61 38925 1
28 88 39091 0
48 37 39241 1
96 60 39328 1
81 103 39506 0
84 89 39586 0
92 54 39591 1
109 45 39682 1
84 49 39723 1
60 45 39738 1
26 86 39815 0
93 56 39849 1
109 45 39889 0
84 76 40078 0
89 108 40149 0
84 92 40299 0
82 49 40300 1
84 94 40391 0
33 89 40571 0
51 37 40699 1
92 54 40777 1
27 88 40843 0
46 63 40849 0
41 75 40850 1
52 68 40865 0
22 60 40900 0
28 52 40942 0
20 74 40984 0
57 77 41090 0
26 87 41136 0
67 82 41347 0
26 88 41474 0
55 76 41662 0
20 79 41719 0
83 78 41735 0
41 74 41804 1
22 87 41922 0
68 81 41959 0
92 54 42040 1
43 38 42195 1
21 80 42347 0
73 80 42357 0
62 82 42384 0
44 38 42503 1
21 62 42540 0
85 89 42548 0
59 80 42550 0
54 64 42578 0
41 72 42581 1
82 71 42587 0
19 75 42635 0
71 82 42738 0
83 98 42844 0
61 46 42940 1
57 78 42953 0
85 106 42977 0
83 101 43053 0
22 84 43061 0
84 79 43074 1
94 107 43114 0
21 84 43151 0
19 64 43166 0
41 71 43191 1
20 68 43261 0
74 14 43269 0
85 90 43292 0
92 54 43343 1
82 72 43370 1
32 87 43389 0
35 89 43482 0
25 86 43622 0
83 103 43667 0
85 105 43727 0
89 107 43742 0
22 81 43809 0
84 93 43827 0
101 71 43844 1
85 79 43972 0
20 69 44027 0
56 75 44100 0
104 78 44187 1
31 87 44194 0
61 81 44195 0
19 76 44226 0
85 85 44247 0
103 74 44303 1
30 87 44323 0
22 86 44362 0
72 81 44376 0
68 80 44386 0
70 80 44386 0
83 94 44397 0
59 77 44469 0
55 71 44638 0
90 53 44660 1
68 83 44727 0
24 87 44751 0
92 54 44822 1
93 107 44835 0
65 79 44872 0
92 107 44937 0
85 88 44951 0
94 58 45021 1
20 81 45024 0
66 70 45050 1
49 60 45053 0
53 75 45099 0
96 106 45105 0
22 59 45143 0
27 86 45172 0
72 80 45291 0
83 97 45450 0
20 79 45452 0
99 64 45487 1
26 86 45538 0
104 77 45541 1
67 81 45592 0
20 74 45640 0
65 50 45700 1
74 80 45779 0
94 57 45837 1
92 55 45942 1
56 41 46002 1
91 107 46007 0
104 81 46096 1
35 88 46159 0
44 37 46170 1
54 78 46185 0
84 90 46186 0
97 62 46316 1
83 99 46402 0
102 89 46404 1
65 80 46404 0
43 37 46412 1
92 54 46485 1
42 77 46485 1
32 92 46516 0
61 44 46688 1
82 73 46701 0
103 94 46721 1
100 68 46743 1
54 40 46752 1
85 86 46844 0
55 73 46870 0
20 63 46883 0
26 51 46918 0
89 106 46982 0
59 44 47081 1
54 64 47109 0
45 38 47114 1
103 95 47136 1
93 55 47138 1
66 50 47139 1
55 69 47180 0
98 63 47206 1
85 83 47274 0
66 80 47299 0
84 84 47330 0
84 75 47355 0
67 51 47361 1
56 70 47366 0
68 52 47371 1
87 51 47416 1
21 64 47544 0
84 86 47617 0
26 87 47659 0
59 78 47662 0
27 85 47665 0
85 49 47710 1
47 62 47746 0
55 70 47861 0
86 50 47879 1
20 70 47901 0
22 82 47908 0
85 106 47926 0
67 80 47956 0
19 82 48008 0
55 74 48008 0
23 60 48075 0
21 80 48082 0
41 81 48115 1
50 37 48119 1
103 75 48210 1
102 99 48260 1
71 81 48264 0
65 49 48269 1
20 78 48277 0
90 54 48318 1
21 59 48377 0
47 37 48423 1
103 83 48439 1
103 93 48471 1
20 66 48487 0
85 50 48503 1
85 90 48558 0
97 60 48571 1
58 42 48666 1
62 54 48693 1
62 46 48693 1
102 88 48738 1
84 85 48780 0
52 38 48796 1
63 47 48803 1
27 86 48805 0
77 48 48806 1
53 63 48920 0
100 69 48952 1
95 58 48966 1
75 79 48988 0
81 48 49043 1
18 77 49061 0
60 44 49071 1
27 87 49094 0
20 67 49164 0
85 80 49171 0
55 66 49175 0
85 84 49188 0
65 81 49218 0
23 59 49236 0
55 68 49324 0
101 72 49327 1
29 86 49347 0
84 80 49358 0
21 81 49372 0
37 86 49430 0
78 48 49458 1
61 45 49529 1
103 91 49573 1
49 37 49649 1
38 86 49662 0
64 80 49673 0
83 49 49689 1
21 63 49689 0
31 47 49697 0
42 80 49731 1
19 77 49779 0
99 68 49794 1
84 91 49863 0
91 53 49868 1
20 62 49937 0
23 84 49943 0
93 56 49972 1
18 73 49984 0
103 73 50003 1
70 88 50027 0
70 80 50027 0
51 38 50073 1
84 76 50085 0
82 103 50140 0
60 79 50158 0
46 37 50185 1
20 79 50214 0
21 65 50265 0
55 67 50269 0
71 51 50297 1
30 88 50334 0
59 43 50386 1
38 85 50485 0
19 74 50544 0
90 107 50566 0
85 81 50750 0
56 40 50818 1
42 68 50821 1
85 91 50838 0
42 76 50912 1
43 39 50971 1
59 42 51070 1
55 40 51079 1
64 48 51099 1
74 48 51101 1
53 38 51140 1
91 54 51165 1
41 83 51289 1
81 76 51324 0
101 100 51330 1
103 88 51335 1
89 53 51493 1
59 78 51547 0
55 41 51606 1
85 83 51632 0
41 69 51696 1
42 70 51728 1
98 62 51817 1
98 64 51819 1
20 74 51835 0
66 51 51840 1
61 79 51986 0
41 73 52020 1
20 65 52085 0
54 39 52159 1
42 67 52270 1
96 59 52448 1
64 50 52479 1
20 70 52498 0
95 43 52544 0
92 54 52574 1
85 76 52599 0
27 86 52811 0
17 73 52885 0
32 46 53017 0
103 90 53040 1
26 86 53139 0
67 82 53146 0
25 84 53187 0
90 53 53359 1
96 60 53377 1
42 78 53432 1
60 45 53649 1
65 50 53735 1
104 79 53765 1
29 48 53817 0
60 43 53880 1
42 82 53935 1
101 71 53949 1
57 41 53982 1
79 48 54005 1
101 70 54007 1
103 89 54158 1
99 66 54224 1
19 73 54527 0
90 52 54709 1
21 79 54823 0
25 86 54834 0
94 58 54894 1
99 65 55093 1
85 88 55188 0
20 81 55251 0
31 89 55283 0
86 49 55288 1
89 107 55304 0
13 85 55357 0
88 106 55395 0
54 64 55450 0
62 80 55559 0
55 67 55564 0
90 107 55615 0
103 74 55647 1
82 48 55682 1
65 81 55723 0
37 41 55772 1
85 81 55892 0
63 48 55994 1
58 43 56009 1
22 81 56099 0
94 57 56139 1
94 56 56206 1
41 76 56206 1
104 80 56223 1
63 81 56492 0
56 76 56594 0
59 78 56659 0
73 81 56704 0
81 73 56713 0
47 60 56747 0
62 47 56814 1
0 102 56898 0
61 79 56927 0
82 49 56956 1
83 81 56982 0
83 96 57011 0
19 74 57019 0
19 80 57068 0
103 92 57095 1
32 90 57211 0
97 61 57282 1
29 47 57320 0
69 82 57441 0
67 81 57509 0
85 79 57532 0
84 49 57667 1
18 78 57702 0
104 77 57808 1
68 80 57846 0
36 87 57861 0
21 80 57922 0
80 48 57969 1
85 105 58074 0
102 71 58090 1
100 68 58090 1
103 87 58167 1
29 88 58170 0
59 77 58241 0
50 38 58242 1
92 54 58276 1
22 88 58280 0
100 67 58325 1
98 63 58449 1
104 82 58488 1
83 48 58603 1
85 90 58621 0
85 83 58660 0
104 81 58672 1
56 68 58680 0
95 58 58770 1
102 72 58777 1
82 71 58823 0
103 85 58832 1
40 40 58944 1
93 84 58989 1
93 56 58989 1
83 98 58996 0
68 51 59001 1
99 64 59057 1
80 47 59070 1
87 50 59084 1
67 79 59095 0
103 86 59116 1
101 99 59118 1
65 79 59151 0
93 55 59202 1
95 57 59219 1
54 40 59256 1
59 44 59264 1
42 79 59300 1
50 60 59313 0
62 45 59352 1
69 52 59415 1
97 62 59517 1
89 51 59601 1
85 50 59604 1
89 106 59614 0
88 106 59701 0
55 39 59717 1
90 53 59726 1
103 75 59781 1
67 83 59803 0
91 53 59819 1
88 51 59829 1
22 85 59908 0
42 77 60006 1
36 43 60088 1
89 52 60108 1
104 75 60124 1
56 41 60129 1
59 43 60143 1
42 71 60173 1
32 87 60193 0
67 51 60239 1
84 103 60244 0
41 77 60251 1
52 37 60297 1
77 49 60318 1
65 49 60340 1
58 42 60340 1
103 94 60384 1
42 75 60390 1
95 106 60462 0
83 100 60507 0
103 82 60538 1
25 84 60548 0
30 87 60558 0
63 47 60608 1
63 79 60645 0
83 73 60681 0
86 50 60705 1
100 66 60723 1
84 83 60723 0
101 70 60727 1
63 46 60727 1
104 76 60729 1
53 37 60761 1
69 51 60769 1
42 69 60775 1
42 74 60783 1
41 38 60843 1
92 53 60864 1
103 91 60877 1
81 48 60891 1
49 37 60913 1
103 72 60923 1
83 72 60944 0
64 48 60957 1
41 79 61061 1
87 106 61116 0
19 73 61140 0
84 94 61179 0
41 82 61182 1
62 80 61188 0
66 50 61213 1
56 70 61249 0
20 70 61327 0
49 59 61391 0
42 66 61404 1
20 79 61446 0
27 86 61465 0
85 81 61564 0
70 80 61592 0
103 96 61602 1
73 79 61607 0
21 68 61611 0
41 70 61631 1
49 36 61730 1
62 46 61757 1
72 51 61758 1
85 80 61791 0
94 57 61808 1
48 37 61851 1
52 38 61885 1
61 45 61893 1
66 80 61905 0
67 80 61931 0
65 80 61972 0
83 101 61987 0
103 73 62006 1
90 107 62165 0
21 79 62172 0
87 51 62193 1
21 76 62221 0
103 83 62248 1
20 69 62257 0
31 87 62260 0
57 41 62276 1
47 38 62332 1
65 50 62340 1
96 60 62373 1
41 68 62444 1
26 87 62452 0
72 80 62502 0
20 78 62554 0
100 69 62565 1
61 79 62601 0
56 68 62605 0
57 75 62662 0
103 90 62688 1
55 40 62712 1
61 44 62718 1
42 81 62728 1
85 76 62730 0
29 86 62757 0
85 91 62765 0
84 106 62798 0
90 52 62963 1
85 89 62968 0
35 43 63013 1
33 87 63014 0
45 37 63018 1
84 99 63027 0
91 54 63027 1
27 85 63050 0
98 63 63083 1
47 37 63161 1
22 61 63182 0
54 38 63206 1
73 80 63248 0
22 82 63284 0
60 45 63309 1
42 76 63350 1
99 63 63356 1
99 66 63414 1
92 107 63453 0
20 74 63524 0
82 72 63528 0
21 81 63639 0
18 81 63669 0
18 84 63682 0
54 66 63685 0
55 67 63704 0
21 82 63747 0
28 86 63756 0
99 65 63871 1
55 66 63915 0
104 74 63933 1
28 51 63936 0
63 79 63948 0
76 49 63948 1
42 38 63972 1
103 74 64011 1
54 72 64017 0
96 58 64072 1
84 103 64077 0
83 72 64116 0
54 39 64128 1
69 81 64148 0
26 86 64171 0
59 78 64185 0
92 54 64199 1
41 74 64209 1
43 65 64244 1
85 75 64293 0
87 106 64302 0
31 46 64410 0
20 68 64431 0
19 79 64468 0
88 106 64495 0
50 37 64501 1
23 84 64523 0
53 38 64540 1
103 95 64548 1
100 68 64568 1
85 106 64591 0
84 81 64628 0
51 59 64668 0
85 107 64704 0
21 75 64706 0
56 76 64706 0
50 64 64716 0
42 72 64782 1
54 63 64797 0
85 85 64798 0
50 60 64810 0
21 86 64825 0
83 90 64829 0
61 78 64842 0
66 81 64886 0
57 74 64901 0
96 59 64904 1
64 80 64918 0
36 89 64920 0
22 81 64940 0
85 79 65025 0
19 71 65055 0
53 72 65095 0
60 44 65096 1
30 46 65096 0
91 107 65154 0
51 37 65257 1
97 59 65281 1
85 49 65281 1
21 64 65410 0
64 79 65555 0
81 72 65655 0
83 73 65681 0
24 87 65687 0
23 58 65711 0
37 87 65752 0
81 100 65820 0
83 100 65926 0
87 50 65927 1
97 60 65943 1
91 52 65944 1
17 82 66018 0
98 62 66030 1
46 62 66036 0
24 47 66100 0
84 85 66110 0
83 99 66170 0
68 80 66194 0
17 78 66230 0
42 73 66289 1
104 79 66304 1
86 107 66345 0
93 56 66375 1
42 80 66376 1
22 62 66396 0
103 88 66442 1
56 78 66451 0
70 81 66556 0
25 84 66599 0
28 86 66843 0
103 93 66852 1
46 37 66898 1
82 48 66907 1
27 88 67059 0
95 58 67096 1
38 40 67103 1
37 7 67127 0
53 68 67202 0
58 77 67234 0
86 49 67387 1
87 106 67414 0
83 72 67430 0
51 38 67445 1
84 48 67525 1
57 75 67579 0
93 55 67656 1
84 99 67705 0
65 81 67902 0
59 42 67902 1
64 48 67931 1
48 60 68031 0
104 83 68035 1
35 42 68090 1
54 63 68107 0
61 78 68194 0
57 74 68197 0
62 80 68246 0
68 52 68301 1
20 66 68313 0
82 95 68342 0
36 41 68444 1
42 78 68468 1
84 73 68489 0
84 49 68592 1
85 74 68727 0
97 61 68866 1
94 56 69064 1
64 79 69094 0
82 72 69114 0
22 60 69166 0
81 47 69180 1
84 103 69200 0
104 77 69353 1
86 86 69464 0
58 41 69623 1
56 40 69688 1
101 69 69696 1
103 89 69827 1
41 73 69833 1
43 67 69997 1
43 37 69997 1
44 37 70336 1
33 87 70496 0
102 98 70498 1
101 70 70524 1
99 64 70562 1
104 80 70590 1
85 92 70681 0
22 85 70776 0
89 106 70911 0
102 71 70953 1
83 79 70982 0
19 74 71059 0
93 54 71086 1
90 53 71093 1
95 57 71116 1
63 47 71133 1
79 48 71135 1
82 49 71158 1
78 48 71170 1
58 42 71236 1
19 73 71366 0
83 48 71467 1
84 73 71476 0
85 73 71518 0
91 53 71626 1
45 38 71640 1
81 73 71645 0
87 106 71851 0
83 72 71881 0
85 50 71887 1
63 78 71905 0
28 86 72061 0
54 63 72191 0
104 81 72257 1
51 59 72263 0
63 79 72268 0
57 74 72279 0
49 37 72287 1
60 43 72373 1
103 73 72383 1
101 68 72432 1
56 68 72453 0
98 63 72511 1
63 80 72538 0
65 49 72557 1
35 86 72570 0
99 62 72584 1
58 77 72618 0
65 48 72650 1
70 51 72655 1
65 79 72732 0
66 49 72777 1
59 43 72913 1
55 39 72989 1
103 92 73016 1
103 91 73016 1
104 82 73099 1
85 104 73102 0
104 73 73125 1
61 78 73141 0
84 83 73143 0
89 51 73154 1
78 75 73211 1
67 51 73214 1
59 77 73231 0
56 77 73245 0
99 65 73299 1
67 79 73328 0
90 52 73347 1
85 76 73358 0
74 78 73381 0
83 100 73389 0
103 90 73398 1
75 49 73399 1
86 50 73401 1
62 45 73448 1
85 75 73476 0
20 70 73509 0
65 50 73519 1
63 46 73549 1
64 79 73625 0
84 99 73627 0
85 83 73637 0
30 86 73660 0
27 86 73683 0
66 50 73718 1
95 58 73720 1
68 51 73733 1
85 81 73750 0
42 75 73757 1
74 49 73760 1
81 48 73782 1
83 73 73796 0
50 60 73901 0
82 71 73905 0
86 86 73908 0
70 80 73959 0
21 80 74009 0
72 80 74015 0
100 66 74027 1
57 41 74132 1
69 52 74144 1
104 75 74159 1
95 56 74235 1
25 85 74236 0
94 55 74280 1
54 40 74304 1
103 94 74322 1
41 39 74344 1
93 55 74355 1
84 106 74366 0
42 77 74382 1
103 72 74480 1
80 48 74506 1
84 73 74509 0
41 76 74531 1
52 37 74549 1
64 48 74550 1
67 80 74556 0
103 84 74577 1
56 39 74581 1
83 47 74596 1
85 80 74614 0
100 65 74631 1
21 66 74697 0
85 103 74746 0
92 53 74748 1
56 70 74748 0
42 74 74771 1
88 106 74791 0
69 50 74830 1
29 86 74837 0
27 85 74858 0
80 47 74865 1
20 67 74909 0
39 85 74939 0
35 87 74980 0
20 64 74985 0
66 80 75032 0
62 46 75067 1
100 68 75074 1
85 87 75210 0
67 50 75227 1
47 61 75236 0
61 43 75306 1
59 44 75346 1
96 57 75348 1
61 44 75433 1
52 38 75464 1
87 49 75480 1
94 57 75495 1
83 74 75505 0
103 85 75538 1
90 51 75574 1
21 79 75579 0
101 70 75589 1
73 50 75609 1
75 48 75641 1
74 50 75665 1
22 62 75698 0
42 79 75715 1
94 56 75768 1
48 36 75777 1
30 87 75804 0
23 61 75838 0
98 61 75855 1
61 79 75864 0
61 45 75876 1
85 74 75892 0
87 50 75921 1
49 60 75967 0
65 47 76002 1
20 74 76056 0
42 76 76091 1
84 107 76094 0
84 104 76099 0
37 86 76103 0
84 79 76135 0
93 53 76146 1
88 50 76166 1
55 40 76186 1
65 80 76203 0
64 46 76299 1
42 84 76310 1
42 71 76310 1
92 52 76313 1
57 75 76319 0
82 72 76338 0
89 107 76375 0
97 60 76441 1
50 36 76444 1
81 71 76467 0
103 74 76631 1
25 84 76671 0
43 38 76724 1
54 38 76728 1
62 44 76732 1
57 74 76739 0
30 86 76753 0
41 69 76770 1
21 76 76832 0
85 104 76846 0
21 65 76854 0
53 37 76860 1
92 54 76869 1
31 45 76970 0
84 93 77028 0
33 42 77073 1
23 60 77076 0
21 62 77095 0
31 88 77136 0
20 69 77167 0
42 82 77169 1
55 39 77201 1
42 69 77204 1
87 106 77219 0
104 77 77226 1
53 60 77226 1
53 38 77226 1
84 103 77236 0
22 81 77250 0
25 88 77271 0
35 86 77297 0
85 102 77299 0
59 41 77394 1
64 47 77415 1
54 63 77447 0
20 79 77452 0
59 42 77458 1
21 63 77468 0
68 80 77481 0
55 70 77486 0
21 83 77503 0
60 42 77527 1
42 70 77550 1
65 49 77579 1
77 47 77596 1
42 67 77601 1
85 103 77629 0
99 64 77648 1
93 56 77846 1
22 63 77862 0
103 87 77878 1
63 80 77938 0
47 37 77945 1
56 73 77974 0
58 42 77976 1
25 85 77978 0
83 71 77993 0
29 50 78057 0
96 58 78073 1
69 51 78082 1
104 74 78113 1
43 36 78117 1
100 67 78193 1
54 39 78193 1
45 36 78264 1
86 49 78292 1
71 50 78294 1
59 43 78335 1
100 102 78448 1
77 48 78457 1
71 51 78458 1
46 37 78516 1
49 37 78579 1
102 71 78593 1
58 77 78598 0
46 36 78608 1
41 81 78659 1
89 106 78750 0
91 52 78763 1
51 37 78830 1
85 48 78842 1
50 37 78992 1
103 89 79003 1
28 86 79073 0
103 88 79095 1
85 47 79179 1
86 82 79204 0
93 7 79230 1
39 40 79551 1
104 79 79560 1
103 86 79560 1
58 41 79642 1
101 66 79656 1
42 73 79656 1
56 40 79664 1
103 73 79782 1
82 48 79903 1
100 101 80002 1
95 57 80003 1
42 106 80004 0
20 78 80020 0
38 86 80185 0
85 73 80195 0
77 49 80222 1
54 37 80234 1
63 78 80276 0
64 79 80357 0
105 77 80417 1
42 80 80477 1
84 73 80497 0
98 62 80629 1
79 47 80847 1
98 63 80916 1
51 60 80964 0
61 78 81164 0
101 69 81180 1
53 60 81204 0
96 59 81239 1
42 78 81280 1
86 84 81359 0
32 87 81386 0
21 75 81400 0
57 70 81413 0
83 71 81467 0
42 81 81516 1
21 61 81587 0
21 66 81591 0
56 75 81729 0
84 104 81793 0
21 68 81822 0
50 59 82143 0
25 85 82317 0
42 37 82351 1
63 47 82469 1
85 104 82510 0
85 92 82534 0
85 49 82646 1
56 73 82722 0
104 80 82832 1
72 50 82853 1
49 36 82941 1
43 67 83134 1
97 59 83195 1
65 46 83207 1
103 95 83432 1
41 70 83467 1
60 43 83486 1
95 105 83500 0
84 53 83617 1
84 48 83617 1
90 52 83648 1
102 70 83658 1
99 65 83674 1
86 82 83750 0
32 110 83775 1
103 97 83802 1
66 49 83854 1
93 55 83874 1
57 41 83903 1
99 63 83933 1
30 86 84077 0
105 79 84092 1
41 79 84179 1
67 51 84186 1
64 48 84243 1
85 79 84243 0
93 54 84329 1
34 43 84330 1
104 89 84365 1
63 80 84408 0
83 48 84417 1
104 91 84474 1
95 58 84481 1
88 107 84540 0
42 72 84556 1
85 103 84573 0
94 59 84582 1
89 51 84612 1
66 50 84705 1
97 105 84738 0
83 71 84760 0
103 91 84767 1
103 96 84829 1
87 50 84909 1
103 72 84915 1
28 87 84937 0
85 87 84939 0
104 81 84945 1
85 75 85019 0
63 53 85033 1
62 45 85059 1
53 60 85081 0
63 46 85084 1
35 87 85107 0
52 61 85113 0
104 93 85131 1
100 66 85147 1
65 50 85152 1
101 68 85213 1
85 102 85234 0
84 99 85234 0
54 65 85358 0
85 76 85399 0
82 47 85428 1
103 79 85433 0
103 90 85433 1
93 106 85466 0
85 74 85495 0
68 51 85529 1
13 85 85564 0
80 72 85619 0
61 76 85635 0
65 79 85678 0
65 48 85699 1
50 61 85710 0
49 59 85721 0
81 47 85763 1
51 61 85776 0
96 106 85844 0
101 70 85848 1
73 79 85858 0
32 88 85865 0
85 88 85887 0
54 64 85909 0
78 48 85938 1
104 82 85940 1
63 45 86013 1
99 64 86108 1
85 73 86125 0
64 42 86139 1
94 55 86178 1
56 68 86185 0
86 84 86188 0
86 48 86195 1
86 86 86208 0
103 83 86229 1
61 44 86245 1
104 92 86352 1
51 60 86406 0
52 37 86409 1
97 104 86521 0
67 47 86553 1
94 56 86604 1
100 64 86644 1
103 94 86681 1
24 85 86697 0
81 48 86750 1
84 94 86768 0
92 53 86819 1
67 79 86868 0
81 71 86886 0
104 75 86905 1
84 79 87002 0
97 60 87043 1
33 86 87097 0
43 65 87106 1
38 85 87113 0
42 76 87160 1
41 73 87175 1
102 71 87243 1
65 49 87264 1
83 74 87273 0
89 106 87286 0
95 57 87319 1
51 59 87324 0
50 59 87356 0
74 48 87397 1
70 80 87493 0
101 94 87495 1
54 36 87510 1
70 51 87536 1
66 48 87559 1
29 86 87560 0
103 89 87593 1
33 88 87603 0
55 39 87614 1
104 83 87655 1
98 61 87692 1
86 49 87703 1
95 56 87712 1
31 87 87741 0
85 90 87747 0
23 59 87796 0
103 73 87798 1
32 47 87838 0
83 47 87840 1
88 50 87883 1
103 71 87888 1
85 105 87927 0
67 50 87987 1
22 82 88011 0
26 84 88030 0
88 106 88042 0
53 60 88095 0
57 74 88106 0
27 85 88110 0
87 84 88126 0
33 87 88181 0
40 40 88182 1
96 57 88217 1
59 42 88241 1
78 47 88261 1
75 47 88266 1
58 40 88268 1
62 44 88280 1
100 65 88328 1
42 75 88384 1
102 70 88393 1
80 47 88420 1
96 58 88433 1
53 36 88450 1
104 86 88478 1
69 52 88491 1
86 82 88498 0
85 91 88571 0
83 71 88615 0
22 63 88616 0
21 80 88725 0
89 50 88837 1
48 36 88855 1
50 36 88978 1
59 43 88985 1
64 48 88999 1
93 52 89020 1
42 74 89021 1
48 116 89027 1
53 37 89039 1
35 86 89087 0
43 66 89088 1
58 42 89138 1
55 38 89175 1
99 62 89179 1
84 101 89183 0
64 77 89197 1
26 46 89197 1
26 125 89197 1
25 85 89249 0
79 46 89254 1
61 42 89317 1
25 84 89386 0
79 48 89394 1
57 41 89459 1
85 103 89489 0
42 77 89508 1
104 85 89534 1
102 99 89559 1
21 79 89600 0
97 58 89652 1
58 77 89754 0
34 42 89775 1
104 73 89835 1
90 51 89844 1
56 73 89857 0
73 48 89901 1
104 74 90005 1
87 50 90039 1
84 104 90045 0
63 46 90068 1
56 76 90097 0
21 76 90161 0
56 39 90225 1
91 52 90225 1
61 43 90239 1
54 38 90261 1
104 118 90273 1
55 68 90354 0
97 59 90376 1
93 55 90377 1
109 16 90414 1
58 41 90472 1
43 77 90498 1
55 33 90533 1
42 79 90604 1
93 106 90613 0
85 104 90625 0
49 37 90739 1
77 76 90890 1
42 71 90890 1
104 72 90894 1
53 38 90899 1
43 78 90945 1
74 80 90954 0
60 42 90986 1
103 85 91158 1
75 78 91200 0
67 80 91202 0
83 72 91235 0
68 50 91254 1
76 47 91289 1
56 77 91291 0
21 75 91318 0
104 88 91336 1
23 83 91419 0
33 43 91530 1
28 87 91595 0
33 86 91610 0
55 72 91630 0
43 76 91651 1
57 70 91702 0
26 84 91782 0
30 86 91787 0
20 70 91822 0
63 44 91823 1
63 78 91832 0
95 105 91833 0
100 71 91846 1
98 60 91904 1
35 42 91977 1
52 61 92033 0
44 36 92063 1
83 48 92095 1
43 75 92163 1
95 106 92219 0
56 40 92245 1
90 106 92252 0
24 84 92266 0
84 101 92370 0
89 51 92376 1
87 49 92393 1
101 67 92442 1
92 52 92475 1
52 37 92547 1
36 41 92596 1
103 72 92614 1
56 69 92642 0
99 63 92642 1
42 69 92684 1
22 81 92698 0
100 67 92910 1
97 68 92981 1
66 49 93078 1
82 48 93126 1
87 106 93134 0
19 78 93142 0
48 60 93188 0
42 73 93201 1
46 37 93261 1
91 53 93335 1
88 107 93371 0
53 60 93425 0
56 70 93447 0
85 74 93465 0
22 61 93506 0
28 86 93515 0
64 79 93567 0
85 102 93568 0
56 38 93572 1
86 106 93573 0
99 64 93617 1
20 74 93636 0
64 80 93686 0
93 54 93723 1
73 80 93724 0
95 58 93761 1
31 47 93821 0
84 95 93851 0
101 99 93874 1
53 62 93938 0
109 45 93951 1
84 99 94002 0
85 84 94069 0
54 63 94110 0
109 45 94185 0
30 87 94214 0
76 48 94257 1
20 68 94303 0
31 48 94388 0
66 80 94443 0
27 86 94492 0
55 67 94523 0
42 66 94558 1
90 107 94597 0
21 66 94648 0
49 36 94656 1
52 36 94862 1
21 64 94881 0
23 61 95052 0
82 71 95143 0
62 80 95145 0
85 48 95180 1
50 59 95245 0
85 75 95271 0
55 61 95332 0
44 37 95344 1
65 48 95357 1
91 51 95554 1
94 55 95615 1
90 106 95626 0
30 47 95683 0
51 60 95760 0
105 78 95768 1
105 76 95771 1
38 40 95937 1
90 52 95938 1
126 120 95958 1
19 70 96123 0
43 37 96131 1
24 85 96250 0
59 77 96263 0
93 53 96298 1
65 79 96329 0
55 69 96413 0
22 62 96533 0
55 66 96576 0
84 101 96577 0
101 100 96665 1
100 66 96726 1
56 65 96864 0
52 38 96873 1
51 37 96916 1
34 86 96916 0
42 70 96976 1
84 48 96992 1
85 73 97012 0
61 76 97029 0
101 68 97075 1
60 43 97121 1
23 83 97215 0
20 72 97225 0
19 72 97457 0
95 57 97510 1
24 84 97766 0
56 69 97779 0
22 83 97811 0
51 36 97824 1
13 85 97924 0
84 96 98005 0
54 65 98198 0
101 69 98241 1
57 40 98275 1
86 84 98295 0
62 79 98355 0
102 69 98484 1
51 61 98771 0
63 45 98816 1
71 79 98912 0
85 78 98971 0
61 78 98990 0
23 82 99083 0
53 70 99117 0
61 44 99123 1
21 74 99179 0
84 95 99187 0
84 97 99482 0
90 106 99664 0
68 51 99696 1
67 51 99758 1
67 49 99808 1
57 38 99821 1
81 47 99845 1
39 39 99910 1
29 51 99921 0
20 75 100140 0
65 47 100187 1
56 65 100208 0
63 79 100249 0
53 62 100304 0
87 109 100322 0
18 75 100397 0
61 80 100639 0
21 81 100732 0
85 80 100788 0
32 46 100793 0
86 106 100859 0
28 87 100882 0
46 61 101111 0
27 87 101143 0
62 45 101289 1
85 86 101355 0
87 105 101385 0
52 61 101435 0
89 106 101473 0
83 71 101536 0
21 68 101551 0
22 58 101695 0
65 78 101707 0
22 85 101770 0
86 87 101879 0
63 80 101896 0
76 49 101901 1
25 84 101907 0
85 76 102067 0
33 86 102220 0
26 84 102246 0
68 80 102368 0
79 47 102379 1
56 72 102421 0
20 72 102439 0
84 96 102607 0
85 77 102651 0
56 69 102963 0
97 60 102989 1
81 99 103027 0
42 78 103050 1
104 81 103120 1
23 82 103195 0
94 106 103199 0
69 51 103240 1
21 74 103248 0
75 79 103250 0
21 78 103510 0
88 50 103542 1
109 45 103662 1
56 74 103706 0
84 101 103797 0
84 79 103851 0
109 45 103866 0
67 79 103882 0
26 85 103899 0
84 97 103936 0
23 83 103950 0
85 78 103978 0
84 98 104051 0
92 53 104061 1
65 49 104104 1
56 65 104124 0
58 75 104157 0
57 73 104208 0
46 36 104345 1
62 79 104396 0
37 40 104516 1
34 86 104591 0
24 84 104639 0
86 83 104734 0
19 76 105181 0
71 79 105204 0
73 50 105287 1
20 75 105341 0
23 79 105722 0
27 85 105743 0
52 33 106108 1
58 78 106190 0
59 41 106272 1
20 80 106299 0
22 83 106498 0
99 65 106596 1
21 77 106641 0
55 65 106717 0
84 106 106735 0
25 86 106843 0
93 106 107070 0
84 95 107073 0
18 72 107236 0
57 76 107347 0
98 61 107467 1
73 49 107602 1
85 77 107757 0
21 76 107898 0
23 82 107906 0
29 86 108060 0
67 50 108079 1
21 78 108148 0
84 98 108172 0
55 71 108312 0
85 87 108344 0
85 82 108446 0
86 87 108744 0
42 76 109068 1
58 75 109225 0
79 74 109256 1
94 106 109259 0
61 77 109310 0
26 85 109330 0
86 82 109377 0
57 73 109380 0
55 64 109399 0
83 88 109511 0
56 72 109528 0
42 72 109624 1
75 49 109637 1
24 82 109735 0
100 65 109767 1
104 89 109879 1
87 105 109882 0
84 97 109952 0
102 70 110039 1
103 95 110039 1
42 80 110060 1
93 105 110140 0
84 96 110146 0
27 91 110217 0
96 58 110330 1
58 82 110358 0
21 73 110396 0
19 72 110399 0
23 84 110516 0
90 106 110519 0
85 89 110545 0
104 84 110547 1
94 54 110586 1
20 71 110599 0
86 83 110625 0
21 60 110662 0
104 82 110699 1
88 49 110730 1
59 78 110771 0
20 69 110868 0
104 73 110917 1
84 47 110989 1
82 47 110990 1
103 72 111070 1
86 49 111085 1
53 65 111104 0
53 62 111142 0
85 103 111210 0
85 102 111213 0
85 73 111222 0
104 91 111228 1
97 59 111302 1
95 56 111325 1
95 55 111339 1
85 78 111359 0
104 93 111365 1
87 82 111376 0
99 62 111382 1
57 74 111406 0
103 71 111414 1
99 61 111476 1
93 107 111511 0
74 78 111529 0
96 57 111544 1
59 42 111561 1
100 64 111586 1
84 98 111619 0
87 50 111634 1
87 84 111670 0
99 63 111718 1
85 74 111724 0
18 79 111732 0
72 80 111775 0
20 72 111780 0
57 75 111820 0
52 62 111878 0
105 77 111892 1
103 94 111898 1
88 47 111904 1
88 107 111904 0
101 68 111931 1
64 46 111936 1
85 92 111965 0
64 81 111972 0
53 60 111980 0
70 80 111996 0
81 48 112026 1
90 50 112031 1
55 39 112065 1
58 73 112083 0
104 74 112093 1
87 83 112093 0
56 65 112139 0
93 54 112156 1
54 37 112217 1
62 43 112242 1
58 41 112262 1
102 70 112350 1
61 43 112362 1
104 92 112364 1
96 56 112404 1
101 66 112439 1
62 44 112444 1
55 65 112478 0
89 50 112553 1
19 70 112563 0
63 77 112605 0
63 78 112632 0
62 79 112642 0
102 69 112659 1
104 87 112692 1
73 79 112720 0
86 86 112727 0
95 105 112736 0
90 51 112758 1
82 72 112776 0
45 36 112809 1
104 89 112817 1
83 48 112817 1
101 65 112818 1
85 77 112831 0
53 37 112862 1
94 55 112881 1
57 39 112883 1
105 75 112906 1
98 60 112909 1
57 70 112917 0
64 48 112940 1
48 36 112984 1
85 75 113094 0
56 68 113122 0
56 39 113174 1
78 48 113208 1
56 74 113225 0
92 51 113234 1
80 47 113248 1
25 85 113250 0
21 77 113257 0
61 76 113267 0
63 46 113304 1
87 49 113376 1
104 72 113387 1
86 48 113390 1
99 64 113395 1
101 67 113468 1
66 49 113472 1
56 73 113474 0
55 61 113477 0
61 77 113508 0
86 106 113528 0
104 90 113529 1
56 69 113567 0
53 61 113571 0
83 93 113588 0
68 81 113591 0
21 75 113618 0
85 79 113642 0
84 75 113664 0
104 73 113672 1
60 41 113684 1
86 105 113703 0
84 99 113705 0
77 47 113708 1
76 77 113710 0
84 104 113722 0
104 88 113830 1
50 36 113838 1
60 42 113855 1
38 85 113900 0
57 41 113955 1
99 60 113979 1
97 57 113984 1
104 95 113991 1
105 79 113994 1
65 47 113999 1
55 38 114009 1
58 40 114022 1
21 78 114031 0
68 51 114049 1
103 91 114117 1
86 49 114117 1
42 81 114132 1
21 65 114135 0
103 70 114164 1
57 73 114171 0
26 86 114172 0
55 79 114178 0
81 47 114187 1
105 78 114190 1
31 85 114230 0
91 51 114242 1
66 48 114245 1
85 73 114255 0
35 86 114259 0
97 59 114264 1
94 54 114276 1
33 46 114285 0
30 86 114291 0
88 106 114319 0
89 51 114345 1
64 79 114371 0
20 75 114395 0
43 74 114406 1
39 85 114455 0
37 86 114459 0
31 46 114463 0
58 73 114472 0
43 79 114502 1
36 87 114516 0
97 58 114520 1
58 75 114525 0
55 39 114558 1
24 82 114570 0
32 45 114571 0
93 53 114572 1
74 49 114572 1
49 36 114614 1
52 37 114621 1
90 106 114629 0
95 56 114642 1
85 47 114645 1
105 80 114671 1
100 63 114678 1
51 64 114686 0
13 85 114690 0
67 79 114699 0
43 72 114702 1
22 63 114715 0
51 59 114717 0
70 51 114732 1
21 74 114752 0
105 76 114761 1
55 64 114784 0
39 84 114813 0
68 49 114856 1
59 41 114868 1
84 98 114870 0
65 79 114901 0
65 48 114916 1
88 109 114931 0
99 62 114931 1
23 82 114936 0
41 69 114972 1
32 87 115020 0
57 77 115022 0
53 60 115030 0
26 85 115060 0
96 57 115068 1
84 73 115091 0
65 78 115095 0
21 79 115102 0
94 106 115112 0
100 64 115124 1
68 50 115126 1
23 60 115148 0
21 73 115163 0
104 83 115163 1
92 52 115178 1
31 87 115185 0
61 42 115207 1
104 86 115240 1
15 81 115241 0
71 79 115249 0
43 67 115339 1
85 102 115340 0
53 36 115368 1
103 96 115560 1
69 50 115563 1
63 45 115598 1
62 44 115606 1
35 41 115667 1
89 106 115696 0
102 70 115720 1
69 51 115723 1
87 103 115746 0
43 69 115824 1
98 59 115828 1
17 85 115890 0
42 67 115939 1
103 85 115944 1
59 42 115950 1
78 47 116012 1
64 45 116023 1
26 84 116050 0
103 72 116055 1
99 63 116070 1
63 44 116070 1
96 58 116070 1
22 60 116087 0
60 76 116108 0
55 37 116141 1
85 48 116187 1
103 71 116201 1
87 83 116237 0
87 48 116239 1
83 47 116289 1
93 105 116299 0
35 87 116311 0
71 51 116316 1
86 87 116329 0
93 54 116333 1
52 36 116368 1
104 81 116382 1
65 46 116407 1
84 78 116443 0
101 68 116459 1
84 47 116486 1
100 65 116490 1
21 76 116498 0
20 80 116539 0
84 83 116549 0
57 65 116619 0
67 49 116623 1
71 50 116623 1
64 46 116623 1
87 84 116687 0
43 70 116695 1
43 77 116707 1
56 38 116732 1
53 68 116737 1
53 37 116737 1
43 80 116761 1
42 71 116815 1
21 75 116845 0
40 39 116897 1
61 43 116897 1
93 52 116977 1
48 36 117010 1
87 105 117037 0
85 82 117071 0
53 34 117095 1
42 82 117167 1
61 77 117177 0
58 76 117197 0
57 76 117198 0
57 76 117198 0
42 74 117204 1
20 71 117204 0
43 65 117214 1
43 76 117292 1
87 82 117381 0
58 73 117401 0
59 40 117436 1
103 89 117467 1
21 66 117478 0
85 81 117501 0
102 69 117529 1
89 50 117544 1
56 65 117546 0
63 77 117600 0
43 73 117606 1
43 38 117606 1
57 39 117618 1
99 61 117623 1
47 35 117648 1
105 77 117661 1
74 48 117689 1
84 97 117749 0
86 83 117795 0
91 52 118013 1
57 70 118031 0
97 56 118040 1
88 50 118066 1
41 70 118103 1
53 38 118128 1
54 67 118166 0
24 57 118181 0
104 91 118193 1
65 47 118202 1
95 55 118217 1
50 36 118238 1
54 36 118254 1
39 40 118333 1
43 78 118342 1
23 79 118352 0
43 75 118373 1
22 48 118403 0
94 53 118527 1
60 41 118531 1
42 38 118557 1
104 94 118576 1
52 64 118603 0
23 83 118642 0
102 98 118673 1
88 49 118717 1
25 84 118729 0
58 40 118815 1
42 73 118907 1
56 67 118909 0
54 37 118941 1
55 61 118962 0
21 77 118981 0
72 50 119018 1
53 61 119023 0
85 103 119033 0
87 49 119123 1
90 50 119142 1
67 80 119150 0
21 74 119192 0
31 85 119210 0
52 60 119245 0
21 68 119271 0
21 73 119275 0
24 82 119289 0
86 105 119316 0
83 48 119378 1
30 49 119379 0
104 82 119429 1
28 86 119439 0
44 36 119440 1
60 76 119508 0
51 36 119560 1
63 78 119586 0
97 104 119603 0
84 48 119606 1
27 85 119608 0
83 76 119621 0
65 80 119675 0
72 79 119687 0
22 83 119689 0
38 85 119703 0
33 86 119714 0
84 98 119747 0
29 87 119765 0
56 72 119768 0
21 78 119768 0
104 85 119777 1
57 73 119778 0
22 80 119856 0
72 49 119895 1
44 35 119895 1
111 111 119896 1
60 42 119906 1
85 77 119971 0
55 65 120067 0
49 36 120173 1
75 48 120188 1
34 86 120269 0
104 72 120278 1
2 10 120279 1
87 90 120290 0
101 66 120341 1
85 76 120358 0
100 66 120369 1
105 74 120406 1
104 84 120406 1
52 37 120445 1
66 47 120485 1
43 74 120573 1
46 37 120640 1
59 41 120729 1
104 93 120746 1
23 59 120760 0
56 66 120789 0
93 106 120809 0
50 61 120885 0
62 43 120887 1
45 36 120915 1
29 86 120916 0
85 101 120917 0
24 84 121127 0
40 84 121167 0
86 88 121206 0
31 48 121255 0
42 72 121333 1
60 77 121365 0
22 81 121403 0
23 78 121463 0
83 100 121538 0
66 48 121580 1
37 41 121764 1
83 71 121778 0
91 51 121863 1
81 71 121882 0
21 63 121934 0
42 79 121966 1
59 73 122050 0
85 104 122154 0
87 107 122159 0
23 61 122334 0
84 95 122345 0
103 73 122353 1
83 97 122428 0
34 88 122434 0
21 80 122573 0
84 101 122588 0
93 53 122609 1
70 50 122613 1
43 36 122657 1
80 47 122681 1
43 66 122738 1
32 88 122758 0
26 85 122774 0
30 86 122795 0
86 49 122859 1
50 59 122879 0
58 39 122932 1
83 95 123078 0
58 73 123139 0
53 58 123154 0
98 58 123154 1
85 78 123155 0
42 69 123156 1
24 58 123229 0
58 75 123238 0
23 89 123423 0
56 67 123446 0
32 47 123462 0
43 71 123499 1
60 76 123502 0
62 81 123511 0
23 58 123527 0
28 87 123596 0
22 78 123602 0
26 84 123603 0
61 77 123661 0
15 86 123799 0
31 45 123812 0
86 82 123826 0
79 47 123891 1
104 89 123897 1
23 81 123993 0
40 85 124016 0
22 80 124032 0
104 73 124081 1
58 76 124085 0
66 79 124157 0
58 41 124168 1
85 101 124203 0
83 86 124299 0
72 79 124416 0
86 105 124421 0
39 86 124477 0
105 75 124502 1
65 45 124516 1
98 60 124545 1
82 97 124603 0
43 72 124649 1
55 64 124652 0
84 77 124709 0
84 105 124791 0
101 67 124857 1
62 44 124887 1
104 92 124912 1
23 82 124913 0
67 81 124982 0
23 80 125059 0
94 54 125217 1
86 84 125382 0
49 60 125427 0
49 59 125427 0
89 104 125454 0
53 36 125568 1
85 74 125594 0
33 87 125643 0
18 85 125645 0
52 60 125649 0
104 88 125657 1
87 83 125736 0
75 78 125801 0
53 61 125868 0
103 70 125943 1
55 74 125977 0
84 96 126021 0
103 69 126111 1
22 62 126245 0
63 45 126334 1
85 102 126350 0
56 66 126375 0
100 63 126383 1
57 81 126409 0
56 74 126605 0
84 92 126682 0
96 57 126701 1
86 88 126793 0
60 77 126799 0
96 56 126803 1
86 48 126829 1
60 78 126833 0
58 72 126841 0
97 58 126898 1
97 59 126940 1
89 109 126998 0
52 62 127014 0
59 75 127088 0
61 78 127143 0
20 71 127150 0
61 83 127162 0
97 75 127176 1
95 105 127188 0
22 78 127218 0
27 90 127226 0
15 75 127236 0
96 107 127264 0
83 74 127353 0
21 75 127513 0
23 57 127577 0
61 82 127590 0
47 59 127611 0
20 81 127621 0
65 78 127644 0
24 83 127668 0
87 103 127781 0
21 76 127830 0
21 65 127863 0
63 77 127865 0
29 89 127879 0
82 101 127917 0
91 106 127962 0
93 105 127977 0
66 79 127987 0
22 61 128005 0
26 82 128025 0
25 56 128026 0
22 79 128036 0
22 59 128055 0
23 81 128103 0
22 80 128142 0
61 76 128270 0
57 65 128310 0
55 61 128321 0
61 42 128402 1
43 68 128491 1
84 100 128573 0
87 86 128576 0
81 46 128645 1
105 79 128704 1
105 76 128737 1
103 71 128738 1
56 67 128781 0
27 84 128791 0
63 43 128796 1
85 82 128808 0
63 79 128833 0
23 80 128890 0
21 73 128931 0
85 95 129026 0
64 46 129028 1
60 76 129055 0
50 60 129065 0
85 101 129101 0
54 75 129181 0
68 50 129184 1
21 62 129244 0
21 67 129247 0
84 78 129360 0
100 64 129408 1
86 105 129424 0
91 109 129457 0
99 62 129468 1
20 82 129518 0
54 70 129551 0
23 85 129663 0
105 78 129838 1
19 69 129869 0
95 54 129948 1
69 50 129954 1
67 49 130038 1
29 87 130048 0
72 78 130055 0
20 77 130078 0
64 45 130112 1
103 97 130164 1
56 64 130166 0
22 64 130231 0
104 87 130371 1
103 95 130417 1
56 37 130597 1
85 100 130626 0
81 47 130706 1
63 44 130835 1
45 62 130931 0
61 43 130997 1
20 80 131044 0
68 49 131058 1
105 81 131076 1
104 71 131090 1
44 65 131152 1
13 85 131171 0
95 56 131188 1
59 75 131208 0
22 79 131223 0
48 36 131234 1
63 46 131277 1
52 36 131278 1
40 40 131312 1
58 72 131339 0
57 68 131365 0
23 79 131374 0
42 76 131387 1
23 62 131399 0
43 77 131490 1
92 51 131493 1
72 79 131589 0
24 58 131739 0
43 79 131829 1
55 37 131959 1
58 76 131971 0
82 73 132025 0
109 45 132189 1
109 45 132259 0
27 84 132279 0
23 81 132289 0
91 106 132578 0
32 85 132584 0
24 82 132736 0
60 41 132736 1
55 38 132872 1
69 51 132890 1
41 39 133011 1
57 72 133124 0
38 40 133141 1
87 89 133234 0
101 65 133248 1
22 78 133268 0
102 69 133289 1
48 35 133337 1
105 82 133390 1
21 74 133417 0
70 82 133438 0
68 51 133557 1
85 95 133612 0
53 64 133618 0
20 76 133648 0
83 47 133723 1
24 83 133767 0
59 43 133869 1
56 38 134043 1
29 85 134162 0
87 86 134233 0
62 42 134280 1
85 73 134326 0
60 77 134420 0
89 105 134441 0
84 100 134528 0
22 80 134539 0
66 79 134567 0
85 47 134574 1
32 46 134681 0
57 39 134752 1
90 49 134871 1
30 49 134978 0
89 49 135053 1
22 79 135074 0
50 36 135106 1
57 68 135182 0
101 64 135250 1
68 41 135320 1
71 49 135335 1
56 64 135443 0
101 62 135453 1
69 80 135491 0
22 65 135610 0
86 88 135679 0
60 78 135744 0
43 76 135866 1
56 65 136007 0
29 90 136007 0
59 76 136200 0
54 69 136224 0
20 70 136469 0
85 100 136470 0
21 67 136530 0
102 70 136648 1
58 40 136662 1
44 64 136811 1
90 50 136814 1
83 46 136821 1
52 60 136921 0
36 41 137024 1
86 47 137128 1
86 105 137192 0
104 86 137372 1
65 46 137390 1
98 59 137407 1
23 80 137502 0
91 107 137550 0
27 84 137665 0
22 64 137729 0
31 47 137848 0
43 78 137874 1
85 91 137917 0
87 82 137968 0
101 101 138030 1
95 55 138034 1
56 67 138073 0
105 73 138151 1
56 71 138157 0
89 105 138325 0
57 72 138339 0
100 62 138377 1
102 68 138387 1
91 106 138415 0
65 42 138418 1
29 85 138592 0
89 50 138624 1
57 71 138627 0
97 57 138647 1
99 63 138690 1
105 77 138723 1
97 105 138735 0
73 50 138738 1
99 60 138821 1
84 47 138948 1
70 51 139021 1
49 35 139072 1
93 54 139127 1
101 66 139199 1
43 73 139239 1
87 84 139279 0
99 61 139306 1
104 72 139321 1
103 70 139350 1
87 49 139361 1
78 48 139365 1
23 81 139408 0
53 37 139443 1
32 86 139467 0
105 91 139470 1
87 48 139485 1
80 46 139486 1
104 89 139487 1
91 50 139500 1
74 78 139500 0
94 106 139503 0
49 36 139601 1
71 79 139634 0
94 54 139634 1
88 49 139696 1
96 105 139697 0
85 95 139786 0
19 84 139803 0
32 85 139837 0
105 75 139953 1
67 48 140055 1
43 75 140070 1
65 47 140075 1
31 85 140093 0
73 79 140109 0
79 46 140119 1
62 79 140122 0
93 51 140165 1
42 71 140169 1
53 58 140180 0
20 77 140189 0
98 104 140199 0
69 49 140309 1
57 74 140322 0
57 64 140325 0
105 80 140383 1
50 35 140421 1
55 39 140433 1
93 52 140448 1
47 60 140506 0
21 69 140517 0
87 47 140525 1
84 100 140548 0
59 108 140559 1
100 61 140618 1
88 48 140655 1
72 78 140720 0
104 73 140726 1
21 77 140777 0
90 110 140823 0
57 68 140826 0
99 62 140834 1
23 78 140838 0
26 83 140850 0
71 80 140890 0
96 57 140902 1
57 70 140907 0
43 74 140943 1
59 75 140952 0
100 64 140956 1
87 89 140999 0
84 98 141065 0
54 37 141079 1
84 72 141086 0
35 86 141099 0
66 48 141103 1
104 91 141113 1
43 69 141135 1
91 51 141163 1
59 73 141178 0
22 63 141226 0
22 79 141235 0
85 101 141290 0
65 79 141323 0
58 73 141365 0
55 36 141448 1
59 41 141500 1
85 45 141681 1
89 105 141695 0
84 46 141712 1
85 46 141713 1
35 85 141732 0
67 79 141770 0
87 103 141826 0
59 42 141899 1
100 63 142019 1
21 64 142076 0
46 36 142091 1
82 71 142109 0
87 83 142122 0
58 72 142124 0
77 47 142140 1
103 98 142163 1
105 76 142215 1
65 77 142275 0
54 36 142363 1
59 40 142364 1
53 63 142393 0
64 44 142397 1
20 72 142418 0
102 99 142537 1
96 55 142602 1
55 61 142641 0
63 77 142660 0
104 88 142661 1
54 62 142671 0
86 108 142756 0
61 42 142761 1
71 50 142762 1
63 78 142769 0
57 76 142783 0
20 76 142840 0
43 70 142873 1
93 53 142917 1
85 100 142955 0
56 64 142985 0
105 74 143020 1
30 88 143107 0
19 68 143115 0
44 75 143157 1
21 78 143169 0
54 61 143189 0
105 79 143195 1
99 64 143226 1
85 109 143285 0
13 85 143305 0
38 86 143310 0
87 86 143318 0
57 71 143329 0
69 80 143334 0
58 39 143352 1
90 105 143361 0
104 93 143396 1
104 95 143400 1
103 69 143439 1
53 36 143459 1
105 78 143464 1
85 92 143480 0
87 77 143501 0
95 56 143643 1
62 43 143695 1
104 96 143696 1
43 80 143709 1
94 53 143726 1
74 49 143760 1
57 64 143831 0
26 82 143856 0
59 76 143886 0
29 85 143891 0
20 78 143904 0
69 50 143907 1
57 72 143972 0
57 37 144017 1
55 62 144082 0
39 84 144219 0
46 35 144257 1
65 78 144286 0
26 83 144379 0
56 66 144411 0
57 39 144426 1
55 81 144459 0
62 44 144465 1
104 84 144530 1
21 68 144541 0
24 83 144592 0
104 85 144597 1
51 58 144630 0
23 62 144668 0
36 86 144757 1
104 83 144792 1
61 76 144824 0
86 89 144944 0
90 106 144956 0
44 77 144972 1
21 75 144980 0
64 45 145003 1
36 43 145044 1
65 46 145144 1
57 38 145179 1
86 104 145179 0
96 56 145192 1
57 79 145251 0
60 42 145282 1
83 47 145298 1
86 90 145299 0
66 46 145388 1
63 44 145396 1
85 72 145443 0
21 67 145521 0
43 72 145526 1
43 67 145559 1
61 41 145598 1
21 66 145616 0
75 49 145783 1
102 67 145822 1
34 85 145960 0
32 86 145975 0
16 88 145998 0
101 65 146037 1
57 65 146104 0
22 65 146214 0
95 107 146225 0
60 41 146250 1
68 49 146303 1
90 105 146315 0
21 69 146322 0
89 104 146350 0
61 77 146400 0
105 90 146597 1
22 67 146611 0
102 68 146646 1
56 38 146657 1
24 61 146730 0
56 79 146756 0
42 80 146824 1
104 71 146837 1
111 125 146879 1
104 92 146939 1
85 99 147067 0
30 85 147134 0
97 58 147234 1
34 41 147315 1
39 39 147329 1
35 85 147459 0
64 43 147469 1
78 47 147470 1
111 13 147483 1
48 36 147513 1
86 48 147832 1
27 84 147862 0
76 47 147989 1
54 61 148025 0
49 33 148056 1
82 46 148066 1
86 91 148188 0
69 48 148222 1
99 59 148236 1
52 37 148238 1
43 37 148413 1
62 41 148433 1
103 65 148484 1
103 96 148580 1
68 50 148593 1
97 57 148637 1
68 79 148638 0
58 40 148640 1
90 50 148808 1
21 74 148835 0
56 71 148857 0
65 49 148870 1
21 73 148914 0
96 105 148966 0
44 66 148980 1
103 70 149264 1
43 71 149288 1
5 116 149338 1
55 62 149427 0
70 50 149460 1
22 64 149569 0
99 60 149640 1
104 87 149751 1
43 65 149753 1
80 47 149864 1
106 47 149883 1
94 54 149921 1
95 55 149950 1
85 47 149955 1
57 71 149956 0
33 86 149959 0
101 66 150056 1
85 72 150060 0
70 49 150063 1
93 105 150102 0
74 48 150103 1
60 78 150117 0
84 72 150137 0
22 78 150198 0
69 51 150236 1
92 51 150250 1
79 75 150281 1
99 61 150307 1
52 36 150346 1
87 48 150351 1
90 105 150391 0
79 74 150623 1
24 81 150685 0
104 86 150738 1
26 83 150765 0
54 62 150770 0
105 75 150770 1
95 54 150812 1
85 99 150820 0
84 47 151116 1
51 58 151126 0
100 62 151167 1
29 50 151179 0
105 72 151186 1
81 47 151212 1
105 77 151220 1
87 82 151313 0
34 85 151376 0
89 105 151413 0
97 59 151437 1
84 102 151473 0
98 58 151529 1
38 87 151662 0
88 87 151733 0
104 72 151809 1
30 85 151828 0
44 70 151940 1
104 89 151957 1
71 80 151985 0
37 87 151989 0
22 79 152047 0
86 104 152073 0
65 47 152104 1
85 95 152105 0
76 77 152175 0
23 79 152214 0
95 105 152217 0
68 48 152221 1
81 46 152329 1
86 77 152341 0
93 52 152341 1
55 37 152375 1
102 100 152388 1
63 43 152460 1
35 42 152488 1
87 103 152555 0
66 79 152562 0
84 100 152601 0
104 70 152615 1
53 37 152654 1
91 106 152666 0
43 73 152669 1
66 47 152754 1
76 78 152803 0
100 63 152827 1
53 58 152831 0
61 75 152879 0
86 89 152896 0
105 81 152897 1
86 87 152942 0
50 36 152946 1
94 52 153006 1
85 94 153040 0
23 60 153048 0
103 68 153051 1
51 35 153185 1
32 85 153188 0
57 64 153206 0
85 102 153321 0
54 61 153323 0
39 85 153346 0
59 73 153461 0
105 73 153473 1
58 73 153561 0
84 76 153562 0
85 99 153569 0
62 42 153570 1
45 36 153589 1
88 48 153611 1
90 105 153616 0
23 80 153624 0
88 104 153628 0
52 35 153651 1
43 77 153678 1
57 68 153732 0
97 104 153748 0
72 79 153763 0
37 40 153768 1
88 49 153773 1
43 79 153853 1
56 37 153919 1
87 43 153953 1
67 48 153969 1
23 78 153997 0
86 86 154011 0
104 82 154028 1
78 46 154036 1
61 42 154043 1
60 40 154045 1
65 77 154077 0
77 46 154082 1
20 74 154215 0
22 80 154239 0
68 79 154262 0
102 68 154263 1
103 70 154267 1
22 67 154327 0
91 50 154358 1
31 85 154363 0
89 49 154403 1
103 69 154416 1
26 84 154417 0
57 39 154425 1
34 86 154479 0
23 81 154501 0
57 73 154531 0
99 62 154588 1
59 41 154590 1
24 81 154640 0
101 66 154665 1
45 35 154748 1
72 78 154762 0
85 93 154787 0
58 72 154793 0
82 102 154794 0
101 64 154808 1
86 100 154820 0
57 72 154828 0
55 73 154843 0
21 76 154854 0
69 80 154876 0
85 100 154891 0
105 79 154914 1
87 77 154915 0
100 64 154944 1
47 61 155000 0
85 101 155008 0
87 90 155020 0
105 89 155042 1
43 68 155057 1
63 77 155063 0
85 71 155126 0
86 91 155127 0
102 66 155194 1
83 46 155197 1
67 85 155206 0
84 78 155217 0
65 45 155276 1
55 65 155311 0
33 45 155347 0
55 61 155351 0
89 104 155356 0
29 49 155398 0
47 35 155404 1
58 39 155515 1
21 69 155547 0
59 40 155549 1
50 35 155576 1
53 74 155678 0
93 105 155749 0
65 78 155761 0
53 36 155790 1
60 41 155813 1
24 58 155843 0
87 83 155875 0
26 82 155900 0
38 85 155906 0
87 84 155927 0
68 49 155934 1
43 74 156003 1
32 86 156009 0
64 79 156009 0
25 84 156028 0
65 46 156100 1
83 104 156107 0
55 62 156112 0
29 85 156122 0
20 67 156124 0
54 36 156127 1
23 61 156148 0
53 73 156167 0
60 76 156206 0
44 78 156227 1
87 107 156227 0
48 60 156246 0
84 77 156254 0
75 78 156343 0
33 46 156361 0
95 108 156391 0
86 77 156400 0
105 78 156416 1
85 72 156478 0
87 87 156538 0
54 60 156544 0
31 50 156587 0
97 56 156591 1
21 72 156597 0
97 57 156624 1
90 49 156626 1
106 77 156647 1
67 47 156670 1
59 39 156704 1
88 104 156711 0
48 35 156721 1
95 53 156756 1
73 49 156815 1
61 76 156848 0
60 80 156862 0
99 60 156903 1
56 77 156922 0
104 71 156929 1
57 38 157001 1
105 71 157019 1
65 21 157020 1
34 85 157079 0
98 59 157139 1
87 89 157194 0
30 85 157330 0
95 106 157342 0
96 55 157426 1
85 99 157460 0
86 73 157563 0
69 50 157569 1
20 75 157578 0
94 53 157624 1
31 46 157729 0
61 75 157764 0
104 93 157782 1
85 94 157800 0
85 71 157826 0
44 71 157925 1
86 47 157925 1
96 57 157930 1
86 75 158001 0
26 83 158002 0
55 60 158032 0
101 65 158052 1
59 75 158113 0
56 38 158121 1
69 49 158146 1
40 39 158184 1
66 48 158200 1
64 45 158293 1
30 86 158337 0
44 73 158342 1
27 86 158387 0
82 98 158390 0
55 63 158497 0
56 70 158510 0
49 35 158542 1
84 82 158604 0
91 51 158638 1
105 76 158669 1
83 87 158691 0
84 103 158742 0
25 55 158770 0
94 51 158811 1
24 81 158813 0
86 46 158909 1
24 85 158961 0
63 44 159012 1
21 89 159019 0
43 69 159133 1
32 45 159238 0
54 61 159283 0
105 83 159305 1
17 71 159310 0
51 59 159350 0
84 94 159350 0
13 85 159362 0
29 51 159363 0
52 66 159377 0
53 35 159406 1
49 60 159414 0
87 86 159422 0
85 75 159481 0
56 36 159484 1
46 61 159485 0
57 65 159500 0
83 47 159572 1
86 83 159580 0
105 74 159583 1
79 47 159638 1
53 66 159706 0
72 50 159706 1
86 88 159719 0
86 90 159720 0
27 82 159740 0
62 43 159792 1
54 60 159816 0
94 54 159835 1
44 65 159881 1
44 76 159884 1
71 79 159892 0
44 36 159940 1
51 58 159963 0
53 60 159992 0
87 75 160010 0
91 49 160079 1
57 71 160080 0
86 105 160087 0
33 44 160238 0
54 62 160295 0
27 83 160312 0
70 78 160352 0
53 64 160370 0
35 85 160417 0
30 87 160424 0
87 82 160448 0
87 105 160464 0
27 84 160536 0
44 75 160538 1
21 72 160553 0
86 73 160701 0
21 75 160726 0
99 61 160827 1
35 84 160849 0
40 84 160863 0
21 79 160917 0
83 85 160959 0
85 93 160963 0
57 69 160976 0
84 71 161012 0
43 72 161053 1
68 80 161156 0
92 107 161178 0
85 71 161228 0
86 104 161230 0
51 70 161232 0
87 87 161267 0
86 77 161303 0
56 69 161326 0
19 75 161354 0
21 91 161394 0
88 104 161395 0
17 80 161431 0
55 60 161487 0
84 102 161509 0
105 80 161529 1
55 36 161546 1
86 75 161607 0
48 44 161644 1
57 64 161662 0
68 79 161775 0
22 62 161880 0
20 66 162019 0
90 105 162026 0
88 81 162047 0
87 78 162126 0
32 62 162184 1
23 78 162218 0
84 72 162221 0
80 46 162233 1
96 56 162247 1
42 71 162276 1
105 82 162300 1
22 65 162334 0
85 103 162382 0
93 51 162478 1
63 42 162500 1
86 89 162533 0
27 85 162594 0
59 76 162597 0
20 79 162648 0
86 100 162649 0
16 75 162698 0
61 41 162752 1
28 88 162785 0
62 55 162785 1
23 79 162825 0
85 83 162837 0
67 78 162883 0
85 96 162951 0
81 102 162976 0
22 67 163033 0
24 56 163072 0
54 71 163110 0
89 105 163154 0
56 64 163235 0
86 92 163379 1
30 49 163411 0
89 108 163504 0
41 38 163567 1
89 106 163648 0
24 60 163735 0
20 65 163768 0
79 46 163827 1
22 82 163854 0
96 105 163857 0
51 62 163872 0
57 70 163879 0
27 83 163882 0
20 76 163933 0
74 78 164096 0
105 75 164233 1
43 70 164262 1
86 73 164307 0
71 50 164405 1
104 85 164427 1
91 105 164440 0
51 63 164493 0
59 38 164498 1
44 67 164653 1
100 61 164676 1
87 48 164729 1
54 60 164748 0
85 95 164760 0
53 76 164786 0
70 78 164893 0
64 44 164922 1
85 90 165026 0
85 47 165281 1
86 91 165497 0
48 61 165538 0
87 103 165628 0
44 64 165648 1
36 40 165653 1
66 46 165726 1
77 78 165873 0
21 67 165874 0
58 40 165895 1
57 69 166037 0
24 81 166113 0
65 77 166124 0
86 75 166160 0
85 94 166225 0
83 109 166361 0
88 88 166528 0
59 74 166563 0
67 78 166590 0
77 42 166627 1
87 78 166828 0
55 63 166868 0
106 76 166869 1
85 96 166895 0
95 54 166944 1
87 87 166969 0
18 74 167059 0
51 60 167062 0
21 72 167139 0
87 47 167197 1
84 89 167218 0
21 74 167265 0
56 68 167278 0
22 74 167359 0
17 72 167361 0
100 62 167492 1
93 52 167636 1
48 36 167712 1
22 63 167756 0
75 79 167880 0
58 73 167927 0
49 36 167933 1
27 83 168002 0
30 85 168051 0
88 87 168054 0
20 77 168363 0
85 99 168403 0
44 74 168515 1
32 85 168524 0
89 42 168548 1
91 105 168564 0
86 48 168592 1
26 82 168617 0
43 81 168726 1
86 103 168740 0
85 93 168752 0
99 59 168849 1
85 71 168904 0
62 42 169003 1
84 46 169071 1
53 58 169094 0
65 44 169546 1
64 77 169550 0
38 40 169642 1
31 85 169758 0
22 78 169951 0
39 84 169993 0
73 78 170052 0
22 70 170152 0
70 50 170154 1
86 79 170271 0
13 85 170605 0
58 76 170676 0
92 51 170726 1
50 58 170751 0
84 71 170874 0
82 82 170903 0
104 81 171236 1
63 43 171326 1
100 63 171409 1
57 39 171493 1
85 98 171496 0
86 73 171570 0
51 35 171597 1
59 74 171697 0
25 83 171775 0
85 96 171875 0
22 74 172092 0
60 75 172177 0
69 79 172209 0
102 68 172336 1
104 84 172369 1
55 60 172492 0
59 40 172566 1
35 41 172722 1
98 58 172723 1
44 77 172993 1
35 40 172999 1
114 78 173088 1
89 48 173204 1
25 82 173316 0
67 48 173347 1
98 57 173729 1
82 46 173817 1
43 80 173875 1
86 103 173978 0
84 70 174017 0
64 77 174036 0
105 72 174508 1
81 46 174524 1
101 63 174635 1
44 69 174650 1
43 71 174848 1
78 48 174889 1
72 49 174961 1
22 75 175005 0
43 73 175027 1
60 41 175172 1
46 35 175297 1
61 42 175410 1
60 40 175440 1
103 70 175493 1
104 67 175606 1
77 47 175670 1
22 70 175808 0
84 102 175958 0
103 69 176032 1
59 73 176075 0
91 105 176169 0
105 73 176192 1
21 77 176200 0
53 57 176271 0
84 47 176334 1
104 70 176395 1
85 69 176408 0
103 68 176482 1
23 75 176488 0
91 110 176539 0
87 106 176677 0
97 57 176728 1
97 55 176814 1
85 98 176854 0
99 60 176930 1
104 86 176957 1
105 77 176997 1
91 50 177031 1
66 45 177076 1
85 97 177092 0
105 88 177144 1
105 84 177223 1
56 37 177224 1
73 78 177357 0
88 47 177372 1
105 79 177424 1
62 76 177497 0
101 64 177513 1
87 77 177559 0
98 56 177573 1
105 87 177586 1
60 75 177646 0
76 46 177672 1
89 104 177735 0
106 74 177744 1
101 66 177862 1
102 65 177868 1
69 78 177938 0
96 55 178027 1
101 65 178036 1
102 66 178036 1
88 48 178063 1
67 78 178095 0
90 49 178103 1
69 50 178107 1
105 86 178139 1
58 39 178142 1
65 46 178147 1
105 81 178169 1
105 92 178213 1
103 68 178317 1
104 71 178372 1
97 56 178411 1
105 91 178423 1
104 69 178428 1
88 104 178430 0
86 77 178436 0
54 36 178454 1
94 52 178458 1
68 49 178509 1
85 46 178613 1
106 75 178658 1
105 72 178666 1
104 95 178705 1
53 36 178727 1
52 35 178754 1
65 45 178784 1
89 49 178805 1
25 82 178815 0
56 71 178828 0
70 78 178903 0
95 54 178904 1
97 57 178912 1
105 93 178924 1
84 70 178948 0
98 103 179016 0
66 44 179069 1
54 35 179070 1
86 100 179092 0
100 62 179105 1
72 78 179176 0
105 90 179203 1
57 69 179216 0
85 47 179233 1
58 64 179249 0
103 69 179264 1
104 70 179290 1
65 47 179298 1
99 60 179300 1
83 46 179302 1
50 35 179309 1
95 53 179346 1
68 48 179356 1
86 79 179365 0
58 72 179383 0
90 48 179441 1
31 86 179463 0
93 50 179469 1
86 75 179501 0
82 45 179508 1
87 75 179517 0
79 45 179527 1
22 75 179592 0
61 40 179597 1
64 77 179603 0
88 81 179607 0
25 83 179616 0
57 38 179623 1
93 51 179659 1
65 41 179679 1
59 14 179680 1
81 45 179684 1
57 37 179691 1
105 71 179700 1
95 52 179702 1
87 85 179732 0
105 94 179781 1
94 105 179789 0
54 58 179813 0
75 48 179820 1
93 52 179823 1
58 68 179830 0
87 58 179838 0
87 78 179838 0
63 77 179852 0
64 43 179874 1
61 75 179912 0
100 61 179924 1
62 41 179963 1
103 67 179981 1
70 111 180005 1
74 48 180059 1
106 73 180084 1
105 89 180101 1
34 85 180128 0
56 38 180142 1
59 74 180179 0
100 60 180230 1
43 67 180281 1
59 70 180295 0
93 105 180298 0
104 89 180318 1
69 49 180335 1
97 54 180361 1
67 47 180376 1
106 77 180382 1
96 53 180421 1
87 48 180443 1
87 96 180486 0
87 74 180486 0
91 49 180501 1
62 77 180507 0
59 39 180586 1
43 72 180594 1
65 77 180604 0
70 49 180606 1
87 102 180623 0
44 75 180644 1
27 83 180645 0
87 47 180705 1
99 59 180735 1
47 35 180865 1
58 39 180881 1
22 64 180891 0
69 79 180923 0
76 77 180935 0
81 47 180949 1
107 77 180962 1
56 62 181001 0
85 97 181020 0
105 73 181031 1
48 35 181042 1
67 46 181045 1
57 68 181051 0
85 100 181061 0
100 59 181066 1
95 105 181087 0
55 36 181117 1
69 50 181129 1
106 49 181150 1
106 78 181150 1
87 83 181206 0
85 98 181214 0
62 42 181247 1
90 49 181341 1
53 57 181346 0
63 43 181381 1
85 69 181389 0
71 49 181400 1
67 48 181425 1
101 62 181428 1
23 62 181448 0
94 53 181484 1
86 103 181523 0
106 80 181542 1
32 46 181555 0
87 103 181574 0
103 72 181607 1
106 74 181610 1
102 99 181690 1
44 80 181696 1
59 73 181705 0
90 105 181708 0
22 74 181724 0
51 34 181742 1
86 46 181772 1
73 77 181791 0
44 72 181795 1
24 57 181806 0
69 78 181810 0
44 70 181819 1
27 82 181827 0
94 51 181850 1
49 35 181895 1
44 71 181904 1
87 77 181923 0
56 35 181935 1
62 76 181978 0
68 49 181992 1
44 66 182038 1
68 78 182050 0
32 47 182077 0
105 88 182089 1
51 35 182101 1
87 101 182113 0
103 68 182160 1
83 45 182212 1
97 104 182213 0
101 64 182213 1
61 42 182260 1
57 64 182264 0
94 50 182274 1
86 47 182284 1
105 72 182289 1
105 85 182332 1
87 84 182369 0
83 47 182374 1
104 65 182392 1
86 71 182411 0
52 59 182431 0
75 47 182435 1
21 73 182440 0
102 67 182512 1
88 48 182532 1
88 87 182532 0
54 36 182534 1
67 78 182558 0
22 75 182561 0
87 87 182571 0
105 82 182580 1
73 78 182587 0
97 56 182648 1
105 78 182684 1
53 35 182702 1
44 73 182733 1
68 47 182747 1
51 32 182768 1
38 39 182769 1
66 46 182791 1
28 84 182879 0
43 38 182913 1
54 58 182941 0
86 100 182943 0
44 78 182969 1
23 80 182999 0
40 38 183008 1
22 79 183018 0
104 70 183026 1
58 38 183027 1
35 86 183034 0
43 79 183051 1
56 36 183053 1
26 82 183058 0
104 69 183063 1
60 75 183084 0
102 64 183119 1
55 60 183133 0
22 70 183136 0
95 54 183137 1
23 78 183176 0
61 41 183195 1
46 37 183217 1
24 80 183249 0
64 42 183316 1
26 83 183459 0
104 68 183461 1
23 59 183477 0
105 83 183521 1
80 45 183530 1
109 45 183532 1
99 58 183555 1
54 60 183572 0
53 36 183576 1
109 45 183597 0
58 64 183626 0
87 102 183659 0
64 77 183678 0
65 46 183684 1
24 61 183719 0
106 79 183739 1
25 82 183833 0
25 56 183846 0
44 74 183884 1
57 38 183912 1
43 68 183917 1
44 77 183954 1
36 39 183978 1
81 46 184061 1
106 76 184107 1
58 68 184153 0
89 104 184156 0
44 75 184182 1
32 85 184200 0
35 84 184210 0
104 93 184219 1
86 91 184236 0
43 70 184247 1
68 48 184307 1
91 105 184318 0
45 35 184332 1
70 78 184338 0
71 50 184377 1
37 86 184463 0
43 69 184465 1
31 48 184477 0
95 53 184554 1
94 52 184558 1
88 86 184612 0
87 89 184617 0
77 76 184629 0
57 37 184675 1
71 77 184805 0
23 79 184815 0
101 63 184835 1
99 60 184836 1
92 49 184844 1
87 82 184846 0
50 35 184864 1
33 86 184922 0
65 78 184952 0
91 50 185017 1
105 87 185017 1
57 65 185035 0
39 39 185079 1
62 41 185146 1
60 41 185180 1
84 70 185204 0
85 97 185206 0
94 105 185238 0
88 88 185250 0
102 66 185302 1
86 71 185308 0
69 49 185366 1
97 57 185366 1
64 43 185416 1
50 34 185451 1
86 73 185495 0
67 47 185501 1
60 39 185570 1
72 78 185576 0
93 51 185596 1
57 35 185605 1
61 40 185629 1
65 43 185647 1
68 78 185727 0
36 86 185746 0
58 39 185756 1
22 75 185783 0
100 62 185938 1
45 63 185940 1
79 46 185948 1
105 70 185965 1
64 78 186106 0
87 90 186160 0
56 62 186177 0
13 85 186220 0
44 65 186243 1
71 80 186264 0
87 85 186272 0
32 86 186384 0
53 58 186396 0
101 65 186408 1
102 99 186420 0
102 65 186420 1
87 81 186486 0
61 39 186518 1
59 39 186549 1
99 103 186551 0
89 48 186566 1
22 76 186567 0
37 40 186608 1
22 74 186627 0
65 45 186704 1
25 58 186772 0
43 72 186796 1
24 80 186797 0
87 102 186814 0
62 77 186841 0
53 57 187037 0
106 75 187040 1
69 78 187086 0
52 35 187155 1
24 82 187162 0
104 96 187162 1
65 44 187162 1
21 71 187187 0
27 83 187202 0
54 58 187204 0
103 97 187218 1
105 71 187252 1
80 46 187295 1
44 76 187323 1
28 84 187335 0
105 91 187344 1
62 42 187345 1
70 50 187387 1
27 82 187388 0
44 63 187429 1
22 67 187536 0
85 47 187562 1
63 78 187606 0
61 75 187611 0
85 46 187632 1
83 84 187634 0
50 127 187676 1
88 84 187749 0
36 41 187877 1
62 76 187975 0
66 45 187975 1
103 69 187992 1
21 70 188009 0
34 84 188187 0
65 77 188301 0
86 71 188332 0
21 69 188365 0
84 46 188366 1
23 75 188397 0
103 67 188451 1
87 78 188554 0
55 36 188567 1
21 68 188577 0
35 85 188607 0
85 98 188615 0
46 35 188620 1
100 61 188644 1
60 40 188665 1
31 86 188693 0
63 43 188743 1
55 35 188749 1
44 68 188824 1
70 49 188834 1
26 82 188862 0
26 81 188864 0
88 47 188893 1
31 85 188927 0
88 81 188932 0
105 79 188956 1
54 35 188963 1
55 61 188992 0
34 85 189097 0
48 35 189134 1
83 46 189134 1
73 82 189164 0
42 37 189281 1
88 86 189302 0
30 84 189324 0
23 61 189433 0
47 34 189462 1
28 83 189510 0
58 70 189563 0
49 34 189568 1
105 81 189651 1
105 86 189691 1
60 38 189703 1
55 63 189707 0
90 49 189792 1
106 77 189829 1
99 59 189860 1
45 36 189921 1
97 55 189935 1
105 92 189962 1
22 70 190001 0
56 63 190017 0
60 74 190071 0
103 96 190091 1
24 60 190127 0
21 72 190144 0
25 82 190240 0
85 69 190255 0
56 38 190297 1
88 102 190325 0
86 92 190374 0
87 75 190383 0
66 82 190395 0
87 79 190447 0
105 90 190456 1
37 39 190530 1
103 68 190592 1
87 86 190630 0
16 78 190634 0
22 76 190638 0
24 80 190641 0
51 35 190666 1
73 78 190676 0
87 74 190803 0
105 75 190819 1
68 78 190829 0
44 67 190839 1
84 97 190848 0
40 40 190858 1
93 50 190905 1
87 101 190940 0
52 34 190966 1
85 97 190979 0
104 97 190991 1
41 39 191001 1
57 61 191099 0
105 72 191106 1
106 74 191119 1
106 73 191125 1
88 104 191186 0
67 48 191208 1
69 48 191248 1
104 69 191288 1
19 77 191305 0
28 81 191356 0
87 78 191421 1
87 47 191421 1
103 66 191476 1
97 56 191491 1
85 43 191504 1
91 49 191510 1
87 102 191581 0
104 70 191643 1
100 60 191680 1
105 89 191750 1
74 78 191809 0
63 42 191811 1
59 70 191896 0
86 100 191903 0
88 48 191929 1
29 87 191952 0
82 45 192013 1
93 52 192014 1
103 94 192040 1
87 77 192078 0
88 84 192116 0
98 104 192118 0
87 46 192130 1
59 74 192190 0
66 42 192207 1
105 88 192238 1
26 81 192270 0
22 65 192281 0
76 47 192313 1
81 45 192324 1
106 78 192333 1
48 34 192397 1
53 35 192406 1
61 76 192416 0
105 84 192484 1
84 45 192484 1
95 52 192527 1
95 53 192539 1
64 78 192610 0
69 50 192614 1
44 72 192655 1
90 48 192676 1
44 66 192686 1
86 71 192718 0
46 34 192761 1
85 94 192782 0
86 46 192813 1
101 62 192818 1
99 57 192822 1
62 77 192825 0
54 36 192870 1
24 58 192916 0
77 98 192919 0
106 72 192954 1
87 81 192978 0
47 35 192984 1
58 72 192993 0
22 75 193027 0
30 84 193029 0
100 58 193076 1
44 69 193081 1
94 51 193185 1
22 60 193193 0
73 77 193230 0
28 83 193244 0
101 60 193257 1
64 77 193266 0
88 87 193296 0
44 64 193300 1
101 64 193300 1
58 68 193415 0
50 58 193416 0
24 88 193452 0
23 60 193466 0
87 75 193468 0
39 38 193479 1
28 84 193481 0
57 38 193486 1
98 55 193486 1
21 71 193491 0
23 78 193500 0
29 85 193509 0
33 45 193517 0
58 64 193545 0
88 102 193560 0
58 38 193598 1
59 72 193629 0
67 78 193633 0
72 49 193645 1
21 70 193647 0
41 84 193677 0
58 37 193745 1
47 60 193786 0
105 71 193814 1
40 84 193830 0
39 84 193835 0
58 70 193925 0
98 56 193936 1
103 67 193961 1
101 61 194006 1
55 83 194006 0
94 105 194011 0
75 78 194043 0
60 75 194077 0
57 61 194120 0
60 74 194124 0
85 70 194213 0
99 102 194220 0
63 77 194229 0
55 60 194232 0
54 58 194243 0
57 62 194264 0
105 93 194267 1
34 84 194295 0
61 40 194324 1
64 42 194326 1
44 73 194326 1
89 104 194359 0
67 46 194415 1
68 48 194448 1
57 37 194464 1
51 58 194475 0
66 46 194504 1
69 47 194505 1
90 49 194506 1
105 87 194524 1
56 36 194583 1
44 71 194607 1
87 79 194613 0
64 43 194619 1
59 69 194635 0
62 78 194641 0
59 73 194649 0
67 47 194649 1
72 38 194657 1
72 78 194657 0
25 78 194696 0
69 49 194698 1
24 80 194728 0
87 85 194739 0
88 86 194792 0
74 48 194803 1
22 76 194803 0
87 71 194831 0
43 71 194845 1
62 40 194871 1
33 43 194883 0
62 41 194891 1
86 97 194892 0
57 60 194909 0
77 47 194909 1
43 67 194909 1
41 38 194916 1
94 107 194932 0
91 48 195069 1
42 38 195090 1
44 78 195110 1
71 49 195117 1
26 81 195128 0
57 64 195136 0
85 69 195138 0
94 52 195151 1
58 65 195157 0
70 78 195161 0
88 81 195245 0
80 72 195249 1
85 93 195296 0
102 64 195321 1
89 47 195327 1
93 51 195345 1
44 70 195363 1
71 77 195388 0
44 77 195422 1
97 56 195438 1
60 39 195494 1
68 49 195521 1
99 58 195583 1
10 25 195585 1
66 44 195587 1
85 45 195608 1
51 34 195632 1
43 36 195644 1
96 53 195666 1
25 80 195695 0
104 69 195709 1
103 68 195800 1
106 80 195813 1
53 34 195813 1
68 47 195838 1
105 85 195839 1
93 49 195839 1
44 75 195884 1
86 92 195912 0
92 49 195926 1
77 46 195970 1
97 55 196053 1
106 77 196067 1
91 49 196076 1
30 84 196125 0
105 82 196126 1
30 85 196155 0
56 62 196195 0
87 74 196200 0
22 74 196229 0
25 83 196239 0
101 63 196242 1
60 83 196269 0
56 67 196288 0
21 65 196290 0
44 74 196310 1
32 48 196406 0
81 46 196431 1
38 40 196456 1
34 43 196498 0
106 75 196604 1
96 103 196631 0
103 98 196652 1
83 45 196719 1
102 65 196736 1
100 59 196747 1
45 34 196752 1
59 41 196775 1
28 83 196776 0
50 35 196795 1
59 72 196825 0
69 78 196825 0
25 58 196860 0
86 103 196902 0
34 44 196902 0
87 101 196911 0
53 57 196923 0
88 102 196928 0
35 84 196946 0
68 78 196950 0
54 61 196962 0
53 36 196986 1
93 50 197032 1
73 48 197036 1
44 35 197057 1
88 103 197063 0
85 46 197110 1
40 39 197119 1
22 61 197163 0
103 64 197168 1
33 44 197193 0
114 78 197216 1
68 46 197218 1
53 59 197277 0
27 82 197303 0
57 62 197318 0
43 70 197339 1
76 77 197348 0
23 62 197384 0
57 66 197407 0
87 102 197413 0
57 61 197451 0
68 82 197457 0
87 47 197483 1
67 45 197537 1
23 75 197549 0
59 39 197554 1
63 76 197584 0
95 51 197642 1
59 70 197691 0
88 84 197741 0
105 73 197767 1
85 70 197773 0
86 97 197792 0
58 70 197802 0
86 80 197840 0
63 43 197848 1
49 35 197852 1
105 83 197959 1
87 103 197981 0
23 85 198017 0
58 39 198074 1
85 95 198121 0
60 74 198130 0
87 83 198132 0
58 65 198146 0
102 63 198147 1
85 96 198154 0
106 76 198192 1
70 49 198192 1
66 45 198202 1
106 74 198269 1
36 86 198304 0
22 70 198386 0
92 104 198412 0
55 36 198420 1
88 47 198544 1
89 48 198551 1
25 80 198557 0
56 63 198588 0
70 48 198741 1
56 35 198796 1
26 81 198827 0
59 34 198842 1
22 76 198938 0
66 83 198995 0
105 72 199153 1
106 73 199171 1
86 100 199233 0
88 88 199261 0
105 70 199320 1
55 35 199344 1
62 75 199448 0
52 34 199494 1
43 72 199494 1
95 53 199502 1
104 68 199517 1
64 41 199537 1
54 35 199538 1
26 82 199634 0
87 79 199670 0
24 80 199676 0
87 104 199683 0
28 81 199687 0
22 64 199764 0
22 49 199875 0
95 54 199910 1
88 103 199928 0
0 0 200010 0
