56 96 0 0
31 61 20 1
71 103 294 0
82 57 301 0
99 75 483 1
68 67 504 1
78 59 670 0
103 40 772 1
50 81 813 0
57 98 849 0
101 33 894 1
19 83 897 0
21 75 909 0
52 86 929 0
98 75 1040 1
83 96 1047 0
94 71 1086 1
35 58 1195 1
69 79 1260 1
79 58 1467 0
72 35 1516 1
57 95 1610 0
50 78 1638 0
47 53 1680 1
90 52 1698 0
67 80 1959 1
38 57 2133 1
60 100 2143 0
51 81 2197 0
87 94 2267 0
20 73 2332 0
61 101 2525 0
25 86 2680 0
92 91 2738 0
105 37 2881 1
19 76 3072 0
23 84 3339 0
58 97 3381 0
55 93 3405 0
90 73 3590 1
25 85 3665 0
90 53 3709 0
50 80 3735 0
20 86 3997 0
21 83 4019 0
64 104 4045 0
52 92 4107 0
50 73 4164 0
62 108 4286 0
83 38 4315 1
58 99 4318 0
19 79 4380 0
81 37 4451 1
61 102 4656 0
62 102 4932 0
75 102 4940 0
107 4 5090 0
52 86 5164 0
63 37 5251 1
53 90 5374 0
53 89 5516 0
57 97 5654 0
20 82 5693 0
54 92 5737 0
21 81 5842 0
29 85 5907 0
90 92 6023 0
67 71 6033 1
94 49 6059 0
24 67 6126 0
87 74 6135 1
95 89 6366 0
68 68 6401 1
71 35 6735 1
76 38 7041 1
22 82 7049 0
23 84 7110 0
19 84 7251 0
29 86 7335 0
69 102 7353 0
54 98 7478 0
41 57 7556 1
77 60 7643 0
70 36 7655 1
83 76 7674 1
75 60 7777 0
54 94 8019 0
87 54 8152 0
52 87 8276 0
67 36 8345 1
83 96 8355 0
93 92 8394 0
84 96 8405 0
25 85 8441 0
40 76 8458 0
22 84 8525 0
59 97 8547 0
50 77 8587 0
55 95 8597 0
85 56 8674 0
70 81 8853 1
69 69 8925 1
51 78 9011 0
75 38 9157 1
100 78 9429 1
99 76 9474 1
63 101 9560 0
26 84 9574 0
41 56 9585 1
30 62 9599 1
80 99 9723 0
79 38 9731 1
99 84 9763 1
33 60 10047 1
100 84 10267 1
42 106 10365 0
77 59 10418 0
51 83 10424 0
18 81 10509 0
62 103 10538 0
22 86 10541 0
69 105 10558 0
80 58 10713 0
49 84 10765 0
62 104 10794 0
91 51 11116 0
84 75 11627 1
52 94 11673 0
100 83 11880 1
93 72 12019 1
93 32 12128 1
69 74 12508 1
91 72 12850 1
52 84 13058 0
104 32 13281 1
90 33 13294 1
97 74 13333 1
100 79 13460 1
98 74 13788 1
104 33 13865 1
83 37 13953 1
84 76 14041 1
83 77 14120 1
68 75 14146 1
26 85 14388 0
78 100 14469 0
69 35 14481 1
88 72 14534 1
105 39 14539 1
97 30 14549 1
96 89 14623 0
100 82 14647 1
100 80 14688 1
69 77 14697 1
68 66 14737 1
100 30 14762 1
65 37 14809 1
93 91 14895 0
103 31 14914 1
45 54 14918 1
99 77 14926 1
51 78 15054 0
86 95 15084 0
95 72 15089 1
92 71 15096 1
87 93 15097 0
105 38 15178 1
63 102 15255 0
80 57 15260 0
74 102 15264 0
69 76 15311 1
97 73 15321 1
70 80 15356 1
68 34 15372 1
104 40 15376 1
93 71 15428 1
101 30 15472 1
100 77 15472 1
74 37 15523 1
67 103 15561 0
79 99 15576 0
69 75 15588 1
78 79 15591 1
80 78 15597 1
92 91 15619 0
51 81 15620 0
69 70 15629 1
69 73 15804 1
99 85 15824 1
76 101 15859 0
93 33 15867 1
20 84 15882 0
63 101 15883 0
42 56 15897 1
80 2 15999 1
71 82 16047 1
96 72 16065 1
82 37 16088 1
69 78 16096 1
68 36 16118 1
75 38 16129 1
74 36 16130 1
71 81 16165 1
56 93 16197 0
55 95 16306 0
98 74 16360 1
85 35 16370 1
73 82 16390 1
68 73 16460 1
25 85 16470 0
84 56 16475 0
100 81 16510 1
70 78 16524 1
50 51 16551 1
71 36 16560 1
105 36 16588 1
92 32 16606 1
72 36 16611 1
67 76 16619 0
67 67 16619 1
81 38 16631 1
103 32 16744 1
72 82 16768 1
52 84 16832 0
99 76 16866 1
68 72 16867 1
79 58 16868 0
89 34 16870 1
75 37 16874 1
95 71 16900 1
58 96 16913 0
46 73 16978 0
80 37 16988 1
76 38 17009 1
70 35 17086 1
90 71 17133 1
96 30 17138 1
51 77 17145 0
51 72 17146 0
61 38 17176 1
32 60 17201 1
57 95 17246 0
73 101 17268 0
104 33 17272 1
69 67 17282 1
73 36 17374 1
104 32 17392 1
65 35 17406 1
76 59 17410 0
88 94 17450 0
94 71 17524 1
102 30 17537 1
100 45 17554 0
52 83 17589 0
93 90 17614 0
51 80 17625 0
58 98 17677 0
69 68 17707 1
59 97 17709 0
42 55 17737 1
62 38 17744 1
96 47 17785 0
100 78 17798 1
58 97 17835 0
53 86 17847 0
23 84 17853 0
79 37 17866 1
68 74 17875 1
104 42 17882 1
81 57 17894 0
72 81 17900 1
27 85 17974 0
69 72 18053 1
39 76 18068 0
81 37 18069 1
97 46 18094 0
93 50 18128 0
52 85 18135 0
52 86 18137 0
77 58 18140 0
75 81 18148 1
83 55 18190 0
20 78 18205 0
30 84 18218 0
68 68 18228 1
91 71 18242 1
100 76 18252 1
79 79 18297 1
70 80 18318 1
99 30 18353 1
51 76 18383 0
77 39 18422 1
101 31 18433 1
28 64 18443 1
20 74 18533 0
77 38 18640 1
25 84 18707 0
69 63 18708 0
96 73 18759 1
75 101 18769 0
50 78 18825 0
74 37 18850 1
85 95 18868 0
19 79 18915 0
73 83 18940 1
51 75 18961 0
90 92 18964 0
56 93 19013 0
66 36 19040 1
71 102 19071 0
73 35 19191 1
99 75 19270 1
65 103 19295 0
71 82 19308 1
50 71 19319 0
97 73 19334 1
105 37 19359 1
77 37 19372 1
49 74 19401 0
103 31 19440 1
81 78 19475 1
21 81 19514 0
94 31 19572 1
95 31 19580 1
41 55 19613 1
50 50 19614 1
69 76 19617 1
58 96 19778 0
70 40 19815 1
68 75 19815 1
105 35 19844 1
100 30 19849 1
101 30 19973 1
51 78 20013 0
26 85 20110 0
71 35 20110 1
69 34 20136 1
60 101 20142 0
16 11 20156 1
69 77 20221 1
46 52 20228 1
22 82 20251 0
52 84 20303 0
99 77 20304 1
55 92 20322 0
43 55 20645 1
53 86 20653 0
97 30 20692 1
71 34 20692 1
82 97 20723 0
100 79 20807 1
105 34 20884 1
69 78 20892 1
21 83 20911 0
49 35 20939 1
49 80 20939 0
74 36 20961 1
71 81 20962 1
39 56 20982 1
49 51 21042 1
93 71 21071 1
54 94 21093 0
95 72 21121 1
79 80 21146 1
69 71 21182 1
33 82 21228 0
97 74 21270 1
74 82 21311 1
68 101 21385 0
68 35 21385 1
21 84 21462 0
101 44 21498 0
87 34 21541 1
39 57 21592 1
99 74 21593 1
26 84 21643 0
100 83 21716 1
60 100 21718 0
75 37 21764 1
83 37 21812 1
37 58 21827 1
20 78 21845 0
55 93 21885 0
75 38 21967 1
77 59 21984 0
103 33 21994 1
100 77 22012 1
57 95 22033 0
65 36 22088 1
73 82 22207 1
72 35 22297 1
52 85 22343 0
27 84 22352 0
72 36 22433 1
96 72 22443 1
21 74 22515 0
70 78 22557 1
69 102 22601 0
22 84 22633 0
59 97 22638 0
47 78 22654 0
100 82 22675 1
92 33 22681 1
100 80 22803 1
79 38 22817 1
32 82 22876 0
24 68 22969 0
62 103 23007 0
19 75 23051 0
82 56 23153 0
20 82 23221 0
31 60 23244 1
66 103 23270 0
98 74 23319 1
85 74 23346 1
78 59 23467 0
92 71 23495 1
96 71 23561 1
98 30 23562 1
55 92 23684 0
69 75 23714 1
29 84 23742 0
41 56 23754 1
23 84 23813 0
31 82 23818 0
20 84 23831 0
76 38 23936 1
25 85 24002 0
53 86 24056 0
50 73 24082 0
56 97 24191 0
103 30 24265 1
87 94 24301 0
19 78 24309 0
85 55 24364 0
91 33 24381 1
21 82 24410 0
25 84 24432 0
104 33 24440 1
73 36 24529 1
99 76 24562 1
58 96 24577 0
21 76 24672 0
56 94 24776 0
51 72 24811 0
24 66 24834 0
57 96 25294 0
53 90 25430 0
38 77 25519 0
86 95 25589 0
19 77 25615 0
31 81 25692 0
68 67 25709 1
84 37 25784 1
52 84 25891 0
71 62 25905 0
32 83 25933 0
100 31 26016 1
21 75 26041 0
40 76 26058 0
41 97 26183 0
19 80 26190 0
51 80 26241 0
18 76 26346 0
51 81 26363 0
46 73 26439 0
26 85 26443 0
22 81 26458 0
58 42 26480 0
48 82 26496 1
48 74 26497 0
82 38 26498 1
67 105 26542 0
80 59 26546 0
59 96 26563 0
74 61 26584 0
37 77 26617 0
52 90 26638 0
64 103 26733 0
52 85 26741 0
95 89 26748 0
81 58 26756 0
51 77 26763 0
80 57 26830 0
58 97 26850 0
55 92 26873 0
55 95 26893 0
75 61 26923 0
61 101 26991 0
70 80 27095 1
52 83 27111 0
105 36 27187 1
40 56 27227 1
63 102 27366 0
39 77 27422 0
15 86 27439 0
69 35 27717 1
17 77 27764 0
69 103 27777 0
70 81 27793 1
72 62 27814 0
40 77 27844 0
55 94 27978 0
56 94 28040 0
64 36 28057 1
71 36 28172 1
21 82 28207 0
50 77 28230 0
18 75 28317 0
71 82 28388 1
73 103 28484 0
91 91 28624 0
57 96 28699 0
105 33 28721 1
99 45 28723 0
71 80 28802 1
71 103 28837 0
37 78 29007 0
20 79 29124 0
86 36 29124 1
91 51 29134 0
75 59 29247 0
31 83 29266 0
76 102 29288 0
66 104 29428 0
74 37 29484 1
100 44 29619 0
20 75 29717 0
105 38 29814 1
94 32 29814 1
57 43 29885 0
100 81 29885 1
53 86 29971 0
22 82 30195 0
47 71 30462 0
56 90 30490 0
66 102 30549 0
48 77 30564 0
83 96 30601 0
27 84 30753 0
60 101 30763 0
59 99 30820 0
69 74 30940 1
97 72 30953 1
52 76 30970 0
21 81 31049 0
53 84 31086 0
32 81 31145 0
56 93 31208 0
86 74 31312 1
82 37 31313 1
89 53 31487 0
45 75 31709 0
20 84 31759 0
21 73 31765 0
100 78 31857 1
56 94 31929 0
51 78 31987 0
33 81 32057 0
20 79 32086 0
50 71 32126 0
64 102 32137 0
48 51 32204 1
92 51 32231 0
99 86 32299 1
59 97 32350 0
73 101 32385 0
20 78 32561 0
77 100 32700 0
21 72 32738 0
21 82 32741 0
50 75 32794 0
83 36 32950 1
42 86 33048 0
20 81 33074 0
94 71 33076 1
57 96 33132 0
104 31 33303 1
30 82 33371 0
47 72 33394 0
55 92 33524 0
98 73 33562 1
104 32 33673 1
63 101 33752 0
69 70 34046 1
80 37 34113 1
100 30 34345 1
51 50 34392 1
99 75 34583 1
66 102 34606 0
52 82 34703 0
24 85 34774 0
69 66 34884 1
88 34 34954 1
69 69 35009 1
30 83 35015 0
53 84 35051 0
49 74 35075 0
69 65 35086 1
40 75 35143 0
103 31 35195 1
59 99 35368 0
79 78 35689 1
100 84 35910 1
49 88 35967 0
54 90 35970 0
91 91 36044 0
87 54 36072 0
46 72 36096 0
20 79 36306 0
20 75 36409 0
85 75 36480 1
99 45 36636 0
69 68 36774 1
95 71 36909 1
104 40 37016 1
68 68 37095 1
92 90 37105 0
69 73 37209 1
52 85 37263 0
102 30 37327 1
64 102 37359 0
81 37 37699 1
70 76 37884 1
87 35 37972 1
20 81 38288 0
71 79 38306 1
57 94 38580 0
65 102 38701 0
52 82 38766 0
85 36 38835 1
90 34 38872 1
74 36 38941 1
68 74 39242 1
105 35 39458 1
38 56 39470 1
63 37 39639 1
97 73 39641 1
69 67 39687 1
100 29 39881 1
105 39 39912 1
101 30 40057 1
74 81 40071 1
100 77 40114 1
105 37 40220 1
41 76 40354 0
75 36 40504 1
79 37 40517 1
93 90 40647 0
75 37 40723 1
105 32 40729 1
69 78 40760 1
84 36 40858 1
96 72 40860 1
105 34 40882 1
43 76 40982 0
54 90 41134 0
21 80 41172 0
100 76 41204 1
70 77 41260 1
72 81 41282 1
91 71 41292 1
98 74 41380 1
73 35 41410 1
65 37 41433 1
77 58 41521 0
94 49 41527 0
87 93 41785 0
105 36 41835 1
99 74 41867 1
69 77 41868 1
92 71 41869 1
69 76 41923 1
97 46 41941 0
71 81 42043 1
100 75 42047 1
93 71 42106 1
57 95 42255 0
71 102 42274 0
56 94 42333 0
87 74 42374 1
101 30 42384 1
101 80 42438 1
96 89 42519 0
97 73 42550 1
81 98 42567 0
71 35 42581 1
58 96 42585 0
89 34 42610 1
57 94 42714 0
77 37 42737 1
74 102 42748 0
74 35 42762 1
49 50 42793 1
97 30 42818 1
64 102 42870 0
104 32 42910 1
83 37 42933 1
59 99 42966 0
100 83 42993 1
101 29 42997 1
70 78 43012 1
82 57 43025 0
95 30 43076 1
72 80 43079 1
67 104 43087 0
68 36 43105 1
99 29 43141 1
80 78 43149 1
59 96 43153 0
104 31 43167 1
79 58 43170 0
73 82 43214 1
69 72 43242 1
82 77 43269 1
24 85 43285 0
77 100 43287 0
66 102 43288 0
81 56 43299 0
103 31 43354 1
69 102 43410 0
63 36 43431 1
82 56 43441 0
73 36 43450 1
76 38 43514 1
26 84 43555 0
51 72 43559 0
74 82 43581 1
20 81 43582 0
49 71 43756 0
81 57 43768 0
44 75 43795 0
53 84 43823 0
67 103 43832 0
103 30 43836 1
99 73 43901 1
65 102 43934 0
83 55 43963 0
27 85 44003 0
52 82 44061 0
104 41 44062 1
105 33 44102 1
72 36 44164 1
92 91 44171 0
89 71 44192 1
87 73 44197 1
41 55 44213 1
39 55 44235 1
97 72 44240 1
51 76 44252 0
94 71 44259 1
105 38 44282 1
78 37 44291 1
96 71 44307 1
87 94 44347 0
95 89 44390 0
23 84 44399 0
51 75 44408 0
20 79 44416 0
22 81 44471 0
21 83 44473 0
25 84 44475 0
90 33 44481 1
100 30 44481 1
100 78 44481 1
22 85 44512 0
59 97 44570 0
57 96 44572 0
72 34 44612 1
58 41 44647 0
72 35 44648 1
40 75 44649 0
80 57 44658 0
74 36 44673 1
56 90 44675 0
36 57 44689 1
90 71 44835 1
56 93 44864 0
69 75 44880 1
38 57 44884 1
95 49 44889 0
23 68 44901 0
72 62 44902 0
47 72 44941 0
76 81 44993 1
93 32 45022 1
21 82 45024 0
81 37 45064 1
79 99 45154 0
88 93 45159 0
99 85 45191 1
53 86 45196 0
89 93 45279 0
94 91 45303 0
21 81 45308 0
102 29 45334 1
22 82 45335 0
69 65 45395 1
21 79 45469 0
100 29 45471 1
100 76 45475 1
71 80 45518 1
33 59 45528 1
100 77 45544 1
67 34 45562 1
51 77 45563 0
57 94 45588 0
75 101 45685 0
70 77 45721 1
69 76 45732 1
77 80 45750 1
26 85 45755 0
77 38 45789 1
21 80 45800 0
74 35 45844 1
71 81 45919 1
71 34 45977 1
97 71 45981 1
74 101 46038 0
52 76 46055 0
25 67 46089 0
59 98 46141 0
68 101 46142 0
98 72 46147 1
80 36 46156 1
101 30 46169 1
105 34 46197 1
105 37 46220 1
42 55 46232 1
20 74 46239 0
59 96 46252 0
73 35 46263 1
22 84 46268 0
50 71 46273 0
50 75 46276 0
23 69 46290 0
96 72 46290 1
71 79 46292 1
75 36 46346 1
20 75 46391 0
54 90 46398 0
21 76 46450 0
75 37 46481 1
21 75 46497 0
98 46 46499 0
99 74 46529 1
50 51 46543 1
99 75 46566 1
27 84 46566 0
69 73 46589 1
21 74 46606 0
95 71 46645 1
20 82 46681 0
48 73 46714 0
70 78 46792 1
51 78 46794 0
29 83 46807 0
31 82 46839 0
70 74 46848 1
69 66 46908 1
34 59 46949 1
37 56 46963 1
53 89 47021 0
40 55 47118 1
97 73 47120 1
36 58 47131 1
100 74 47163 1
43 54 47229 1
105 36 47247 1
96 30 47253 1
92 70 47292 1
92 90 47307 0
72 81 47376 1
20 84 47382 0
68 34 47410 1
69 34 47543 1
98 74 47570 1
79 37 47677 1
51 73 47688 0
75 81 47735 1
93 33 47757 1
54 87 47760 0
106 37 47761 1
105 35 47789 1
100 30 47820 1
77 37 47869 1
58 96 47972 0
69 71 47990 1
78 79 48001 1
73 81 48038 1
98 73 48078 1
53 87 48095 0
20 78 48113 0
70 80 48178 1
104 30 48195 1
49 71 48200 0
82 37 48224 1
37 57 48301 1
70 76 48305 1
104 33 48320 1
71 78 48332 1
50 50 48341 1
81 36 48344 1
47 52 48438 1
70 71 48549 1
105 32 48614 1
70 75 48656 1
39 76 48658 0
68 36 48665 1
68 35 48665 1
51 49 48677 1
73 77 48831 1
69 74 48858 1
47 51 48931 1
89 33 48966 1
53 84 49057 0
31 61 49134 1
30 61 49141 1
83 36 49165 1
93 71 49201 1
26 84 49202 0
81 78 49284 1
57 95 49326 0
73 36 49335 1
22 81 49387 0
63 101 49410 0
20 81 49437 0
68 102 49454 0
81 77 49590 1
58 94 49645 0
57 92 49655 0
25 84 49671 0
104 31 49706 1
100 86 49769 1
69 70 49886 1
69 68 50087 1
67 65 50138 1
30 83 50173 0
21 79 50176 0
70 103 50197 0
70 34 50199 1
73 82 50219 1
91 71 50227 1
35 58 50248 1
92 71 50328 1
74 36 50351 1
71 35 50362 1
65 102 50461 0
86 35 50491 1
59 98 50622 0
65 36 50686 1
101 81 50749 1
69 69 50778 1
74 82 50781 1
100 75 50785 1
91 33 50812 1
104 32 51053 1
85 95 51073 0
63 100 51291 0
29 84 51302 0
31 84 51324 0
95 31 51380 1
80 37 51443 1
55 91 51443 0
54 87 51562 0
75 35 51725 1
64 102 51745 0
101 82 51758 1
69 67 51822 1
103 31 51827 1
105 39 51844 1
91 92 51848 0
56 90 51864 0
74 101 51872 0
73 101 52103 0
57 94 52337 0
21 80 52484 0
42 77 52498 0
91 32 52516 1
90 92 52582 0
105 33 52703 1
52 80 52797 0
51 73 52805 0
92 32 52866 1
101 73 53050 1
52 82 53118 0
97 72 53170 1
39 56 53267 1
101 29 53316 1
96 71 53559 1
95 70 53581 1
76 36 53592 1
61 100 53602 0
61 37 53628 1
68 102 53758 0
50 74 53871 0
98 29 53924 1
63 100 54035 0
106 35 54095 1
100 85 54138 1
33 60 54181 1
58 94 54187 0
69 72 54259 1
100 44 54324 0
20 79 54394 0
53 87 54444 0
102 30 54448 1
45 54 54449 1
69 77 54464 1
75 60 54535 0
22 85 54634 0
94 71 54645 1
50 73 54702 0
70 63 54727 0
110 28 54883 1
66 102 54890 0
93 70 54989 1
77 36 55120 1
59 97 55161 0
82 36 55539 1
95 75 55658 1
54 87 55719 0
27 63 55814 1
52 80 55824 0
79 79 56065 1
48 52 56065 1
39 57 56072 1
55 91 56225 0
83 37 56297 1
59 100 56466 0
51 72 56618 0
88 93 56692 0
69 75 56697 1
63 100 56699 0
23 84 56738 0
76 101 56798 0
53 80 56906 0
28 84 56926 0
55 92 56972 0
22 82 56992 0
49 73 57036 0
99 74 57156 1
30 84 57240 0
72 80 57335 1
41 55 57350 1
101 44 57378 0
89 52 57408 0
59 98 57472 0
80 58 57504 0
69 102 57535 0
76 59 57724 0
21 81 57738 0
102 43 57787 0
25 85 57833 0
46 72 57866 0
46 73 57926 0
35 80 58086 0
47 71 58160 0
101 79 58181 1
42 54 58201 1
68 102 58268 0
56 99 58282 0
70 67 58325 1
86 94 58341 0
34 82 58466 0
73 34 58539 1
94 32 58544 1
41 56 58684 1
29 83 58782 0
64 36 58792 1
71 102 58836 0
52 76 58900 0
21 76 58966 0
21 82 58967 0
70 78 58972 1
105 34 59017 1
67 104 59243 0
51 50 59488 1
32 84 59586 0
62 100 59597 0
61 100 59604 0
78 100 59631 0
52 80 59684 0
70 68 59713 1
103 30 59817 1
94 31 59828 1
54 90 59854 0
99 29 59918 1
91 91 60015 0
57 92 60053 0
72 35 60059 1
59 96 60069 0
49 51 60104 1
69 65 60105 1
24 84 60135 0
17 85 60141 0
101 78 60177 1
83 76 60313 1
19 76 60399 0
48 73 60469 0
40 75 60475 0
77 58 60567 0
63 100 60627 0
70 103 60631 0
52 84 60645 0
32 81 60686 0
70 77 60831 1
27 84 60866 0
55 96 60928 0
52 49 61029 1
71 62 61107 0
20 73 61146 0
22 81 61180 0
70 33 61200 1
101 77 61312 1
71 79 61324 1
74 81 61550 1
100 76 61593 1
24 85 61724 0
74 37 61735 1
99 73 61763 1
34 80 61912 0
52 74 61959 0
21 79 62084 0
55 91 62220 0
87 34 62596 1
55 90 62694 0
20 81 62733 0
28 84 62962 0
54 87 62993 0
55 103 63068 0
87 93 63116 0
20 75 63178 0
72 34 63383 1
44 45 63588 1
78 57 63615 0
66 35 63744 1
69 76 63764 1
62 100 63816 0
105 31 63909 1
97 30 64200 1
30 62 64433 1
74 101 64460 0
83 77 64489 1
80 99 64702 0
98 72 64703 1
32 60 65138 1
72 102 65142 0
86 94 65226 0
25 87 65362 0
95 71 65647 1
81 59 65780 0
18 77 65813 0
49 71 65864 0
69 66 65876 1
24 84 65903 0
71 36 66077 1
99 77 66199 1
21 75 66214 0
53 87 66320 0
52 74 66328 0
17 82 66375 0
68 101 66407 0
22 85 66429 0
81 37 66489 1
19 79 66632 0
100 45 66802 0
44 96 66865 0
47 83 66873 0
94 50 66896 0
31 81 67217 0
61 103 67229 0
93 90 67258 0
55 90 67357 0
81 56 67558 0
80 57 67670 0
21 71 67685 0
19 81 67714 0
101 80 67774 1
101 30 67873 1
72 81 67892 1
84 56 67917 0
100 29 67953 1
75 59 67953 0
51 80 67995 0
67 35 68032 1
43 75 68079 0
82 56 68206 0
58 94 68259 0
52 72 68279 0
92 90 68283 0
105 38 68334 1
106 36 68364 1
51 73 68528 0
73 35 68587 1
61 100 68765 0
50 71 68823 0
44 74 68957 0
54 93 69020 0
75 36 69114 1
89 34 69258 1
104 31 69298 1
52 80 69524 0
104 40 69526 1
84 36 69552 1
102 29 69577 1
89 52 69582 0
39 78 69593 0
53 80 69598 0
105 37 69646 1
63 100 69735 0
97 71 69798 1
100 84 69838 1
94 70 69933 1
100 74 70233 1
99 45 70265 0
84 96 70284 0
62 100 70286 0
68 102 70290 0
74 35 70368 1
57 94 70379 0
105 32 70398 1
56 90 70561 0
25 66 70628 0
28 84 70654 0
59 99 70687 0
91 70 70733 1
53 84 70768 0
65 101 70781 0
79 57 70787 0
105 40 70796 1
74 34 70839 1
99 73 70991 1
64 100 71020 0
69 73 71047 1
79 37 71059 1
21 74 71110 0
105 33 71155 1
30 82 71211 0
77 37 71253 1
100 75 71266 1
73 80 71326 1
98 45 71379 0
74 36 71404 1
83 97 71418 0
50 74 71449 0
67 101 71491 0
71 33 71521 1
71 61 71523 0
88 72 71539 1
52 72 71587 0
21 80 71607 0
58 42 71634 0
24 68 71654 0
25 84 71683 0
26 84 71778 0
97 88 71876 0
83 55 71890 0
21 73 71891 0
104 30 71905 1
51 76 72067 0
109 45 72164 1
70 66 72232 1
52 74 72242 0
57 92 72258 0
70 73 72273 1
109 45 72291 0
70 72 72300 1
65 103 72303 0
96 71 72335 1
72 102 72379 0
55 90 72561 0
93 71 72570 1
78 57 72599 0
58 94 72627 0
103 30 72672 1
70 70 72792 1
72 80 72793 1
71 34 72817 1
103 29 72962 1
49 50 72993 1
42 75 73018 0
39 55 73130 1
99 74 73364 1
71 78 73405 1
70 76 73474 1
71 79 73483 1
65 102 73509 0
24 84 73535 0
51 79 73576 0
84 75 73681 1
92 70 73688 1
101 29 73761 1
59 98 73834 0
94 89 74056 0
73 82 74079 1
97 29 74082 1
64 100 74083 0
101 81 74107 1
82 76 74157 1
68 103 74165 0
77 100 74285 0
94 49 74347 0
65 101 74465 0
50 49 74516 1
70 75 74525 1
80 78 74539 1
98 71 74716 1
70 77 74753 1
95 89 74788 0
101 76 74791 1
70 103 74901 0
75 102 74907 0
51 77 74935 0
32 59 74985 1
73 81 75126 1
32 82 75162 0
100 76 75167 1
95 90 75204 0
77 101 75219 0
22 81 75394 0
70 69 75481 1
69 74 75500 1
102 30 75604 1
22 82 75670 0
40 55 75704 1
106 34 75810 1
86 94 75813 0
25 65 75833 0
58 95 75851 0
71 101 75957 0
71 76 75957 1
37 58 76016 1
21 76 76156 0
74 82 76161 1
50 84 76232 0
27 83 76350 0
76 36 76520 1
26 83 76530 0
92 71 76541 1
62 103 76618 0
61 98 76650 0
9 85 76788 0
21 83 76886 0
86 95 76902 0
52 72 76990 0
90 71 76998 1
80 36 77270 1
48 71 77302 0
85 36 77369 1
79 57 77440 0
63 36 77459 1
105 36 77479 1
69 70 77573 1
69 72 77787 1
43 75 77792 0
73 36 77823 1
106 33 77832 1
51 70 77913 0
82 77 78032 1
51 78 78057 0
59 96 78248 0
58 97 78301 0
21 84 78362 0
64 100 78547 0
21 72 78824 0
51 75 78882 0
68 104 78958 0
60 99 79060 0
75 81 79191 1
79 78 79263 1
70 78 79407 1
106 37 79441 1
101 79 79462 1
20 78 79616 0
72 79 79621 1
69 67 79624 1
90 52 79664 0
58 96 79705 0
75 101 79710 0
61 98 79860 0
93 70 79939 1
53 77 80063 0
100 29 80090 1
88 94 80221 0
52 81 80293 0
70 74 80295 1
101 77 80304 1
105 31 80340 1
54 96 80380 0
69 68 80437 1
30 83 80443 0
101 80 80469 1
101 30 80494 1
91 71 80496 1
85 55 80536 0
65 101 80540 0
82 36 80554 1
51 79 80555 0
33 58 80638 1
58 95 80653 0
42 75 80662 0
93 32 80673 1
63 103 80728 0
47 72 80759 0
69 34 80786 1
33 83 80790 0
101 82 80907 1
101 78 80922 1
41 90 80940 0
73 101 80955 0
98 72 81080 1
69 76 81087 1
21 81 81249 0
75 36 81389 1
90 70 81414 1
100 74 81464 1
106 35 81499 1
100 44 81527 0
73 35 81528 1
18 79 81548 0
99 73 81584 1
69 65 81611 1
53 80 81636 0
41 54 81648 1
81 36 81651 1
26 65 81670 0
83 36 81737 1
96 70 81776 1
26 83 81822 0
94 89 81911 0
27 83 82052 0
100 73 82139 1
98 29 82171 1
102 29 82176 1
93 49 82202 0
43 54 82219 1
105 30 82298 1
95 70 82319 1
105 32 82354 1
21 77 82470 0
55 91 82511 0
70 102 82667 0
77 59 82690 0
61 98 82691 0
68 101 82692 0
97 71 82787 1
52 76 82880 0
94 71 82925 1
76 100 82946 0
78 58 82953 0
70 71 82954 1
106 36 83096 1
83 96 83193 0
74 35 83198 1
85 74 83218 1
87 73 83242 1
75 35 83264 1
73 34 83358 1
28 84 83389 0
100 98 83402 0
100 72 83402 1
96 47 83503 0
68 34 83503 1
69 102 83552 0
28 83 83618 0
23 83 83619 0
84 76 83671 1
77 37 83674 1
56 90 83707 0
99 72 83724 1
51 49 83736 1
103 30 83809 1
72 34 83817 1
104 30 83827 1
69 66 84152 1
65 35 84156 1
57 92 84174 0
48 71 84232 0
74 80 84235 1
97 70 84239 1
29 84 84262 0
71 77 84268 1
21 79 84318 0
69 69 84342 1
60 97 84351 0
83 37 84380 1
103 29 84428 1
77 36 84432 1
71 79 84470 1
26 82 84540 0
63 100 84551 0
67 101 84601 0
98 45 84624 0
100 75 84713 1
21 75 84806 0
64 100 84823 0
58 94 84849 0
45 53 84850 1
29 83 84870 0
72 80 84929 1
101 28 84970 1
66 101 85010 0
80 98 85042 0
87 35 85042 1
74 102 85069 0
65 36 85105 1
70 67 85128 1
66 102 85230 0
106 38 85262 1
52 74 85279 0
21 80 85376 0
79 36 85456 1
94 70 85466 1
50 82 85554 0
51 72 85565 0
72 33 85610 1
53 80 85689 0
33 81 85782 0
38 56 85782 1
61 98 85970 0
34 58 85974 1
58 95 85993 0
101 29 86017 1
71 78 86018 1
27 84 86052 0
77 99 86079 0
59 95 86083 0
81 97 86257 0
105 39 86257 1
74 101 86273 0
62 98 86274 0
101 83 86312 1
21 74 86381 0
81 56 86415 0
70 77 86528 1
71 67 86548 1
112 125 86590 1
85 35 86598 1
52 81 86611 0
92 32 86634 1
101 80 86655 1
70 68 86673 1
87 72 86683 1
96 71 86685 1
55 90 86749 0
96 89 86889 0
105 33 86934 1
60 99 87072 0
41 55 87127 1
101 79 87156 1
72 102 87187 0
23 85 87210 0
69 73 87250 1
101 81 87305 1
21 78 87323 0
27 83 87333 0
82 56 87391 0
104 31 87391 1
97 30 87488 1
101 76 87530 1
21 77 87566 0
51 70 87572 0
53 88 87661 0
50 71 87771 0
60 97 87832 0
81 37 87835 1
42 54 87935 1
26 83 88026 0
99 29 88056 1
90 33 88198 1
79 57 88208 0
86 55 88212 0
31 60 88225 1
68 103 88300 0
49 71 88392 0
28 83 88408 0
21 76 88461 0
70 76 88574 1
71 34 88580 1
76 35 88587 1
88 33 88634 1
74 61 88639 0
88 53 88726 0
57 93 88766 0
30 60 88822 1
91 32 88889 1
96 30 88902 1
93 31 88951 1
40 76 88990 0
101 77 89054 1
47 71 89137 0
89 33 89139 1
53 83 89146 0
22 81 89159 0
48 70 89169 0
90 93 89199 0
23 83 89238 0
56 94 89285 0
55 84 89386 0
70 102 89403 0
20 76 89472 0
81 77 89481 1
59 95 89510 0
101 75 89570 1
76 36 89570 1
100 74 89604 1
96 29 89616 1
55 86 89708 0
71 75 89776 1
65 101 89804 0
70 65 89841 1
66 101 89938 0
90 32 89962 1
52 83 90009 0
62 98 90138 0
70 75 90182 1
72 78 90202 1
102 42 90236 0
69 33 90426 1
69 65 90440 1
19 92 90473 0
52 71 90499 0
60 98 90762 0
21 78 91144 0
42 75 91171 0
95 31 91201 1
79 37 91206 1
55 96 91222 0
31 82 91374 0
52 72 91403 0
60 97 91413 0
86 73 91439 1
44 53 91506 1
99 73 91507 1
78 58 91539 0
61 98 91624 0
85 73 91627 1
55 88 91690 0
100 29 91745 1
99 28 91755 1
20 80 91816 0
101 78 91936 1
43 53 92034 1
102 28 92112 1
53 82 92140 0
34 81 92180 0
50 78 92274 0
44 74 92413 0
38 57 92432 1
48 50 92436 1
35 79 92449 0
87 52 92563 0
106 34 92654 1
57 93 92821 0
92 90 92883 0
42 76 93011 0
21 75 93342 0
76 100 93342 0
29 62 93350 1
91 90 93466 0
24 82 93862 0
53 83 93874 0
55 86 93999 0
64 36 94041 1
50 72 94240 0
90 92 94255 0
87 93 94271 0
85 96 94577 0
87 94 94686 0
85 75 94762 1
69 72 94794 1
89 52 94821 0
27 82 94839 0
88 93 94914 0
20 85 95100 0
74 81 95119 1
52 49 95505 1
102 29 95652 1
20 77 95749 0
52 71 95856 0
98 71 95861 1
26 84 95899 0
61 96 95952 0
51 79 95991 0
48 71 96020 0
55 88 96129 0
55 87 96328 0
59 95 96330 0
60 97 96387 0
69 63 96397 1
53 82 96553 0
43 75 96561 0
53 77 96736 0
57 92 96845 0
54 84 96868 0
78 57 96892 0
75 34 96964 1
20 76 97034 0
43 74 97161 0
57 97 97182 0
78 36 97245 1
23 70 97266 0
28 83 97306 0
60 98 97352 0
75 100 97352 0
21 78 97390 0
23 83 97405 0
22 83 97439 0
74 35 97508 1
57 93 97573 0
72 79 97617 1
40 75 97694 0
104 29 97827 1
84 55 97845 0
94 89 97863 0
18 85 98060 0
77 58 98073 0
52 81 98100 0
106 35 98129 1
94 90 98147 0
94 88 98209 0
56 92 98304 0
86 94 98326 0
53 80 98348 0
70 102 98436 0
23 82 98641 0
62 100 98693 0
31 83 98784 0
48 82 98842 0
24 83 98930 0
71 77 99056 1
51 74 99165 0
106 33 99497 1
106 36 99574 1
105 31 99636 1
106 37 99669 1
105 32 99730 1
101 82 99732 1
53 83 100058 0
74 34 100082 1
97 71 100103 1
35 58 100146 1
73 80 100159 1
82 36 100194 1
21 73 100200 0
52 79 100259 0
54 84 100298 0
60 99 100302 0
71 79 100308 1
24 82 100332 0
93 70 100351 1
21 77 100396 0
68 33 100443 1
20 80 100525 0
70 66 100533 1
70 72 100732 1
67 102 100741 0
81 57 100779 0
58 94 100814 0
55 87 100915 0
92 70 100924 1
71 33 100930 1
104 30 101006 1
95 30 101023 1
84 35 101110 1
58 93 101161 0
83 36 101377 1
37 56 101596 1
96 70 101647 1
48 48 101698 1
53 82 101706 0
93 69 101976 1
99 71 102031 1
37 57 102031 1
103 30 102233 1
36 58 102256 1
75 35 102259 1
76 66 102312 1
53 81 102501 0
94 31 102519 1
73 35 102561 1
45 54 102677 1
69 101 102744 0
73 61 102996 0
75 36 103131 1
70 33 103325 1
55 88 103401 0
39 55 103449 1
62 101 103743 0
77 36 104323 1
20 77 104340 0
57 91 104382 0
66 35 104471 1
23 82 104528 0
33 59 104582 1
51 71 104600 0
35 57 104721 1
109 45 104797 1
36 57 104821 1
58 95 104940 0
50 72 105172 0
56 93 105185 0
101 84 105190 1
22 83 105249 0
88 53 105249 0
47 50 105368 1
70 70 105373 1
43 74 105400 0
24 83 105511 0
48 78 105786 0
56 92 105834 0
53 88 105867 0
109 45 105872 0
95 70 105896 1
55 89 105935 0
54 93 106106 0
62 99 106448 0
52 78 106539 0
59 97 106626 0
34 59 106794 1
76 60 106804 0
70 73 106970 1
54 84 107060 0
63 99 107143 0
58 93 107254 0
57 94 107275 0
52 79 107333 0
109 45 107453 1
53 81 107606 0
109 45 107700 0
106 32 107904 1
54 89 108663 0
75 100 108736 0
71 101 108884 0
55 87 108895 0
57 91 109182 0
41 75 109213 0
79 100 109281 0
67 102 109375 0
23 85 109432 0
66 101 109617 0
62 98 109696 0
22 74 110108 0
61 99 110117 0
54 87 110162 0
33 82 110355 0
68 102 110531 0
20 76 110635 0
51 74 110833 0
84 95 111013 0
26 82 111148 0
77 99 111479 0
21 79 111740 0
78 98 111975 0
82 97 112259 0
54 88 112298 0
52 78 112356 0
51 71 112408 0
73 101 112577 0
62 99 112634 0
82 98 112832 0
25 67 112839 0
63 99 112858 0
55 86 112859 0
57 95 113023 0
41 74 113113 0
64 100 113206 0
85 36 113599 1
55 89 113693 0
20 80 113722 0
68 101 113733 0
87 53 113888 0
24 83 113948 0
102 43 114013 0
27 83 114133 0
105 38 114297 1
94 90 114591 0
48 72 114821 0
69 101 114942 0
22 83 114983 0
69 70 115333 1
52 80 115458 0
80 77 115989 1
22 78 116032 0
52 79 116105 0
55 98 116281 0
49 82 116315 0
81 36 116586 1
60 98 116689 0
98 29 117242 1
70 63 117789 1
23 30 117884 1
69 66 117959 1
53 79 118033 0
56 91 118041 0
89 71 118063 1
56 89 118344 0
80 36 118431 1
70 74 118503 1
60 96 118819 0
61 99 119041 0
45 74 119126 0
62 101 119206 0
52 78 119499 0
83 35 119988 1
74 60 120085 0
20 77 120373 0
77 37 120384 1
73 79 120496 1
93 71 120635 1
41 75 120807 0
40 55 121184 1
56 92 122155 0
80 98 122644 0
60 97 122827 0
102 81 123069 1
54 89 123390 0
71 101 123590 0
72 61 123749 0
87 54 123857 0
52 76 124176 0
60 96 124193 0
75 103 124651 0
43 77 124705 0
62 99 124712 0
57 91 124815 0
42 74 124877 0
56 89 125115 0
53 72 125163 0
71 32 125265 1
56 91 126016 0
89 34 126125 1
81 76 126520 1
101 74 126633 1
109 45 126789 1
72 101 126917 0
109 45 127225 0
65 37 127497 1
25 83 127518 0
37 109 127555 1
94 66 127948 1
50 82 128075 0
71 78 128144 1
54 88 128206 0
23 82 128254 0
72 80 128396 1
22 80 128800 0
70 101 128944 0
11 47 129003 1
100 73 129114 1
60 96 130009 0
101 29 130531 1
99 72 131211 1
53 82 131447 0
78 79 131587 1
72 34 132116 1
54 86 132758 0
95 48 132939 0
54 85 133295 0
89 92 133639 0
61 97 134003 0
97 73 134824 1
22 79 135168 0
76 125 136099 1
20 74 138261 0
53 81 138275 0
23 81 138558 0
22 84 138923 0
25 83 139189 0
61 99 139305 0
74 100 139388 0
76 41 139655 1
71 102 139783 0
60 96 139859 0
67 102 140947 0
56 91 142011 0
76 60 142649 0
91 70 143318 1
54 85 143378 0
21 87 143715 0
56 96 143918 0
74 60 144199 0
109 45 144493 1
73 102 144604 0
123 26 144652 1
72 101 144824 0
43 74 145056 0
109 45 145157 0
101 79 145694 1
80 57 146152 0
22 80 147488 0
24 86 147939 0
54 86 148997 0
45 73 149724 0
21 91 150087 0
79 99 150261 0
83 95 150630 0
109 45 152098 1
52 73 153044 0
49 83 154374 0
50 80 154814 0
74 14 158486 0
100 74 159844 1
63 106 160014 0
101 76 160253 1
109 45 160351 0
67 90 160462 1
99 73 160495 1
103 29 160497 1
100 28 160705 1
109 45 160883 1
112 125 160961 0
101 77 160982 1
84 55 161043 0
97 29 161280 1
101 80 161280 1
106 34 161431 1
95 89 161560 0
75 81 161575 1
97 70 161796 1
65 100 161807 0
67 101 161897 0
105 30 161965 1
101 28 161967 1
70 101 162016 0
105 31 162111 1
109 45 162137 0
101 81 162155 1
94 70 162226 1
83 55 162351 0
81 55 162384 0
97 87 162419 0
77 35 162493 1
70 69 162551 1
94 69 162567 1
57 93 162596 0
57 90 162669 0
101 44 162683 0
100 72 162704 1
86 35 162716 1
55 84 162723 0
71 76 162768 1
73 34 162778 1
70 71 162799 1
53 79 162891 0
102 29 163020 1
70 100 163128 0
95 69 163131 1
28 85 163172 0
93 49 163196 0
49 50 163198 1
104 30 163214 1
101 75 163280 1
55 83 163289 0
74 35 163319 1
101 78 163354 1
102 80 163375 1
99 73 163442 1
52 71 163443 0
51 70 163480 0
61 96 163529 0
97 46 163625 0
83 36 163649 1
57 92 163698 0
76 35 163719 1
59 96 163749 0
56 90 163766 0
63 99 163777 0
56 89 163875 0
97 71 163894 1
53 80 163949 0
71 77 163954 1
59 95 163954 0
99 72 163964 1
81 56 163966 0
100 29 163978 1
98 71 163978 1
76 36 163978 1
58 93 163995 0
100 44 164003 0
23 83 164042 0
23 81 164043 0
61 97 164073 0
43 54 164075 1
103 29 164083 1
41 74 164088 0
70 75 164134 1
79 36 164142 1
82 35 164197 1
91 71 164205 1
74 80 164221 1
67 34 164247 1
106 33 164327 1
30 82 164331 0
54 84 164358 0
42 74 164379 0
93 32 164396 1
72 79 164438 1
60 96 164441 0
69 65 164451 1
22 70 164504 0
75 59 164517 0
21 78 164520 0
53 77 164531 0
73 100 164560 0
50 49 164586 1
21 76 164592 0
71 34 164607 1
72 103 164693 0
100 74 164702 1
63 100 164753 0
52 78 164815 0
92 31 164852 1
70 77 164858 1
22 82 164859 0
72 80 164863 1
61 98 164875 0
82 56 164886 0
62 98 164904 0
83 76 164905 1
25 84 164920 0
74 33 164977 1
105 32 164983 1
22 78 165031 0
79 58 165041 0
73 33 165077 1
106 36 165099 1
29 83 165106 0
75 35 165108 1
54 85 165111 0
97 88 165115 0
100 73 165138 1
93 70 165204 1
63 101 165216 0
22 79 165225 0
24 70 165300 0
77 36 165303 1
81 35 165356 1
81 96 165389 0
21 74 165395 0
93 90 165401 0
101 77 165444 1
22 81 165457 0
70 67 165484 1
75 99 165488 0
23 80 165500 0
104 29 165539 1
73 80 165551 1
85 36 165610 1
70 68 165614 1
70 76 165631 1
101 76 165636 1
85 94 165637 0
72 78 165638 1
21 75 165687 0
23 83 165713 0
58 94 165795 0
40 54 165919 1
74 101 165926 0
32 81 165929 0
75 60 165966 0
90 71 166013 1
102 76 166063 1
96 70 166148 1
92 32 166149 1
72 77 166173 1
57 91 166179 0
56 95 166182 0
70 64 166208 1
51 49 166221 1
69 70 166221 1
106 72 166221 1
106 35 166222 1
55 87 166224 0
55 84 166225 0
106 37 166239 1
65 35 166272 1
71 72 166299 1
79 56 166338 0
97 70 166367 1
37 55 166436 1
70 66 166467 1
74 34 166516 1
71 67 166612 1
23 79 166666 0
96 48 166690 0
25 83 166718 0
79 80 166729 1
79 35 166729 1
24 82 166766 0
36 79 166782 0
98 70 166831 1
80 36 166839 1
41 54 166887 1
52 75 166915 0
52 48 166916 1
55 88 166985 0
72 61 166990 0
26 82 167035 0
55 86 167053 0
28 83 167060 0
68 101 167156 0
55 89 167169 0
34 80 167183 0
66 34 167188 1
52 74 167201 0
61 96 167204 0
59 102 167237 0
15 79 167261 0
60 96 167312 0
47 94 167332 0
58 92 167346 0
91 91 167385 0
106 32 167434 1
23 84 167560 0
92 70 167566 1
53 83 167648 0
51 71 167701 0
31 81 167716 0
88 72 167718 1
30 83 167735 0
30 81 167741 0
21 80 167743 0
22 83 167756 0
68 104 167805 0
27 82 167808 0
105 31 167846 1
22 74 167870 0
21 77 167876 0
51 69 167886 1
55 83 167902 0
95 48 167906 0
30 85 167952 0
101 80 167986 1
74 14 167988 1
50 70 168021 0
42 54 168052 1
103 30 168105 1
53 72 168119 0
24 67 168135 0
28 84 168172 0
49 85 168195 0
81 98 168213 0
86 53 168231 0
52 72 168291 0
64 35 168353 1
106 38 168486 1
75 100 168581 0
57 90 168588 0
16 79 168594 0
87 53 168654 0
91 51 168693 0
23 78 168795 0
70 65 168811 1
71 69 168848 1
71 61 168857 0
106 31 168985 1
71 77 168987 1
26 65 169002 0
78 58 169026 0
51 70 169145 0
62 96 169199 0
83 75 169225 1
71 75 169307 1
101 83 169320 1
68 100 169382 0
51 88 169433 0
82 77 169440 1
101 82 169473 1
82 76 169476 1
58 100 169559 0
71 76 169591 1
102 28 169599 1
71 74 169614 1
105 30 169822 1
52 69 169845 0
27 83 169886 0
24 83 169923 0
22 80 169997 0
102 78 170062 1
101 74 170107 1
84 94 170162 0
69 101 170172 0
102 79 170192 1
91 50 170201 0
72 33 170224 1
71 101 170384 0
72 34 170410 1
65 34 170446 1
71 33 170590 1
53 80 170670 0
81 36 170676 1
48 70 170728 0
99 71 170731 1
53 79 170746 0
78 57 170830 0
52 79 170839 0
74 100 170861 0
53 75 170884 0
85 35 170911 1
76 101 170933 0
22 79 170994 0
75 34 170995 1
37 82 171033 0
96 69 171086 1
53 78 171119 0
21 81 171302 0
96 88 171334 0
23 81 171445 0
99 72 171465 1
51 74 171524 0
48 76 171561 0
52 73 171595 0
91 32 171775 1
21 76 171811 0
60 96 171823 0
98 87 171859 0
65 101 172044 0
65 100 172088 0
89 91 172243 0
22 78 172247 0
28 81 172291 0
78 36 172349 1
23 82 172368 0
94 89 172421 0
52 76 172567 0
24 69 172593 0
107 46 172609 1
71 71 172665 1
94 70 172699 1
101 28 172809 1
89 92 172851 0
100 72 172946 1
36 56 173022 1
73 102 173025 0
77 78 173076 1
101 75 173106 1
46 72 173195 0
22 68 173248 0
100 28 173301 1
97 30 173331 1
106 34 173345 1
99 73 173368 1
107 34 173423 1
103 42 173445 0
103 29 173475 1
105 29 173487 1
66 101 173495 0
38 55 173539 1
75 81 173539 1
99 28 173657 1
100 73 173663 1
103 28 173714 1
104 30 173719 1
93 69 173738 1
35 78 173812 0
73 79 173825 1
84 35 173835 1
93 73 173848 1
93 31 173848 1
94 69 173871 1
98 71 173906 1
73 34 173908 1
87 34 173957 1
102 78 173978 1
97 70 174008 1
102 42 174015 0
94 88 174019 0
74 14 174025 0
57 96 174032 0
76 100 174033 0
102 80 174090 1
81 97 174099 0
105 30 174164 1
26 83 174201 0
61 97 174216 0
70 69 174270 1
102 77 174270 1
72 79 174271 1
91 31 174286 1
106 30 174335 1
83 36 174342 1
107 33 174343 1
81 77 174367 1
104 29 174373 1
83 35 174378 1
58 92 174379 0
70 63 174407 1
70 101 174421 0
104 28 174466 1
73 59 174471 0
79 36 174550 1
58 93 174586 0
95 31 174598 1
95 69 174600 1
96 70 174640 1
80 78 174651 1
73 78 174652 1
77 36 174666 1
76 34 174709 1
68 34 174720 1
94 31 174721 1
74 80 174741 1
101 28 174742 1
100 71 174791 1
83 54 174805 0
96 30 174806 1
87 93 174810 0
87 73 174828 1
98 28 174830 1
100 72 174830 1
87 52 174842 0
81 55 174843 0
95 68 174876 1
98 70 174898 1
72 78 174909 1
70 71 174923 1
70 100 174939 0
105 39 174942 1
74 35 174942 1
106 33 174990 1
107 31 174994 1
76 35 174994 1
73 32 175002 1
69 33 175014 1
106 31 175015 1
73 100 175020 0
73 80 175047 1
99 71 175078 1
106 32 175090 1
102 79 175137 1
53 77 175145 0
73 79 175155 1
102 28 175158 1
93 70 175176 1
80 69 175184 1
80 35 175184 1
97 28 175185 1
92 49 175204 0
72 101 175234 0
66 35 175263 1
107 35 175306 1
107 32 175334 1
78 35 175339 1
21 82 175362 0
75 101 175364 0
71 73 175365 1
102 78 175372 1
53 81 175402 0
75 35 175406 1
63 36 175409 1
52 49 175412 1
52 71 175412 0
74 34 175417 1
41 55 175418 1
71 66 175419 1
77 57 175427 0
20 72 175427 0
73 33 175439 1
56 89 175450 0
71 70 175457 1
101 76 175479 1
101 73 175500 1
92 90 175509 0
97 70 175515 1
91 69 175540 1
80 36 175564 1
77 35 175581 1
102 76 175582 1
101 74 175583 1
82 35 175648 1
72 77 175650 1
86 34 175657 1
95 70 175695 1
105 29 175712 1
69 63 175722 1
81 35 175724 1
84 75 175739 1
102 81 175768 1
70 74 175772 1
63 99 175776 0
70 72 175780 1
55 84 175795 0
67 101 175812 0
71 77 175824 1
77 34 175824 1
97 87 175825 0
96 47 175837 0
79 78 175855 1
103 29 175869 1
102 74 175903 1
70 32 175906 1
105 31 175930 1
85 35 175936 1
42 53 175967 1
39 54 175968 1
71 32 175998 1
105 30 176006 1
73 101 176041 0
71 76 176042 1
61 96 176082 0
91 70 176100 1
89 33 176100 1
88 92 176117 0
92 32 176160 1
79 57 176189 0
62 96 176226 0
71 34 176230 1
74 80 176232 1
73 79 176255 1
43 53 176263 1
70 66 176264 1
57 91 176266 0
70 70 176268 1
60 96 176321 0
98 69 176323 1
74 33 176344 1
83 55 176348 0
84 35 176374 1
55 83 176386 0
99 72 176389 1
99 28 176397 1
103 79 176424 1
70 63 176430 1
46 52 176430 1
59 95 176439 0
95 47 176450 0
32 59 176460 1
59 92 176461 0
78 98 176466 0
47 52 176500 1
70 33 176502 1
96 69 176508 1
42 74 176545 0
97 29 176552 1
85 74 176561 1
101 28 176573 1
71 71 176577 1
44 34 176594 1
44 53 176595 1
102 80 176610 1
71 75 176621 1
71 68 176666 1
81 56 176685 0
68 100 176693 0
70 68 176697 1
76 59 176703 0
43 54 176708 1
101 72 176728 1
55 81 176734 0
98 45 176734 0
71 65 176750 1
79 36 176773 1
95 30 176788 1
65 35 176810 1
100 28 176815 1
101 77 176821 1
75 33 176839 1
57 92 176906 0
74 60 176910 0
100 72 176925 1
72 78 176981 1
99 71 177015 1
75 34 177029 1
85 34 177032 1
72 32 177045 1
23 80 177052 0
107 37 177078 1
98 86 177078 0
29 81 177083 0
74 78 177084 1
57 90 177095 0
94 99 177103 0
94 30 177104 1
121 51 177107 1
94 69 177129 1
101 81 177145 1
87 74 177148 1
71 64 177152 1
76 34 177160 1
97 69 177197 1
72 76 177202 1
70 67 177205 1
56 88 177210 0
30 82 177211 0
106 37 177217 1
75 99 177227 0
109 45 177243 1
26 82 177277 0
95 69 177294 1
31 61 177300 1
100 73 177301 1
73 79 177319 1
99 70 177330 1
74 32 177330 1
71 67 177336 1
90 32 177336 1
107 33 177336 1
103 28 177376 1
98 70 177381 1
101 73 177390 1
73 78 177435 1
100 71 177465 1
91 32 177475 1
53 75 177492 0
70 64 177530 1
71 74 177531 1
53 78 177546 0
71 72 177569 1
51 70 177589 0
23 79 177601 0
55 84 177633 0
41 74 177644 0
102 27 177653 1
50 70 177680 0
100 27 177682 1
97 70 177685 1
82 75 177745 1
23 71 177749 0
90 70 177754 1
92 70 177783 1
89 71 177785 1
62 98 177807 0
53 77 177812 0
53 72 177825 0
101 27 177838 1
105 40 177841 1
104 28 177841 1
102 28 177852 1
83 35 177856 1
58 92 177861 0
71 33 177889 1
102 43 177901 0
106 30 177933 1
56 87 177976 0
73 80 177978 1
106 31 177980 1
72 80 178015 1
102 79 178032 1
22 74 178047 0
80 35 178059 1
91 90 178060 0
80 77 178064 1
90 51 178077 0
27 82 178106 0
88 33 178107 1
52 69 178115 0
79 56 178144 0
29 83 178153 0
107 36 178157 1
109 45 178162 0
62 96 178167 0
102 78 178183 1
72 77 178195 1
55 83 178210 0
73 77 178229 1
97 30 178229 1
92 31 178251 1
63 35 178258 1
79 35 178280 1
31 82 178307 0
64 100 178318 0
60 96 178322 0
78 35 178371 1
66 33 178389 1
84 55 178421 0
98 29 178439 1
82 96 178445 0
33 60 178465 1
41 54 178491 1
81 35 178532 1
71 73 178540 1
73 33 178549 1
50 49 178576 1
71 76 178619 1
77 100 178626 0
102 76 178633 1
55 86 178636 0
22 79 178640 0
23 78 178661 0
93 69 178672 1
75 59 178708 0
73 34 178765 1
51 49 178770 1
24 82 178787 0
70 100 178793 0
80 36 178811 1
71 77 178819 1
67 34 178827 1
61 96 178832 0
74 80 178835 1
93 31 178849 1
77 58 178875 0
68 101 178923 0
91 49 178932 0
105 29 178949 1
105 30 178989 1
42 54 179015 1
85 35 179016 1
36 57 179040 1
75 79 179062 1
28 83 179071 0
59 92 179072 0
43 74 179077 0
43 53 179111 1
102 75 179205 1
79 77 179206 1
55 81 179209 0
70 75 179213 1
96 29 179262 1
59 41 179281 0
73 79 179287 1
34 58 179290 1
54 84 179292 0
22 78 179298 0
83 36 179357 1
52 75 179372 0
83 96 179380 0
52 48 179385 1
101 28 179414 1
39 55 179415 1
74 34 179449 1
104 29 179450 1
89 51 179465 0
81 36 179478 1
35 80 179487 0
71 69 179492 1
26 82 179504 0
21 75 179561 0
71 70 179573 1
84 35 179581 1
72 35 179618 1
72 75 179618 1
82 76 179627 1
23 81 179655 0
71 75 179667 1
81 55 179676 0
66 34 179695 1
37 56 179702 1
77 35 179732 1
105 28 179810 1
32 82 179834 0
81 76 179857 1
45 73 179865 0
102 80 179879 1
30 82 179881 0
82 35 179920 1
21 74 179955 0
41 73 180013 0
60 96 180040 0
44 74 180053 0
87 72 180075 1
23 79 180174 0
28 81 180174 0
25 82 180200 0
80 98 180238 0
70 69 180260 1
73 100 180268 0
74 33 180285 1
72 78 180289 1
53 79 180290 0
62 96 180321 0
23 70 180364 0
89 91 180365 0
82 34 180404 1
73 78 180416 1
89 32 180417 1
94 88 180422 0
80 76 180426 1
96 70 180448 1
55 83 180483 0
103 77 180496 1
68 100 180496 0
22 80 180524 0
93 70 180528 1
76 33 180528 1
52 77 180541 0
70 63 180548 1
71 66 180550 1
78 78 180550 1
33 58 180553 1
90 69 180619 1
90 31 180658 1
45 72 180661 0
102 81 180690 1
76 34 180700 1
88 72 180729 1
75 100 180732 0
75 34 180739 1
101 74 180770 1
22 74 180810 0
84 34 180861 1
70 32 180878 1
107 32 180899 1
101 75 180940 1
53 75 180973 0
47 51 180973 1
100 72 180979 1
23 80 180995 0
29 81 180997 0
21 73 181022 0
94 31 181039 1
30 81 181045 0
79 36 181129 1
96 88 181141 0
74 100 181144 0
75 33 181144 1
81 96 181174 0
98 70 181202 1
57 86 181225 0
84 95 181284 0
54 82 181296 0
99 71 181405 1
96 69 181406 1
50 48 181456 1
27 82 181482 0
66 35 181499 1
102 77 181539 1
51 48 181553 1
86 73 181570 1
56 87 181573 0
98 28 181603 1
102 74 181619 1
22 81 181643 0
119 60 181658 1
86 35 181658 1
83 76 181674 1
100 71 181689 1
72 76 181690 1
90 71 181715 1
23 78 181721 0
37 57 181726 1
71 32 181752 1
68 33 181753 1
101 29 181792 1
53 77 181820 0
98 69 181856 1
63 96 181887 0
95 29 181891 1
78 79 181965 1
31 81 181993 0
71 67 182018 1
86 53 182042 0
43 72 182076 0
103 29 182082 1
94 69 182084 1
69 101 182101 0
100 28 182143 1
42 53 182155 1
22 75 182165 0
56 88 182175 0
35 57 182190 1
21 78 182246 0
69 33 182252 1
52 69 182253 0
101 82 182253 1
78 35 182312 1
72 77 182312 1
64 99 182325 0
72 33 182332 1
60 96 182342 0
95 69 182355 1
71 65 182374 1
43 73 182423 0
97 69 182430 1
97 70 182459 1
25 66 182465 0
73 32 182498 1
22 79 182517 0
89 34 182522 1
77 34 182558 1
103 28 182606 1
106 29 182660 1
58 92 182668 0
93 68 182677 1
71 101 182710 0
26 82 182760 0
70 66 182795 1
24 81 182809 0
71 72 182878 1
83 75 182880 1
72 73 182891 1
53 78 182892 0
101 72 182931 1
62 97 182957 0
53 72 182992 0
106 30 183001 1
71 71 183002 1
83 54 183035 0
102 28 183061 1
75 99 183066 0
99 70 183138 1
46 73 183165 0
71 74 183290 1
87 33 183333 1
78 34 183333 1
90 92 183356 0
68 34 183414 1
47 71 183439 0
56 83 183478 0
55 84 183517 0
22 73 183568 0
107 34 183574 1
101 73 183592 1
104 28 183651 1
57 90 183746 0
70 71 183787 1
59 92 183802 0
27 83 183824 0
51 70 183835 0
58 42 183844 0
96 30 183949 1
55 81 184025 0
106 32 184095 1
56 82 184163 0
29 82 184164 0
75 58 184221 0
89 52 184238 0
92 69 184308 1
43 54 184341 1
32 81 184449 0
102 79 184499 1
33 59 184515 1
73 33 184574 1
99 28 184671 1
83 35 184683 1
48 72 184698 0
27 64 184728 0
25 82 184746 0
32 60 184752 1
97 87 184772 0
72 32 184798 1
22 75 184806 0
22 85 184891 0
97 47 184905 0
98 87 184928 0
22 78 184940 0
30 61 184954 1
48 71 185015 0
77 80 185129 1
65 100 185282 0
71 73 185352 1
54 80 185379 0
50 70 185381 0
102 76 185431 1
23 82 185461 0
79 97 185474 0
92 32 185550 1
65 35 185561 1
36 78 185592 0
62 96 185603 0
70 101 185641 0
56 87 185672 0
101 83 185710 1
74 80 185721 1
66 99 185724 0
27 84 185811 0
62 97 185835 0
60 96 185861 0
104 27 185950 1
41 54 185997 1
106 31 186061 1
71 33 186066 1
66 100 186206 0
21 79 186232 0
23 79 186288 0
94 49 186304 0
88 92 186360 0
81 34 186493 1
54 82 186514 0
24 81 186597 0
77 98 186636 0
69 32 186751 1
106 38 186768 1
73 79 186826 1
72 72 186910 1
105 29 186941 1
69 65 187016 1
53 75 187085 0
106 126 187126 1
23 81 187141 0
22 74 187187 0
28 81 187227 0
103 83 187230 1
52 47 187239 1
85 75 187328 1
56 88 187356 0
25 83 187393 0
72 34 187394 1
94 48 187421 0
102 78 187510 1
107 30 187530 1
67 100 187545 0
22 75 187549 0
78 57 187622 0
55 85 187625 0
71 75 187630 1
23 80 187713 0
84 35 187734 1
54 80 187762 0
52 70 187864 0
46 51 187869 1
55 45 187884 0
101 80 187932 1
64 99 187957 0
102 42 187966 0
30 83 187987 0
91 31 188013 1
80 36 188026 1
23 75 188158 0
23 78 188161 0
66 99 188185 0
81 77 188198 1
83 95 188200 0
106 39 188224 1
70 100 188275 0
55 87 188301 0
61 96 188307 0
52 88 188382 0
33 81 188415 0
40 54 188427 1
80 35 188454 1
68 100 188504 0
57 86 188531 0
107 31 188537 1
87 52 188740 0
55 83 188781 0
57 91 188808 0
95 87 188812 0
70 102 188947 0
85 94 189025 0
102 75 189063 1
105 32 189084 1
41 75 189155 0
48 70 189209 0
89 92 189243 0
63 96 189251 0
35 79 189282 0
107 35 189285 1
62 97 189288 0
72 104 189291 0
71 68 189337 1
23 71 189351 0
53 80 189364 0
95 47 189364 0
101 28 189383 1
73 78 189388 1
60 96 189410 0
56 83 189423 0
96 68 189459 1
79 35 189477 1
81 35 189499 1
20 75 189563 0
31 82 189583 0
65 34 189584 1
76 100 189594 0
21 76 189637 0
58 93 189671 0
95 68 189710 1
73 59 189758 0
24 84 189785 0
29 82 189790 0
71 76 189806 1
22 73 189816 0
74 79 189819 1
56 89 189855 0
21 77 189900 0
102 80 189916 1
92 91 189933 0
50 69 189966 0
97 46 189985 0
103 76 190018 1
52 78 190044 0
42 74 190053 0
99 69 190076 1
64 98 190167 0
54 80 190246 0
47 84 190280 0
25 82 190298 0
76 34 190304 1
93 69 190431 1
85 36 190447 1
105 30 190463 1
125 79 190515 1
66 99 190543 0
52 71 190543 0
29 61 190562 1
73 100 190581 0
72 75 190639 1
71 63 190644 1
107 33 190760 1
91 70 190798 1
100 70 190863 1
102 27 190896 1
29 81 190941 0
27 82 190941 0
74 33 190963 1
43 73 191005 0
88 53 191061 0
85 35 191112 1
24 82 191162 0
22 80 191172 0
79 56 191309 0
22 75 191330 0
24 70 191333 0
67 100 191400 0
30 82 191444 0
56 87 191536 0
24 81 191550 0
55 81 191565 0
61 97 191620 0
101 27 191631 1
52 70 191638 0
66 100 191780 0
60 96 191829 0
83 34 191860 1
42 54 191903 1
97 86 191907 0
26 65 191944 0
72 74 192040 1
82 35 192044 1
54 82 192190 0
55 85 192225 0
74 32 192290 1
86 94 192341 0
82 56 192351 0
64 98 192401 0
72 69 192503 1
103 26 192582 1
52 77 192642 0
25 67 192668 0
77 98 192819 0
87 34 192860 1
50 69 192878 0
81 55 192879 0
50 71 192909 0
59 92 192912 0
73 80 192939 1
51 105 192951 0
21 72 193016 0
19 74 193082 0
41 53 193111 1
49 79 193126 0
21 85 193161 0
31 80 193188 0
77 57 193240 0
71 66 193290 1
78 35 193293 1
78 98 193317 0
103 78 193337 1
54 80 193402 0
52 76 193428 0
93 31 193551 1
66 99 193570 0
96 88 193660 0
74 78 193660 1
73 76 193692 1
52 48 193774 1
26 82 193845 0
62 96 193856 0
52 74 193889 0
98 70 193901 1
57 100 193948 0
72 76 194137 1
76 79 194139 1
52 69 194149 0
92 31 194155 1
46 72 194206 0
107 36 194365 1
92 70 194431 1
60 96 194544 0
22 72 194654 0
38 55 194684 1
56 88 194753 0
56 82 194947 0
75 79 195062 1
64 98 195102 0
52 72 195126 0
62 97 195139 0
41 73 195229 0
22 79 195247 0
96 69 195269 1
75 34 195299 1
56 81 195325 0
50 81 195380 0
87 73 195393 1
29 83 195489 0
57 86 195542 0
102 82 195612 1
40 75 195634 0
73 77 195653 1
57 88 195656 0
30 81 195702 0
22 75 195768 0
58 92 195770 0
34 80 195823 0
47 73 195880 0
60 97 195918 0
92 90 195945 0
51 87 195971 0
71 69 195988 1
77 99 195995 0
44 71 196001 0
53 84 196054 0
75 32 196083 1
29 82 196158 0
84 75 196161 1
102 74 196175 1
45 72 196240 0
50 69 196298 0
67 100 196314 0
40 74 196470 0
102 81 196524 1
102 73 196545 1
45 52 196548 1
86 34 196551 1
64 99 196600 0
105 28 196603 1
52 70 196745 0
56 86 196775 0
30 84 196777 0
97 69 196862 1
75 33 196929 1
101 84 197057 1
43 53 197068 1
71 70 197086 1
48 50 197166 1
91 32 197310 1
77 33 197375 1
25 82 197387 0
62 99 197680 0
89 93 197706 0
90 32 197724 1
104 28 197806 1
106 30 197825 1
60 96 197907 0
94 68 197977 1
103 27 198021 1
71 62 198052 1
90 51 198090 0
85 34 198269 1
57 88 198273 0
97 29 198294 1
66 100 198460 0
103 28 198462 1
83 55 198557 0
31 60 198577 1
71 67 198652 1
56 83 198770 0
64 35 198919 1
89 51 198980 0
94 29 199068 1
81 97 199082 0
122 21 199167 1
55 85 199186 0
71 77 199238 1
64 98 199557 0
39 54 199584 1
100 28 199600 1
56 86 199657 0
67 34 199754 1
95 30 199762 1
60 96 199804 0
22 73 199887 0
0 0 200010 0
