19 52 0 0
22 39 517 1
39 63 538 0
46 105 577 0
100 77 1095 1
25 38 1277 1
94 72 1312 1
65 34 1532 1
69 96 1850 0
38 62 1893 0
36 62 1931 0
85 73 1936 1
39 92 1969 0
15 29 1985 0
81 59 2083 0
46 104 2692 0
79 95 2771 0
69 65 2839 1
40 99 3015 0
39 91 3036 0
18 45 4030 0
21 53 4217 0
70 77 4503 1
43 101 4555 0
87 72 4776 1
74 60 5384 0
68 72 5474 1
90 40 5858 1
87 37 5936 1
35 60 5948 0
40 41 6037 1
81 35 7036 1
31 58 7541 0
30 58 7912 0
36 38 8056 1
38 62 8363 0
89 95 8375 0
91 41 8427 1
77 73 8500 1
93 45 8885 1
91 40 8991 1
101 80 9209 1
84 36 9402 1
88 72 9451 1
60 36 9541 1
85 35 9690 1
75 74 9937 1
69 36 9945 1
100 78 10058 1
90 73 10115 1
97 73 10943 1
88 37 11187 1
44 41 11271 1
19 50 11301 0
43 41 11392 1
39 39 11489 1
96 73 11502 1
73 37 11651 1
89 38 11791 1
92 42 12169 1
92 43 12332 1
74 60 12535 0
93 48 12617 1
67 75 12642 1
87 95 12715 0
35 60 12721 0
74 75 12776 1
94 73 12916 1
89 37 12987 1
102 83 13023 1
41 99 13049 0
71 76 13137 1
30 59 13152 0
99 76 13255 1
98 74 13261 1
101 87 13262 1
41 98 13323 0
72 38 13385 1
69 63 13391 1
101 81 13396 1
100 76 13405 1
91 42 13440 1
85 36 13518 1
85 95 13520 0
83 36 13529 1
71 37 13547 1
90 39 13581 1
91 72 13620 1
72 96 13656 0
82 72 13697 1
93 43 13786 1
90 96 13857 0
68 35 13869 1
101 79 13914 1
89 39 13931 1
83 59 13973 0
74 37 14012 1
91 39 14042 1
78 73 14066 1
101 80 14074 1
92 41 14076 1
49 42 14105 1
87 36 14116 1
80 114 14143 1
47 63 14235 0
77 37 14253 1
84 35 14293 1
86 36 14315 1
75 96 14355 0
68 96 14372 0
99 77 14383 1
40 97 14426 0
85 72 14432 1
75 38 14441 1
92 40 14504 1
44 102 14567 0
73 59 14575 0
93 96 14654 0
93 47 14656 1
89 95 14664 0
67 96 14820 0
76 38 14825 1
49 105 14833 0
36 39 14900 1
66 34 14943 1
69 96 14947 0
33 40 14960 1
68 75 15002 1
83 95 15020 0
75 113 15024 1
45 42 15047 1
102 84 15071 1
93 46 15078 1
65 35 15110 1
47 103 15137 0
89 38 15160 1
99 75 15163 1
97 74 15176 1
71 36 15199 1
100 90 15225 1
75 60 15281 0
45 64 15282 0
76 95 15295 0
39 94 15332 0
78 95 15332 0
49 63 15344 0
71 96 15352 0
92 51 15353 1
28 59 15360 0
43 63 15386 0
41 97 15394 0
94 95 15403 0
20 53 15449 0
90 38 15505 1
48 76 15566 0
92 43 15634 1
100 77 15663 1
101 77 15674 1
79 59 15703 0
41 63 15713 0
70 76 15716 1
41 40 15736 1
64 34 15757 1
72 37 15779 1
77 60 15796 0
102 85 15803 1
33 60 15810 0
69 76 15812 1
91 96 15830 0
55 104 15833 0
75 39 15851 1
41 41 15856 1
93 44 15861 1
40 40 15888 1
97 73 15897 1
33 58 15920 0
81 72 15920 1
41 39 15922 1
80 60 15937 0
69 64 15939 1
45 63 15946 0
32 39 15958 1
68 68 15983 1
26 57 15990 0
27 58 16023 0
70 96 16037 0
24 57 16055 0
50 42 16096 1
61 35 16105 1
88 37 16106 1
88 72 16174 1
93 72 16181 1
39 89 16202 0
75 59 16207 0
18 48 16235 0
33 38 16279 1
50 125 16285 1
63 100 16295 0
83 35 16295 1
79 60 16314 0
43 102 16325 0
50 105 16334 0
40 92 16351 0
23 38 16375 1
67 34 16382 1
49 73 16389 0
66 35 16428 1
92 72 16454 1
90 72 16467 1
58 102 16499 0
34 39 16517 1
43 101 16541 0
83 72 16572 1
98 75 16578 1
67 35 16586 1
37 62 16592 0
98 74 16595 1
82 35 16615 1
42 42 16625 1
89 72 16636 1
30 39 16636 1
52 105 16669 0
95 72 16767 1
82 73 16767 1
21 54 16777 0
87 96 16803 0
41 87 16808 0
88 38 16822 1
29 59 16837 0
96 95 16850 0
51 68 16852 0
50 104 16852 0
48 105 16862 0
29 58 16889 0
36 61 16907 0
35 61 17073 0
88 96 17080 0
48 103 17084 0
40 94 17111 0
63 99 17113 0
19 47 17116 0
84 96 17138 0
26 39 17190 1
68 36 17209 1
46 104 17231 0
68 74 17251 1
81 96 17252 0
38 62 17277 0
79 73 17283 1
51 67 17296 0
19 50 17327 0
73 75 17340 1
81 59 17363 0
91 40 17363 1
22 54 17368 0
21 53 17379 0
28 58 17439 0
80 36 17439 1
62 100 17449 0
72 96 17471 0
59 35 17479 1
87 95 17481 0
71 37 17495 1
37 60 17495 0
51 41 17514 1
24 37 17515 1
26 38 17517 1
27 37 17522 1
91 41 17543 1
19 41 17556 0
31 39 17667 1
25 37 17671 1
90 39 17676 1
42 100 17702 0
81 36 17748 1
79 36 17753 1
60 35 17797 1
53 104 17859 0
24 56 17869 0
43 42 17906 1
30 38 17931 1
25 58 17936 0
50 70 17951 0
55 103 17953 0
96 72 17972 1
94 96 17988 0
47 42 18005 1
37 38 18008 1
41 97 18037 0
84 72 18042 1
32 38 18121 1
35 60 18129 0
77 95 18137 0
43 41 18236 1
70 36 18240 1
34 40 18246 1
20 52 18247 0
101 89 18252 1
100 76 18290 1
39 93 18293 0
81 95 18317 0
68 73 18351 1
102 81 18396 1
41 98 18402 0
99 76 18413 1
31 58 18427 0
69 65 18427 1
64 98 18439 0
101 82 18463 1
100 78 18471 1
47 103 18473 0
84 94 18479 0
21 38 18500 1
53 42 18524 1
62 34 18578 1
99 74 18581 1
39 40 18581 1
92 42 18687 1
45 103 18692 0
45 42 18729 1
51 104 18745 0
89 95 18806 0
47 43 18811 1
25 57 18813 0
43 63 18857 0
30 58 18878 0
45 41 18973 1
35 39 19000 1
83 36 19002 1
72 36 19016 1
96 73 19023 1
50 69 19048 0
44 64 19059 0
100 91 19073 1
88 36 19088 1
87 36 19112 1
95 95 19150 0
22 56 19157 0
47 105 19162 0
22 55 19163 0
47 62 19175 0
74 60 19183 0
41 99 19189 0
47 77 19199 0
25 39 19206 1
18 45 19216 0
47 63 19254 0
44 102 19275 0
71 97 19288 0
73 38 19293 1
27 59 19305 0
69 35 19337 1
33 58 19346 0
83 94 19386 0
20 50 19402 0
18 43 19406 0
40 39 19419 1
37 39 19432 1
72 38 19474 1
48 104 19484 0
82 95 19586 0
47 74 19632 0
19 42 19652 0
27 58 19655 0
26 57 19656 0
94 72 19669 1
40 97 19673 0
82 59 19705 0
68 97 19730 0
66 98 19731 0
91 39 19750 1
102 83 19761 1
68 35 19814 1
69 36 19875 1
26 37 19924 1
38 40 19947 1
42 40 19951 1
43 103 20043 0
23 58 20048 0
60 101 20065 0
101 81 20082 1
39 95 20087 0
87 72 20133 1
91 72 20147 1
68 75 20170 1
82 36 20170 1
77 74 20198 1
44 41 20214 1
31 38 20229 1
40 63 20240 0
85 95 20276 0
44 63 20284 0
85 36 20288 1
101 79 20298 1
92 41 20319 1
29 38 20329 1
48 74 20398 0
29 58 20399 0
38 63 20450 0
79 95 20535 0
76 95 20541 0
93 50 20605 1
80 72 20642 1
54 105 20643 0
89 38 20645 1
93 45 20645 1
39 90 20736 0
39 92 20865 0
86 36 20875 1
101 78 20919 1
76 96 20937 0
74 96 20939 0
93 43 20964 1
50 104 20970 0
85 35 20982 1
22 54 21011 0
47 78 21039 0
41 63 21050 0
43 84 21053 1
39 96 21149 0
101 80 21175 1
21 51 21209 0
27 38 21240 1
39 39 21246 1
40 87 21248 0
24 38 21249 1
76 59 21311 0
101 88 21404 1
33 59 21439 0
83 95 21543 0
21 55 21548 0
19 50 21618 0
74 74 21735 1
89 37 21762 1
61 100 21787 0
40 40 21858 1
93 46 21929 1
27 39 22012 1
48 106 22016 0
45 63 22023 0
30 59 22028 0
50 64 22092 0
65 35 22127 1
18 47 22220 0
42 41 22301 1
38 39 22301 1
25 56 22309 0
19 43 22382 0
65 34 22400 1
85 72 22438 1
69 75 22534 1
36 39 22544 1
20 54 22590 0
28 58 22601 0
72 60 22629 0
39 94 22756 0
49 43 22793 1
25 57 22866 0
48 42 22927 1
69 76 22953 1
30 37 22954 1
48 104 22985 0
20 53 22996 0
60 100 23046 0
41 41 23064 1
81 35 23086 1
41 40 23164 1
23 53 23178 0
20 50 23241 0
21 56 23341 0
102 80 23372 1
49 42 23504 1
90 37 23507 1
18 50 23554 0
88 96 23567 0
64 34 23615 1
48 75 23810 0
34 60 23866 0
52 41 23879 1
54 104 23920 0
101 83 23945 1
70 95 23982 0
44 63 23985 0
26 59 24094 0
71 96 24097 0
49 63 24107 0
50 71 24116 0
48 63 24152 0
79 59 24165 0
99 75 24192 1
73 37 24232 1
35 38 24249 1
69 95 24261 0
88 37 24273 1
54 103 24366 0
89 39 24428 1
40 94 24433 0
19 47 24460 0
48 103 24502 0
71 38 24535 1
68 96 24580 0
34 58 24614 1
38 38 24631 1
72 62 24686 0
33 59 24738 0
47 76 24818 0
100 77 24820 1
43 101 24832 0
90 38 24849 1
47 75 24945 0
49 103 25008 0
90 96 25026 0
97 73 25084 1
101 87 25088 1
69 96 25133 0
73 74 25135 1
24 55 25164 0
40 63 25238 0
29 58 25240 0
18 41 25242 0
36 38 25250 1
34 59 25417 0
32 59 25419 0
93 71 25467 1
93 72 25467 1
91 71 25475 1
94 95 25533 0
93 47 25534 1
76 59 25593 0
39 91 25677 0
22 54 25685 0
82 95 25686 0
39 97 25697 0
92 40 25708 1
32 60 25718 0
19 52 25721 0
18 51 25760 0
95 96 25792 0
92 43 25833 1
69 66 25834 1
35 60 25860 0
98 74 25977 1
50 70 26036 0
71 36 26105 1
78 95 26278 0
50 64 26298 0
41 42 26316 1
91 38 26345 1
74 37 26353 1
74 96 26370 0
18 46 26372 0
95 72 26404 1
82 72 26473 1
75 38 26487 1
66 34 26501 1
87 94 26505 0
70 96 26523 0
84 35 26623 1
33 39 26626 1
68 68 26690 1
69 68 26751 1
88 72 26764 1
17 48 26835 0
89 95 26935 0
93 44 26982 1
39 38 27008 1
75 59 27059 0
72 37 27059 1
95 94 27078 0
18 49 27118 0
71 37 27136 1
78 73 27274 1
93 42 27279 1
39 88 27328 0
83 58 27464 0
91 40 27483 1
102 84 27506 1
59 101 27601 0
87 71 27605 1
48 104 27648 0
76 38 27651 1
73 59 27661 0
87 36 27663 1
38 62 27734 0
90 39 27735 1
42 100 27751 0
70 76 27751 1
71 76 27799 1
68 72 27830 1
78 60 27926 0
91 95 27937 0
18 47 27938 0
51 67 28049 0
72 75 28050 1
102 86 28073 1
101 80 28093 1
66 35 28134 1
50 62 28138 0
25 56 28144 0
71 75 28156 1
33 59 28167 0
41 98 28178 0
44 63 28194 0
25 57 28208 0
50 42 28227 1
37 60 28249 0
67 96 28259 0
83 94 28267 0
43 63 28271 0
73 36 28308 1
84 94 28362 0
86 35 28362 1
96 72 28380 1
90 71 28382 1
40 97 28428 0
100 76 28454 1
102 85 28471 1
59 100 28535 0
23 38 28589 1
68 74 28625 1
34 59 28673 0
85 36 28695 1
102 81 28714 1
22 38 28789 1
21 53 28796 0
43 41 28807 1
101 79 28821 1
41 97 28848 0
91 39 28881 1
79 37 28916 1
45 42 28916 1
41 95 28926 0
89 71 28951 1
92 41 28959 1
30 39 28977 1
19 40 29007 0
50 104 29011 0
27 37 29056 1
87 95 29071 0
70 35 29148 1
102 83 29192 1
61 34 29246 1
83 36 29248 1
23 56 29289 0
81 59 29310 0
45 101 29324 0
41 39 29324 1
49 75 29349 0
40 92 29393 0
47 63 29396 0
31 58 29422 0
53 41 29568 1
30 58 29591 0
51 104 29595 0
33 58 29614 0
26 57 29615 0
48 63 29633 0
69 63 29639 1
92 40 29660 1
42 39 29679 1
43 40 29727 1
68 75 29728 1
47 42 29744 1
93 43 29757 1
49 41 29775 1
86 71 29780 1
99 74 29789 1
34 39 29807 1
88 36 29815 1
97 72 29817 1
46 41 29835 1
45 41 29858 1
53 104 29862 0
40 41 29869 1
20 50 29870 0
51 68 29891 0
69 65 29900 1
48 76 29920 0
47 62 29922 0
53 103 29936 0
47 103 29941 0
20 52 29950 0
21 54 29974 0
83 35 29980 1
24 55 30076 0
92 39 30102 1
33 38 30113 1
101 78 30140 1
69 35 30183 1
102 87 30186 1
65 99 30206 0
76 95 30259 0
82 35 30261 1
88 71 30263 1
85 35 30267 1
18 48 30283 0
76 59 30302 0
32 59 30346 0
47 79 30347 0
77 39 30349 1
65 98 30358 0
70 36 30387 1
4 47 30414 1
93 46 30449 1
79 59 30469 0
18 42 30494 0
19 50 30499 0
89 37 30505 1
89 38 30549 1
34 61 30550 0
27 58 30557 0
67 34 30559 1
44 41 30562 1
60 34 30645 1
36 61 30697 0
24 56 30698 0
69 76 30717 1
39 63 30736 0
69 67 30771 1
78 36 30839 1
49 71 30847 0
91 95 30860 0
101 77 30893 1
56 104 30900 0
46 104 30906 0
69 69 30959 1
83 72 30961 1
38 95 30966 0
75 96 30970 0
93 49 31008 1
67 97 31028 0
31 39 31039 1
97 73 31044 1
30 38 31061 1
68 35 31098 1
49 73 31129 0
23 54 31130 0
75 73 31192 1
89 36 31206 1
68 34 31240 1
29 37 31275 1
86 36 31332 1
75 74 31389 1
35 39 31427 1
24 58 31460 0
100 74 31535 1
75 37 31539 1
31 37 31540 1
21 51 31554 0
47 41 31575 1
48 104 31645 0
89 95 31654 0
34 59 31658 0
37 62 31659 0
68 73 31666 1
37 38 31675 1
70 63 31721 1
48 103 31757 0
18 46 31760 0
29 58 31815 0
45 102 31819 0
25 37 31859 1
88 96 31863 0
77 95 31878 0
102 80 31880 1
26 37 31931 1
50 64 31936 0
24 37 31995 1
37 63 32024 0
63 34 32067 1
22 54 32072 0
40 63 32172 0
33 59 32238 0
23 53 32294 0
98 73 32295 1
71 35 32301 1
43 98 32311 0
93 71 32385 1
74 96 32486 0
62 34 32507 1
18 45 32563 0
41 38 32611 1
84 35 32654 1
69 34 32657 1
102 79 32674 1
81 72 32681 1
100 75 32698 1
84 58 32739 0
77 37 32741 1
19 46 32760 0
19 41 32775 0
23 37 32785 1
19 47 32801 0
92 71 32817 1
88 37 32920 1
65 34 32925 1
40 39 32988 1
94 71 33010 1
80 35 33015 1
39 39 33032 1
44 102 33070 0
45 63 33105 0
50 41 33147 1
51 41 33237 1
69 75 33263 1
28 58 33290 0
93 96 33303 0
85 72 33316 1
87 35 33336 1
66 34 33368 1
87 94 33383 0
44 63 33427 0
80 36 33507 1
81 36 33507 1
98 74 33510 1
31 38 33549 1
40 94 33651 0
72 36 33718 1
64 34 33775 1
76 73 33815 1
78 60 33828 0
70 95 33838 0
99 91 33882 1
84 95 33950 0
41 40 33975 1
99 75 33987 1
95 72 34028 1
72 96 34047 0
25 56 34056 0
74 37 34057 1
40 40 34061 1
43 63 34071 0
94 46 34088 1
52 106 34094 0
94 47 34106 1
34 37 34162 1
88 72 34199 1
90 38 34207 1
99 73 34299 1
87 36 34416 1
22 37 34436 1
23 54 34454 0
71 36 34491 1
39 92 34573 0
81 35 34781 1
49 103 34813 0
82 95 34842 0
50 62 35076 0
91 72 35096 1
99 94 35136 1
19 42 35143 0
24 57 35169 0
32 59 35191 0
92 95 35232 0
19 43 35242 0
18 49 35262 0
68 36 35394 1
45 42 35477 1
27 38 35496 1
24 55 35513 0
30 58 35572 0
93 45 35594 1
40 88 35596 0
21 53 35621 0
34 58 35631 0
18 47 35721 0
69 68 35730 1
70 75 35820 1
77 73 35898 1
73 75 35952 1
31 57 35956 0
75 59 35971 0
73 37 36008 1
32 38 36036 1
19 46 36093 0
91 95 36163 0
25 57 36275 0
61 35 36340 1
69 66 36447 1
37 39 36447 1
45 102 36766 0
42 40 36868 1
39 87 36883 0
92 96 36933 0
48 63 37231 0
65 35 37233 1
50 70 37315 0
94 72 37334 1
55 104 37360 0
39 93 37412 0
94 95 37425 0
34 59 37475 0
36 39 37570 1
18 46 37633 0
50 104 37694 0
41 99 37718 0
20 50 37793 0
83 58 37831 0
40 99 37852 0
40 96 37902 0
33 58 37939 0
34 62 37961 0
29 59 37987 0
38 90 38028 0
24 54 38048 0
18 43 38082 0
23 57 38087 0
34 58 38118 0
45 103 38127 0
37 60 38149 0
43 41 38387 1
47 104 38438 0
51 66 38630 0
42 97 38724 0
92 95 38755 0
38 39 38766 1
38 62 38843 0
93 47 38912 1
69 64 38935 1
93 40 39008 1
31 58 39103 0
52 103 39170 0
84 95 39350 0
87 55 39495 0
45 104 39682 0
88 97 39721 0
79 95 39784 0
41 63 39815 0
77 60 39847 0
84 94 39860 0
89 109 39888 0
41 95 40015 0
39 89 40055 0
71 37 40069 1
51 105 40084 0
35 60 40093 0
23 59 40189 0
18 53 40190 0
69 95 40206 0
23 54 40227 0
54 104 40336 0
39 94 40353 0
34 58 40403 0
83 94 40434 0
73 96 40702 0
52 66 40977 0
39 91 41072 0
74 60 41189 0
85 57 41253 0
33 59 41276 0
92 75 41279 1
92 41 41279 1
83 95 41291 0
26 57 41303 0
45 101 41347 0
95 94 41355 0
83 59 41368 0
17 57 41375 0
68 96 41388 0
78 60 41393 0
48 42 41395 1
85 95 41537 0
77 96 41556 0
51 67 41591 0
56 103 41627 0
98 72 41659 1
73 97 41758 0
93 44 41768 1
43 101 41974 0
63 99 42081 0
32 59 42084 0
41 97 42107 0
78 95 42194 0
73 59 42243 0
20 42 42293 0
88 55 42309 0
55 103 42330 0
19 46 42493 0
93 48 42498 1
40 96 42536 0
47 62 42538 0
39 90 42584 0
43 102 42602 0
49 105 42632 0
50 65 42735 0
51 104 42825 0
41 101 42894 0
74 96 42915 0
92 96 42986 0
40 38 43042 1
38 96 43071 0
76 65 43086 0
42 100 43106 0
34 58 43138 0
71 96 43182 0
41 98 43201 0
47 102 43364 0
76 59 43408 0
40 93 43468 0
38 91 43502 0
29 58 43551 0
50 71 43708 0
91 96 43733 0
48 104 43805 0
54 103 43832 0
38 61 43836 0
44 41 43840 1
78 96 44065 0
61 100 44098 0
47 104 44136 0
24 54 44274 0
69 96 44277 0
82 59 44327 0
18 49 44353 0
92 95 44358 0
50 64 44374 0
42 97 44376 0
102 85 44425 1
40 92 44444 0
39 62 44524 0
18 52 44564 0
35 38 44569 1
57 103 44600 0
46 79 44635 0
92 40 44736 1
22 61 44771 0
84 95 44795 0
51 66 44900 0
86 35 45017 1
91 38 45310 1
44 63 45398 0
90 37 45405 1
49 42 45430 1
88 36 45475 1
36 38 45506 1
19 50 45569 0
93 43 45700 1
96 72 45973 1
99 74 45992 1
69 70 46144 1
70 96 46235 0
38 40 46276 1
19 49 46351 0
77 74 46460 1
102 84 46475 1
75 38 46758 1
82 72 46789 1
100 76 46875 1
89 37 46940 1
17 50 47063 0
21 51 47221 0
85 97 47223 0
40 96 47319 0
73 96 47368 0
80 58 47589 0
9 29 47636 0
24 59 47683 0
43 65 47691 0
18 46 47860 0
30 59 47870 0
38 61 47966 0
38 93 47993 0
52 41 48070 1
84 71 48154 1
101 76 48318 1
91 71 48350 1
27 56 48363 0
97 94 48535 0
102 83 48563 1
48 73 49045 0
39 62 49099 0
70 77 49211 1
33 37 49258 1
51 64 49283 0
86 71 49311 1
27 37 49385 1
34 38 49501 1
45 41 49560 1
40 93 49571 0
40 97 49573 0
32 37 49740 1
58 36 49995 1
85 71 50045 1
49 76 50210 0
70 35 50219 1
69 35 50255 1
92 96 50315 0
19 47 50399 0
68 74 50399 1
60 35 50439 1
38 38 50463 1
47 42 50464 1
39 38 50466 1
23 53 50502 0
19 49 50554 0
102 81 51268 1
50 67 51411 0
93 42 51430 1
101 88 51462 1
101 78 51482 1
91 39 51523 1
44 83 51554 1
69 74 51692 1
97 73 51792 1
97 72 51850 1
22 54 51950 0
90 71 51958 1
46 41 52076 1
42 101 52164 0
101 79 52202 1
72 95 52389 0
93 46 52505 1
24 38 52554 1
87 71 52702 1
87 94 52714 0
102 78 52759 1
101 77 52815 1
91 95 52823 0
89 71 52832 1
20 38 52870 1
41 39 52870 1
94 44 52957 1
83 35 53109 1
102 86 53118 1
74 74 53168 1
33 38 53171 1
51 64 53193 0
67 34 53252 1
102 80 53259 1
80 72 53285 1
85 35 53287 1
76 38 53361 1
96 125 53405 1
60 36 53406 1
68 75 53434 1
70 76 53446 1
100 75 53472 1
40 98 53565 0
91 39 53627 1
78 73 53628 1
92 40 53651 1
84 35 53737 1
89 36 53790 1
83 94 53881 0
47 104 53946 0
95 71 53957 1
100 74 53965 1
87 36 54017 1
67 96 54119 0
88 71 54121 1
42 63 54143 0
38 61 54218 0
69 65 54227 1
102 79 54232 1
50 62 54266 0
74 37 54338 1
95 95 54340 0
89 54 54395 0
99 74 54403 1
95 94 54419 0
69 72 54448 1
79 59 54461 0
92 71 54473 1
93 71 54482 1
43 40 54484 1
92 39 54517 1
96 72 54531 1
69 67 54582 1
48 103 54606 0
53 103 54607 0
47 103 54610 0
99 73 54622 1
101 80 54650 1
84 94 54676 0
91 37 54696 1
94 71 54809 1
71 36 54834 1
93 43 54839 1
72 36 54852 1
69 75 54882 1
83 71 54882 1
68 34 54890 1
79 73 54895 1
95 72 54901 1
34 58 54912 0
45 102 54935 0
34 59 54950 0
35 58 54974 0
49 103 54995 0
64 98 55014 0
103 83 55015 1
81 59 55015 0
62 100 55015 0
60 100 55026 0
70 95 55032 0
102 81 55043 1
91 38 55068 1
69 69 55087 1
69 76 55100 1
75 37 55120 1
79 36 55122 1
50 42 55125 1
82 35 55148 1
101 89 55159 1
77 58 55165 0
43 98 55184 0
90 37 55201 1
30 38 55244 1
27 56 55329 0
98 73 55349 1
52 66 55370 0
97 93 55379 0
40 89 55386 0
102 84 55400 1
27 57 55401 0
90 36 55407 1
65 34 55441 1
87 35 55447 1
74 36 55501 1
33 58 55519 0
102 83 55520 1
20 45 55535 0
89 95 55552 0
26 37 55589 1
51 40 55634 1
49 41 55673 1
66 34 55684 1
88 35 55684 1
29 37 55701 1
73 36 55711 1
72 95 55737 0
41 93 55741 0
48 41 55767 1
93 42 55774 1
91 71 55820 1
70 75 55823 1
49 75 55854 0
87 94 55855 0
92 40 55876 1
20 53 55878 0
94 46 55891 1
39 62 55909 0
41 95 55913 0
51 70 55921 0
71 35 55962 1
64 34 56000 1
41 87 56002 0
40 94 56040 0
101 76 56044 1
101 77 56055 1
72 75 56070 1
71 75 56111 1
34 39 56143 1
100 76 56147 1
42 39 56179 1
79 35 56212 1
48 74 56228 0
90 71 56235 1
58 102 56317 0
24 55 56322 0
64 99 56332 0
37 60 56344 0
19 49 56345 0
19 43 56353 0
25 56 56382 0
47 62 56386 0
45 101 56388 0
35 39 56392 1
20 50 56404 0
26 58 56408 0
69 95 56409 0
30 37 56471 1
92 95 56474 0
102 80 56478 1
69 66 56488 1
76 95 56494 0
22 39 56528 1
97 73 56529 1
53 104 56554 0
31 39 56555 1
87 71 56568 1
91 39 56587 1
87 95 56588 0
31 57 56589 0
51 68 56600 0
83 72 56609 1
35 37 56616 1
89 71 56644 1
52 103 56660 0
65 33 56686 1
72 35 56688 1
23 54 56731 0
64 33 56734 1
39 39 56758 1
69 68 56760 1
102 89 56785 1
40 62 56802 0
25 37 56810 1
77 36 56831 1
40 96 56839 0
47 41 56881 1
82 71 56881 1
45 41 56901 1
25 118 56911 1
85 35 56946 1
89 37 56957 1
102 87 56973 1
27 36 56984 1
40 39 56987 1
50 62 57017 0
110 28 57063 1
83 58 57105 0
24 37 57108 1
94 95 57124 0
86 71 57168 1
92 38 57218 1
48 75 57255 0
75 38 57309 1
42 97 57324 0
43 97 57331 0
61 34 57341 1
37 38 57351 1
97 71 57363 1
19 46 57405 0
51 64 57414 0
84 93 57415 0
20 52 57461 0
59 35 57461 1
34 58 57468 0
24 54 57471 0
35 58 57556 0
83 34 57560 1
41 40 57566 1
102 78 57583 1
47 102 57641 0
21 51 57662 0
41 97 57698 0
69 63 57701 1
43 41 57701 1
23 53 57704 0
30 58 57844 0
44 41 57844 1
98 72 57883 1
81 72 57887 1
85 71 57957 1
86 35 58000 1
50 104 58001 0
38 37 58085 1
87 34 58118 1
77 37 58172 1
67 34 58191 1
41 41 58201 1
31 37 58221 1
39 95 58295 0
47 63 58308 0
36 39 58310 1
59 100 58317 0
27 57 58339 0
40 40 58343 1
84 34 58359 1
40 92 58386 0
41 90 58434 0
36 38 58434 1
91 97 58467 0
93 41 58474 1
53 41 58479 1
81 60 58511 0
62 34 58532 1
80 58 58595 0
69 34 58596 1
74 37 58616 1
45 42 58622 1
69 65 58623 1
77 61 58630 0
17 49 58664 0
81 95 58707 0
89 36 58708 1
43 39 58727 1
81 35 58731 1
31 38 58741 1
81 93 58763 0
85 34 58773 1
19 42 58793 0
39 92 58812 0
51 104 58834 0
40 93 58846 0
43 40 58863 1
50 41 58933 1
97 72 58970 1
100 74 59010 1
19 41 59024 0
48 103 59049 0
68 73 59088 1
27 37 59149 1
93 47 59155 1
25 36 59202 1
72 60 59204 0
68 96 59233 0
59 101 59249 0
73 74 59310 1
27 56 59312 0
92 71 59314 1
51 41 59349 1
18 47 59364 0
40 88 59427 0
31 58 59429 0
19 47 59439 0
99 74 59448 1
49 103 59451 0
20 45 59456 0
100 75 59483 1
102 79 59495 1
92 39 59509 1
102 85 59519 1
95 94 59536 0
69 73 59583 1
84 95 59597 0
93 40 59668 1
79 72 59678 1
39 38 59689 1
72 95 59825 0
69 71 59914 1
68 74 59976 1
43 64 60008 0
40 62 60008 0
20 43 60032 1
69 74 60057 1
92 40 60058 1
49 73 60099 0
44 62 60101 0
20 42 60125 0
77 58 60133 0
46 62 60178 0
43 98 60188 0
99 73 60196 1
35 58 60218 0
20 41 60266 0
49 76 60268 0
30 38 60335 1
25 57 60357 0
66 35 60374 1
84 58 60386 0
46 41 60388 1
73 59 60414 0
120 95 60425 0
80 95 60426 0
24 36 60481 1
84 35 60485 1
42 62 60545 0
42 65 60552 0
86 57 60557 0
29 56 60572 0
42 63 60603 0
96 71 60620 1
72 36 60623 1
68 34 60624 1
70 63 60625 1
101 78 60628 1
42 101 60629 0
41 38 60670 1
54 103 60707 0
29 36 60728 1
31 57 60740 0
23 37 60810 1
88 36 60882 1
94 71 60888 1
30 60 60907 0
26 57 60934 0
48 77 60965 0
21 37 60980 1
53 103 61002 0
29 37 61032 1
20 50 61092 0
38 61 61095 0
96 72 61125 1
61 101 61149 0
87 35 61246 1
33 58 61279 0
47 43 61296 1
91 95 61298 0
36 37 61299 1
34 70 61357 1
34 37 61357 1
76 73 61383 1
19 49 61411 0
93 71 61427 1
80 36 61484 1
52 65 61485 0
84 71 61510 1
94 44 61518 1
86 34 61550 1
27 57 61588 0
34 58 61611 0
45 63 61623 0
88 71 61774 1
69 67 61791 1
83 94 61812 0
43 63 61862 0
41 95 61876 0
71 36 61921 1
45 41 61930 1
35 38 61938 1
33 38 61957 1
73 96 61984 0
102 81 62068 1
24 54 62096 0
91 38 62116 1
69 75 62190 1
44 62 62217 0
102 88 62291 1
94 47 62329 1
43 83 62337 1
98 74 62437 1
30 37 62441 1
83 35 62484 1
50 73 62485 0
23 38 62496 1
93 43 62501 1
75 58 62534 0
52 66 62548 0
37 92 62585 0
47 62 62617 0
18 49 62689 0
19 46 62707 0
79 60 62717 0
24 56 62751 0
48 76 62799 0
42 62 62804 0
25 55 62804 0
28 59 62955 0
93 95 63024 0
40 87 63034 0
41 39 63048 1
40 38 63082 1
69 66 63119 1
49 42 63157 1
41 93 63175 0
54 40 63254 1
49 41 63289 1
46 62 63424 0
24 55 63486 0
28 57 63518 0
94 48 63553 1
37 60 63569 0
40 89 63588 0
87 36 63597 1
50 62 63702 0
37 93 63783 0
47 103 63789 0
23 54 63828 0
45 101 63923 0
41 91 63931 0
95 71 64075 1
19 44 64118 0
51 67 64152 0
52 41 64152 1
19 43 64233 0
29 58 64238 0
69 69 64257 1
35 58 64340 0
41 96 64355 0
26 56 64375 0
66 34 64375 1
42 97 64379 0
51 64 64395 0
40 62 64465 0
101 77 64468 1
86 96 64477 0
75 37 64579 1
52 40 64633 1
52 65 64687 0
28 58 64703 0
44 62 64755 0
49 70 64994 0
33 37 65069 1
90 37 65118 1
23 53 65134 0
70 75 65149 1
42 62 65164 0
49 104 65169 0
39 62 65179 0
40 63 65275 0
21 53 65336 0
48 72 65364 0
19 51 65454 0
54 104 65465 0
102 84 65484 1
26 37 65529 1
103 84 65569 1
102 80 65606 1
20 51 65645 0
37 37 65655 1
101 75 65795 1
83 36 65798 1
59 36 65883 1
26 58 66045 0
25 55 66052 0
84 94 66076 0
87 56 66217 0
70 95 66261 0
52 103 66264 0
93 42 66335 1
88 94 66439 0
48 41 66479 1
86 95 66507 0
69 68 66614 1
27 57 66623 0
39 98 66645 0
87 94 66650 0
64 34 66664 1
48 104 66668 0
47 41 66678 1
22 57 66728 0
71 35 66820 1
43 62 66847 0
19 40 66880 0
75 58 66920 0
49 63 66961 0
80 93 67009 0
29 57 67064 0
94 57 67085 0
94 43 67085 1
79 59 67126 0
93 49 67223 1
66 33 67357 1
101 76 67506 1
96 95 67571 0
91 71 67597 1
75 59 67711 0
19 44 67729 0
40 94 67923 0
26 56 67947 0
47 102 68051 0
36 60 68182 0
89 71 68202 1
81 36 68207 1
42 62 68290 0
93 95 68321 0
21 51 68360 0
84 93 68379 0
38 38 68382 1
75 73 68448 1
80 95 68490 0
35 39 68532 1
42 39 68535 1
41 96 68541 0
98 93 68553 0
103 82 68674 1
22 55 68706 0
67 96 68720 0
55 103 68759 0
50 70 68766 0
72 95 68772 0
39 39 68814 1
77 59 68932 0
42 38 69004 1
51 66 69006 0
67 33 69066 1
37 61 69099 0
43 97 69100 0
102 83 69181 1
102 86 69276 1
41 64 69377 0
44 62 69428 0
88 35 69471 1
43 62 69566 0
28 36 69678 1
88 94 69708 0
60 101 69766 0
51 70 69778 0
46 62 69820 0
48 77 69887 0
70 64 69892 1
71 34 69916 1
80 58 70024 0
25 55 70103 0
93 39 70184 1
71 76 70188 1
51 62 70191 0
28 57 70192 0
80 35 70209 1
20 51 70213 0
29 57 70234 0
73 36 70334 1
82 94 70337 0
52 65 70344 0
45 102 70462 0
32 37 70501 1
49 104 70539 0
102 77 70680 1
27 56 70737 0
19 44 70788 0
78 60 70844 0
25 37 71041 1
74 35 71053 1
85 58 71109 0
94 46 71114 1
63 33 71162 1
82 35 71178 1
45 40 71184 1
25 56 71244 0
63 99 71301 0
83 96 71369 0
92 96 71407 0
31 56 71412 0
43 40 71470 1
90 36 71474 1
99 72 71520 1
26 56 71544 0
90 71 71741 1
74 73 71766 1
70 74 71799 1
103 85 71804 1
91 37 71808 1
89 36 71860 1
77 72 71861 1
82 34 71925 1
81 71 72101 1
40 93 72144 0
39 91 72166 0
103 81 72284 1
75 74 72424 1
51 62 72436 0
77 95 72513 0
41 98 72517 0
81 94 72601 0
20 45 72622 0
43 62 72695 0
83 58 72865 0
33 57 72956 0
66 12 73011 0
51 69 73116 0
42 95 73140 0
42 106 73225 0
31 37 73267 1
92 39 73341 1
36 60 73377 0
40 61 73462 0
77 58 73528 0
74 36 73585 1
50 66 73634 0
34 36 73635 1
93 46 73685 1
38 64 73696 0
86 95 73712 0
28 57 73893 0
91 39 73900 1
83 71 73948 1
19 51 73949 0
74 74 74046 1
30 36 74049 1
94 49 74143 1
78 73 74146 1
41 96 74156 0
19 44 74231 0
80 72 74250 1
35 59 74371 0
98 72 74410 1
80 94 74521 0
82 94 74527 0
77 59 74614 0
36 58 74658 0
29 57 74714 0
74 37 74875 1
50 73 74876 0
51 62 74962 0
37 61 75046 0
42 62 75070 0
42 101 75185 0
85 36 75215 1
27 37 75219 1
86 94 75245 0
86 71 75316 1
93 41 75411 1
93 95 75518 0
41 103 75781 0
88 94 76036 0
20 51 76203 0
103 80 76307 1
69 33 76574 1
40 62 76778 0
32 58 76848 0
37 38 76887 1
60 34 76892 1
39 93 76924 0
82 96 76998 0
46 101 77194 0
97 72 77352 1
26 56 77362 0
67 34 77566 1
69 72 77566 1
68 34 77699 1
49 104 77729 0
40 61 77749 0
81 94 77850 0
101 90 77885 1
36 58 77924 0
85 35 78034 1
68 33 78316 1
24 37 78354 1
94 71 78475 1
72 35 78505 1
79 96 78789 0
70 66 78809 1
92 40 78874 1
100 74 78995 1
86 35 79046 1
19 42 79108 0
27 36 79146 1
86 94 79259 0
39 37 79279 1
20 43 79376 0
50 40 79405 1
35 59 79507 0
43 99 79646 0
92 71 79902 1
26 36 80592 1
36 60 80648 0
80 94 80714 0
70 65 80778 1
37 97 80947 0
40 95 81157 0
7 28 81302 0
82 72 81389 1
85 96 81434 0
19 44 81600 0
34 58 81690 0
80 95 81778 0
43 98 81825 0
37 61 81937 0
51 62 82069 0
100 75 82135 1
46 101 82246 0
69 65 82334 1
81 93 82508 0
33 57 82583 0
25 55 82766 0
19 50 82802 0
77 73 82863 1
32 58 82933 0
51 69 83175 0
46 41 83286 1
43 62 83316 0
31 57 83405 0
42 63 83412 0
28 57 83415 0
78 36 83438 1
49 75 83498 0
69 95 83637 0
20 41 83671 0
69 34 83689 1
77 93 83727 0
102 79 83879 1
92 38 84031 1
80 59 84137 0
82 58 84380 0
43 99 84460 0
36 58 84569 0
29 56 84633 0
19 51 84858 0
20 42 85070 0
44 102 85131 0
19 49 85248 0
53 105 85323 0
41 86 85389 0
38 92 85704 0
86 94 85775 0
41 61 85868 0
35 58 85906 0
20 43 85976 0
26 58 86109 0
75 58 86122 0
77 59 86166 0
56 103 86246 0
35 59 86373 0
40 92 86376 0
24 54 86407 0
41 90 86570 0
44 101 86889 0
47 88 87013 1
81 34 87411 1
40 96 87493 0
85 94 87547 0
87 71 87634 1
49 103 87728 0
40 61 87939 0
64 33 88135 1
20 48 88406 0
70 34 88671 1
103 83 88741 1
85 71 88764 1
32 58 88847 0
74 59 88927 0
30 58 89003 0
18 43 89033 0
40 95 89066 0
40 91 89106 0
82 94 89380 0
22 53 90136 0
44 100 90417 0
39 61 90502 0
86 95 90634 0
41 61 90891 0
40 39 90967 1
102 87 91276 1
78 59 91368 0
69 74 91496 1
42 98 91572 0
114 41 91579 1
31 59 91620 0
27 58 91653 0
35 37 91664 1
113 124 91735 1
82 58 91878 0
99 73 91894 1
95 94 91966 0
102 78 92004 1
90 97 92267 0
48 61 92315 0
41 94 92334 0
93 97 92386 0
100 73 92407 1
71 75 92507 1
87 93 92514 0
80 59 92576 0
93 71 92775 1
91 38 92875 1
93 40 93072 1
65 33 93151 1
27 57 93193 0
97 93 93239 0
90 37 93265 1
101 76 93316 1
103 79 93319 1
66 97 93357 0
43 99 93401 0
87 94 93413 0
96 71 93493 1
85 94 93507 0
95 71 93514 1
87 35 93514 1
83 94 93523 0
18 44 93748 0
97 94 93770 0
72 36 93815 1
94 44 93855 1
92 70 93871 1
92 95 93879 0
81 94 93897 0
93 94 93916 0
95 94 93935 0
44 101 93943 0
85 34 93945 1
72 75 94032 1
90 53 94040 0
97 71 94056 1
103 82 94057 1
93 42 94083 1
99 73 94091 1
66 96 94116 0
84 35 94134 1
20 51 94161 0
91 71 94204 1
87 70 94205 1
100 74 94262 1
44 62 94264 0
84 34 94281 1
91 70 94307 1
73 35 94441 1
84 71 94467 1
89 35 94468 1
49 102 94498 0
52 68 94507 0
103 78 94535 1
79 36 94566 1
64 32 94577 1
48 103 94609 0
20 48 94620 0
90 36 94636 1
70 68 94641 1
50 71 94645 0
84 94 94683 0
39 38 94739 1
77 37 94781 1
94 41 94814 1
90 35 94840 1
80 58 94841 0
80 94 94846 0
84 93 94847 0
102 78 94876 1
40 88 94881 0
89 71 94905 1
44 103 94910 0
29 37 94920 1
49 62 94992 0
69 73 95028 1
31 38 95069 1
47 62 95070 0
41 97 95076 0
45 41 95134 1
41 93 95137 0
77 58 95204 0
71 35 95223 1
91 37 95227 1
71 95 95228 0
93 39 95232 1
43 39 95267 1
41 95 95301 0
50 105 95320 0
88 94 95335 0
53 103 95345 0
70 75 95349 1
90 71 95357 1
70 95 95384 0
101 77 95385 1
89 36 95387 1
48 63 95396 0
46 101 95463 0
73 36 95470 1
101 75 95473 1
100 76 95506 1
40 38 95529 1
52 66 95539 0
82 71 95563 1
81 72 95581 1
102 80 95582 1
60 100 95585 0
20 50 95601 0
46 40 95608 1
51 68 95612 0
80 93 95621 0
74 36 95625 1
103 81 95638 1
29 57 95651 0
50 62 95651 0
45 99 95652 0
61 100 95661 0
47 102 95673 0
23 51 95674 0
22 53 95674 0
91 38 95728 1
51 62 95730 0
44 100 95743 0
43 97 95791 0
39 59 95800 0
41 87 95837 0
76 59 95869 0
52 103 95907 0
100 72 95908 1
93 40 95957 1
42 97 95961 0
53 102 95991 0
94 46 96009 1
45 39 96022 1
55 103 96032 0
86 34 96036 1
92 39 96074 1
69 70 96074 1
50 104 96079 0
42 61 96094 0
36 38 96101 1
50 41 96102 1
75 36 96106 1
64 97 96127 0
36 39 96144 1
23 53 96151 0
75 37 96152 1
40 37 96159 1
40 91 96173 0
45 101 96194 0
76 95 96213 0
87 55 96223 0
21 51 96273 0
47 41 96289 1
74 59 96289 0
46 62 96306 0
103 84 96308 1
47 78 96322 0
19 54 96341 0
70 67 96346 1
103 83 96347 1
43 96 96361 0
17 45 96369 0
20 45 96384 0
102 76 96398 1
36 58 96399 0
86 72 96448 1
86 71 96448 1
69 66 96459 1
84 57 96517 0
69 71 96539 1
43 98 96584 0
99 72 96594 1
64 98 96600 0
42 62 96637 0
66 34 96660 1
66 33 96660 1
19 47 96673 0
92 38 96686 1
50 69 96687 0
71 74 96716 1
103 80 96733 1
41 61 96746 0
86 94 96790 0
37 58 96796 0
81 93 96845 0
83 34 96848 1
82 58 96857 0
40 89 96896 0
39 61 96909 0
94 71 96913 1
41 39 96923 1
43 38 96951 1
30 37 96967 1
80 71 96979 1
54 103 96995 0
33 36 97005 1
26 56 97061 0
103 85 97061 1
88 70 97076 1
39 88 97103 0
87 71 97119 1
47 73 97141 0
93 70 97152 1
95 93 97159 0
76 36 97180 1
50 106 97199 0
30 38 97201 1
48 41 97201 1
49 41 97208 1
41 96 97245 0
27 56 97263 0
49 76 97271 0
42 95 97345 0
76 73 97345 1
32 58 97345 0
29 56 97363 0
93 94 97379 0
77 36 97387 1
94 70 97427 1
41 38 97468 1
98 72 97476 1
41 94 97496 0
51 41 97541 1
101 74 97584 1
19 44 97631 0
41 91 97646 0
41 40 97666 1
19 43 97667 0
25 36 97691 1
31 57 97739 0
99 73 97752 1
33 38 97754 1
87 93 97770 0
31 56 97779 0
33 57 97787 0
94 59 97825 0
90 70 97825 1
29 36 97868 1
23 56 97871 0
42 98 97874 0
32 36 97884 1
44 62 97893 0
82 60 97904 0
71 94 97915 0
20 43 97953 0
48 77 97954 0
35 58 97955 0
103 79 97975 1
59 100 98039 0
43 62 98085 0
45 40 98104 1
71 34 98119 1
34 37 98167 1
68 33 98174 1
92 71 98182 1
38 61 98182 0
100 74 98191 1
93 71 98214 1
71 36 98249 1
94 43 98262 1
94 44 98262 1
33 37 98266 1
62 33 98271 1
51 40 98278 1
31 36 98281 1
100 73 98302 1
36 36 98321 1
70 74 98348 1
81 35 98354 1
72 34 98358 1
90 37 98428 1
62 34 98514 1
37 61 98544 0
51 62 98554 0
38 37 98605 1
48 61 98627 0
66 34 98645 1
20 45 98651 0
21 47 98679 0
43 40 98690 1
69 72 98692 1
70 63 98696 1
42 38 98780 1
69 68 98794 1
67 33 98808 1
85 35 98810 1
96 71 98898 1
47 40 98932 1
91 36 98955 1
89 70 98981 1
20 42 98997 0
24 54 99000 0
95 46 99006 1
20 48 99052 0
90 36 99092 1
40 92 99107 0
95 45 99121 1
75 95 99131 0
49 102 99184 0
27 37 99186 1
41 93 99214 0
49 73 99226 0
73 74 99295 1
42 61 99295 0
47 62 99297 0
42 39 99310 1
64 33 99321 1
43 39 99330 1
72 36 99368 1
35 63 99445 0
101 76 99447 1
28 36 99456 1
84 58 99470 0
95 70 99497 1
83 58 99553 0
93 41 99596 1
43 99 99601 0
39 39 99604 1
94 42 99611 1
98 71 99645 1
35 38 99650 1
69 65 99654 1
77 94 99675 0
50 73 99685 0
85 94 99689 0
63 33 99711 1
41 37 99765 1
31 37 99804 1
72 35 99865 1
97 71 99876 1
19 46 99881 0
44 39 99889 1
94 47 99942 1
24 36 99948 1
59 34 99955 1
93 50 99994 1
69 33 100007 1
49 40 100015 1
44 100 100116 0
70 69 100117 1
36 58 100119 0
80 58 100176 0
23 37 100184 1
40 61 100187 0
83 71 100194 1
103 82 100236 1
78 35 100248 1
40 93 100301 0
29 37 100302 1
85 34 100352 1
70 66 100357 1
73 36 100364 1
87 35 100447 1
50 63 100469 0
37 58 100485 0
49 103 100494 0
71 95 100527 0
49 62 100566 0
74 37 100605 1
43 97 100629 0
39 59 100631 0
77 93 100643 0
91 37 100661 1
61 33 100671 1
69 73 100695 1
52 65 100814 0
51 70 100849 0
19 41 100872 0
52 67 100928 0
22 53 100952 0
37 60 100985 0
73 35 100985 1
75 58 101032 0
72 95 101072 0
23 51 101123 0
27 36 101132 1
38 99 101149 0
24 55 101171 0
88 95 101221 0
74 36 101229 1
93 38 101239 1
65 33 101296 1
87 94 101390 0
41 61 101400 0
40 95 101469 0
68 96 101481 0
21 42 101517 0
25 55 101538 0
43 101 101551 0
27 60 101639 0
41 95 101651 0
61 34 101655 1
69 95 101660 0
71 75 101685 1
40 94 101740 0
44 101 101752 0
36 37 101763 1
46 62 101775 0
37 37 101787 1
28 57 101797 0
52 63 101902 0
23 53 101911 0
71 33 101926 1
92 37 101970 1
46 101 102045 0
65 98 102064 0
85 57 102102 0
22 59 102183 0
83 94 102219 0
47 102 102250 0
42 86 102256 0
37 94 102272 0
47 64 102275 0
102 77 102331 1
34 36 102343 1
69 94 102388 0
45 99 102407 0
66 98 102433 0
19 45 102441 0
22 38 102453 1
36 60 102454 0
77 58 102457 0
84 93 102463 0
93 94 102565 0
35 39 102590 1
64 69 102838 1
64 34 102838 1
85 71 102967 1
35 59 103053 0
95 94 103062 0
32 37 103096 1
20 43 103157 0
26 37 103224 1
54 39 103242 1
71 35 103265 1
40 91 103269 0
39 38 103316 1
43 100 103372 0
83 35 103479 1
29 57 103508 0
94 94 103522 0
23 36 103543 1
94 41 103577 1
84 57 103642 0
95 71 103680 1
22 37 103685 1
67 34 103711 1
21 49 103714 0
97 93 103761 0
42 61 103819 0
89 35 103833 1
63 32 104041 1
72 74 104066 1
47 41 104074 1
39 61 104277 0
67 32 104338 1
30 37 104343 1
75 72 104347 1
45 62 104527 0
102 78 104527 1
74 95 104567 0
30 36 104608 1
92 38 104612 1
46 40 104617 1
99 71 104632 1
94 48 104726 1
25 54 104781 0
70 64 104787 1
80 59 104797 0
91 71 104800 1
93 40 104942 1
81 71 104945 1
99 72 104954 1
48 101 104957 0
101 75 104961 1
52 41 105011 1
40 37 105079 1
20 46 105103 0
93 42 105156 1
103 86 105240 1
45 41 105334 1
75 73 105334 1
78 94 105372 0
52 63 105463 0
73 59 105490 0
103 81 105522 1
82 58 105526 0
29 36 105538 1
54 40 105541 1
80 36 105569 1
25 37 105572 1
84 34 105682 1
89 36 105818 1
41 38 105903 1
99 73 105967 1
68 34 105994 1
103 77 106072 1
35 36 106105 1
42 102 106135 0
23 54 106152 0
103 80 106294 1
42 37 106314 1
39 89 106336 0
93 39 106342 1
85 70 106375 1
70 68 106444 1
74 59 106483 0
52 40 106536 1
91 34 106538 1
91 70 106538 1
26 55 106549 0
82 94 106590 0
70 73 106599 1
103 83 106630 1
86 34 106649 1
89 71 106674 1
74 35 106685 1
92 70 106692 1
77 94 106694 0
41 94 106727 0
89 53 106757 0
90 35 106773 1
103 84 106861 1
48 40 106908 1
75 95 106922 0
74 14 106978 0
102 76 107043 1
70 65 107082 1
76 93 107258 0
87 34 107278 1
53 104 107291 0
21 51 107296 0
94 94 107305 0
92 40 107307 1
43 96 107315 0
90 71 107317 1
51 69 107317 0
74 81 107457 1
22 50 107494 0
103 78 107531 1
48 41 107542 1
87 70 107543 1
66 33 107577 1
53 102 107619 0
31 39 107653 1
100 73 107695 1
80 93 107695 0
20 41 107704 0
88 94 107802 0
94 75 107823 1
86 46 107823 1
86 70 107823 1
82 34 107849 1
83 33 107874 1
91 35 107878 1
51 65 107883 0
43 98 107887 0
18 46 107888 0
44 38 107897 1
27 35 107900 1
41 90 107932 0
20 48 107949 0
81 93 107977 0
98 92 107982 0
90 36 107989 1
87 93 108000 0
91 38 108008 1
71 95 108013 0
32 57 108033 0
79 94 108052 0
42 95 108078 0
52 103 108163 0
51 63 108176 0
45 101 108195 0
21 49 108205 0
53 103 108236 0
75 36 108241 1
50 41 108249 1
41 100 108253 0
95 93 108254 0
33 57 108256 0
100 72 108261 1
70 67 108262 1
81 94 108270 0
89 34 108272 1
34 58 108284 0
42 97 108298 0
93 95 108298 0
7 30 108306 0
103 79 108328 1
40 87 108364 0
94 44 108390 1
30 55 108403 0
29 56 108420 0
80 35 108425 1
88 96 108448 0
97 70 108463 1
69 74 108464 1
79 58 108496 0
82 95 108502 0
37 58 108516 0
22 54 108529 0
45 40 108540 1
100 74 108561 1
71 94 108562 0
44 100 108579 0
22 53 108615 0
62 98 108618 0
71 67 108667 1
76 72 108668 1
52 68 108694 0
20 50 108699 0
26 36 108739 1
39 64 108741 0
19 45 108759 0
25 54 108762 0
96 71 108766 1
77 37 108823 1
50 62 108839 0
89 54 108858 0
94 40 108862 1
68 33 108874 1
20 45 108908 0
93 70 108915 1
42 98 108923 0
51 72 108934 0
31 57 108951 0
67 96 108954 0
20 46 108986 0
52 63 108992 0
29 55 108999 0
93 94 109008 0
45 62 109014 0
90 70 109017 1
91 37 109018 1
49 41 109065 1
49 102 109083 0
43 38 109094 1
95 47 109098 1
75 93 109100 0
70 33 109168 1
52 64 109169 0
39 59 109171 0
39 37 109176 1
101 74 109188 1
22 51 109208 0
88 70 109244 1
69 72 109336 1
36 58 109402 0
31 56 109407 0
48 61 109419 0
93 40 109467 1
71 34 109496 1
75 35 109496 1
36 38 109539 1
82 71 109555 1
45 39 109558 1
50 40 109563 1
51 62 109617 0
103 82 109629 1
21 47 109632 0
35 57 109688 0
82 92 109708 0
70 74 109749 1
78 94 109750 0
41 39 109797 1
94 70 109805 1
20 42 109807 0
47 80 109819 0
35 37 109939 1
65 32 109975 1
97 71 109985 1
24 37 109994 1
79 71 109995 1
91 36 110035 1
80 72 110050 1
101 89 110071 1
40 36 110099 1
43 97 110157 0
102 88 110173 1
20 49 110176 0
26 55 110199 0
85 33 110202 1
39 36 110219 1
47 40 110241 1
94 94 110266 0
52 67 110270 0
34 57 110334 0
43 39 110358 1
62 99 110360 0
98 93 110385 0
18 50 110391 0
41 87 110430 0
66 12 110431 1
25 36 110474 1
22 50 110485 0
42 38 110503 1
43 95 110526 0
33 37 110537 1
87 71 110568 1
34 37 110568 1
67 33 110587 1
23 51 110595 0
74 93 110613 0
41 91 110619 0
103 85 110622 1
27 56 110633 0
85 34 110636 1
71 74 110691 1
49 104 110703 0
77 93 110715 0
49 62 110724 0
95 43 110785 1
104 81 110804 1
98 71 110809 1
32 36 110821 1
81 34 110829 1
70 66 110829 1
102 87 110855 1
64 32 110943 1
69 70 110995 1
74 95 111013 0
31 36 111031 1
47 61 111094 0
51 103 111114 0
73 95 111153 0
33 36 111169 1
28 36 111206 1
41 61 111221 0
70 63 111244 1
74 36 111280 1
69 73 111282 1
41 93 111292 0
43 100 111310 0
52 66 111317 0
80 34 111320 1
25 35 111339 1
78 95 111354 0
99 72 111388 1
42 61 111416 0
64 33 111421 1
89 70 111457 1
32 57 111489 0
73 36 111549 1
70 71 111622 1
50 63 111622 0
102 75 111688 1
73 73 111697 1
83 34 111704 1
24 70 111719 1
24 54 111720 0
80 94 111735 0
54 103 111796 0
76 36 111829 1
72 34 111835 1
95 44 111842 1
32 59 111843 0
79 36 111843 1
84 33 111852 1
78 59 111866 0
20 43 111877 0
40 88 111929 0
78 71 111971 1
45 99 111991 0
70 95 112029 0
76 73 112082 1
77 72 112100 1
73 35 112111 1
79 58 112190 0
77 36 112225 1
69 33 112226 1
43 99 112235 0
31 59 112258 0
31 37 112259 1
21 49 112267 0
43 37 112273 1
66 32 112347 1
74 73 112359 1
86 71 112367 1
20 46 112458 0
104 80 112469 1
25 54 112479 0
92 38 112488 1
35 57 112496 0
70 70 112526 1
49 101 112532 0
38 37 112568 1
45 98 112610 0
100 71 112637 1
81 35 112645 1
103 80 112671 1
65 97 112683 0
43 96 112743 0
84 93 112783 0
27 36 112870 1
92 37 112879 1
93 39 112942 1
45 62 112970 0
22 51 113068 0
94 41 113088 1
38 38 113092 1
20 45 113179 0
27 37 113218 1
79 35 113229 1
29 37 113231 1
72 35 113291 1
70 69 113325 1
34 57 113437 0
95 34 113476 1
95 42 113476 1
29 35 113505 1
22 50 113525 0
71 61 113600 1
48 101 113608 0
51 40 113624 1
65 33 113691 1
26 55 113704 0
95 94 113808 0
103 76 113837 1
41 86 113882 0
36 59 113894 0
40 89 113910 0
85 94 113989 0
38 36 114014 1
80 71 114026 1
101 73 114037 1
53 66 114056 0
79 94 114070 0
95 70 114083 1
92 70 114093 1
52 39 114367 1
93 38 114442 1
52 63 114538 0
86 34 114569 1
29 55 114590 0
82 33 114658 1
74 35 114663 1
46 40 114750 1
47 61 114845 0
102 74 114857 1
52 64 114902 0
31 38 114943 1
32 57 114987 0
70 68 115065 1
57 101 115092 0
82 35 115164 1
87 34 115227 1
94 94 115250 0
41 37 115303 1
20 49 115362 0
89 35 115402 1
34 36 115415 1
29 56 115431 0
52 69 115466 0
52 104 115468 0
101 75 115542 1
49 60 115553 0
35 57 115610 0
18 44 115639 0
63 33 115653 1
84 57 115730 0
29 36 115748 1
74 34 115858 1
51 103 115911 0
91 70 116031 1
92 71 116031 1
76 60 116043 0
41 89 116059 0
36 57 116076 0
94 66 116080 1
85 70 116130 1
36 36 116145 1
84 70 116169 1
90 69 116245 1
78 94 116313 0
49 40 116374 1
51 43 116492 1
93 71 116524 1
102 76 116532 1
102 78 116554 1
19 51 116558 0
66 33 116588 1
70 72 116702 1
69 34 116704 1
80 58 116833 0
44 62 116849 0
41 38 116849 1
103 79 116902 1
24 36 116915 1
21 54 116922 0
22 51 116998 0
103 77 117006 1
90 36 117043 1
47 102 117050 0
99 73 117087 1
51 63 117136 0
100 73 117210 1
53 39 117279 1
103 78 117383 1
35 26 117392 1
88 72 117438 1
94 49 117448 1
87 70 117465 1
19 45 117561 0
90 35 117561 1
37 58 117563 0
88 95 117575 0
66 97 117629 0
91 69 117667 1
53 63 117699 0
103 83 117728 1
70 67 117751 1
34 57 117860 0
30 36 118080 1
45 62 118225 0
31 58 118239 0
83 71 118311 1
42 36 118333 1
50 103 118390 0
45 39 118391 1
30 37 118486 1
46 101 118652 0
20 46 118655 0
76 58 118698 0
79 58 118846 0
103 84 118866 1
45 38 118870 1
84 35 118900 1
100 72 118928 1
84 34 118976 1
21 50 118995 0
28 35 119003 1
36 57 119060 0
74 95 119069 0
37 36 119103 1
68 33 119135 1
91 37 119209 1
23 38 119232 1
89 34 119271 1
49 75 119300 0
20 42 119318 0
75 2 119363 1
40 37 119471 1
53 102 119578 0
41 94 119593 0
95 45 119689 1
78 57 119737 0
25 53 119739 0
97 73 119754 1
32 57 119764 0
73 95 119815 0
73 74 119854 1
104 82 119928 1
39 59 119936 0
39 38 119964 1
19 53 119994 0
42 62 120035 0
86 94 120059 0
22 50 120122 0
20 41 120218 0
101 74 120230 1
26 55 120277 0
39 90 120302 0
87 93 120311 0
86 70 120379 1
99 71 120530 1
94 40 120582 1
93 40 120583 1
75 36 120594 1
77 58 120613 0
99 72 120627 1
76 93 120640 0
103 87 120656 1
71 94 120689 0
95 93 120716 0
69 72 120762 1
81 72 120762 1
82 58 120779 0
42 100 120779 0
95 46 120848 1
97 71 120870 1
77 94 120998 0
94 70 121061 1
95 41 121082 1
104 84 121178 1
91 36 121228 1
53 63 121270 0
88 70 121273 1
24 80 121296 1
71 34 121320 1
40 91 121349 0
97 70 121369 1
75 95 121388 0
104 79 121425 1
41 90 121433 0
25 54 121434 0
79 94 121462 0
92 36 121482 1
99 92 121507 0
51 103 121523 0
62 99 121533 0
93 71 121540 1
93 39 121540 1
78 73 121540 1
90 70 121541 1
32 56 121542 0
36 59 121543 0
50 73 121561 0
35 57 121565 0
80 93 121578 0
93 70 121660 1
88 34 121667 1
20 48 121681 0
67 32 121693 1
81 71 121699 1
31 56 121701 0
23 51 121708 0
20 49 121719 0
80 57 121810 0
20 38 121816 0
83 92 121858 0
49 102 121877 0
48 40 121920 1
59 101 121942 0
42 95 121949 0
78 57 121960 0
21 49 122012 0
47 61 122077 0
43 98 122133 0
81 93 122156 0
75 58 122190 0
70 64 122191 1
63 32 122195 1
43 62 122219 0
21 47 122227 0
76 94 122252 0
70 66 122254 1
94 41 122302 1
43 39 122311 1
94 94 122316 0
73 34 122339 1
45 100 122353 0
22 51 122393 0
49 41 122418 1
46 104 122422 0
46 39 122452 1
64 97 122468 0
37 37 122472 1
103 86 122495 1
36 38 122496 1
71 75 122528 1
49 78 122537 0
30 55 122602 0
36 57 122612 0
31 57 122683 0
98 73 122687 1
98 70 122687 1
73 35 122702 1
69 33 122711 1
43 95 122737 0
45 103 122761 0
101 72 122842 1
43 38 122855 1
93 37 122870 1
49 76 122905 0
66 96 122928 0
51 70 122946 0
42 38 122978 1
43 97 122978 0
47 40 122978 1
27 53 122988 0
51 68 123061 0
71 33 123076 1
74 36 123123 1
89 70 123141 1
73 33 123150 1
32 36 123191 1
77 93 123220 0
93 94 123224 0
75 73 123247 1
76 58 123254 0
50 71 123306 0
25 53 123309 0
48 61 123311 0
85 34 123334 1
81 57 123399 0
94 95 123426 0
73 113 123438 1
33 57 123504 0
67 97 123554 0
42 61 123575 0
41 97 123589 0
69 94 123668 0
21 42 123675 0
41 89 123683 0
72 34 123694 1
82 92 123705 0
52 68 123708 0
42 37 123711 1
88 33 123743 1
41 96 123745 0
21 50 123754 0
67 33 123766 1
64 98 123778 0
41 93 123792 0
75 93 123795 0
26 35 123837 1
47 62 123859 0
70 33 123895 1
40 61 123907 0
25 58 123911 0
103 82 123932 1
20 43 124011 0
103 79 124027 1
53 102 124043 0
103 80 124088 1
83 58 124089 0
49 101 124110 0
78 57 124151 0
58 102 124196 0
52 64 124207 0
45 98 124224 0
31 36 124369 1
74 93 124377 0
97 93 124406 0
90 34 124427 1
32 56 124471 0
43 96 124489 0
45 99 124510 0
69 73 124542 1
34 57 124562 0
17 46 124585 0
34 37 124594 1
48 41 124624 1
41 95 124631 0
65 32 124631 1
103 85 124646 1
44 38 124681 1
93 38 124735 1
71 74 124735 1
39 61 124774 0
71 93 124778 0
54 39 124815 1
55 39 124824 1
29 55 124853 0
50 103 124880 0
60 100 124971 0
82 71 124981 1
80 57 125011 0
62 33 125036 1
92 37 125036 1
95 70 125090 1
28 36 125099 1
77 97 125118 0
70 96 125194 0
53 63 125199 0
96 70 125247 1
54 40 125254 1
39 37 125271 1
39 59 125282 0
55 105 125309 0
22 50 125352 0
41 91 125355 0
48 101 125363 0
39 86 125480 0
33 37 125497 1
40 92 125508 0
75 35 125515 1
49 61 125557 0
87 34 125602 1
20 45 125636 0
91 35 125679 1
47 39 125690 1
50 40 125695 1
52 104 125737 0
64 33 125760 1
14 16 125773 0
40 86 125782 0
43 100 125800 0
71 62 125856 1
86 33 125862 1
36 57 125877 0
84 93 125911 0
21 47 125970 0
35 36 126011 1
66 32 126022 1
27 35 126042 1
47 99 126092 0
101 73 126103 1
95 43 126210 1
90 94 126262 0
51 69 126291 0
38 62 126301 0
102 75 126351 1
36 58 126351 0
21 48 126362 0
68 32 126371 1
41 62 126386 0
17 52 126391 0
32 57 126415 0
36 62 126471 0
49 71 126477 0
42 86 126479 0
100 73 126514 1
88 55 126532 0
31 56 126535 0
92 70 126540 1
71 73 126658 1
95 44 126730 1
85 33 126783 1
62 34 126840 1
86 34 126866 1
80 36 126880 1
78 36 126883 1
25 36 126904 1
95 40 126914 1
42 97 126973 0
81 57 127072 0
91 70 127106 1
45 100 127108 0
91 94 127126 0
39 36 127187 1
76 94 127231 0
100 72 127238 1
35 37 127435 1
45 39 127514 1
20 42 127543 0
76 58 127568 0
73 36 127589 1
19 44 127627 0
74 35 127628 1
25 53 127636 0
80 60 127655 0
51 65 127658 0
63 98 127755 0
90 35 127760 1
94 69 127773 1
65 97 127785 0
62 98 127790 0
103 78 127811 1
104 81 127891 1
86 69 127951 1
29 36 128018 1
35 57 128176 0
77 36 128223 1
78 57 128329 0
45 62 128349 0
34 56 128364 0
77 35 128424 1
21 50 128526 0
76 36 128555 1
26 55 128560 0
25 55 128606 0
73 113 128607 0
20 46 128666 0
77 71 128680 1
68 33 128710 1
50 102 128711 0
49 74 128742 0
23 36 128790 1
22 51 128860 0
83 34 128932 1
33 36 128977 1
51 103 128981 0
90 54 128982 0
23 51 128999 0
31 37 129067 1
80 35 129093 1
64 36 129113 1
64 32 129113 1
27 36 129130 1
91 36 129154 1
94 40 129178 1
21 52 129226 0
41 36 129228 1
53 66 129307 0
23 52 129375 0
102 76 129462 1
32 56 129520 0
92 69 129557 1
43 61 129557 0
103 77 129578 1
43 37 129617 1
22 56 129690 0
53 65 129710 0
70 68 129789 1
95 42 129820 1
102 89 129853 1
21 46 129888 0
21 48 129888 0
103 76 130013 1
70 63 130052 1
49 61 130160 0
61 32 130217 1
82 70 130255 1
38 37 130277 1
26 56 130350 0
70 71 130359 1
7 28 130388 1
46 103 130408 0
85 70 130458 1
82 34 130531 1
94 39 130582 1
70 69 130643 1
30 36 130659 1
78 35 130706 1
41 37 130751 1
49 40 130814 1
99 72 130943 1
34 56 131019 0
94 46 131019 1
90 94 131177 0
87 70 131290 1
43 38 131390 1
69 32 131393 1
91 94 131498 0
44 98 131503 0
103 83 131508 1
94 48 131678 1
77 57 131700 0
50 102 131717 0
29 56 131768 0
50 103 131850 0
69 72 131865 1
20 49 132172 0
26 36 132212 1
104 80 132228 1
103 84 132269 1
30 55 132289 0
97 92 132371 0
47 103 132481 0
27 55 132494 0
95 93 132519 0
94 41 132592 1
49 60 132609 0
79 58 132643 0
98 92 132647 0
90 36 132686 1
89 93 132738 0
89 34 132754 1
41 61 132762 0
23 53 132801 0
75 57 132856 0
49 73 132875 0
69 95 132922 0
93 39 132956 1
102 74 132963 1
90 95 132978 0
37 58 133096 0
21 49 133097 0
46 61 133139 0
80 57 133162 0
69 96 133256 0
51 40 133331 1
95 94 133337 0
97 70 133339 1
83 33 133343 1
19 52 133383 0
34 56 133401 0
61 33 133478 1
104 83 133516 1
51 72 133535 0
100 71 133618 1
44 61 133622 0
94 70 133666 1
23 52 133683 0
90 70 133716 1
93 70 133783 1
18 45 133811 0
87 93 133815 0
29 37 133825 1
87 69 133841 1
28 56 133888 0
43 95 133891 0
76 93 133907 0
40 58 133942 0
84 57 134030 0
43 61 134057 0
92 36 134166 1
104 77 134174 1
70 70 134197 1
73 113 134205 1
89 69 134330 1
21 46 134335 0
99 71 134371 1
76 72 134371 1
28 53 134397 0
77 57 134458 0
69 67 134467 1
69 33 134467 1
66 33 134467 1
71 94 134481 0
93 49 134559 1
71 34 134615 1
72 73 134635 1
71 67 134636 1
104 82 134653 1
84 33 134670 1
41 87 134682 0
98 71 134683 1
70 32 134700 1
79 36 134712 1
44 99 134818 0
47 61 134821 0
76 58 134822 0
75 36 134860 1
41 38 134866 1
21 48 134872 0
70 72 134874 1
33 35 134910 1
73 35 134942 1
44 98 134956 0
81 34 134990 1
96 69 134992 1
50 102 135070 0
91 69 135074 1
90 69 135083 1
71 65 135128 1
76 73 135175 1
88 70 135191 1
86 70 135257 1
76 35 135291 1
93 69 135296 1
51 39 135307 1
67 32 135308 1
87 33 135315 1
48 39 135365 1
104 79 135369 1
29 35 135373 1
47 40 135376 1
49 101 135415 0
45 100 135426 0
93 38 135478 1
53 65 135486 0
104 81 135576 1
40 37 135635 1
96 46 135669 1
63 98 135671 0
99 91 135685 0
103 74 135688 1
91 34 135714 1
95 45 135714 1
33 34 135721 1
81 57 135751 0
72 34 135770 1
83 92 135804 0
41 90 135865 0
81 35 135887 1
74 35 135895 1
76 94 135910 0
49 102 135962 0
30 38 135979 1
36 36 135982 1
90 34 135983 1
50 41 136009 1
46 61 136033 0
43 39 136051 1
25 37 136084 1
96 70 136093 1
97 71 136094 1
36 59 136132 0
91 37 136268 1
72 33 136295 1
40 36 136321 1
27 55 136326 0
95 70 136370 1
48 40 136370 1
90 94 136375 0
34 56 136383 0
71 64 136385 1
104 78 136393 1
45 98 136397 0
37 56 136400 0
27 53 136419 0
89 93 136478 0
89 70 136478 1
41 62 136499 0
59 100 136505 0
32 35 136513 1
93 36 136535 1
71 71 136551 1
21 50 136613 0
75 57 136634 0
103 77 136637 1
46 39 136641 1
122 77 136663 1
52 69 136691 0
83 70 136709 1
53 63 136810 0
81 93 136810 0
89 33 136810 1
75 93 136882 0
91 35 136895 1
88 93 136907 0
71 61 136930 1
101 73 136936 1
74 93 136959 0
74 95 136962 0
87 34 136963 1
50 73 136972 0
43 97 136997 0
84 70 137007 1
91 94 137008 0
91 71 137027 1
80 71 137046 1
82 92 137078 0
25 54 137084 0
93 37 137108 1
52 67 137119 0
38 36 137145 1
32 36 137189 1
70 66 137237 1
29 55 137257 0
103 88 137314 1
38 59 137362 0
41 86 137372 0
48 78 137380 0
85 69 137403 1
71 33 137454 1
71 66 137455 1
77 93 137471 0
44 61 137473 0
45 38 137483 1
39 59 137507 0
92 70 137581 1
81 70 137599 1
78 57 137607 0
78 58 137609 0
71 72 137616 1
43 96 137711 0
73 34 137732 1
45 39 137753 1
36 57 137780 0
88 33 137800 1
49 61 137816 0
103 75 137820 1
47 60 137827 0
28 35 137835 1
22 50 137839 0
37 37 137849 1
100 72 137966 1
36 37 137993 1
75 72 138075 1
21 47 138096 0
34 35 138096 1
83 71 138096 1
25 35 138119 1
79 34 138124 1
39 96 138145 0
105 96 138158 1
91 70 138159 1
20 43 138189 0
29 57 138199 0
50 40 138224 1
97 68 138247 1
77 57 138252 0
59 102 138264 0
97 70 138306 1
78 94 138341 0
21 42 138349 0
95 47 138479 1
23 52 138530 0
95 44 138549 1
101 72 138590 1
30 55 138676 0
25 53 138686 0
48 61 138727 0
20 39 138729 0
53 102 138747 0
50 102 138752 0
89 34 138759 1
43 61 138816 0
66 32 138832 1
45 99 138832 0
91 36 138849 1
24 37 138865 1
65 32 138879 1
37 36 138920 1
41 89 138925 0
92 93 138978 0
32 56 139031 0
80 93 139051 0
95 43 139053 1
74 14 139053 1
46 61 139054 0
57 101 139057 0
21 46 139059 0
42 37 139175 1
44 98 139208 0
31 36 139212 1
44 70 139222 1
44 99 139222 0
47 39 139233 1
27 34 139241 1
28 56 139321 0
80 57 139324 0
27 54 139369 0
44 38 139398 1
34 56 139512 0
94 44 139513 1
27 37 139573 1
27 55 139611 0
63 32 139615 1
47 99 139616 0
95 46 139620 1
79 35 139652 1
70 33 139677 1
47 104 139734 0
95 41 139740 1
89 94 139742 0
101 74 139758 1
103 78 139783 1
34 37 139848 1
51 75 139930 0
43 36 139980 1
75 35 140015 1
31 35 140083 1
77 72 140105 1
44 37 140107 1
103 76 140299 1
74 73 140301 1
49 74 140313 0
52 39 140390 1
68 33 140397 1
75 34 140516 1
94 38 140526 1
21 48 140542 0
103 79 140566 1
80 58 140570 0
74 34 140637 1
48 101 140665 0
46 63 140668 0
94 40 140733 1
104 84 140737 1
52 104 140911 0
88 93 141064 0
40 58 141115 0
89 93 141172 0
44 61 141202 0
26 35 141208 1
96 94 141331 0
85 33 141343 1
41 91 141365 0
50 70 141488 0
27 35 141493 1
55 102 141550 0
29 35 141593 1
19 45 141595 0
63 33 141616 1
46 100 141768 0
71 63 141819 1
43 92 141872 0
90 52 141875 0
92 93 141918 0
104 80 141923 1
41 100 141946 0
24 53 141977 0
71 73 142044 1
24 36 142179 1
103 85 142230 1
21 52 142262 0
74 58 142265 0
24 35 142331 1
38 59 142363 0
105 77 142370 1
31 56 142407 0
35 36 142447 1
37 57 142465 0
41 94 142520 0
54 38 142535 1
71 74 142539 1
23 48 142688 0
25 52 142702 0
43 95 142710 0
71 93 142975 0
78 58 142997 0
68 32 143033 1
42 94 143038 0
92 37 143062 1
27 54 143174 0
23 51 143176 0
33 37 143207 1
33 36 143229 1
95 42 143236 1
125 98 143276 1
100 70 143285 1
53 39 143286 1
64 32 143308 1
33 55 143368 0
57 100 143385 0
73 93 143447 0
94 37 143462 1
94 39 143539 1
85 34 143586 1
71 95 143633 0
27 55 143683 0
44 63 143697 0
30 37 143723 1
73 73 143767 1
60 34 143808 1
35 35 143862 1
49 60 143896 0
88 69 143955 1
71 67 144014 1
42 38 144099 1
43 38 144099 1
28 56 144165 0
47 40 144316 1
46 61 144416 0
39 57 144433 0
70 71 144528 1
44 99 144537 0
49 40 144616 1
40 90 144683 0
25 59 144822 0
50 63 144870 0
75 57 144884 0
69 33 144950 1
40 100 144957 0
49 69 144975 0
86 33 145001 1
27 56 145056 0
45 82 145128 1
36 56 145162 0
57 102 145198 0
42 95 145215 0
37 57 145329 0
85 55 145401 0
79 93 145435 0
22 53 145496 0
87 70 145508 1
80 92 145618 0
25 52 145829 0
46 100 145882 0
81 71 145985 1
28 53 146043 0
62 32 146090 1
95 93 146152 0
14 47 146308 0
44 61 146525 0
84 94 146546 0
23 52 146567 0
42 91 146623 0
35 58 146631 0
92 93 146638 0
39 65 146648 0
53 66 146819 0
34 36 146835 1
42 94 146894 0
88 93 146971 0
87 69 147028 1
77 57 147113 0
63 98 147115 0
90 35 147123 1
51 104 147170 0
95 69 147171 1
64 33 147217 1
10 35 147304 0
46 62 147382 0
44 100 147416 0
89 94 147417 0
55 102 147418 0
94 94 147424 0
94 70 147661 1
24 53 147968 0
77 56 148014 0
87 55 148017 0
38 59 148130 0
26 57 148139 0
36 56 148211 0
49 101 148215 0
23 37 148225 1
90 94 148346 0
103 86 148362 1
78 71 148660 1
21 39 148726 0
64 97 148760 0
50 102 148865 0
54 39 148969 1
25 52 149015 0
69 94 149106 0
95 68 149117 1
39 37 149142 1
82 71 149145 1
46 101 149147 0
41 37 149216 1
37 56 149220 0
51 70 149384 0
90 34 149404 1
20 42 149425 0
34 56 149465 0
27 54 149576 0
27 53 149641 0
52 68 149777 0
46 100 149819 0
73 94 149819 0
43 61 149849 0
76 97 149861 0
91 92 149913 0
78 58 149965 0
42 104 150021 0
42 64 150096 0
33 58 150108 0
37 57 150147 0
79 93 150148 0
29 55 150210 0
48 103 150253 0
45 106 150305 0
53 65 150337 0
45 98 150360 0
75 94 150372 0
86 34 150391 1
83 95 150426 0
28 56 150435 0
74 33 150453 1
73 74 150472 1
82 92 150619 0
53 103 150660 0
96 93 150768 0
79 95 150873 0
29 36 150907 1
74 58 150989 0
102 74 151000 1
91 94 151005 0
27 55 151009 0
44 98 151090 0
42 90 151168 0
96 94 151219 0
27 57 151344 0
69 72 151366 1
93 39 151486 1
21 46 151626 0
49 39 151634 1
39 60 151757 0
34 57 151781 0
73 93 151828 0
46 103 151923 0
42 94 151997 0
92 69 152179 1
48 100 152253 0
21 49 152274 0
47 100 152289 0
50 39 152309 1
99 71 152311 1
93 38 152380 1
85 93 152455 0
93 70 152490 1
40 60 152603 0
100 71 152746 1
92 36 152840 1
42 36 152854 1
90 95 152877 0
50 103 153024 0
47 60 153104 0
36 56 153212 0
79 57 153308 0
42 91 153445 0
90 70 153792 1
40 90 153803 0
95 48 153875 1
70 69 154098 1
42 96 154149 0
72 34 154190 1
71 34 154271 1
24 53 154411 0
40 37 154434 1
73 94 154535 0
20 47 154729 0
97 35 154807 1
67 33 154906 1
97 92 155034 0
104 85 155194 1
89 93 155267 0
96 70 155523 1
87 92 155653 0
48 62 155786 0
77 36 155851 1
85 70 155992 1
94 69 156018 1
36 68 156060 0
96 93 156222 0
51 102 156228 0
45 39 156263 1
25 36 156280 1
69 32 156333 1
67 32 156368 1
102 90 156373 1
45 61 156644 0
104 82 156668 1
49 41 156679 1
87 33 156696 1
46 39 156711 1
103 87 156875 1
48 100 156909 0
47 100 156916 0
26 53 156963 0
41 59 157174 0
35 56 157242 0
36 38 157285 1
25 52 157312 0
50 72 157441 0
75 94 157443 0
46 100 157460 0
39 36 157666 1
92 94 157726 0
79 57 157746 0
95 39 157798 1
69 38 157873 1
30 36 157896 1
71 62 157931 1
40 60 158125 0
75 73 158152 1
101 73 158280 1
54 40 158341 1
95 70 158385 1
104 81 158401 1
94 93 158495 0
79 92 158562 0
104 79 158608 1
85 93 158655 0
48 65 158719 0
119 56 158774 1
103 77 158799 1
43 85 158820 0
83 93 158865 0
104 83 158927 1
51 40 159029 1
93 37 159090 1
39 60 159129 0
43 37 159150 1
105 81 159171 1
80 92 159184 0
86 69 159188 1
99 70 159310 1
67 31 159344 1
91 35 159360 1
89 69 159405 1
81 92 159408 0
97 70 159416 1
79 93 159564 0
76 93 159582 0
92 35 159627 1
42 87 159634 0
78 57 159683 0
76 34 159692 1
103 76 159871 1
83 92 159877 0
74 35 159901 1
89 34 160007 1
70 72 160014 1
32 36 160163 1
93 69 160174 1
90 69 160190 1
96 45 160192 1
91 69 160212 1
95 40 160237 1
96 43 160248 1
95 43 160248 1
98 92 160268 0
103 75 160271 1
98 70 160278 1
95 42 160333 1
104 77 160380 1
74 93 160380 0
55 102 160391 0
73 33 160434 1
90 53 160477 0
104 80 160490 1
94 38 160516 1
92 93 160532 0
95 45 160543 1
101 72 160556 1
89 53 160574 0
87 92 160588 0
95 44 160595 1
76 35 160598 1
81 57 160616 0
32 57 160623 0
21 44 160640 0
73 60 160655 0
71 33 160705 1
46 38 160716 1
77 35 160719 1
42 90 160734 0
82 57 160742 0
70 32 160750 1
19 42 160766 0
83 69 160784 1
92 36 160785 1
102 73 160789 1
22 52 160824 0
97 69 160834 1
83 33 160839 1
82 69 160928 1
82 33 161002 1
41 90 161004 0
101 73 161006 1
80 57 161010 0
78 35 161019 1
58 101 161023 0
75 93 161027 0
91 93 161082 0
42 85 161108 0
96 69 161167 1
88 33 161228 1
92 70 161286 1
20 47 161320 0
119 98 161346 1
51 102 161358 0
104 82 161362 1
80 70 161368 1
97 93 161384 0
80 35 161385 1
100 71 161417 1
74 72 161452 1
83 34 161472 1
71 65 161489 1
84 33 161495 1
100 72 161516 1
53 102 161519 0
38 58 161533 0
80 34 161551 1
44 61 161557 0
38 59 161597 0
41 59 161601 0
41 93 161604 0
75 35 161633 1
43 86 161651 0
99 92 161681 0
38 57 161684 0
73 94 161697 0
89 97 161698 0
77 93 161722 0
71 94 161724 0
20 52 161740 0
47 99 161743 0
35 56 161766 0
73 34 161780 1
62 98 161790 0
72 73 161825 1
95 41 161855 1
90 34 161889 1
48 39 161891 1
26 53 161893 0
30 55 161921 0
40 58 161921 0
47 39 161921 1
46 98 161922 0
79 57 161940 0
84 32 161965 1
51 72 161988 0
91 70 162005 1
89 33 162024 1
99 71 162051 1
104 81 162076 1
55 39 162103 1
103 74 162104 1
21 47 162129 0
21 42 162181 0
41 36 162258 1
82 70 162293 1
45 61 162337 0
104 84 162346 1
94 93 162349 0
71 73 162362 1
50 40 162364 1
69 31 162365 1
45 38 162406 1
0 102 162456 0
41 87 162482 0
47 100 162483 0
28 57 162492 0
102 74 162499 1
102 72 162517 1
85 57 162528 0
20 41 162535 0
21 48 162547 0
95 93 162554 0
71 68 162619 1
67 96 162631 0
84 69 162633 1
41 38 162640 1
95 69 162646 1
27 36 162664 1
37 56 162695 0
91 35 162724 1
71 64 162740 1
93 36 162766 1
42 86 162769 0
66 96 162774 0
42 96 162798 0
87 94 162864 0
97 70 162892 1
94 39 162899 1
66 32 162922 1
39 57 162938 0
48 100 162941 0
74 34 162942 1
49 101 162969 0
65 31 162978 1
43 92 163025 0
40 36 163033 1
86 32 163051 1
77 34 163078 1
71 66 163094 1
65 32 163102 1
28 35 163108 1
91 34 163163 1
85 69 163172 1
87 34 163209 1
71 93 163268 0
33 55 163283 0
48 64 163286 0
74 93 163296 0
91 92 163315 0
89 69 163362 1
93 37 163374 1
44 96 163397 0
71 61 163413 1
94 69 163428 1
49 60 163455 0
43 38 163472 1
37 57 163488 0
77 56 163496 0
104 79 163497 1
97 92 163497 0
72 33 163497 1
62 99 163513 0
82 92 163516 0
51 39 163555 1
65 97 163586 0
47 61 163600 0
89 34 163612 1
39 59 163626 0
43 95 163627 0
94 96 163690 0
36 56 163704 0
74 35 163704 1
44 101 163709 0
44 38 163729 1
104 78 163731 1
20 57 163746 0
70 32 163781 1
87 69 163782 1
72 32 163809 1
38 36 163817 1
43 96 163852 0
36 36 163859 1
47 60 163862 0
93 70 163863 1
73 93 163891 0
67 32 163894 1
23 48 163899 0
80 92 163934 0
90 69 163950 1
66 31 163957 1
28 53 163963 0
36 35 163969 1
46 61 163975 0
44 99 164005 0
71 32 164008 1
81 92 164047 0
42 67 164047 1
42 37 164047 1
91 69 164079 1
79 92 164086 0
93 38 164099 1
21 44 164130 0
103 76 164136 1
38 57 164177 0
71 72 164200 1
26 34 164220 1
52 69 164242 0
72 60 164244 1
38 37 164253 1
42 99 164265 0
33 35 164270 1
49 40 164272 1
82 34 164285 1
76 72 164300 1
70 70 164311 1
87 92 164315 0
85 33 164335 1
41 89 164335 0
74 57 164360 0
41 88 164434 0
90 70 164450 1
40 35 164453 1
93 94 164489 0
87 32 164493 1
41 35 164510 1
40 90 164513 0
84 70 164516 1
32 35 164559 1
89 94 164576 0
80 71 164615 1
98 69 164634 1
81 69 164651 1
40 60 164657 0
27 53 164691 0
21 38 164711 0
92 94 164725 0
68 33 164730 1
83 92 164733 0
96 93 164744 0
70 31 164752 1
30 55 164756 0
41 59 164783 0
46 37 164789 1
49 61 164809 0
47 38 164818 1
27 54 164823 0
46 98 164864 0
22 50 164870 0
64 32 164919 1
44 36 164921 1
101 72 165007 1
29 35 165031 1
91 93 165047 0
22 51 165050 0
92 36 165114 1
37 36 165128 1
37 37 165215 1
99 70 165229 1
48 101 165240 0
81 34 165273 1
53 66 165274 0
42 91 165278 0
94 37 165342 1
103 75 165351 1
105 36 165354 1
105 82 165354 1
39 35 165380 1
95 40 165456 1
40 58 165460 0
75 57 165469 0
35 56 165486 0
25 52 165493 0
94 38 165503 1
102 88 165516 1
96 41 165517 1
50 73 165555 0
98 70 165555 1
42 90 165564 0
22 39 165568 0
32 56 165578 0
27 35 165597 1
43 36 165602 1
29 36 165633 1
95 42 165661 1
31 35 165662 1
21 47 165672 0
95 46 165672 1
63 32 165700 1
49 39 165702 1
36 57 165740 0
35 36 165746 1
92 69 165750 1
79 36 165750 1
47 40 165754 1
45 98 165755 0
34 35 165871 1
70 71 165889 1
100 71 165891 1
82 57 165893 0
68 95 165895 0
101 73 165913 1
76 93 165927 0
71 65 166005 1
52 39 166042 1
73 35 166043 1
38 58 166085 0
52 103 166095 0
21 46 166102 0
104 76 166110 1
47 39 166115 1
47 99 166123 0
42 94 166141 0
51 102 166164 0
21 42 166211 0
71 63 166221 1
34 37 166221 1
29 53 166231 0
75 33 166262 1
24 50 166294 0
26 53 166319 0
29 34 166348 1
85 93 166349 0
57 102 166364 0
45 39 166403 1
44 37 166417 1
78 34 166447 1
77 71 166448 1
30 35 166483 1
44 96 166501 0
34 36 166543 1
24 53 166571 0
24 51 166576 0
79 70 166587 1
81 33 166607 1
78 70 166610 1
104 80 166611 1
30 35 166611 1
50 39 166617 1
74 73 166714 1
78 93 166729 0
46 38 166730 1
30 35 166736 1
49 102 166739 0
23 47 166791 0
45 38 166804 1
31 34 166828 1
30 35 166858 1
55 104 166863 0
104 77 166919 1
37 56 166937 0
38 57 166939 0
105 79 166942 1
95 43 166945 1
30 35 166966 1
45 81 167015 1
71 33 167019 1
101 71 167038 1
71 70 167099 1
30 35 167099 1
30 35 167223 1
57 101 167228 0
73 73 167254 1
83 93 167262 0
73 33 167339 1
41 60 167343 0
41 86 167359 0
26 35 167359 1
30 35 167363 1
42 87 167375 0
33 36 167391 1
104 83 167425 1
43 37 167457 1
104 85 167460 1
95 38 167460 1
53 38 167487 1
30 35 167508 1
48 39 167512 1
103 77 167585 1
88 33 167596 1
21 44 167602 0
30 35 167644 1
42 36 167721 1
93 69 167751 1
25 53 167769 0
30 35 167807 1
39 36 167812 1
48 100 167819 0
86 69 167866 1
37 35 167893 1
75 93 167904 0
30 35 167977 1
44 82 168065 1
46 100 168078 0
30 35 168110 1
25 35 168130 1
75 34 168178 1
34 56 168186 0
94 93 168210 0
75 35 168213 1
30 35 168282 1
25 51 168317 0
39 60 168350 0
71 62 168392 1
53 63 168428 0
76 56 168431 0
30 35 168465 1
68 32 168494 1
39 57 168501 0
88 69 168557 1
20 45 168562 0
43 97 168583 0
96 69 168604 1
46 98 168633 0
30 35 168639 1
71 73 168649 1
33 55 168696 0
45 99 168716 0
41 62 168769 0
24 50 168784 0
50 72 168791 0
30 35 168828 1
88 93 168860 0
104 82 168926 1
30 35 169032 1
79 35 169079 1
46 65 169084 0
79 57 169122 0
95 41 169134 1
85 70 169164 1
72 61 169171 1
59 101 169189 0
91 35 169192 1
22 52 169193 0
29 55 169251 0
30 35 169260 1
27 55 169290 0
72 73 169349 1
85 55 169358 0
90 33 169371 1
41 91 169450 0
53 60 169459 0
39 92 169462 0
96 70 169489 1
48 62 169500 0
49 103 169501 0
47 100 169515 0
33 59 169521 0
53 102 169529 0
48 78 169531 0
69 32 169546 1
81 56 169572 0
90 34 169596 1
30 35 169605 1
42 60 169672 0
28 56 169677 0
46 63 169681 0
22 46 169682 0
91 93 169737 0
73 34 169774 1
69 97 169813 0
47 60 169833 0
42 61 169844 0
41 59 169902 0
25 56 169925 0
88 54 169927 0
21 39 169928 0
84 56 169967 0
30 35 170003 1
44 96 170057 0
42 58 170085 0
98 91 170088 0
21 50 170090 0
28 53 170125 0
51 103 170127 0
30 56 170135 0
24 51 170154 0
20 51 170187 0
31 56 170223 0
41 37 170240 1
45 100 170277 0
91 52 170277 0
38 57 170293 0
35 61 170317 0
40 59 170323 0
18 48 170330 0
49 64 170332 0
23 48 170355 0
38 58 170366 0
55 103 170436 0
44 35 170453 1
30 35 170488 1
33 37 170528 1
23 51 170600 0
87 96 170709 0
49 59 170734 0
45 61 170777 0
35 56 170833 0
72 34 170930 1
22 49 170939 0
30 35 171140 1
96 94 171190 0
49 101 171299 0
75 94 171320 0
41 36 171359 1
95 69 171369 1
20 47 171378 0
20 46 171388 0
85 32 171418 1
43 60 171497 0
36 56 171498 0
63 99 171511 0
71 66 171550 1
91 34 171674 1
23 64 171729 0
41 90 171754 0
25 51 171769 0
93 36 171810 1
27 34 171815 1
38 35 171832 1
41 88 171905 0
28 35 171936 1
24 50 171943 0
84 93 172005 0
97 69 172009 1
81 91 172060 0
78 35 172183 1
93 37 172201 1
95 44 172230 1
30 35 172244 1
92 94 172247 0
71 64 172257 1
41 60 172296 0
95 39 172407 1
35 35 172703 1
103 85 172744 1
78 93 172763 0
45 60 172775 0
92 35 172860 1
40 37 172873 1
22 46 172902 0
59 35 172945 1
75 72 172951 1
97 70 173085 1
69 33 173088 1
54 39 173172 1
23 55 173172 0
91 92 173245 0
48 102 173253 0
77 56 173270 0
76 56 173300 0
42 60 173351 0
47 101 173380 0
41 85 173401 0
104 81 173419 1
87 92 173448 0
100 70 173473 1
66 97 173565 0
45 37 173569 1
99 91 173586 0
84 91 173662 0
43 38 173714 1
50 102 173774 0
41 58 173815 0
28 52 173818 0
22 48 173825 0
50 40 173894 1
81 35 173898 1
104 75 173910 1
74 34 173962 1
83 32 173965 1
53 60 174001 0
24 51 174024 0
55 38 174136 1
84 56 174166 0
52 63 174251 0
64 97 174318 0
94 36 174320 1
68 95 174324 0
31 36 174351 1
52 61 174419 0
21 58 174443 0
22 49 174454 0
30 35 174550 1
43 99 174707 0
30 36 174730 1
40 59 174779 0
51 75 174908 0
79 92 175032 0
43 92 175118 0
51 40 175160 1
40 60 175162 0
81 59 175193 0
46 81 175195 1
88 92 175205 0
39 94 175209 0
47 65 175301 0
40 36 175334 1
25 52 175370 0
26 53 175396 0
51 71 175452 0
93 35 175494 1
43 60 175569 0
89 34 175595 1
103 84 175595 1
79 56 175606 0
89 95 175608 0
43 59 175615 0
30 56 175615 0
104 79 175644 1
80 57 175644 0
82 57 175662 0
49 60 175676 0
95 45 175699 1
53 65 175728 0
72 94 175734 0
38 58 175736 0
42 37 175757 1
89 33 175773 1
40 62 175787 0
104 84 175796 1
94 69 175868 1
81 56 175910 0
57 100 175952 0
49 106 175959 0
21 44 176017 0
21 55 176048 0
82 71 176112 1
45 102 176126 0
34 60 176189 0
42 86 176203 0
37 58 176242 0
21 51 176261 0
27 53 176281 0
81 70 176308 1
21 46 176372 0
49 40 176387 1
69 94 176420 0
44 96 176436 0
29 53 176438 0
43 84 176451 0
96 43 176461 1
44 66 176464 0
51 63 176535 0
51 102 176561 0
38 57 176580 0
81 57 176586 0
87 69 176609 1
85 92 176636 0
42 106 176641 0
81 92 176660 0
78 71 176679 1
45 60 176682 0
23 47 176691 0
37 57 176800 0
32 58 176819 0
32 35 176825 1
22 46 176900 0
78 57 176932 0
45 97 176961 0
42 60 176973 0
91 93 176981 0
55 72 177067 1
74 93 177107 0
35 92 177169 0
47 102 177199 0
46 98 177199 0
41 58 177248 0
80 92 177330 0
52 67 177496 0
52 66 177508 0
33 68 177545 0
24 50 177572 0
43 98 177592 0
22 49 177598 0
68 31 177650 1
56 100 177659 0
68 98 177676 0
47 59 177686 0
19 43 177686 0
24 57 177715 0
39 63 177722 0
98 92 177728 0
35 62 177733 0
55 102 177759 0
41 60 177775 0
38 94 177794 0
22 48 177807 0
29 56 177839 0
25 51 177866 0
21 42 177866 0
42 90 177882 0
51 64 177909 0
72 96 177961 0
18 39 178007 0
33 60 178047 0
40 58 178058 0
77 94 178072 0
43 95 178089 0
82 92 178116 0
53 60 178214 0
51 39 178263 1
81 58 178268 0
94 38 178283 1
84 57 178338 0
45 98 178417 0
55 68 178419 1
74 57 178440 0
69 7 178476 0
42 87 178511 0
51 72 178554 0
28 60 178581 0
35 57 178590 0
33 57 178591 0
97 95 178614 0
34 64 178634 0
50 71 178686 0
44 98 178688 0
22 52 178701 0
42 96 178710 0
45 64 178743 0
43 59 178761 0
88 92 178775 0
13 52 178833 0
95 47 178834 1
81 71 178896 1
38 63 178897 0
41 99 178927 0
47 99 179026 0
82 56 179057 0
64 31 179076 1
91 33 179145 1
24 51 179156 0
30 55 179227 0
53 62 179304 0
52 68 179312 0
84 56 179336 0
43 60 179367 0
90 69 179427 1
79 45 179475 1
40 59 179507 0
29 63 179510 0
98 93 179620 0
51 67 179660 0
99 71 179661 1
48 102 179766 0
15 48 179786 0
44 105 179791 0
74 33 179802 1
84 91 179872 0
27 54 179934 0
32 34 179972 1
25 54 179988 0
41 88 180016 0
52 38 180017 1
52 105 180050 0
39 99 180059 0
39 57 180088 0
52 61 180161 0
19 55 180175 0
47 101 180212 0
30 56 180218 0
51 69 180232 0
41 63 180257 0
20 43 180291 0
73 93 180431 0
41 92 180495 0
79 56 180551 0
50 68 180602 0
96 42 180606 1
63 98 180661 0
83 70 180688 1
79 93 180784 0
41 59 180789 0
22 49 180825 0
87 56 180882 0
43 94 180884 0
37 55 181065 0
89 69 181083 1
85 92 181107 0
45 97 181161 0
49 65 181360 0
78 93 181555 0
43 86 181566 0
48 74 181595 0
46 64 181635 0
31 64 181673 0
26 52 181676 0
103 73 181690 1
92 93 181696 0
71 72 181699 1
42 91 181746 0
21 48 181791 0
40 88 181889 0
73 94 181920 0
0 102 181974 0
73 95 181977 0
58 101 181991 0
84 33 182096 1
42 60 182146 0
33 35 182166 1
103 74 182176 1
72 94 182319 0
30 34 182353 1
101 72 182964 1
70 32 182996 1
67 32 183448 1
79 94 183500 0
48 38 183593 1
50 60 183605 0
83 33 183657 1
29 35 183702 1
30 35 183781 1
36 36 183830 1
91 69 183852 1
22 48 183892 0
47 38 183901 1
82 56 184146 0
95 42 184225 1
71 32 184289 1
23 35 184350 1
44 97 184362 0
22 49 184417 0
51 61 184435 0
98 70 184544 1
65 32 184853 1
38 36 184982 1
23 50 185101 0
27 35 185205 1
93 68 185207 1
99 68 185267 1
55 39 185331 1
56 38 185335 1
42 35 185399 1
49 1 185419 1
53 62 185421 0
71 67 185492 1
43 94 185714 0
26 52 185800 0
51 60 185815 0
67 31 185828 1
85 68 185835 1
76 35 185968 1
23 49 186100 0
71 71 186226 1
62 10 186229 1
78 92 186339 0
103 76 186361 1
50 39 186402 1
48 39 186438 1
46 38 186528 1
51 73 186606 0
88 32 186630 1
88 92 186748 0
31 35 186789 1
28 55 186910 0
76 71 186944 1
30 56 187023 0
24 49 187126 0
88 54 187144 0
71 61 187280 1
90 92 187403 0
53 36 187470 1
73 32 187524 1
54 63 187812 0
47 39 187823 1
77 35 188048 1
16 53 188135 0
24 35 188387 1
29 26 188560 1
96 92 188601 0
72 62 188602 1
118 28 188627 1
45 96 188682 0
70 63 188824 1
41 92 188882 0
45 60 188917 0
50 60 188946 0
51 59 189011 0
38 58 189250 0
92 36 189350 1
82 70 189424 1
96 68 189597 1
22 49 189614 0
23 50 189757 0
41 58 189810 0
43 59 190079 0
73 92 190347 0
51 60 190594 0
80 35 190681 1
51 71 190811 0
26 52 191245 0
92 69 191279 1
44 97 191294 0
23 49 191321 0
95 40 191702 1
36 35 191705 1
93 33 191904 1
90 92 192011 0
28 34 192028 1
42 88 192208 0
96 37 192212 1
5 91 192212 1
52 62 192399 0
43 37 192516 1
84 69 192683 1
36 39 192772 1
81 37 192784 1
24 49 192792 0
44 37 192819 1
102 73 192843 1
37 59 192973 0
100 71 193086 1
102 72 193218 1
23 55 193242 0
47 101 193313 0
77 92 193499 0
28 55 193777 0
54 63 193882 0
49 39 194112 1
91 68 194327 1
76 34 194398 1
52 72 194575 0
52 61 194579 0
25 50 194879 0
102 71 194933 1
79 96 195161 0
48 102 195201 0
85 33 195251 1
119 91 195489 1
83 69 195540 1
48 100 195571 0
23 50 195586 0
103 75 195591 1
75 71 195877 1
48 60 196202 0
65 31 196253 1
22 43 196324 0
72 93 196408 0
66 31 197088 1
43 60 197144 0
43 36 197252 1
52 39 197387 1
27 32 197389 1
37 36 197404 1
77 93 197520 0
72 32 197816 1
39 29 197819 1
42 60 197833 0
52 101 197925 0
86 92 198046 0
104 76 198157 1
104 77 198204 1
50 74 198282 0
35 36 198330 1
53 61 198370 0
88 33 198580 1
99 69 198663 1
90 32 198664 1
99 70 198666 1
45 38 198865 1
20 44 198885 0
22 47 198894 0
94 37 199035 1
98 69 199072 1
34 36 199072 1
85 56 199092 0
104 86 199113 1
52 70 199182 0
71 68 199303 1
61 99 199324 0
70 93 199349 0
96 69 199357 1
62 32 199368 1
93 36 199391 1
47 98 199475 0
44 95 199491 0
46 97 199552 0
95 41 199597 1
101 71 199648 1
71 31 199698 1
90 92 199770 0
85 69 199799 1
90 68 199865 1
71 69 199866 1
95 69 199918 1
96 92 199919 0
102 70 199953 1
66 93 199962 1
50 101 199994 0
0 0 200010 0
