30 41 0 1
90 52 91 1
60 42 94 1
35 41 197 1
80 105 255 0
55 94 281 0
23 60 309 0
70 76 327 1
15 49 328 0
80 65 391 0
53 63 419 0
43 42 460 1
65 101 487 0
81 85 578 1
94 58 581 1
89 86 611 1
55 73 656 0
60 43 687 1
15 52 700 0
67 44 744 1
57 97 875 0
15 55 905 0
29 62 1011 0
84 49 1018 1
35 42 1127 1
74 84 1141 1
21 41 1174 1
58 96 1217 0
73 43 1235 1
53 84 1236 0
51 64 1250 0
90 53 1297 1
24 61 1333 0
20 61 1343 0
74 104 1346 0
21 42 1351 1
72 104 1392 0
47 63 1411 0
82 47 1413 1
86 68 1464 0
55 78 1481 0
59 63 1533 0
82 86 1557 1
63 43 1565 1
80 45 1573 1
71 83 1606 1
81 69 1615 0
54 76 1639 0
44 64 1641 0
70 104 1655 0
76 85 1659 1
85 68 1676 0
96 88 1682 1
36 64 1741 0
50 62 1754 0
54 63 1768 0
17 59 1778 1
17 57 1779 0
64 100 1820 0
24 41 1824 1
96 89 1879 1
59 96 1904 0
54 92 1917 0
71 44 1929 1
39 42 1967 1
68 101 2061 0
64 43 2080 1
17 58 2084 0
82 105 2111 0
14 50 2158 0
34 42 2185 1
38 42 2249 1
94 56 2297 1
37 62 2318 0
94 88 2348 1
72 67 2409 1
98 96 2421 1
27 41 2444 1
87 50 2483 1
71 104 2485 0
94 55 2502 1
50 42 2504 1
81 45 2504 1
24 63 2528 0
49 64 2571 0
75 43 2575 1
59 42 2603 1
33 63 2606 0
47 43 2660 1
41 42 2717 1
22 41 2722 1
26 41 2760 1
79 104 2763 0
90 107 2827 0
40 42 2884 1
93 88 2912 1
43 43 2933 1
57 43 2965 1
47 42 3008 1
49 42 3013 1
56 93 3018 0
33 42 3093 1
76 44 3206 1
47 62 3352 0
29 41 3352 1
25 41 3373 1
83 105 3402 0
54 80 3431 0
15 50 3584 0
18 59 3599 0
27 63 3658 0
14 55 3673 0
53 90 3684 0
91 52 3777 1
23 61 3787 0
53 91 3787 0
85 49 3807 1
76 65 3836 0
53 87 3856 0
16 57 3894 0
79 85 3919 1
23 64 3940 0
61 100 3969 0
25 63 4045 0
49 43 4047 1
71 71 4079 1
98 92 4150 1
72 43 4176 1
18 58 4197 0
75 84 4280 1
20 60 4301 0
73 84 4348 1
97 88 4428 1
15 51 4491 0
52 90 4562 0
21 63 4637 0
80 85 4659 1
46 64 4666 0
44 42 4668 1
65 101 4689 0
36 64 4756 0
66 102 4799 0
82 106 4817 0
54 95 4846 0
30 63 4882 0
65 43 4906 1
62 43 4959 1
28 41 4964 1
83 48 4972 1
52 42 5017 1
72 69 5027 1
44 63 5058 0
81 66 5102 0
82 105 5263 0
76 84 5273 1
99 96 5310 1
20 41 5442 1
50 43 5524 1
15 48 5531 0
37 42 5537 1
64 100 5549 0
97 89 5643 1
53 94 5684 0
47 63 5696 0
54 63 5818 0
60 99 5876 0
26 42 5878 1
79 104 6054 0
18 61 6101 0
93 53 6141 1
36 64 6245 0
57 96 6488 0
65 103 6512 0
17 58 6558 0
72 71 6612 1
38 64 6652 0
71 82 6677 1
67 43 6758 1
95 61 6899 1
71 72 6967 1
69 102 6991 0
45 42 7031 1
84 107 7067 0
69 43 7116 1
76 105 7132 0
93 54 7174 1
28 42 7215 1
54 94 7414 0
39 64 7593 0
26 62 7607 0
53 81 7646 0
79 45 7739 1
15 51 7822 0
78 85 7882 1
98 91 7892 1
15 56 7896 0
87 86 7967 1
77 85 8039 1
53 86 8042 0
79 65 8049 0
94 105 8050 0
26 64 8059 0
53 89 8077 0
81 46 8092 1
72 83 8136 1
36 64 8147 0
81 67 8200 0
24 42 8220 1
63 100 8228 0
91 87 8231 1
55 96 8277 0
99 93 8278 1
26 63 8322 0
83 85 8508 1
81 66 8515 0
90 86 8659 1
83 67 8715 0
93 55 8774 1
54 96 8869 0
75 102 8944 0
77 44 8948 1
84 48 8958 1
52 63 8968 0
91 68 9000 0
87 68 9011 0
98 90 9172 1
84 85 9320 1
56 97 9399 0
79 44 9401 1
85 85 9434 1
32 41 9453 1
51 43 9495 1
85 107 9502 0
94 87 9504 1
53 42 9506 1
91 86 9507 1
36 64 9590 0
77 104 9615 0
80 44 9872 1
45 63 9882 0
91 53 9884 1
76 64 9911 0
82 105 9944 0
83 47 9962 1
69 44 10050 1
95 88 10075 1
88 86 10084 1
59 97 10212 0
36 62 10228 0
57 66 10245 0
86 49 10306 1
79 104 10405 0
89 85 10435 1
59 65 10440 0
92 53 10440 1
80 65 10465 0
94 64 10506 1
47 63 10513 0
48 42 10569 1
95 57 10572 1
90 52 10604 1
58 42 10625 1
57 96 10667 0
97 92 10679 1
95 60 10700 1
55 78 10821 0
90 67 10832 0
31 41 10873 1
70 43 10876 1
57 95 10918 0
41 41 10951 1
92 87 11000 1
79 65 11029 0
55 93 11052 0
30 62 11154 0
81 47 11175 1
55 42 11244 1
54 79 11282 0
82 85 11390 1
61 42 11454 1
77 42 11518 1
64 100 11533 0
87 85 11537 1
94 57 11550 1
23 41 11558 1
59 43 11610 1
89 106 11624 0
36 64 11629 0
83 67 11653 0
71 102 11658 0
95 89 11664 1
61 43 11668 1
94 88 11679 1
88 85 11703 1
78 44 11706 1
40 41 11708 1
77 103 11712 0
99 94 11791 1
41 63 11846 0
26 62 11877 0
37 63 11879 0
70 78 11883 1
99 95 11909 1
91 67 11935 0
15 49 11994 0
93 87 11995 1
70 81 12042 1
70 77 12089 1
15 47 12100 0
17 58 12207 0
55 81 12220 0
54 63 12318 0
55 43 12318 1
55 84 12321 0
33 41 12375 1
73 83 12443 1
89 51 12446 1
65 101 12521 0
72 84 12534 1
16 57 12596 0
86 68 12605 0
96 89 12621 1
59 96 12656 0
52 43 12687 1
34 63 12690 0
22 61 12697 0
70 80 12711 1
85 68 12756 0
15 51 12760 0
67 101 12796 0
68 101 12806 0
53 87 12825 0
55 95 12865 0
65 42 12871 1
81 66 12883 0
75 85 12893 1
23 60 12912 0
24 64 12931 0
75 103 12947 0
95 58 12974 1
74 43 12983 1
73 43 12993 1
28 64 13022 0
23 62 13037 0
42 42 13038 1
69 103 13041 0
58 96 13041 0
85 50 13100 1
16 56 13101 0
35 63 13179 0
52 63 13186 0
75 44 13190 1
55 75 13224 0
98 91 13233 1
86 50 13244 1
44 41 13260 1
55 72 13270 0
59 63 13274 0
17 57 13279 0
19 59 13287 0
22 62 13340 0
15 54 13350 0
50 62 13427 0
36 62 13445 0
15 52 13456 0
87 50 13527 1
54 78 13557 0
68 104 13565 0
39 42 13577 1
77 84 13630 1
83 48 13708 1
36 64 13724 0
85 86 13790 1
57 70 13799 0
78 84 13818 1
24 61 13835 0
49 63 13843 0
94 54 13847 1
95 87 13851 1
36 41 13879 1
29 43 13890 1
83 105 13925 0
35 42 13964 1
29 62 13979 0
72 67 14036 1
68 102 14117 0
79 65 14131 0
34 42 14168 1
72 73 14199 1
94 58 14236 1
47 62 14238 0
81 44 14244 1
43 42 14253 1
99 91 14287 1
60 42 14313 1
59 65 14336 0
66 101 14378 0
37 62 14378 0
98 92 14446 1
50 42 14447 1
76 64 14455 0
24 41 14465 1
31 42 14524 1
57 96 14595 0
29 41 14620 1
64 43 14635 1
77 43 14651 1
56 93 14693 0
25 41 14720 1
81 85 14722 1
79 105 14832 0
63 43 14836 1
57 67 14838 0
75 43 14940 1
54 42 14973 1
34 41 15000 1
77 103 15056 0
35 41 15092 1
90 86 15164 1
76 85 15239 1
99 92 15301 1
95 56 15307 1
62 42 15312 1
68 43 15327 1
41 42 15334 1
77 63 15367 0
84 67 15458 0
24 62 15484 0
77 44 15543 1
15 46 15565 0
42 41 15610 1
81 45 15648 1
27 41 15649 1
67 101 15698 0
94 56 15721 1
93 55 15723 1
30 41 15760 1
71 75 15834 1
81 46 15863 1
74 84 15885 1
59 42 15952 1
43 41 15952 1
94 55 15961 1
83 67 16065 0
49 43 16127 1
38 42 16151 1
26 62 16176 0
79 84 16203 1
65 43 16256 1
49 42 16297 1
43 63 16309 0
73 66 16320 1
85 85 16449 1
23 61 16472 0
94 59 16480 1
76 44 16508 1
99 96 16529 1
64 42 16550 1
71 82 16621 1
91 52 16696 1
80 45 16730 1
79 104 16842 0
28 41 16864 1
89 50 16871 1
45 42 16872 1
58 64 16878 0
90 85 16894 1
31 41 16919 1
76 84 16961 1
58 42 16973 1
26 41 17077 1
88 50 17093 1
96 88 17105 1
15 50 17109 0
75 84 17110 1
61 98 17126 0
38 63 17130 0
93 54 17131 1
47 42 17133 1
62 98 17244 0
75 103 17281 0
40 63 17346 0
83 107 17402 0
79 44 17439 1
82 105 17598 0
72 43 17649 1
39 41 17685 1
92 52 17795 1
16 56 17866 0
21 41 17885 1
77 63 17988 0
83 47 17992 1
67 44 18091 1
19 41 18158 1
89 108 18248 0
98 90 18266 1
18 42 18279 1
71 73 18360 1
55 75 18386 0
51 43 18393 1
85 105 18466 0
20 42 18512 1
22 41 18513 1
68 102 18563 0
22 59 18573 0
66 101 18639 0
81 105 18710 0
58 97 18716 0
84 67 18811 0
36 62 18823 0
57 43 18861 1
44 63 18866 0
36 63 18884 0
55 83 18990 0
21 58 19004 0
52 63 19118 0
90 51 19205 1
69 102 19216 0
15 51 19291 0
18 58 19387 0
31 63 19524 0
69 105 19555 0
20 41 19711 1
97 89 19755 1
67 101 19785 0
47 63 19821 0
87 68 19904 0
97 88 19946 1
24 62 20009 0
21 61 20191 0
72 70 20199 1
16 55 20285 0
60 99 20433 0
61 98 20460 0
27 64 20470 0
29 40 20541 1
38 41 20626 1
71 74 20675 1
48 63 20701 0
62 98 20710 0
98 89 20760 1
53 64 20828 0
73 70 20835 1
99 9 20861 1
71 83 20970 1
20 60 21056 0
76 64 21220 0
78 85 21363 1
93 53 21548 1
77 63 21581 0
89 86 21666 1
56 69 21721 0
79 85 21789 1
55 95 21841 0
79 65 21987 0
58 66 22240 0
80 85 22273 1
84 48 22280 1
87 49 22281 1
52 42 22295 1
67 43 22329 1
90 68 22356 0
79 105 22534 0
16 56 22653 0
17 58 22668 0
57 96 22858 0
33 41 22898 1
98 100 22937 1
89 107 22970 0
54 84 23033 0
64 102 23105 0
53 95 23116 0
40 63 23370 0
93 105 23644 0
34 40 23667 1
77 103 23706 0
80 65 23805 0
32 41 23949 1
24 62 24097 0
68 102 24109 0
75 63 24169 0
72 69 24200 1
84 67 24239 0
51 62 24292 0
90 52 24472 1
53 83 24478 0
75 103 24486 0
61 98 24711 0
72 83 24833 1
16 55 25017 0
30 62 25091 0
85 49 25152 1
78 44 25281 1
15 48 25315 0
55 75 25351 0
57 95 25371 0
39 63 25447 0
86 107 25615 0
28 63 25658 0
16 48 25699 0
27 62 25764 0
78 43 25783 1
80 44 25857 1
54 94 25863 0
29 63 25916 0
59 65 25943 0
15 49 25951 0
48 63 26025 0
87 85 26045 1
72 82 26092 1
31 63 26141 0
62 98 26195 0
86 49 26250 1
75 102 26330 0
28 42 26464 1
95 63 26497 1
21 61 26585 0
48 42 26718 1
23 60 26723 0
83 85 26944 1
22 59 27089 0
66 101 27286 0
92 53 27332 1
15 45 27412 0
51 62 27505 0
79 103 27633 0
95 59 27775 1
33 42 27816 1
71 103 27938 0
99 95 28020 1
40 41 28109 1
21 42 28265 1
77 63 28338 0
47 41 28388 1
93 86 28494 1
53 87 28588 0
69 43 28663 1
95 57 28750 1
54 84 28759 0
42 42 28793 1
75 63 28838 0
53 42 28923 1
45 41 29121 1
59 43 29156 1
46 62 29157 0
99 93 29318 1
37 41 29331 1
99 94 29342 1
91 86 29473 1
89 85 29474 1
46 41 29510 1
4 86 29512 1
71 81 29718 1
61 42 29841 1
77 85 29935 1
55 42 29937 1
94 87 29952 1
24 62 29963 0
24 41 30043 1
24 40 30221 1
27 62 30227 0
70 80 30248 1
16 55 30447 0
44 62 30655 0
55 94 30668 0
26 62 30796 0
93 56 30796 1
40 63 30830 0
73 67 30850 1
70 81 30899 1
40 42 30905 1
83 68 30944 0
67 104 31102 0
70 76 31273 1
25 41 31290 1
86 107 31316 0
95 61 31661 1
88 86 31663 1
16 54 31753 0
70 43 31847 1
92 87 32047 1
73 43 32140 1
16 57 32151 0
16 48 32225 0
29 63 32769 0
92 86 32949 1
55 78 33117 0
81 66 33199 0
61 98 33311 0
67 101 33467 0
54 87 33587 0
79 68 33678 0
89 51 33819 1
90 68 33956 0
56 94 34002 0
53 63 34002 0
55 76 34150 0
46 62 34221 0
30 63 34223 0
16 56 34259 0
44 62 34262 0
17 59 34501 0
67 77 34502 1
79 105 34522 0
75 63 34534 0
51 62 34553 0
72 105 34557 0
48 63 34562 0
50 62 34738 0
52 92 34771 0
14 52 34809 0
21 61 34919 0
55 95 35043 0
16 53 35080 0
71 103 35103 0
19 32 35107 0
81 107 35120 0
31 63 35216 0
14 46 35227 0
83 67 35276 0
54 77 35368 0
84 85 35390 1
29 62 35418 0
47 64 35527 0
53 90 35533 0
69 47 35553 1
19 42 35563 1
89 106 35759 0
95 88 35795 1
42 63 35812 0
55 70 35825 0
81 106 35933 0
63 99 36061 0
94 88 36075 1
98 91 36078 1
86 109 36084 0
59 96 36124 0
66 103 36143 0
93 87 36163 1
87 50 36169 1
101 80 36194 0
59 98 36247 0
99 97 36266 1
16 54 36281 0
62 101 36300 0
52 63 36326 0
57 68 36388 0
52 88 36480 0
64 100 36589 0
90 67 36631 0
79 103 36635 0
71 102 36774 0
88 85 36832 1
86 68 36862 0
93 94 36949 1
94 57 37108 1
83 48 37139 1
68 101 37180 0
62 100 37352 0
83 105 37454 0
47 62 37463 0
70 78 37489 1
55 81 37522 0
59 63 37557 0
34 41 37584 1
109 45 37644 0
56 93 37647 0
84 67 37725 0
73 83 37757 1
85 68 37832 0
82 85 37836 1
55 73 37843 0
84 105 37888 0
57 94 37919 0
55 84 37966 0
36 62 38003 0
27 62 38005 0
55 93 38025 0
73 104 38056 0
95 58 38075 1
54 81 38168 0
54 84 38178 0
61 96 38206 0
55 92 38229 0
90 86 38250 1
56 94 38265 0
90 106 38280 0
44 62 38409 0
36 41 38423 1
35 41 38449 1
60 97 38469 0
16 58 38572 0
56 107 38578 0
56 70 38579 0
76 63 38650 0
50 42 38682 1
41 41 38759 1
85 105 38856 0
37 62 38885 0
75 43 38887 1
81 85 38902 1
39 42 38940 1
60 98 38945 0
24 61 38950 0
59 97 38994 0
55 76 39083 0
54 87 39095 0
95 60 39111 1
16 53 39144 0
35 64 39189 0
27 41 39208 1
94 55 39326 1
58 65 39357 0
22 40 39378 1
72 72 39451 1
80 65 39495 0
81 45 39612 1
23 59 39696 0
64 43 39825 1
29 41 39837 1
74 43 39867 1
81 46 39870 1
83 47 39901 1
60 42 39914 1
20 59 39941 0
16 55 39956 0
73 68 40011 1
77 84 40016 1
93 54 40037 1
76 84 40073 1
77 43 40087 1
63 99 40131 0
86 69 40189 0
46 62 40195 0
84 47 40283 1
24 62 40285 0
58 62 40419 0
18 54 40468 0
29 63 40469 0
88 106 40483 0
44 41 40525 1
62 42 40579 1
75 84 40580 1
99 96 40663 1
17 57 40686 0
73 65 40758 1
94 54 40768 1
111 111 40768 1
96 89 40894 1
96 60 40910 1
88 50 40933 1
70 77 40982 1
63 43 41074 1
34 42 41094 1
17 52 41183 0
19 59 41196 0
69 44 41268 1
95 62 41357 1
99 92 41361 1
85 48 41380 1
30 41 41382 1
91 51 41385 1
42 62 41453 0
84 105 41478 0
23 61 41488 0
58 96 41564 0
49 41 41566 1
82 45 41616 1
21 58 41650 0
75 83 41672 1
79 43 41769 1
58 42 41778 1
23 40 41786 1
87 68 41790 0
27 40 41877 1
62 98 41978 0
71 82 42019 1
64 42 42030 1
15 50 42119 0
99 95 42147 1
16 44 42194 0
65 43 42201 1
98 90 42256 1
74 83 42258 1
54 82 42260 0
49 42 42332 1
55 83 42334 0
65 42 42351 1
66 42 42363 1
55 92 42369 0
55 43 42439 1
95 87 42496 1
60 97 42525 0
42 41 42601 1
92 52 42738 1
26 40 42761 1
73 71 42797 1
95 55 42800 1
45 42 42800 1
78 84 42822 1
54 42 42825 1
55 61 42856 0
22 59 42871 0
43 62 42914 0
28 41 42914 1
68 43 42942 1
96 58 42943 1
79 44 42945 1
59 42 42962 1
93 53 42974 1
57 94 42991 0
16 54 43000 0
62 99 43024 0
44 62 43037 0
72 43 43041 1
77 63 43070 0
30 62 43079 0
76 63 43207 0
85 85 43222 1
23 41 43229 1
42 63 43281 0
54 92 43437 0
77 103 43625 0
38 62 43646 0
94 56 43648 1
43 42 43775 1
58 63 43881 0
93 87 43936 1
43 41 43941 1
97 88 43957 1
26 41 44027 1
72 67 44028 1
90 50 44031 1
98 89 44076 1
31 41 44107 1
23 60 44119 0
87 84 44249 1
86 49 44352 1
51 62 44405 0
20 59 44492 0
83 106 44567 0
42 62 44737 0
19 61 44763 0
16 53 44773 0
30 61 44826 0
61 42 44861 1
91 52 44868 1
99 94 44963 1
48 41 44968 1
88 68 45198 0
41 42 45486 1
58 62 45815 0
90 106 45979 0
99 90 46018 1
99 98 46078 1
57 70 46090 0
78 44 46092 1
33 41 46113 1
88 49 46597 1
55 76 46622 0
80 44 46644 1
86 84 46680 1
88 106 46752 0
40 41 46761 1
18 58 46796 0
63 99 46820 0
54 81 46851 0
78 65 47088 0
38 41 47125 1
65 102 47129 0
67 43 47160 1
25 40 47167 1
60 97 47251 0
60 98 47266 0
16 51 47277 0
93 52 47307 1
33 63 47310 0
73 43 47316 1
43 62 47344 0
39 41 47362 1
56 94 47384 0
35 42 47391 1
99 91 47437 1
38 62 47464 0
15 52 47478 0
16 48 47495 0
67 102 47503 0
68 102 47508 0
80 84 47857 1
81 103 47865 0
47 62 47879 0
54 63 47888 0
54 87 47895 0
71 103 48080 0
94 63 48268 1
34 61 48541 0
87 50 48746 1
78 43 48763 1
73 69 48792 1
90 51 48819 1
84 48 48878 1
68 103 49142 0
74 102 49145 0
58 63 49246 0
20 59 49345 0
79 84 49354 1
71 76 49645 1
76 63 49664 0
84 105 49680 0
75 63 49726 0
21 41 49803 1
55 92 49840 0
62 99 49891 0
81 106 50096 0
36 41 50119 1
47 42 50353 1
42 62 50434 0
80 104 50477 0
88 68 50579 0
81 66 50881 0
78 66 50968 0
75 102 51127 0
58 94 51309 0
94 53 51483 1
71 80 51498 1
96 88 51550 1
16 51 51673 0
75 103 51694 0
50 62 51712 0
17 55 51718 0
15 47 51832 0
54 80 51843 0
55 71 51890 0
87 85 51892 1
54 82 51936 0
40 63 51950 0
55 75 51960 0
91 67 52005 0
59 96 52393 0
79 103 52429 0
54 90 52586 0
87 49 52690 1
50 42 52864 1
95 57 52921 1
38 42 52949 1
52 42 52949 1
38 62 53015 0
22 61 53043 0
31 40 53095 1
70 80 53286 1
89 85 53382 1
89 50 53414 1
82 68 53607 0
77 44 53708 1
95 56 53905 1
20 41 54023 1
69 102 54029 0
55 74 54203 0
67 42 54207 1
53 42 54375 1
83 85 54386 1
98 91 54419 1
72 83 54487 1
86 108 54556 0
17 59 54720 0
83 48 54848 1
41 41 54886 1
21 61 55120 0
83 106 55145 0
65 100 55324 0
57 63 55444 0
85 67 55496 0
60 97 55634 0
45 41 55780 1
17 55 55835 0
89 51 55845 1
15 51 55861 0
80 104 55986 0
51 63 56090 0
52 41 56436 1
18 57 56696 0
90 85 56721 1
24 41 56724 1
91 106 56921 0
73 83 56940 1
99 93 56994 1
42 63 57072 0
67 102 57211 0
43 62 57220 0
55 42 57232 1
27 62 57329 0
57 41 57494 1
25 41 57501 1
80 103 57673 0
78 65 57948 0
91 86 58180 1
88 68 58397 0
72 71 58422 1
35 41 58493 1
57 62 58561 0
46 41 59091 1
77 62 59129 0
62 99 59194 0
20 59 59319 0
58 94 59519 0
54 90 59550 0
81 84 60229 1
16 51 60442 0
81 44 60606 1
85 67 60700 0
83 47 60871 1
76 64 61176 0
95 58 61264 1
94 87 61279 1
96 87 61477 1
92 85 61570 1
87 106 61623 0
92 51 61629 1
60 98 61899 0
97 87 61911 1
15 54 62000 0
86 48 62074 1
75 43 62164 1
93 86 62277 1
17 55 62345 0
99 96 62448 1
98 88 62456 1
68 42 62457 1
65 100 62513 0
99 84 62528 1
99 92 62528 1
90 86 62606 1
62 42 62616 1
81 45 62617 1
83 85 62662 1
83 84 62662 1
94 54 62666 1
89 106 62693 0
70 78 62726 1
77 84 62790 1
99 95 62816 1
57 63 62841 0
77 43 62885 1
85 106 62887 0
71 82 62947 1
71 71 63017 1
61 96 63119 0
84 47 63125 1
86 49 63156 1
55 63 63167 0
73 82 63258 1
58 95 63339 0
71 79 63349 1
94 104 63367 0
24 40 63378 1
58 63 63429 0
93 54 63430 1
90 67 63463 0
80 104 63472 0
35 61 63478 0
72 82 63504 1
95 87 63506 1
99 94 63524 1
55 79 63537 0
71 81 63558 1
85 105 63565 0
76 42 63577 1
18 57 63606 0
93 87 63607 1
80 103 63623 0
72 42 63630 1
39 42 63646 1
80 43 63658 1
109 45 63659 1
74 102 63674 0
88 84 63723 1
69 43 63724 1
59 63 63739 0
71 102 63793 0
53 41 63821 1
71 78 63826 1
83 46 63853 1
98 89 63859 1
73 66 63870 1
57 94 63912 0
29 41 63961 1
85 47 63967 1
56 90 64041 0
81 103 64048 0
40 62 64086 0
95 86 64095 1
91 51 64106 1
68 101 64112 0
57 95 64162 0
88 106 64205 0
64 42 64270 1
91 86 64278 1
90 68 64348 0
93 53 64386 1
56 93 64463 0
32 41 64463 1
97 88 64464 1
82 45 64542 1
95 58 64601 1
16 54 64653 0
99 91 64658 1
29 62 64666 0
83 47 64669 1
55 78 64706 0
65 42 64770 1
61 98 64783 0
57 62 64795 0
55 81 64796 0
58 62 64816 0
84 67 64823 0
37 62 64828 0
47 41 64838 1
58 42 64838 1
70 43 64851 1
85 85 64858 1
42 42 64865 1
71 42 64893 1
109 45 64922 0
78 84 65040 1
36 62 65040 0
30 61 65072 0
85 67 65080 0
77 62 65101 0
59 66 65102 0
55 41 65104 1
79 43 65113 1
60 42 65149 1
59 42 65152 1
61 42 65234 1
75 83 65275 1
85 48 65305 1
46 62 65306 0
82 66 65308 0
88 50 65372 1
83 67 65403 0
16 43 65420 0
95 57 65450 1
50 41 65452 1
71 77 65461 1
66 42 65467 1
79 44 65486 1
44 62 65501 0
74 42 65529 1
99 99 65541 1
93 52 65558 1
16 53 65622 0
96 59 65634 1
77 42 65645 1
109 45 65647 1
71 75 65662 1
87 106 65668 0
55 84 65685 0
84 105 65686 0
24 61 65688 0
44 41 65710 1
55 61 65719 0
86 66 65729 0
85 84 65757 1
78 43 65768 1
55 74 65784 0
61 99 65787 0
80 44 65793 1
49 41 65805 1
42 62 65805 0
23 59 65807 0
87 84 65882 1
80 65 65985 0
92 67 66020 0
51 62 66030 0
49 42 66043 1
59 41 66049 1
33 40 66064 1
94 86 66064 1
81 44 66100 1
34 61 66168 0
109 45 66170 0
47 62 66188 0
90 106 66205 0
79 84 66233 1
77 63 66257 0
21 58 66259 0
43 41 66283 1
76 84 66315 1
51 41 66355 1
73 43 66366 1
95 56 66369 1
50 62 66370 0
87 49 66396 1
95 61 66410 1
39 62 66416 0
17 52 66417 0
18 54 66425 0
58 94 66429 0
30 62 66432 0
90 50 66438 1
77 83 66466 1
54 77 66511 0
59 95 66524 0
54 81 66533 0
89 84 66542 1
67 42 66543 1
72 73 66557 1
55 83 66561 0
54 42 66577 1
57 92 66628 0
30 40 66729 1
27 40 66781 1
38 62 66785 0
82 68 66813 0
26 62 66817 0
37 40 66824 1
99 92 66833 1
91 106 66841 0
73 68 66855 1
22 59 66870 0
45 42 66893 1
96 57 66907 1
15 49 66928 0
94 54 66931 1
93 86 66961 1
81 103 66963 0
54 90 66979 0
40 41 66999 1
35 40 67015 1
84 84 67072 1
73 83 67083 1
96 58 67086 1
29 40 67097 1
89 50 67103 1
26 40 67110 1
55 76 67118 0
95 104 67138 0
95 54 67144 1
51 63 67147 0
71 82 67160 1
72 43 67170 1
31 41 67179 1
82 84 67209 1
89 85 67228 1
45 41 67239 1
48 41 67239 1
86 49 67247 1
95 55 67267 1
61 96 67280 0
83 105 67317 0
75 102 67330 0
27 41 67361 1
54 41 67372 1
57 41 67389 1
33 41 67394 1
23 40 67417 1
36 40 67422 1
63 99 67448 0
55 92 67468 0
16 48 67524 0
34 41 67573 1
35 61 67577 0
23 60 67590 0
76 42 67609 1
41 41 67617 1
20 58 67622 0
34 40 67725 1
86 84 67772 1
94 53 67831 1
59 65 67864 0
28 40 67879 1
36 41 67983 1
64 42 67994 1
76 83 67994 1
88 49 68005 1
71 73 68008 1
73 65 68016 1
41 42 68036 1
62 41 68040 1
77 43 68099 1
100 92 68111 1
70 77 68157 1
95 87 68160 1
98 88 68180 1
58 95 68224 0
56 41 68229 1
76 63 68242 0
99 90 68249 1
90 85 68266 1
71 81 68278 1
22 40 68286 1
59 63 68289 0
99 96 68301 1
80 103 68302 0
74 82 68305 1
53 42 68330 1
100 96 68391 1
15 48 68392 0
54 84 68418 0
60 41 68449 1
61 97 68490 0
78 42 68492 1
24 60 68496 0
43 62 68501 0
17 55 68525 0
29 41 68554 1
57 70 68574 0
62 98 68619 0
42 64 68642 0
55 79 68651 0
89 106 68682 0
77 84 68739 1
25 40 68781 1
25 61 68821 0
99 95 68844 1
81 85 68860 1
79 104 68864 0
62 42 68936 1
88 85 68937 1
74 102 68949 0
99 98 69009 1
40 62 69027 0
19 40 69031 1
16 55 69039 0
84 47 69122 1
50 42 69233 1
87 50 69365 1
85 106 69442 0
18 57 69465 0
47 41 69503 1
83 46 69544 1
82 66 69547 0
90 107 69594 0
91 85 69668 1
81 68 69719 0
16 51 69724 0
54 79 69739 0
73 101 69753 0
69 101 69773 0
85 67 69773 0
52 41 69778 1
82 105 69784 0
71 76 69803 1
83 45 69856 1
79 103 69881 0
80 43 69895 1
57 62 69954 0
57 94 69977 0
99 89 69979 1
68 42 69983 1
85 105 69989 0
17 53 70068 0
27 60 70069 0
32 40 70105 1
73 67 70124 1
86 48 70162 1
83 47 70169 1
99 97 70185 1
98 89 70195 1
44 62 70215 0
73 70 70269 1
82 45 70273 1
87 48 70280 1
82 85 70290 1
19 41 70320 1
59 95 70329 0
44 41 70349 1
93 87 70377 1
100 94 70382 1
74 83 70406 1
99 88 70410 1
71 79 70507 1
56 90 70541 0
61 42 70541 1
49 41 70571 1
100 95 70690 1
58 62 70705 0
58 42 70719 1
83 85 70722 1
59 42 70724 1
83 84 70724 1
21 40 70730 1
57 63 70739 0
72 72 70759 1
69 42 70794 1
96 61 70859 1
80 84 70928 1
55 42 70955 1
21 58 70995 0
77 42 71017 1
30 61 71053 0
73 69 71059 1
87 106 71072 0
68 43 71109 1
18 54 71110 0
90 69 71126 0
42 41 71146 1
19 60 71158 0
109 45 71212 1
96 60 71242 1
78 83 71280 1
24 41 71323 1
97 88 71363 1
23 59 71377 0
42 62 71405 0
78 103 71455 0
39 62 71506 0
109 45 71519 0
24 40 71529 1
91 51 71544 1
17 52 71590 0
73 82 71634 1
95 103 71637 0
56 94 71663 0
50 41 71700 1
79 43 71722 1
20 58 71724 0
62 96 71793 0
37 62 71850 0
71 74 71872 1
65 42 71877 1
43 41 71888 1
46 41 72000 1
67 101 72088 0
90 67 72100 0
68 103 72205 0
53 41 72313 1
40 40 72394 1
99 94 72489 1
71 80 72502 1
31 40 72523 1
58 41 72554 1
95 62 72556 1
73 66 72564 1
54 87 72611 0
27 40 72625 1
24 60 72625 0
36 62 72664 0
66 42 72701 1
40 41 72750 1
92 51 72848 1
35 61 72885 0
77 62 72889 0
86 66 73015 0
22 59 73058 0
58 94 73114 0
66 99 73131 0
31 61 73133 0
79 65 73142 0
99 91 73172 1
61 97 73233 0
57 68 73268 0
72 42 73314 1
45 67 73392 0
78 43 73402 1
65 100 73491 0
52 87 73558 0
64 98 73662 0
33 64 73671 0
43 64 73715 0
25 61 73721 0
56 93 73894 0
17 53 73932 0
109 45 73984 1
81 84 74099 1
56 82 74100 0
69 101 74193 0
34 62 74231 0
29 40 74261 1
34 61 74268 0
109 45 74374 0
46 62 74487 0
55 63 74498 0
93 51 74534 1
75 83 74570 1
26 61 74581 0
56 63 74583 0
58 95 74585 0
85 47 74609 1
95 58 74614 1
92 85 74631 1
72 81 74805 1
51 62 74815 0
93 52 74838 1
72 82 74847 1
28 41 74847 1
97 87 74861 1
60 97 74973 0
53 84 75023 0
21 60 75026 0
81 103 75054 0
88 106 75063 0
23 61 75091 0
68 100 75134 0
82 44 75150 1
89 66 75177 0
85 43 75233 1
96 103 75241 0
30 40 75296 1
88 84 75396 1
100 93 75434 1
55 79 75436 0
55 62 75596 0
82 66 75626 0
82 104 75639 0
85 85 75713 1
55 41 75767 1
33 40 75806 1
26 40 75824 1
91 67 75824 0
94 54 75842 1
31 41 75856 1
88 68 75864 0
74 42 75921 1
59 95 75977 0
90 50 76051 1
48 61 76055 0
93 86 76055 1
95 57 76077 1
85 84 76121 1
20 42 76147 1
90 84 76221 1
79 84 76264 1
97 59 76283 1
87 49 76320 1
87 84 76340 1
67 42 76343 1
61 41 76399 1
39 40 76402 1
73 43 76450 1
20 58 76450 0
95 87 76451 1
51 43 76480 1
95 56 76494 1
99 92 76502 1
39 42 76577 1
91 86 76624 1
45 41 76634 1
81 44 76697 1
98 87 76703 1
48 41 76728 1
66 99 76792 0
72 80 76823 1
16 53 76884 0
57 92 76954 0
51 41 76958 1
40 62 77030 0
91 50 77048 1
71 77 77078 1
17 57 77089 0
71 78 77152 1
59 43 77156 1
64 99 77196 0
95 53 77295 1
96 56 77320 1
71 82 77326 1
64 98 77363 0
88 107 77438 0
82 83 77502 1
93 85 77562 1
74 68 77588 1
41 41 77598 1
94 52 77600 1
77 101 77614 0
79 42 77620 1
97 86 77658 1
86 84 77672 1
81 43 77679 1
22 60 77686 0
55 61 77723 0
85 46 77728 1
61 96 77745 0
71 102 77750 0
64 42 77775 1
89 50 77779 1
76 84 77826 1
100 90 77827 1
96 86 77862 1
85 106 77885 0
64 41 77908 1
93 105 77918 0
25 40 77927 1
31 61 77958 0
95 64 77975 1
78 84 78011 1
78 103 78038 0
75 102 78057 0
70 103 78100 0
34 40 78106 1
76 103 78108 0
33 41 78113 1
71 81 78137 1
95 55 78143 1
38 40 78183 1
59 41 78190 1
63 96 78244 0
98 88 78250 1
35 41 78250 1
16 48 78282 0
77 83 78284 1
80 103 78364 0
60 41 78368 1
68 100 78406 0
89 84 78414 1
76 42 78445 1
35 40 78446 1
86 66 78477 0
95 63 78540 1
95 86 78574 1
39 62 78587 0
17 45 78623 1
17 55 78623 0
84 47 78649 1
69 101 78707 0
23 40 78776 1
75 42 78782 1
90 106 78796 0
84 84 78796 1
24 60 78907 0
56 75 78974 0
74 102 78982 0
62 96 78983 0
72 75 78996 1
55 84 79019 0
83 46 79042 1
50 62 79066 0
28 40 79070 1
56 90 79083 0
41 40 79110 1
82 45 79170 1
90 85 79210 1
26 61 79219 0
27 39 79287 1
55 81 79291 0
89 106 79292 0
73 71 79316 1
23 60 79340 0
54 82 79420 0
47 62 79452 0
58 98 79453 0
85 67 79454 0
95 54 79483 1
87 106 79497 0
61 97 79499 0
77 43 79501 1
100 92 79549 1
54 41 79551 1
59 63 79561 0
55 91 79568 0
36 41 79584 1
80 44 79592 1
65 42 79608 1
88 49 79608 1
16 51 79638 0
99 91 79654 1
22 57 79672 0
94 53 79697 1
81 83 79742 1
59 64 79746 0
92 66 79760 0
96 58 79792 1
48 61 79809 0
78 44 79816 1
49 40 79816 1
78 42 79821 1
43 40 79841 1
96 57 79904 1
73 83 79928 1
74 82 79945 1
73 101 79952 0
56 81 79969 0
44 41 79971 1
89 49 79974 1
99 90 80001 1
75 41 80018 1
37 40 80022 1
82 104 80047 0
47 40 80049 1
47 41 80061 1
96 59 80075 1
22 63 80098 0
25 61 80105 0
80 43 80129 1
58 94 80130 0
36 40 80133 1
27 60 80181 0
68 42 80182 1
62 41 80198 1
21 58 80232 0
29 41 80233 1
17 53 80242 0
34 62 80293 0
87 83 80321 1
109 45 80360 1
18 54 80361 0
71 42 80372 1
89 85 80421 1
52 41 80429 1
92 84 80432 1
94 104 80444 0
49 41 80470 1
71 79 80501 1
109 45 80553 0
77 84 80555 1
66 99 80562 0
81 103 80622 0
20 59 80638 0
67 102 80664 0
21 42 80665 1
64 98 80697 0
57 41 80697 1
87 48 80718 1
86 49 80726 1
93 52 80733 1
57 62 80784 0
76 62 80789 0
88 66 80815 0
100 94 80869 1
86 48 80941 1
78 83 80987 1
23 59 81034 0
56 41 81051 1
82 84 81057 1
53 42 81101 1
57 92 81112 0
77 42 81136 1
100 97 81153 1
71 75 81177 1
43 62 81180 0
35 61 81208 0
53 86 81230 0
73 82 81297 1
79 43 81307 1
68 41 81329 1
68 100 81397 0
17 52 81402 0
38 62 81437 0
21 60 81505 0
33 60 81506 0
24 40 81555 1
91 51 81622 1
55 93 81634 0
18 57 81711 0
68 101 81722 0
30 62 81727 0
85 47 81808 1
20 41 81818 1
55 83 81870 0
20 58 82052 0
55 62 82095 0
93 86 82097 1
85 105 82113 0
29 62 82119 0
34 40 82140 1
16 59 82170 0
32 63 82193 0
24 61 82199 0
59 95 82201 0
31 61 82246 0
77 62 82268 0
42 106 82302 0
17 49 82322 0
18 59 82341 0
27 40 82408 1
50 41 82445 1
33 40 82559 1
53 41 82607 1
97 88 82663 1
61 42 82692 1
100 95 82713 1
30 61 82768 0
22 40 82794 1
89 107 82877 0
83 45 82890 1
17 43 82897 0
40 40 82923 1
94 86 82933 1
84 105 82951 0
58 62 82959 0
86 66 82976 0
55 61 83014 0
58 68 83051 0
66 42 83092 1
16 44 83161 0
37 60 83281 0
64 99 83316 0
90 49 83318 1
92 51 83320 1
40 41 83332 1
57 61 83353 0
48 64 83445 0
60 96 83474 0
22 60 83491 0
16 54 83504 0
56 75 83538 0
78 64 83556 0
57 70 83558 0
34 61 83567 0
79 83 83570 1
25 64 83653 0
26 61 83669 0
61 99 83679 0
32 40 83714 1
22 59 83760 0
62 42 83795 1
62 97 83807 0
76 83 83953 1
99 88 83988 1
88 48 83995 1
56 62 84114 0
99 89 84180 1
60 100 84195 0
71 76 84200 1
86 67 84203 0
48 61 84230 0
67 42 84274 1
30 40 84316 1
55 86 84318 0
99 98 84382 1
94 54 84402 1
27 61 84402 0
43 41 84517 1
83 84 84548 1
65 41 84566 1
58 41 84591 1
49 42 84611 1
29 63 84698 0
35 62 84699 0
100 96 84745 1
45 41 84804 1
55 91 84995 0
31 40 85024 1
54 90 85052 0
45 63 85071 0
66 100 85127 0
82 104 85133 0
94 64 85173 1
79 84 85176 1
51 86 85215 0
50 63 85225 0
44 62 85280 0
72 81 85352 1
51 41 85412 1
68 100 85427 0
48 40 85428 1
53 89 85448 0
62 96 85480 0
80 42 85483 1
90 50 85567 1
82 44 85577 1
48 41 85593 1
69 42 85612 1
87 84 85612 1
33 62 85668 0
74 42 85783 1
72 73 85785 1
25 62 85831 0
55 78 85867 0
42 62 85909 0
90 67 85911 0
17 53 85925 0
98 100 85926 1
26 40 85941 1
18 60 85945 0
73 72 85967 1
29 40 85971 1
76 62 85974 0
91 84 86004 1
38 40 86047 1
82 66 86071 0
82 43 86077 1
55 41 86240 1
100 91 86329 1
60 96 86445 0
59 64 86452 0
45 62 86546 0
34 62 86586 0
75 83 86601 1
63 96 86618 0
76 103 86625 0
24 60 86690 0
69 101 86771 0
34 36 86788 1
86 107 86859 0
57 94 86892 0
47 61 86909 0
30 64 86928 0
88 84 86935 1
56 72 87027 0
81 44 87063 1
98 89 87252 1
92 85 87266 1
43 65 87291 0
53 92 87300 0
91 68 87301 0
27 62 87340 0
67 100 87417 0
16 48 87503 0
64 98 87515 0
35 40 87537 1
66 99 87570 0
58 94 87573 0
16 60 87626 0
14 45 87734 0
41 41 87760 1
57 61 87777 0
77 103 87778 0
72 42 87799 1
59 42 87813 1
85 66 87823 0
62 97 87898 0
100 93 87964 1
61 96 88010 0
95 87 88016 1
91 106 88021 0
70 102 88025 0
77 101 88153 0
27 61 88267 0
86 67 88274 0
17 55 88381 0
39 62 88421 0
26 39 88438 1
74 103 88451 0
53 87 88491 0
96 55 88606 1
80 104 88665 0
89 66 88668 0
55 79 88672 0
88 106 88712 0
15 46 88773 0
55 86 88778 0
64 42 88829 1
84 46 88897 1
97 87 88897 1
60 96 88984 0
53 62 89102 0
58 95 89125 0
22 60 89152 0
88 107 89163 0
14 48 89173 0
42 61 89205 0
87 108 89237 0
22 57 89294 0
26 61 89331 0
79 101 89333 0
60 41 89454 1
88 66 89508 0
87 49 89574 1
83 104 89839 0
76 42 89841 1
93 51 89854 1
91 50 89858 1
56 62 89859 0
78 103 89864 0
95 61 89913 1
15 55 90031 0
20 60 90068 0
17 49 90103 0
29 61 90132 0
98 87 90135 1
39 40 90168 1
93 85 90180 1
86 66 90197 0
21 40 90203 1
94 51 90241 1
61 97 90279 0
90 84 90280 1
81 66 90294 0
82 85 90324 1
79 42 90389 1
91 49 90390 1
42 40 90391 1
96 84 90391 1
96 60 90391 1
85 66 90400 0
21 60 90427 0
71 77 90469 1
100 92 90470 1
98 88 90481 1
56 82 90534 0
93 104 90553 0
47 61 90571 0
55 62 90621 0
64 99 90663 0
16 50 90673 0
74 67 90698 1
56 90 90701 0
86 84 90732 1
56 73 90752 0
43 63 90752 0
89 67 90786 0
61 41 90864 1
25 40 90864 1
56 75 90873 0
78 42 90935 1
95 53 90961 1
64 41 90984 1
94 52 90988 1
73 66 91016 1
81 103 91025 0
55 90 91061 0
31 61 91067 0
94 85 91088 1
71 78 91090 1
35 62 91101 0
58 66 91117 0
70 103 91156 0
45 62 91169 0
17 58 91185 0
60 96 91207 0
80 43 91222 1
49 62 91227 0
18 54 91255 0
85 83 91263 1
41 61 91265 0
73 101 91284 0
66 41 91321 1
35 61 91387 0
45 40 91405 1
52 65 91418 0
55 74 91434 0
81 43 91472 1
86 47 91483 1
93 52 91523 1
77 83 91542 1
82 65 91552 0
30 69 91566 0
95 86 91609 1
71 79 91620 1
89 84 91665 1
27 60 91669 0
23 62 91669 0
95 55 91695 1
73 41 91716 1
33 62 91725 0
58 42 91761 1
100 94 91832 1
57 92 91836 0
78 64 91908 0
59 41 91909 1
67 100 91935 0
62 97 91953 0
20 58 91964 0
55 91 91984 0
49 41 92003 1
77 42 92028 1
57 41 92039 1
81 84 92117 1
25 61 92126 0
56 63 92134 0
72 80 92158 1
71 81 92164 1
66 100 92169 0
35 39 92236 1
85 47 92269 1
74 102 92269 0
84 45 92272 1
19 57 92273 0
37 40 92317 1
55 84 92424 0
14 51 92434 0
36 40 92445 1
56 81 92523 0
52 41 92539 1
17 52 92556 0
27 61 92587 0
42 61 92652 0
33 60 92658 0
83 104 92659 0
96 57 92678 1
51 105 92684 0
73 82 92716 1
74 105 92752 0
93 86 92780 1
96 86 92793 1
65 42 92794 1
83 46 92844 1
96 56 92847 1
59 66 92856 0
87 48 92881 1
46 40 92909 1
23 59 92949 0
40 62 92963 0
75 102 92992 0
82 103 93008 0
55 61 93052 0
62 41 93092 1
54 41 93119 1
68 100 93130 0
79 43 93183 1
48 61 93202 0
21 58 93203 0
51 83 93207 0
96 58 93220 1
77 105 93236 0
100 95 93285 1
74 82 93328 1
85 66 93365 0
95 54 93416 1
82 104 93443 0
68 42 93460 1
57 61 93484 0
95 52 93498 1
41 40 93545 1
60 96 93553 0
100 90 93657 1
84 84 93719 1
97 86 93727 1
51 62 93728 0
34 40 93778 1
67 103 93824 0
62 96 93852 0
55 86 93879 0
43 40 93893 1
86 67 93964 0
72 79 94069 1
82 65 94081 0
40 61 94098 0
58 63 94101 0
28 40 94116 1
23 63 94132 0
99 87 94155 1
88 49 94210 1
78 83 94245 1
37 64 94275 0
82 45 94285 1
63 96 94329 0
56 72 94334 0
29 61 94345 0
76 62 94375 0
27 40 94393 1
25 39 94444 1
55 96 94467 0
47 41 94472 1
93 84 94536 1
41 61 94551 0
59 64 94640 0
74 64 94655 1
73 73 94737 1
33 40 94794 1
99 91 94862 1
47 61 94914 0
83 45 95021 1
81 44 95048 1
23 60 95053 0
99 99 95055 1
89 67 95088 0
89 106 95149 0
65 105 95153 0
55 83 95274 0
96 61 95274 1
86 48 95279 1
34 61 95283 0
53 62 95312 0
67 41 95313 1
25 62 95321 0
55 63 95345 0
47 63 95392 0
20 61 95402 0
16 50 95447 0
70 102 95463 0
82 103 95515 0
50 41 95605 1
54 64 95629 0
56 41 95669 1
53 41 95702 1
87 84 95759 1
59 96 95760 0
91 67 95836 0
90 106 95879 0
87 47 95885 1
73 69 95912 1
18 54 95930 0
23 40 96034 1
40 40 96043 1
57 96 96067 0
86 66 96089 0
63 98 96109 0
87 106 96110 0
55 90 96185 0
93 104 96214 0
19 57 96225 0
24 40 96230 1
54 84 96233 0
56 83 96308 0
83 104 96328 0
42 61 96363 0
22 57 96391 0
74 66 96475 1
56 73 96526 0
60 41 96613 1
57 69 96627 0
82 44 96632 1
45 62 96637 0
99 89 96640 1
45 41 96673 1
29 39 96715 1
37 62 96722 0
59 95 96738 0
60 96 96756 0
94 53 96756 1
64 97 96766 0
51 40 96774 1
36 61 96777 0
95 103 96782 0
17 53 96785 0
78 42 96793 1
22 60 96850 0
47 40 96867 1
72 76 96929 1
38 40 97027 1
49 62 97091 0
70 100 97249 0
41 63 97269 0
79 83 97319 1
82 65 97321 0
30 40 97363 1
31 39 97364 1
84 67 97472 0
100 96 97477 1
40 61 97480 0
90 49 97490 1
17 52 97492 0
74 68 97519 1
58 41 97555 1
83 44 97643 1
81 108 97662 0
24 62 97674 0
17 49 97727 0
27 60 97812 0
67 42 97886 1
74 42 97930 1
82 103 97997 0
35 62 98011 0
16 51 98018 0
33 62 98032 0
55 41 98119 1
73 70 98119 1
76 42 98174 1
81 42 98178 1
22 39 98202 1
41 61 98204 0
21 64 98273 0
89 49 98306 1
65 41 98329 1
87 70 98367 0
31 41 98380 1
99 88 98461 1
27 61 98475 0
81 83 98507 1
88 69 98531 0
88 66 98555 0
36 39 98686 1
19 58 98749 0
50 63 98848 0
17 54 98853 0
83 84 98895 1
72 78 98900 1
35 40 99047 1
26 61 99102 0
74 70 99163 1
29 40 99204 1
52 64 99298 0
98 87 99300 1
88 84 99366 1
80 64 99375 0
62 97 99420 0
100 92 99457 1
97 87 99640 1
79 42 99643 1
64 97 99723 0
65 99 99778 0
92 85 99785 1
95 58 99835 1
75 82 99902 1
87 68 99914 0
60 96 99992 0
72 72 99996 1
51 41 100047 1
67 100 100243 0
99 100 100277 1
54 71 100429 0
19 62 100469 0
80 42 100471 1
29 61 100501 0
14 57 100642 0
79 84 100655 1
76 103 100690 0
70 100 100709 0
93 51 100715 1
36 61 100729 0
56 90 100854 0
37 60 100887 0
62 7 100896 1
20 57 101011 0
56 62 101021 0
17 51 101086 0
89 67 101093 0
16 50 101119 0
78 63 101128 0
19 57 101186 0
63 98 101227 0
30 61 101242 0
72 74 101370 1
17 56 101396 0
52 40 101402 1
100 93 101484 1
72 104 101594 0
53 78 101762 0
46 62 101831 0
92 66 101899 0
82 103 101913 0
58 68 101935 0
34 62 101972 0
55 77 102050 0
31 40 102175 1
89 68 102186 0
79 101 102246 0
99 92 102323 1
40 61 102370 0
56 78 102437 0
72 81 102640 1
85 46 102651 1
82 83 102720 1
100 91 102816 1
82 65 102887 0
64 41 102904 1
89 109 102965 0
17 54 103006 0
79 103 103066 0
96 102 103092 0
92 84 103133 1
57 70 103169 0
55 90 103364 0
77 101 103454 0
83 65 103650 0
57 69 103689 0
60 96 103751 0
64 97 103753 0
71 77 103810 1
22 64 103896 0
69 104 103920 0
57 92 103923 0
41 61 103954 0
75 104 104001 0
66 101 104030 0
57 60 104211 0
17 51 104216 0
50 40 104229 1
85 66 104238 0
22 58 104332 0
48 41 104358 1
20 57 104388 0
16 56 104481 0
55 92 104495 0
89 66 104518 0
57 63 104588 0
18 55 104599 0
32 40 104610 1
78 64 104643 0
56 71 104651 0
47 61 104661 0
80 64 104668 0
52 85 104701 0
38 61 104811 0
31 61 104856 0
83 104 104872 0
73 81 105058 1
66 100 105069 0
45 62 105136 0
26 40 105153 1
66 99 105157 0
61 96 105194 0
49 40 105239 1
65 99 105264 0
57 93 105318 0
28 62 105357 0
19 55 105370 0
49 62 105472 0
45 65 105474 0
92 49 105496 1
33 60 105664 0
45 40 105742 1
95 53 105850 1
39 40 105891 1
90 84 105894 1
34 40 105926 1
89 83 105984 1
56 72 106000 0
87 83 106101 1
70 100 106316 0
83 65 106321 0
56 73 106356 0
74 41 106388 1
56 78 106400 0
84 69 106496 0
49 41 106508 1
14 49 106509 0
56 83 106542 0
95 85 106543 1
109 45 106618 1
36 61 106678 0
53 62 106726 0
71 76 106736 1
15 53 106741 0
91 50 106819 1
86 46 106882 1
94 105 106895 0
71 79 106915 1
37 40 106974 1
74 103 107046 0
68 41 107093 1
53 88 107161 0
78 63 107264 0
24 60 107391 0
80 43 107447 1
100 94 107587 1
60 96 107603 0
40 64 107619 0
22 58 107702 0
63 96 107708 0
19 57 107728 0
59 62 107746 0
90 48 107773 1
17 51 107803 0
43 41 107873 1
77 42 107899 1
54 93 108001 0
20 57 108017 0
52 41 108084 1
83 47 108145 1
91 84 108171 1
93 85 108190 1
109 45 108206 0
55 87 108212 0
88 67 108216 0
31 62 108224 0
19 55 108411 0
19 58 108476 0
70 102 108515 0
63 100 108562 0
97 58 108564 1
55 76 108577 0
58 93 108578 0
85 47 108786 1
18 55 108788 0
22 59 108927 0
81 43 108956 1
63 98 109006 0
94 52 109029 1
84 108 109079 0
57 64 109145 0
77 83 109160 1
87 48 109200 1
77 61 109246 0
46 61 109379 0
38 61 109396 0
17 54 109414 0
72 102 109461 0
69 102 109504 0
30 39 109517 1
79 66 109661 0
33 62 109688 0
83 65 109865 0
57 93 109898 0
93 52 109988 1
26 39 110031 1
21 39 110123 1
96 86 110324 1
17 56 110327 0
87 105 110578 0
33 39 110611 1
80 64 110641 0
83 66 110782 0
16 50 110853 0
56 79 110962 0
89 70 110966 0
73 101 111022 0
25 62 111086 0
16 52 111093 0
47 60 111131 0
66 41 111330 1
19 40 111349 1
55 81 111359 0
74 104 111372 0
54 85 111405 0
36 40 111497 1
88 48 111676 1
75 101 111741 0
59 62 111777 0
41 41 111888 1
81 102 111943 0
86 106 112079 0
95 56 112121 1
86 84 112262 1
79 102 112284 0
65 99 112308 0
35 62 112317 0
60 96 112344 0
18 55 112441 0
55 77 112474 0
35 61 112516 0
58 93 112548 0
17 43 112630 0
40 61 112632 0
91 66 112666 0
19 55 112710 0
50 62 112746 0
96 55 112979 1
55 87 113096 0
56 78 113112 0
55 73 113155 0
93 50 113220 1
46 61 113233 0
84 83 113260 1
77 61 113317 0
72 41 113382 1
56 96 113427 0
22 58 113535 0
78 83 113631 1
41 40 113657 1
23 39 113784 1
43 40 113785 1
100 95 114133 1
88 67 114194 0
74 82 114236 1
42 40 114284 1
85 108 114548 0
95 86 114612 1
38 61 114643 0
53 82 114647 0
82 64 114770 0
57 93 114854 0
89 84 115055 1
96 57 115060 1
94 85 115069 1
82 103 115275 0
94 51 115275 1
85 84 115325 1
17 51 115334 0
93 104 115381 0
90 83 115386 1
98 86 115390 1
27 63 115398 0
89 68 115445 0
55 88 115452 0
95 54 115454 1
86 66 115457 0
82 43 115481 1
62 41 115488 1
48 40 115517 1
20 57 115727 0
80 66 115745 0
86 83 115778 1
100 90 115893 1
88 66 115932 0
73 82 116012 1
71 41 116023 1
86 47 116024 1
49 60 116048 0
86 67 116069 0
90 105 116122 0
64 98 116175 0
81 102 116210 0
56 64 116218 0
75 81 116336 1
100 92 116365 1
100 97 116370 1
91 105 116383 0
99 88 116390 1
87 105 116402 0
61 41 116423 1
77 41 116480 1
60 96 116499 0
96 58 116517 1
96 62 116535 1
97 86 116536 1
93 54 116552 1
57 41 116572 1
27 40 116574 1
88 83 116629 1
72 75 116657 1
64 97 116677 0
99 98 116685 1
59 41 116693 1
72 80 116701 1
100 96 116751 1
69 41 116815 1
100 89 116848 1
83 65 116864 0
90 49 116891 1
89 48 116895 1
74 67 116908 1
43 61 116908 0
97 57 116926 1
79 102 116939 0
87 84 116996 1
96 56 117017 1
28 62 117105 0
78 42 117115 1
91 49 117121 1
109 45 117166 1
95 62 117173 1
83 66 117320 0
74 69 117362 1
79 42 117430 1
56 79 117442 0
56 82 117446 0
63 39 117513 1
75 41 117524 1
55 40 117530 1
98 87 117563 1
27 39 117604 1
68 42 117643 1
56 71 117653 0
85 83 117674 1
70 101 117740 0
59 65 117749 0
93 51 117750 1
93 85 117757 1
109 45 117764 0
77 61 117773 0
55 86 117776 0
84 45 117781 1
83 44 117797 1
78 82 117811 1
46 40 117817 1
70 41 117856 1
56 81 117856 0
99 89 117864 1
82 64 117864 0
77 82 117879 1
79 101 117881 0
96 53 117969 1
95 52 117976 1
82 44 117977 1
58 94 118001 0
49 61 118004 0
62 96 118029 0
93 84 118036 1
80 62 118123 0
79 43 118129 1
58 93 118129 0
18 55 118235 0
91 66 118294 0
57 69 118309 0
40 40 118348 1
82 83 118385 1
85 46 118416 1
80 42 118461 1
87 47 118482 1
100 88 118527 1
60 41 118540 1
83 45 118542 1
57 61 118556 0
71 77 118561 1
75 101 118565 0
42 61 118567 0
89 104 118573 0
99 87 118575 1
59 62 118575 0
33 40 118601 1
72 102 118612 0
46 61 118627 0
89 66 118635 0
59 92 118640 0
93 50 118673 1
96 57 118679 1
48 61 118682 0
68 99 118718 0
79 82 118730 1
25 39 118732 1
72 79 118740 1
96 60 118750 1
97 87 118770 1
38 40 118771 1
81 43 118793 1
91 84 118807 1
94 104 118821 0
95 53 118823 1
77 101 118831 0
109 45 118848 1
94 50 118882 1
95 86 118883 1
19 54 118901 0
16 52 118911 0
109 45 118911 0
37 39 118950 1
87 83 118967 1
31 62 118981 0
95 85 118983 1
67 41 118992 1
65 41 118993 1
84 44 119027 1
55 87 119036 0
81 83 119111 1
90 84 119115 1
79 41 119131 1
47 60 119158 0
40 41 119179 1
89 84 119187 1
81 42 119189 1
90 105 119224 0
74 81 119259 1
73 71 119328 1
47 40 119355 1
92 84 119371 1
81 44 119375 1
88 84 119394 1
80 43 119433 1
72 90 119433 1
72 78 119433 1
17 49 119435 0
89 83 119439 1
97 59 119441 1
56 75 119456 0
35 39 119461 1
53 41 119463 1
72 77 119476 1
22 57 119481 0
81 102 119516 0
86 66 119532 0
68 41 119571 1
57 92 119595 0
79 83 119602 1
91 83 119641 1
67 42 119663 1
85 47 119684 1
88 48 119691 1
74 82 119793 1
60 40 119835 1
23 59 119862 0
63 96 119869 0
88 66 119894 0
61 40 119918 1
18 54 119933 0
54 40 119947 1
83 84 119948 1
72 80 119969 1
78 41 119988 1
65 37 119993 1
58 40 120015 1
59 40 120018 1
44 61 120040 0
96 85 120044 1
99 88 120069 1
101 92 120138 1
73 80 120141 1
94 85 120160 1
50 41 120191 1
94 51 120214 1
34 39 120214 1
73 41 120255 1
55 61 120288 0
101 94 120305 1
37 60 120310 0
55 88 120314 0
76 42 120339 1
74 71 120348 1
83 83 120362 1
85 45 120388 1
50 40 120433 1
31 39 120449 1
73 82 120460 1
109 45 120463 1
30 38 120489 1
35 40 120504 1
17 53 120523 0
33 38 120529 1
74 101 120539 0
27 60 120549 0
33 60 120571 0
41 61 120571 0
80 62 120586 0
49 40 120622 1
86 106 120658 0
78 83 120674 1
27 61 120677 0
17 42 120677 0
57 60 120700 0
51 40 120781 1
85 66 120795 0
19 55 120796 0
82 64 120823 0
71 101 120894 0
60 96 120921 0
90 49 121026 1
17 52 121073 0
57 41 121089 1
49 60 121117 0
28 61 121120 0
70 100 121143 0
34 40 121178 1
82 65 121265 0
86 46 121284 1
76 41 121384 1
95 54 121428 1
79 102 121439 0
39 39 121450 1
55 41 121536 1
64 41 121583 1
36 39 121584 1
85 104 121590 0
56 83 121592 0
82 43 121628 1
97 86 121637 1
100 95 121640 1
79 42 121674 1
109 45 121695 0
72 41 121770 1
19 54 121781 0
55 84 121829 0
92 66 121830 0
68 99 121857 0
59 41 121891 1
22 58 121948 0
77 41 121979 1
43 61 121983 0
78 42 122018 1
54 62 122083 0
94 84 122151 1
43 40 122191 1
88 67 122215 0
97 54 122249 1
83 103 122256 0
54 41 122271 1
73 110 122295 0
49 61 122313 0
58 41 122430 1
26 39 122431 1
30 120 122446 1
62 41 122498 1
98 86 122519 1
73 101 122560 0
29 39 122564 1
88 83 122565 1
80 63 122584 0
32 39 122594 1
54 87 122602 0
94 52 122621 1
86 83 122643 1
95 51 122669 1
41 40 122715 1
57 93 122735 0
98 87 122777 1
90 83 122779 1
30 39 122783 1
29 40 122859 1
45 40 122879 1
17 49 122922 0
56 40 122974 1
17 51 122974 0
83 44 122976 1
80 62 123002 0
100 92 123009 1
17 54 123090 0
74 68 123092 1
78 63 123092 0
85 84 123114 1
55 79 123169 0
67 97 123187 0
87 48 123199 1
74 41 123221 1
48 39 123235 1
38 61 123243 0
25 39 123281 1
23 38 123289 1
22 39 123308 1
83 65 123424 0
91 105 123432 0
27 39 123469 1
89 105 123483 0
40 40 123529 1
77 83 123542 1
91 107 123549 0
59 99 123569 0
90 105 123673 0
64 97 123688 0
36 61 123692 0
74 64 123709 1
70 101 123718 0
81 103 123730 0
69 41 123731 1
38 40 123759 1
66 41 123788 1
87 105 123835 0
100 87 123903 1
22 57 123918 0
39 40 123951 1
87 84 123971 1
100 94 124011 1
30 40 124020 1
53 60 124021 0
72 73 124050 1
58 61 124054 0
77 82 124106 1
24 40 124119 1
55 91 124157 0
47 60 124190 0
80 42 124244 1
74 101 124258 0
74 66 124266 1
15 53 124324 0
21 58 124380 0
56 79 124411 0
56 90 124430 0
44 61 124452 0
82 67 124480 0
77 61 124487 0
71 41 124501 1
54 85 124527 0
40 39 124677 1
15 59 124710 0
80 103 124745 0
20 57 124755 0
82 42 124815 1
18 55 124821 0
74 102 124878 0
57 68 125039 0
79 101 125046 0
25 60 125066 0
82 83 125067 1
93 85 125069 1
19 54 125099 0
18 56 125150 0
74 67 125151 1
71 101 125159 0
91 66 125161 0
22 60 125191 0
96 86 125259 1
58 68 125275 0
16 48 125329 0
34 61 125335 0
49 41 125380 1
83 66 125400 0
18 54 125401 0
29 61 125516 0
68 99 125636 0
46 61 125742 0
81 102 125796 0
93 51 125836 1
85 83 125840 1
55 88 125877 0
27 60 125889 0
28 59 125898 0
83 103 125912 0
65 41 125935 1
33 40 125981 1
85 104 126033 0
72 96 126064 1
72 76 126064 1
73 72 126069 1
35 39 126088 1
97 56 126100 1
48 40 126135 1
33 39 126138 1
75 41 126147 1
82 64 126157 0
88 47 126159 1
58 93 126227 0
92 49 126279 1
81 42 126298 1
95 52 126301 1
73 81 126304 1
60 96 126344 0
68 41 126344 1
55 82 126375 0
56 78 126441 0
33 60 126461 0
17 56 126463 0
57 95 126468 0
36 62 126490 0
80 63 126502 0
61 62 126504 0
90 67 126512 0
92 104 126512 0
78 65 126557 0
15 60 126600 0
17 55 126601 0
52 107 126651 0
52 41 126651 1
62 40 126873 1
55 87 126989 0
91 49 127035 1
41 39 127064 1
46 40 127066 1
43 39 127244 1
52 40 127254 1
63 40 127257 1
96 61 127335 1
60 41 127336 1
49 40 127395 1
72 79 127396 1
81 43 127400 1
53 60 127440 0
47 40 127469 1
28 39 127497 1
49 61 127507 0
57 80 127587 0
67 41 127643 1
26 60 127672 0
96 55 127829 1
89 105 127914 0
79 63 127930 0
80 62 128037 0
58 61 128055 0
57 91 128074 0
79 102 128087 0
89 67 128106 0
80 64 128119 0
75 103 128195 0
85 106 128219 0
74 101 128269 0
14 51 128275 0
97 58 128319 1
28 61 128365 0
75 81 128375 1
19 55 128410 0
76 102 128419 0
83 43 128470 1
85 64 128521 0
95 53 128543 1
50 40 128581 1
74 82 128684 1
56 92 128725 0
75 101 128734 0
81 83 128783 1
59 92 128811 0
26 38 128930 1
78 82 128976 1
56 82 129005 0
87 47 129009 1
43 61 129036 0
69 39 129328 1
55 83 129376 0
70 41 129414 1
62 95 129584 0
53 40 129668 1
83 82 129928 1
101 93 129948 1
81 62 129951 0
56 80 129961 0
51 40 129965 1
72 75 130122 1
38 39 130172 1
23 39 130203 1
90 48 130298 1
45 41 130301 1
84 83 130307 1
90 84 130307 1
87 65 130382 0
83 103 130396 0
57 74 130427 0
46 39 130468 1
97 57 130522 1
95 87 130530 1
91 84 130555 1
71 77 130562 1
89 84 130582 1
75 82 130589 1
46 63 130630 0
49 39 130663 1
57 40 130680 1
87 67 130724 0
55 40 130793 1
87 83 130845 1
34 39 130848 1
85 46 130856 1
109 45 130925 1
89 104 130928 0
101 91 130956 1
80 63 131027 0
25 60 131033 0
99 86 131086 1
99 87 131086 1
55 89 131241 0
44 61 131282 0
82 44 131297 1
61 62 131339 0
88 65 131342 0
60 99 131398 0
88 66 131404 0
54 62 131525 0
55 75 131546 0
95 103 131591 0
93 84 131595 1
84 106 131618 0
93 83 131672 1
84 84 131672 1
92 84 131793 1
88 48 131824 1
34 40 131824 1
81 7 131914 1
97 60 131931 1
99 88 131960 1
70 99 131960 0
93 50 132099 1
26 60 132103 0
94 85 132154 1
57 91 132164 0
55 86 132267 0
72 77 132385 1
54 86 132411 0
89 48 132433 1
101 90 132439 1
96 57 132450 1
19 58 132485 0
94 51 132534 1
101 95 132562 1
36 38 132583 1
100 89 132736 1
57 39 132840 1
80 82 132868 1
87 103 132890 0
100 90 132904 1
62 95 132906 0
89 45 132923 1
9 126 132927 1
72 80 133044 1
39 38 133049 1
63 96 133118 0
18 56 133123 0
25 39 133137 1
81 62 133159 0
84 45 133178 1
47 59 133193 0
81 35 133211 1
90 105 133254 0
72 67 133293 1
37 60 133408 0
65 40 133418 1
86 66 133435 0
71 101 133467 0
79 63 133491 0
86 106 133501 0
18 42 133541 0
21 60 133593 0
71 102 133604 0
77 64 133647 0
74 70 133651 1
76 82 133661 1
16 52 133680 0
96 53 133687 1
90 49 133774 1
54 88 133828 0
85 104 133854 0
55 82 133928 0
45 44 133956 1
60 96 133987 0
26 39 133995 1
78 101 134003 0
68 99 134010 0
72 78 134034 1
49 60 134111 0
31 39 134112 1
95 86 134175 1
28 59 134186 0
76 81 134202 1
49 59 134222 0
35 40 134271 1
77 41 134323 1
58 61 134325 0
95 85 134487 1
57 74 134496 0
66 40 134602 1
89 105 134697 0
55 60 134700 0
57 92 134713 0
65 98 134722 0
56 80 134729 0
57 71 134751 0
61 40 135041 1
89 83 135071 1
53 60 135215 0
42 39 135246 1
45 61 135323 0
21 55 135379 0
100 88 135425 1
57 60 135496 0
45 39 135536 1
89 66 135590 0
37 39 135673 1
70 99 135740 0
43 40 135923 1
19 54 135928 0
74 101 135975 0
41 64 136057 0
53 61 136088 0
56 81 136140 0
84 44 136187 1
100 97 136209 1
67 97 136292 0
92 104 136316 0
45 64 136351 0
17 51 136354 0
62 95 136373 0
54 93 136453 0
26 60 136471 0
85 107 136522 0
76 102 136600 0
47 61 136728 0
56 92 136737 0
89 47 136841 1
50 63 137055 0
29 39 137241 1
74 81 137353 1
59 40 137419 1
54 40 137564 1
82 43 137800 1
72 41 137830 1
17 49 137862 0
86 46 138094 1
73 41 138099 1
17 48 138251 0
39 61 138436 0
92 67 138534 0
78 101 138537 0
78 102 138549 0
65 99 138554 0
55 85 138573 0
58 40 138608 1
67 40 138767 1
3 77 138789 1
57 91 138815 0
55 89 138846 0
81 62 138977 0
21 39 139018 1
56 61 139059 0
99 86 139083 1
54 89 139117 0
85 103 139129 0
60 95 139138 0
56 89 139563 0
94 50 139589 1
70 101 139599 0
54 61 139603 0
25 38 139617 1
64 40 139618 1
57 90 139672 0
87 67 139837 0
87 107 140067 0
18 48 140092 0
55 60 140189 0
97 86 140227 1
59 64 140247 0
88 83 140258 1
87 66 140317 0
25 60 140320 0
41 62 140537 0
18 56 140573 0
65 98 140594 0
79 63 140789 0
38 40 140859 1
78 41 140993 1
60 96 141048 0
80 42 141057 1
57 74 141108 0
90 47 141122 1
59 62 141175 0
27 39 141185 1
52 39 141289 1
58 92 141325 0
20 39 141338 1
60 40 141355 1
96 103 141600 0
45 61 141809 0
80 63 141988 0
48 63 142017 0
80 62 142083 0
37 63 142114 0
26 60 142145 0
21 55 142189 0
57 72 142249 0
56 80 142330 0
19 57 142418 0
58 62 142440 0
17 48 142542 0
55 90 142691 0
93 104 142788 0
98 85 142794 1
67 99 142956 0
57 71 143009 0
28 61 143082 0
53 61 143254 0
30 39 143345 1
83 83 143372 1
77 101 143610 0
86 105 143769 0
56 85 143859 0
62 95 144133 0
44 39 144139 1
60 63 144193 0
85 103 144241 0
5 56 144261 0
40 61 144281 0
15 50 144438 0
83 103 144492 0
56 89 144561 0
15 57 144730 0
31 62 144733 0
55 82 144856 0
77 62 144880 0
87 66 144937 0
100 98 144942 1
17 53 144967 0
60 96 145036 0
57 90 145160 0
55 85 145186 0
60 62 145310 0
11 56 145388 0
54 61 145392 0
20 68 145393 0
79 62 145410 0
15 44 145426 0
52 62 145453 0
70 99 145649 0
57 73 145697 0
73 103 145815 0
60 82 145821 1
58 92 145842 0
62 97 145890 0
60 95 145912 0
78 102 146022 0
56 61 146143 0
51 90 146268 0
78 101 146355 0
16 53 146427 0
47 60 146528 0
62 96 146802 0
27 69 146828 0
85 105 146881 0
39 61 146893 0
55 89 146911 0
38 62 147012 0
55 88 147181 0
109 45 147214 0
19 59 147234 0
69 101 147354 0
56 92 147374 0
17 48 147378 0
76 41 147508 1
58 64 147594 0
52 61 147596 0
32 39 147743 1
84 103 147860 0
96 102 147899 0
60 96 147994 0
57 72 148221 0
86 83 148283 1
57 65 148484 0
55 80 148761 0
16 45 148818 0
81 64 149156 0
79 41 149236 1
69 100 149346 0
56 89 149439 0
81 101 149528 0
53 37 149664 1
45 61 149859 0
87 67 150195 0
52 94 150370 0
86 105 150667 0
11 59 150754 0
65 98 150862 0
67 99 150868 0
46 63 150900 0
16 49 150990 0
49 61 151311 0
79 62 151368 0
60 63 151427 0
56 85 151443 0
45 40 151494 1
63 97 151523 0
54 86 151894 0
59 61 152023 0
80 66 152091 0
83 44 152265 1
58 92 152399 0
18 56 152428 0
25 58 152447 0
60 62 152472 0
54 61 152525 0
53 61 152538 0
72 101 152709 0
84 104 152886 0
78 62 152917 0
87 66 153112 0
66 98 153846 0
36 39 153928 1
54 88 154049 0
63 95 154094 0
84 103 154094 0
21 56 154266 0
34 60 154347 0
35 60 154378 0
57 73 154396 0
97 85 154674 1
51 63 154818 0
81 65 154919 0
76 101 154937 0
86 82 154973 1
45 60 154980 0
85 45 155041 1
92 83 155226 1
52 61 155319 0
89 68 155336 0
98 87 155346 1
77 82 155518 1
79 42 155529 1
75 41 155577 1
96 85 155588 1
87 65 155814 0
90 83 155818 1
100 86 155908 1
74 41 155976 1
77 102 156006 0
91 49 156029 1
91 105 156033 0
56 98 156091 0
17 46 156106 0
99 87 156162 1
85 64 156168 0
95 52 156338 1
41 40 156348 1
98 86 156378 1
74 69 156395 1
83 64 156434 0
84 43 156495 1
91 83 156505 1
79 82 156520 1
79 101 156560 0
75 66 156599 1
97 57 156631 1
82 83 156643 1
87 47 156670 1
101 92 156694 1
85 46 156720 1
91 48 156729 1
93 50 156736 1
72 102 156738 0
88 47 156814 1
101 89 156828 1
73 79 156858 1
81 62 156954 0
69 100 156961 0
56 83 156970 0
69 41 156975 1
81 42 156984 1
56 40 157005 1
97 86 157022 1
97 55 157043 1
73 80 157058 1
56 89 157096 0
94 72 157097 0
94 49 157097 1
88 65 157106 0
94 84 157110 1
87 82 157126 1
50 39 157156 1
68 41 157181 1
91 84 157210 1
87 46 157219 1
95 85 157247 1
94 51 157306 1
93 85 157341 1
90 105 157403 0
56 86 157436 0
91 66 157458 0
78 82 157477 1
57 41 157522 1
47 39 157529 1
85 83 157564 1
24 58 157606 0
92 49 157611 1
81 64 157643 0
86 45 157669 1
88 104 157680 0
61 62 157708 0
84 82 157709 1
81 82 157720 1
82 64 157729 0
101 93 157766 1
85 103 157773 0
39 39 157775 1
59 92 157783 0
89 104 157819 0
72 110 157850 0
101 94 157853 1
81 101 157880 0
97 56 157923 1
86 46 157963 1
92 84 157995 1
74 80 158008 1
75 81 158030 1
95 51 158040 1
81 83 158052 1
40 40 158071 1
82 42 158071 1
29 38 158096 1
100 88 158097 1
77 40 158101 1
99 85 158114 1
85 45 158116 1
87 83 158135 1
94 85 158138 1
73 71 158155 1
75 64 158184 1
71 41 158191 1
52 62 158216 0
86 105 158223 0
51 39 158227 1
57 83 158263 0
33 60 158274 0
41 62 158284 0
87 103 158404 0
58 72 158423 0
60 95 158478 0
90 48 158566 1
63 95 158577 0
93 84 158620 1
93 65 158642 0
83 42 158653 1
81 41 158655 1
97 53 158661 1
100 87 158681 1
83 43 158684 1
100 90 158699 1
22 57 158720 0
91 49 158747 1
72 79 158774 1
66 98 158797 0
96 60 158801 1
90 49 158802 1
67 97 158810 0
65 41 158816 1
85 64 158902 0
27 38 158951 1
83 44 158965 1
78 102 158975 0
35 39 159014 1
72 78 159026 1
59 41 159057 1
96 53 159067 1
72 80 159070 1
33 39 159079 1
58 39 159082 1
22 58 159105 0
59 61 159117 0
47 40 159161 1
109 45 159166 1
53 60 159185 0
79 100 159257 0
73 73 159258 1
73 82 159286 1
81 61 159288 0
94 50 159294 1
51 40 159294 1
50 40 159298 1
56 61 159322 0
70 40 159330 1
31 38 159349 1
68 40 159376 1
77 41 159396 1
49 40 159400 1
78 41 159401 1
88 46 159423 1
21 56 159449 0
49 60 159473 0
17 48 159483 0
77 81 159491 1
78 40 159507 1
25 58 159515 0
85 44 159525 1
101 91 159525 1
80 82 159526 1
87 65 159542 0
89 83 159570 1
18 48 159615 0
97 54 159632 1
34 60 159644 0
62 40 159651 1
109 45 159660 0
28 59 159669 0
57 90 159688 0
37 38 159689 1
57 80 159692 0
56 91 159713 0
52 40 159715 1
40 39 159717 1
43 39 159735 1
22 55 159756 0
81 43 159769 1
97 59 159774 1
61 40 159797 1
54 89 159798 0
93 50 159822 1
100 96 159832 1
28 38 159835 1
62 95 159845 0
70 99 159845 0
81 102 159869 0
67 41 159873 1
22 39 159917 1
61 95 159950 0
84 44 159951 1
55 60 159958 0
48 62 160033 0
70 41 160038 1
101 90 160048 1
57 75 160073 0
74 68 160073 1
63 40 160103 1
93 49 160108 1
92 106 160110 0
77 101 160121 0
57 60 160141 0
71 100 160155 0
37 60 160171 0
57 82 160206 0
79 41 160216 1
54 39 160239 1
55 39 160274 1
48 39 160344 1
58 92 160399 0
74 67 160425 1
41 39 160425 1
34 39 160425 1
97 85 160471 1
88 48 160508 1
55 40 160515 1
27 60 160520 0
31 39 160524 1
99 87 160556 1
85 46 160575 1
26 39 160599 1
73 74 160606 1
76 101 160682 0
54 40 160691 1
75 101 160699 0
79 40 160705 1
96 84 160722 1
72 41 160723 1
87 47 160729 1
59 66 160731 0
57 74 160734 0
83 64 160743 0
96 85 160763 1
45 39 160788 1
74 72 160809 1
49 39 160811 1
84 68 160816 0
38 39 160823 1
19 54 160833 0
23 59 160834 0
95 52 160851 1
36 39 160859 1
55 80 160866 0
35 60 160878 0
30 38 160892 1
97 58 160899 1
56 87 160901 0
87 45 160936 1
76 40 160977 1
95 85 161000 1
45 60 161016 0
82 102 161022 0
25 39 161023 1
47 59 161046 0
90 83 161089 1
60 96 161148 0
81 42 161195 1
16 49 161205 0
56 80 161222 0
89 47 161261 1
73 79 161277 1
81 62 161283 0
75 68 161296 1
58 40 161301 1
65 40 161301 1
88 65 161322 0
55 85 161370 0
65 39 161376 1
82 82 161430 1
73 75 161455 1
83 82 161456 1
21 55 161471 0
84 106 161495 0
97 86 161499 1
57 91 161514 0
76 104 161527 0
76 81 161527 1
79 82 161536 1
72 77 161553 1
73 78 161593 1
89 82 161604 1
91 83 161608 1
98 86 161707 1
47 39 161745 1
101 92 161749 1
66 39 161752 1
53 39 161760 1
17 46 161794 0
88 104 161797 0
86 46 161807 1
39 39 161828 1
66 40 161834 1
78 82 161851 1
77 82 161858 1
47 60 161895 0
59 67 161909 0
85 45 161918 1
56 86 161933 0
24 58 161980 0
67 40 161990 1
68 41 162057 1
24 38 162063 1
46 39 162069 1
73 41 162094 1
99 86 162109 1
72 101 162109 0
82 83 162161 1
73 101 162173 0
96 63 162175 1
16 47 162201 0
19 55 162226 0
78 101 162269 0
93 83 162279 1
75 69 162343 1
35 39 162363 1
98 85 162460 1
81 101 162495 0
73 80 162512 1
89 66 162514 0
63 95 162527 0
92 49 162538 1
75 81 162584 1
98 58 162601 1
60 61 162611 0
80 41 162639 1
71 40 162642 1
86 43 162710 1
92 83 162731 1
88 66 162757 0
30 39 162782 1
23 38 162839 1
49 59 162873 0
61 61 162879 0
79 101 162948 0
94 51 162969 1
42 39 162999 1
92 104 163098 0
37 39 163102 1
88 83 163235 1
84 103 163252 0
42 38 163259 1
95 84 163293 1
57 61 163306 0
34 38 163318 1
26 60 163352 0
101 93 163353 1
59 40 163401 1
13 56 163446 0
91 84 163460 1
59 59 163469 0
94 84 163483 1
82 42 163509 1
26 38 163512 1
21 56 163599 0
87 46 163658 1
75 63 163688 1
58 61 163743 0
63 97 163805 0
61 60 163819 0
101 95 163831 1
27 37 163837 1
37 61 163878 0
58 72 163915 0
72 75 163916 1
98 56 163929 1
34 60 164069 0
83 66 164095 0
101 88 164124 1
17 49 164147 0
33 38 164166 1
24 56 164211 0
78 42 164267 1
90 48 164318 1
69 41 164411 1
59 92 164419 0
50 38 164420 1
18 48 164428 0
50 39 164460 1
79 62 164468 0
61 38 164476 1
27 39 164543 1
109 45 164551 1
74 101 164557 0
57 70 164575 0
16 45 164579 0
95 51 164620 1
69 97 164633 0
66 98 164686 0
78 62 164690 0
18 55 164695 0
56 76 164710 0
33 60 164737 0
91 48 164774 1
89 105 164804 0
43 36 164818 1
33 61 164849 0
67 98 164856 0
73 40 164912 1
67 97 164916 0
56 85 164921 0
43 39 164969 1
109 45 165004 0
19 53 165021 0
86 83 165039 1
25 58 165042 0
79 100 165063 0
79 42 165081 1
61 63 165089 0
92 66 165123 0
78 81 165125 1
97 55 165164 1
60 96 165256 0
75 66 165374 1
53 60 165412 0
75 102 165445 0
71 100 165465 0
50 40 165478 1
82 102 165479 0
51 70 165566 0
39 59 165612 0
56 82 165695 0
81 61 165786 0
42 61 165882 0
31 39 165929 1
56 87 166076 0
83 43 166154 1
87 65 166302 0
17 52 166307 0
22 55 166324 0
63 96 166420 0
29 39 166457 1
60 64 166458 0
83 64 166459 0
67 99 166465 0
57 73 166466 0
88 104 166480 0
56 81 166482 0
61 61 166494 0
27 38 166519 1
97 57 166555 1
57 86 166600 0
23 39 166621 1
92 48 166633 1
51 40 166640 1
85 65 166682 0
95 50 166790 1
28 59 166797 0
17 43 166801 0
46 61 166803 0
93 84 166878 1
85 103 166980 0
77 61 167009 0
97 56 167010 1
58 93 167017 0
56 86 167069 0
49 40 167088 1
24 58 167159 0
22 38 167235 1
81 63 167308 0
77 102 167351 0
74 41 167378 1
57 75 167453 0
21 55 167466 0
74 40 167477 1
59 93 167501 0
72 76 167502 1
56 79 167505 0
25 38 167539 1
61 40 167571 1
60 63 167591 0
44 61 167614 0
64 97 167616 0
70 100 167624 0
65 42 167658 1
18 54 167661 0
57 72 167677 0
100 88 167707 1
41 39 167821 1
57 71 167945 0
51 39 167973 1
56 74 168013 0
60 61 168080 0
76 102 168128 0
35 60 168241 0
73 100 168244 0
26 39 168276 1
77 41 168299 1
88 108 168335 0
34 39 168523 1
85 64 168546 0
64 40 168580 1
87 103 168601 0
40 39 168639 1
72 78 168645 1
18 42 168651 0
61 95 168774 0
45 39 168884 1
17 46 168893 0
84 44 168974 1
47 62 169013 0
56 40 169067 1
55 84 169215 0
76 101 169253 0
57 77 169264 0
56 91 169280 0
86 105 169393 0
21 56 169434 0
65 97 169439 0
26 59 169508 0
39 59 169516 0
63 95 169605 0
90 66 169653 0
73 72 169827 1
91 49 169856 1
48 39 169920 1
88 47 170032 1
85 83 170051 1
40 38 170153 1
19 53 170174 0
54 62 170176 0
87 83 170246 1
96 53 170307 1
60 96 170345 0
21 38 170411 1
83 65 170421 0
45 60 170424 0
94 50 170449 1
81 82 170468 1
29 60 170484 0
52 61 170529 0
75 67 170530 1
71 41 170535 1
67 98 170552 0
52 39 170562 1
89 104 170611 0
101 91 170618 1
70 99 170700 0
57 83 170775 0
56 83 170815 0
43 60 170863 0
78 41 170890 1
82 102 170912 0
101 94 171295 1
38 38 171330 1
32 38 171420 1
101 96 171451 1
55 81 171468 0
55 60 171491 0
35 38 171510 1
100 87 171511 1
18 51 171665 0
58 69 171682 0
87 64 171719 0
85 82 171744 1
59 61 171795 0
56 89 171813 0
58 70 171864 0
88 67 171884 0
61 62 171888 0
81 101 171951 0
72 41 171969 1
81 42 171974 1
57 60 171983 0
84 43 172141 1
88 65 172184 0
22 57 172237 0
47 40 172286 1
17 44 172288 0
85 65 172294 0
58 68 172393 0
92 84 172398 1
99 88 172398 1
61 61 172405 0
22 39 172412 1
49 60 172459 0
48 61 172469 0
19 54 172481 0
34 60 172485 0
57 90 172490 0
40 40 172501 1
20 56 172502 0
59 60 172503 0
60 40 172526 1
79 41 172562 1
56 93 172657 0
69 40 172661 1
37 61 172679 0
80 62 172683 0
75 65 172692 1
59 93 172713 0
73 100 172747 0
16 47 172870 0
53 77 172880 0
57 88 172908 0
64 99 172920 0
69 100 173003 0
85 104 173028 0
81 63 173039 0
93 105 173042 0
38 39 173063 1
83 44 173069 1
55 40 173154 1
47 59 173173 0
17 48 173192 0
24 80 173275 0
60 96 173346 0
83 63 173378 0
30 59 173484 0
35 63 173487 0
87 66 173519 0
21 62 173537 0
56 73 173550 0
57 77 173553 0
58 92 173560 0
41 61 173599 0
86 66 173604 0
80 67 173624 0
60 62 173632 0
74 82 173636 1
13 54 173742 0
89 83 173849 1
56 87 173964 0
60 94 173988 0
82 103 173995 0
26 62 174009 0
23 58 174087 0
26 59 174277 0
39 39 174333 1
93 106 174339 0
62 40 174358 1
57 80 174368 0
22 61 174407 0
18 48 174512 0
36 39 174549 1
33 61 174551 0
30 60 174551 0
89 106 174656 0
56 78 174789 0
80 101 174793 0
54 61 174847 0
53 80 174871 0
20 65 174874 0
56 76 174876 0
15 49 174959 0
101 89 174962 1
57 62 174975 0
65 97 175000 0
62 39 175109 1
86 45 175136 1
71 100 175145 0
81 41 175155 1
33 39 175250 1
59 67 175347 0
67 96 175439 0
18 51 175571 0
25 39 175573 1
69 97 175577 0
55 89 175694 0
56 39 175712 1
47 60 175733 0
66 98 175753 0
58 40 175774 1
61 39 175869 1
29 60 175879 0
88 82 175884 1
49 94 175968 0
16 49 175998 0
35 39 176028 1
31 61 176055 0
70 105 176103 0
43 60 176129 0
59 60 176254 0
79 61 176259 0
39 61 176293 0
85 102 176344 0
57 81 176358 0
76 81 176494 1
83 63 176561 0
59 69 176584 0
48 60 176653 0
57 88 176814 0
94 83 176831 1
19 53 176845 0
30 59 176928 0
34 63 177011 0
56 88 177154 0
58 73 177228 0
74 80 177261 1
20 58 177275 0
48 62 177343 0
65 40 177405 1
96 85 177490 1
100 86 177557 1
90 66 177579 0
32 62 177589 0
71 99 177622 0
90 47 177662 1
51 61 177680 0
60 61 177696 0
72 40 177709 1
67 98 177845 0
76 104 177931 0
17 50 178002 0
62 94 178099 0
31 38 178101 1
58 69 178191 0
49 39 178234 1
81 64 178332 0
77 81 178379 1
58 70 178382 0
77 40 178482 1
29 38 178508 1
60 96 178513 0
26 38 178690 1
57 86 178702 0
84 64 178708 0
97 85 178710 1
36 38 178780 1
74 71 178834 1
59 39 178935 1
45 61 179190 0
64 101 179231 0
42 39 179299 1
80 82 179403 1
31 37 179538 1
54 60 179600 0
54 40 179645 1
90 49 179806 1
93 50 179832 1
68 98 179839 0
30 60 179867 0
74 70 180088 1
20 54 180127 0
46 39 180148 1
64 96 180149 0
101 90 180244 1
81 65 180264 0
20 56 180275 0
47 39 180287 1
30 39 180457 1
61 63 180482 0
85 102 180600 0
80 101 180641 0
19 56 180676 0
82 102 180875 0
73 100 180885 0
26 59 180905 0
59 93 180907 0
49 59 180985 0
79 61 181044 0
90 83 181062 1
81 63 181113 0
18 51 181199 0
60 94 181200 0
24 58 181364 0
75 41 181413 1
48 60 181452 0
95 52 181462 1
17 44 181624 0
60 39 181641 1
39 59 181728 0
96 51 181836 1
91 65 181900 0
37 39 181949 1
78 82 182162 1
101 92 182222 1
23 58 182261 0
95 85 182359 1
32 61 182362 0
93 48 182372 1
94 62 182373 0
94 49 182373 1
35 61 182407 0
81 61 182414 0
93 49 182423 1
88 104 182455 0
62 94 182473 0
85 45 182486 1
43 59 182491 0
87 82 182528 1
99 87 182537 1
81 62 182686 0
29 60 182703 0
89 47 182920 1
60 60 182969 0
85 64 182984 0
71 99 182991 0
55 87 183020 0
43 62 183045 0
36 63 183049 0
57 77 183169 0
75 64 183190 1
82 42 183201 1
95 49 183261 1
66 40 183264 1
50 39 183269 1
56 88 183284 0
79 81 183284 1
101 93 183292 1
86 46 183354 1
68 40 183436 1
22 59 183445 0
57 79 183478 0
57 81 183494 0
58 73 183524 0
85 65 183532 0
93 64 183635 0
99 86 183687 1
79 100 183785 0
97 53 183848 1
83 42 183857 1
61 92 183936 0
57 82 183958 0
98 86 183961 1
84 82 183963 1
96 61 183977 1
73 77 184026 1
86 44 184045 1
45 38 184088 1
83 64 184119 0
67 40 184140 1
58 72 184188 0
92 49 184203 1
75 81 184255 1
87 65 184296 0
67 97 184316 0
87 103 184332 0
83 63 184340 0
56 86 184351 0
73 80 184380 1
79 82 184400 1
75 99 184434 0
74 100 184442 0
97 54 184448 1
73 79 184455 1
59 59 184460 0
50 60 184473 0
85 44 184486 1
82 82 184518 1
83 41 184550 1
92 83 184562 1
63 39 184581 1
55 82 184604 0
54 60 184624 0
61 60 184628 0
80 81 184642 1
84 64 184649 0
57 74 184653 0
68 98 184681 0
53 60 184709 0
88 46 184716 1
73 76 184760 1
42 60 184913 0
17 45 184938 0
91 83 184978 1
78 40 185028 1
61 59 185040 0
59 60 185124 0
59 92 185141 0
41 38 185148 1
68 41 185149 1
58 69 185187 0
56 74 185207 0
87 47 185226 1
87 46 185260 1
101 91 185318 1
37 60 185327 0
85 102 185347 0
30 38 185371 1
28 60 185382 0
64 96 185385 0
58 39 185430 1
86 82 185432 1
70 41 185458 1
51 59 185511 0
80 40 185523 1
94 84 185539 1
64 39 185638 1
99 85 185672 1
91 47 185692 1
20 54 185708 0
57 39 185729 1
97 57 185737 1
109 45 185802 1
78 104 185853 0
24 56 185881 0
57 88 185980 0
54 39 185984 1
76 40 185987 1
97 56 185990 1
17 50 185992 0
90 48 185998 1
98 85 186014 1
21 53 186030 0
97 59 186059 1
82 83 186076 1
73 78 186223 1
24 38 186249 1
91 65 186258 0
22 55 186273 0
91 49 186297 1
96 102 186350 0
97 84 186378 1
67 39 186379 1
86 104 186399 0
94 50 186446 1
95 51 186463 1
43 60 186568 0
79 61 186587 0
87 64 186625 0
59 40 186629 1
30 59 186648 0
21 56 186659 0
93 83 186743 1
25 58 186800 0
96 84 186833 1
61 40 186934 1
33 60 186979 0
70 40 186980 1
39 94 186980 1
39 38 186980 1
89 82 187118 1
21 55 187123 0
30 60 187131 0
28 59 187163 0
91 48 187243 1
48 60 187275 0
59 94 187292 0
37 38 187343 1
17 46 187344 0
88 65 187352 0
85 45 187372 1
95 50 187379 1
73 41 187381 1
79 40 187425 1
97 86 187476 1
65 97 187581 0
83 82 187640 1
45 39 187640 1
21 39 187654 1
102 91 187738 1
77 60 187743 0
78 81 187808 1
60 60 187814 0
97 55 187826 1
43 39 187833 1
55 39 187839 1
27 38 187851 1
81 61 187944 0
57 84 188024 0
71 37 188036 1
75 70 188056 1
92 48 188084 1
85 42 188139 1
79 41 188194 1
67 96 188270 0
63 95 188288 0
58 70 188413 0
60 96 188528 0
83 43 188543 1
97 60 188561 1
23 38 188587 1
36 39 188671 1
84 44 188748 1
62 94 188754 0
86 45 188768 1
59 70 188770 0
55 83 188797 0
101 89 188836 1
61 61 188847 0
16 47 188858 0
75 66 188877 1
51 39 188894 1
87 44 188895 1
66 96 188972 0
33 38 188987 1
57 83 189025 0
25 38 189050 1
93 84 189065 1
80 101 189134 0
53 39 189156 1
101 90 189219 1
82 41 189268 1
68 98 189313 0
57 79 189319 0
81 81 189377 1
69 97 189396 0
28 62 189455 0
56 70 189475 0
75 40 189592 1
81 41 189643 1
39 39 189677 1
90 82 189679 1
71 99 189709 0
43 59 189789 0
20 56 189820 0
71 40 189842 1
16 45 189844 0
95 84 189968 1
50 60 189975 0
41 39 190003 1
48 39 190019 1
95 103 190080 0
101 97 190124 1
81 101 190134 0
52 39 190153 1
57 93 190162 0
42 60 190184 0
97 58 190227 1
33 61 190255 0
19 47 190290 0
31 39 190309 1
78 41 190352 1
47 59 190360 0
56 88 190450 0
73 73 190545 1
58 73 190604 0
43 38 190680 1
73 79 190682 1
51 60 190714 0
96 50 190772 1
54 60 190833 0
18 51 190852 0
74 80 190920 1
60 96 190938 0
28 38 190953 1
47 38 190964 1
100 87 191018 1
101 92 191051 1
92 64 191460 0
74 100 191512 0
34 39 191645 1
45 59 191791 0
40 39 191820 1
35 39 191838 1
20 54 191882 0
56 60 191891 0
57 75 191959 0
85 43 191963 1
100 86 192004 1
95 83 192022 1
101 95 192028 1
97 85 192086 1
74 40 192165 1
101 88 192187 1
86 46 192211 1
102 92 192410 1
95 47 192419 1
80 41 192619 1
80 105 192646 0
66 96 192687 0
96 62 192753 1
49 39 192853 1
28 60 192857 0
36 38 192912 1
99 99 192947 1
39 59 192971 0
98 57 193042 1
27 59 193118 0
126 72 193164 1
74 73 193211 1
109 45 193345 0
73 40 193383 1
19 56 193454 0
69 41 193506 1
75 63 193510 1
74 68 193573 1
58 59 193600 0
79 60 193704 0
75 100 193825 0
92 65 193844 0
18 48 193874 0
84 81 193909 1
21 59 193981 0
84 43 193994 1
51 61 193998 0
51 59 194008 0
69 40 194040 1
80 82 194054 1
81 82 194058 1
29 59 194080 0
74 67 194097 1
93 104 194101 0
41 60 194127 0
51 40 194328 1
87 83 194518 1
101 93 194547 1
60 94 194551 0
64 96 194559 0
92 104 194631 0
89 47 194655 1
17 44 194678 0
91 65 194755 0
94 49 194776 1
48 36 194797 1
17 50 194848 0
83 101 194874 0
87 45 194902 1
93 65 194916 0
62 39 194927 1
26 59 194929 0
100 90 194961 1
46 38 194981 1
67 40 194990 1
90 47 195068 1
77 40 195071 1
96 51 195137 1
57 92 195206 0
40 58 195421 0
89 104 195475 0
93 49 195476 1
98 55 195500 1
27 72 195520 0
82 42 195523 1
50 39 195533 1
94 104 195569 0
17 45 195692 0
97 54 195714 1
87 82 195718 1
101 87 195730 1
35 38 195847 1
85 102 195882 0
102 93 195888 1
97 53 195891 1
101 91 195939 1
84 64 195991 0
19 53 195998 0
73 74 196020 1
85 44 196070 1
91 83 196085 1
97 56 196103 1
83 63 196108 0
95 50 196118 1
34 38 196150 1
75 81 196202 1
61 39 196267 1
40 60 196272 0
73 75 196277 1
84 104 196305 0
85 103 196311 0
98 85 196343 1
79 60 196405 0
85 81 196414 1
73 77 196414 1
63 39 196428 1
42 38 196448 1
97 57 196459 1
101 96 196510 1
86 104 196527 0
75 65 196530 1
85 64 196571 0
65 40 196575 1
81 42 196617 1
87 64 196622 0
35 60 196635 0
54 40 196653 1
81 61 196676 0
98 54 196686 1
79 81 196720 1
101 89 196723 1
53 38 196735 1
85 40 196736 1
78 82 196755 1
87 103 196805 0
93 83 196805 1
91 48 196809 1
57 84 196820 0
79 100 196821 0
84 42 196826 1
82 40 196851 1
95 51 196874 1
51 60 196913 0
88 46 196922 1
72 40 196923 1
93 47 196945 1
77 41 196962 1
99 85 197031 1
61 92 197037 0
119 98 197041 1
75 64 197048 1
75 78 197052 1
87 46 197062 1
89 64 197067 0
73 72 197089 1
84 83 197092 1
84 82 197093 1
101 94 197163 1
31 38 197245 1
47 39 197262 1
80 81 197274 1
97 61 197295 1
76 81 197295 1
59 59 197308 0
66 96 197314 0
66 39 197353 1
73 80 197354 1
78 40 197368 1
94 83 197370 1
94 64 197372 0
98 56 197435 1
91 104 197437 0
93 50 197452 1
45 59 197459 0
62 95 197469 0
61 60 197475 0
65 39 197483 1
73 79 197512 1
86 45 197513 1
71 41 197520 1
56 60 197547 0
79 82 197573 1
81 40 197592 1
74 80 197640 1
73 78 197655 1
74 79 197787 1
93 97 197789 1
94 50 197796 1
101 90 197796 1
89 82 197798 1
69 97 197801 0
41 59 197833 0
83 101 197839 0
97 85 197846 1
75 68 197859 1
68 38 197868 1
98 53 197878 1
100 86 197886 1
70 40 197897 1
30 38 197906 1
56 85 197939 0
57 39 197967 1
100 85 197978 1
49 59 197979 0
57 86 198010 0
55 39 198013 1
91 47 198024 1
33 58 198032 0
67 96 198039 0
92 47 198075 1
92 48 198093 1
82 82 198127 1
75 99 198141 0
86 82 198151 1
79 40 198248 1
42 60 198250 0
96 84 198253 1
47 31 198258 1
25 37 198260 1
95 85 198262 1
76 66 198267 1
84 66 198273 0
81 41 198280 1
83 82 198284 1
57 80 198306 0
58 39 198330 1
58 59 198345 0
49 37 198350 1
85 43 198353 1
57 81 198355 0
60 96 198360 0
90 48 198395 1
24 37 198407 1
27 58 198424 0
66 40 198450 1
59 39 198464 1
48 38 198491 1
54 39 198499 1
50 60 198541 0
102 90 198545 1
89 46 198599 1
79 61 198617 0
35 118 198632 1
97 52 198637 1
77 81 198646 1
79 60 198665 0
60 60 198671 0
68 40 198676 1
45 39 198683 1
97 55 198748 1
83 81 198750 1
29 59 198755 0
32 38 198764 1
94 49 198778 1
68 98 198803 0
71 40 198824 1
57 59 198854 0
83 42 198859 1
57 77 198882 0
43 39 198902 1
38 38 198924 1
56 76 198948 0
87 65 198952 0
87 82 198961 1
89 47 198964 1
85 82 198965 1
101 88 199004 1
59 60 199016 0
59 66 199022 0
59 94 199024 0
106 55 199029 1
24 56 199043 0
58 40 199045 1
97 54 199083 1
74 78 199100 1
30 59 199105 0
21 53 199111 0
81 81 199116 1
98 58 199138 1
111 90 199152 1
85 44 199152 1
95 49 199153 1
67 97 199189 0
80 40 199189 1
88 65 199204 0
56 80 199219 0
96 50 199238 1
93 82 199259 1
97 43 199263 1
48 60 199268 0
95 50 199281 1
82 81 199282 1
58 72 199315 0
88 81 199321 1
27 59 199334 0
72 39 199336 1
32 61 199351 0
73 77 199356 1
75 100 199360 0
22 55 199374 0
49 60 199387 0
61 59 199390 0
42 58 199391 0
73 100 199408 0
88 43 199423 1
102 94 199436 1
63 39 199450 1
60 39 199469 1
41 38 199500 1
40 38 199506 1
36 38 199545 1
73 71 199557 1
20 52 199558 0
67 40 199591 1
87 64 199602 0
78 81 199605 1
36 121 199623 1
92 65 199630 0
98 84 199641 1
77 40 199653 1
56 71 199673 0
45 60 199683 0
79 101 199684 0
59 67 199717 0
101 95 199721 1
73 76 199729 1
85 45 199735 1
80 2 199739 1
86 44 199743 1
76 40 199769 1
54 38 199771 1
36 39 199786 1
88 45 199798 1
58 73 199819 0
94 84 199831 1
83 41 199831 1
51 39 199852 1
52 38 199872 1
78 101 199873 0
96 51 199889 1
50 61 199892 0
39 38 199905 1
65 96 199926 0
64 39 199936 1
57 88 199963 0
0 0 200010 0
