64 42 0 1
52 44 460 1
48 87 934 0
73 82 983 1
83 59 1076 0
48 85 1250 0
64 72 1360 1
21 63 1551 0
27 64 1592 0
48 69 1593 0
61 104 1898 0
18 56 1949 0
29 43 2066 1
101 47 2085 1
83 95 2222 0
68 61 2249 0
90 80 2483 1
51 100 2544 0
95 58 2862 0
24 64 3159 0
65 76 3335 1
47 64 3400 0
69 42 3431 1
82 59 3473 0
48 93 3604 0
102 51 3657 1
100 46 3751 1
88 77 3772 1
75 81 3837 1
81 43 3864 1
19 57 3941 0
91 43 3975 1
109 45 4171 1
81 42 4444 1
79 79 4453 1
109 45 4477 0
102 53 4502 1
84 42 4524 1
32 45 4572 1
102 52 4617 1
97 43 4688 1
55 44 4689 1
91 80 4781 1
65 70 4827 1
60 103 4854 0
61 42 4962 1
79 80 4983 1
93 43 5045 1
89 78 5056 1
25 43 5180 1
91 83 5197 1
77 80 5213 1
65 42 5218 1
80 43 5283 1
87 43 5292 1
63 43 5347 1
89 43 5389 1
88 78 5412 1
100 45 5530 1
71 61 5556 0
74 80 5558 1
89 77 5569 1
24 45 5605 1
69 61 5613 0
92 84 5654 1
48 76 5685 0
76 99 5686 0
66 42 5687 1
80 42 5724 1
85 77 5730 1
67 85 5749 1
65 77 5804 1
97 44 5844 1
55 103 5883 0
89 59 5885 0
49 91 5964 0
23 61 5972 0
77 42 6105 1
98 44 6108 1
95 43 6120 1
59 43 6186 1
38 47 6190 1
65 84 6236 1
91 79 6265 1
65 74 6283 1
49 86 6301 0
90 79 6308 1
31 44 6337 1
75 59 6341 0
85 43 6358 1
65 83 6359 1
45 47 6388 1
49 63 6429 0
92 82 6512 1
83 77 6583 1
57 43 6583 1
92 43 6596 1
49 84 6610 0
43 63 6610 0
29 65 6616 0
96 43 6676 1
86 43 6687 1
92 58 6704 0
53 102 6706 0
76 42 6713 1
62 42 6762 1
47 80 6768 0
69 102 6771 0
59 42 6780 1
49 85 6785 0
88 42 6793 1
94 59 6808 0
48 85 6847 0
92 80 6894 1
61 104 6921 0
48 75 6934 0
101 48 6980 1
32 43 7035 1
49 88 7077 0
92 83 7078 1
45 48 7112 1
57 104 7119 0
49 96 7125 0
30 65 7128 0
34 45 7135 1
41 63 7173 0
62 104 7210 0
90 43 7212 1
52 99 7302 0
47 47 7305 1
30 64 7308 0
51 100 7329 0
33 46 7353 1
99 45 7381 1
48 69 7434 0
67 103 7471 0
19 49 7473 0
68 42 7476 1
78 42 7513 1
77 98 7520 0
47 46 7587 1
65 75 7612 1
48 65 7750 0
67 42 7801 1
56 104 7824 0
100 46 7858 1
65 72 7870 1
48 86 7881 0
65 78 7901 1
87 92 7929 0
79 43 7935 1
87 77 7955 1
23 60 7967 0
48 67 7969 0
65 73 7988 1
58 42 7989 1
88 59 7997 0
79 42 7999 1
23 62 8005 0
48 70 8007 0
95 58 8025 0
27 44 8027 1
43 65 8060 0
65 80 8126 1
29 44 8162 1
20 50 8313 0
54 103 8320 0
19 60 8342 0
19 54 8390 0
33 66 8400 0
92 85 8409 1
21 58 8417 0
47 82 8423 0
21 47 8475 0
75 60 8540 0
59 104 8551 0
33 45 8730 1
93 42 8810 1
101 46 8824 1
40 47 8827 1
83 59 8831 0
59 103 8834 0
48 94 8839 0
81 78 8840 1
74 61 8851 0
74 42 8884 1
102 49 8893 1
65 104 8900 0
35 46 8910 1
34 46 8922 1
65 71 8932 1
35 47 8936 1
66 86 8959 1
87 42 8989 1
36 47 9018 1
66 104 9020 0
66 84 9056 1
51 103 9058 0
91 81 9066 1
34 44 9157 1
40 49 9168 1
37 47 9182 1
20 60 9236 0
47 62 9266 0
23 61 9313 0
69 84 9317 1
38 48 9319 1
102 48 9346 1
48 92 9348 0
87 43 9366 1
86 77 9387 1
45 46 9425 1
65 68 9440 1
36 66 9441 0
75 99 9500 0
90 78 9522 1
87 78 9549 1
31 42 9555 1
73 80 9574 1
82 42 9593 1
49 84 9606 1
49 65 9606 0
49 85 9617 0
20 52 9714 0
28 42 9944 1
65 66 9992 1
33 44 10006 1
103 51 10020 1
65 65 10036 1
71 41 10038 1
47 66 10061 0
64 80 10064 1
34 64 10085 0
74 100 10089 0
36 46 10202 1
81 43 10207 1
89 42 10232 1
37 46 10237 1
47 64 10268 0
65 70 10357 1
65 86 10377 1
83 42 10398 1
24 61 10415 0
81 42 10529 1
48 76 10569 0
22 61 10586 0
27 42 10623 1
88 77 10685 1
65 41 10726 1
20 59 10777 0
35 45 10859 1
90 59 10875 0
81 59 11004 0
69 61 11032 0
77 99 11035 0
30 64 11083 0
65 42 11093 1
65 76 11093 1
35 65 11122 0
49 81 11145 0
50 97 11170 0
52 100 11223 0
97 43 11285 1
39 64 11293 0
34 45 11295 1
49 84 11324 0
85 42 11330 1
68 84 11372 1
60 103 11450 0
19 55 11461 0
65 74 11463 1
65 81 11591 1
86 76 11683 1
92 58 11717 0
31 65 11740 0
39 49 11773 1
93 43 11827 1
64 42 11910 1
65 83 11924 1
49 63 11960 0
52 101 11970 0
51 100 12028 0
61 104 12046 0
27 43 12082 1
92 81 12171 1
21 51 12199 0
44 63 12206 0
48 75 12215 0
41 48 12291 1
68 62 12298 0
49 46 12461 1
49 91 12514 0
71 62 12556 0
41 65 12559 0
52 99 12620 0
80 79 12621 1
80 42 12762 1
48 47 12774 1
43 48 12826 1
60 42 12945 1
82 95 12946 0
84 93 12963 0
89 78 13023 1
48 85 13138 0
25 64 13156 0
32 63 13165 0
41 63 13214 0
27 63 13376 0
49 86 13378 0
43 63 13411 0
24 61 13471 0
45 65 13496 0
23 61 13547 0
48 65 13596 0
50 98 13600 0
89 60 13646 0
71 61 13680 0
83 94 13716 0
31 43 13752 1
59 43 13814 1
49 85 13824 0
65 82 13833 1
95 43 13834 1
65 67 13850 1
70 63 13908 0
52 45 13941 1
29 43 13941 1
52 100 13942 0
62 104 13950 0
82 59 13991 0
69 60 14042 0
35 46 14078 1
22 62 14161 0
77 80 14196 1
87 59 14198 0
76 42 14202 1
48 69 14317 0
39 63 14368 0
32 66 14388 0
47 99 14405 0
64 105 14418 0
50 101 14429 0
47 83 14437 0
25 42 14516 1
20 50 14624 0
30 67 14627 0
21 58 14669 0
20 48 14682 0
63 104 14699 0
34 67 14711 0
33 65 14736 0
47 62 14824 0
48 81 14880 0
50 84 14880 0
96 43 14892 1
50 97 15027 0
35 66 15031 0
37 48 15162 1
77 42 15195 1
67 41 15328 1
72 81 15334 1
23 60 15518 0
92 87 15541 1
65 42 15574 1
79 80 15589 1
90 59 15639 0
20 59 15670 0
85 43 15699 1
47 69 15735 0
19 53 15860 0
61 43 15924 1
78 79 15983 1
78 42 16019 1
56 43 16140 1
19 57 16187 0
20 49 16208 0
44 63 16382 0
47 96 16455 0
52 100 16562 0
45 63 16639 0
52 101 16736 0
33 45 16800 1
102 50 16908 1
27 63 16935 0
92 43 16988 1
43 47 16995 1
72 62 17038 0
26 65 17117 0
68 61 17120 0
75 59 17139 0
91 80 17170 1
26 18 17238 0
41 47 17266 1
55 103 17298 0
47 78 17314 0
31 44 17362 1
72 42 17381 1
84 94 17396 0
41 64 17489 0
95 58 17562 0
32 69 17601 0
91 84 17635 1
81 61 17645 0
70 83 17647 1
38 47 17735 1
39 47 17773 1
32 65 17802 0
50 45 17840 1
19 51 17890 0
99 57 17929 0
41 97 17934 0
24 61 18208 0
63 104 18257 0
94 58 18304 0
88 91 18437 0
32 43 18470 1
87 59 18470 0
65 64 18483 1
80 43 18516 1
65 75 18665 1
80 58 18672 0
50 98 18676 0
47 71 18690 0
65 72 18701 1
22 59 18709 0
92 84 18744 1
33 65 18768 0
48 81 18809 0
65 77 18832 1
20 58 18835 0
46 77 18866 0
40 65 18869 0
34 66 18904 0
46 74 18969 0
51 100 19000 0
44 47 19021 1
37 66 19093 0
100 45 19097 1
50 102 19292 0
102 52 19620 1
52 100 19714 0
49 94 19773 0
66 42 19865 1
67 85 19868 1
48 84 20014 0
55 43 20161 1
102 51 20237 1
48 93 20279 0
30 64 20473 0
90 59 20715 0
53 100 20769 0
37 47 20796 1
20 59 20826 0
69 41 20830 1
23 62 20879 0
74 80 20918 1
26 42 21032 1
47 81 21080 0
92 82 21118 1
68 42 21145 1
100 46 21168 1
92 58 21248 0
44 63 21324 0
29 42 21426 1
65 79 21469 1
73 41 21514 1
49 87 21516 0
80 58 21620 0
32 65 21623 0
39 46 21812 1
23 59 21842 0
94 58 21861 0
84 42 21881 1
89 77 21996 1
57 104 22059 0
60 43 22069 1
26 43 22143 1
53 44 22151 1
48 80 22194 0
50 97 22312 0
91 59 22370 0
55 44 22383 1
27 63 22449 0
46 46 22459 1
22 59 22531 0
101 47 22561 1
57 43 22597 1
45 47 22611 1
21 49 22626 0
91 79 22642 1
84 61 22779 0
26 63 22840 0
65 84 22849 1
48 76 22877 0
92 80 22878 1
58 43 22943 1
102 49 22949 1
36 47 23072 1
31 66 23116 0
63 104 23135 0
36 64 23212 0
79 79 23239 1
48 81 23256 0
79 42 23268 1
92 83 23279 1
62 42 23285 1
74 42 23331 1
34 45 23462 1
22 61 23491 0
49 63 23522 0
47 95 23567 0
20 58 23571 0
49 88 23591 0
23 61 23620 0
54 44 23669 1
51 45 23699 1
25 65 23772 0
67 42 23924 1
46 64 23958 0
88 42 24046 1
101 48 24263 1
34 66 24279 0
109 45 24304 1
76 99 24336 0
102 54 24468 1
28 64 24566 0
65 78 24585 1
86 42 24605 1
87 59 24683 0
50 98 24711 0
87 43 24724 1
26 62 24771 0
61 42 24820 1
66 84 24845 1
34 44 24909 1
34 64 25082 0
68 41 25127 1
32 64 25164 0
33 43 25236 1
33 65 25379 0
34 47 25395 1
49 94 25495 0
32 65 25693 0
48 65 25697 0
109 45 25944 0
20 52 25980 0
48 80 26124 0
92 59 26201 0
51 44 26239 1
80 58 26239 0
47 46 26408 1
87 76 26452 1
51 99 26493 0
91 42 26514 1
28 44 26514 1
54 43 26625 1
48 84 26653 0
49 87 26679 0
102 48 26692 1
65 83 26782 1
47 64 26876 0
53 100 27001 0
59 103 27212 0
82 42 27313 1
29 41 27422 1
91 59 27497 0
31 64 27562 0
65 73 27746 1
50 99 27841 0
48 46 27934 1
85 77 28254 1
26 62 28347 0
48 74 28367 0
20 58 28414 0
39 65 28429 0
102 53 28543 1
55 104 28594 0
22 57 28690 0
20 57 28693 0
99 43 28775 1
101 45 28835 1
73 100 28946 0
28 63 29002 0
26 63 29233 0
87 42 29260 1
32 64 29441 0
49 81 29611 0
52 101 29743 0
91 87 29749 1
29 64 29782 0
58 104 30119 0
89 58 30183 0
48 80 30320 0
47 47 30393 1
36 46 30397 1
65 71 30441 1
20 59 30508 0
94 58 30706 0
47 65 30819 0
52 100 30832 0
51 99 30835 0
90 59 31119 0
29 44 31127 1
49 94 31352 0
32 65 31360 0
75 41 31648 1
19 52 31655 0
80 96 31857 0
24 62 31863 0
90 78 31899 1
92 59 31956 0
47 80 32053 0
48 81 32261 0
28 64 32344 0
91 59 32567 0
48 74 32579 0
47 63 32596 0
34 66 32643 0
48 71 32728 0
47 62 32971 0
20 57 33033 0
28 63 33131 0
26 62 33403 0
48 84 33609 0
49 84 33972 0
60 103 34040 0
49 93 34231 0
27 42 34392 1
87 77 34555 1
22 59 34774 0
59 104 34821 0
48 83 34967 0
35 45 35085 1
76 59 35129 0
89 58 35162 0
72 102 35274 0
50 95 35367 0
73 100 35400 0
83 78 35489 1
29 64 35491 0
49 90 35514 0
20 58 35639 0
19 58 35744 0
38 46 35813 1
56 103 35995 0
58 104 36157 0
66 74 36184 1
66 71 36262 1
21 48 36523 0
46 47 36619 1
49 95 36689 0
31 64 36711 0
24 62 36946 0
28 42 36969 1
81 42 37296 1
65 103 37311 0
101 55 37460 1
51 99 37540 0
98 43 37545 1
63 43 37550 1
33 46 37599 1
47 63 37637 0
52 43 37755 1
33 44 37915 1
49 87 38252 0
86 77 38453 1
51 98 38551 0
85 76 38662 1
36 106 38883 1
48 74 38996 0
92 42 39083 1
48 80 39090 0
48 71 39095 0
49 80 39192 0
28 63 39274 0
90 77 39311 1
109 45 39398 1
80 42 39448 1
72 101 39702 0
20 57 39712 0
109 45 39872 0
65 74 40045 1
26 63 40096 0
70 102 40106 0
89 42 40356 1
49 85 40366 0
48 68 40594 0
77 58 40617 0
92 59 41033 0
21 53 41078 0
20 54 41336 0
35 46 41617 1
50 95 41649 0
48 83 41807 0
24 62 42673 0
56 103 42700 0
50 98 42872 0
47 74 42873 0
92 81 42950 1
97 57 43043 0
83 42 43152 1
97 43 43218 1
92 85 43271 1
49 93 43315 0
21 61 43444 0
100 45 43476 1
52 98 43669 0
65 68 43844 1
101 46 43925 1
72 41 43930 1
88 77 44015 1
51 98 44031 0
36 65 44090 0
28 64 44189 0
95 42 44227 1
91 79 44242 1
95 58 44276 0
91 78 44432 1
74 41 44450 1
91 59 44551 0
96 43 44618 1
49 95 44687 0
64 42 44747 1
65 66 44793 1
91 86 44836 1
99 58 44943 0
68 60 44965 1
89 78 45079 1
102 46 45111 1
65 80 45112 1
100 44 45148 1
64 41 45184 1
103 50 45231 1
52 99 45251 0
65 70 45268 1
50 84 45375 0
63 104 45404 0
97 43 45467 1
93 59 45470 0
61 104 45495 0
85 42 45507 1
92 58 45508 0
93 42 45692 1
65 76 45703 1
92 80 45749 1
102 49 45754 1
81 95 45971 0
78 42 45995 1
59 42 46065 1
49 90 46099 0
100 45 46114 1
89 77 46214 1
94 58 46231 0
47 63 46257 0
69 60 46406 0
89 58 46421 0
67 103 46451 0
103 49 46480 1
32 63 46534 0
76 42 46583 1
80 58 46594 0
75 99 46599 0
93 81 46747 1
76 41 46755 1
65 103 46757 0
49 63 46850 0
89 90 46853 0
66 41 46855 1
34 43 46870 1
77 82 46871 1
114 42 46871 1
114 104 46872 1
59 102 46940 0
69 61 46951 0
46 62 46955 0
65 42 46966 1
67 85 46975 1
101 46 47022 1
65 77 47098 1
40 47 47157 1
32 64 47174 0
29 64 47176 0
103 51 47244 1
58 42 47293 1
102 52 47301 1
45 46 47316 1
50 93 47318 0
49 80 47328 0
79 42 47349 1
26 62 47357 0
95 43 47404 1
78 79 47405 1
30 42 47432 1
48 70 47462 0
44 63 47467 0
87 77 47473 1
49 65 47518 0
71 61 47531 0
66 84 47550 1
59 43 47551 1
37 46 47581 1
24 61 47683 0
35 65 47740 0
49 94 47747 0
48 85 47757 0
49 91 47774 0
58 104 47777 0
53 98 47809 0
65 65 47833 1
66 72 47896 1
91 79 47995 1
65 72 48048 1
59 103 48054 0
23 60 48056 0
47 62 48067 0
27 63 48092 0
88 42 48101 1
71 41 48106 1
65 83 48124 1
53 100 48128 0
81 78 48189 1
52 98 48192 0
70 41 48209 1
77 98 48240 0
88 76 48276 1
31 64 48286 0
41 63 48301 0
36 64 48363 0
32 43 48380 1
91 42 48413 1
80 79 48430 1
95 58 48465 0
21 58 48474 0
29 43 48538 1
87 42 48545 1
34 44 48557 1
52 99 48558 0
31 42 48572 1
34 64 48583 0
34 45 48593 1
51 98 48639 0
43 46 48662 1
65 84 48725 1
65 75 48734 1
49 81 48747 0
89 42 48757 1
48 75 48769 0
99 43 48772 1
20 54 48801 0
62 104 48817 0
84 77 48826 1
91 78 48860 1
66 75 48962 1
21 51 48984 0
82 42 49063 1
93 80 49071 1
30 62 49081 0
65 67 49101 1
60 42 49163 1
21 55 49173 0
93 82 49220 1
35 45 49227 1
77 41 49284 1
101 45 49288 1
50 95 49291 0
23 59 49298 0
29 62 49303 0
68 41 49351 1
28 41 49377 1
65 79 49404 1
81 42 49409 1
32 63 49485 0
51 97 49491 0
32 65 49513 0
37 47 49519 1
69 102 49542 0
71 101 49557 0
102 48 49625 1
61 42 49689 1
73 100 49703 0
56 103 49727 0
65 41 49754 1
63 102 49770 0
24 62 49795 0
87 59 49844 0
65 81 49903 1
50 84 49938 0
60 103 49958 0
67 42 49998 1
19 58 50017 0
66 76 50048 1
66 65 50048 1
39 63 50055 0
52 44 50055 1
66 66 50058 1
46 62 50140 0
92 58 50142 0
48 84 50162 0
87 75 50198 1
75 79 50217 1
33 65 50264 0
31 43 50361 1
48 68 50479 0
92 80 50571 1
92 84 50571 1
35 46 50598 1
100 44 50619 1
44 62 50622 0
66 82 50631 1
55 42 50633 1
67 41 50648 1
28 63 50655 0
103 48 50675 1
73 41 50698 1
65 78 50709 1
38 47 50709 1
48 83 50747 0
77 58 50788 0
33 44 50795 1
85 93 50813 0
21 53 50929 0
65 74 50941 1
69 41 51008 1
85 59 51040 0
86 76 51077 1
57 43 51144 1
21 49 51190 0
93 83 51194 1
51 92 51196 0
27 44 51236 1
36 65 51273 0
95 42 51306 1
72 41 51346 1
85 114 51414 1
21 61 51468 0
61 103 51570 0
68 84 51609 1
22 59 51680 0
66 68 51680 1
66 76 51712 1
62 42 51724 1
66 83 51725 1
49 45 51725 1
66 69 51793 1
22 57 51896 0
41 47 51900 1
45 45 51955 1
49 80 51975 0
85 42 51983 1
55 43 51995 1
97 59 52020 0
53 102 52089 0
20 57 52113 0
50 93 52116 0
46 46 52133 1
49 63 52136 0
38 46 52155 1
34 66 52222 0
75 59 52249 0
97 43 52292 1
56 43 52293 1
76 59 52327 0
49 86 52405 0
29 62 52460 0
54 99 52462 0
36 45 52483 1
33 45 52569 1
43 47 52576 1
21 47 52613 0
27 62 52651 0
65 68 52674 1
34 44 52838 1
32 64 52873 0
79 79 52894 1
50 44 52952 1
83 41 52964 1
88 77 52993 1
89 58 53022 0
39 47 53030 1
33 43 53047 1
100 45 53047 1
66 78 53085 1
66 84 53129 1
51 97 53140 0
27 43 53161 1
47 62 53217 0
65 104 53329 0
47 46 53356 1
53 43 53357 1
36 66 53441 0
69 84 53442 1
44 62 53510 0
93 59 53523 0
20 47 53537 0
21 55 53542 0
83 94 53596 0
48 71 53597 0
29 42 53602 1
20 58 53621 0
97 57 53655 0
23 60 53701 0
33 42 53754 1
103 52 53856 1
65 80 53858 1
66 71 53883 1
30 62 53925 0
35 65 53975 0
72 101 54024 0
29 65 54113 0
66 73 54176 1
48 74 54195 0
35 45 54198 1
94 58 54222 0
92 42 54238 1
101 56 54247 1
58 106 54255 0
20 50 54263 0
73 79 54331 1
52 98 54364 0
65 66 54367 1
59 42 54419 1
90 60 54509 0
65 76 54513 1
37 46 54514 1
28 42 54586 1
23 61 54587 0
49 95 54628 0
50 89 54645 0
79 41 54652 1
89 77 54672 1
84 41 54689 1
65 71 54730 1
75 41 54844 1
66 74 54855 1
74 80 54865 1
47 75 54889 0
101 46 54905 1
62 41 54915 1
67 85 55066 1
51 86 55122 0
78 42 55169 1
64 42 55293 1
33 66 55328 0
46 62 55460 0
97 42 55508 1
49 84 55559 0
39 46 55559 1
83 77 55564 1
20 52 55581 0
93 42 55583 1
24 61 55591 0
65 83 55592 1
89 76 55621 1
49 85 55868 0
96 42 55911 1
78 41 56087 1
20 61 56121 0
34 45 56280 1
51 98 56339 0
27 62 56362 0
67 84 56375 1
27 41 56409 1
65 103 56419 0
79 97 56422 0
41 48 56445 1
19 54 56490 0
48 80 56535 0
83 58 56552 0
96 58 56567 0
61 103 56604 0
65 82 56661 1
99 57 56769 0
35 66 56797 0
44 62 56849 0
66 104 56921 0
49 73 56923 0
76 42 56948 1
30 64 57048 0
40 46 57053 1
49 64 57059 0
51 99 57147 0
78 79 57179 1
98 43 57186 1
91 79 57400 1
102 47 57452 1
34 43 57516 1
92 79 57610 1
90 77 57701 1
46 73 57742 0
49 46 57820 1
20 54 57832 0
102 46 57925 1
101 44 57929 1
84 93 57966 0
65 70 57996 1
87 42 58065 1
59 102 58143 0
53 98 58301 0
48 69 58319 0
74 41 58374 1
88 42 58396 1
24 65 58396 0
74 101 58401 0
89 42 58411 1
51 97 58449 0
103 49 58573 1
79 42 58617 1
81 41 58662 1
102 49 58721 1
85 51 58806 0
85 41 58806 1
89 91 58810 0
98 59 58861 0
76 99 58981 0
84 76 58984 1
95 58 59015 0
91 77 59020 1
59 103 59061 0
46 69 59075 0
49 89 59089 0
80 58 59100 0
91 42 59100 1
69 60 59148 0
58 42 59181 1
30 42 59187 1
99 43 59207 1
65 77 59217 1
51 95 59242 0
92 57 59294 0
21 58 59298 0
49 81 59319 0
71 101 59379 0
49 93 59417 0
92 58 59444 0
75 99 59490 0
75 60 59513 0
32 43 59517 1
21 64 59550 0
92 80 59560 1
66 105 59585 0
103 50 59618 1
63 105 59658 0
70 103 59668 0
50 93 59704 0
91 78 59797 1
93 84 59804 1
50 84 59819 0
100 44 59827 1
49 90 59838 0
68 60 59841 0
39 64 59870 0
29 62 59872 0
50 87 59893 0
69 103 59914 0
37 63 59935 0
49 73 59960 0
32 63 59983 0
87 77 59994 1
97 43 60027 1
101 45 60051 1
35 44 60056 1
45 46 60095 1
83 58 60118 0
84 42 60134 1
36 64 60147 0
66 103 60198 0
31 42 60208 1
97 57 60255 0
40 47 60270 1
34 64 60275 0
21 61 60293 0
79 58 60320 0
50 89 60337 0
71 41 60349 1
96 58 60388 0
47 94 60406 0
49 68 60446 0
23 59 60490 0
68 41 60514 1
49 80 60515 0
53 44 60524 1
102 54 60544 1
50 95 60546 0
93 81 60592 1
65 42 60602 1
64 41 60639 1
73 80 60695 1
27 62 60766 0
29 41 60767 1
95 42 60770 1
54 99 60772 0
70 102 60780 0
21 51 60830 0
31 64 60899 0
53 100 60923 0
81 78 60944 1
103 51 60997 1
44 62 61004 0
61 105 61049 0
19 50 61058 0
36 65 61114 0
20 49 61189 0
30 62 61214 0
87 76 61247 1
60 103 61300 0
32 42 61352 1
81 42 61380 1
73 59 61391 0
82 41 61432 1
66 81 61472 1
101 46 61485 1
66 72 61526 1
22 59 61555 0
72 41 61559 1
93 85 61595 1
77 41 61716 1
53 98 61742 0
21 53 61783 0
79 78 61786 1
85 76 61806 1
59 43 61810 1
21 55 61817 0
51 92 61827 0
20 62 61829 0
70 41 61859 1
29 43 61907 1
87 41 61941 1
66 41 61943 1
61 103 62112 0
52 98 62114 0
89 77 62120 1
61 42 62121 1
65 72 62121 1
88 76 62192 1
31 41 62195 1
94 58 62209 0
52 99 62296 0
80 78 62402 1
67 103 62405 0
47 62 62501 0
82 42 62528 1
77 59 62542 0
41 46 62596 1
91 79 62726 1
34 42 62727 1
49 64 62794 0
33 44 62829 1
82 58 62842 0
51 95 62881 0
65 74 62884 1
21 48 62886 0
96 57 62925 0
77 58 62969 0
93 82 62984 1
30 41 63017 1
22 57 63083 0
34 44 63141 1
88 60 63147 0
35 45 63174 1
49 73 63212 0
100 43 63223 1
90 76 63277 1
66 66 63319 1
69 83 63409 1
51 86 63509 0
26 41 63575 1
86 92 63583 0
66 75 63687 1
65 41 63712 1
65 79 63737 1
85 42 63958 1
66 65 63966 1
66 79 63994 1
97 35 64055 1
36 45 64120 1
103 48 64166 1
71 40 64205 1
38 46 64206 1
80 59 64228 0
44 65 64236 0
48 68 64258 0
48 63 64271 0
50 87 64326 0
92 78 64439 1
46 62 64442 0
65 78 64468 1
49 68 64477 0
44 45 64506 1
69 41 64548 1
60 42 64548 1
96 58 64555 0
73 41 64579 1
63 104 64598 0
66 84 64699 1
29 62 64704 0
83 58 64789 0
23 60 64824 0
77 98 64862 0
59 102 65026 0
30 62 65071 0
37 45 65071 1
93 59 65209 0
74 100 65212 0
51 102 65250 0
32 64 65266 0
28 41 65278 1
48 64 65324 0
48 46 65348 1
21 29 65398 0
20 53 65423 0
66 103 65554 0
32 63 65597 0
79 58 65617 0
27 42 65639 1
51 97 65719 0
44 62 65783 0
46 71 65800 0
33 65 65802 0
35 63 65808 0
39 46 65908 1
26 62 65912 0
33 41 65960 1
56 103 65971 0
50 97 66008 0
63 102 66052 0
53 99 66074 0
47 76 66194 0
52 100 66214 0
36 64 66311 0
66 76 66355 1
67 41 66363 1
66 82 66383 1
37 46 66396 1
96 42 66452 1
37 47 66469 1
66 71 66671 1
78 59 66702 0
104 50 66838 1
89 42 66967 1
82 58 66968 0
79 41 67020 1
97 42 67162 1
93 42 67203 1
93 58 67210 0
102 46 67288 1
93 78 67325 1
92 57 67375 0
21 49 67476 0
75 41 67487 1
50 89 67519 0
103 68 67526 1
103 53 67526 1
59 42 67553 1
102 53 67559 1
39 63 67568 0
64 103 67664 0
43 46 67745 1
78 79 67853 1
80 57 67956 0
69 62 68055 0
99 43 68076 1
78 41 68085 1
62 42 68155 1
49 83 68195 0
102 45 68197 1
26 42 68203 1
85 77 68244 1
25 41 68263 1
20 51 68321 0
75 79 68368 1
65 80 68403 1
27 62 68427 0
46 46 68455 1
49 65 68508 0
71 61 68541 0
65 103 68697 0
68 60 68732 0
47 45 68797 1
67 81 68824 1
33 43 68994 1
35 43 69005 1
76 41 69132 1
89 58 69135 0
43 62 69262 0
23 63 69265 0
68 101 69292 0
47 46 69355 1
54 43 69483 1
24 62 69611 0
53 99 69624 0
21 62 69962 0
92 80 70070 1
35 65 70087 0
73 62 70126 0
100 57 70131 0
49 89 70210 0
96 57 70307 0
51 95 70476 0
50 87 70489 0
31 65 70650 0
87 42 70670 1
50 84 70710 0
48 63 70810 0
33 42 70857 1
89 76 70857 1
61 41 71049 1
80 57 71103 0
96 58 71121 0
21 58 71125 0
93 58 71210 0
100 45 71211 1
20 53 71256 0
51 96 71692 0
30 66 71765 0
68 61 71890 0
57 43 71942 1
35 44 71975 1
64 103 72068 0
49 64 72134 0
49 73 72150 0
35 67 72164 0
82 58 72196 0
54 99 72222 0
49 87 72228 0
22 61 72270 0
37 65 72429 0
49 68 72568 0
47 73 72606 0
66 69 72720 1
34 64 72861 0
48 66 72901 0
68 54 72916 1
55 102 72972 0
49 83 73039 0
80 41 73043 1
49 82 73066 0
58 105 73088 0
69 61 73149 0
43 62 73181 0
41 63 73185 0
64 104 73216 0
21 65 73249 0
91 78 73299 1
100 44 73368 1
23 59 73489 0
49 80 73527 0
89 89 73551 0
67 85 73623 1
49 84 73658 0
49 92 73672 0
53 98 73798 0
43 63 74069 0
91 42 74080 1
34 43 74220 1
21 55 74344 0
53 99 74399 0
49 71 74415 0
80 57 74476 0
92 41 74487 1
93 83 74493 1
74 41 74686 1
67 42 74744 1
48 76 74759 0
79 58 74892 0
103 49 74904 1
50 91 74958 0
50 96 75073 0
91 77 75138 1
95 42 75141 1
66 63 75300 1
21 60 75490 0
51 96 75498 0
66 74 75519 1
20 51 75658 0
67 83 75659 1
81 41 75702 1
72 92 75737 0
72 41 75737 1
98 42 75763 1
93 58 75819 0
56 100 75829 0
79 42 75892 1
79 79 75892 1
90 77 75930 1
65 70 75961 1
99 57 75985 0
58 42 76040 1
51 89 76113 0
66 73 76172 1
101 45 76189 1
21 51 76348 0
86 92 76377 0
20 53 76390 0
90 58 76593 0
21 53 76644 0
49 81 76716 0
36 65 76794 0
64 103 76826 0
47 91 76869 0
66 80 76880 1
54 42 77122 1
55 42 77125 1
86 76 77313 1
93 80 77322 1
88 42 77362 1
66 70 77414 1
66 103 77468 0
68 83 77471 1
36 44 77481 1
33 64 77641 0
77 59 77669 0
83 58 77730 0
49 82 77734 0
43 62 77777 0
92 42 77783 1
85 58 77925 0
68 41 77936 1
32 43 78062 1
47 84 78080 0
51 101 78239 0
45 46 78357 1
46 45 78367 1
81 57 78371 0
49 71 78402 0
32 41 78459 1
48 83 78483 0
26 43 78796 1
40 47 78868 1
84 41 78897 1
51 44 78972 1
18 60 79042 0
88 90 79158 0
49 75 79162 0
49 83 79188 0
48 63 79198 0
101 44 79247 1
102 52 79313 1
91 76 79547 1
50 85 79583 0
71 41 79584 1
83 41 79606 1
55 43 79662 1
25 43 79853 1
88 59 79862 0
24 60 79904 0
55 102 80071 0
48 64 80172 0
30 42 80276 1
80 59 80387 0
50 91 80490 0
35 45 80493 1
78 59 80530 0
85 57 80539 0
19 56 80608 0
75 100 80621 0
73 101 80683 0
30 63 80684 0
36 45 80853 1
42 63 80907 0
90 58 80972 0
49 78 80981 0
75 61 81067 0
31 42 81212 1
50 92 81243 0
19 55 81418 0
51 92 81759 0
30 62 81791 0
63 103 81911 0
87 76 82207 1
82 94 82360 0
50 62 82432 0
81 57 82668 0
93 58 82691 0
33 64 82783 0
51 96 83219 0
20 53 83237 0
85 58 83352 0
91 60 83448 0
71 82 83484 1
51 83 83614 0
37 67 83647 0
93 81 83707 1
21 60 83768 0
49 92 83781 0
82 58 83806 0
49 82 83848 0
49 69 83857 0
100 43 83912 1
103 50 83951 1
19 57 84005 0
8 68 84055 0
57 108 84060 0
49 75 84081 0
97 57 84095 0
50 96 84175 0
66 78 84343 1
49 71 84456 0
24 60 84497 0
65 76 84497 1
73 40 84514 1
50 85 84604 0
49 63 84636 0
80 57 84668 0
75 59 84707 0
50 86 84710 0
89 59 84724 0
85 57 84770 0
69 60 84929 0
97 119 85012 0
99 59 85131 0
92 58 85154 0
64 104 85276 0
77 41 85303 1
24 61 85441 0
90 89 85443 0
90 58 85466 0
71 102 85487 0
22 58 85490 0
88 41 85688 1
57 103 85741 0
49 78 85768 0
52 98 85786 0
96 41 85873 1
22 55 85930 0
73 59 85986 0
43 62 86043 0
30 63 86068 0
20 51 86069 0
96 57 86165 0
65 77 86304 1
92 57 86328 0
78 98 86353 0
68 84 86396 1
34 44 86464 1
89 77 86525 1
28 42 86532 1
25 61 86567 0
61 103 86576 0
99 43 86588 1
50 91 86631 0
44 45 86653 1
93 79 86664 1
87 75 86684 1
102 46 86716 1
29 41 86886 1
66 72 86984 1
50 62 86987 0
103 51 87053 1
64 41 87068 1
22 57 87091 0
60 41 87156 1
37 65 87246 0
29 62 87247 0
87 90 87247 0
41 47 87249 1
104 52 87317 1
81 57 87358 0
59 102 87421 0
88 58 87567 0
93 82 87697 1
94 59 87733 0
51 86 87742 0
62 41 87762 1
103 47 87826 1
49 69 87846 0
54 105 87881 0
63 103 88046 0
32 63 88106 0
37 63 88107 0
63 102 88152 0
50 93 88207 0
22 59 88224 0
91 78 88259 1
93 84 88270 1
72 61 88312 0
53 98 88321 0
49 76 88325 0
51 89 88367 0
66 82 88421 1
73 100 88511 0
40 46 88567 1
35 63 88635 0
60 103 88645 0
85 41 88758 1
54 99 88768 0
70 83 88796 1
103 48 88804 1
82 77 88898 1
32 42 88898 1
49 45 88915 1
68 40 89086 1
66 66 89092 1
21 46 89108 0
90 76 89113 1
59 41 89113 1
66 81 89197 1
92 78 89229 1
36 64 89328 0
24 60 89477 0
38 46 89521 1
97 43 89549 1
85 57 89549 0
41 66 89557 0
50 87 89610 0
57 41 89624 1
96 42 89643 1
33 64 89673 0
22 58 89697 0
97 42 89757 1
82 41 89773 1
20 60 89845 0
21 61 89865 0
26 61 90007 0
23 61 90029 0
50 84 90042 0
22 60 90068 0
44 62 90111 0
81 78 90124 1
31 41 90150 1
66 75 90174 1
64 103 90190 0
67 40 90199 1
50 86 90269 0
61 42 90271 1
33 44 90308 1
39 46 90384 1
65 41 90472 1
79 42 90532 1
53 99 90571 0
23 60 90618 0
100 44 90814 1
88 90 90945 0
87 41 90975 1
49 75 90980 0
66 65 91011 1
86 94 91016 0
86 41 91016 1
88 75 91029 1
49 83 91066 0
30 41 91249 1
50 92 91286 0
91 58 91313 0
92 80 91374 1
50 89 91451 0
29 63 91624 0
85 58 91688 0
23 59 91721 0
94 41 91928 1
49 76 91998 0
50 85 92006 0
99 42 92189 1
86 58 92273 0
79 78 92279 1
93 42 92281 1
101 46 92355 1
73 41 92362 1
37 45 92380 1
45 45 92492 1
70 41 92554 1
83 77 92564 1
103 52 92609 1
66 71 92705 1
25 61 92728 0
21 60 92759 0
66 76 92893 1
91 77 92896 1
59 103 92911 0
27 41 92913 1
88 58 93020 0
80 78 93098 1
49 73 93121 0
47 76 93128 0
38 45 93129 1
30 62 93217 0
21 55 93234 0
72 40 93246 1
30 63 93254 0
50 62 93286 0
103 49 93286 1
32 68 93377 0
76 78 93417 1
90 41 93434 1
27 60 93796 0
66 41 93927 1
46 79 94063 0
49 78 94092 0
69 41 94125 1
79 41 94256 1
48 77 94320 0
90 58 94419 0
34 42 94427 1
19 56 94431 0
82 94 94440 0
101 45 94441 1
51 95 94446 0
41 46 94458 1
45 64 94471 0
77 58 94501 0
49 69 94604 0
35 43 94788 1
93 80 94800 1
58 41 94826 1
26 61 94850 0
89 42 94931 1
57 103 94958 0
34 43 94960 1
65 79 94973 1
91 42 95010 1
98 42 95116 1
88 57 95174 0
50 94 95177 0
22 58 95221 0
20 56 95273 0
42 62 95309 0
89 75 95374 1
52 44 95415 1
34 64 95466 0
52 104 95718 0
83 41 95802 1
42 63 95849 0
67 104 95905 0
69 102 95975 0
50 96 96033 0
72 60 96074 0
21 53 96103 0
46 65 96108 0
32 65 96155 0
95 58 96186 0
101 44 96239 1
21 48 96289 0
70 40 96332 1
81 41 96353 1
22 55 96364 0
49 71 96573 0
28 41 96690 1
91 41 96698 1
89 90 96717 0
52 43 96789 1
104 49 96849 1
91 58 96885 0
102 45 96921 1
78 79 97175 1
72 61 97186 0
22 60 97198 0
93 41 97228 1
78 41 97344 1
93 81 97420 1
78 78 97523 1
84 93 97542 0
85 92 97613 0
86 75 97630 1
92 57 97659 0
102 46 97678 1
66 74 97702 1
66 40 97704 1
49 68 97743 0
99 43 97745 1
104 50 97755 1
55 102 97788 0
93 83 97790 1
100 43 97791 1
97 57 97875 0
49 82 97888 0
56 100 97951 0
84 41 97968 1
103 50 97986 1
103 45 98049 1
103 48 98059 1
67 67 98089 1
53 44 98097 1
67 41 98105 1
52 94 98173 0
65 78 98174 1
69 84 98175 1
88 58 98182 0
95 41 98192 1
77 78 98219 1
81 57 98251 0
68 41 98303 1
96 57 98334 0
93 85 98337 1
37 46 98338 1
89 76 98401 1
71 101 98402 0
48 61 98442 0
89 41 98451 1
67 70 98459 1
85 76 98472 1
80 40 98534 1
97 42 98597 1
50 68 98617 0
69 62 98622 0
88 57 98626 0
48 89 98654 0
16 11 98654 1
66 80 98716 1
50 86 98791 0
93 79 98793 1
69 40 98806 1
80 57 98815 0
77 41 98827 1
71 40 98837 1
49 88 98887 0
91 78 98896 1
49 76 98922 0
21 56 98951 0
67 83 98957 1
101 43 98960 1
102 44 98961 1
86 58 98962 0
70 61 98997 0
96 41 99127 1
86 40 99139 1
95 42 99186 1
29 63 99227 0
53 98 99266 0
76 59 99269 0
87 75 99306 1
99 42 99312 1
103 51 99336 1
103 47 99408 1
59 102 99411 0
65 80 99418 1
91 77 99440 1
51 83 99461 0
93 78 99492 1
77 98 99540 0
34 63 99591 0
93 80 99607 1
68 84 99636 1
26 61 99657 0
33 42 99673 1
49 80 99722 0
63 103 99736 0
66 82 99746 1
51 92 99758 0
92 41 99769 1
42 62 99771 0
104 51 99790 1
101 44 99792 1
85 57 99794 0
66 79 99805 1
97 41 99844 1
85 41 99847 1
77 60 99879 0
50 91 99885 0
34 44 99889 1
74 80 99912 1
54 99 99941 0
75 99 99946 0
27 61 99947 0
70 60 99964 0
82 40 99978 1
47 62 100009 0
35 65 100083 0
98 42 100087 1
63 102 100124 0
24 60 100126 0
60 42 100197 1
36 44 100218 1
22 57 100246 0
99 57 100253 0
61 104 100256 0
35 45 100256 1
59 42 100261 1
81 40 100283 1
60 41 100291 1
79 40 100295 1
50 62 100368 0
77 40 100410 1
21 49 100413 0
21 47 100430 0
103 49 100491 1
72 41 100535 1
22 47 100545 0
99 56 100553 0
36 64 100554 0
73 59 100559 0
27 60 100573 0
89 77 100604 1
39 45 100622 1
33 41 100629 1
68 101 100666 0
91 76 100668 1
66 81 100676 1
103 54 100783 1
21 51 100799 0
72 60 100813 0
43 62 100835 0
74 40 100908 1
93 81 100954 1
47 61 100959 0
68 83 100967 1
33 63 100968 0
58 42 101042 1
47 45 101104 1
87 41 101131 1
66 62 101152 1
103 46 101165 1
51 96 101169 0
30 61 101277 0
65 103 101305 0
66 72 101313 1
78 40 101316 1
94 57 101321 0
48 61 101340 0
85 40 101348 1
29 41 101353 1
51 86 101401 0
25 61 101463 0
79 78 101500 1
50 68 101511 0
68 38 101558 1
32 63 101600 0
38 46 101634 1
90 76 101670 1
18 53 101706 0
39 46 101741 1
96 59 101758 0
62 41 101778 1
45 46 101826 1
40 47 101885 1
84 76 101898 1
35 63 101920 0
75 78 101995 1
52 94 101998 0
76 40 102014 1
88 57 102026 0
102 45 102028 1
36 43 102046 1
28 40 102051 1
94 41 102127 1
65 40 102132 1
83 41 102171 1
83 76 102246 1
31 41 102277 1
44 45 102291 1
102 46 102296 1
73 40 102297 1
67 71 102319 1
51 83 102383 0
51 89 102428 0
90 41 102430 1
56 100 102430 0
70 62 102435 0
34 63 102439 0
87 57 102498 0
79 94 102531 0
79 41 102531 1
93 82 102551 1
66 80 102608 1
82 77 102686 1
104 48 102692 1
31 42 102744 1
40 46 102776 1
35 43 102839 1
67 40 102847 1
103 48 102894 1
66 71 102906 1
99 43 102939 1
46 45 102945 1
97 42 102955 1
22 58 103014 0
43 46 103048 1
93 84 103049 1
53 98 103050 0
21 53 103063 0
61 41 103113 1
61 42 103139 1
21 56 103148 0
38 45 103199 1
93 79 103218 1
23 59 103221 0
66 66 103236 1
32 41 103236 1
68 102 103255 0
51 94 103264 0
36 64 103287 0
66 65 103331 1
49 45 103361 1
23 48 103367 0
70 40 103396 1
66 74 103429 1
71 40 103451 1
34 42 103452 1
37 63 103527 0
45 62 103549 0
29 40 103597 1
100 55 103603 0
100 42 103603 1
34 64 103663 0
71 41 103679 1
38 66 103680 0
57 41 103710 1
91 77 103734 1
97 56 103741 0
81 77 103795 1
91 41 103796 1
42 62 103806 0
27 60 103815 0
92 78 103818 1
89 75 103819 1
100 43 103841 1
59 41 103842 1
70 60 103847 0
81 41 103865 1
32 43 103883 1
20 52 103887 0
65 41 103888 1
30 61 103895 0
99 42 103909 1
90 75 103925 1
72 40 103925 1
49 98 103943 0
27 40 103946 1
41 47 103953 1
67 68 103963 1
34 43 103966 1
50 44 103981 1
69 83 104000 1
94 83 104018 1
94 57 104049 0
36 45 104052 1
22 60 104074 0
94 80 104092 1
84 40 104103 1
91 58 104123 0
50 62 104141 0
27 61 104217 0
77 78 104229 1
47 61 104273 0
40 45 104305 1
59 43 104325 1
33 63 104368 0
66 76 104435 1
43 45 104444 1
78 41 104450 1
67 67 104457 1
55 41 104460 1
36 44 104516 1
50 71 104518 0
50 84 104579 0
55 103 104580 0
104 50 104585 1
19 58 104592 0
21 51 104632 0
22 46 104657 0
23 47 104663 0
93 57 104723 0
20 53 104740 0
31 40 104747 1
101 44 104771 1
80 78 104811 1
92 57 104824 0
30 62 104909 0
98 41 104980 1
95 41 105018 1
20 56 105045 0
48 61 105069 0
45 45 105083 1
88 75 105084 1
104 47 105136 1
94 82 105155 1
35 42 105157 1
50 68 105160 0
96 41 105314 1
51 91 105385 0
42 45 105393 1
37 45 105395 1
19 64 105401 0
21 55 105404 0
51 92 105406 0
59 102 105428 0
20 54 105429 0
26 61 105432 0
49 95 105518 0
72 60 105522 0
83 77 105607 1
33 64 105610 0
18 54 105710 0
69 40 105711 1
34 63 105733 0
30 65 105735 0
36 65 105795 0
93 83 105815 1
99 56 105830 0
30 63 105867 0
49 75 105871 0
39 63 105900 0
22 57 105963 0
67 72 105999 1
69 60 106074 0
98 42 106110 1
97 58 106189 0
50 85 106264 0
89 57 106266 1
78 78 106266 1
35 64 106298 0
55 42 106451 1
87 40 106484 1
85 92 106604 0
54 99 106636 0
33 42 106668 1
30 61 106685 0
86 58 106727 0
87 57 106739 0
68 40 106800 1
104 49 106881 1
64 41 106910 1
67 81 106911 1
27 43 106967 1
92 41 107019 1
78 57 107064 0
48 77 107066 0
94 57 107152 0
30 40 107242 1
51 43 107248 1
103 47 107255 1
51 94 107395 0
26 63 107403 0
48 81 107462 0
40 63 107511 0
49 73 107527 0
96 57 107614 0
87 58 107705 0
88 57 107717 0
93 80 107731 1
35 43 107818 1
50 71 107832 0
21 60 107851 0
93 41 107865 1
33 41 107872 1
33 63 107892 0
36 64 107894 0
27 61 107898 0
66 82 107906 1
21 56 107907 0
52 96 107928 0
66 81 107948 1
60 41 108032 1
22 59 108055 0
49 69 108090 0
88 58 108103 0
93 57 108139 0
34 41 108143 1
85 41 108201 1
84 41 108202 1
81 78 108267 1
66 75 108313 1
94 81 108333 1
72 61 108351 0
53 42 108384 1
28 42 108417 1
41 45 108504 1
58 41 108512 1
47 63 108557 0
53 99 108628 0
38 63 108633 0
35 44 108639 1
75 79 108696 1
76 78 108707 1
40 64 108746 0
46 86 108775 0
19 59 108818 0
47 61 108828 0
51 91 108887 0
27 72 108980 0
37 92 109168 0
55 43 109283 1
68 84 109438 1
49 76 109552 0
55 100 109560 0
103 53 109686 1
67 70 109728 1
52 94 109798 0
29 63 109818 0
97 41 109848 1
70 60 109856 0
29 41 109901 1
73 61 109956 0
45 62 109992 0
77 40 110039 1
51 44 110126 1
20 57 110134 0
51 85 110200 0
39 46 110208 1
95 40 110223 1
44 45 110240 1
95 56 110256 0
103 50 110269 1
67 75 110311 1
88 40 110323 1
101 56 110370 0
102 44 110395 1
35 64 110411 0
38 44 110472 1
67 63 110488 1
103 45 110490 1
87 41 110531 1
48 45 110652 1
67 66 110658 1
39 45 110707 1
91 42 110712 1
77 41 110778 1
97 40 110792 1
86 92 110802 0
89 89 110822 0
47 45 110959 1
78 57 110993 0
88 90 111054 0
30 41 111077 1
66 40 111081 1
54 42 111119 1
91 76 111127 1
68 102 111152 0
68 83 111217 1
89 40 111218 1
94 41 111331 1
45 44 111390 1
95 59 111438 0
79 40 111513 1
101 43 111530 1
30 61 111625 0
91 78 111630 1
70 61 111663 0
93 57 111747 0
67 77 111813 1
52 96 111815 0
38 45 111825 1
34 42 111859 1
83 40 112043 1
41 46 112277 1
94 79 112281 1
86 40 112306 1
27 61 112419 0
94 57 112453 0
93 78 112557 1
34 44 112569 1
91 79 112577 1
63 102 112654 0
84 58 112694 0
34 40 112707 1
67 79 112749 1
92 77 112792 1
104 40 112815 1
103 51 112822 1
53 101 112952 0
27 60 113017 0
67 69 113026 1
35 63 113107 0
69 84 113132 1
20 55 113276 0
51 94 113282 0
48 61 113510 0
73 39 113533 1
50 67 113587 0
79 78 113598 1
34 63 113758 0
91 56 113782 0
56 41 113791 1
67 65 113900 1
80 40 113919 1
19 61 114123 0
87 57 114264 0
90 41 114264 1
42 62 114293 0
71 40 114310 1
51 91 114359 0
36 43 114418 1
51 85 114419 0
36 44 114433 1
84 57 114529 0
56 100 114626 0
97 57 114632 0
59 42 114640 1
33 63 114678 0
59 104 114680 0
109 45 114812 1
77 58 114814 0
24 60 114827 0
67 40 114866 1
48 88 114886 0
50 80 114892 0
49 99 114958 0
63 40 114996 1
89 41 115010 1
37 65 115064 0
51 83 115070 0
25 62 115117 0
55 100 115211 0
22 58 115292 0
73 59 115311 0
51 90 115322 0
57 99 115358 0
75 59 115396 0
50 92 115470 0
37 44 115606 1
52 96 115616 0
66 79 115675 1
69 59 115702 0
22 60 115919 0
67 82 115952 1
49 44 115957 1
50 71 115962 0
109 45 115964 0
21 54 116025 0
72 81 116047 1
50 68 116164 0
93 81 116181 1
81 40 116225 1
97 58 116342 0
22 55 116354 0
58 42 116417 1
78 40 116425 1
51 101 116443 0
51 97 116462 0
23 64 116511 0
44 64 116530 0
20 56 116573 0
87 90 116711 0
74 40 116730 1
90 76 116769 1
72 60 116820 0
87 74 116918 1
89 74 116927 1
78 57 116978 0
38 63 117055 0
29 66 117104 0
93 57 117135 0
67 83 117188 1
87 58 117189 0
35 64 117225 0
38 64 117327 0
52 97 117350 0
36 64 117379 0
38 46 117450 1
50 67 117466 0
40 63 117513 0
71 81 117755 1
66 102 117755 0
62 41 117920 1
73 40 118015 1
50 80 118071 0
92 76 118210 1
25 42 118281 1
99 56 118288 0
21 56 118423 0
93 79 118431 1
76 40 118491 1
49 92 118519 0
33 40 118695 1
46 45 118880 1
19 56 119111 0
71 82 119296 1
50 94 119313 0
21 49 119363 0
40 46 119412 1
67 74 119413 1
74 60 119437 0
84 57 119447 0
32 40 119489 1
18 61 119511 0
57 101 119513 0
31 41 119651 1
85 75 119674 1
51 90 119724 0
28 41 119908 1
82 94 119969 0
36 63 119995 0
27 42 120093 1
50 66 120164 0
45 62 120220 0
27 61 120253 0
50 86 120306 0
83 41 120333 1
43 64 120333 0
46 61 120414 0
103 52 120442 1
50 69 120481 0
89 75 120619 1
20 65 120627 0
21 53 120824 0
93 86 120831 1
49 79 120857 0
82 40 121096 1
99 42 121131 1
50 88 121191 0
104 52 121679 1
67 39 121708 1
91 77 121739 1
21 54 121977 0
51 85 121997 0
104 46 122163 1
65 40 122192 1
69 59 122224 0
70 40 122463 1
86 75 122632 1
66 102 122663 0
52 96 122793 0
90 57 122859 0
85 76 122932 1
67 71 123217 1
67 68 123235 1
91 75 123705 1
22 50 123783 0
40 45 123786 1
20 55 123808 0
50 69 123863 0
35 41 124030 1
29 61 124091 0
66 80 124160 1
50 80 124199 0
57 101 124315 0
50 64 124318 0
104 51 124370 1
32 41 124567 1
46 61 124714 0
58 40 124813 1
27 41 124849 1
31 63 124945 0
79 41 125054 1
67 78 125098 1
77 39 125132 1
52 97 125189 0
34 43 125259 1
67 81 125310 1
84 57 125379 0
105 50 125383 1
87 39 125435 1
66 74 125499 1
50 66 125511 0
54 97 125535 0
36 63 125697 0
22 47 125745 0
48 91 125759 0
84 58 125776 0
72 40 125804 1
77 77 125846 1
54 41 126131 1
50 73 126133 0
50 67 126215 0
79 57 126376 0
48 78 126503 0
51 87 126789 0
26 61 127124 0
20 50 127167 0
80 57 127552 0
104 48 127772 1
90 57 127794 0
48 67 128038 0
103 46 128126 1
57 100 128388 0
48 72 128410 0
49 79 128439 0
50 69 128493 0
22 50 128533 0
29 61 128727 0
95 57 129130 0
51 94 129252 0
50 88 129390 0
50 73 129550 0
54 97 129578 0
70 100 129675 0
47 60 129863 0
51 89 129991 0
50 62 130178 0
23 63 130251 0
21 50 130462 0
78 58 130641 0
102 43 130689 1
59 101 130823 0
88 75 130943 1
81 56 131109 0
48 73 131444 0
74 60 131465 0
91 41 131529 1
35 42 131531 1
66 71 131745 1
38 64 131789 0
95 41 131875 1
92 40 132023 1
46 61 132236 0
25 62 132246 0
82 57 132247 0
50 64 132429 0
49 78 132441 0
21 54 132702 0
104 47 132867 1
58 102 132921 0
75 98 132995 0
37 64 133119 0
89 57 133279 0
90 57 133286 0
105 49 133447 1
87 75 133531 1
93 84 133602 1
93 85 133725 1
79 57 133871 0
111 125 133887 1
95 57 133985 0
35 43 134202 1
87 91 134258 0
31 63 134365 0
64 40 134700 1
61 102 134706 0
49 45 134965 1
50 81 135289 0
50 73 135702 0
66 102 135773 0
31 61 135979 0
75 58 136203 0
84 57 136303 0
54 98 136358 0
98 42 136435 1
29 61 136582 0
59 101 136724 0
51 62 136930 0
19 121 137041 1
91 57 137241 0
57 101 137293 0
97 56 137505 0
52 102 137564 0
52 88 137660 0
50 66 137666 0
92 41 137931 1
94 84 137933 1
101 44 138073 1
54 102 138103 0
53 101 138214 0
91 56 138286 0
55 100 138307 0
66 39 138325 1
81 56 138354 0
57 100 138416 0
47 60 138519 0
104 50 138536 1
96 41 138617 1
95 59 138623 0
21 50 138630 0
100 42 138663 1
53 96 138779 0
51 87 138819 0
25 60 138830 0
50 88 138907 0
84 40 139119 1
74 39 139121 1
97 42 139168 1
93 80 139379 1
85 40 139424 1
58 102 139467 0
82 77 139529 1
95 56 139550 0
93 77 139666 1
93 40 139684 1
103 45 139692 1
89 57 139700 0
95 57 139746 0
103 47 139871 1
51 90 139900 0
31 61 139935 0
61 102 139944 0
97 41 139963 1
80 77 139987 1
22 48 140080 0
67 67 140262 1
30 61 140273 0
50 81 140315 0
93 57 140347 0
69 101 140370 0
69 40 140459 1
98 41 140460 1
50 65 140510 0
37 43 140536 1
93 78 140561 1
35 39 140575 1
0 102 140577 1
54 98 140607 0
61 41 140641 1
54 97 140649 0
102 44 140672 1
51 62 140683 0
22 50 140711 0
90 75 140723 1
67 62 140810 1
25 63 140837 0
36 64 140950 0
78 58 140957 0
94 57 140997 0
70 101 141007 0
79 59 141047 0
68 101 141060 0
77 78 141206 1
51 92 141228 0
94 80 141232 1
44 45 141418 1
90 57 141439 0
51 86 141458 0
23 59 141491 0
51 83 141532 0
27 60 141557 0
37 63 141563 0
59 41 141579 1
93 79 141626 1
50 69 141684 0
85 57 141712 0
63 102 141722 0
51 95 141759 0
32 63 141889 0
99 42 142001 1
34 41 142022 1
99 55 142029 0
82 56 142091 0
28 62 142186 0
51 91 142221 0
91 76 142255 1
33 42 142271 1
60 41 142322 1
67 70 142403 1
24 56 142417 0
82 57 142516 0
23 60 142546 0
34 63 142611 0
83 92 142637 0
77 40 142649 1
68 102 142649 0
39 45 142690 1
67 64 142700 1
52 94 142825 0
94 41 142844 1
87 41 142892 1
75 39 142905 1
35 64 142906 0
45 46 142921 1
34 42 142978 1
68 83 142980 1
53 96 143014 0
92 60 143015 0
62 40 143063 1
94 81 143071 1
66 76 143102 1
91 57 143181 0
46 62 143233 0
59 101 143257 0
94 83 143283 1
83 77 143332 1
75 78 143358 1
31 40 143425 1
57 41 143506 1
81 77 143552 1
77 97 143559 0
31 61 143668 0
35 63 143678 0
69 39 143749 1
50 73 143781 0
49 102 143824 0
70 60 143825 0
67 66 143847 1
71 40 143940 1
68 82 143960 1
91 40 143965 1
36 43 144009 1
28 61 144056 0
68 40 144059 1
50 80 144081 0
45 45 144149 1
79 40 144168 1
67 72 144174 1
38 45 144440 1
33 41 144440 1
75 98 144464 0
85 92 144482 0
49 62 144515 0
68 103 144532 0
82 76 144591 1
44 61 144598 0
29 40 144619 1
90 40 144620 1
48 90 144757 0
93 83 144774 1
36 64 144803 0
84 76 144853 1
37 64 144855 0
39 44 144895 1
87 40 144924 1
23 47 144996 0
91 77 145089 1
23 48 145115 0
69 102 145121 0
79 78 145165 1
49 91 145196 0
36 63 145347 0
55 98 145355 0
50 81 145518 0
49 79 145541 0
58 41 145557 1
28 40 145760 1
94 82 145798 1
51 62 145827 0
26 60 145849 0
54 98 145887 0
50 71 145905 0
61 102 145949 0
39 46 145982 1
33 67 146094 0
104 49 146099 1
60 102 146190 0
67 65 146235 1
25 60 146293 0
82 56 146339 0
21 48 146365 0
109 45 146398 1
30 40 146424 1
37 62 146466 0
23 53 146518 0
67 75 146564 1
50 89 146574 0
96 40 146581 1
75 58 146593 0
103 44 146690 1
50 44 146794 1
50 68 146841 0
52 43 146888 1
47 60 146939 0
89 57 147022 0
79 57 147028 0
92 76 147184 1
101 42 147256 1
67 76 147491 1
55 101 147722 0
50 64 147753 0
70 62 147938 0
66 40 147954 1
109 45 147995 0
94 79 148016 1
58 102 148175 0
27 66 148176 0
70 102 148199 0
83 40 148247 1
85 41 148313 1
93 76 148392 1
89 75 148419 1
72 39 148419 1
67 81 148505 1
81 39 148589 1
26 41 148601 1
41 45 148629 1
81 40 148653 1
48 78 148981 0
78 40 149018 1
31 61 149026 0
49 61 149063 0
21 50 149254 0
49 60 149280 0
22 54 149447 0
43 45 149560 1
48 72 149638 0
62 102 150108 0
101 55 150132 0
99 56 150156 0
68 39 150180 1
22 48 150290 0
93 56 150331 0
52 91 150415 0
93 41 150595 1
37 44 150634 1
48 44 150768 1
75 97 150769 0
89 40 150785 1
70 40 150861 1
80 40 150867 1
92 75 150876 1
89 39 150892 1
88 40 150979 1
53 44 151165 1
81 56 151212 0
44 61 151247 0
20 55 151302 0
78 57 151319 0
53 98 151325 0
38 44 151340 1
91 57 151397 0
86 40 151432 1
50 65 151483 0
96 41 151483 1
26 60 151493 0
57 99 151557 0
95 56 151558 0
103 45 151572 1
42 61 151604 0
82 40 151638 1
66 80 151690 1
50 83 151695 0
97 41 151713 1
51 98 151764 0
104 46 151847 1
28 59 151890 0
94 40 151895 1
91 56 151987 0
77 97 152039 0
104 47 152063 1
67 80 152065 1
102 43 152067 1
83 76 152142 1
67 40 152208 1
69 83 152222 1
97 56 152229 0
55 98 152297 0
78 39 152340 1
42 45 152367 1
69 101 152383 0
85 40 152413 1
72 59 152415 0
84 40 152428 1
54 97 152439 0
60 102 152453 0
100 42 152529 1
0 31 152538 1
93 78 152669 1
35 40 152702 1
89 88 152734 0
93 79 152801 1
79 77 152861 1
95 40 152862 1
65 102 152910 0
76 78 152945 1
53 96 152967 0
99 42 153070 1
61 40 153105 1
55 41 153107 1
92 40 153110 1
34 40 153118 1
102 44 153125 1
67 63 153172 1
73 59 153276 0
97 58 153279 0
49 43 153352 1
70 39 153428 1
95 41 153445 1
82 56 153448 0
98 41 153457 1
31 63 153469 0
35 42 153487 1
67 79 153620 1
40 45 153663 1
50 67 153685 0
94 78 153697 1
90 74 153715 1
104 50 153961 1
29 41 153968 1
67 71 154031 1
94 85 154086 1
31 41 154114 1
51 77 154148 0
57 100 154153 0
67 67 154225 1
101 51 154243 1
22 57 154342 0
49 44 154359 1
36 64 154456 0
51 85 154482 0
87 75 154500 1
28 61 154534 0
52 88 154577 0
55 42 154653 1
67 77 154660 1
93 56 154696 0
41 47 154707 1
35 43 154727 1
104 45 154747 1
62 41 154755 1
109 45 155072 1
49 61 155276 0
68 81 155305 1
69 38 155318 1
95 57 155335 0
89 74 155339 1
22 55 155346 0
59 101 155430 0
99 41 155489 1
100 41 155499 1
33 40 155503 1
49 62 155542 0
22 50 155627 0
22 54 155695 0
36 43 155695 1
23 46 155696 0
54 98 155787 0
28 62 155837 0
102 42 155889 1
67 69 155969 1
94 80 156017 1
90 75 156022 1
52 95 156070 0
62 102 156167 0
49 60 156175 0
45 44 156202 1
73 39 156206 1
51 80 156236 0
76 39 156343 1
68 83 156376 1
68 61 156399 1
34 42 156476 1
59 102 156602 0
56 100 156653 0
67 70 156780 1
68 68 156793 1
81 55 156800 0
81 76 156823 1
71 60 156869 0
77 40 156885 1
92 76 156890 1
21 51 156974 0
73 80 157063 1
51 62 157129 0
54 99 157155 0
28 59 157162 0
86 74 157231 1
47 60 157291 0
69 40 157421 1
51 83 157464 0
37 43 157464 1
45 61 157476 0
91 75 157479 1
98 40 157496 1
37 63 157545 0
42 106 157563 0
65 40 157640 1
60 41 157646 1
35 41 157719 1
71 40 157759 1
51 84 157809 0
59 40 157830 1
67 65 157901 1
72 59 157921 0
50 73 157929 0
55 101 157970 0
36 64 157990 0
52 91 158005 0
66 102 158153 0
93 80 158213 1
91 76 158307 1
57 101 158326 0
38 63 158356 0
95 81 158374 1
97 41 158400 1
94 79 158427 1
61 102 158485 0
93 50 158523 1
26 60 158571 0
68 82 158592 1
22 46 158625 0
67 81 158629 1
38 43 158668 1
42 61 158856 0
56 41 158893 1
24 56 158955 0
50 81 159018 0
68 75 159133 1
59 41 159158 1
70 101 159202 0
85 76 159274 1
86 40 159284 1
103 44 159347 1
80 77 159363 1
51 90 159459 0
74 36 159501 1
87 74 159504 1
65 39 159581 1
11 8 159592 1
36 42 159740 1
38 8 159812 1
90 89 159946 0
103 45 159954 1
77 78 159955 1
32 40 159963 1
33 41 160055 1
14 15 160071 1
104 53 160124 1
50 83 160248 0
55 4 160387 1
31 61 160393 0
77 39 160403 1
81 77 160453 1
88 40 160493 1
39 44 160600 1
51 43 160751 1
60 40 160754 1
89 40 160837 1
52 83 160939 0
65 102 161005 0
33 63 161060 0
83 41 161067 1
55 98 161148 0
51 44 161297 1
73 79 161522 1
50 88 161535 0
25 60 161555 0
67 74 161635 1
50 66 161688 0
49 67 161759 0
44 45 161776 1
34 41 161798 1
36 41 161860 1
106 106 161872 1
90 40 161901 1
50 70 161940 0
93 78 161947 1
93 40 161960 1
82 77 162025 1
79 40 162103 1
87 40 162196 1
85 85 162198 1
74 78 162250 1
44 61 162267 0
61 101 162314 0
71 39 162340 1
48 73 162456 0
89 75 162556 1
71 100 162568 0
104 46 162634 1
67 66 162643 1
92 39 162680 1
67 64 162705 1
102 43 162902 1
79 78 162942 1
72 80 162957 1
86 75 162962 1
36 63 163048 0
93 56 163049 0
99 55 163082 0
96 41 163115 1
47 61 163182 0
52 95 163276 0
54 97 163386 0
35 42 163422 1
97 40 163444 1
96 40 163595 1
77 77 163621 1
49 61 163637 0
82 40 163660 1
51 80 163723 0
104 47 163742 1
93 77 163865 1
67 75 163909 1
91 56 163983 0
73 113 163987 1
91 40 164064 1
51 89 164065 0
84 40 164090 1
36 64 164145 0
60 102 164151 0
92 40 164184 1
95 56 164247 0
101 42 164279 1
93 81 164342 1
98 41 164347 1
82 56 164360 0
84 56 164396 0
85 40 164413 1
63 40 164444 1
57 99 164497 0
100 42 164523 1
105 47 164533 1
99 56 164584 0
52 96 164592 0
94 77 164614 1
77 97 164718 0
66 80 164766 1
89 89 164798 0
42 65 164829 0
27 60 164895 0
102 44 164944 1
68 78 164976 1
68 101 164985 0
67 39 165004 1
104 52 165018 1
85 55 165030 0
43 61 165095 0
69 39 165153 1
50 87 165177 0
105 48 165193 1
74 60 165223 0
72 40 165279 1
51 76 165303 0
81 40 165304 1
67 80 165344 1
97 56 165358 0
71 82 165388 1
52 94 165435 0
22 54 165442 0
72 59 165451 0
78 77 165462 1
92 76 165506 1
70 40 165604 1
94 78 165604 1
67 78 165623 1
103 45 165632 1
50 69 165656 0
93 76 165705 1
94 40 165723 1
51 84 165725 0
67 40 165753 1
74 39 165788 1
67 63 165841 1
24 58 165862 0
51 77 165873 0
95 40 165938 1
67 71 165941 1
81 56 165950 0
85 75 165962 1
92 75 165969 1
69 82 165986 1
53 96 166008 0
75 39 166035 1
100 57 166056 0
77 57 166066 0
46 45 166085 1
67 101 166181 0
67 68 166233 1
70 100 166276 0
42 44 166277 1
53 95 166283 0
66 39 166296 1
83 75 166312 1
30 40 166322 1
94 79 166323 1
99 42 166372 1
78 40 166378 1
104 46 166378 1
90 75 166386 1
63 39 166394 1
54 102 166415 0
86 40 166446 1
91 58 166508 0
94 81 166515 1
97 41 166549 1
67 67 166572 1
57 41 166573 1
59 100 166593 0
67 72 166617 1
103 44 166620 1
23 53 166626 0
71 60 166627 0
93 78 166631 1
91 88 166649 0
91 75 166670 1
31 40 166688 1
35 63 166702 0
111 21 166706 1
93 75 166717 1
105 49 166718 1
100 56 166721 0
41 45 166722 1
49 60 166745 0
54 42 166746 1
84 76 166770 1
40 63 166776 0
67 79 166787 1
79 39 166836 1
91 74 166843 1
22 48 166852 0
52 83 166875 0
100 41 166927 1
101 41 166932 1
61 101 166955 0
75 97 166961 0
83 39 167004 1
67 65 167013 1
39 63 167024 0
45 61 167037 0
89 40 167041 1
90 56 167042 0
81 55 167046 0
93 40 167058 1
81 95 167067 0
37 64 167070 0
52 97 167090 0
80 96 167137 0
77 96 167139 0
28 59 167141 0
88 39 167141 1
76 77 167143 1
94 80 167151 1
26 42 167178 1
95 56 167199 0
78 58 167211 0
59 101 167234 0
36 43 167280 1
62 102 167284 0
104 45 167294 1
104 44 167321 1
36 64 167326 0
102 42 167338 1
49 81 167357 0
73 59 167397 0
90 88 167408 0
57 100 167415 0
43 44 167425 1
23 48 167426 0
93 56 167442 0
51 87 167444 0
51 86 167452 0
37 62 167457 0
52 88 167470 0
92 40 167475 1
50 43 167494 1
84 75 167497 1
69 81 167514 1
97 40 167517 1
68 81 167525 1
45 45 167585 1
99 55 167598 0
50 70 167619 0
34 63 167629 0
52 91 167651 0
40 45 167694 1
61 40 167703 1
104 51 167707 1
87 58 167737 0
40 44 167738 1
24 45 167756 0
57 99 167776 0
46 72 167790 0
72 39 167800 1
38 44 167804 1
47 60 167810 0
104 50 167821 1
67 62 167842 1
84 56 167969 0
83 76 167975 1
98 40 168026 1
101 55 168027 0
64 103 168066 0
34 40 168068 1
70 39 168085 1
37 43 168115 1
54 97 168120 0
71 58 168132 0
78 57 168138 0
94 84 168150 1
62 40 168154 1
88 40 168174 1
85 55 168251 0
89 57 168266 0
78 39 168290 1
85 58 168301 0
73 38 168320 1
73 39 168344 1
31 39 168359 1
51 88 168440 0
34 42 168462 1
82 76 168484 1
67 70 168499 1
22 50 168524 0
89 73 168545 1
48 44 168582 1
91 56 168589 0
63 101 168616 0
79 77 168629 1
87 57 168651 0
102 43 168710 1
105 46 168752 1
37 42 168764 1
22 47 168783 0
49 71 168807 0
80 77 168818 1
36 64 168839 0
23 47 168840 0
84 40 168843 1
27 40 168848 1
77 98 168855 0
30 39 168885 1
22 62 168910 0
85 40 168911 1
51 91 168953 0
51 80 168960 0
89 74 168977 1
49 44 168989 1
29 40 169003 1
75 77 169033 1
25 58 169098 0
51 76 169109 0
51 77 169132 0
50 71 169193 0
26 60 169275 0
76 39 169276 1
90 74 169331 1
63 102 169380 0
75 58 169401 0
90 40 169421 1
24 56 169422 0
56 101 169448 0
82 40 169455 1
62 39 169464 1
20 48 169493 0
59 100 169507 0
85 39 169523 1
51 62 169535 0
42 61 169558 0
95 79 169565 1
77 39 169604 1
68 101 169604 0
68 64 169609 1
77 40 169639 1
87 75 169655 1
53 95 169691 0
67 77 169741 1
58 41 169745 1
67 80 169751 1
35 41 169758 1
69 101 169790 0
90 56 169792 0
37 63 169797 0
33 40 169842 1
24 58 169858 0
103 43 169863 1
81 39 169890 1
34 64 169904 0
55 98 169937 0
94 83 169951 1
23 53 169953 0
58 40 169989 1
68 66 169996 1
74 80 170011 1
50 95 170014 0
67 101 170035 0
39 44 170038 1
22 55 170079 0
43 45 170108 1
82 39 170113 1
21 55 170152 0
36 63 170168 0
31 41 170186 1
51 72 170201 0
87 90 170244 0
90 61 170251 0
83 94 170258 0
32 39 170282 1
49 59 170321 0
51 104 170342 0
53 42 170350 1
46 78 170358 0
99 56 170364 0
42 45 170364 1
28 59 170440 0
68 73 170454 1
39 43 170459 1
103 51 170481 1
96 40 170490 1
52 43 170527 1
92 76 170651 1
88 57 170677 0
68 68 170715 1
87 40 170755 1
102 41 170768 1
92 57 170770 0
67 81 170772 1
85 74 170793 1
28 42 170844 1
92 75 170863 1
25 61 170864 0
68 80 170879 1
51 83 170890 0
49 60 170941 0
69 39 171030 1
35 42 171054 1
67 71 171057 1
61 101 171073 0
50 73 171119 0
77 57 171145 0
45 44 171164 1
70 82 171186 1
52 83 171250 0
38 63 171319 0
38 64 171360 0
42 62 171366 0
42 64 171370 0
58 39 171384 1
96 58 171401 0
36 64 171429 0
77 58 171468 0
84 56 171471 0
45 75 171535 0
99 41 171537 1
50 68 171548 0
33 41 171548 1
80 39 171580 1
48 93 171590 0
36 41 171592 1
81 57 171784 0
89 88 171857 0
63 101 171939 0
95 40 171962 1
77 77 171966 1
105 50 172020 1
94 82 172028 1
44 44 172052 1
81 55 172066 0
38 43 172119 1
25 58 172129 0
75 39 172159 1
81 77 172159 1
71 58 172174 0
93 76 172180 1
67 65 172201 1
51 81 172207 0
36 43 172219 1
20 51 172302 0
23 45 172309 0
72 59 172362 0
50 78 172377 0
86 40 172383 1
103 45 172447 1
94 78 172464 1
90 56 172470 0
95 78 172509 1
66 39 172515 1
68 69 172530 1
67 39 172532 1
76 38 172533 1
41 44 172550 1
34 40 172574 1
75 78 172575 1
68 82 172636 1
35 40 172765 1
104 46 172767 1
94 79 172811 1
67 67 172878 1
29 39 172900 1
79 97 172987 0
37 43 172992 1
37 62 172995 0
68 67 173064 1
22 49 173077 0
87 39 173128 1
84 39 173155 1
103 44 173168 1
43 61 173196 0
68 81 173209 1
100 39 173219 1
91 40 173293 1
52 92 173332 0
50 70 173364 0
97 39 173377 1
51 72 173396 0
29 41 173402 1
90 39 173438 1
92 40 173439 1
68 39 173476 1
91 39 173496 1
67 79 173503 1
67 64 173507 1
96 59 173519 0
93 79 173522 1
79 56 173538 0
101 56 173619 0
65 102 173630 0
53 95 173635 0
94 77 173671 1
23 46 173677 0
59 41 173685 1
55 101 173702 0
85 55 173734 0
67 63 173738 1
100 56 173740 0
17 57 173774 0
91 57 173788 0
52 95 173794 0
76 78 173796 1
41 45 173802 1
34 61 173825 0
57 103 173827 0
96 41 173852 1
36 40 173932 1
24 58 174036 0
48 86 174108 0
67 78 174116 1
26 64 174154 0
36 64 174197 0
51 90 174224 0
87 74 174277 1
49 59 174316 0
64 102 174321 0
91 75 174359 1
65 39 174359 1
56 104 174382 0
59 100 174424 0
94 40 174489 1
67 75 174698 1
68 70 174711 1
57 99 174716 0
61 40 174917 1
68 72 174989 1
55 41 175130 1
23 48 175163 0
50 83 175214 0
51 84 175311 0
96 57 175369 0
84 38 175608 1
71 100 175610 0
75 98 175621 0
93 40 175735 1
89 40 175765 1
82 56 175786 0
95 81 175786 1
74 39 175819 1
90 75 175823 1
87 91 175882 0
67 101 175924 0
59 40 175984 1
105 48 176029 1
29 61 176069 0
90 56 176105 0
27 61 176128 0
93 56 176153 0
51 81 176159 0
60 41 176160 1
40 64 176162 0
61 39 176300 1
36 64 176339 0
59 101 176367 0
78 77 176395 1
86 91 176405 0
100 41 176431 1
54 98 176454 0
69 40 176564 1
84 56 176568 0
28 41 176568 1
51 92 176569 0
51 88 176646 0
34 61 176668 0
79 39 176703 1
69 82 176827 1
31 61 176866 0
25 58 176908 0
97 56 176914 0
51 77 176914 0
22 50 177001 0
22 54 177001 0
52 92 177063 0
95 80 177068 1
50 91 177072 0
77 97 177076 0
72 101 177083 0
104 45 177132 1
40 44 177171 1
29 62 177243 0
65 40 177269 1
93 83 177277 1
36 67 177299 0
21 54 177349 0
52 91 177362 0
53 100 177373 0
68 74 177446 1
32 64 177499 0
23 47 177550 0
47 60 177554 0
52 98 177603 0
47 72 177613 0
90 58 177622 0
20 59 177642 0
93 78 177643 1
22 45 177655 0
46 61 177675 0
63 101 177702 0
21 58 177735 0
36 42 177809 1
93 61 177812 0
67 40 177838 1
56 100 177857 0
35 64 177882 0
88 90 177897 0
50 84 177955 0
52 88 178126 0
37 42 178320 1
99 55 178332 0
76 61 178413 0
52 93 178439 0
50 78 178575 0
86 58 178608 0
22 49 178628 0
51 89 178650 0
28 59 178692 0
89 56 178766 0
33 38 178817 1
77 78 178851 1
24 58 179011 0
36 64 179114 0
35 41 179136 1
102 42 179158 1
68 62 179192 1
64 39 179439 1
30 40 179458 1
68 75 179567 1
56 101 179579 0
39 44 179620 1
97 41 179659 1
34 61 179677 0
33 40 179757 1
100 40 179937 1
51 76 179964 0
72 38 179980 1
88 40 179981 1
73 39 180029 1
80 77 180030 1
61 101 180075 0
47 59 180114 0
36 62 180134 0
51 70 180319 0
32 40 180355 1
93 39 180487 1
57 41 180498 1
71 81 180502 1
22 51 180514 0
97 40 180537 1
81 58 180580 0
89 39 180663 1
71 39 180667 1
51 81 180771 0
85 76 180888 1
49 67 180920 0
52 92 180925 0
21 57 180994 0
68 77 181081 1
64 102 181104 0
105 47 181217 1
56 98 181234 0
89 38 181347 1
73 59 181352 0
98 40 181367 1
51 43 181465 1
42 44 181522 1
70 39 181646 1
53 96 181674 0
36 64 181697 0
51 80 181733 0
91 74 181845 1
45 61 182049 0
95 56 182060 0
51 72 182114 0
53 95 182116 0
90 56 182186 0
44 45 182252 1
78 39 182280 1
54 41 182534 1
84 40 182582 1
78 38 182595 1
79 56 182600 0
47 79 182737 0
23 53 182792 0
89 56 182806 0
77 57 182826 0
85 117 182911 1
40 43 182960 1
85 40 183064 1
47 59 183068 0
33 60 183092 0
34 39 183217 1
33 39 183268 1
99 40 183269 1
51 70 183273 0
63 39 183298 1
67 70 183313 1
23 56 183350 0
77 96 183370 0
83 93 183376 0
22 49 183469 0
68 61 183484 1
94 76 183525 1
36 62 183554 0
68 71 183623 1
49 74 183633 0
49 43 183648 1
68 63 183651 1
72 39 183754 1
23 54 183788 0
28 40 183791 1
81 39 183794 1
67 80 183997 1
24 56 184018 0
83 55 184084 0
83 92 184168 0
31 40 184172 1
101 41 184189 1
59 33 184241 1
104 40 184312 1
104 43 184342 1
36 64 184343 0
96 40 184345 1
56 98 184456 0
98 60 184502 0
23 51 184549 0
76 39 184605 1
77 39 184672 1
57 100 184713 0
104 44 184730 1
51 75 184822 0
54 97 184839 0
51 68 184839 0
45 60 184909 0
49 94 184946 0
86 39 184981 1
60 40 185015 1
52 93 185037 0
34 61 185470 0
33 60 185502 0
48 87 185609 0
22 51 185634 0
103 43 185691 1
51 64 185802 0
77 38 185895 1
75 97 185990 0
41 61 186000 0
23 58 186003 0
52 42 186005 1
37 41 186281 1
49 44 186631 1
92 74 186666 1
81 76 186754 1
115 3 186764 1
89 74 186781 1
36 64 186793 0
51 70 186956 0
71 59 187029 0
92 40 187163 1
83 55 187548 0
48 82 187623 0
90 74 187637 1
38 43 187703 1
87 73 187714 1
23 54 187729 0
82 76 187811 1
50 78 187847 0
73 113 187890 0
51 75 187902 0
71 17 187960 1
101 80 187976 1
40 62 187978 0
94 39 188002 1
86 57 188017 0
34 42 188034 1
90 40 188039 1
83 39 188186 1
51 68 188221 0
71 79 188224 1
62 40 188298 1
5 118 188520 1
81 38 188549 1
50 77 188579 0
71 38 188597 1
111 13 188699 1
22 49 188705 0
23 56 188729 0
86 75 188730 1
56 98 188804 0
36 64 188886 0
89 56 188939 0
93 75 188942 1
34 40 189031 1
68 66 189132 1
41 41 189153 1
23 51 189166 0
36 41 189272 1
51 67 189322 0
65 77 189374 1
51 78 189554 0
102 40 189559 1
49 59 189686 0
30 39 189704 1
105 49 189855 1
33 60 189855 0
79 77 189899 1
92 59 189959 0
43 44 190022 1
45 60 190060 0
72 81 190351 1
36 64 190502 0
83 76 190622 1
69 39 190684 1
105 45 190746 1
68 38 190811 1
31 62 190828 0
94 78 191284 1
53 36 191286 1
35 42 191308 1
69 81 191333 1
24 58 191349 0
52 92 191501 0
86 91 191525 0
100 56 191625 0
27 41 191650 1
103 42 191650 1
95 40 191676 1
75 39 191829 1
93 76 191903 1
68 81 191965 1
85 55 192020 0
92 75 192084 1
26 59 192091 0
51 67 192302 0
83 55 192358 0
28 63 192392 0
22 51 192418 0
32 62 192425 1
43 43 192486 1
82 39 192557 1
37 43 192643 1
80 38 192677 1
72 100 192711 0
57 102 192771 0
75 38 192825 1
51 81 192849 0
45 45 192875 1
51 75 192907 0
36 64 192925 0
68 64 192946 1
90 73 192962 1
88 39 193012 1
67 77 193021 1
94 77 193041 1
59 100 193170 0
102 42 193173 1
51 78 193214 0
67 79 193248 1
85 75 193250 1
41 43 193312 1
70 101 193312 0
91 75 193313 1
68 73 193318 1
70 100 193336 0
36 62 193372 0
105 46 193444 1
51 68 193444 0
91 56 193495 0
41 61 193518 0
81 56 193567 0
81 55 193573 0
78 97 193617 0
71 58 193637 0
39 43 193705 1
68 80 193819 1
94 58 193836 0
31 39 193868 1
93 40 193922 1
95 79 193923 1
84 76 193933 1
58 40 193957 1
80 76 193980 1
51 64 194012 0
23 54 194061 0
47 59 194079 0
67 71 194189 1
50 43 194213 1
76 66 194274 1
0 102 194352 0
100 41 194489 1
86 40 194511 1
51 77 194522 0
22 48 194524 0
51 70 194525 0
85 39 194536 1
68 68 194575 1
103 44 194577 1
22 49 194645 0
29 63 194677 0
75 59 194702 0
95 39 194745 1
97 40 194749 1
25 58 194833 0
71 59 194834 0
36 64 194928 0
72 58 194930 0
28 61 194996 0
52 83 195050 0
23 62 195086 0
57 99 195115 0
61 103 195132 0
51 67 195135 0
92 39 195172 1
56 98 195178 0
52 93 195196 0
84 56 195281 0
46 63 195320 0
51 88 195358 0
50 80 195375 0
34 66 195411 0
104 46 195413 1
67 65 195452 1
99 55 195480 0
37 62 195540 0
105 48 195631 1
33 41 195669 1
33 60 195741 0
23 56 195786 0
48 43 195919 1
51 76 195936 0
51 85 195961 0
21 57 195980 0
29 40 196017 1
45 44 196022 1
35 40 196053 1
31 41 196081 1
77 77 196162 1
72 36 196319 1
78 96 196522 0
67 63 196549 1
61 40 196568 1
45 60 196600 0
38 42 196688 1
23 46 196745 0
68 78 196795 1
89 40 196821 1
101 55 196833 0
55 39 196851 1
68 79 196895 1
70 81 196911 1
95 83 196913 1
43 45 196957 1
36 39 196994 1
98 40 197012 1
67 39 197020 1
41 45 197080 1
94 79 197118 1
41 44 197130 1
37 42 197184 1
98 58 197219 0
95 81 197246 1
87 39 197280 1
26 59 197284 0
51 78 197387 0
68 67 197396 1
23 58 197493 0
87 75 197516 1
95 82 197519 1
89 73 197568 1
63 101 197579 0
23 51 197703 0
66 39 197709 1
61 42 197734 1
79 76 197788 1
30 38 197801 1
87 56 197808 0
52 43 197824 1
76 60 198212 0
79 39 198221 1
76 77 198267 1
52 90 198333 0
39 44 198346 1
106 47 198389 1
42 45 198456 1
40 44 198481 1
36 64 198596 0
37 63 198662 0
72 58 198694 0
23 48 198895 0
38 63 198923 0
77 39 199018 1
44 44 199122 1
48 95 199182 0
108 26 199183 1
62 39 199273 1
105 47 199287 1
68 69 199354 1
36 63 199432 0
50 77 199564 0
93 55 199575 0
91 74 199870 1
68 74 199963 1
0 0 200010 0
