60 100 0 0
80 74 42 1
83 88 48 0
64 32 49 1
49 90 100 0
51 83 106 0
67 35 195 1
61 32 266 1
87 75 348 1
27 77 368 0
37 58 385 1
91 77 389 1
37 60 390 1
32 60 456 1
69 40 491 1
57 100 500 0
89 77 510 1
84 75 519 1
19 67 548 0
29 78 573 0
48 76 606 0
60 32 633 1
53 99 634 0
33 77 642 0
43 57 689 1
29 77 710 0
65 74 734 1
45 77 851 0
85 75 908 1
49 57 977 1
26 61 1072 1
42 77 1102 0
66 34 1117 1
27 61 1120 1
65 77 1181 1
49 92 1352 0
63 98 1359 0
102 44 1452 1
69 41 1499 1
67 70 1593 0
67 79 1604 1
66 80 1742 1
77 50 1832 1
19 75 1870 0
41 57 1909 1
102 54 1974 1
27 60 2133 1
63 32 2144 1
68 38 2184 1
84 49 2204 1
49 82 2215 0
19 66 2228 0
66 79 2233 1
68 45 2307 1
35 60 2426 1
42 58 2463 1
67 42 2554 1
86 65 2691 0
70 69 2705 0
43 58 2716 1
97 43 2797 1
21 77 2811 0
60 31 2838 1
35 77 2854 0
50 93 2928 0
68 97 2959 0
46 57 3003 1
71 68 3039 0
49 81 3123 0
79 74 3127 1
104 47 3146 1
68 42 3192 1
66 33 3232 1
53 45 3242 0
40 77 3382 0
87 48 3399 1
56 35 3462 0
67 34 3563 1
69 38 3612 1
74 75 3696 1
62 12 3899 1
69 39 3913 1
47 57 3955 1
70 52 3998 1
100 43 4058 1
65 72 4085 1
55 98 4274 0
36 58 4299 1
47 58 4441 1
103 52 4475 1
100 44 4512 1
46 58 4624 1
82 74 4682 1
102 45 4776 1
19 64 4848 0
67 45 4862 1
34 77 4871 0
51 92 4926 0
86 64 5114 0
65 79 5445 1
25 61 5531 1
65 76 5575 1
80 50 5611 1
37 76 5715 0
68 35 5809 1
66 35 5837 1
70 77 5907 1
68 52 5907 1
65 78 6025 1
21 75 6028 0
61 31 6135 1
95 60 6187 0
93 45 6286 1
103 51 6380 1
87 86 6481 0
79 90 6576 0
92 45 6887 1
52 49 6920 0
102 52 6921 1
89 47 7051 1
103 45 7060 1
89 75 7077 1
67 52 7125 1
49 91 7235 0
18 68 7372 0
24 61 7392 1
51 96 7437 0
103 47 7438 1
103 48 7451 1
45 57 7511 1
57 99 7617 0
48 75 7818 0
54 97 7851 0
68 53 7966 1
99 43 7984 1
77 90 8046 0
78 68 8076 0
88 75 8127 1
42 76 8226 0
65 32 8236 1
85 64 8305 0
71 69 8326 0
36 59 8375 1
48 57 8484 1
50 80 8513 0
28 77 8515 0
103 50 8544 1
68 36 8597 1
69 95 8646 0
51 95 8653 0
44 77 8760 0
85 74 8773 1
83 74 8836 1
22 62 8851 1
79 50 8894 1
67 96 8931 0
90 76 8934 1
87 87 8946 0
27 78 8979 0
103 49 9001 1
41 77 9005 0
58 99 9104 0
86 86 9105 0
66 97 9175 0
69 52 9238 1
94 61 9245 0
65 75 9263 1
73 75 9282 1
87 75 9337 1
101 44 9349 1
69 94 9350 0
85 86 9371 0
73 92 9375 0
54 99 9393 0
25 78 9424 0
65 33 9445 1
55 39 9460 0
34 60 9608 1
83 65 9688 0
18 72 9708 0
74 68 9728 0
88 48 9768 1
42 57 9776 1
19 76 9808 0
91 78 9891 1
54 40 9892 0
41 76 9892 0
67 51 9916 1
86 64 9936 0
53 98 10030 0
29 76 10041 0
21 76 10111 0
49 87 10222 0
43 77 10246 0
75 92 10246 0
44 75 10368 0
65 73 10390 1
69 42 10474 1
38 77 10487 0
91 46 10540 1
64 32 10642 1
76 50 10676 1
87 74 10677 1
77 49 10678 1
27 77 10759 0
65 74 10763 1
65 77 10824 1
77 74 10859 1
56 38 10917 0
30 61 10935 1
88 86 10956 0
34 77 10959 0
54 97 10975 0
39 59 10989 1
71 77 11065 1
29 77 11070 0
31 60 11071 1
30 60 11080 1
26 78 11089 0
37 76 11111 0
61 98 11139 0
47 77 11161 0
39 77 11230 0
64 97 11235 0
97 59 11307 0
54 98 11316 0
81 49 11335 1
52 55 11340 0
49 79 11407 0
53 44 11444 0
103 53 11461 1
90 75 11479 1
87 47 11553 1
66 72 11622 1
66 32 11706 1
69 44 11788 1
20 65 11804 0
19 67 11911 0
79 66 11958 0
102 43 11983 1
62 98 12060 0
102 44 12077 1
43 78 12096 0
52 51 12119 0
19 68 12136 0
71 76 12142 1
36 77 12199 0
49 88 12208 0
71 52 12221 1
26 76 12243 0
78 74 12253 1
90 77 12264 1
23 61 12297 1
72 92 12300 0
50 57 12333 1
50 84 12335 0
72 67 12447 0
28 77 12486 0
42 77 12511 0
82 49 12572 1
69 43 12600 1
41 58 12600 1
92 46 12612 1
33 77 12665 0
72 93 12675 0
98 43 12714 1
91 79 12720 1
93 46 12742 1
55 98 12766 0
68 46 12783 1
48 88 12865 0
65 31 12873 1
80 49 12916 1
75 51 13055 1
66 34 13066 1
21 75 13086 0
51 92 13106 0
53 50 13121 0
99 56 13233 0
66 33 13248 1
51 83 13269 0
67 34 13313 1
80 74 13314 1
59 32 13331 1
68 38 13455 1
73 51 13463 1
27 79 13472 0
101 43 13501 1
63 31 13587 1
104 48 13678 1
33 60 13691 1
83 87 13752 0
69 96 13857 0
46 76 13898 0
67 50 14101 1
104 50 14145 1
67 79 14149 1
38 58 14169 1
104 46 14182 1
65 78 14241 1
44 57 14246 1
81 50 14309 1
26 60 14372 1
86 74 14411 1
59 31 14424 1
104 47 14478 1
78 90 14484 0
40 58 14611 1
20 74 14713 0
54 97 14836 0
79 74 14884 1
43 57 14887 1
65 76 14995 1
56 98 15033 0
69 40 15054 1
35 77 15062 0
54 98 15068 0
83 49 15090 1
86 48 15091 1
61 32 15123 1
40 78 15154 0
71 94 15233 0
21 61 15258 1
19 68 15283 0
86 64 15413 0
49 90 15560 0
91 77 15580 1
68 41 15615 1
25 60 15803 1
68 36 15846 1
103 45 16000 1
100 44 16001 1
69 36 16036 1
85 73 16129 1
19 66 16225 0
89 75 16245 1
86 86 16267 0
85 74 16334 1
75 75 16413 1
29 60 16434 1
44 58 16488 1
24 78 16535 0
23 60 16538 1
69 45 16569 1
69 37 16606 1
48 76 16639 0
99 43 16641 1
71 68 16734 0
63 32 16740 1
66 31 16753 1
42 76 16946 0
66 79 17281 1
59 30 17287 1
61 99 17287 0
51 95 17362 0
39 76 17495 0
27 60 17497 1
67 49 17582 1
74 76 17852 1
75 50 17917 1
20 74 17941 0
89 74 18059 1
10 121 18100 1
59 100 18171 0
46 57 18273 1
47 57 18299 1
69 38 18302 1
53 50 18345 0
42 58 18361 1
64 30 18364 1
83 87 18378 0
85 48 18454 1
22 61 18620 1
28 77 18625 0
53 43 18636 0
88 64 18724 0
61 98 18752 0
32 60 18777 1
100 43 18779 1
74 92 18815 0
91 81 18816 1
68 35 18997 1
65 75 19006 1
21 76 19043 0
19 68 19066 0
35 58 19088 1
82 74 19104 1
37 76 19131 0
68 37 19200 1
56 98 19361 0
35 59 19398 1
37 60 19482 1
62 7 19545 1
78 50 19588 1
51 77 19606 0
34 77 19886 0
30 108 19984 1
69 70 20003 0
18 73 20056 0
60 32 20119 1
49 57 20134 1
65 32 20197 1
74 75 20336 1
41 76 20356 0
41 57 20415 1
83 73 20446 1
50 92 20459 0
37 77 20470 0
95 44 20608 1
67 51 20633 1
26 61 20747 1
52 50 20762 0
103 51 20848 1
87 75 20873 1
67 33 20908 1
34 59 20932 1
90 76 20969 1
122 38 21015 1
81 66 21052 0
54 98 21054 0
49 94 21063 0
27 61 21219 1
25 77 21248 0
85 64 21519 0
65 74 21557 1
91 63 21651 0
70 95 21662 0
52 45 21767 0
97 43 21828 1
101 44 21848 1
66 78 21860 1
51 52 21933 0
85 65 22027 0
87 74 22098 1
50 93 22164 0
49 97 22167 0
39 76 22379 0
68 52 22385 1
69 41 22416 1
65 77 22466 1
64 32 22580 1
48 57 22596 1
104 51 22602 1
69 39 22606 1
69 35 22631 1
68 34 22678 1
20 74 22708 0
76 91 22714 0
57 99 22806 0
38 78 22808 0
91 80 22835 1
67 47 22857 1
28 60 22906 1
72 67 22987 0
67 97 23062 0
54 42 23193 0
29 76 23232 0
103 44 23265 1
19 71 23302 0
91 78 23322 1
45 57 23383 1
48 75 23511 0
27 77 23516 0
92 80 23527 1
85 86 23539 0
49 84 23560 0
52 98 23581 0
88 64 23662 0
58 98 23678 0
21 77 23679 0
64 98 23684 0
77 50 23690 1
54 97 23724 0
91 45 23787 1
103 48 23795 1
67 96 23894 0
51 92 23913 0
104 46 23939 1
49 76 23939 0
54 41 23940 0
86 49 23949 1
49 86 23964 0
69 52 23984 1
19 67 23987 0
79 49 23998 1
92 62 24076 0
83 87 24080 0
90 64 24137 0
102 44 24204 1
77 90 24217 0
19 68 24266 0
52 97 24266 0
29 61 24310 1
21 75 24331 0
56 98 24345 0
80 65 24366 0
24 78 24418 0
79 50 24459 1
70 52 24475 1
103 47 24500 1
67 32 24557 1
29 77 24580 0
99 43 24602 1
26 76 24611 0
43 58 24615 1
66 76 24678 1
40 57 24737 1
44 75 24775 0
88 47 24836 1
58 99 24859 0
87 64 24861 0
25 77 24864 0
103 50 24887 1
42 78 24906 0
79 66 24930 0
50 92 24933 0
103 45 24975 1
93 61 25021 0
52 94 25023 0
55 39 25080 0
104 45 25082 1
104 47 25084 1
30 60 25087 1
84 73 25095 1
68 96 25112 0
84 49 25203 1
80 50 25288 1
49 85 25330 0
51 76 25354 0
53 50 25402 0
37 58 25416 1
45 56 25498 1
82 65 25528 0
84 87 25543 0
77 74 25563 1
82 49 25635 1
53 42 25861 0
67 79 25957 1
91 76 25971 1
24 61 26087 1
48 87 26099 0
79 67 26123 0
66 32 26132 1
18 69 26139 0
66 33 26145 1
66 97 26184 0
48 56 26266 1
61 31 26356 1
54 39 26365 0
72 51 26400 1
68 36 26418 1
91 77 26418 1
53 45 26603 0
19 71 26679 0
91 83 26683 1
51 77 26691 0
86 64 26695 0
67 34 26718 1
20 65 26729 0
48 89 26842 0
68 51 26900 1
24 60 26916 1
80 67 26918 0
89 75 26920 1
28 78 26973 0
21 79 27009 0
51 83 27027 0
90 75 27335 1
39 57 27346 1
23 75 27380 0
83 48 27444 1
51 86 27500 0
58 98 27560 0
33 59 27670 1
65 76 27692 1
104 50 27742 1
74 68 27745 0
51 96 27746 0
56 38 27794 0
70 39 27857 1
39 78 27880 0
23 61 27898 1
78 73 27967 1
52 94 27977 0
52 96 27979 0
68 45 27998 1
17 69 28032 0
84 48 28078 1
104 49 28080 1
20 74 28120 0
102 43 28263 1
78 49 28318 1
85 74 28322 1
66 74 28365 1
39 76 28582 0
71 51 28700 1
28 77 28701 0
89 47 28752 1
49 76 28769 0
25 77 28827 0
88 64 28924 0
50 80 28982 0
50 94 29040 0
21 76 29237 0
54 98 29335 0
68 47 29385 1
29 76 29447 0
100 43 29490 1
55 98 29510 0
61 98 29529 0
86 86 29592 0
33 78 29631 0
75 68 29704 0
50 92 29723 0
95 60 29728 0
91 79 29747 1
21 78 29939 0
81 88 30030 0
52 97 30117 0
52 47 30155 0
19 71 30173 0
63 31 30203 1
77 67 30304 0
74 92 30348 0
19 68 30420 0
63 98 30430 0
72 67 30505 0
44 57 30659 1
82 65 30691 0
50 81 30772 0
73 75 30797 1
19 64 30835 0
55 36 30911 0
81 49 31075 1
42 57 31216 1
79 74 31239 1
25 60 31270 1
84 87 31295 0
54 42 31321 0
52 53 31390 0
50 91 31499 0
62 31 31526 1
50 84 31558 0
52 96 31578 0
33 60 31612 1
66 73 31624 1
103 52 31746 1
53 47 31760 0
54 97 31823 0
82 73 31836 1
26 60 31995 1
19 66 32198 0
41 76 32498 0
53 98 32831 0
29 60 32868 1
85 87 32913 0
37 76 33041 0
87 86 33086 0
85 85 33091 0
68 33 33092 1
49 78 33377 0
65 31 33437 1
79 89 33495 0
35 78 33533 0
20 79 33541 0
67 51 33607 1
68 78 33625 1
67 50 33679 1
65 74 33901 1
80 49 34019 1
101 43 34143 1
27 60 34239 1
66 72 34429 1
61 30 34444 1
68 35 34456 1
71 68 34460 0
51 51 34476 0
67 48 34488 1
42 76 34503 0
66 96 34553 0
104 48 34654 1
49 56 34776 1
58 98 34901 0
69 74 34935 1
69 40 34935 1
93 45 35054 1
65 77 35091 1
49 56 35170 1
77 67 35182 0
56 98 35183 0
67 78 35234 1
65 78 35276 1
50 85 35340 0
66 71 35369 1
70 41 35378 1
38 99 35434 0
23 62 35531 1
74 67 35537 0
19 71 35580 0
50 91 35601 0
24 78 35612 0
49 56 35708 1
89 65 35738 0
50 94 35930 0
89 77 35930 1
40 77 35961 0
54 41 36110 0
52 96 36117 0
49 56 36186 1
52 94 36190 0
20 77 36227 0
27 77 36239 0
50 81 36296 0
51 92 36513 0
69 95 36514 0
83 87 36523 0
50 92 36597 0
49 92 36646 0
49 56 36742 1
31 60 36771 1
62 30 36775 1
49 83 36868 0
53 47 36903 0
49 56 37250 1
26 76 37261 0
52 53 37351 0
46 77 37488 0
99 57 37494 0
49 56 37786 1
33 77 37879 0
65 75 37918 1
84 87 37979 0
25 77 38100 0
85 64 38172 0
19 67 38377 0
49 56 38498 1
28 60 38642 1
65 97 38712 0
32 77 38781 0
49 89 39007 0
77 91 39049 0
79 73 39064 1
49 56 39094 1
92 45 39187 1
49 56 39524 1
49 76 39553 0
51 94 39565 0
48 76 39735 0
42 77 39773 0
52 97 39802 0
67 33 39999 1
43 57 40058 1
49 56 40086 1
71 93 40095 0
66 96 40130 0
48 85 40181 0
81 89 40191 0
50 85 40225 0
39 59 40245 1
51 80 40363 0
69 36 40463 1
49 56 40501 1
69 78 40517 1
65 32 40585 1
50 89 40723 0
88 64 40725 0
49 56 40989 1
81 73 40997 1
63 32 41031 1
50 91 41107 0
21 75 41234 0
74 67 41517 0
49 56 41518 1
73 51 41707 1
77 67 41740 0
83 65 41829 0
49 56 41930 1
19 75 42120 0
69 42 42261 1
53 96 42458 0
52 100 42533 0
49 56 42593 1
75 67 42885 1
68 34 43102 1
49 56 43120 1
53 43 43302 0
18 66 43382 0
69 43 43453 1
64 32 43533 1
51 94 43621 0
75 51 43633 1
49 56 43658 1
52 53 43782 0
34 77 43806 0
49 87 43824 0
86 73 44204 1
94 44 44235 1
49 56 44299 1
85 73 44364 1
38 57 44503 1
104 47 44575 1
89 74 44700 1
55 37 44801 0
41 58 44803 1
96 43 44924 1
32 77 44928 0
22 79 44944 0
49 56 44958 1
44 56 45042 1
85 87 45221 0
40 58 45339 1
50 94 45341 0
41 56 45347 1
76 49 45590 1
49 56 45643 1
103 44 46223 1
19 74 46237 0
50 89 46513 0
20 74 46515 0
53 96 46577 0
46 56 46595 1
103 51 46677 1
49 56 46702 1
103 45 46769 1
50 87 46952 0
104 46 47030 1
51 80 47035 0
65 97 47121 0
91 78 47219 1
88 62 47308 0
68 46 47381 1
77 66 47557 0
54 46 47638 0
33 76 47639 0
102 44 47795 1
87 73 47803 1
99 42 47815 1
49 56 47824 1
97 43 47949 1
87 47 48004 1
104 40 48065 1
89 75 48066 1
69 39 48089 1
99 43 48098 1
85 47 48102 1
85 86 48117 0
70 40 48176 1
91 46 48184 1
59 99 48229 0
68 36 48255 1
69 38 48260 1
69 37 48260 1
75 74 48304 1
69 52 48306 1
48 77 48330 0
74 75 48359 1
102 42 48362 1
48 57 48378 1
60 31 48383 1
30 77 48432 0
76 50 48473 1
92 46 48474 1
91 63 48632 0
54 42 48691 0
66 31 48696 1
91 77 48720 1
51 89 48751 0
33 58 48768 1
66 32 48782 1
77 49 48858 1
61 32 48880 1
34 58 48892 1
104 45 48905 1
49 56 49071 1
52 96 49071 0
67 79 49134 1
82 48 49230 1
104 44 49327 1
49 89 49436 0
46 57 49443 1
102 43 49446 1
67 49 49472 1
64 97 49497 0
90 75 49504 1
47 57 49511 1
101 44 49553 1
53 47 49607 0
66 76 49616 1
67 32 49644 1
54 49 49674 0
91 76 49720 1
50 81 49720 0
82 49 49723 1
83 73 49724 1
69 44 49783 1
53 50 49794 0
51 94 49799 0
90 76 49810 1
46 76 49824 0
84 73 49884 1
64 29 49942 1
48 75 49964 0
86 48 49985 1
67 34 50001 1
78 50 50007 1
87 74 50042 1
104 50 50074 1
104 51 50077 1
81 48 50099 1
70 38 50114 1
74 48 50165 1
92 78 50216 1
51 76 50237 0
51 77 50251 0
71 77 50337 1
93 44 50352 1
103 45 50389 1
45 75 50406 0
51 83 50417 0
69 51 50418 1
77 90 50447 0
91 79 50472 1
63 96 50511 0
104 46 50553 1
72 67 50577 0
45 57 50597 1
49 56 50639 1
69 41 50686 1
44 75 50704 0
27 76 50741 0
36 58 50748 1
77 74 50812 1
38 58 50833 1
42 58 50979 1
103 43 51016 1
68 51 51067 1
53 96 51108 0
70 37 51111 1
68 33 51151 1
41 57 51166 1
69 94 51173 0
66 33 51275 1
77 66 51307 0
52 94 51333 0
92 62 51362 0
19 71 51392 0
21 74 51418 0
54 97 51426 0
66 74 51479 1
30 60 51506 1
82 65 51520 0
64 30 51544 1
50 87 51553 0
85 48 51558 1
104 52 51591 1
75 50 51593 1
48 56 51609 1
66 75 51609 1
85 74 51609 1
23 75 51710 0
33 76 51735 0
34 59 51780 1
26 76 51812 0
51 86 51844 0
20 65 51854 0
57 35 51861 0
23 60 51861 1
67 78 51867 1
103 44 51871 1
69 35 51893 1
47 56 51937 1
53 53 51938 0
85 73 51985 1
67 51 52067 1
29 76 52117 0
49 56 52139 1
79 66 52162 0
51 91 52214 0
78 90 52217 0
39 76 52226 0
51 92 52245 0
62 98 52300 0
45 56 52363 1
51 89 52368 0
60 30 52413 1
50 85 52547 0
92 63 52561 0
88 73 52574 1
56 35 52674 0
67 96 52679 0
21 75 52726 0
78 73 52943 1
65 31 52998 1
91 78 52999 1
95 44 53026 1
85 85 53033 0
80 65 53099 0
58 98 53161 0
91 81 53176 1
72 92 53249 0
35 59 53292 1
101 55 53314 0
43 56 53345 1
30 59 53359 1
20 63 53406 0
56 38 53421 0
55 35 53437 0
99 56 53537 0
50 89 53568 0
32 59 53667 1
100 56 53682 0
30 77 53682 0
54 46 53697 0
77 50 53726 1
68 49 53782 1
27 60 53800 1
99 42 53822 1
27 76 53828 0
51 80 53852 0
59 33 53872 1
67 33 53908 1
24 60 54004 1
68 48 54010 1
82 88 54098 0
49 75 54099 0
74 67 54108 0
68 34 54143 1
69 34 54145 1
50 78 54152 0
21 74 54224 0
19 74 54260 0
33 59 54338 1
72 51 54369 1
20 77 54408 0
44 57 54411 1
49 56 54425 1
70 39 54447 1
26 60 54448 1
91 80 54449 1
66 72 54523 1
66 71 54535 1
51 78 54539 0
19 68 54542 0
89 74 54549 1
88 62 54565 0
66 76 54612 1
32 77 54636 0
65 74 54636 1
37 57 54637 1
50 91 54659 0
82 73 54668 1
67 31 54668 1
29 77 54715 0
32 88 54738 0
63 31 54745 1
52 53 54846 0
45 75 54939 0
50 95 54942 0
69 38 54973 1
99 43 54973 1
90 74 54976 1
37 58 55012 1
35 58 55021 1
89 85 55031 0
73 75 55060 1
66 31 55061 1
69 36 55080 1
91 77 55096 1
70 51 55106 1
48 75 55120 0
51 91 55149 0
41 76 55175 0
51 77 55196 0
61 31 55202 1
65 98 55232 0
26 76 55238 0
33 76 55270 0
61 98 55327 0
90 63 55362 0
70 43 55372 1
69 40 55411 1
77 66 55470 0
54 49 55481 0
25 60 55541 1
71 76 55545 1
54 44 55561 0
66 96 55621 0
100 42 55698 1
69 52 55736 1
101 42 55743 1
69 45 55744 1
68 78 55766 1
69 39 55835 1
53 53 55850 0
86 73 55980 1
83 48 55988 1
52 94 55998 0
63 30 56099 1
87 73 56140 1
97 43 56195 1
28 59 56199 1
68 70 56334 0
31 78 56413 0
42 76 56595 0
89 73 56629 1
86 47 56664 1
33 60 56673 1
56 98 56688 0
73 92 56729 0
84 48 56781 1
53 96 56814 0
54 40 56831 0
79 48 56858 1
24 61 56991 1
92 76 57169 1
91 75 57199 1
104 45 57228 1
67 32 57306 1
102 44 57328 1
42 56 57366 1
69 37 57388 1
69 69 57399 0
44 56 57499 1
20 68 57605 0
59 99 57664 0
29 76 57677 0
91 45 57843 1
50 87 57923 0
70 40 57954 1
84 87 57966 0
105 46 58023 1
51 78 58075 0
80 49 58147 1
27 76 58165 0
35 77 58170 0
21 74 58207 0
51 94 58235 0
20 65 58420 0
77 67 58444 0
40 57 58601 1
66 98 58688 0
23 75 58868 0
80 89 58947 0
25 76 58958 0
90 75 59051 1
51 91 59106 0
72 67 59154 0
72 94 59242 0
21 76 59260 0
47 99 59308 0
36 78 59311 0
68 35 59313 1
48 57 59349 1
48 78 59363 0
102 43 59365 1
37 76 59374 0
30 77 59399 0
51 89 59440 0
20 75 59491 0
51 95 59528 0
23 78 59616 0
66 73 59691 1
19 73 59716 0
51 76 59847 0
66 30 59875 1
80 48 59910 1
68 50 60107 1
39 57 60109 1
64 32 60109 1
91 76 60202 1
57 98 60325 0
49 75 60432 0
20 68 60513 0
65 97 60555 0
54 44 60715 0
50 78 60729 0
68 51 60986 1
90 63 61006 0
104 46 61017 1
82 49 61046 1
29 60 61074 1
96 60 61251 0
54 98 61311 0
76 92 61329 0
65 30 61363 1
19 67 61444 0
86 86 61508 0
53 53 61641 0
58 97 62012 0
49 56 62033 1
69 46 62098 1
43 57 62228 1
67 79 62232 1
68 47 62234 1
104 50 62272 1
55 98 62311 0
73 51 62333 1
103 51 62396 1
25 76 62682 0
84 64 62829 0
55 37 62939 0
33 76 62957 0
78 48 62982 1
56 36 63001 0
25 77 63257 0
67 78 63258 1
104 44 63322 1
92 80 63327 1
71 51 63378 1
66 75 63382 1
87 47 63422 1
66 74 63442 1
79 73 63443 1
29 75 63528 0
103 44 63582 1
72 75 63686 1
35 76 63774 0
60 32 63855 1
46 56 63855 1
68 33 64007 1
23 61 64023 1
35 79 64106 0
51 78 64298 0
48 77 64315 0
20 68 64443 0
87 74 64532 1
53 50 64552 0
50 86 64701 0
37 56 64739 1
94 44 64813 1
62 30 64860 1
55 97 64866 0
51 83 64920 0
27 77 64979 0
84 73 65335 1
71 68 65450 0
48 56 65498 1
77 73 65506 1
20 75 65518 0
57 99 65642 0
20 74 65694 0
54 100 65712 0
40 76 65786 0
57 98 65876 0
27 59 65979 1
38 76 66084 0
51 90 66100 0
70 41 66149 1
19 74 66356 0
91 74 66414 1
58 97 66567 0
88 62 66653 0
45 78 66739 0
28 77 66740 0
103 50 66772 1
70 44 66772 1
59 97 66913 0
103 42 66989 1
85 72 67034 1
54 41 67077 0
58 100 67101 0
69 35 67193 1
51 91 67326 0
54 97 67340 0
19 73 67385 0
17 68 67423 0
103 43 67513 1
30 77 67516 0
51 86 67580 0
40 75 67585 0
63 96 67600 0
52 44 67638 0
75 67 67696 0
44 75 67730 0
55 39 67823 0
77 68 67871 0
34 78 68206 0
25 76 68207 0
103 45 68252 1
45 75 68261 0
29 81 68324 0
85 64 68338 0
71 67 68378 0
62 12 68380 0
54 44 68420 0
58 99 68697 0
90 63 68751 0
21 64 68917 0
55 97 69000 0
51 90 69126 0
84 64 69150 0
51 81 69226 0
50 78 69247 0
69 69 69373 0
35 76 69415 0
54 46 69426 0
20 68 69500 0
21 74 69517 0
72 55 69524 1
19 66 69613 0
75 74 69698 1
76 68 69698 0
21 73 69842 0
26 78 69892 0
42 57 69981 1
41 77 69997 0
32 59 70077 1
20 62 70165 0
74 50 70318 1
27 76 70358 0
49 88 70450 0
17 71 70468 0
60 99 70542 0
29 59 70583 1
93 61 70612 0
51 75 70701 0
17 66 70726 0
34 59 70777 1
50 84 70808 0
17 76 70860 0
50 86 71273 0
69 47 71496 1
71 40 71574 1
31 77 71720 0
38 76 71824 0
24 80 71859 0
40 75 71927 0
23 77 72111 0
40 58 72213 1
20 69 72233 0
68 34 72492 1
45 76 72519 0
20 75 72583 0
35 75 72684 0
70 36 72703 1
88 73 72928 1
83 73 72956 1
78 66 73096 0
41 57 73295 1
40 76 73323 0
69 43 73425 1
65 31 73438 1
53 95 73488 0
68 46 73548 1
51 90 73558 0
81 48 73569 1
31 59 73614 1
22 76 73753 0
45 56 73898 1
18 65 74171 0
18 67 74231 0
53 52 74275 0
52 99 74302 0
75 67 74311 0
21 73 74425 0
52 95 74608 0
71 67 74650 0
69 51 74810 1
47 57 74950 1
53 46 75063 0
51 81 75103 0
46 57 75112 1
82 48 75203 1
67 77 75264 1
61 99 75700 0
76 66 75733 0
24 75 75737 0
91 62 75894 0
45 57 75923 1
20 69 76142 0
55 97 76232 0
56 97 76247 0
98 42 76359 1
52 52 76642 0
55 43 76879 0
57 98 77035 0
71 94 77291 0
19 73 77650 0
49 76 77713 0
92 78 77797 1
54 48 78051 0
22 75 78101 0
19 69 78200 0
22 76 78501 0
69 41 78719 1
77 66 78800 0
49 80 78861 0
31 77 78866 0
35 75 78898 0
78 66 79099 0
30 76 79324 0
33 59 79628 1
34 76 79712 0
53 95 79878 0
53 52 79885 0
23 77 79896 0
20 76 80532 0
52 95 80645 0
89 74 80760 1
56 36 80804 0
66 76 81114 1
20 69 81217 0
74 92 81468 0
86 65 81610 0
51 85 81635 0
57 97 81781 0
70 77 81913 1
78 73 82272 1
20 70 82285 0
56 97 82344 0
22 75 82429 0
53 44 82560 0
70 38 82659 1
70 37 82726 1
92 79 82844 1
74 74 83141 1
75 67 83183 0
21 73 83320 0
35 76 84003 0
45 76 84048 0
45 77 84172 0
59 32 84224 1
54 48 84228 0
22 76 84381 0
50 77 84494 0
19 69 84499 0
83 66 84520 0
30 76 84616 0
50 83 84759 0
19 71 84948 0
51 92 85128 0
34 36 85250 0
76 66 85322 0
34 76 85460 0
62 96 85570 0
83 64 85595 0
38 76 85706 0
27 60 85735 1
21 75 85868 0
104 51 85955 1
92 44 86421 1
60 99 86465 0
90 74 86648 1
59 98 86674 0
91 77 86706 1
99 42 86742 1
20 70 86848 0
85 73 86933 1
102 42 86995 1
104 43 87015 1
91 79 87107 1
69 36 87526 1
85 85 87612 0
62 97 87686 0
96 43 87732 1
76 50 88058 1
26 60 88131 1
91 62 88132 0
100 42 88137 1
77 49 88143 1
91 78 88156 1
88 72 88195 1
90 73 88240 1
83 72 88326 1
105 45 88351 1
105 47 88487 1
22 75 88599 0
41 56 88605 1
91 75 88638 1
86 73 88643 1
87 73 88648 1
92 75 88675 1
55 44 88677 0
79 66 88755 0
53 52 88773 0
59 97 88828 0
67 32 88846 1
64 30 88880 1
24 60 89033 1
51 81 89065 0
66 31 89084 1
65 77 89246 1
68 31 89273 1
69 38 89286 1
68 51 89331 1
89 73 89354 1
54 49 89445 0
91 76 89447 1
76 49 89508 1
42 58 89519 1
61 30 89624 1
72 67 89729 0
90 75 89757 1
67 33 89849 1
105 48 89861 1
81 47 89883 1
66 74 89889 1
55 42 89903 0
69 39 89908 1
101 41 89953 1
92 62 89987 0
26 76 90066 0
36 58 90072 1
58 97 90078 0
68 33 90091 1
88 46 90098 1
97 43 90098 1
104 44 90129 1
92 76 90130 1
70 51 90141 1
49 56 90141 1
85 47 90143 1
71 67 90168 0
69 44 90207 1
41 58 90208 1
82 72 90219 1
47 56 90293 1
79 89 90300 0
68 49 90314 1
40 75 90314 0
30 59 90325 1
51 77 90351 0
69 68 90359 0
68 32 90367 1
67 31 90367 1
81 72 90411 1
69 50 90467 1
68 78 90471 1
69 33 90525 1
51 89 90597 0
85 73 90633 1
30 76 90659 0
95 44 90665 1
66 72 90703 1
69 52 90704 1
28 59 90708 1
83 48 90750 1
72 51 90761 1
105 46 90821 1
84 64 90850 0
88 62 90873 0
25 60 90980 1
76 73 91103 1
104 50 91143 1
68 50 91160 1
57 97 91160 0
68 48 91231 1
64 97 91260 0
58 98 91276 0
13 85 91290 0
67 70 91304 1
51 90 91321 0
43 56 91321 1
51 75 91354 0
53 46 91403 0
70 39 91488 1
97 57 91504 0
63 31 91526 1
80 65 91550 0
69 94 91559 0
20 70 91574 0
44 57 91580 1
69 37 91591 1
50 87 91600 0
20 69 91668 0
34 58 91684 1
24 75 91690 0
51 80 91696 0
69 34 91741 1
49 75 91779 0
63 29 91790 1
29 76 91807 0
57 35 91856 0
52 91 91864 0
23 77 91934 0
20 76 91973 0
37 58 92041 1
85 86 92071 0
73 50 92108 1
48 75 92148 0
89 45 92169 1
51 76 92190 0
29 75 92251 0
105 50 92302 1
19 69 92334 0
70 40 92436 1
91 74 92450 1
23 75 92478 0
54 48 92487 0
102 42 92512 1
101 42 92516 1
61 29 92522 1
27 58 92535 1
69 51 92550 1
51 85 92616 0
49 55 92617 1
23 60 92635 1
61 31 92689 1
80 72 92717 1
33 58 92733 1
51 83 92793 0
105 44 92796 1
56 97 92877 0
45 55 92893 1
44 75 92921 0
35 58 92933 1
35 74 92934 0
75 50 92952 1
73 68 93017 0
62 29 93049 1
78 66 93088 0
51 78 93096 0
66 31 93209 1
20 68 93259 0
72 93 93283 0
38 57 93284 1
67 77 93316 1
35 75 93359 0
25 59 93359 1
34 76 93445 0
91 77 93485 1
99 42 93487 1
53 95 93504 0
56 101 93635 0
84 72 93635 1
22 75 93719 0
53 53 93732 0
65 31 93755 1
69 40 93768 1
20 65 93769 0
87 72 93773 1
44 56 93782 1
87 63 93795 0
52 94 93808 0
25 76 93890 0
90 73 93912 1
56 38 93953 0
87 84 94031 0
66 30 94045 1
70 35 94053 1
111 111 94066 0
77 66 94074 0
55 97 94089 0
27 59 94147 1
36 57 94172 1
26 59 94188 1
76 66 94224 0
105 49 94284 1
67 32 94284 1
66 75 94317 1
93 44 94329 1
84 48 94417 1
36 77 94445 0
66 71 94473 1
59 98 94485 0
68 47 94564 1
77 90 94575 0
52 95 94639 0
55 43 94663 0
23 59 94692 1
91 75 94715 1
51 86 94750 0
67 71 94852 1
63 30 94868 1
85 85 94895 0
85 72 94910 1
59 97 94912 0
81 48 94942 1
87 47 94997 1
50 55 95024 1
54 44 95042 0
28 76 95090 0
26 76 95102 0
50 86 95144 0
48 55 95150 1
52 91 95154 0
22 74 95160 0
65 30 95211 1
66 29 95211 1
20 70 95226 0
46 55 95244 1
33 76 95306 0
21 73 95375 0
69 35 95377 1
67 78 95458 1
87 73 95465 1
30 59 95493 1
79 48 95505 1
73 75 95519 1
68 49 95522 1
54 49 95529 0
48 56 95535 1
50 85 95572 0
81 66 95593 0
71 51 95640 1
29 59 95697 1
68 33 95699 1
40 56 95769 1
92 80 95775 1
84 73 95782 1
21 74 95794 0
32 59 95847 1
20 75 95871 0
31 77 95872 0
27 76 95913 0
69 95 95962 0
66 74 96044 1
62 97 96061 0
55 41 96095 0
102 43 96112 1
44 68 96134 1
103 42 96155 1
56 99 96252 0
71 36 96285 1
20 63 96377 0
50 83 96436 0
59 96 96531 0
20 64 96542 0
68 46 96568 1
67 76 96573 1
78 73 96612 1
55 44 96674 0
62 96 96709 0
49 56 96740 1
65 96 96767 0
61 96 96787 0
46 74 96798 0
104 46 96831 1
39 56 96914 1
52 76 96996 0
19 68 97032 0
30 76 97065 0
100 42 97095 1
39 57 97125 1
82 48 97285 1
84 47 97347 1
66 76 97378 1
55 42 97418 0
28 59 97431 1
42 56 97448 1
22 60 97492 1
20 72 97494 0
24 75 97536 0
70 68 97664 0
83 64 97701 0
71 67 97777 0
71 50 97891 1
40 57 97935 1
89 73 97960 1
69 77 98082 1
80 48 98083 1
46 56 98121 1
20 69 98221 0
45 75 98315 0
94 44 98374 1
82 64 98401 0
60 31 98427 1
68 51 98472 1
22 74 98594 0
88 84 98607 0
40 75 98610 0
59 99 98658 0
22 76 98692 0
92 76 98724 1
55 99 98735 0
51 91 98739 0
91 81 98997 1
57 34 99025 0
104 43 99082 1
47 75 99088 0
95 43 99203 1
77 49 99421 1
92 45 99459 1
103 43 99644 1
20 68 99682 0
69 68 99742 0
70 36 99825 1
70 43 99976 1
21 64 100027 0
87 63 100051 0
74 91 100231 0
91 62 100327 0
86 47 100340 1
47 55 100371 1
41 57 100404 1
98 42 100412 1
91 79 100471 1
28 76 100483 0
53 96 100484 0
53 51 100518 0
69 45 100538 1
67 31 100554 1
38 56 100607 1
52 91 100628 0
95 60 100630 0
69 38 100841 1
69 33 100871 1
105 47 100872 1
105 45 100878 1
83 72 100926 1
40 58 100951 1
29 75 101063 0
105 43 101069 1
104 44 101132 1
83 47 101208 1
20 70 101255 0
52 76 101266 0
50 77 101276 0
36 58 101307 1
50 88 101341 0
92 75 101389 1
45 56 101464 1
87 71 101505 1
64 30 101554 1
86 63 101569 0
91 45 101601 1
24 59 101700 1
91 78 101755 1
88 62 101761 0
102 41 101820 1
67 30 101991 1
64 29 102043 1
62 30 102050 1
104 42 102078 1
68 50 102081 1
58 97 102096 0
54 48 102147 0
70 51 102159 1
70 37 102267 1
66 96 102278 0
88 72 102306 1
85 73 102387 1
89 84 102514 0
72 50 102557 1
46 74 102593 0
92 74 102677 1
71 41 102701 1
73 46 102744 1
73 74 102744 1
51 89 102776 0
59 98 102909 0
66 31 102925 1
82 65 102963 0
51 90 103023 0
74 74 103034 1
52 55 103037 1
69 50 103083 1
70 41 103300 1
78 48 103304 1
99 42 103322 1
54 42 103388 0
105 48 103397 1
54 46 103466 0
91 74 103557 1
102 42 103578 1
57 97 103626 0
20 72 103630 0
86 73 103663 1
22 75 103766 0
22 74 103785 0
21 63 103889 0
50 96 103895 0
68 77 103934 1
70 45 103954 1
87 46 103965 1
34 58 103999 1
69 51 104012 1
67 77 104040 1
27 60 104063 1
69 32 104064 1
68 68 104066 0
83 48 104067 1
33 58 104081 1
75 49 104187 1
52 92 104195 0
54 47 104262 0
71 93 104307 0
97 42 104334 1
85 47 104394 1
68 49 104435 1
51 55 104436 1
75 66 104441 0
35 58 104451 1
79 47 104477 1
49 55 104518 1
37 57 104558 1
74 50 104580 1
68 31 104636 1
23 75 104643 0
92 81 104657 1
71 37 104772 1
50 89 104793 0
96 43 104844 1
80 47 104910 1
104 52 104999 1
67 32 105107 1
68 48 105154 1
70 39 105190 1
67 75 105215 1
30 59 105228 1
68 32 105249 1
65 96 105260 0
89 63 105268 0
70 40 105290 1
85 63 105296 0
71 38 105305 1
24 74 105415 0
70 44 105420 1
27 59 105427 1
72 16 105452 1
68 33 105509 1
30 58 105521 1
91 75 105639 1
70 68 105651 0
32 58 105695 1
65 29 105770 1
82 72 105798 1
81 72 105820 1
41 56 105928 1
87 84 105972 0
51 75 106003 0
67 70 106081 1
52 76 106127 0
69 76 106132 1
78 67 106179 0
76 73 106349 1
35 74 106448 0
72 67 106470 0
86 63 106486 0
90 73 106509 1
37 58 106542 1
61 98 106544 0
55 41 106582 0
35 75 106600 0
77 73 106609 1
43 55 106669 1
29 59 106773 1
88 46 106809 1
72 75 106823 1
28 59 106874 1
21 62 106926 0
92 76 106988 1
51 81 107010 0
69 34 107062 1
51 85 107083 0
21 73 107179 0
89 73 107210 1
72 92 107265 0
79 72 107354 1
56 33 107403 0
71 67 107441 0
47 75 107478 0
43 56 107539 1
29 75 107550 0
103 42 107575 1
76 66 107609 0
67 72 107657 1
49 56 107692 1
80 65 107742 0
82 64 107789 0
56 98 107839 0
52 92 107845 0
52 91 107897 0
85 85 107899 0
81 48 107936 1
80 72 107971 1
104 50 107993 1
21 74 108000 0
28 76 108005 0
77 66 108019 0
88 84 108025 0
43 57 108039 1
59 96 108062 0
18 74 108066 0
46 74 108069 0
57 33 108070 0
56 97 108073 0
57 35 108157 0
94 61 108171 0
75 66 108203 0
51 83 108208 0
26 59 108250 1
20 64 108255 0
92 78 108332 1
85 72 108433 1
55 44 108439 0
52 88 108502 0
19 69 108504 0
20 65 108569 0
20 69 108623 0
105 45 108632 1
92 62 108699 0
43 84 108735 0
22 74 108750 0
56 99 108751 0
48 55 108759 1
21 75 108784 0
48 90 108816 0
87 63 108849 0
51 84 108863 0
50 55 108884 1
51 77 108937 0
24 75 108959 0
66 30 108959 1
73 68 109086 0
25 76 109149 0
85 63 109180 0
54 47 109219 0
51 76 109494 0
50 88 109496 0
24 74 109520 0
92 75 109563 1
17 75 109578 0
78 66 109587 0
55 42 109587 0
88 63 109635 0
62 97 109703 0
52 93 109710 0
105 44 109759 1
65 31 109828 1
44 56 109910 1
20 72 109968 0
21 65 109980 0
48 81 110264 0
95 44 110316 1
76 49 110456 1
100 41 110543 1
45 55 110645 1
33 59 110675 1
67 71 110703 1
97 43 110884 1
31 58 110944 1
59 97 111041 0
52 92 111116 0
69 33 111186 1
70 77 111202 1
53 47 111246 0
43 77 111370 0
71 39 111434 1
100 42 111438 1
53 51 111671 0
23 76 111691 0
71 35 111857 1
91 73 111903 1
71 40 111927 1
54 49 111949 0
24 60 112067 1
75 90 112067 0
48 75 112225 0
62 96 112273 0
103 52 112308 1
104 43 112316 1
73 50 112357 1
87 72 112401 1
67 31 112401 1
52 88 112401 0
51 87 112458 0
60 98 112506 0
70 50 112515 1
66 97 112611 0
40 76 112691 0
52 83 112945 0
44 75 112950 0
93 76 112994 1
49 89 113030 0
88 62 113313 0
44 55 113315 1
53 95 113386 0
69 44 113454 1
70 35 113514 1
75 66 113519 0
78 89 113521 0
81 47 113539 1
82 47 113570 1
69 46 113635 1
82 48 113646 1
21 64 113718 0
34 76 113740 0
105 47 113758 1
25 75 113871 0
105 46 113983 1
66 31 113989 1
70 49 114049 1
74 67 114111 0
32 76 114126 0
66 74 114132 1
43 76 114170 0
86 46 114301 1
86 63 114506 0
78 73 114533 1
37 75 114563 0
105 49 114595 1
93 77 114609 1
99 56 114615 0
101 41 114704 1
104 42 114740 1
69 49 114783 1
92 80 114951 1
102 42 115001 1
51 84 115182 0
66 29 115235 1
68 47 115270 1
67 29 115293 1
93 80 115332 1
99 42 115340 1
52 92 115350 0
83 47 115361 1
91 74 115406 1
68 77 115436 1
75 73 115505 1
47 55 115510 1
25 59 115516 1
54 48 115577 0
69 50 115641 1
20 70 115647 0
51 86 115667 0
93 61 115677 0
85 63 115679 0
55 43 115713 0
21 65 115738 0
70 36 115747 1
57 37 115762 0
61 96 115811 0
60 30 115924 1
70 76 116036 1
88 72 116079 1
71 34 116126 1
58 34 116155 0
99 41 116200 1
84 47 116308 1
87 73 116385 1
69 51 116460 1
52 93 116497 0
58 97 116498 0
64 30 116538 1
30 59 116542 1
52 76 116571 0
91 61 116573 0
72 43 116625 1
101 42 116626 1
90 73 116669 1
92 44 116759 1
69 94 116764 0
55 99 116766 0
68 49 116768 1
54 6 116789 1
83 72 116816 1
98 42 116819 1
92 74 116831 1
89 72 116983 1
108 13 117132 1
46 55 117134 1
105 48 117258 1
87 47 117259 1
54 95 117262 0
38 57 117346 1
106 49 117376 1
84 72 117386 1
48 56 117443 1
67 74 117444 1
74 91 117476 0
79 65 117481 0
65 96 117484 0
67 30 117548 1
105 50 117595 1
119 36 117661 1
93 43 117763 1
55 40 117789 0
25 75 117793 0
79 48 117809 1
87 84 117847 0
49 55 117849 1
50 88 117889 0
22 77 117914 0
52 55 117942 1
41 55 117990 1
93 78 118001 1
95 43 118044 1
105 43 118126 1
35 74 118163 0
68 31 118188 1
35 58 118224 1
20 67 118244 0
52 88 118254 0
63 29 118370 1
69 48 118442 1
54 47 118500 0
51 80 118524 0
69 77 118530 1
29 58 118547 1
22 75 118550 0
94 44 118589 1
28 59 118620 1
92 76 118658 1
105 45 118665 1
21 68 118868 0
77 49 118868 1
71 50 118876 1
51 55 118904 1
21 63 118926 0
63 96 118982 0
70 32 118983 1
67 75 119002 1
86 71 119051 1
27 76 119105 0
20 68 119237 0
46 74 119239 0
28 58 119283 1
36 58 119333 1
45 85 119341 0
34 58 119402 1
27 59 119410 1
103 41 119418 1
24 74 119440 0
93 44 119444 1
29 75 119512 0
20 76 119557 0
51 87 119608 0
23 75 119610 0
89 63 119639 0
46 56 119639 1
88 63 119666 0
81 71 119674 1
23 76 119768 0
61 97 119795 0
91 61 119901 0
102 41 119912 1
68 30 119924 1
86 64 119943 0
33 58 119952 1
68 33 119981 1
22 74 120009 0
74 49 120074 1
91 75 120211 1
71 76 120214 1
76 90 120220 0
90 63 120245 0
37 75 120245 0
83 48 120283 1
81 72 120286 1
87 85 120432 0
104 41 120528 1
77 47 120555 1
40 75 120565 0
41 57 120603 1
77 48 120707 1
55 38 120731 0
92 75 120798 1
89 73 120823 1
103 42 120851 1
70 33 120911 1
70 37 120918 1
75 66 120928 0
71 36 120929 1
64 29 120957 1
88 84 120997 0
82 71 121025 1
79 46 121058 1
47 87 121074 0
53 52 121109 0
83 71 121110 1
49 75 121115 0
30 58 121160 1
52 91 121236 0
54 97 121236 0
52 92 121268 0
63 28 121268 1
27 58 121312 1
42 56 121337 1
25 75 121344 0
50 55 121355 1
69 47 121360 1
54 95 121416 0
21 68 121527 0
29 76 121538 0
30 76 121568 0
69 33 121570 1
39 57 121628 1
91 64 121696 0
51 75 121703 0
52 83 121774 0
85 72 121790 1
69 32 121808 1
75 67 121916 0
32 76 121952 0
26 82 122026 0
75 90 122029 0
55 97 122073 0
78 89 122073 0
79 65 122081 0
83 86 122095 0
55 44 122141 0
62 98 122160 0
32 58 122163 1
21 65 122170 0
90 72 122174 1
40 56 122239 1
85 47 122293 1
78 67 122320 0
76 73 122368 1
24 75 122384 0
51 84 122441 0
61 31 122464 1
34 57 122513 1
59 96 122525 0
29 59 122568 1
67 76 122573 1
31 58 122626 1
35 75 122674 0
58 33 122840 0
70 40 122996 1
20 67 123063 0
20 72 123133 0
39 76 123196 0
57 97 123330 0
36 57 123393 1
89 45 123394 1
62 29 123476 1
70 39 123531 1
88 85 123646 0
60 98 123694 0
50 94 123920 0
55 51 124070 0
91 72 124139 1
39 77 124165 0
57 41 124165 0
82 86 124265 0
26 76 124303 0
19 72 124305 0
54 38 124416 0
70 43 124424 1
71 37 124453 1
72 50 124481 1
48 55 124559 1
21 68 124603 0
67 71 124639 1
65 30 124639 1
21 64 124710 0
43 76 124782 0
35 57 124814 1
69 31 124896 1
47 75 124902 0
3 120 124951 1
75 49 125002 1
91 61 125059 0
105 44 125108 1
96 42 125170 1
51 97 125180 0
55 52 125363 0
54 96 125614 0
62 30 125671 1
70 68 125857 0
57 37 125921 0
17 77 125940 0
22 78 125972 0
82 72 126011 1
69 50 126029 1
59 98 126127 0
36 56 126183 1
77 8 126355 1
71 38 126549 1
54 95 126660 0
55 40 126869 0
61 97 126970 0
40 57 126973 1
58 96 127026 0
74 74 127124 1
37 75 127151 0
64 28 127486 1
28 76 127762 0
24 59 127812 1
20 64 127833 0
42 55 127854 1
105 46 127980 1
68 95 128140 0
76 90 128357 0
37 57 128428 1
91 74 128429 1
91 44 128489 1
91 73 128537 1
20 66 128601 0
23 76 128652 0
106 48 128839 1
67 70 128870 1
72 36 128881 1
106 45 128932 1
37 56 128956 1
33 75 129025 0
51 89 129045 0
91 79 129110 1
39 75 129306 0
56 99 129430 0
83 86 129598 0
87 85 129657 0
20 67 129707 0
80 72 129738 1
67 72 129758 1
52 93 129799 0
79 66 129959 0
25 75 130004 0
49 73 130030 0
68 96 130059 0
70 41 130094 1
83 64 130182 0
55 41 130194 0
105 51 130218 1
71 67 130333 0
85 85 130361 0
56 38 130371 0
104 40 130587 1
18 71 130663 0
51 85 130679 0
48 74 130722 0
60 97 130744 0
68 75 130847 1
100 56 130910 0
81 48 131042 1
21 73 131048 0
20 71 131171 0
57 98 131201 0
56 96 131380 0
58 96 131423 0
37 58 131683 1
97 57 131709 0
26 59 131986 1
63 97 131986 0
80 65 132133 0
47 74 132174 0
52 88 132376 0
82 64 132394 0
68 77 132433 1
24 61 132483 1
85 63 132565 0
59 97 132607 0
54 96 132609 0
54 99 132876 0
94 59 132948 0
22 77 132961 0
86 63 133051 0
21 68 133292 0
100 41 133365 1
69 49 133393 1
70 69 133534 0
88 46 133605 1
104 42 133658 1
102 42 133676 1
33 75 133716 0
54 50 133844 0
92 73 133849 1
47 54 133924 1
73 91 134072 0
93 60 134138 0
65 29 134575 1
53 77 134602 0
49 56 134728 1
78 48 134791 1
89 84 134823 0
48 84 135109 0
88 72 135161 1
32 76 135249 0
20 66 135357 0
39 75 135497 0
119 98 135513 1
48 74 135653 0
52 80 135699 0
56 96 135752 0
78 47 135755 1
88 71 135837 1
45 75 135848 0
90 73 136227 1
60 97 136369 0
43 55 136370 1
70 50 136398 1
96 43 136623 1
55 45 136658 0
51 88 136910 0
83 63 137006 0
53 94 137080 0
49 73 137103 0
69 45 137200 1
61 30 137339 1
47 76 137562 0
52 90 137598 0
68 95 137676 0
73 66 137787 0
68 31 138166 1
67 31 138298 1
64 96 138480 0
67 96 138540 0
80 47 138767 1
55 38 138839 0
79 65 138889 0
67 28 138938 1
66 31 138952 1
50 80 139016 0
53 92 139178 0
35 74 139396 0
47 74 139411 0
54 50 139427 0
105 47 139720 1
109 45 139824 1
33 75 139915 0
44 56 140061 1
21 72 140166 0
19 72 140168 0
20 71 140366 0
73 50 140414 1
83 47 140447 1
54 96 140518 0
109 45 140535 0
48 54 140566 1
93 75 140579 1
101 41 140723 1
46 54 140778 1
87 46 140841 1
25 58 140940 1
99 42 141003 1
105 49 141169 1
50 81 141234 0
88 85 141271 0
50 88 141359 0
67 75 141404 1
88 62 141408 0
101 55 141483 0
52 80 141640 0
87 84 141680 0
55 100 141743 0
65 95 141870 0
45 55 141987 1
76 66 142028 0
26 58 142033 1
69 97 142065 0
105 45 142094 1
57 95 142207 0
29 75 142207 0
52 90 142221 0
71 42 142230 1
105 48 142233 1
30 59 142271 1
91 61 142445 0
47 55 142498 1
43 76 142508 0
62 96 142537 0
85 71 142589 1
54 43 142712 0
67 30 142723 1
52 76 142817 0
53 94 142933 0
71 40 143018 1
61 97 143032 0
54 95 143040 0
18 70 143114 0
56 96 143155 0
61 96 143159 0
83 86 143189 0
81 47 143272 1
79 89 143274 0
92 74 143312 1
66 29 143346 1
53 92 143366 0
93 76 143382 1
83 63 143462 0
92 76 143504 1
46 74 143537 0
102 54 143540 0
55 42 143562 0
48 74 143636 0
92 75 143760 1
24 74 143787 0
60 97 143799 0
105 42 143863 1
55 45 143909 0
71 41 143951 1
73 66 144209 0
53 49 144292 0
20 66 144332 0
80 71 144335 1
105 43 144343 1
41 56 144532 1
69 33 144628 1
97 42 144669 1
55 39 144702 0
53 77 144705 0
73 92 144813 0
57 35 144864 0
50 92 144902 0
82 86 145039 0
51 88 145168 0
28 58 145171 1
49 55 145233 1
43 56 145238 1
58 96 145349 0
21 72 145354 0
31 58 145392 1
106 47 145427 1
84 47 145447 1
35 58 145554 1
71 32 145554 1
29 58 145591 1
70 44 145615 1
28 59 145670 1
69 50 145702 1
51 93 145794 0
69 51 145857 1
27 75 145881 0
84 71 145904 1
55 43 145915 0
33 58 145951 1
92 80 146037 1
36 74 146041 0
39 75 146050 0
30 58 146081 1
68 29 146141 1
33 57 146168 1
103 42 146212 1
51 87 146291 0
53 80 146305 0
83 72 146343 1
24 78 146361 0
69 46 146405 1
71 50 146441 1
21 65 146472 0
76 49 146548 1
52 55 146626 1
71 35 146641 1
64 96 146646 0
87 71 146678 1
75 73 146856 1
77 72 146915 1
93 79 146957 1
85 46 146989 1
103 41 147003 1
54 50 147016 0
79 47 147018 1
105 44 147063 1
76 47 147085 1
40 74 147139 0
74 48 147269 1
98 58 147287 0
46 55 147304 1
73 74 147334 1
44 55 147337 1
65 28 147451 1
50 55 147512 1
32 58 147630 1
51 54 147719 1
70 93 147720 0
53 92 147793 0
91 73 147809 1
102 41 147842 1
83 46 147983 1
67 71 148025 1
24 58 148341 1
17 14 148360 1
71 39 148433 1
27 58 148474 1
34 58 148482 1
39 74 148487 0
72 37 148514 1
61 29 148532 1
68 30 148555 1
51 55 148652 1
36 57 148770 1
52 90 148798 0
56 36 148867 0
20 69 148870 0
21 62 149046 0
90 73 149135 1
76 90 149528 0
20 67 149605 0
59 96 149812 0
53 94 149830 0
95 43 149831 1
69 77 149844 1
57 34 149871 0
81 72 149909 1
55 51 149943 0
36 74 150151 0
54 53 150162 0
93 60 150189 0
71 49 150195 1
88 72 150216 1
69 49 150251 1
27 75 150271 0
69 31 150330 1
73 113 150366 1
60 98 150465 0
69 48 150501 1
51 78 150505 0
94 43 150580 1
21 68 150587 0
72 68 150783 0
64 30 150876 1
70 67 150903 0
77 49 150955 1
82 87 150979 0
51 90 150990 0
64 29 151058 1
69 30 151090 1
71 43 151098 1
21 72 151179 0
38 57 151361 1
53 80 151379 0
31 74 151484 0
57 95 151508 0
40 74 151633 0
104 41 151685 1
48 79 151728 0
54 51 151765 0
88 63 151766 0
70 32 151941 1
48 95 152065 0
71 37 152100 1
91 74 152193 1
68 95 152361 0
53 100 152379 0
70 77 152430 1
21 63 152550 0
87 85 152653 0
90 72 152787 1
50 73 152809 0
83 48 152981 1
50 97 153125 0
98 42 153228 1
70 33 153293 1
67 95 153483 0
102 42 153506 1
41 57 153605 1
101 41 153625 1
69 44 153722 1
41 74 153815 0
70 46 153897 1
67 29 153916 1
86 46 153916 1
109 45 153962 1
39 74 154015 0
69 47 154052 1
109 45 154139 0
54 96 154148 0
69 32 154176 1
24 77 154207 0
45 54 154231 1
35 57 154267 1
52 80 154299 0
86 71 154579 1
56 97 154869 0
99 41 154883 1
104 42 155109 1
72 92 155159 0
33 74 155215 0
70 49 155236 1
93 78 155298 1
93 77 155345 1
71 36 155361 1
106 44 155450 1
58 97 155490 0
72 93 155492 0
77 65 155516 0
92 75 155573 1
49 54 155591 1
88 84 155619 0
93 61 155627 0
75 66 155654 0
38 56 155717 1
55 45 155854 0
69 50 155862 1
82 47 155919 1
85 62 156014 0
105 43 156064 1
58 34 156077 0
51 86 156088 0
27 75 156163 0
85 47 156198 1
76 73 156219 1
65 95 156333 0
69 76 156362 1
47 74 156363 0
99 55 156454 0
55 52 156468 0
74 49 156471 1
24 75 156639 0
68 74 156694 1
49 77 156759 0
35 74 156768 0
71 34 156771 1
93 43 156797 1
71 38 156812 1
91 72 156825 1
105 45 156873 1
106 45 156921 1
49 73 156949 0
36 74 156959 0
92 74 157000 1
105 42 157001 1
68 75 157051 1
92 43 157112 1
100 41 157147 1
69 94 157159 0
52 83 157163 0
41 73 157184 0
53 92 157195 0
97 43 157212 1
106 43 157284 1
91 61 157293 0
42 75 157350 0
51 79 157392 0
73 66 157455 0
92 73 157524 1
72 38 157542 1
70 67 157650 0
89 71 157673 1
57 39 157684 0
93 74 157730 1
74 73 157734 1
89 45 157762 1
31 74 157779 0
70 31 157871 1
51 83 157901 0
83 47 157932 1
81 46 157945 1
83 71 158112 1
87 84 158120 0
105 50 158150 1
21 64 158162 0
39 57 158209 1
50 54 158264 1
71 93 158265 0
40 74 158281 0
57 41 158294 0
93 75 158325 1
50 84 158345 0
82 71 158375 1
94 44 158375 1
53 93 158393 0
81 71 158449 1
48 55 158492 1
41 74 158550 0
106 46 158571 1
30 58 158623 1
24 74 158691 0
83 85 158837 0
64 96 158882 0
54 51 158886 0
55 44 158961 0
22 62 158971 0
52 82 159000 0
30 77 159074 0
50 73 159099 0
52 88 159129 0
55 40 159170 0
33 97 159185 0
33 74 159185 0
32 57 159224 1
63 96 159231 0
31 58 159307 1
72 39 159345 1
67 30 159359 1
51 84 159412 0
83 63 159427 0
53 77 159470 0
75 49 159477 1
54 47 159487 0
34 75 159499 0
52 74 159547 0
53 102 159565 0
100 40 159582 1
93 76 159645 1
22 74 159703 0
21 65 159729 0
66 29 159762 1
56 93 159784 0
53 80 159869 0
104 67 159870 1
63 29 159873 1
79 48 159951 1
39 74 159974 0
104 40 160275 1
71 40 160289 1
33 58 160452 1
75 48 160483 1
58 96 160504 0
37 57 160562 1
81 47 160582 1
28 58 160640 1
71 33 160708 1
38 8 160739 1
78 48 160806 1
60 97 160870 0
77 65 160892 0
103 42 160972 1
49 55 161079 1
85 62 161090 0
21 72 161114 0
76 72 161159 1
70 93 161205 0
70 50 161285 1
87 45 161295 1
34 57 161302 1
65 29 161312 1
48 74 161457 0
16 11 161461 1
73 43 161462 1
94 78 161480 1
79 87 161508 0
56 96 161521 0
55 94 161662 0
106 47 161709 1
29 58 161756 1
85 71 161759 1
70 45 161782 1
70 76 161811 1
33 75 161842 0
69 31 161897 1
47 54 162129 1
45 55 162236 1
25 75 162289 0
87 71 162399 1
106 49 162474 1
59 34 162531 0
102 40 162593 1
80 76 162608 1
57 96 162708 0
88 72 162724 1
80 47 162752 1
29 75 162805 0
69 49 162960 1
91 73 163173 1
87 46 163184 1
21 66 163415 0
41 55 163423 1
70 32 163460 1
103 41 163475 1
104 41 163609 1
102 41 163629 1
92 44 163655 1
101 41 163671 1
71 35 163671 1
48 54 163727 1
73 50 163983 1
53 45 164079 1
53 93 164079 0
105 44 164132 1
81 48 164229 1
79 88 164254 0
52 74 164262 0
71 50 164433 1
61 96 164582 0
42 56 164588 1
25 58 164712 1
50 78 164785 0
47 55 164815 1
105 49 164988 1
20 71 165028 0
51 54 165059 1
62 29 165102 1
36 74 165182 0
122 11 165283 1
71 37 165492 1
88 71 165604 1
33 74 165634 0
69 50 165982 1
109 45 165990 1
41 73 166155 0
65 27 166170 1
84 47 166396 1
54 51 166503 0
109 45 166694 0
46 54 166754 1
55 94 166759 0
40 55 166766 1
62 96 166806 0
105 46 166938 1
69 47 166986 1
48 91 167096 0
67 95 167232 0
67 75 167260 1
34 75 167288 0
67 71 167355 1
28 59 167389 1
70 67 167406 0
84 71 167633 1
52 82 167686 0
27 58 167734 1
36 57 167837 1
41 74 168129 0
71 31 168130 1
21 66 168179 0
31 75 168215 0
43 54 168433 1
57 96 168449 0
19 70 168457 0
26 58 168569 1
106 48 168702 1
55 93 168729 0
83 85 168784 0
23 59 168852 1
90 44 168887 1
70 30 169025 1
43 55 169055 1
18 70 169075 0
116 69 169075 1
92 72 169213 1
72 50 169220 1
93 83 169296 1
21 110 169328 1
89 54 169347 1
83 127 169390 1
90 73 169469 1
50 55 169482 1
88 46 169515 1
21 69 169588 0
67 29 169741 1
86 71 169784 1
31 74 169985 0
53 49 170036 0
57 95 170077 0
114 16 170111 1
87 90 170196 1
68 30 170236 1
52 84 170269 0
69 30 170291 1
85 84 170348 0
42 75 170457 0
57 37 170508 0
80 71 170548 1
67 72 170584 1
40 74 170768 0
105 43 170850 1
106 44 170951 1
69 48 171052 1
82 87 171188 0
55 51 171219 0
66 80 171319 1
35 73 171347 0
105 48 171484 1
73 91 171739 0
86 62 171756 0
22 70 171812 0
53 94 171829 0
85 62 171988 0
46 74 172108 0
27 75 172161 0
92 75 172187 1
50 99 172342 0
52 76 172356 0
58 101 172440 0
68 29 172472 1
54 45 172597 0
96 43 172637 1
21 68 173034 0
52 96 173109 0
53 93 173122 0
40 56 173154 1
52 74 173184 0
22 61 173196 0
84 86 173204 0
91 77 173222 1
23 73 173254 0
38 75 173302 0
95 58 173311 0
90 62 173418 0
99 57 173430 0
89 83 173464 0
72 49 173470 1
21 66 173479 0
92 81 173575 1
70 49 173615 1
55 103 173723 0
35 74 173784 0
55 93 173806 0
37 75 173838 0
51 81 173860 0
79 65 173919 0
42 106 173936 0
52 90 174088 0
22 73 174228 0
82 85 174279 0
97 57 174470 0
42 74 174563 0
55 94 174803 0
66 96 174964 0
76 65 175056 0
57 39 175144 0
21 69 175188 0
63 97 175207 0
49 90 175249 0
53 97 175427 0
64 97 175488 0
18 75 175747 0
50 90 175796 0
62 99 175848 0
50 98 175921 0
31 75 175926 0
59 32 175969 0
34 75 176027 0
22 70 176048 0
38 77 176049 0
55 37 176277 0
24 77 176387 0
77 89 176715 0
78 91 176743 0
79 88 176777 0
78 89 176819 0
52 84 176822 0
50 87 176891 0
57 96 177132 0
86 84 177224 0
37 92 177326 0
51 72 177336 0
53 37 177486 0
63 100 177555 0
86 62 177609 0
21 61 177620 0
63 95 177735 0
44 77 177755 0
68 75 177920 1
63 98 177979 0
54 92 178155 0
82 88 178670 0
42 55 178819 1
41 75 178873 0
73 49 179090 1
32 74 179145 0
51 88 179220 0
52 78 179734 0
72 34 179756 1
77 66 179871 0
73 67 179909 0
40 82 180206 0
23 73 180256 0
42 74 180273 0
73 113 180313 0
81 88 180340 0
94 59 180757 0
75 69 180795 0
22 73 180928 0
105 42 181191 1
41 56 181228 1
90 83 181394 0
79 87 181447 0
109 45 181461 1
76 65 181716 0
21 69 181745 0
68 70 181757 1
92 74 181911 1
69 76 182191 1
82 64 182252 0
51 79 182264 0
96 42 182331 1
103 40 182377 1
109 45 182467 0
90 71 182467 1
91 72 182672 1
106 43 182777 1
93 75 182816 1
92 73 183060 1
50 73 183128 0
106 45 183149 1
69 46 183162 1
59 96 183187 0
86 84 183220 0
89 71 183233 1
68 72 183248 1
59 33 183264 0
52 55 183401 1
30 58 183432 1
56 93 183475 0
32 78 183486 0
71 36 183494 1
31 58 183570 1
31 57 183589 1
82 71 183641 1
98 41 183669 1
64 29 183677 1
66 28 183803 1
68 74 183879 1
89 83 183887 0
37 56 183888 1
54 92 183954 0
49 54 183997 1
21 66 184056 0
85 84 184070 0
82 46 184139 1
37 73 184148 0
35 57 184161 1
97 58 184200 0
93 80 184259 1
35 73 184306 0
75 73 184332 1
86 46 184380 1
52 92 184420 0
53 80 184534 0
34 58 184572 1
33 74 184636 0
83 47 184672 1
86 62 184676 0
90 62 184712 0
22 70 184771 0
53 77 184777 0
71 38 184794 1
32 74 184803 0
71 41 184894 1
105 42 184969 1
105 41 184969 1
73 73 185121 1
83 71 185142 1
95 43 185182 1
77 65 185186 0
24 74 185213 0
77 72 185275 1
49 73 185329 0
75 64 185395 0
97 42 185411 1
44 55 185418 1
71 34 185430 1
93 78 185535 1
33 57 185579 1
91 44 185669 1
68 73 185766 1
93 74 185809 1
85 47 185820 1
93 60 185850 0
93 79 185878 1
80 65 185891 0
74 49 185979 1
47 73 186189 0
64 28 186246 1
55 93 186248 0
31 73 186252 0
69 31 186265 1
42 74 186276 0
94 75 186402 1
56 49 186460 0
13 85 186506 0
63 95 186791 0
50 83 186862 0
65 28 186968 1
67 28 186988 1
33 58 186988 1
70 44 187034 1
45 54 187059 1
72 36 187073 1
46 55 187146 1
22 62 187149 0
72 75 187281 1
70 31 187331 1
91 61 187440 0
85 46 187448 1
38 75 187595 0
63 28 187791 1
81 71 187823 1
68 94 187846 0
57 41 187893 0
71 49 187970 1
101 41 187983 1
66 29 188046 1
41 73 188048 0
102 41 188276 1
28 58 188329 1
72 35 188345 1
46 75 188483 0
52 78 188493 0
93 73 188516 1
39 74 188613 0
69 93 188724 0
71 40 188777 1
104 40 188815 1
85 71 188842 1
65 96 188948 0
52 84 188973 0
31 74 189026 0
21 65 189085 0
55 52 189155 0
36 74 189289 0
83 46 189315 1
89 45 189350 1
103 41 189360 1
18 71 189549 0
80 46 189582 1
36 56 189855 1
93 76 189939 1
70 32 189940 1
37 73 190037 0
53 92 190039 0
75 89 190079 0
101 40 190290 1
22 73 190376 0
20 82 190483 0
48 76 190493 0
94 60 190545 0
77 89 190682 0
31 79 190690 0
56 40 190735 0
44 74 190744 0
52 86 190782 0
25 78 190799 0
78 47 190867 1
32 57 190938 1
76 65 190976 0
104 41 190998 1
39 55 191009 1
32 74 191124 0
19 73 191126 0
43 74 191145 0
68 75 191283 1
55 48 191370 0
106 46 191513 1
37 57 191586 1
58 33 191647 0
106 44 191731 1
71 32 191791 1
68 28 191918 1
54 45 191927 0
84 62 191934 0
34 57 191997 1
71 66 192144 0
29 58 192182 1
49 85 192440 0
79 47 192513 1
43 56 192523 1
60 96 192548 0
51 54 192669 1
106 42 192750 1
36 79 192817 0
34 75 192885 0
105 42 192924 1
97 41 192996 1
86 84 193027 0
21 69 193085 0
40 73 193293 0
85 85 193465 0
69 76 193468 1
52 79 193671 0
23 73 193705 0
67 29 193768 1
106 47 193808 1
54 92 193847 0
35 56 193915 1
69 47 194023 1
49 55 194026 1
72 40 194112 1
47 73 194156 0
21 71 194316 0
77 47 194436 1
87 71 194488 1
99 56 194590 0
59 102 194642 0
91 62 194642 0
21 64 194679 0
43 75 194714 0
86 71 194801 1
69 30 194951 1
38 57 195000 1
106 43 195096 1
52 89 195202 0
87 83 195293 0
45 76 195295 0
72 37 195450 1
71 35 195475 1
70 48 195715 1
91 71 195723 1
71 37 195776 1
58 34 195868 0
57 95 196031 0
42 74 196049 0
105 43 196074 1
71 33 196095 1
55 45 196180 0
89 62 196225 0
54 51 196266 0
65 29 196396 1
71 75 196477 1
102 40 196478 1
89 71 196596 1
65 95 196619 0
52 74 196739 0
75 49 196758 1
81 47 196795 1
55 48 196869 0
72 92 196873 0
52 86 196905 0
106 41 196969 1
90 71 197074 1
34 79 197101 0
92 72 197107 1
41 75 197124 0
59 34 197130 0
56 93 197163 0
31 75 197190 0
88 71 197235 1
55 51 197252 0
60 96 197289 0
39 57 197315 1
22 63 197315 0
78 48 197386 1
70 93 197427 0
68 74 197446 1
92 73 197463 1
104 40 197474 1
81 46 197492 1
62 28 197545 1
68 94 197588 0
91 72 197617 1
70 49 197620 1
74 91 197661 0
45 55 197663 1
71 45 197700 1
29 57 197707 1
36 57 197747 1
61 96 197815 0
68 29 197822 1
35 74 197828 0
93 75 197853 1
55 47 197873 0
69 93 197876 0
92 80 197893 1
82 71 197899 1
72 38 197998 1
52 82 198006 0
30 58 198042 1
62 96 198124 0
50 75 198162 0
22 70 198179 0
84 46 198287 1
47 54 198318 1
28 57 198415 1
68 68 198457 1
93 43 198462 1
50 73 198626 0
70 76 198635 1
35 73 198642 0
96 58 198681 0
71 50 198700 1
79 46 198715 1
51 85 198748 0
89 83 198753 0
44 74 198754 0
33 74 198817 0
40 73 198941 0
21 63 198956 0
49 54 199016 1
56 49 199023 0
52 83 199080 0
80 71 199103 1
101 39 199162 1
52 78 199180 0
55 49 199274 0
35 57 199290 1
43 74 199317 0
69 31 199374 1
26 57 199374 1
75 90 199396 0
52 87 199412 0
71 36 199480 1
105 42 199570 1
52 80 199574 0
27 57 199602 1
55 94 199720 0
106 49 199792 1
94 74 199831 1
70 31 199885 1
87 83 199949 0
0 0 200010 0
