73 40 0 1
97 88 186 1
49 44 382 1
89 55 614 0
104 44 803 1
81 101 975 0
68 72 1227 1
62 105 1345 0
27 66 1469 0
100 74 1741 1
87 56 1822 0
103 42 1854 1
70 87 2100 1
92 36 2134 1
72 88 2226 1
79 84 2558 1
49 74 2826 0
27 45 2959 1
101 74 2996 1
95 72 3053 1
65 40 3243 1
70 107 3245 0
31 45 3321 1
32 66 4133 0
99 85 4312 1
82 82 5174 1
67 40 5503 1
97 36 5586 1
68 70 5717 1
69 107 5730 0
98 35 5904 1
97 72 6170 1
54 41 6271 1
96 72 6525 1
44 44 6895 1
48 92 6902 0
22 47 7070 1
35 44 7206 1
89 55 7308 0
102 49 7439 1
39 64 7728 0
65 85 7947 1
21 107 8252 1
104 41 8363 1
93 36 8805 1
27 66 9001 0
89 38 9251 1
90 17 9423 0
100 84 9426 1
71 88 9436 1
66 40 9496 1
47 92 9971 0
48 43 9984 1
76 57 10033 0
87 55 10201 0
94 54 10270 0
88 56 10302 0
70 88 10384 1
99 35 10509 1
101 77 10617 1
104 40 10682 1
67 87 10683 1
95 36 10695 1
87 38 10798 1
74 40 10883 1
103 39 10896 1
66 87 10960 1
101 36 11091 1
85 99 11143 0
55 104 11161 0
51 102 11242 0
25 66 11285 0
76 56 11309 0
93 54 11380 0
52 63 11389 0
78 39 11598 1
62 105 11614 0
64 105 11731 0
66 76 11794 1
68 107 11812 0
48 88 11815 0
49 62 11816 0
65 78 11842 1
67 72 11858 1
50 42 11881 1
79 56 11969 0
99 73 11977 1
70 63 11989 1
19 51 11990 0
85 55 11992 0
103 45 12030 1
56 104 12037 0
96 36 12057 1
31 66 12113 0
84 56 12188 0
53 104 12233 0
32 66 12352 0
40 45 12372 1
47 62 12560 0
72 106 12575 0
78 103 12661 0
83 55 12676 0
93 37 12701 1
67 106 12702 0
19 55 12704 0
102 37 12710 1
59 105 12831 0
46 62 12838 0
57 105 12851 0
84 38 12889 1
84 81 13100 1
72 87 13100 1
60 41 13101 1
50 98 13181 0
67 71 13245 1
51 62 13312 0
77 39 13332 1
69 88 13335 1
20 52 13399 0
19 60 13460 0
35 65 13519 0
65 106 13519 0
48 81 13554 0
19 59 13566 0
45 63 13572 0
65 105 13575 0
58 106 13599 0
53 103 13655 0
20 63 13724 0
103 38 13816 1
53 66 13874 0
101 75 13876 1
104 39 13876 1
47 93 13894 0
65 77 13978 1
49 78 13996 0
36 45 14031 1
57 41 14057 1
18 57 14277 0
53 102 14324 0
100 73 14331 1
87 55 14378 0
19 54 14401 0
49 81 14409 0
91 40 14410 1
91 55 14410 0
65 81 14465 1
104 45 14466 1
79 102 14488 0
82 56 14488 0
69 68 14491 1
89 55 14520 0
81 56 14538 0
70 65 14542 1
43 63 14591 0
66 86 14592 1
44 63 14653 0
25 65 14722 0
85 39 14723 1
24 65 14775 0
55 105 14806 0
83 38 14819 1
81 39 14927 1
97 35 14981 1
42 45 15088 1
65 86 15145 1
104 46 15149 1
48 94 15220 0
48 92 15301 0
69 109 15303 0
69 107 15321 0
20 62 15343 0
20 51 15442 0
48 78 15511 0
35 45 15617 1
65 79 15662 1
67 39 15694 1
43 44 15810 1
85 38 15876 1
103 40 15885 1
28 46 15899 1
34 67 16047 0
59 42 16105 1
88 56 16130 0
69 66 16193 1
52 63 16203 0
78 85 16254 1
71 40 16258 1
102 42 16260 1
102 36 16261 1
72 40 16324 1
29 67 16383 0
30 44 16384 1
21 63 16408 0
49 43 16433 1
72 41 16506 1
69 87 16579 1
50 97 16617 0
53 42 16748 1
79 39 16778 1
55 103 16895 0
68 68 16925 1
28 67 16982 0
100 74 17007 1
87 56 17094 0
51 100 17112 0
34 45 17247 1
39 45 17376 1
19 57 17560 0
22 64 17575 0
69 69 17578 1
70 108 17764 0
43 118 17771 1
82 101 17831 0
50 73 17842 0
50 98 17875 0
68 107 17896 0
100 72 17956 1
24 66 18211 0
23 40 18421 1
23 47 18421 1
61 40 18550 1
27 66 18553 0
48 80 18614 0
86 38 18621 1
67 88 18661 1
49 76 18692 0
101 76 18719 1
99 72 18869 1
48 89 18910 0
48 88 18944 0
19 52 19060 0
91 95 19074 0
79 55 19428 0
65 80 19444 1
93 72 19498 1
104 43 19614 1
79 46 19664 1
37 45 19672 1
54 103 19749 0
25 46 19810 1
78 56 19818 0
50 62 19823 0
39 44 19933 1
52 67 19971 0
85 56 20000 0
52 42 20000 1
47 63 20160 0
68 108 20319 0
71 62 20333 1
91 56 20367 0
31 46 20596 1
81 55 20617 0
33 45 20680 1
31 44 20744 1
20 62 20985 0
63 39 20989 1
104 40 20999 1
104 41 21080 1
77 56 21087 0
64 105 21344 0
55 105 21499 0
48 91 21602 0
100 35 21608 1
101 80 21663 1
39 46 21694 1
103 37 21784 1
32 66 21785 0
80 38 21879 1
76 39 21967 1
38 45 22023 1
22 64 22024 0
99 73 22144 1
18 53 22332 0
101 36 22333 1
88 56 22336 0
51 104 22341 0
87 55 22397 0
98 72 22431 1
51 100 22453 0
31 66 22469 0
54 42 22561 1
104 44 22607 1
68 40 22632 1
94 36 22666 1
102 78 22758 1
104 38 22770 1
19 57 22774 0
52 99 22774 0
58 42 22792 1
57 106 22806 0
102 79 22809 1
97 35 22823 1
52 63 22851 0
104 40 22910 1
99 35 22988 1
81 38 23038 1
82 38 23138 1
58 106 23217 0
85 81 23222 1
65 39 23237 1
65 84 23240 1
50 97 23263 0
74 88 23292 1
84 99 23302 0
88 38 23302 1
88 37 23302 1
90 96 23303 0
53 63 23327 0
83 81 23329 1
74 87 23357 1
96 35 23393 1
50 98 23402 0
83 82 23402 1
101 77 23405 1
47 92 23418 0
103 38 23425 1
53 65 23456 0
64 39 23480 1
101 87 23499 1
101 81 23499 1
56 105 23518 0
104 39 23581 1
90 57 23594 0
59 41 23601 1
100 73 23634 1
102 37 23637 1
98 35 23647 1
97 71 23666 1
52 66 23670 0
73 87 23799 1
65 83 23829 1
85 55 23842 0
75 105 23849 0
41 45 23912 1
77 40 23925 1
101 74 24022 1
84 38 24064 1
96 72 24072 1
79 101 24083 0
101 73 24088 1
58 41 24152 1
67 40 24177 1
66 39 24234 1
48 89 24303 0
99 72 24353 1
105 40 24354 1
56 104 24377 0
67 106 24399 0
100 35 24405 1
55 104 24411 0
62 105 24469 0
75 57 24518 0
102 36 24537 1
70 64 24556 1
93 54 24562 0
65 105 24563 0
48 61 24571 0
90 37 24581 1
103 37 24587 1
69 67 24622 1
95 36 24639 1
98 71 24651 1
100 72 24652 1
91 37 24672 1
30 66 24678 0
69 41 24735 1
49 96 24738 0
62 104 24762 0
72 107 24769 0
102 76 24774 1
89 55 24850 0
104 41 24856 1
71 87 24892 1
66 86 24892 1
27 67 24907 0
51 43 24907 1
33 44 24939 1
65 86 24942 1
99 86 24946 1
70 39 24989 1
35 66 24995 0
104 42 24997 1
71 41 25005 1
82 83 25008 1
87 39 25008 1
103 48 25045 1
53 102 25068 0
63 106 25099 0
21 62 25108 0
104 40 25138 1
20 60 25142 0
71 107 25152 0
52 69 25207 0
57 105 25221 0
96 53 25241 0
52 103 25261 0
68 107 25264 0
38 46 25287 1
31 67 25305 0
49 80 25320 0
96 71 25335 1
34 44 25342 1
58 105 25369 0
31 65 25410 0
35 67 25472 0
79 55 25507 0
101 75 25512 1
66 80 25522 1
95 35 25533 1
70 87 25551 1
33 66 25627 0
83 55 25634 0
80 102 25656 0
28 65 25663 0
95 54 25680 0
102 80 25693 1
41 64 25694 0
55 103 25696 0
94 54 25716 0
70 40 25721 1
51 72 25727 0
41 63 25731 0
83 38 25761 1
101 36 25764 1
37 44 25766 1
91 36 25777 1
85 80 25793 1
54 103 25793 0
73 105 25868 0
56 41 25888 1
77 39 25919 1
59 105 25925 0
24 46 25935 1
52 99 25980 0
69 39 26012 1
85 56 26027 0
29 45 26071 1
95 72 26083 1
47 62 26087 0
97 35 26093 1
28 45 26128 1
51 70 26206 0
81 55 26215 0
101 82 26221 1
69 65 26298 1
55 41 26302 1
32 45 26327 1
70 66 26351 1
70 107 26410 0
65 84 26411 1
93 36 26442 1
69 107 26559 0
96 36 26580 1
71 40 26603 1
48 88 26613 0
99 73 26616 1
78 56 26616 0
92 36 26624 1
27 46 26636 1
78 39 26658 1
75 39 26676 1
45 44 26747 1
53 41 26765 1
51 63 26785 0
57 41 26785 1
48 81 26796 0
36 44 26801 1
36 67 26806 0
72 87 26872 1
99 71 26874 1
103 47 26901 1
101 35 26916 1
40 45 26939 1
94 35 26959 1
85 38 26976 1
75 86 26977 1
79 38 27016 1
48 91 27024 0
64 105 27030 0
26 45 27030 1
39 64 27034 0
65 82 27061 1
71 61 27102 1
22 63 27102 0
20 62 27105 0
67 87 27134 1
35 45 27163 1
52 64 27192 0
96 71 27207 1
96 37 27207 1
29 44 27225 1
21 62 27277 0
41 44 27321 1
87 55 27327 0
22 6 27334 1
25 65 27342 0
50 71 27435 1
50 42 27435 1
46 62 27451 0
52 68 27452 0
19 55 27460 0
65 85 27471 1
31 45 27479 1
55 42 27479 1
47 43 27486 1
53 103 27489 0
89 37 27493 1
65 79 27495 1
80 55 27506 0
39 63 27509 0
56 104 27530 0
77 85 27558 1
67 39 27584 1
35 46 27633 1
52 41 27640 1
65 83 27641 1
44 45 27676 1
65 80 27690 1
99 35 27715 1
104 39 27728 1
48 92 27732 0
27 45 27762 1
33 89 27772 1
67 75 27795 1
87 37 27821 1
76 85 27829 1
69 40 27874 1
99 119 27875 1
49 78 27885 0
33 46 27910 1
22 64 27925 0
68 38 27928 1
43 63 27950 0
102 75 28002 1
77 86 28003 1
16 11 28032 1
65 40 28037 1
101 80 28053 1
43 45 28061 1
48 89 28087 0
76 86 28094 1
82 38 28100 1
53 63 28104 0
68 39 28120 1
76 87 28121 1
89 38 28122 1
89 121 28122 1
25 66 28149 0
45 45 28197 1
52 43 28210 1
53 42 28276 1
66 76 28290 1
90 36 28291 1
24 125 28293 1
62 39 28303 1
100 73 28337 1
65 39 28340 1
71 63 28347 1
65 78 28351 1
34 45 28354 1
51 100 28356 0
60 41 28371 1
104 38 28410 1
73 40 28429 1
60 40 28440 1
84 100 28461 0
19 59 28464 0
101 76 28464 1
70 86 28479 1
66 86 28486 1
19 57 28497 0
103 45 28498 1
73 87 28537 1
102 42 28537 1
97 71 28559 1
70 63 28564 1
103 36 28574 1
102 78 28579 1
49 43 28648 1
85 55 28703 0
104 40 28704 1
24 47 28721 1
67 107 28742 0
24 65 28761 0
19 54 28801 0
50 97 28808 0
53 102 28824 0
57 60 28826 1
99 72 28836 1
81 101 28866 0
69 86 28888 1
30 66 28893 0
51 69 28900 0
36 45 28915 1
55 104 28962 0
19 60 28975 0
20 60 29087 0
21 64 29102 0
22 65 29122 0
83 100 29147 0
104 45 29159 1
102 36 29164 1
81 38 29193 1
100 35 29210 1
21 63 29328 0
20 52 29330 0
76 56 29356 0
61 105 29372 0
87 38 29393 1
95 71 29523 1
53 66 29526 0
67 40 29562 1
99 51 29598 0
35 65 29621 0
104 46 29640 1
42 44 29645 1
84 38 29665 1
67 74 29668 1
49 81 29751 0
33 45 29767 1
73 41 29772 1
81 83 29816 1
103 38 29883 1
19 53 29886 0
75 87 29914 1
48 86 29931 0
20 50 29939 0
88 38 29976 1
37 66 29997 0
84 82 30010 1
69 87 30024 1
90 54 30035 0
50 98 30077 0
36 66 30094 0
104 44 30169 1
58 105 30171 0
31 66 30171 0
74 106 30193 0
21 51 30225 0
32 66 30246 0
89 95 30320 0
66 74 30330 1
54 103 30379 0
27 66 30425 0
61 39 30484 1
38 45 30498 1
91 55 30590 0
80 38 30606 1
54 41 30636 1
67 106 30685 0
22 63 30697 0
55 105 30767 0
100 72 30817 1
34 66 30983 0
79 84 31006 1
55 103 31013 0
99 87 31043 1
72 40 31048 1
28 65 31104 0
42 45 31104 1
62 104 31164 0
52 99 31187 0
65 105 31215 0
98 35 31233 1
65 107 31356 0
69 88 31403 1
66 79 31430 1
104 47 31431 1
94 36 31447 1
65 106 31455 0
80 56 31482 0
63 39 31497 1
33 67 31558 0
85 39 31624 1
72 41 31626 1
50 43 31642 1
48 43 31664 1
53 65 31690 0
44 62 31709 0
101 74 31777 1
74 39 31859 1
34 43 31962 1
73 39 32056 1
17 55 32057 0
54 104 32098 0
66 39 32123 1
46 43 32170 1
52 63 32172 0
74 87 32172 1
66 40 32235 1
50 99 32250 0
48 94 32305 0
84 81 32343 1
98 71 32371 1
65 84 32372 1
30 68 32381 0
34 44 32391 1
70 40 32544 1
41 45 32552 1
68 73 32552 1
35 44 32590 1
88 56 32632 0
49 80 32665 0
49 75 32707 0
65 81 32754 1
98 52 32790 0
79 39 32835 1
97 89 32860 1
49 97 32890 0
104 41 32900 1
80 55 32934 0
44 63 32946 0
103 37 32996 1
69 108 33036 0
59 41 33069 1
102 37 33118 1
48 63 33143 0
40 44 33175 1
39 45 33254 1
83 38 33260 1
73 86 33283 1
62 105 33327 0
20 60 33401 0
71 86 33418 1
49 84 33486 0
37 78 33501 1
89 56 33555 0
83 54 33584 0
83 101 33685 0
52 42 33724 1
67 86 33812 1
48 86 33847 0
45 43 34004 1
72 106 34028 0
57 104 34111 0
48 91 34209 0
51 62 34218 0
66 78 34263 1
31 65 34573 0
93 55 34610 0
58 41 34634 1
21 62 34645 0
64 107 34705 0
48 75 34734 0
21 66 34767 0
19 57 34826 0
47 79 34921 0
48 88 34976 0
96 71 35013 1
49 86 35023 0
57 105 35025 0
94 72 35057 1
48 95 35078 0
89 54 35096 0
61 105 35143 0
33 66 35177 0
89 55 35244 0
48 89 35267 0
57 106 35278 0
65 104 35300 0
25 65 35301 0
31 44 35337 1
20 62 35346 0
22 63 35357 0
62 40 35372 1
64 39 35479 1
19 55 35490 0
52 101 35527 0
69 68 35550 1
96 35 35573 1
39 44 35590 1
44 62 35733 0
79 55 35741 0
101 36 35818 1
22 64 35912 0
52 64 36007 0
20 51 36044 0
105 43 36145 1
85 56 36188 0
47 88 36213 0
69 66 36391 1
48 80 36428 0
54 104 36463 0
91 54 36465 0
38 66 36483 0
76 39 36558 1
36 64 36570 0
51 99 36616 0
102 76 36645 1
35 45 36794 1
84 99 36809 0
23 65 36830 0
29 45 36928 1
48 78 37005 0
15 106 37066 1
79 83 37136 1
34 66 37141 0
71 40 37304 1
101 73 37334 1
57 104 37412 0
102 79 37464 1
55 41 37471 1
61 40 37581 1
65 38 37644 1
65 86 37651 1
68 72 37657 1
81 82 37684 1
28 45 37750 1
71 87 37768 1
14 86 37782 1
71 64 37797 1
3 65 38052 1
78 56 38087 0
79 126 38145 1
52 100 38148 0
59 40 38252 1
21 58 38283 0
27 44 38285 1
98 87 38373 1
37 45 38462 1
49 74 38513 0
40 45 38635 1
102 74 38652 1
51 43 38677 1
104 39 38850 1
104 37 38865 1
33 58 38881 1
56 104 38897 0
64 105 39075 0
86 99 39292 0
68 107 39331 0
50 73 39365 0
77 56 39375 0
23 66 39379 0
71 62 39430 1
81 55 39448 0
48 86 39463 0
51 100 39561 0
53 104 39599 0
100 51 39628 0
47 84 39657 0
19 50 39690 0
38 44 39723 1
58 105 39786 0
84 80 39922 1
49 88 39961 0
19 61 39974 0
46 62 40029 0
52 101 40036 0
48 85 40070 0
32 45 40105 1
85 99 40126 0
80 56 40295 0
51 99 40343 0
28 46 40373 1
53 63 40382 0
83 55 40415 0
101 81 40578 1
52 100 40606 0
69 69 40711 1
53 102 40840 0
53 103 41059 0
52 104 41175 0
48 90 41242 0
55 104 41252 0
52 69 41450 0
57 104 41553 0
93 54 41598 0
87 55 41834 0
67 108 41853 0
33 44 42066 1
85 38 42147 1
49 61 42257 0
20 60 42270 0
65 82 42322 1
34 67 42361 0
25 47 42379 1
77 39 42406 1
58 106 42433 0
52 99 42449 0
47 62 42478 0
49 73 42479 0
100 85 42581 1
44 62 42593 0
41 63 42885 0
47 85 42984 0
54 105 42998 0
54 104 43011 0
35 66 43029 0
29 69 43030 0
47 87 43096 0
61 105 43119 0
23 65 43186 0
69 107 43358 0
21 53 43426 0
48 84 43512 0
93 72 43603 1
53 105 43727 0
49 76 43768 0
59 106 43840 0
52 100 43899 0
92 72 44074 1
104 38 44075 1
50 97 44083 0
29 68 44134 0
24 67 44189 0
66 108 44278 0
48 85 44381 0
51 63 44382 0
52 65 44452 0
32 43 44591 1
61 106 44646 0
51 99 44672 0
50 72 44738 0
18 58 44835 0
56 41 44842 1
54 42 44975 1
82 38 45278 1
49 62 45343 0
93 35 45510 1
103 77 45536 1
47 88 45567 0
34 66 45640 0
48 90 45729 0
71 106 45861 0
26 67 46236 0
48 77 46313 0
48 42 46466 1
98 34 46543 1
61 107 46677 0
60 105 46824 0
80 55 46889 0
44 43 46897 1
101 72 46898 1
43 44 47016 1
91 37 47097 1
74 40 47134 1
92 73 47196 1
65 83 47251 1
69 106 47404 0
51 68 47428 0
17 68 47435 0
24 63 47492 0
52 101 47540 0
44 44 47611 1
77 103 47989 0
97 35 48174 1
89 95 48209 0
78 84 48225 1
22 63 48518 0
34 45 48997 1
70 87 49199 1
48 84 49207 0
78 39 49373 1
23 65 49550 0
88 78 49590 0
99 72 50004 1
48 85 50008 0
100 84 50049 1
48 83 50114 0
59 104 50292 0
72 86 50380 1
19 57 50476 0
33 68 50672 0
24 66 50767 0
100 73 50825 1
90 54 50851 0
93 36 51151 1
32 66 51199 0
29 67 51215 0
48 90 51467 0
55 107 51591 0
55 103 51849 0
86 37 51909 1
83 100 51912 0
49 61 52041 0
94 54 52148 0
20 59 52162 0
101 35 52241 1
24 63 52273 0
59 105 52744 0
52 67 52755 0
48 61 52823 0
88 55 52826 0
35 68 52863 0
48 92 52869 0
31 45 53000 1
97 71 53011 1
61 104 53088 0
52 100 53415 0
24 64 53497 0
79 101 53550 0
20 54 53754 0
102 36 54024 1
28 68 54069 0
72 87 54105 1
86 55 54180 0
36 65 54220 0
54 105 54239 0
47 61 54316 0
69 106 54356 0
51 98 54510 0
49 95 54517 0
49 78 54542 0
19 58 54559 0
54 103 54615 0
42 65 54647 0
104 40 54839 1
82 82 54907 1
51 72 55107 0
60 105 55167 0
51 99 55224 0
102 35 55267 1
48 81 55292 0
48 84 55338 0
33 65 55348 0
68 39 55397 1
56 105 55766 0
48 83 55930 0
59 104 56002 0
93 71 56035 1
71 41 56035 1
37 44 56413 1
20 59 56921 0
80 101 57067 0
49 94 57096 0
49 60 57103 0
20 57 57156 0
50 72 57721 0
20 58 57904 0
100 35 58176 1
88 55 58304 0
105 45 58449 1
24 64 58497 0
50 95 58523 0
100 72 58527 1
31 66 58557 0
30 67 58559 0
36 44 58560 1
48 87 58657 0
52 104 59072 0
27 45 59078 1
57 41 59290 1
51 98 59348 0
98 71 59404 1
69 39 59448 1
102 75 59481 1
86 55 59579 0
74 86 59688 1
30 66 59865 0
12 16 59922 1
105 41 59996 1
67 38 60025 1
100 34 60143 1
20 54 60297 0
90 56 60480 0
49 95 60602 0
53 100 60750 0
23 65 61058 0
47 88 61172 0
71 67 61189 1
20 61 61587 0
99 35 61642 1
36 45 61671 1
52 98 61698 0
105 42 61723 1
78 85 62071 1
95 71 62128 1
103 76 62135 1
103 37 62149 1
51 97 62235 0
54 104 62335 0
95 35 62337 1
83 54 62400 0
63 105 62452 0
20 57 62476 0
49 94 62478 0
89 54 62486 0
104 45 62558 1
69 40 62592 1
103 36 62759 1
102 78 62792 1
99 34 62866 1
66 86 62896 1
30 44 62903 1
67 81 62917 1
90 37 62938 1
95 36 63026 1
47 85 63038 0
67 39 63072 1
53 42 63080 1
101 73 63090 1
100 71 63105 1
85 55 63110 0
99 71 63110 1
95 53 63186 0
84 38 63220 1
65 80 63312 1
66 84 63337 1
75 38 63342 1
61 104 63374 0
58 40 63387 1
50 95 63417 0
81 38 63493 1
103 78 63505 1
65 84 63507 1
62 104 63524 0
19 58 63568 0
88 37 63574 1
42 64 63590 0
20 58 63609 0
91 54 63638 0
70 39 63654 1
97 70 63752 1
97 35 63923 1
65 105 63928 0
49 84 64000 0
67 106 64006 0
79 55 64024 0
99 73 64107 1
50 102 64131 0
94 71 64146 1
96 71 64155 1
79 57 64176 0
67 40 64180 1
91 36 64182 1
80 38 64256 1
105 40 64256 1
49 81 64285 0
72 39 64340 1
51 70 64368 0
73 87 64376 1
57 104 64396 0
101 82 64494 1
79 38 64517 1
83 37 64574 1
69 87 64581 1
100 35 64615 1
73 105 64626 0
83 38 64641 1
104 38 64685 1
65 39 64694 1
69 105 64702 0
81 54 64707 0
53 66 64712 0
52 99 64729 0
110 28 64738 1
56 104 64738 0
83 82 64750 1
88 55 64751 0
70 66 64774 1
52 68 64786 0
49 86 64811 0
70 107 64821 0
86 55 64829 0
92 36 64867 1
49 80 64920 0
102 76 64929 1
67 76 64969 1
89 77 64998 0
48 87 65003 0
20 59 65029 0
47 86 65046 0
35 65 65062 0
62 107 65066 0
65 104 65108 0
39 63 65182 0
66 39 65255 1
50 42 65255 1
55 103 65291 0
25 64 65318 0
45 44 65415 1
48 90 65439 0
89 38 65453 1
89 54 65453 0
75 39 65470 1
102 80 65476 1
79 56 65539 0
49 98 65544 0
49 42 65550 1
70 40 65565 1
20 52 65569 0
71 107 65591 0
53 41 65592 1
71 40 65592 1
24 64 65639 0
67 85 65693 1
77 38 65696 1
49 88 65714 0
38 45 65762 1
51 97 65784 0
48 83 65797 0
90 54 65799 0
48 86 65854 0
94 35 65887 1
105 39 65903 1
84 99 65916 0
60 106 65934 0
70 67 65944 1
25 46 65955 1
105 42 65968 1
33 45 65987 1
28 65 66113 0
68 86 66114 1
47 77 66114 0
21 58 66135 0
65 83 66155 1
53 102 66159 0
51 98 66167 0
72 87 66173 1
24 65 66179 0
104 37 66182 1
22 61 66186 0
62 104 66265 0
52 98 66273 0
72 40 66277 1
78 38 66317 1
26 45 66342 1
48 84 66348 0
69 67 66358 1
104 36 66419 1
60 41 66419 1
53 65 66431 0
89 37 66506 1
69 70 66524 1
44 62 66560 0
71 61 66577 1
54 41 66593 1
103 37 66596 1
26 87 66632 1
26 65 66632 0
101 72 66637 1
28 44 66705 1
68 74 66706 1
62 106 66711 0
73 107 66750 0
71 106 66762 0
59 104 66766 0
68 38 66813 1
43 45 66863 1
97 71 66867 1
31 65 66877 0
24 63 66882 0
49 95 66886 0
73 40 66951 1
39 64 66960 0
53 63 67039 0
52 99 67057 0
79 54 67064 0
50 95 67072 0
43 62 67099 0
87 37 67117 1
101 73 67162 1
52 100 67201 0
66 76 67245 1
101 34 67259 1
21 63 67267 0
20 57 67267 0
47 43 67292 1
66 80 67320 1
34 44 67322 1
41 45 67338 1
63 39 67341 1
21 62 67370 0
83 54 67383 0
76 56 67386 0
52 41 67390 1
46 93 67425 0
84 55 67445 0
76 38 67481 1
98 106 67508 0
98 35 67508 1
93 54 67516 0
66 84 67516 1
36 64 67543 0
65 84 67636 1
35 45 67636 1
62 36 67657 1
62 39 67657 1
74 87 67666 1
70 68 67666 1
100 72 67677 1
65 79 67700 1
47 61 67714 0
83 81 67748 1
49 94 67761 0
85 80 67797 1
46 62 67814 0
71 39 67832 1
67 75 67859 1
41 44 67887 1
21 51 67908 0
49 84 67908 0
77 55 67926 0
59 41 67933 1
98 88 67934 1
35 43 67996 1
102 74 68019 1
48 88 68078 0
49 43 68081 1
25 65 68088 0
36 65 68129 0
103 36 68154 1
20 58 68168 0
20 61 68179 0
49 85 68215 0
102 81 68231 1
48 85 68247 0
69 86 68255 1
64 105 68291 0
85 38 68403 1
82 38 68405 1
30 67 68416 0
20 54 68421 0
57 41 68495 1
61 104 68549 0
84 35 68674 1
84 37 68674 1
42 44 68695 1
35 44 68696 1
66 79 68701 1
66 38 68737 1
48 89 68811 0
103 35 68812 1
45 45 68813 1
30 65 68928 0
72 106 68988 0
51 41 69001 1
75 85 69017 1
51 97 69026 0
51 101 69046 0
81 37 69057 1
39 44 69066 1
25 64 69090 0
99 71 69236 1
31 44 69287 1
29 43 69315 1
37 43 69328 1
100 71 69329 1
22 61 69335 0
96 53 69363 0
105 43 69394 1
33 65 69462 0
101 35 69479 1
33 66 69484 0
69 39 69518 1
81 54 69548 0
30 43 69613 1
71 63 69614 1
53 100 69652 0
27 66 69658 0
20 51 69666 0
66 105 69716 0
73 87 69747 1
70 86 69753 1
76 39 69789 1
49 81 69799 0
55 41 69806 1
34 66 69819 0
52 64 69819 0
74 39 69977 1
49 86 70023 0
86 56 70039 0
25 66 70049 0
88 38 70062 1
72 61 70064 1
75 86 70112 1
105 41 70146 1
19 54 70222 0
65 82 70228 1
21 55 70243 0
63 105 70271 0
66 86 70277 1
57 104 70318 0
103 77 70414 1
101 83 70416 1
25 45 70480 1
98 71 70573 1
84 38 70616 1
29 44 70674 1
26 65 70753 0
48 91 70754 0
52 69 70858 0
69 68 70860 1
65 104 70924 0
47 90 70931 0
52 98 70963 0
48 87 70991 0
69 105 71020 0
45 63 71183 0
102 78 71186 1
42 63 71202 0
91 54 71209 0
21 53 71298 0
71 87 71313 1
51 105 71319 0
36 66 71326 0
53 98 71338 0
79 102 71361 0
86 55 71371 0
70 39 71399 1
42 45 71442 1
91 55 71469 0
29 45 71500 1
59 103 71522 0
20 57 71562 0
61 40 71572 1
43 63 71600 0
22 64 71660 0
100 34 71704 1
73 39 71757 1
38 43 71782 1
50 95 71791 0
24 64 71848 0
32 66 71873 0
49 88 71950 0
67 39 71952 1
40 44 72000 1
58 41 72000 1
32 44 72001 1
81 38 72012 1
55 104 72033 0
85 37 72049 1
44 70 72101 0
42 43 72108 1
95 54 72139 0
33 44 72172 1
36 43 72181 1
20 63 72190 0
49 80 72190 0
43 62 72191 0
78 54 72239 0
82 37 72246 1
102 79 72293 1
40 45 72323 1
49 85 72533 0
20 60 72559 0
21 58 72575 0
28 65 72579 0
30 66 72605 0
48 43 72627 1
99 51 72731 0
53 66 72738 0
33 43 72743 1
66 107 72746 0
72 107 72772 0
60 39 72807 1
35 65 72866 0
20 59 72867 0
24 63 72893 0
80 56 72914 0
39 65 72918 0
44 62 72919 0
71 86 72933 1
81 55 72937 0
84 81 73009 1
22 61 73033 0
103 75 73047 1
69 38 73064 1
84 55 73235 0
30 65 73278 0
49 91 73309 0
43 43 73387 1
47 83 73417 0
103 79 73518 1
77 39 73736 1
96 35 73892 1
83 38 74024 1
98 34 74079 1
38 44 74144 1
27 45 74145 1
62 38 74151 1
42 106 74220 0
60 40 74289 1
39 43 74312 1
58 39 74312 1
99 34 74410 1
34 45 74450 1
101 80 74563 1
36 44 74654 1
69 40 74659 1
25 63 74721 0
25 64 74887 0
66 105 74946 0
20 58 74961 0
96 71 74996 1
67 85 75092 1
103 76 75114 1
24 46 75186 1
65 83 75246 1
26 65 75300 0
51 97 75404 0
95 35 75411 1
105 40 75413 1
95 53 75475 0
22 63 75578 0
95 71 75644 1
61 39 75658 1
88 37 75702 1
71 62 75719 1
86 37 75866 1
40 43 75928 1
71 40 75942 1
97 35 75944 1
31 43 75977 1
90 36 76026 1
100 35 76190 1
102 35 76239 1
80 38 76389 1
49 95 76496 0
72 86 76501 1
65 39 76532 1
49 93 76590 0
69 69 76635 1
86 98 76846 0
20 61 76856 0
34 43 76905 1
49 94 76918 0
88 55 76949 0
56 104 76967 0
68 106 76968 0
83 99 77149 0
90 54 77192 0
66 81 77333 1
28 45 77416 1
50 42 77421 1
63 104 77547 0
89 54 77548 0
53 41 77615 1
41 63 77691 0
50 73 77793 0
64 39 77797 1
20 52 77804 0
67 105 77849 0
22 62 77916 0
86 57 77958 0
20 53 78031 0
80 55 78112 0
19 58 78279 0
62 108 78310 0
49 91 78477 0
65 105 78509 0
59 104 78515 0
83 37 78564 1
25 63 78658 0
34 64 78757 0
89 55 78762 0
32 65 78861 0
30 69 79043 0
55 103 79072 0
70 40 79138 1
48 61 79146 0
37 65 79194 0
20 50 79264 0
22 59 79300 0
37 66 79303 0
66 84 79332 1
51 64 79353 0
59 40 79378 1
79 54 79493 0
92 93 79641 0
81 83 79816 1
104 46 79865 1
36 64 79882 0
93 35 79951 1
51 95 80035 0
66 82 80061 1
101 72 80083 1
51 98 80277 0
39 63 80378 0
20 54 80403 0
66 39 80589 1
30 65 80663 0
84 55 80721 0
87 55 80788 0
75 87 80822 1
27 65 80831 0
105 44 80847 1
63 104 81037 0
45 62 81059 0
26 65 81229 0
72 87 81409 1
68 106 81504 0
54 103 81517 0
79 55 81579 0
42 63 81597 0
57 104 81624 0
60 106 81636 0
85 99 81700 0
66 83 81701 1
49 84 81710 0
52 98 81742 0
49 93 81832 0
65 38 81908 1
104 37 81929 1
94 71 81973 1
49 78 82017 0
62 104 82071 0
22 62 82082 0
50 71 82109 0
51 101 82195 0
67 105 82426 0
31 67 82437 0
43 44 82439 1
81 100 82449 0
31 66 82495 0
51 96 82510 0
111 111 82515 1
20 53 82655 0
48 87 82685 0
68 73 82692 1
49 76 82819 0
19 64 82826 0
35 66 82904 0
102 34 82906 1
97 71 82922 1
79 84 82969 1
77 85 82990 1
19 52 83006 0
21 55 83056 0
105 42 83128 1
25 63 83298 0
96 70 83479 1
30 67 83529 0
49 61 83588 0
48 93 83617 0
60 103 83642 0
31 65 83776 0
102 73 83841 1
21 67 83854 0
78 39 83861 1
23 62 83905 0
23 60 83912 0
104 40 83957 1
32 65 83957 0
20 57 84003 0
83 99 84249 0
82 101 84304 0
21 50 84443 0
50 95 84471 0
44 44 84572 1
73 86 84714 1
49 91 84828 0
61 104 84864 0
47 60 84965 0
86 56 84997 0
19 56 85007 0
51 95 85156 0
105 39 85428 1
35 67 85433 0
23 46 85643 1
87 37 85770 1
75 104 85803 0
74 86 85807 1
34 44 86015 1
22 61 86178 0
52 101 86204 0
51 96 86261 0
63 104 86430 0
28 67 86479 0
37 44 86492 1
90 37 86535 1
73 106 86569 0
27 65 86648 0
19 59 86690 0
37 63 86897 0
45 62 86912 0
49 60 86987 0
35 42 87067 1
83 54 87072 0
30 64 87233 0
95 34 87238 1
53 98 87331 0
50 96 87345 0
50 98 87407 0
56 40 87506 1
104 36 87599 1
80 101 87644 0
53 60 87661 0
51 71 87769 0
53 100 87787 0
23 62 87792 0
87 57 87801 0
22 62 87851 0
105 38 87851 1
51 66 87875 0
67 84 87907 1
101 73 87921 1
19 87 88032 1
102 74 88053 1
103 36 88065 1
100 71 88241 1
30 44 88327 1
93 94 88334 0
20 53 88419 0
105 37 88452 1
111 111 88516 1
67 105 88518 0
99 71 88616 1
47 42 88632 1
50 93 88656 0
96 34 88660 1
26 45 88714 1
97 70 88815 1
103 78 88921 1
105 41 88923 1
68 106 89098 0
105 40 89136 1
49 98 89182 0
103 74 89188 1
92 36 89224 1
92 35 89267 1
97 34 89284 1
49 102 89380 0
98 70 89416 1
101 71 89473 1
54 41 89474 1
79 38 89508 1
70 87 89519 1
105 43 89579 1
81 54 89612 0
77 55 89646 0
58 104 89740 0
51 72 89950 0
103 35 89956 1
102 80 89994 1
105 39 90059 1
72 39 90063 1
100 34 90083 1
101 34 90094 1
101 82 90105 1
91 36 90183 1
105 42 90226 1
73 87 90297 1
79 101 90329 0
69 105 90332 0
49 85 90354 0
46 43 90378 1
43 62 90399 0
65 104 90429 0
68 38 90482 1
51 69 90485 0
75 39 90500 1
69 106 90505 0
89 54 90524 0
81 100 90553 0
67 38 90588 1
58 40 90711 1
69 86 90724 1
73 105 90770 0
23 105 90778 0
23 64 90778 0
49 86 90791 0
68 85 90812 1
50 72 90848 0
101 72 90881 1
101 81 90885 1
69 39 90887 1
52 99 90909 0
84 37 90909 1
70 38 90917 1
66 80 90918 1
94 35 90927 1
52 68 90942 0
71 106 90978 0
51 96 90999 0
72 62 91001 1
90 54 91023 0
65 80 91025 1
57 40 91061 1
67 85 91072 1
99 34 91114 1
103 73 91117 1
49 81 91135 0
47 61 91144 0
51 97 91198 0
78 56 91247 0
37 87 91255 0
59 103 91309 0
88 77 91323 0
78 54 91328 0
66 84 91386 1
94 54 91424 0
74 87 91424 1
100 71 91461 1
14 62 91466 0
89 95 91468 0
25 68 91476 0
103 80 91488 1
17 53 91489 0
55 40 91500 1
103 76 91506 1
103 77 91507 1
21 51 91515 0
91 54 91549 0
81 101 91551 0
45 44 91551 1
89 37 91620 1
71 105 91668 0
70 86 91683 1
78 38 91689 1
65 84 91695 1
49 88 91708 0
32 43 91711 1
92 94 91730 0
69 85 91836 1
63 38 91838 1
92 95 91875 0
32 65 91911 0
84 99 91938 0
103 37 91942 1
101 73 91967 1
53 60 91987 0
93 54 92023 0
90 55 92026 0
79 37 92050 1
51 75 92065 0
36 65 92071 0
49 80 92077 0
91 95 92139 0
67 75 92143 1
80 37 92168 1
55 103 92181 0
87 96 92241 0
62 104 92267 0
21 58 92268 0
66 106 92268 1
63 39 92304 1
71 65 92305 1
72 40 92306 1
105 40 92367 1
71 39 92378 1
98 34 92380 1
50 84 92381 0
103 75 92381 1
53 102 92414 0
81 37 92417 1
97 70 92430 1
52 41 92447 1
23 62 92459 0
30 65 92481 0
33 65 92483 0
50 93 92487 0
41 64 92574 0
49 84 92577 0
48 73 92641 0
21 62 92641 0
45 62 92642 0
49 42 92662 1
64 38 92668 1
104 36 92691 1
69 38 92703 1
57 41 92761 1
79 54 92769 0
70 66 92779 1
30 64 92794 0
69 71 92836 1
51 95 92843 0
72 38 92855 1
24 63 92888 0
21 53 92908 0
70 39 92921 1
63 104 92963 0
24 64 92981 0
25 64 92995 0
86 79 93016 1
71 64 93021 1
84 80 93067 1
39 44 93074 1
35 44 93085 1
41 43 93099 1
44 62 93120 0
69 72 93133 1
99 86 93161 1
47 43 93168 1
83 37 93168 1
83 99 93216 0
28 44 93233 1
66 79 93264 1
37 65 93266 0
101 84 93276 1
104 35 93296 1
74 104 93300 0
52 106 93313 0
59 104 93319 0
25 63 93339 0
53 98 93348 0
88 37 93420 1
82 38 93425 1
100 86 93431 1
26 65 93431 0
72 60 93460 1
22 59 93462 0
35 45 93507 1
66 38 93537 1
69 105 93576 0
95 70 93594 1
52 98 93609 0
58 104 93614 0
67 77 93637 1
99 70 93643 1
42 44 93698 1
65 82 93711 1
34 64 93736 0
72 87 93775 1
67 39 93778 1
97 35 93797 1
65 104 93799 0
35 43 93829 1
27 44 93833 1
66 39 93849 1
49 93 93860 0
99 50 93876 0
95 35 93895 1
86 37 93906 1
84 53 93970 0
67 85 93974 1
105 38 93974 1
102 34 93981 1
31 42 94034 1
71 40 94079 1
51 41 94087 1
50 41 94088 1
105 39 94093 1
53 65 94123 0
66 82 94156 1
20 58 94166 0
45 43 94180 1
99 71 94204 1
60 103 94242 0
65 83 94244 1
65 37 94269 1
36 64 94294 0
69 70 94314 1
31 44 94333 1
35 65 94353 0
85 37 94392 1
82 81 94409 1
55 41 94434 1
27 65 94437 0
70 67 94444 1
21 55 94461 0
77 38 94508 1
50 96 94513 0
22 57 94540 0
62 39 94558 1
89 36 94567 1
29 44 94569 1
81 38 94614 1
49 43 94631 1
82 37 94654 1
33 44 94700 1
79 83 94728 1
73 38 94742 1
73 39 94814 1
40 44 94836 1
77 84 94845 1
31 45 94850 1
66 81 94877 1
67 76 94881 1
48 42 94909 1
49 86 94988 0
102 72 95077 1
52 100 95106 0
49 85 95110 0
67 79 95142 1
98 70 95207 1
36 43 95263 1
76 39 95312 1
19 56 95348 0
22 61 95351 0
51 96 95356 0
71 85 95416 1
66 84 95443 1
100 85 95462 1
106 41 95532 1
28 65 95540 0
105 36 95568 1
71 86 95576 1
53 60 95589 0
49 41 95604 1
68 38 95661 1
90 53 95702 0
67 105 95704 0
77 37 95708 1
81 54 95738 0
76 38 95779 1
34 44 95779 1
96 70 95822 1
61 38 95860 1
91 35 95880 1
80 57 95882 0
85 36 95923 1
59 41 95940 1
23 61 95956 0
74 39 95958 1
54 40 95979 1
73 86 95994 1
52 69 95997 0
78 84 95998 1
68 75 96005 1
77 39 96049 1
74 86 96060 1
69 73 96063 1
103 74 96082 1
21 49 96109 0
44 43 96116 1
68 72 96137 1
49 82 96144 0
75 86 96183 1
105 41 96204 1
20 53 96209 0
83 54 96219 0
36 44 96253 1
70 106 96297 0
103 34 96301 1
76 85 96337 1
24 45 96340 1
70 69 96351 1
22 62 96379 0
53 100 96392 0
23 62 96394 0
49 91 96406 0
53 41 96432 1
30 55 96460 1
70 68 96497 1
101 72 96527 1
65 39 96537 1
101 70 96580 1
50 93 96619 0
43 45 96645 1
81 82 96650 1
39 64 96710 0
41 44 96756 1
101 71 96779 1
67 106 96799 0
100 34 96799 1
66 80 96802 1
39 42 96811 1
61 105 96821 0
34 43 96868 1
21 51 96908 0
83 98 96915 0
73 87 96924 1
102 74 96937 1
21 53 96963 0
23 60 97006 0
41 45 97030 1
59 103 97065 0
49 59 97071 0
103 35 97136 1
66 37 97158 1
92 93 97175 0
21 58 97248 0
87 37 97265 1
100 71 97268 1
79 38 97300 1
31 65 97306 0
69 39 97331 1
105 42 97331 1
23 64 97332 0
68 85 97343 1
85 80 97390 1
95 53 97415 0
51 70 97422 0
90 36 97434 1
46 62 97462 0
27 45 97467 1
32 65 97471 0
56 103 97507 0
30 64 97544 0
55 105 97561 0
105 43 97584 1
34 66 97671 0
101 33 97731 1
47 60 97776 0
59 39 97777 1
33 43 97847 1
53 63 97904 0
102 81 97957 1
102 49 97989 0
48 61 97991 0
61 40 98024 1
105 37 98095 1
49 79 98114 0
22 66 98219 0
86 97 98296 0
25 65 98300 0
53 99 98349 0
55 106 98356 0
49 75 98366 0
49 88 98386 0
58 104 98496 0
52 61 98503 0
72 86 98559 1
42 62 98582 0
25 63 98666 0
87 79 98680 1
47 61 98682 0
86 55 98771 0
73 104 98799 0
23 61 98879 0
51 92 98902 0
61 104 98906 0
101 34 98937 1
67 84 98952 1
37 43 98986 1
62 106 98996 0
47 95 99047 0
49 96 99113 0
20 62 99124 0
83 55 99133 0
58 105 99156 0
98 52 99161 0
22 59 99175 0
55 61 99205 0
53 66 99216 0
84 57 99292 0
43 62 99300 0
72 106 99346 0
58 40 99355 1
47 62 99386 0
65 38 99418 1
50 84 99450 0
20 61 99491 0
89 54 99491 0
73 106 99492 0
70 87 99492 1
53 98 99494 0
78 54 99504 0
32 63 99541 0
72 61 99585 1
75 105 99609 0
49 87 99757 0
20 54 99844 0
46 61 99908 0
93 35 99913 1
70 85 99921 1
49 82 99922 0
61 108 100016 0
45 62 100034 0
54 99 100063 0
33 42 100203 1
54 63 100226 0
82 56 100239 0
21 55 100343 0
49 81 100343 0
69 86 100398 1
39 63 100408 0
48 83 100547 0
97 53 100572 0
47 81 100655 0
50 69 100699 0
50 42 100713 1
68 106 100716 0
75 104 100727 0
51 95 100728 0
33 66 100909 0
38 43 100960 1
48 93 101003 0
103 76 101007 1
53 99 101033 0
71 63 101153 1
39 43 101205 1
101 83 101251 1
51 71 101295 0
32 64 101431 0
100 70 101483 1
59 40 101508 1
51 61 101665 0
66 104 101688 0
74 106 101707 0
89 76 101808 0
33 65 101809 0
70 106 101831 0
56 103 101837 0
57 39 101942 1
69 68 102070 1
68 74 102100 1
39 44 102292 1
25 64 102521 0
20 51 102538 0
57 104 102544 0
70 86 102598 1
90 55 102656 0
25 67 102744 0
92 94 102747 0
67 38 102760 1
45 44 102788 1
105 40 102857 1
96 34 102920 1
42 62 103074 0
35 43 103099 1
86 98 103103 0
67 85 103234 1
21 50 103257 0
54 107 103285 0
53 62 103297 0
71 105 103369 0
102 78 103423 1
52 66 103435 0
41 63 103494 0
83 82 103556 1
99 50 103567 0
63 105 103604 0
30 65 103637 0
49 87 103665 0
85 79 103746 1
104 36 103817 1
51 59 103830 0
43 43 103832 1
74 38 103893 1
82 82 103960 1
46 61 104042 0
23 61 104211 0
77 56 104287 0
66 83 104334 1
21 61 104342 0
49 84 104384 0
20 64 104388 0
99 34 104404 1
54 63 104434 0
96 53 104442 0
49 83 104499 0
105 44 104542 1
50 93 104581 0
92 36 104664 1
53 60 104672 0
73 85 104684 1
103 77 104700 1
66 104 104707 0
40 64 104899 0
19 53 104909 0
36 64 104959 0
27 64 105071 0
21 64 105130 0
20 59 105235 0
36 65 105246 0
84 55 105330 0
62 105 105371 0
72 39 105379 1
63 104 105382 0
49 79 105439 0
23 62 105462 0
23 64 105556 0
49 82 105560 0
37 63 105565 0
101 49 105622 0
22 63 105650 0
53 99 105695 0
48 88 105756 0
49 60 105798 0
106 40 105875 1
60 107 105883 0
104 77 106061 1
52 98 106075 0
77 103 106094 0
40 65 106141 0
103 75 106170 1
47 80 106273 0
97 70 106303 1
71 38 106338 1
51 77 106360 0
27 65 106367 0
90 54 106418 0
56 103 106451 0
52 61 106494 0
84 37 106521 1
60 103 106735 0
22 57 106760 0
22 57 106761 0
24 63 106770 0
98 34 106899 1
38 44 106916 1
81 100 106984 0
54 64 107050 0
61 103 107146 0
48 62 107223 0
84 53 107304 0
105 45 107324 1
51 99 107370 0
49 90 107454 0
104 35 107477 1
34 64 107478 0
56 40 107499 1
47 82 107520 0
42 63 107549 0
57 105 107569 0
48 84 107713 0
40 43 107722 1
24 61 107776 0
49 87 107906 0
66 104 107909 0
51 76 107934 0
80 102 107936 0
22 49 107979 0
22 61 108013 0
52 41 108044 1
23 60 108178 0
49 83 108200 0
70 39 108314 1
19 55 108396 0
50 96 108494 0
29 65 108494 0
92 55 108628 0
52 71 108798 0
51 65 108858 0
81 37 108883 1
31 43 108979 1
51 96 109014 0
66 82 109129 1
27 64 109143 0
53 67 109299 0
30 64 109445 0
49 85 109469 0
34 42 109643 1
99 70 109721 1
75 38 109831 1
44 44 109832 1
25 45 109916 1
58 104 109956 0
102 82 109988 1
46 61 110032 0
53 62 110033 0
21 61 110055 0
47 97 110084 0
102 80 110254 1
67 78 110260 1
97 34 110270 1
32 64 110290 0
61 39 110362 1
46 89 110454 0
103 78 110722 1
105 38 110735 1
61 103 110768 0
55 40 110787 1
54 63 110998 0
29 43 111061 1
93 93 111106 0
95 34 111126 1
85 98 111456 0
75 39 111530 1
88 36 111553 1
49 90 111846 0
105 39 111848 1
46 63 111868 0
90 53 111873 0
69 69 111880 1
72 63 111964 1
94 35 112051 1
87 36 112167 1
42 44 112246 1
31 44 112324 1
102 34 112329 1
20 56 112334 0
51 61 112345 0
24 61 112410 0
49 92 112433 0
91 94 112437 0
51 59 112672 0
69 85 112704 1
20 53 112775 0
43 44 113036 1
49 83 113079 0
30 43 113124 1
32 43 113165 1
68 38 113171 1
94 34 113262 1
28 66 113329 0
94 71 113454 1
104 47 113557 1
98 70 113664 1
51 60 113902 0
84 81 113933 1
49 74 114092 0
60 39 114117 1
88 37 114305 1
42 43 114306 1
67 75 114504 1
115 82 114608 1
29 65 114636 0
70 38 114675 1
91 54 114766 0
91 36 115013 1
51 41 115040 1
83 37 115114 1
66 38 115447 1
103 72 115567 1
47 91 115754 0
27 64 115779 0
26 65 115863 0
49 80 115945 0
84 56 116139 0
83 36 116156 1
103 79 116235 1
100 71 116339 1
101 71 116554 1
54 64 116578 0
50 94 116655 0
93 72 116718 1
103 73 116749 1
50 63 116810 0
102 72 116812 1
79 37 116816 1
79 54 116942 0
66 104 116946 0
67 103 117032 0
52 94 117101 0
71 61 117103 1
82 37 117254 1
52 70 117263 0
96 70 117275 1
69 105 117401 0
103 35 117434 1
53 67 117525 0
50 80 117547 0
80 37 117568 1
105 37 117596 1
83 81 117611 1
42 62 117617 0
53 98 117656 0
93 71 117685 1
86 36 117798 1
28 44 117905 1
52 99 117937 0
68 85 117951 1
67 84 118008 1
59 103 118030 0
49 92 118044 0
61 103 118075 0
54 99 118138 0
68 73 118164 1
56 103 118165 0
2 0 118270 1
66 81 118272 1
86 56 118348 0
69 106 118361 0
21 61 118386 0
48 78 118386 0
103 34 118465 1
83 54 118488 0
67 85 118551 1
100 33 118569 1
72 38 118607 1
26 64 118631 0
21 53 118655 0
98 33 118657 1
50 84 118673 0
69 38 118685 1
93 34 118782 1
49 90 118784 0
51 72 118821 0
65 104 118839 0
72 62 118843 1
67 77 118889 1
51 92 118924 0
51 75 119013 0
70 106 119032 0
67 83 119040 1
100 34 119097 1
63 39 119151 1
20 56 119172 0
22 50 119214 0
53 60 119293 0
51 73 119389 0
21 58 119397 0
83 99 119399 0
40 44 119529 1
71 106 119600 0
23 61 119671 0
73 105 119686 0
105 36 119698 1
74 86 119746 1
34 44 119751 1
52 71 119752 0
75 85 119759 1
97 33 119759 1
51 60 119808 0
71 104 119913 0
74 104 119921 0
52 72 119937 0
49 94 119950 0
36 42 119965 1
20 55 120014 0
29 44 120070 1
53 99 120104 0
73 39 120139 1
106 43 120147 1
81 54 120158 0
32 65 120234 0
49 87 120240 0
68 84 120261 1
35 65 120272 0
100 70 120424 1
22 59 120444 0
105 42 120542 1
23 59 120564 0
25 63 120576 0
103 76 120617 1
95 70 120668 1
47 60 120728 0
73 86 120738 1
85 98 120796 0
91 53 120812 0
94 70 120824 1
35 63 120824 0
103 74 120869 1
95 35 120875 1
67 37 120876 1
22 62 120964 0
33 44 120986 1
26 45 120991 1
99 33 121048 1
57 41 121089 1
21 51 121093 0
29 65 121182 0
21 55 121185 0
105 40 121203 1
34 43 121218 1
100 49 121237 0
55 61 121269 0
49 82 121274 0
64 38 121275 1
80 54 121353 0
58 39 121379 1
49 42 121441 1
57 107 121457 0
36 64 121458 0
71 62 121463 1
70 86 121541 1
36 43 121547 1
50 80 121569 0
99 69 121577 1
105 43 121578 1
97 70 121606 1
47 43 121620 1
104 75 121641 1
30 44 121734 1
71 86 121784 1
24 64 121875 0
71 64 121881 1
52 96 121930 0
31 65 121976 0
26 44 122009 1
77 55 122033 0
31 64 122034 0
70 66 122050 1
54 105 122066 0
41 43 122068 1
52 102 122168 0
40 64 122258 0
50 94 122270 0
91 94 122282 0
52 62 122302 0
50 60 122366 0
66 80 122388 1
37 65 122424 0
19 56 122559 0
68 37 122605 1
49 88 122731 0
99 87 122765 1
72 85 122787 1
50 92 122896 0
24 61 122928 0
69 70 122967 1
59 104 123007 0
17 62 123013 0
47 42 123042 1
65 103 123062 0
26 64 123064 0
28 65 123065 0
44 62 123107 0
50 41 123133 1
27 44 123156 1
102 71 123215 1
52 97 123247 0
99 70 123397 1
103 75 123422 1
90 53 123436 0
38 63 123539 0
48 62 123585 0
90 34 123611 1
53 41 123664 1
84 99 123691 0
63 38 123694 1
49 86 123795 0
22 57 123810 0
62 39 123833 1
49 83 123884 0
22 55 123887 0
17 59 123893 0
69 39 123938 1
79 55 123959 0
50 73 124343 0
86 79 124391 1
60 38 124409 1
58 40 124622 1
75 86 124811 1
46 61 124863 0
77 38 124897 1
59 107 124975 0
52 96 125093 0
71 65 125130 1
27 64 125171 0
35 42 125265 1
51 95 125306 0
49 92 125398 0
70 37 125440 1
53 61 125562 0
106 39 125740 1
52 70 125800 0
23 60 126043 0
84 54 126046 0
91 53 126133 0
48 86 126193 0
49 79 126202 0
66 84 126211 1
70 68 126241 1
50 93 126295 0
53 62 126307 0
53 98 126309 0
83 98 126354 0
70 67 126516 1
74 85 126592 1
109 45 126675 1
37 82 126678 0
71 66 126720 1
65 37 126727 1
21 48 126734 0
104 34 126803 1
50 92 126893 0
82 36 126909 1
109 45 126912 0
65 103 126936 0
89 53 126948 0
104 35 126967 1
39 44 127029 1
23 65 127053 0
33 43 127171 1
44 43 127172 1
105 38 127310 1
66 82 127311 1
23 64 127374 0
43 65 127386 0
88 54 127473 0
21 56 127481 0
20 56 127487 0
73 104 127513 0
20 55 127583 0
103 77 127604 1
64 104 127659 0
80 54 127712 0
23 62 127746 0
102 34 127770 1
96 34 127784 1
51 94 127794 0
52 97 127849 0
52 94 127977 0
84 36 128134 1
94 93 128194 0
50 61 128213 0
89 36 128280 1
83 56 128366 0
49 78 128459 0
84 53 128466 0
62 38 128492 1
50 94 128500 0
78 54 128537 0
31 64 128570 0
89 54 128606 0
21 53 128622 0
105 39 128708 1
19 51 128722 0
38 64 128899 0
88 97 128907 0
106 41 128940 1
95 91 128969 0
92 35 129091 1
49 89 129100 0
52 67 129235 0
106 40 129239 1
32 63 129302 0
66 37 129336 1
26 64 129395 0
45 42 129397 1
93 93 129415 0
52 96 129454 0
98 70 129499 1
21 60 129515 0
103 73 129519 1
50 80 129525 0
101 34 129525 1
64 103 129586 0
90 36 129923 1
74 105 129934 0
81 37 129952 1
71 105 129968 0
51 60 130018 0
76 55 130112 0
60 103 130118 0
90 75 130150 0
67 103 130182 0
17 52 130224 0
101 71 130238 1
79 100 130269 0
87 36 130318 1
74 39 130345 1
93 35 130456 1
50 84 130507 0
55 102 130604 0
38 43 130630 1
38 68 130678 0
28 66 130684 0
37 43 130746 1
106 37 130762 1
101 70 130785 1
71 38 130828 1
85 36 130864 1
101 33 130883 1
37 42 130901 1
103 34 130951 1
50 91 130957 0
54 99 130997 0
105 37 131016 1
78 38 131021 1
49 59 131039 0
30 64 131070 0
61 103 131163 0
67 38 131166 1
38 42 131172 1
59 103 131220 0
53 100 131260 0
69 107 131262 0
48 41 131404 1
79 38 131405 1
69 85 131411 1
97 52 131426 0
67 81 131429 1
84 54 131436 0
94 53 131476 0
51 94 131483 0
68 38 131507 1
104 76 131676 1
35 43 131712 1
21 56 131722 0
103 72 131726 1
95 52 131745 0
51 73 131776 0
39 43 131806 1
71 85 131882 1
53 66 131887 0
35 64 131892 0
50 92 131892 0
76 38 131901 1
21 50 131923 0
65 38 131942 1
53 101 131946 0
42 62 131997 0
54 63 132039 0
54 40 132095 1
63 103 132099 0
51 92 132114 0
92 93 132136 0
52 72 132201 0
53 60 132298 0
98 69 132316 1
69 72 132374 1
50 70 132397 0
34 64 132449 0
96 69 132477 1
24 65 132482 0
88 54 132546 0
83 37 132553 1
51 59 132573 0
89 53 132589 0
67 85 132631 1
105 36 132665 1
53 61 132727 0
82 54 132757 0
100 71 132782 1
64 103 132818 0
105 34 132850 1
45 44 132909 1
52 97 132915 0
65 103 132922 0
69 105 132939 0
59 39 132961 1
30 65 132971 0
91 53 132977 0
28 43 133073 1
69 37 133108 1
40 63 133123 0
104 74 133161 1
100 70 133162 1
105 44 133163 1
106 42 133165 1
21 55 133202 0
69 38 133207 1
55 40 133208 1
55 61 133223 0
102 81 133271 1
22 59 133321 0
18 52 133328 0
43 43 133360 1
49 84 133383 0
105 35 133413 1
88 36 133421 1
68 74 133440 1
73 38 133444 1
32 64 133469 0
50 60 133492 0
52 41 133520 1
45 62 133538 0
95 92 133553 0
77 39 133559 1
103 74 133619 1
97 70 133633 1
43 62 133655 0
53 98 133686 0
48 79 133690 0
96 70 133692 1
70 85 133743 1
72 64 133778 1
59 102 133826 0
48 42 133835 1
106 38 133844 1
22 49 133855 0
69 71 133861 1
69 84 133927 1
18 64 133929 0
66 39 133940 1
79 84 133965 1
36 64 133985 0
67 79 133985 1
86 97 133987 0
53 67 134004 0
23 61 134008 0
23 59 134013 0
33 65 134054 0
21 51 134058 0
29 43 134102 1
37 63 134131 0
66 81 134158 1
102 70 134185 1
64 104 134191 0
63 102 134196 0
67 91 134227 0
67 83 134227 1
47 60 134251 0
54 64 134255 0
35 65 134259 0
71 67 134313 1
68 75 134348 1
51 61 134352 0
73 85 134415 1
104 73 134476 1
81 81 134481 1
49 89 134534 0
76 39 134660 1
51 77 134677 0
66 104 134686 0
71 104 134693 0
45 43 134713 1
85 98 134720 0
68 85 134751 1
24 62 134755 0
24 61 134774 0
79 37 134784 1
76 57 134806 0
41 42 134853 1
67 80 134862 1
95 34 134905 1
57 39 134908 1
55 39 134939 1
68 83 135006 1
104 46 135012 1
99 70 135154 1
62 104 135165 0
74 86 135166 1
49 41 135175 1
21 60 135220 0
100 35 135344 1
90 35 135371 1
34 42 135393 1
48 80 135399 0
73 86 135401 1
29 65 135430 0
22 50 135438 0
55 102 135467 0
52 94 135481 0
21 56 135497 0
51 76 135575 0
67 82 135611 1
86 36 135615 1
20 55 135621 0
51 94 135635 0
49 77 135687 0
52 96 135689 0
32 43 135731 1
78 102 135772 0
47 61 135789 0
83 36 135803 1
33 64 135835 0
38 63 135843 0
50 84 135899 0
90 53 135946 0
22 61 135966 0
49 76 136004 0
91 35 136005 1
21 58 136021 0
21 49 136056 0
63 103 136061 0
67 78 136072 1
102 80 136096 1
22 55 136105 0
50 95 136110 0
53 99 136115 0
56 100 136157 0
84 80 136182 1
100 33 136186 1
36 65 136196 0
49 61 136204 0
87 78 136254 1
71 108 136270 0
48 97 136272 0
49 90 136274 0
79 53 136556 0
39 42 136562 1
103 75 136581 1
56 40 136611 1
64 103 136660 0
54 99 136670 0
44 61 136774 0
28 44 136809 1
94 53 136814 0
25 64 136904 0
51 40 136939 1
50 42 136987 1
22 57 136993 0
42 42 137113 1
34 41 137125 1
95 53 137156 0
23 60 137173 0
102 71 137195 1
35 64 137217 0
36 43 137234 1
20 52 137293 0
88 37 137343 1
106 41 137381 1
95 52 137430 0
88 54 137441 0
68 84 137499 1
61 40 137591 1
36 63 137637 0
51 75 137677 0
26 64 137772 0
29 66 137793 0
84 54 137919 0
77 85 137944 1
50 91 137989 0
19 62 137991 0
102 33 138001 1
79 83 138093 1
64 108 138157 0
80 82 138159 1
74 36 138173 1
50 74 138218 0
33 42 138218 1
102 34 138235 1
49 60 138256 0
82 54 138267 0
51 97 138295 0
31 43 138303 1
45 86 138335 0
106 40 138408 1
56 39 138417 1
48 61 138435 0
87 98 138460 0
40 43 138463 1
76 85 138484 1
26 66 138523 0
50 80 138523 0
48 76 138564 0
103 33 138619 1
24 62 138628 0
80 37 138639 1
86 53 138659 0
67 77 138663 1
27 43 138698 1
101 83 138708 1
75 104 138739 0
81 36 138795 1
72 38 138948 1
46 63 139008 0
73 59 139049 1
33 41 139201 1
57 103 139244 0
50 89 139289 0
98 33 139352 1
29 44 139464 1
80 55 139658 0
73 39 139662 1
51 67 139810 0
56 104 139813 0
22 58 139824 0
103 78 139892 1
50 94 139896 0
49 85 140042 0
33 67 140110 0
84 53 140116 0
60 103 140116 0
30 64 140149 0
92 55 140157 0
27 63 140198 0
21 54 140207 0
51 41 140224 1
70 69 140268 1
69 103 140270 0
38 64 140292 0
21 56 140316 0
53 101 140328 0
40 42 140364 1
88 56 140436 0
72 37 140452 1
34 44 140579 1
70 86 140602 1
34 43 140633 1
52 62 140764 0
60 105 140846 0
71 84 140868 1
103 34 140896 1
93 92 140908 0
52 69 140937 0
85 79 140957 1
14 60 140960 0
31 64 140975 0
54 97 141145 0
76 105 141276 0
45 61 141299 0
21 61 141303 0
35 63 141328 0
50 77 141331 0
21 53 141485 0
73 106 141552 0
79 54 141578 0
52 60 141638 0
103 73 141641 1
52 102 141674 0
86 98 141774 0
87 96 141795 0
21 60 141890 0
75 38 141962 1
63 103 142032 0
98 70 142056 1
33 64 142096 0
82 81 142102 1
87 54 142219 0
86 53 142231 0
44 61 142322 0
74 104 142335 0
75 39 142389 1
74 38 142415 1
101 70 142460 1
66 80 142511 1
104 77 142525 1
97 52 142548 0
64 104 142590 0
24 62 142662 0
99 69 142704 1
49 89 142960 0
101 33 143126 1
94 34 143153 1
69 85 143188 1
101 49 143192 0
103 79 143228 1
83 98 143238 0
87 36 143358 1
103 72 143365 1
79 101 143377 0
43 42 143424 1
67 103 143428 0
92 54 143448 0
99 33 143543 1
81 82 143544 1
106 43 143568 1
77 37 143570 1
27 45 143618 1
103 80 143632 1
105 36 143660 1
50 89 143670 0
85 80 143755 1
23 45 143811 1
37 64 143825 0
58 39 143856 1
74 37 143943 1
67 81 143963 1
71 37 143989 1
94 53 144022 0
64 103 144037 0
92 94 144128 0
89 36 144147 1
52 40 144152 1
52 71 144170 0
106 39 144192 1
97 33 144195 1
85 36 144212 1
78 83 144241 1
60 39 144255 1
104 75 144290 1
67 37 144343 1
61 39 144395 1
65 103 144411 0
61 38 144414 1
105 37 144437 1
101 84 144464 1
26 62 144538 0
97 69 144543 1
22 58 144543 0
105 42 144580 1
50 91 144620 0
89 53 144648 0
55 102 144723 0
90 36 144731 1
87 56 144771 0
27 64 144802 0
50 78 144804 0
80 54 144817 0
100 69 144859 1
66 82 144860 1
93 54 144882 0
68 37 144933 1
96 34 144974 1
51 92 144976 0
53 58 145011 0
75 85 145036 1
36 64 145053 0
30 43 145060 1
71 38 145077 1
70 38 145088 1
52 97 145132 0
29 64 145158 0
57 103 145160 0
95 52 145228 0
68 38 145250 1
81 37 145307 1
104 34 145345 1
32 63 145374 0
86 53 145391 0
36 63 145392 0
70 70 145451 1
99 50 145518 0
106 37 145579 1
74 105 145743 0
76 63 145777 0
76 84 145777 1
103 71 145792 1
32 65 145845 0
59 102 145860 0
27 63 145882 0
54 40 145891 1
57 35 145900 1
55 61 146004 0
100 49 146038 0
72 63 146114 1
34 64 146119 0
73 104 146140 0
71 65 146141 1
50 85 146179 0
100 70 146180 1
63 102 146198 0
21 54 146237 0
32 42 146252 1
61 103 146259 0
50 92 146259 0
49 35 146295 1
49 43 146296 1
35 43 146395 1
63 39 146465 1
36 41 146473 1
52 94 146479 0
71 85 146507 1
97 70 146511 1
22 59 146527 0
82 80 146528 1
31 42 146591 1
66 37 146646 1
41 41 146758 1
37 43 146765 1
51 94 146770 0
81 54 146781 0
105 43 146820 1
47 92 146846 0
93 53 146881 0
104 33 146920 1
95 70 146921 1
106 36 147007 1
50 61 147010 0
50 84 147059 0
103 74 147060 1
68 77 147146 1
98 69 147204 1
47 41 147221 1
83 36 147243 1
25 63 147352 0
83 99 147354 0
23 59 147356 0
69 38 147417 1
68 84 147448 1
73 60 147469 1
102 71 147482 1
52 70 147484 0
106 40 147499 1
45 61 147580 0
47 59 147625 0
83 81 147630 1
78 54 147666 0
21 55 147683 0
43 43 147717 1
82 36 147733 1
84 36 147746 1
39 43 147768 1
30 42 147887 1
50 75 147892 0
35 42 147976 1
51 71 147985 0
64 37 147995 1
70 37 148001 1
71 104 148008 0
86 36 148012 1
102 70 148020 1
24 62 148035 0
26 62 148050 0
22 49 148101 0
54 99 148135 0
53 98 148155 0
50 87 148180 0
48 82 148196 0
22 57 148259 0
47 60 148367 0
71 105 148431 0
69 37 148443 1
93 70 148448 1
36 64 148490 0
22 55 148526 0
24 63 148598 0
51 89 148671 0
73 84 148678 1
34 63 148695 0
50 89 148699 0
45 41 148720 1
103 73 148724 1
88 54 148736 0
72 85 148773 1
56 100 148793 0
54 97 148818 0
104 78 148892 1
95 69 148902 1
24 61 148931 0
83 80 148966 1
84 53 148994 0
21 56 149006 0
35 64 149032 0
65 37 149081 1
105 35 149083 1
92 36 149100 1
71 64 149141 1
29 43 149146 1
106 38 149170 1
59 103 149225 0
26 63 149283 0
50 85 149291 0
49 77 149364 0
92 54 149384 0
72 84 149507 1
101 70 149516 1
47 43 149520 1
22 58 149554 0
44 61 149580 0
83 52 149605 0
91 53 149606 0
86 35 149645 1
23 61 149669 0
79 37 149769 1
64 38 149823 1
67 83 149848 1
50 78 149916 0
68 83 149964 1
43 41 150070 1
87 54 150130 0
78 84 150204 1
101 71 150247 1
82 54 150273 0
29 64 150279 0
37 42 150315 1
82 52 150350 0
35 41 150356 1
86 53 150357 0
104 74 150405 1
105 46 150477 1
87 35 150507 1
33 44 150528 1
100 33 150665 1
101 73 150691 1
44 43 150702 1
83 37 150802 1
75 37 150831 1
103 72 150905 1
28 64 150926 0
52 60 150959 0
99 70 150967 1
44 42 150971 1
76 38 150979 1
87 36 151019 1
101 69 151050 1
50 77 151063 0
40 63 151120 0
23 60 151145 0
103 34 151152 1
69 103 151235 0
57 39 151249 1
59 38 151250 1
68 36 151296 1
99 32 151370 1
88 36 151440 1
79 53 151511 0
22 50 151595 0
55 39 151600 1
69 85 151602 1
50 87 151613 0
49 42 151695 1
57 108 151721 0
29 66 151737 0
32 64 151749 0
107 40 151761 1
53 96 151844 0
63 37 151857 1
50 41 151871 1
81 99 151896 0
18 56 151971 0
53 40 152007 1
62 39 152016 1
70 84 152087 1
67 103 152126 0
70 107 152167 0
81 56 152188 0
73 37 152262 1
51 83 152271 0
37 64 152303 0
69 70 152353 1
52 68 152380 0
39 64 152400 0
53 60 152499 0
33 64 152515 0
52 72 152662 0
50 85 152666 0
90 53 152712 0
78 37 152794 1
21 60 152798 0
46 81 152836 0
73 85 152843 1
46 61 152877 0
66 103 152900 0
26 62 152927 0
67 81 152964 1
70 68 153128 1
29 62 153134 0
93 53 153199 0
71 66 153218 1
96 70 153239 1
72 62 153275 1
106 42 153303 1
37 63 153397 0
66 81 153405 1
22 60 153488 0
67 82 153570 1
53 58 153587 0
48 90 153599 0
99 69 153662 1
47 42 153697 1
93 92 153861 0
57 103 153938 0
50 74 153949 0
92 54 154079 0
59 37 154081 1
68 9 154137 1
27 63 154198 0
67 105 154368 0
93 34 154441 1
50 80 154476 0
36 42 154502 1
34 63 154537 0
26 63 154620 0
106 41 154643 1
78 103 154715 0
50 81 154794 0
51 91 154832 0
102 33 154996 1
63 103 155092 0
103 77 155113 1
53 96 155131 0
49 83 155219 0
28 70 155376 0
26 44 155376 1
21 54 155390 0
27 44 155605 1
70 85 155609 1
49 59 155651 0
55 40 155653 1
27 66 155729 0
80 101 155749 0
68 76 155763 1
95 35 155791 1
92 34 155806 1
21 53 155837 0
47 88 155893 0
59 39 155908 1
30 64 155938 0
48 94 156003 0
53 61 156063 0
27 67 156104 0
53 101 156106 0
73 105 156116 0
99 51 156147 0
52 95 156176 0
54 61 156183 0
93 52 156226 0
52 96 156359 0
45 61 156406 0
50 87 156567 0
54 66 156658 0
51 77 156860 0
101 33 156965 1
50 59 156998 0
28 63 156999 0
55 100 157015 0
71 107 157098 0
97 52 157104 0
66 103 157137 0
38 42 157215 1
109 45 157223 1
36 64 157253 0
97 30 157277 1
28 64 157305 0
73 38 157318 1
72 38 157325 1
76 37 157340 1
105 36 157353 1
29 64 157389 0
96 33 157435 1
98 33 157439 1
71 68 157462 1
91 94 157693 0
50 78 158078 0
48 96 158149 0
109 45 158150 0
92 54 158473 0
24 62 158510 0
50 81 158511 0
50 85 158576 0
22 60 158610 0
20 56 158711 0
85 99 158837 0
48 60 158855 0
22 48 158911 0
31 64 158954 0
102 49 158996 0
49 92 159052 0
34 42 159053 1
42 62 159081 0
49 81 159092 0
77 104 159244 0
87 54 159255 0
101 50 159301 0
38 63 159316 0
67 78 159327 1
104 76 159359 1
66 106 159398 0
36 63 159404 0
32 63 159442 0
106 44 159605 1
51 91 159798 0
102 48 160033 0
69 84 160088 1
50 86 160240 0
68 75 160303 1
22 58 160307 0
34 68 160359 0
54 60 160384 0
54 97 160388 0
51 92 160389 0
51 73 160483 0
56 103 160499 0
80 36 160684 1
72 106 160735 0
53 96 160826 0
52 95 160951 0
26 66 160980 0
105 45 160992 1
48 79 161045 0
32 43 161422 1
36 43 161503 1
96 69 161561 1
28 63 161583 0
54 61 161624 0
69 73 161653 1
59 102 161714 0
18 59 161739 0
55 100 161749 0
19 57 162045 0
54 98 162157 0
103 33 162172 1
102 81 162175 1
46 41 162219 1
32 66 162242 0
100 69 162457 1
50 91 162514 0
92 54 162594 0
105 34 162751 1
83 100 162782 0
50 81 162823 0
29 41 162914 1
43 61 162973 0
26 63 163027 0
67 79 163134 1
23 59 163406 0
96 91 163536 0
55 60 163562 0
66 103 163571 0
68 74 163708 1
48 60 164262 0
94 53 164378 0
52 41 164498 1
31 65 164615 0
42 61 164728 0
69 72 165032 1
22 60 165060 0
50 86 165117 0
50 75 165126 0
23 48 165169 0
95 34 165172 1
93 53 165199 0
42 106 165231 0
52 61 165258 0
84 98 165285 0
30 62 165318 0
54 60 165336 0
50 89 165512 0
104 72 165548 1
54 39 165807 1
34 43 165890 1
106 37 165893 1
70 71 165981 1
54 98 166000 0
92 54 166084 0
74 84 166097 1
27 65 166167 0
52 95 166384 0
51 86 166432 0
77 38 166585 1
61 104 166750 0
51 101 166754 0
24 60 166810 0
50 59 166826 0
51 76 166897 0
50 101 167030 0
97 69 167072 1
54 62 167169 0
109 45 167446 1
65 103 167485 0
54 61 167598 0
104 75 167632 1
81 99 167757 0
109 45 168047 0
21 70 168261 0
81 100 168331 0
48 89 168379 0
95 52 168428 0
28 64 168453 0
106 35 168473 1
69 74 168577 1
45 42 168593 1
55 61 168793 0
52 94 168892 0
67 80 168987 1
100 85 169064 1
84 54 169135 0
49 91 169282 0
70 104 169343 0
92 54 169422 0
37 7 169448 0
104 73 169502 1
23 63 169569 0
66 80 169837 1
55 60 169895 0
92 53 169931 0
106 40 169965 1
85 35 170035 1
88 78 170135 1
78 102 170141 0
95 33 170153 1
33 63 170214 0
93 52 170285 0
71 85 170353 1
73 79 170403 1
89 53 170407 0
95 90 170439 0
103 71 170468 1
85 36 170502 1
68 78 170529 1
75 84 170552 1
71 36 170581 1
56 39 170708 1
18 61 170755 0
76 85 170788 1
102 71 170803 1
109 45 170870 1
72 65 170873 1
98 69 170900 1
109 45 170950 0
63 102 170990 0
35 43 171034 1
87 52 171102 0
86 53 171128 0
58 39 171176 1
101 32 171207 1
50 86 171263 0
102 69 171274 1
106 36 171280 1
101 70 171287 1
84 35 171305 1
107 39 171412 1
90 54 171426 0
54 98 171436 0
103 81 171477 1
88 35 171535 1
68 82 171536 1
71 67 171606 1
68 84 171632 1
45 60 171638 0
97 33 171729 1
71 104 171795 0
84 98 171915 0
49 60 171961 0
71 38 171969 1
103 72 172026 1
32 41 172040 1
83 98 172079 0
35 63 172136 0
103 73 172162 1
102 83 172171 1
56 100 172174 0
39 42 172216 1
51 89 172277 0
53 67 172305 0
91 35 172315 1
50 81 172333 0
51 78 172337 0
68 37 172368 1
24 60 172390 0
89 36 172398 1
68 38 172414 1
50 40 172504 1
71 37 172519 1
22 49 172526 0
63 38 172617 1
50 84 172627 0
70 67 172630 1
87 78 172724 1
22 55 172812 0
51 90 172824 0
69 103 172911 0
28 63 172932 0
65 36 172959 1
67 37 173011 1
103 79 173018 1
74 104 173064 0
54 102 173082 0
54 99 173091 0
99 69 173093 1
28 44 173112 1
51 59 173115 0
48 60 173165 0
82 52 173166 0
94 71 173222 1
48 82 173293 0
55 100 173296 0
49 41 173317 1
105 44 173366 1
48 41 173402 1
81 36 173433 1
68 83 173473 1
104 77 173563 1
26 62 173577 0
77 37 173578 1
106 43 173625 1
105 77 173632 1
102 70 173639 1
43 43 173669 1
51 80 173702 0
83 52 173804 0
87 36 173856 1
77 84 173886 1
50 87 173899 0
38 64 173956 0
86 36 174013 1
44 41 174083 1
67 81 174084 1
75 85 174154 1
54 60 174167 0
36 64 174190 0
83 36 174213 1
33 42 174234 1
82 36 174256 1
34 40 174318 1
70 104 174327 0
75 38 174357 1
90 36 174360 1
99 33 174458 1
97 70 174485 1
100 86 174486 1
86 97 174625 0
51 83 174650 0
47 60 174756 0
64 36 174851 1
42 42 174851 1
29 62 174870 0
29 44 174914 1
81 37 174971 1
51 91 174993 0
85 79 175002 1
54 97 175019 0
101 33 175023 1
35 42 175054 1
104 33 175085 1
47 59 175145 0
43 61 175154 0
105 35 175177 1
41 42 175199 1
34 64 175294 0
28 42 175369 1
104 74 175519 1
92 54 175562 0
66 37 175649 1
34 63 175666 0
100 69 175698 1
96 34 175704 1
37 43 175708 1
47 40 175748 1
44 61 175759 0
92 53 175839 0
40 41 175854 1
92 93 175866 0
22 60 175946 0
70 37 176041 1
69 84 176051 1
73 104 176055 0
70 69 176118 1
105 32 176147 1
72 37 176300 1
37 64 176311 0
22 54 176314 0
54 66 176395 0
51 40 176432 1
51 90 176509 0
79 36 176518 1
54 62 176565 0
39 41 176611 1
90 35 176623 1
105 71 176686 1
69 83 176743 1
0 101 176747 1
69 85 176778 1
62 38 176799 1
43 42 176802 1
54 40 176807 1
52 40 176835 1
72 64 176869 1
67 77 176911 1
31 41 176947 1
24 61 177010 0
38 65 177072 0
106 41 177104 1
103 80 177201 1
53 96 177271 0
35 64 177313 0
52 95 177364 0
23 60 177384 0
40 42 177498 1
89 35 177499 1
22 57 177571 0
98 32 177619 1
61 37 177832 1
75 103 177834 0
69 38 177844 1
85 53 177922 0
94 34 177937 1
36 64 177937 0
27 62 178033 0
21 50 178067 0
68 81 178146 1
24 60 178192 0
22 50 178234 0
23 68 178259 0
53 95 178259 0
54 98 178268 0
69 104 178333 0
39 43 178450 1
20 55 178469 0
94 33 178471 1
72 38 178596 1
23 62 178675 0
58 103 178753 1
51 72 178769 0
22 59 178771 0
52 76 178795 0
67 36 178869 1
79 54 178943 0
59 102 179200 0
33 63 179308 0
50 85 179399 0
64 103 179438 0
103 33 179523 1
34 41 179571 1
25 44 179591 1
50 60 179701 0
51 75 179752 0
21 51 179826 0
54 64 179926 0
87 52 179946 0
53 58 179996 0
106 38 180069 1
84 98 180556 0
92 54 180603 0
84 100 180641 0
51 70 180723 0
100 33 180884 1
102 82 180965 1
123 37 181071 1
51 90 181075 0
57 39 181095 1
22 54 181141 0
101 69 181202 1
73 86 181318 1
69 37 181548 1
72 63 181627 1
85 98 181680 0
22 65 181729 0
96 90 181729 0
50 86 181747 0
45 60 181824 0
87 96 181863 0
79 53 181938 0
52 63 182000 0
106 37 182079 1
103 34 182109 1
42 61 182130 0
102 33 182316 1
26 65 182388 0
29 64 182478 0
101 70 182494 1
27 69 182540 0
105 34 182666 1
74 37 182692 1
49 80 182749 0
104 73 182844 1
29 66 182850 0
58 52 182995 1
91 53 183022 0
103 70 183033 1
66 106 183120 0
27 62 183142 0
69 104 183268 0
47 64 183350 0
92 53 183421 0
55 60 183555 0
73 59 183590 1
33 64 183672 0
53 69 183675 0
84 80 183771 1
53 95 183816 0
49 87 183850 0
67 103 183860 0
79 37 183931 1
52 74 184023 0
55 98 184027 0
103 72 184042 1
63 102 184060 0
82 55 184070 0
85 53 184075 0
105 75 184098 1
87 53 184108 0
57 101 184198 0
52 71 184231 0
98 33 184336 1
103 71 184340 1
60 38 184435 1
51 92 184435 0
85 36 184481 1
93 52 184512 0
102 70 184516 1
106 36 184539 1
51 89 184539 0
23 63 184571 0
37 7 184601 1
67 80 184615 1
73 85 184720 1
29 43 184748 1
51 39 184760 1
36 69 184923 0
51 86 184929 0
55 61 184949 0
71 65 185029 1
104 72 185049 1
95 91 185093 0
68 84 185216 1
69 36 185217 1
67 79 185244 1
70 84 185277 1
32 63 185324 0
51 77 185345 0
70 104 185441 0
71 37 185487 1
68 77 185498 1
32 64 185534 0
51 80 185585 0
66 36 185595 1
54 97 185615 0
90 53 185641 0
56 100 185650 0
96 69 185710 1
61 38 185735 1
49 59 185787 0
26 63 185795 0
54 61 185798 0
36 64 185807 0
55 39 185835 1
71 84 185844 1
37 42 185861 1
89 95 185872 0
68 75 185892 1
27 43 185911 1
105 79 185914 1
50 83 185918 0
84 53 185954 0
30 64 186039 0
51 78 186123 0
99 69 186135 1
23 59 186144 0
73 62 186151 1
76 38 186163 1
82 52 186184 0
27 63 186197 0
71 104 186232 0
87 77 186239 1
98 69 186263 1
76 84 186306 1
70 36 186323 1
68 83 186358 1
80 82 186379 1
36 63 186397 0
52 94 186402 0
81 53 186465 0
22 51 186470 0
97 51 186523 0
30 62 186552 0
34 42 186567 1
38 41 186599 1
103 68 186599 1
31 42 186604 1
37 63 186655 0
69 84 186676 1
87 36 186703 1
37 62 186739 0
68 79 186742 1
22 49 186776 0
69 76 186807 1
81 81 186817 1
68 82 186870 1
67 81 186889 1
26 64 186988 0
37 65 186989 0
36 43 187103 1
51 83 187143 0
83 79 187159 1
51 90 187179 0
39 63 187190 0
70 70 187203 1
65 37 187212 1
87 35 187225 1
36 41 187229 1
75 85 187233 1
58 38 187319 1
71 85 187388 1
104 33 187496 1
77 36 187501 1
33 41 187505 1
72 87 187506 1
104 71 187525 1
100 69 187535 1
105 33 187538 1
85 35 187546 1
36 64 187577 0
22 55 187633 0
58 39 187687 1
68 36 187759 1
107 38 187855 1
83 35 187864 1
95 52 187874 0
95 70 187882 1
91 34 187887 1
106 35 187890 1
67 78 187890 1
83 53 187928 0
55 101 187938 0
35 63 187950 0
104 79 187985 1
97 69 188013 1
95 69 188029 1
86 35 188124 1
93 34 188133 1
58 102 188152 0
97 33 188179 1
72 84 188207 1
100 32 188212 1
56 38 188223 1
23 53 188237 0
71 67 188284 1
57 101 188334 0
71 38 188341 1
80 36 188343 1
39 42 188459 1
101 33 188518 1
32 42 188525 1
69 72 188588 1
95 34 188627 1
25 61 188635 0
57 38 188650 1
62 37 188871 1
38 42 188887 1
92 54 188938 0
55 98 188990 0
103 33 189002 1
54 39 189026 1
69 103 189046 0
22 54 189085 0
29 42 189102 1
82 81 189121 1
66 103 189131 0
83 81 189136 1
26 45 189204 1
37 40 189227 1
65 104 189227 0
28 63 189272 0
27 62 189347 0
69 104 189348 0
55 62 189352 0
60 103 189424 0
102 69 189536 1
73 38 189601 1
53 70 189685 0
22 58 189737 0
73 84 189756 1
101 48 189756 0
93 92 189788 0
30 42 189817 1
54 98 189835 0
96 33 189839 1
32 43 189858 1
21 55 189863 0
54 102 189922 0
103 32 189934 1
35 42 190015 1
49 40 190083 1
76 85 190121 1
24 60 190140 0
82 35 190206 1
83 36 190232 1
86 78 190279 1
53 95 190307 0
35 41 190317 1
50 64 190343 0
101 70 190444 1
52 72 190543 0
27 64 190569 0
36 64 190743 0
37 41 190747 1
53 39 190759 1
38 63 190768 0
47 41 190822 1
101 32 190905 1
52 91 190910 0
83 52 190926 0
73 37 190944 1
29 62 191004 0
19 60 191327 0
68 74 191347 1
52 74 191365 0
50 59 191395 0
100 49 191421 0
26 62 191427 0
22 51 191429 0
67 71 191511 1
84 35 191653 1
47 89 191671 0
87 53 191699 0
82 53 191731 0
50 84 191945 0
45 42 191974 1
50 83 191980 0
48 60 192008 0
51 60 192011 0
95 33 192016 1
51 91 192059 0
50 80 192156 0
34 63 192182 0
105 34 192265 1
50 88 192271 0
102 32 192285 1
59 102 192319 0
55 108 192424 0
19 71 192477 0
49 103 192488 0
54 58 192503 0
73 61 192609 1
92 54 192624 0
81 53 192728 0
55 103 192769 0
45 67 192770 0
106 43 192813 1
53 69 192821 0
49 63 192880 0
68 78 192969 1
34 64 192988 0
58 102 193024 0
36 64 193125 0
54 62 193157 0
53 66 193204 0
77 103 193205 0
87 52 193245 0
89 75 193251 0
55 100 193265 0
25 63 193268 0
51 96 193283 0
50 81 193288 0
79 83 193328 1
21 65 193336 0
17 57 193346 0
14 55 193352 0
22 57 193392 0
21 57 193396 0
41 65 193398 0
43 43 193418 1
51 94 193423 0
25 61 193427 0
51 103 193478 0
60 106 193541 0
106 37 193686 1
23 61 193727 0
22 50 193733 0
65 38 193819 1
78 54 193849 0
51 76 194030 0
52 76 194056 0
50 97 194131 0
55 101 194315 0
81 98 194372 0
53 58 194389 0
85 53 194422 0
57 100 194454 0
50 78 194538 0
94 52 194686 0
17 61 194698 0
104 74 194739 1
57 101 194779 0
58 45 194801 1
104 73 194876 1
83 53 194982 0
101 69 195104 1
105 76 195217 1
74 84 195231 1
30 63 195246 0
75 103 195363 0
69 73 195397 1
89 34 195460 1
91 35 195470 1
52 91 195501 0
102 70 195563 1
40 62 195571 0
55 60 195584 0
64 38 195630 1
96 51 195701 0
72 37 195719 1
104 77 195773 1
103 70 195791 1
70 37 195935 1
106 36 196037 1
104 32 196120 1
69 83 196270 1
71 66 196300 1
66 37 196378 1
81 36 196417 1
51 85 196518 0
42 66 196528 0
103 79 196630 1
22 51 196762 0
54 66 196843 0
97 51 196845 0
99 68 196868 1
54 97 196937 0
93 33 196946 1
72 38 196990 1
68 80 197054 1
99 32 197112 1
88 77 197159 1
107 36 197202 1
67 37 197202 1
82 36 197203 1
87 78 197244 1
52 93 197275 0
41 41 197276 1
33 63 197308 0
85 36 197410 1
103 71 197451 1
84 98 197493 0
50 88 197560 0
47 59 197582 0
36 40 197584 1
42 41 197613 1
55 62 197658 0
51 89 197756 0
70 83 197826 1
93 52 197857 0
75 84 197892 1
82 53 197911 0
107 38 197929 1
107 37 197929 1
25 45 197929 1
53 70 197930 0
42 42 197962 1
85 80 197980 1
106 41 197998 1
45 41 198031 1
99 50 198048 0
67 79 198054 1
104 72 198061 1
68 81 198066 1
75 37 198082 1
86 36 198094 1
59 38 198095 1
61 102 198112 0
101 48 198116 0
51 86 198138 0
69 84 198183 1
81 82 198191 1
58 102 198216 0
53 96 198259 0
57 37 198276 1
54 58 198342 0
68 42 198371 1
68 83 198371 1
102 81 198529 1
36 64 198536 0
50 83 198560 0
74 37 198568 1
23 51 198657 0
81 99 198713 0
74 104 198742 0
73 104 198758 0
72 36 198791 1
103 69 198825 1
69 102 198843 0
67 80 198863 1
90 35 198866 1
101 84 198926 1
83 98 198952 0
51 80 198985 0
70 68 198988 1
51 83 199017 0
35 40 199031 1
79 82 199054 1
106 34 199088 1
51 90 199093 0
77 83 199146 1
71 37 199203 1
104 33 199230 1
102 48 199240 0
66 102 199245 0
69 37 199264 1
90 75 199301 0
93 91 199323 0
94 52 199332 0
17 56 199396 0
51 77 199424 0
22 49 199471 0
33 42 199471 1
90 52 199514 0
30 62 199567 0
70 84 199604 1
72 65 199644 1
63 102 199657 0
57 39 199661 1
59 101 199669 0
49 41 199671 1
56 100 199685 0
41 63 199703 0
23 59 199707 0
72 104 199715 0
68 82 199724 1
79 36 199759 1
25 61 199808 0
50 41 199820 1
0 0 200010 0
