82 58 0 0
92 44 30 1
81 44 100 1
59 108 104 0
93 94 105 1
59 91 123 0
59 105 172 0
94 95 220 1
101 46 261 1
82 44 278 1
38 53 306 0
21 48 378 0
83 44 395 1
56 59 482 0
95 44 577 1
102 52 585 1
28 52 601 0
43 37 629 1
47 38 693 1
30 38 699 1
30 37 712 1
37 37 745 1
92 58 765 0
79 58 870 0
21 46 886 0
80 43 922 1
72 92 937 1
60 103 947 0
69 66 968 1
48 38 1025 1
69 70 1032 1
97 56 1085 0
90 87 1108 1
72 56 1148 0
44 38 1156 1
93 89 1165 1
29 53 1178 0
59 93 1229 0
78 58 1249 0
60 85 1257 0
68 60 1269 1
71 78 1279 1
60 80 1286 0
92 57 1403 0
36 53 1414 0
61 113 1459 0
22 51 1482 0
72 84 1502 1
83 58 1502 0
102 51 1636 1
32 37 1654 1
43 38 1661 1
93 44 1681 1
50 39 1690 1
62 34 1710 1
46 55 1749 0
63 113 1903 0
71 77 1906 1
97 44 1919 1
68 61 1976 1
94 57 2073 0
90 58 2123 0
43 53 2147 0
20 45 2202 0
71 79 2338 1
33 37 2367 1
57 60 2385 0
60 86 2386 0
68 58 2390 1
21 49 2442 0
35 53 2496 0
56 60 2512 0
46 38 2531 1
41 37 2539 1
37 53 2635 0
49 56 2899 0
81 57 2914 0
69 61 2954 1
102 49 3018 1
53 57 3023 0
59 72 3055 0
45 54 3156 0
40 37 3172 1
65 38 3185 1
66 39 3605 1
72 91 3670 1
59 85 3712 0
25 82 3730 0
25 52 3730 0
91 60 3781 0
60 113 3831 0
69 62 3836 1
72 93 3849 1
88 44 3860 1
41 38 3871 1
87 87 4035 1
58 65 4112 0
69 67 4151 1
82 58 4157 0
45 38 4167 1
59 34 4169 1
79 43 4196 1
70 51 4252 0
70 77 4253 1
25 37 4272 1
73 83 4356 1
66 12 4372 1
21 47 4417 0
61 34 4494 1
57 35 4503 1
58 69 4513 0
58 33 4564 1
60 80 4578 0
91 88 4616 1
68 41 4655 1
80 91 4655 1
91 87 4694 1
42 53 4731 0
88 86 4757 1
75 43 4760 1
59 74 4803 0
55 58 4833 0
59 106 4853 0
59 76 4904 0
67 40 4952 1
94 92 5009 1
71 90 5009 1
63 36 5013 1
34 37 5060 1
70 75 5079 1
50 40 5085 1
87 44 5112 1
30 52 5163 0
59 98 5184 0
57 61 5195 0
42 37 5362 1
60 112 5395 0
98 45 5427 1
70 74 5445 1
21 48 5502 0
59 111 5533 0
57 64 5543 0
35 37 5607 1
89 87 5674 1
77 93 5697 1
39 52 5742 0
72 95 5762 1
23 52 5840 0
71 93 5987 1
73 94 6057 1
44 37 6078 1
59 108 6115 0
60 72 6163 0
72 42 6373 1
101 51 6461 1
101 48 6495 1
38 37 6561 1
102 50 6564 1
90 44 6778 1
58 34 6890 1
78 43 6894 1
56 59 6980 0
39 53 6989 0
69 65 7051 1
76 93 7065 1
35 54 7076 0
61 114 7204 0
69 60 7254 1
21 50 7301 0
70 76 7453 1
46 55 7516 0
72 89 7549 1
56 60 7611 0
60 84 7639 0
94 57 7727 0
20 49 7749 0
101 52 7849 1
49 55 7965 0
30 122 8045 1
72 81 8070 1
73 82 8103 1
69 73 8117 1
93 88 8138 1
30 53 8168 0
20 43 8232 0
91 58 8348 0
59 106 8408 0
67 41 8425 1
78 57 8560 0
39 37 8615 1
59 80 8692 0
73 56 8767 0
81 43 8805 1
90 58 8819 0
49 38 8838 1
60 87 8935 0
93 90 9046 1
26 52 9064 0
58 66 9185 0
49 39 9361 1
60 80 9577 0
59 93 9581 0
83 43 9596 1
21 51 9602 0
59 73 9603 0
75 56 9605 0
21 52 9616 0
78 44 9685 1
81 57 9897 0
72 79 9911 1
56 61 9918 0
82 58 9942 0
59 69 9961 0
29 37 10116 1
60 113 10139 0
60 72 10172 0
80 58 10184 0
100 46 10294 1
20 48 10308 0
93 91 10634 1
64 36 10685 1
19 50 10729 0
58 103 10756 0
20 50 10820 0
85 88 10852 1
70 41 10858 1
94 94 10882 1
59 98 10911 0
90 98 10953 0
60 112 10965 0
92 88 10972 1
58 65 10994 0
65 37 11022 1
94 90 11065 1
77 43 11079 1
59 82 11088 0
66 38 11103 1
28 55 11173 0
83 58 11181 0
94 96 11185 1
69 72 11237 1
58 62 11282 0
80 57 11293 0
49 56 11356 0
69 41 11465 1
59 102 11474 0
61 112 11484 0
67 39 11484 1
74 42 11625 1
22 50 11662 0
60 84 11665 0
47 54 11682 0
59 107 11735 0
59 70 11768 0
58 69 11804 0
91 44 11821 1
72 82 11887 1
76 56 11913 0
82 43 11950 1
94 93 11981 1
79 57 11989 0
59 88 12033 0
59 101 12041 0
88 87 12096 1
100 45 12099 1
85 44 12106 1
92 87 12200 1
59 106 12393 0
27 37 12474 1
86 87 12544 1
101 46 12558 1
94 44 12558 1
77 42 12586 1
80 43 12616 1
47 55 12668 0
90 86 12713 1
94 89 12715 1
72 87 12731 1
77 56 12742 0
59 76 12789 0
31 37 12792 1
73 112 12794 0
14 16 12796 0
72 96 12797 1
95 44 12828 1
60 87 12866 0
60 76 12944 0
48 38 12944 1
63 114 12969 0
41 53 12986 0
60 79 13032 0
73 86 13045 1
81 90 13063 1
72 80 13101 1
57 62 13161 0
76 42 13205 1
47 38 13227 1
30 52 13248 0
73 43 13283 1
36 37 13356 1
69 69 13369 1
33 51 13415 0
72 78 13486 1
21 50 13500 0
99 55 13509 0
94 57 13559 0
60 72 13562 0
21 46 13672 0
91 58 13686 0
37 52 13687 0
71 113 13730 0
74 56 13740 0
84 44 13758 1
73 95 13766 1
72 92 13779 1
71 41 13813 1
83 44 13813 1
85 58 13817 0
58 68 13832 0
73 87 13854 1
66 37 13862 1
58 66 13885 0
99 45 13885 1
33 53 13904 0
63 113 13926 0
59 104 13927 0
63 35 14006 1
37 53 14020 0
31 53 14024 0
26 52 14053 0
50 39 14060 1
63 117 14070 0
89 86 14099 1
51 58 14125 0
37 37 14125 1
69 63 14128 1
85 57 14137 0
60 86 14162 0
75 56 14177 0
43 37 14177 1
72 90 14210 1
71 77 14234 1
51 40 14264 1
21 48 14293 0
73 56 14313 0
49 56 14325 0
43 53 14359 0
68 61 14456 1
60 103 14476 0
87 43 14500 1
30 37 14505 1
25 51 14533 0
71 76 14537 1
59 105 14574 0
85 43 14594 1
20 42 14658 0
93 89 14690 1
57 34 14704 1
70 72 14722 1
77 57 14828 0
33 36 14860 1
58 64 14899 0
61 114 14921 0
63 36 14953 1
57 60 14973 0
66 39 15020 1
43 38 15047 1
60 85 15068 0
61 113 15080 0
73 80 15083 1
63 115 15127 0
79 43 15167 1
62 34 15314 1
71 79 15336 1
60 80 15344 0
28 52 15350 0
70 75 15369 1
96 57 15393 0
58 62 15431 0
93 57 15434 0
71 112 15446 0
59 33 15494 1
78 58 15548 0
58 93 15566 0
97 57 15574 0
47 37 15589 1
68 60 15614 1
67 40 15624 1
92 44 15633 1
47 56 15698 0
60 84 15742 0
56 60 15787 0
47 54 15812 0
61 112 15860 0
58 114 15923 0
71 78 15939 1
53 38 15968 0
38 53 16002 0
22 51 16007 0
33 37 16026 1
57 68 16034 0
53 37 16066 0
93 44 16067 1
40 37 16070 1
46 37 16073 1
60 87 16100 0
42 53 16115 0
57 66 16126 0
59 80 16222 0
47 55 16306 0
68 41 16343 1
81 57 16353 0
46 55 16384 0
71 56 16385 0
57 67 16391 0
81 60 16417 0
69 68 16434 1
30 36 16473 1
59 96 16514 0
57 100 16522 0
59 99 16534 0
60 76 16581 0
99 56 16583 0
90 44 16623 1
43 54 16627 0
79 57 16634 0
72 113 16721 0
21 42 16723 0
23 48 16798 0
101 49 16826 1
81 91 16990 1
50 40 17002 1
72 56 17010 0
66 115 17060 0
69 66 17150 1
65 37 17202 1
92 43 17203 1
41 37 17204 1
60 112 17215 0
36 36 17270 1
90 58 17339 0
42 37 17346 1
68 57 17371 1
49 55 17414 0
59 106 17474 0
59 98 17508 0
70 74 17528 1
78 92 17563 1
104 40 17599 1
86 43 17641 1
45 37 17641 1
69 70 17653 1
60 113 17763 0
59 108 17766 0
77 110 17810 0
39 52 17833 0
82 58 17859 0
21 47 17866 0
70 69 17898 1
34 36 17952 1
91 87 17981 1
58 66 18018 0
92 57 18039 0
78 43 18084 1
73 79 18100 1
49 56 18102 0
50 38 18136 1
28 36 18190 1
34 37 18213 1
93 90 18317 1
26 52 18329 0
26 37 18400 1
21 44 18437 0
58 65 18444 0
81 43 18450 1
62 15 18656 0
25 52 18705 0
57 58 18725 0
57 65 18749 0
91 99 18784 0
75 56 18804 0
36 38 18838 1
49 60 18920 0
60 72 19042 0
35 36 19122 1
91 58 19194 0
20 46 19209 0
85 58 19229 0
81 44 19250 1
91 86 19261 1
32 52 19314 0
27 51 19370 0
69 4 19386 0
74 42 19431 1
78 42 19445 1
23 52 19474 0
90 99 19498 0
65 38 19510 1
60 111 19510 0
77 43 19512 1
68 40 19648 1
86 44 19648 1
21 50 19660 0
50 58 19743 0
19 46 19789 0
21 49 19821 0
59 63 19868 0
49 39 19870 1
95 57 19897 0
48 56 19913 0
59 82 20082 0
35 54 20138 0
74 112 20147 0
93 57 20170 0
89 58 20174 0
72 84 20185 1
88 58 20557 0
87 44 20584 1
45 38 20585 1
84 43 20611 1
97 44 20624 1
69 65 20688 1
61 84 20756 0
60 76 20772 0
60 33 20899 1
102 48 21030 1
80 43 21061 1
70 66 21102 1
39 53 21127 0
55 59 21133 0
71 113 21144 0
25 51 21182 0
51 59 21216 0
69 64 21286 1
72 91 21291 1
82 89 21384 1
38 37 21411 1
60 108 21417 0
59 34 21417 1
60 87 21496 0
64 35 21560 1
100 46 21670 1
73 56 21678 0
18 45 21751 0
70 73 21752 1
64 114 21919 0
96 59 21961 0
69 72 22031 1
49 56 22067 0
73 88 22071 1
72 88 22169 1
98 45 22275 1
73 84 22454 1
32 36 22461 1
85 57 22540 0
31 36 22565 1
93 88 22597 1
101 48 22605 1
47 56 22646 0
35 37 22670 1
59 99 22675 0
47 59 22688 0
79 56 22710 0
69 62 22833 1
49 57 22856 0
37 52 22993 0
101 45 23076 1
47 55 23089 0
57 59 23096 0
61 33 23232 1
51 57 23309 0
72 93 23343 1
82 43 23398 1
88 57 23400 0
102 49 23428 1
83 43 23552 1
50 39 23579 1
19 51 23631 0
101 53 23647 1
90 43 23856 1
41 38 23946 1
98 44 23968 1
57 33 23995 1
29 36 24073 1
62 114 24175 0
57 66 24180 0
39 36 24197 1
94 44 24271 1
72 113 24326 0
89 43 24341 1
87 86 24365 1
70 64 24397 1
72 41 24411 1
59 80 24415 0
95 44 24475 1
100 45 24480 1
67 113 24481 0
69 41 24487 1
69 61 24563 1
60 111 24565 0
71 77 24574 1
79 57 24618 0
83 89 24706 1
67 39 24740 1
68 58 24775 1
39 37 24804 1
89 87 24830 1
32 52 24838 0
20 45 24841 0
80 57 24848 0
72 79 24854 1
101 46 24857 1
61 34 24861 1
91 43 24861 1
87 43 24875 1
92 98 24895 0
69 67 24897 1
48 38 24903 1
53 57 25001 0
91 44 25049 1
101 51 25053 1
72 80 25062 1
70 70 25075 1
77 42 25090 1
94 57 25094 0
85 43 25096 1
65 36 25111 1
76 57 25160 0
73 85 25213 1
92 88 25298 1
29 37 25309 1
74 95 25342 1
92 87 25345 1
73 93 25369 1
49 38 25383 1
47 38 25395 1
97 56 25414 0
76 42 25491 1
95 57 25498 0
47 54 25506 0
71 94 25561 1
102 51 25567 1
40 53 25612 0
93 43 25613 1
88 58 25615 0
70 41 25621 1
85 58 25643 0
58 62 25668 0
61 112 25724 0
73 94 25737 1
44 37 25804 1
71 56 25811 0
59 103 25888 0
66 38 25918 1
57 63 25936 0
27 37 25979 1
57 67 26034 0
93 96 26034 1
70 63 26041 1
67 38 26077 1
79 42 26114 1
79 43 26114 1
59 69 26139 0
69 59 26150 1
66 39 26213 1
87 87 26217 1
30 52 26220 0
63 113 26226 0
72 89 26409 1
73 41 26437 1
93 58 26467 0
67 40 26484 1
60 84 26502 0
58 66 26523 0
60 108 26548 0
49 56 26566 0
69 63 26607 1
57 59 26653 0
88 87 26702 1
73 83 26710 1
102 47 26756 1
79 56 26786 0
71 76 26817 1
57 61 26836 0
88 43 26859 1
92 43 26875 1
65 37 26876 1
90 86 26880 1
71 97 26906 1
56 34 26985 1
37 37 27002 1
73 82 27010 1
72 87 27043 1
69 60 27092 1
94 90 27099 1
40 37 27111 1
94 58 27113 0
54 37 27119 0
91 98 27132 0
60 103 27146 0
51 40 27191 1
77 56 27201 0
26 52 27254 0
64 114 27263 0
72 77 27268 1
72 92 27288 1
68 41 27316 1
51 39 27337 1
21 46 27400 0
89 88 27401 1
23 37 27413 1
59 70 27427 0
93 57 27478 0
23 51 27492 0
94 94 27492 1
94 89 27512 1
106 55 27515 1
72 81 27522 1
31 37 27524 1
63 35 27558 1
86 43 27559 1
70 71 27565 1
67 58 27590 1
70 65 27644 1
34 53 27677 0
65 113 27700 0
43 37 27709 1
72 78 27714 1
95 90 27741 1
57 58 27747 0
73 81 27751 1
64 34 27772 1
90 98 27774 0
60 72 27832 0
60 85 27839 0
60 86 27873 0
83 58 27880 0
22 50 27881 0
33 51 27884 0
59 107 27924 0
70 75 27982 1
68 61 28018 1
43 53 28057 0
79 92 28061 1
49 56 28077 0
76 56 28081 0
58 64 28083 0
27 51 28087 0
63 36 28100 1
81 43 28108 1
60 76 28127 0
21 48 28143 0
75 56 28172 0
92 58 28191 0
51 57 28279 0
66 37 28296 1
58 34 28314 1
88 57 28401 0
93 89 28431 1
60 79 28513 0
33 37 28531 1
59 76 28534 0
95 56 28534 0
62 34 28594 1
102 52 28632 1
21 44 28654 0
72 90 28719 1
80 42 28720 1
41 37 28736 1
43 36 28747 1
71 112 28786 0
93 88 28879 1
74 55 28893 0
99 45 28933 1
102 46 28941 1
57 57 28969 0
30 37 28976 1
80 43 29050 1
61 114 29081 0
59 33 29128 1
71 77 29151 1
34 36 29156 1
63 34 29178 1
28 52 29264 0
41 53 29269 0
49 55 29316 0
49 37 29320 1
100 46 29345 1
89 59 29357 0
37 53 29371 0
70 68 29445 1
86 58 29499 0
70 74 29513 1
61 92 29528 0
94 93 29648 1
32 53 29667 0
94 95 29720 1
46 37 29750 1
39 52 29775 0
57 60 29787 0
58 33 29789 1
49 57 29795 0
70 72 29873 1
24 51 29873 0
42 37 29978 1
54 36 30002 0
74 42 30014 1
65 35 30053 1
49 56 30067 0
69 73 30101 1
91 58 30107 0
34 37 30150 1
32 52 30181 0
61 76 30195 0
57 59 30317 0
97 44 30364 1
24 37 30372 1
48 37 30396 1
60 111 30425 0
102 50 30491 1
87 43 30491 1
33 36 30491 1
90 44 30507 1
38 52 30530 0
73 89 30558 1
85 87 30615 1
60 100 30650 0
71 41 30694 1
37 52 30724 0
27 36 30778 1
68 60 30821 1
36 53 30960 0
95 94 30963 1
58 69 31005 0
40 53 31059 0
43 38 31146 1
59 67 31154 0
78 42 31202 1
96 43 31214 1
30 36 31335 1
47 56 31379 0
91 87 31412 1
36 36 31432 1
47 54 31455 0
100 45 31545 1
23 48 31561 0
73 87 31563 1
37 36 31618 1
62 115 31630 0
122 63 31646 0
80 90 31647 1
87 105 31765 1
50 39 31782 1
35 36 31812 1
49 56 31930 0
72 95 31971 1
95 89 32137 1
84 43 32222 1
95 57 32256 0
79 56 32298 0
25 37 32318 1
60 108 32336 0
55 35 32336 1
55 59 32351 0
95 44 32393 1
62 114 32477 0
60 87 32503 0
71 75 32534 1
73 86 32573 1
73 112 32575 0
88 86 32640 1
77 43 32660 1
47 37 32695 1
82 43 32721 1
67 39 32789 1
87 57 32803 0
86 87 32883 1
83 43 32894 1
90 58 32908 0
64 36 32929 1
50 38 32945 1
32 36 33039 1
102 49 33085 1
70 67 33090 1
59 95 33151 0
21 41 33179 0
88 58 33280 0
81 57 33332 0
85 44 33336 1
101 52 33344 1
21 47 33374 0
27 50 33403 0
52 56 33495 0
77 42 33574 1
49 56 33609 0
70 115 33641 0
67 113 33838 0
24 50 33891 0
69 68 33907 1
69 41 34073 1
38 52 34123 0
60 100 34161 0
89 86 34199 1
35 53 34240 0
73 80 34249 1
76 44 34258 1
70 69 34265 1
68 114 34346 0
20 47 34413 0
60 80 34425 0
68 40 34495 1
28 36 34543 1
69 72 34560 1
60 74 34562 0
94 44 34598 1
45 37 34604 1
121 10 34607 1
21 40 34643 0
64 114 34648 0
74 55 34691 0
51 57 34714 0
25 51 34719 0
61 85 34848 0
59 99 34849 0
57 64 34945 0
87 58 35020 0
61 33 35092 1
50 57 35119 0
69 65 35123 1
43 65 35172 0
70 62 35189 1
86 58 35214 0
72 79 35319 1
19 44 35333 0
57 112 35392 0
72 113 35459 0
24 51 35500 0
31 36 35528 1
35 39 35548 1
72 41 35553 1
60 33 35558 1
49 56 35667 0
59 106 35749 0
59 67 35783 0
65 113 35783 0
59 109 35875 0
59 75 35970 0
69 66 35991 1
76 57 36119 0
91 43 36189 1
102 48 36250 1
71 76 36280 1
31 51 36323 0
21 50 36396 0
47 55 36402 0
61 84 36559 0
43 37 36719 1
88 100 36779 0
40 37 36826 1
20 42 36841 0
60 72 36888 0
76 42 36923 1
57 58 36955 0
34 56 37158 0
101 46 37224 1
90 43 37277 1
93 43 37361 1
100 44 37366 1
85 43 37463 1
32 53 37515 0
38 36 37602 1
81 90 37607 1
67 40 37611 1
76 111 37613 0
69 61 37757 1
92 57 37763 0
85 58 37796 0
91 86 37828 1
72 80 37842 1
61 76 37862 0
73 79 37918 1
86 43 37935 1
89 43 37977 1
92 87 37978 1
57 66 37995 0
85 57 37998 0
20 53 37998 0
87 57 38008 0
101 45 38015 1
94 88 38169 1
98 44 38236 1
93 87 38250 1
78 57 38255 0
49 56 38372 0
79 43 38390 1
63 113 38409 0
95 43 38488 1
65 36 38602 1
58 65 38603 0
42 53 38619 0
60 89 38625 0
71 77 38655 1
60 103 38678 0
24 50 38811 0
88 57 38818 0
52 56 38840 0
60 74 38907 0
24 38 38912 1
73 113 38950 0
68 57 38959 1
60 75 38965 0
57 62 38979 0
60 100 39028 0
91 56 39064 0
82 42 39091 1
93 88 39097 1
70 73 39168 1
60 110 39188 0
81 43 39241 1
73 83 39287 1
59 63 39302 0
74 57 39303 0
65 37 39313 1
58 62 39335 0
79 42 39354 1
69 70 39392 1
26 53 39393 0
94 57 39473 0
57 57 39484 0
70 71 39539 1
29 36 39540 1
80 43 39650 1
53 60 39700 0
59 80 39705 0
61 32 39738 1
83 104 39739 0
88 43 39760 1
58 66 39780 0
73 94 39799 1
68 58 39819 1
38 52 39835 0
70 41 39857 1
51 40 39859 1
92 43 39862 1
38 37 39864 1
19 48 39878 0
93 57 39906 0
32 52 39965 0
25 52 39969 0
49 56 39978 0
22 51 40005 0
42 36 40070 1
59 98 40071 0
95 91 40072 1
94 89 40122 1
71 74 40129 1
93 90 40129 1
41 36 40188 1
34 36 40195 1
70 63 40222 1
48 53 40222 0
57 63 40231 0
37 37 40295 1
49 57 40297 0
74 41 40308 1
66 37 40343 1
69 63 40352 1
40 53 40421 0
95 57 40458 0
87 43 40467 1
69 40 40470 1
97 43 40491 1
90 86 40502 1
61 111 40508 0
30 52 40510 0
29 37 40562 1
63 114 40575 0
50 57 40579 0
70 40 40580 1
51 39 40600 1
47 38 40693 1
69 39 40697 1
70 70 40735 1
73 82 40773 1
72 91 40798 1
74 112 40848 0
73 92 40902 1
72 78 40932 1
78 42 40999 1
72 92 41003 1
62 33 41070 1
59 72 41075 0
59 34 41079 1
33 51 41121 0
70 66 41144 1
21 46 41147 0
60 112 41160 0
49 56 41213 0
73 42 41248 1
73 41 41248 1
87 58 41286 0
49 55 41354 0
57 59 41422 0
73 93 41483 1
67 38 41493 1
95 92 41525 1
59 67 41534 0
95 56 41535 0
72 96 41570 1
39 52 41611 0
72 76 41615 1
27 51 41623 0
64 34 41626 1
40 36 41648 1
73 85 41660 1
73 95 41660 1
69 60 41691 1
73 88 41703 1
39 36 41729 1
20 47 41739 0
49 38 41739 1
59 33 41755 1
79 91 41755 1
94 43 41760 1
62 34 41785 1
45 36 41800 1
74 93 41815 1
57 58 41823 0
61 112 41850 0
73 84 41872 1
59 94 41910 0
61 96 41919 0
88 87 41955 1
22 43 41965 0
77 56 41974 0
76 42 42038 1
49 37 42061 1
64 35 42080 1
70 64 42084 1
45 54 42109 0
41 37 42123 1
61 84 42126 0
47 54 42165 0
42 37 42178 1
87 100 42216 0
81 42 42235 1
71 75 42246 1
72 77 42252 1
59 65 42262 0
24 51 42274 0
33 37 42319 1
49 56 42338 0
33 36 42355 1
26 37 42367 1
46 37 42370 1
70 68 42414 1
100 45 42436 1
35 54 42445 0
44 37 42464 1
77 42 42528 1
95 93 42581 1
72 87 42599 1
74 55 42716 0
71 41 42722 1
80 57 42733 0
86 58 42738 0
61 76 42760 0
99 43 42980 1
72 89 43021 1
27 37 43025 1
60 110 43030 0
21 44 43036 0
54 57 43047 0
31 51 43058 0
69 59 43081 1
26 52 43150 0
21 49 43225 0
59 66 43248 0
46 54 43255 0
60 89 43284 0
61 33 43290 1
48 38 43291 1
25 36 43315 1
60 74 43316 0
22 50 43353 0
21 48 43373 0
37 52 43477 0
61 85 43493 0
49 56 43505 0
71 77 43510 1
79 56 43552 0
85 43 43574 1
89 85 43597 1
73 90 43629 1
61 111 43631 0
71 76 43659 1
50 38 43734 1
34 37 43765 1
60 32 43791 1
60 75 43795 0
73 91 43877 1
96 43 43903 1
59 109 43911 0
26 36 43982 1
35 36 44004 1
67 39 44006 1
60 108 44059 0
84 58 44070 0
68 114 44116 0
93 43 44123 1
32 53 44171 0
81 89 44226 1
23 48 44259 0
66 39 44318 1
32 36 44357 1
21 42 44380 0
45 38 44419 1
43 36 44435 1
24 50 44471 0
65 113 44484 0
67 114 44485 0
60 72 44537 0
52 39 44560 1
49 56 44571 0
52 56 44592 0
38 52 44682 0
50 39 44694 1
87 57 44732 0
96 57 44827 0
68 39 44847 1
70 72 44881 1
83 43 44915 1
20 43 44968 0
56 59 44970 0
72 41 44971 1
50 60 44971 0
86 43 44972 1
60 100 45030 0
60 90 45078 0
90 98 45128 0
102 46 45132 1
61 92 45166 0
73 81 45187 1
28 52 45199 0
57 57 45204 0
82 58 45330 0
37 36 45334 1
49 56 45378 0
23 51 45400 0
30 36 45405 1
97 44 45411 1
36 36 45412 1
85 88 45464 1
94 94 45469 1
22 52 45610 0
59 65 45674 0
26 51 45724 1
102 51 45744 1
58 64 45757 0
41 54 45758 0
103 49 45836 1
87 87 46002 1
67 113 46002 0
91 43 46143 1
70 65 46198 1
71 112 46229 0
44 36 46288 1
47 37 46410 1
53 56 46580 0
68 38 46598 1
84 43 46651 1
57 33 46652 1
70 61 46680 1
50 57 46906 0
40 52 46916 0
53 57 46917 0
60 83 46936 0
49 56 46940 0
43 37 47037 1
60 110 47094 0
46 54 47221 0
72 112 47243 0
48 37 47271 1
61 111 47313 0
30 37 47398 1
69 113 47548 0
31 54 47631 0
27 50 47743 0
95 43 47811 1
58 63 47812 0
60 97 47824 0
29 36 47833 1
49 56 47906 0
90 57 47906 0
70 69 48103 1
21 47 48394 0
52 58 48499 0
70 67 48552 1
19 32 48572 0
74 42 48580 1
60 77 48631 0
88 58 48647 0
34 36 48654 1
34 36 48654 1
69 58 48665 1
82 43 48717 1
54 58 48725 0
52 55 48757 0
25 58 48767 0
25 50 48768 0
28 53 48862 0
60 111 48882 0
49 56 48921 0
36 52 48945 0
74 94 49123 1
79 57 49147 0
60 75 49185 0
60 89 49215 0
65 37 49240 1
20 47 49295 0
59 66 49406 0
81 56 49456 0
95 90 49502 1
66 37 49531 1
28 36 49537 1
102 49 49554 1
89 43 49567 1
99 55 49579 0
75 94 49587 1
92 98 49612 0
59 69 49674 0
90 59 49724 0
87 58 49764 0
65 36 49768 1
101 46 49804 1
83 42 49834 1
93 88 49858 1
27 36 49935 1
50 55 49979 0
65 35 49979 1
49 56 50004 0
92 87 50010 1
40 52 50037 0
71 113 50065 0
69 41 50176 1
63 34 50285 1
87 43 50302 1
76 55 50308 0
81 43 50411 1
69 65 50413 1
38 36 50415 1
95 58 50500 0
51 57 50514 0
60 90 50594 0
100 44 50597 1
60 74 50637 0
36 58 50699 0
22 40 50714 0
94 88 50778 1
79 42 50829 1
93 87 50846 1
77 55 50858 0
91 98 50918 0
72 80 51028 1
92 86 51071 1
91 86 51128 1
59 65 51178 0
49 56 51212 0
94 89 51212 1
101 45 51230 1
92 43 51232 1
84 58 51244 0
73 78 51307 1
70 71 51402 1
72 112 51423 0
73 87 51512 1
78 42 51667 1
98 43 51668 1
73 79 51694 1
46 54 51704 0
97 43 51779 1
60 103 51788 0
73 80 51790 1
56 65 51793 0
91 56 51799 0
48 53 51835 0
87 59 51880 0
60 97 51882 0
22 46 51887 0
54 57 51969 0
60 33 51976 1
32 53 51980 0
102 47 51980 1
87 100 52024 0
29 122 52040 1
86 87 52101 1
100 45 52110 1
82 42 52200 1
53 56 52269 0
90 57 52287 0
85 42 52349 1
62 113 52376 0
102 45 52462 1
80 42 52468 1
90 43 52494 1
38 53 52511 0
60 96 52523 0
59 110 52525 0
70 58 52563 1
49 56 52576 0
63 113 52594 0
58 33 52608 1
69 113 52609 0
88 57 52674 0
81 56 52689 0
74 84 52692 1
36 52 52731 0
58 63 52734 0
67 114 52743 0
97 56 52775 0
60 110 52777 0
58 59 52778 0
69 61 52833 1
81 55 52834 0
61 84 52886 0
59 63 52899 0
61 76 52925 0
61 108 52946 0
57 58 52957 0
76 57 52963 0
51 39 52982 1
71 75 53000 1
62 114 53058 0
76 42 53137 1
50 55 53147 0
39 52 53158 0
63 116 53193 0
57 57 53207 0
73 82 53367 1
72 78 53376 1
71 74 53380 1
85 57 53384 0
67 37 53386 1
40 52 53392 0
76 55 53405 0
41 52 53416 0
59 67 53432 0
61 111 53446 0
40 37 53465 1
103 48 53470 1
39 36 53506 1
87 86 53511 1
82 89 53514 1
86 86 53521 1
85 43 53533 1
25 51 53535 0
90 86 53560 1
88 86 53570 1
74 80 53638 1
78 92 53642 1
58 62 53673 0
32 52 53676 0
87 42 53708 1
77 42 53722 1
73 86 53744 1
70 63 53762 1
73 41 53763 1
60 83 53767 0
59 89 53777 0
103 50 53828 1
95 57 53831 0
24 51 53904 0
61 85 53961 0
61 87 53972 0
59 32 53981 1
22 43 53991 0
64 33 54011 1
41 36 54020 1
53 38 54029 0
89 99 54032 0
49 56 54033 0
74 41 54036 1
66 36 54092 1
77 55 54122 0
63 112 54123 0
93 43 54136 1
73 83 54140 1
56 58 54179 0
63 33 54212 1
81 42 54249 1
83 89 54280 1
72 77 54333 1
46 58 54381 0
71 40 54400 1
88 42 54401 1
46 37 54417 1
59 94 54440 0
75 41 54454 1
27 51 54483 0
49 55 54500 0
87 43 54509 1
86 43 54545 1
67 65 54554 1
69 40 54573 1
64 34 54634 1
70 62 54645 1
59 33 54658 1
96 43 54680 1
102 48 54680 1
42 36 54690 1
49 37 54701 1
72 41 54702 1
37 37 54749 1
25 50 54759 0
70 66 54766 1
71 76 54772 1
37 52 54775 0
61 96 54803 0
67 38 54816 1
66 35 54819 1
74 93 54911 1
40 36 54969 1
58 59 54972 0
21 46 54994 0
72 79 54997 1
54 37 55018 0
80 43 55026 1
68 40 55034 1
33 36 55079 1
55 59 55108 0
71 73 55113 1
20 51 55125 0
69 57 55143 1
61 33 55145 1
60 84 55174 0
73 112 55197 0
22 52 55314 0
60 77 55367 0
79 43 55496 1
55 58 55497 0
89 86 55497 1
22 46 55499 0
60 96 55501 0
92 57 55506 0
101 44 55533 1
61 92 55544 0
69 63 55567 1
58 105 55604 0
38 52 55605 0
69 60 55632 1
70 68 55659 1
73 93 55712 1
60 97 55718 0
33 51 55837 0
72 112 55843 0
24 50 55871 0
54 61 55884 0
61 71 55902 0
81 57 55919 0
31 51 55932 0
79 42 55945 1
73 89 56009 1
47 53 56069 0
84 57 56097 0
50 38 56114 1
71 41 56144 1
59 109 56171 0
70 70 56179 1
58 65 56187 0
71 67 56216 1
65 113 56229 0
36 52 56304 0
95 43 56369 1
61 75 56370 0
61 80 56376 0
70 40 56511 1
50 55 56535 0
36 36 56549 1
69 59 56552 1
21 44 56571 0
52 56 56574 0
60 90 56579 0
35 36 56615 1
93 57 56622 0
49 54 56631 0
73 94 56687 1
41 52 56687 0
40 52 56716 0
35 51 56730 0
95 56 56795 0
90 57 56812 0
61 87 56850 0
63 112 56889 0
66 112 56971 0
35 50 57019 0
74 82 57038 1
48 53 57056 0
92 43 57056 1
23 48 57135 0
32 36 57153 1
100 44 57164 1
73 92 57176 1
72 76 57195 1
93 88 57196 1
61 110 57203 0
81 56 57206 0
67 39 57286 1
72 92 57364 1
52 57 57466 0
76 55 57618 0
43 36 57619 1
61 113 57624 0
101 46 57646 1
58 59 57677 0
22 48 57687 0
34 36 57723 1
58 34 57768 1
22 49 57770 0
94 88 57804 1
93 87 57865 1
82 57 57913 0
77 55 58003 0
62 33 58107 1
51 38 58118 1
44 36 58149 1
60 96 58164 0
61 91 58199 0
105 108 58203 1
73 40 58216 1
94 93 58219 1
91 42 58222 1
31 50 58375 0
31 53 58396 0
88 43 58400 1
24 49 58407 0
62 113 58434 0
65 115 58455 0
45 36 58456 1
91 57 58461 0
87 57 58477 0
47 53 58489 0
60 75 58595 0
102 46 58604 1
46 54 58650 0
97 43 58653 1
103 47 58657 1
70 95 58674 1
59 97 58678 0
50 57 58720 0
60 76 58723 0
69 113 58771 0
37 36 58819 1
70 60 58874 1
78 42 58893 1
58 108 58979 0
65 35 59022 1
61 80 59042 0
57 57 59102 0
67 113 59138 0
66 37 59185 1
59 79 59185 0
71 112 59198 0
52 55 59230 0
58 61 59297 0
57 67 59325 0
48 55 59333 0
61 75 59343 0
95 91 59443 1
84 42 59516 1
94 57 59518 0
23 47 59522 0
58 74 59529 0
47 56 59570 0
91 43 59624 1
73 56 59663 0
97 57 59735 0
49 54 59760 0
37 35 59762 1
56 58 59900 0
45 67 59921 0
46 36 59974 1
52 58 59984 0
76 56 60045 0
60 108 60078 0
63 112 60082 0
29 53 60093 0
60 97 60182 0
95 89 60207 1
73 56 60221 0
73 88 60221 1
36 52 60253 0
93 56 60263 0
35 51 60265 0
61 71 60336 0
94 89 60413 1
94 87 60473 1
61 110 60489 0
41 52 60518 0
57 69 60525 0
64 115 60567 0
60 96 60593 0
60 86 60611 0
58 63 60664 0
84 57 60667 0
96 91 60667 1
73 85 60745 1
78 56 60747 0
60 32 60775 1
80 42 60783 1
22 46 60990 0
52 39 60994 1
33 55 61043 0
47 53 61136 0
59 93 61182 0
38 36 61194 1
59 66 61275 0
68 38 61280 1
73 90 61298 1
104 40 61298 1
29 36 61358 1
21 41 61367 0
60 102 61431 0
30 36 61527 1
22 49 61603 0
100 43 61713 1
61 91 61742 0
55 60 61830 0
24 49 61842 0
20 47 62033 0
89 99 62088 0
20 46 62127 0
59 115 62151 0
68 39 62214 1
28 51 62245 0
59 108 62250 0
44 57 62260 0
78 54 62408 0
73 91 62413 1
64 114 62475 0
71 114 62496 0
22 48 62499 0
60 89 62540 0
61 76 62605 0
90 98 62656 0
71 75 62671 1
60 83 62686 0
55 56 62690 0
59 105 62753 0
47 37 62815 1
43 37 62901 1
70 64 62991 1
101 45 62996 1
47 54 63119 0
60 96 63141 0
40 52 63153 0
49 36 63157 1
61 80 63191 0
76 41 63215 1
89 43 63215 1
90 57 63244 0
71 77 63377 1
70 61 63385 1
91 57 63507 0
58 61 63577 0
90 85 63607 1
61 87 63624 0
37 51 63661 0
59 65 63680 0
90 99 63693 0
82 57 63751 0
73 42 63791 1
73 80 63792 1
91 86 63796 1
102 49 63912 1
55 57 63919 0
92 85 63919 1
60 110 63956 0
79 56 63962 0
70 114 63979 0
92 87 64036 1
58 80 64087 0
71 74 64108 1
82 42 64150 1
58 59 64244 0
93 56 64303 0
79 60 64304 0
30 52 64312 0
73 78 64318 1
85 87 64353 1
81 42 64376 1
48 55 64416 0
81 55 64417 0
27 53 64421 0
57 75 64431 0
95 90 64431 1
59 100 64443 0
23 47 64464 0
99 43 64540 1
70 69 64581 1
93 86 64607 1
95 94 64740 1
78 108 64744 0
74 86 64764 1
87 43 64861 1
85 43 64864 1
59 110 64945 0
61 108 64968 0
74 83 64981 1
61 84 65029 0
50 55 65073 0
91 56 65094 0
51 39 65096 1
60 90 65101 0
65 36 65102 1
89 57 65111 0
32 53 65127 0
73 79 65161 1
61 111 65222 0
77 55 65287 0
96 43 65288 1
60 96 65317 0
60 103 65318 0
63 112 65338 0
60 102 65346 0
61 85 65355 0
60 77 65377 0
72 40 65419 1
49 37 65423 1
22 49 65440 0
61 32 65463 1
93 43 65474 1
52 57 65486 0
61 75 65513 0
65 34 65563 1
76 55 65593 0
47 53 65618 0
41 36 65681 1
61 110 65687 0
72 112 65729 0
61 107 65755 0
95 92 65762 1
76 42 65895 1
26 51 65899 0
72 78 65903 1
69 39 65903 1
61 82 65925 0
73 87 65991 1
34 54 66006 0
61 96 66042 0
31 36 66083 1
83 42 66138 1
24 49 66154 0
55 56 66183 0
71 71 66185 1
35 51 66225 0
39 36 66243 1
74 41 66275 1
84 57 66277 0
28 51 66331 0
72 41 66338 1
82 56 66369 0
59 63 66373 0
49 54 66439 0
69 40 66444 1
62 52 66467 0
62 113 66467 0
78 56 66519 0
73 41 66526 1
95 88 66545 1
33 35 66569 1
72 77 66636 1
42 36 66657 1
69 61 66668 1
75 110 66670 0
48 36 66733 1
64 34 66754 1
75 41 66791 1
93 87 66874 1
59 59 66880 0
79 55 66910 0
77 42 66911 1
70 67 66919 1
54 56 66926 0
61 78 66945 0
25 50 66961 0
90 86 66974 1
79 54 66976 0
61 91 67020 0
103 49 67051 1
60 107 67075 0
79 42 67082 1
72 75 67101 1
41 52 67126 0
78 91 67128 1
71 72 67171 1
77 41 67174 1
73 82 67191 1
27 50 67208 0
37 51 67265 0
58 103 67337 0
61 92 67422 0
100 45 67435 1
81 90 67465 1
28 36 67495 1
22 48 67500 0
48 53 67544 0
70 71 67575 1
97 43 67585 1
63 32 67587 1
50 52 67596 0
50 37 67596 1
66 112 67613 0
61 71 67620 0
95 43 67643 1
34 35 67665 1
35 35 67695 1
70 63 67696 1
46 37 67777 1
27 35 67789 1
94 88 67794 1
71 73 67829 1
84 58 67933 0
81 56 67958 0
57 57 67982 0
33 51 68043 0
67 37 68066 1
56 58 68077 0
36 52 68095 0
102 45 68123 1
85 42 68157 1
98 43 68157 1
61 80 68159 0
73 55 68177 0
69 38 68194 1
92 43 68218 1
75 59 68281 0
33 36 68286 1
78 42 68286 1
29 37 68372 1
40 36 68372 1
100 44 68376 1
67 38 68405 1
63 33 68408 1
52 38 68408 1
60 96 68416 0
74 55 68424 0
24 50 68433 0
60 97 68435 0
61 33 68463 1
43 36 68473 1
70 40 68511 1
86 43 68511 1
38 52 68613 0
19 47 68637 0
78 54 68656 0
71 70 68656 1
95 93 68662 1
65 35 68696 1
66 113 68720 0
61 76 68724 0
58 64 68724 0
88 87 68753 1
73 77 68810 1
50 38 68810 1
22 49 68835 0
61 82 68848 0
21 42 68925 0
71 40 68976 1
36 36 69024 1
29 35 69071 1
28 35 69085 1
82 56 69163 0
32 35 69177 1
60 102 69185 0
27 51 69202 0
23 50 69215 0
74 88 69273 1
52 55 69306 0
35 36 69307 1
68 38 69331 1
71 69 69432 1
79 55 69451 0
25 53 69479 0
22 43 69544 0
61 78 69575 0
88 42 69579 1
58 61 69627 0
91 57 69644 0
86 58 69665 0
27 36 69680 1
51 38 69721 1
88 86 69734 1
102 52 69746 1
61 87 69770 0
60 100 69824 0
34 36 69838 1
70 59 69867 1
87 42 69931 1
23 49 70012 0
74 93 70017 1
21 46 70025 0
73 83 70025 1
82 57 70042 0
103 48 70042 1
21 47 70106 0
89 57 70141 0
92 86 70143 1
28 51 70147 0
69 60 70249 1
102 46 70256 1
81 42 70267 1
83 88 70280 1
59 33 70297 1
82 42 70336 1
48 55 70340 0
66 36 70371 1
35 52 70454 0
47 53 70488 0
73 86 70519 1
80 42 70520 1
40 52 70561 0
26 51 70571 0
69 59 70629 1
60 96 70709 0
23 48 70760 0
39 53 70774 0
57 58 70778 0
55 56 70798 0
24 54 70819 0
22 46 70823 0
70 66 70849 1
59 74 70882 0
73 84 70952 1
52 56 70994 0
61 88 71002 0
101 44 71067 1
93 56 71074 0
54 56 71086 0
60 107 71092 0
64 33 71132 1
60 94 71151 0
70 68 71152 1
23 47 71169 0
37 51 71190 0
92 42 71199 1
45 36 71302 1
42 37 71340 1
27 37 71413 1
69 113 71444 0
44 36 71498 1
24 49 71536 0
75 56 71545 0
59 71 71582 0
61 110 71604 0
72 76 71623 1
61 70 71634 0
59 67 71637 0
86 42 71670 1
49 55 71685 0
73 92 71743 1
59 32 71908 1
31 51 71920 0
91 86 71923 1
61 82 71951 0
66 35 71995 1
64 111 72021 0
49 37 72060 1
63 112 72073 0
99 43 72096 1
71 67 72128 1
19 48 72162 0
95 89 72200 1
58 66 72341 0
65 37 72389 1
60 33 72398 1
61 78 72491 0
55 57 72715 0
103 45 72870 1
79 55 72900 0
102 44 72993 1
31 35 73069 1
22 49 73095 0
101 45 73102 1
35 51 73161 0
66 34 73198 1
62 32 73204 1
95 56 73227 0
60 85 73246 0
26 36 73271 1
66 113 73276 0
61 75 73288 0
60 32 73310 1
73 78 73337 1
73 89 73338 1
38 36 73364 1
82 56 73375 0
75 55 73397 0
61 32 73410 1
74 111 73458 0
89 42 73465 1
58 33 73519 1
74 82 73530 1
39 36 73568 1
73 79 73663 1
58 59 73665 0
86 87 73674 1
60 95 73711 0
94 89 73713 1
54 59 73930 0
73 55 73997 0
23 50 74188 0
99 54 74291 0
84 42 74307 1
25 36 74314 1
73 93 74327 1
94 95 74345 1
41 36 74359 1
22 48 74364 0
81 55 74374 0
66 37 74374 1
60 96 74419 0
78 41 74481 1
74 91 74526 1
48 54 74697 0
61 88 74716 0
60 72 74719 0
71 41 74869 1
23 49 74870 0
103 51 75031 1
95 90 75051 1
31 50 75103 0
106 17 75124 1
74 89 75175 1
94 87 75224 1
74 84 75319 1
93 86 75366 1
26 51 75459 0
75 94 75500 1
91 85 75516 1
61 77 75542 0
87 43 75587 1
74 78 75665 1
71 74 75755 1
25 51 75778 0
20 44 75780 0
65 112 75780 0
42 36 75958 1
28 51 76039 0
64 34 76172 1
89 57 76202 0
54 56 76261 0
35 52 76282 0
60 107 76291 0
67 115 76339 0
54 36 76363 0
54 57 76380 0
88 57 76471 0
24 51 76482 0
60 102 76545 0
87 58 76554 0
84 57 76583 0
60 96 76605 0
67 114 76616 0
21 44 76641 0
95 91 76656 1
74 81 76713 1
59 94 76785 0
70 60 76785 1
96 43 76790 1
77 93 76884 1
72 74 77294 1
78 56 77323 0
71 62 77340 1
38 35 77352 1
114 41 77357 1
34 51 77485 0
81 58 77560 0
61 78 77653 0
22 49 77744 0
52 58 77757 0
61 73 77793 0
15 91 78024 1
36 35 78077 1
60 94 78200 0
75 41 78229 1
59 65 78275 0
48 54 78378 0
74 92 78454 1
64 115 78500 0
25 37 78511 1
33 52 78579 0
48 53 78637 0
61 70 78745 0
69 40 78769 1
72 75 78823 1
100 43 78826 1
61 96 78863 0
79 92 78882 1
99 55 78886 0
69 57 78952 1
79 91 78953 1
91 84 78978 1
89 85 78996 1
73 90 79067 1
53 56 79324 0
61 107 79360 0
61 77 79471 0
70 61 79534 1
61 88 79579 0
85 43 79668 1
70 58 79674 1
90 57 79712 0
73 80 79772 1
61 82 79806 0
23 50 79816 0
75 55 79821 0
61 108 79914 0
42 52 79935 0
50 55 79939 0
29 36 79958 1
96 90 80016 1
48 36 80025 1
71 63 80026 1
43 36 80071 1
49 54 80240 0
60 95 80265 0
30 51 80306 0
74 41 80339 1
61 84 80345 0
74 111 80410 0
49 36 80517 1
61 91 80525 0
65 113 80537 0
65 112 80667 0
61 73 80719 0
59 104 80829 0
29 51 80845 0
61 71 80879 0
65 34 80939 1
30 36 81101 1
68 114 81123 0
61 85 81131 0
23 49 81182 0
60 96 81260 0
59 59 81335 0
58 62 81415 0
94 94 81427 1
62 88 81437 0
56 57 81444 0
87 99 81572 0
34 51 81608 0
73 88 81635 1
37 51 81655 0
61 86 81678 0
46 36 81684 1
87 86 81770 1
26 51 81775 0
35 50 81779 0
68 38 82020 1
76 41 82041 1
48 54 82147 0
27 50 82370 0
83 42 82413 1
48 55 82489 0
60 70 82529 0
71 73 82564 1
61 83 82608 0
74 40 82631 1
73 91 82644 1
93 42 82658 1
69 39 82847 1
61 69 82857 0
123 119 82918 1
72 80 82985 1
60 69 83183 0
93 87 83269 1
52 39 83359 1
82 89 83366 1
68 36 83390 1
74 80 83445 1
70 62 83497 1
61 77 83572 0
91 42 83604 1
71 72 83615 1
104 40 83694 1
101 46 83857 1
42 52 83870 0
61 73 83887 0
79 42 83943 1
60 96 84113 0
91 98 84120 0
73 76 84143 1
22 49 84176 0
33 35 84234 1
73 55 84270 0
35 52 84548 0
72 73 84603 1
36 51 84669 0
58 63 84689 0
65 114 84755 0
30 51 84840 0
22 40 84873 0
50 37 84934 1
59 71 84979 0
60 88 84982 0
59 70 85009 0
61 109 85171 0
109 45 85265 1
67 36 85394 1
77 41 85395 1
29 50 85396 0
109 45 85487 0
62 110 85575 0
41 52 85617 0
71 61 85750 1
60 98 85798 0
33 52 85965 0
67 37 86001 1
73 87 86049 1
21 45 86171 0
57 33 86209 1
40 35 86237 1
74 87 86266 1
61 86 86278 0
90 56 86496 0
34 51 86603 0
41 35 86686 1
29 51 86760 0
43 51 86800 0
54 56 86850 0
100 44 86863 1
68 37 87057 1
23 50 87142 0
70 40 87288 1
82 56 87306 0
22 47 87444 0
56 56 87523 0
55 56 87613 0
85 57 87685 0
97 43 87789 1
34 35 87910 1
66 113 87993 0
61 83 88092 0
37 52 88096 0
22 50 88099 0
72 40 88115 1
60 107 88200 0
73 41 88215 1
57 105 88225 0
82 57 88340 0
60 70 88388 0
80 90 88557 1
48 54 88625 0
69 112 88830 0
103 50 88868 1
80 55 88906 0
20 44 89024 0
71 40 89135 1
56 57 89147 0
89 99 89163 0
42 52 89339 0
71 71 89390 1
60 69 89436 0
63 33 89601 1
103 47 89695 1
70 69 89780 1
94 88 89832 1
92 85 89845 1
79 54 90114 0
57 63 90178 0
30 51 90216 0
91 57 90262 0
36 51 90265 0
82 42 90454 1
79 41 90530 1
91 56 90545 0
73 40 90555 1
103 49 90621 1
60 95 90666 0
62 110 90750 0
21 48 90769 0
90 42 90770 1
97 56 90773 0
67 43 90797 1
67 113 90797 0
78 54 90818 0
20 45 90822 0
73 85 90826 1
90 56 90854 0
61 80 90855 0
85 42 90868 1
90 98 90869 0
64 112 90900 0
99 43 90926 1
61 109 90950 0
66 112 90996 0
103 46 91006 1
78 42 91038 1
65 35 91066 1
75 110 91129 0
61 101 91140 0
81 42 91238 1
13 28 91263 0
102 46 91263 1
71 111 91268 0
90 85 91271 1
95 87 91279 1
102 45 91296 1
61 73 91298 0
79 55 91324 0
87 42 91353 1
81 56 91414 0
89 57 91416 0
60 96 91506 0
76 111 91521 0
52 57 91531 0
101 44 91549 1
40 36 91603 1
95 88 91621 1
71 112 91735 0
70 57 91759 1
73 77 91759 1
51 38 91762 1
61 92 91786 0
70 39 91821 1
73 82 91825 1
51 37 91884 1
89 42 91906 1
74 83 91911 1
93 86 91916 1
70 63 91932 1
59 63 91945 0
95 89 91960 1
60 105 91972 0
73 79 91986 1
77 55 92057 0
94 86 92077 1
61 77 92113 0
71 68 92119 1
83 89 92123 1
26 52 92131 0
97 43 92154 1
61 86 92159 0
95 42 92194 1
74 93 92223 1
96 89 92234 1
83 58 92265 0
100 55 92280 0
81 55 92281 0
81 41 92285 1
61 88 92293 0
62 112 92305 0
95 90 92382 1
52 55 92391 0
63 32 92402 1
61 69 92430 0
56 56 92437 0
75 55 92453 0
88 42 92465 1
99 56 92556 0
74 86 92632 1
61 78 92685 0
93 87 92689 1
75 93 92704 1
71 70 92733 1
71 66 92752 1
64 111 92792 0
61 87 92834 0
95 56 92840 0
43 51 92848 0
21 45 92855 0
61 108 92863 0
93 56 92882 0
20 48 92896 0
59 59 92941 0
69 112 92946 0
60 94 92962 0
80 55 92966 0
20 49 92971 0
50 36 92988 1
76 40 92993 1
64 33 92993 1
98 43 92994 1
61 96 93005 0
61 76 93013 0
61 70 93018 0
88 86 93033 1
36 36 93038 1
29 50 93048 0
57 57 93059 0
29 51 93077 0
72 75 93089 1
81 58 93091 0
61 79 93129 0
44 36 93157 1
103 48 93158 1
71 65 93161 1
25 50 93165 0
22 47 93169 0
59 66 93185 0
49 37 93196 1
96 92 93197 1
94 87 93215 1
100 43 93219 1
95 92 93247 1
39 35 93251 1
61 32 93277 1
63 112 93292 0
24 49 93297 0
55 65 93340 0
74 111 93351 0
32 35 93373 1
61 71 93387 0
94 88 93424 1
65 112 93437 0
73 78 93469 1
61 107 93470 0
61 84 93477 0
71 73 93513 1
96 91 93516 1
100 54 93522 0
91 42 93545 1
66 35 93631 1
91 86 93636 1
71 71 93653 1
60 98 93659 0
103 45 93663 1
35 35 93663 1
71 67 93694 1
37 35 93699 1
95 94 93701 1
45 36 93708 1
90 86 93726 1
60 31 93744 1
74 82 93752 1
72 39 93780 1
64 32 93866 1
71 64 93876 1
46 37 93876 1
73 39 93877 1
71 72 93902 1
52 38 93909 1
93 85 93917 1
47 53 93941 0
76 93 93953 1
73 92 93967 1
68 38 93976 1
55 36 94007 0
90 56 94016 0
44 52 94021 0
27 51 94044 0
99 43 94054 1
66 112 94076 0
62 88 94088 0
78 54 94111 0
77 41 94112 1
71 40 94117 1
58 73 94139 0
33 51 94140 0
99 42 94156 1
98 42 94161 1
84 56 94166 0
79 54 94173 0
59 32 94200 1
62 110 94215 0
78 41 94220 1
44 35 94232 1
69 39 94278 1
34 36 94321 1
92 42 94347 1
23 47 94349 0
64 112 94374 0
23 48 94404 0
23 49 94415 0
64 34 94424 1
65 35 94426 1
61 101 94435 0
22 49 94445 0
48 53 94484 0
24 50 94486 0
73 86 94491 1
88 85 94560 1
65 33 94579 1
71 69 94642 1
60 70 94665 0
22 43 94667 0
100 44 94670 1
62 32 94680 1
94 42 94695 1
70 40 94707 1
96 42 94708 1
70 67 94710 1
48 36 94765 1
84 87 94812 1
83 88 94822 1
93 57 94848 0
60 32 94855 1
22 46 94861 0
69 60 94895 1
59 86 94921 0
79 41 94929 1
34 51 94944 0
85 42 94945 1
69 59 94974 1
92 84 94984 1
115 77 95030 0
73 77 95041 1
74 80 95045 1
61 109 95059 0
36 51 95082 0
49 36 95085 1
35 51 95142 0
40 52 95143 0
84 42 95163 1
50 38 95163 1
104 50 95186 1
26 51 95204 0
63 113 95213 0
61 83 95215 0
42 35 95245 1
102 44 95262 1
93 42 95265 1
29 35 95293 1
28 51 95334 0
18 47 95364 0
104 49 95369 1
101 45 95401 1
84 41 95402 1
102 43 95405 1
86 100 95413 0
54 37 95431 0
73 79 95456 1
39 36 95467 1
52 55 95478 0
73 87 95490 1
35 36 95490 1
86 42 95504 1
89 42 95549 1
74 84 95574 1
93 86 95580 1
31 50 95620 0
61 91 95629 0
85 87 95631 1
36 35 95734 1
87 42 95739 1
52 37 95751 1
41 36 95842 1
85 55 95849 0
46 35 95851 1
82 56 95877 0
30 51 95877 0
60 69 95880 0
26 35 95894 1
96 90 96043 1
69 38 96049 1
60 96 96135 0
63 32 96139 1
71 62 96155 1
70 66 96162 1
60 87 96176 0
35 50 96180 0
65 34 96272 1
62 113 96292 0
39 35 96304 1
64 111 96434 0
87 86 96453 1
86 86 96472 1
31 35 96495 1
95 93 96510 1
58 61 96520 0
27 35 96546 1
74 91 96562 1
95 89 96579 1
62 82 96689 0
73 90 96705 1
70 60 96713 1
74 78 96715 1
34 35 96738 1
72 74 96752 1
43 36 96753 1
72 72 96765 1
60 78 96787 0
70 59 96794 1
101 44 96808 1
72 40 96869 1
35 35 96870 1
82 42 96902 1
31 34 96945 1
91 97 96958 0
97 42 96962 1
47 35 96965 1
71 70 96966 1
81 89 96982 1
80 55 97005 0
27 50 97028 0
74 89 97032 1
73 80 97056 1
64 33 97058 1
33 35 97088 1
44 36 97096 1
43 51 97143 0
41 51 97164 0
67 35 97202 1
79 55 97221 0
71 68 97240 1
45 35 97248 1
81 41 97263 1
62 109 97264 0
22 48 97266 0
39 52 97321 0
65 114 97341 0
59 63 97353 0
88 42 97371 1
28 35 97392 1
66 34 97468 1
73 93 97496 1
42 51 97503 0
23 53 97554 0
61 73 97562 0
59 59 97564 0
70 58 97571 1
34 52 97596 0
67 37 97617 1
38 35 97651 1
40 35 97652 1
31 51 97665 0
74 90 97667 1
49 54 97720 0
73 40 97734 1
84 56 97798 0
61 79 97804 0
37 51 97805 0
61 70 97833 0
68 37 97833 1
70 39 97843 1
23 50 97864 0
61 82 97865 0
73 89 97883 1
81 55 97885 0
95 42 97894 1
71 67 97898 1
71 71 97900 1
29 50 97913 0
42 52 97991 0
28 50 98021 0
42 36 98040 1
72 73 98053 1
69 112 98064 0
80 58 98093 0
61 111 98118 0
95 87 98122 1
70 63 98143 1
53 55 98194 0
56 57 98205 0
61 32 98235 1
92 85 98288 1
89 56 98306 0
99 54 98307 0
92 57 98308 0
61 71 98310 0
62 112 98317 0
91 56 98355 0
59 91 98371 0
36 52 98388 0
28 52 98402 0
73 76 98451 1
90 58 98469 0
50 36 98489 1
64 112 98491 0
74 88 98513 1
95 90 98532 1
92 43 98552 1
38 36 98582 1
74 93 98597 1
51 55 98625 0
81 42 98632 1
60 105 98671 0
72 75 98675 1
55 35 98684 0
103 44 98696 1
45 36 98778 1
68 38 98849 1
71 72 98879 1
59 33 98909 1
74 40 98910 1
60 88 98921 0
61 72 98938 0
61 69 98976 0
59 102 98996 0
45 53 99004 0
22 47 99006 0
44 52 99047 0
66 35 99071 1
91 42 99117 1
41 35 99126 1
31 55 99188 0
67 36 99190 1
24 49 99243 0
61 110 99285 0
61 101 99299 0
23 47 99302 0
56 56 99304 0
52 38 99310 1
103 49 99344 1
61 85 99374 0
71 40 99391 1
93 97 99431 0
79 42 99461 1
29 36 99479 1
62 110 99579 0
33 52 99583 0
37 35 99670 1
95 88 99701 1
62 82 99706 0
83 55 99754 0
74 81 99770 1
90 56 99803 0
74 92 99819 1
61 90 99847 0
82 41 99914 1
32 35 99933 1
41 51 100005 0
62 109 100033 0
63 33 100152 1
69 39 100158 1
61 86 100211 0
61 107 100213 0
77 41 100285 1
61 75 100318 0
71 73 100331 1
43 52 100336 0
93 87 100372 1
76 55 100398 0
57 59 100413 0
21 40 100477 0
21 45 100517 0
48 36 100599 1
73 75 100609 1
81 90 100724 1
30 35 100728 1
61 92 100736 0
73 91 100768 1
102 46 100798 1
29 51 100820 0
71 63 100909 1
103 47 100917 1
30 35 100918 1
32 51 101053 0
42 51 101092 0
72 112 101121 0
30 35 101122 1
27 36 101137 1
101 43 101196 1
58 60 101226 0
91 58 101242 0
30 35 101278 1
73 78 101287 1
89 58 101293 0
97 43 101384 1
30 35 101410 1
73 54 101457 0
59 84 101465 0
61 96 101478 0
77 92 101507 1
84 56 101517 0
30 35 101555 1
61 104 101578 0
89 85 101668 1
51 53 101669 0
60 96 101697 0
30 35 101711 1
70 112 101762 0
78 92 101765 1
59 82 101773 0
27 54 101803 0
30 35 101867 1
51 38 101872 1
22 49 101930 0
49 36 101967 1
53 38 101974 1
69 40 102023 1
75 41 102042 1
87 57 102058 0
30 35 102064 1
55 57 102098 0
36 35 102178 1
30 51 102203 0
71 111 102214 0
73 83 102221 1
30 35 102257 1
53 55 102302 0
28 50 102369 0
51 37 102370 1
74 79 102448 1
100 43 102476 1
30 35 102478 1
36 51 102544 0
43 55 102568 0
71 61 102594 1
30 35 102699 1
58 94 102741 0
61 72 102746 0
71 66 102746 1
74 87 102779 1
30 35 102916 1
89 56 102960 0
36 36 102984 1
102 45 103078 1
60 32 103091 1
30 35 103101 1
89 39 103107 1
75 92 103233 1
32 52 103245 0
33 34 103262 1
30 35 103335 1
43 35 103361 1
74 77 103394 1
51 55 103477 0
30 34 103494 1
65 35 103546 1
75 94 103564 1
64 32 103589 1
59 60 103600 0
30 35 103620 1
61 108 103737 0
83 55 103758 0
71 69 103782 1
60 99 103872 0
30 35 103889 1
78 41 103952 1
61 31 103970 1
104 47 104052 1
76 94 104098 1
61 98 104123 0
44 52 104150 0
61 79 104197 0
30 35 104220 1
89 42 104309 1
61 103 104390 0
41 51 104529 0
30 35 104650 1
54 56 104739 0
78 54 104754 0
62 88 104867 0
99 43 104961 1
61 104 104987 0
30 35 105015 1
73 77 105055 1
79 40 105093 1
61 90 105101 0
71 59 105109 1
62 82 105264 0
87 42 105267 1
72 55 105321 0
68 36 105342 1
66 112 105401 0
43 52 105411 0
59 65 105416 0
60 96 105417 0
94 85 105441 1
30 35 105543 1
75 81 105552 1
80 41 105622 1
58 68 105636 0
62 109 105695 0
22 43 105861 0
42 35 105866 1
75 110 105943 0
74 86 105957 1
23 48 106017 0
42 51 106020 0
80 55 106065 0
79 54 106115 0
95 86 106187 1
85 42 106189 1
34 52 106288 0
34 35 106294 1
30 35 106303 1
61 68 106307 0
92 42 106312 1
103 48 106314 1
41 58 106403 0
84 56 106416 0
64 112 106467 0
62 70 106483 0
65 112 106544 0
48 53 106591 0
32 51 106665 0
71 39 106666 1
59 73 106678 0
70 40 106685 1
35 35 106793 1
93 55 106822 0
60 70 106934 0
59 60 106988 0
70 112 107037 0
53 56 107041 0
27 52 107122 0
61 72 107175 0
61 98 107179 0
29 35 107181 1
62 112 107204 0
32 53 107212 0
71 54 107296 0
88 86 107361 1
90 85 107365 1
45 53 107377 0
94 86 107380 1
84 59 107425 0
78 108 107432 0
73 54 107458 0
30 35 107501 1
71 65 107506 1
61 89 107563 0
93 42 107646 1
61 103 107656 0
91 85 107761 1
74 82 107765 1
43 51 107829 0
46 60 107877 0
60 96 107895 0
60 101 107915 0
61 109 107933 0
34 51 107952 0
58 60 107971 0
89 56 108002 0
91 97 108103 0
53 55 108147 0
22 41 108212 0
58 79 108226 0
93 96 108234 0
33 35 108270 1
93 86 108271 1
30 36 108365 1
77 110 108373 0
60 78 108659 0
31 50 108674 0
95 91 108682 1
25 50 108757 0
79 41 108757 1
61 104 108807 0
104 45 108860 1
20 44 108877 0
59 87 108890 0
83 41 108958 1
59 62 109038 0
39 35 109090 1
93 56 109091 0
104 46 109262 1
45 51 109337 0
70 57 109372 1
37 34 109412 1
96 88 109432 1
73 79 109468 1
69 57 109468 1
60 109 109546 0
30 35 109596 1
61 68 109616 0
28 50 109756 0
98 56 109810 0
22 39 109917 0
64 33 109978 1
51 55 109983 0
61 77 110063 0
97 35 110091 1
64 111 110112 0
73 92 110119 1
48 54 110143 0
61 81 110152 0
50 55 110194 0
40 51 110211 0
71 64 110292 1
25 52 110430 0
44 35 110436 1
103 45 110536 1
62 96 110558 0
94 56 110619 0
31 35 110651 1
96 42 110700 1
104 48 110734 1
42 106 110753 0
22 47 110894 0
43 52 110931 0
63 32 110934 1
65 33 110967 1
59 60 111045 0
61 98 111071 0
59 32 111087 1
38 35 111089 1
73 59 111161 0
73 82 111161 1
39 36 111162 1
75 40 111269 1
65 34 111401 1
120 61 111717 1
83 55 111740 0
96 93 111845 1
61 88 112017 0
96 89 112056 1
94 88 112069 1
44 53 112111 0
45 51 112134 0
103 51 112321 1
33 49 112407 0
88 42 112408 1
27 50 112436 0
76 40 112447 1
29 50 112467 0
103 50 112516 1
80 56 112622 0
44 52 112696 0
37 35 112705 1
89 84 112730 1
47 52 112795 0
93 85 112820 1
95 42 112929 1
30 35 113154 1
40 35 113230 1
61 89 113235 0
61 103 113244 0
60 98 113246 0
62 31 113346 1
52 56 113390 0
58 70 113509 0
59 34 113590 1
72 73 113665 1
68 38 113716 1
102 44 113744 1
75 84 113757 1
40 51 113962 0
90 84 114063 1
68 37 114078 1
22 49 114161 0
60 96 114191 0
90 42 114192 1
36 33 114203 1
39 50 114221 0
61 90 114319 0
59 62 114472 0
49 37 114535 1
79 56 114544 0
74 80 114746 1
61 72 114829 0
72 40 114897 1
104 40 114920 1
71 72 115091 1
40 54 115246 0
61 97 115297 0
75 93 115383 1
74 78 115459 1
60 99 115472 0
75 86 115648 1
32 51 115730 0
81 56 115786 0
96 90 115834 1
52 37 115854 1
101 44 115992 1
59 64 116059 0
47 52 116061 0
58 60 116081 0
45 51 116210 0
58 27 116226 1
71 40 116235 1
93 55 116327 0
70 112 116345 0
63 111 116393 0
98 42 116473 1
97 42 116579 1
58 33 116609 1
94 56 116613 0
41 35 116749 1
62 32 116839 1
74 91 116842 1
28 49 116935 0
73 87 117003 1
86 57 117019 0
44 36 117050 1
95 89 117158 1
92 85 117174 1
71 71 117183 1
81 91 117244 1
50 36 117260 1
71 70 117279 1
32 35 117453 1
60 96 117480 0
85 55 117509 0
98 55 117537 0
61 81 117595 0
41 51 117872 0
74 111 117945 0
75 82 117951 1
69 112 117991 0
99 42 118080 1
61 68 118106 0
44 51 118148 0
42 51 118237 0
100 43 118238 1
73 76 118248 1
60 113 118271 0
59 59 118291 0
88 99 118302 0
40 51 118410 0
126 25 118458 1
73 40 118481 1
71 62 118508 1
91 55 118527 0
22 40 118564 0
33 33 118595 1
91 84 118772 1
73 110 118784 0
62 108 118829 0
69 38 118838 1
81 41 118873 1
67 111 118882 0
77 41 118888 1
72 55 118900 0
62 104 118903 0
74 84 118938 1
96 91 118943 1
90 56 118953 0
70 60 118969 1
71 60 118969 1
74 36 118975 1
95 92 118996 1
24 48 119026 0
95 56 119101 0
39 50 119154 0
97 55 119159 0
61 101 119239 0
22 41 119259 0
51 53 119376 0
22 46 119403 0
66 34 119477 1
89 56 119477 0
74 40 119550 1
59 30 119559 1
91 42 119573 1
69 39 119574 1
77 40 119649 1
52 55 119684 0
85 41 119711 1
61 98 119745 0
62 96 119756 0
61 70 119816 0
27 52 119827 0
71 67 119830 1
103 46 119915 1
89 42 119978 1
62 109 120013 0
78 40 120039 1
99 43 120039 1
51 36 120039 1
96 92 120042 1
61 69 120096 0
61 97 120156 0
43 52 120172 0
48 35 120183 1
62 88 120192 0
68 113 120193 0
47 52 120194 0
61 32 120194 1
62 82 120202 0
45 53 120225 0
72 71 120238 1
72 39 120240 1
71 68 120308 1
89 98 120311 0
74 93 120318 1
66 35 120329 1
67 36 120344 1
93 86 120364 1
48 36 120410 1
60 96 120441 0
72 72 120462 1
83 89 120505 1
35 50 120569 0
52 38 120574 1
46 35 120577 1
70 39 120604 1
59 60 120633 0
82 41 120658 1
59 101 120675 0
61 104 120681 0
81 55 120725 0
80 56 120726 0
62 70 120736 0
95 88 120779 1
82 88 120799 1
53 58 120834 0
83 88 120911 1
61 89 120963 0
45 36 121025 1
70 58 121067 1
24 49 121131 0
71 61 121163 1
60 109 121207 0
63 111 121209 0
64 32 121283 1
61 106 121300 0
45 35 121342 1
103 49 121349 1
61 102 121386 0
29 51 121445 0
21 51 121541 0
23 39 121543 0
69 37 121545 1
59 64 121547 0
98 56 121556 0
96 94 121583 1
30 58 121590 0
84 56 121711 0
99 55 121744 0
21 45 121799 0
51 56 121812 0
90 98 121813 0
95 87 121839 1
60 101 121890 0
62 110 121892 0
45 51 121907 0
28 49 121917 0
67 35 121997 1
28 35 122038 1
78 54 122059 0
17 20 122122 0
78 41 122204 1
23 47 122213 0
59 67 122213 0
59 72 122227 0
59 62 122227 0
49 36 122240 1
23 49 122264 0
22 52 122290 0
44 51 122317 0
71 111 122326 0
92 84 122367 1
34 52 122389 0
87 86 122428 1
102 43 122479 1
94 56 122483 0
38 34 122568 1
74 88 122581 1
59 63 122586 0
87 42 122590 1
68 36 122595 1
36 35 122626 1
101 43 122655 1
72 69 122741 1
79 41 122742 1
84 41 122758 1
87 41 122762 1
79 54 122781 0
60 96 122785 0
60 31 122939 1
62 108 122961 0
61 87 122997 0
21 41 123007 0
23 46 123030 0
104 49 123066 1
67 113 123068 0
61 103 123120 0
61 112 123125 0
73 77 123164 1
91 55 123246 0
35 51 123250 0
24 50 123339 0
75 85 123347 1
79 107 123368 0
99 54 123388 0
87 85 123488 1
61 107 123507 0
40 51 123548 0
57 110 123551 0
21 54 123552 0
33 54 123555 0
58 31 123689 1
24 48 123735 0
71 71 123846 1
82 89 123846 1
74 56 123870 0
39 50 123955 0
61 71 124065 0
41 34 124110 1
39 35 124226 1
61 80 124232 0
21 42 124239 0
22 49 124384 0
35 35 124402 1
63 32 124416 1
93 42 124442 1
82 56 124494 0
74 76 124528 1
13 58 124549 0
53 55 124558 0
87 56 124588 0
28 51 124611 0
27 35 124664 1
61 106 124730 0
79 90 124739 1
42 35 124751 1
66 112 124754 0
73 74 124800 1
98 55 124896 0
83 41 124912 1
73 75 124929 1
71 69 124961 1
80 57 124991 0
30 35 125052 1
85 55 125182 0
61 102 125238 0
26 57 125285 0
97 55 125415 0
71 66 125432 1
38 52 125456 0
96 42 125567 1
58 100 125580 0
61 97 125644 0
34 35 125668 1
47 52 125694 0
44 35 125725 1
74 39 125750 1
29 34 125808 1
72 64 125850 1
72 73 125860 1
89 85 125904 1
48 60 126084 0
88 85 126116 1
103 47 126156 1
29 35 126188 1
71 63 126257 1
71 65 126289 1
95 90 126409 1
64 111 126443 0
74 89 126469 1
104 47 126567 1
80 90 126591 1
74 82 126637 1
28 50 126705 0
86 57 126759 0
73 73 126772 1
43 35 126844 1
93 85 126888 1
63 31 126926 1
0 102 127080 1
95 42 127105 1
103 45 127110 1
60 32 127120 1
74 77 127294 1
96 41 127441 1
47 35 127495 1
23 46 127670 0
100 42 127689 1
100 54 127795 0
98 42 127843 1
37 50 127913 0
40 35 127920 1
63 111 127943 0
96 89 128040 1
103 48 128070 1
73 39 128096 1
76 110 128139 0
25 35 128373 1
24 45 128382 0
62 85 128422 0
59 61 128458 0
104 40 128465 1
79 89 128465 1
71 57 128585 1
74 87 128653 1
71 70 128737 1
74 92 128918 1
44 53 128954 0
51 37 128986 1
44 51 128989 0
76 93 129057 1
34 50 129069 0
76 40 129079 1
60 96 129134 0
23 44 129182 0
85 42 129287 1
61 106 129350 0
69 38 129460 1
50 35 129463 1
38 35 129515 1
102 44 129613 1
61 102 129649 0
97 42 129860 1
47 62 129965 0
24 48 130071 0
103 44 130109 1
68 115 130116 0
93 55 130182 0
83 57 130242 0
86 86 130260 1
95 41 130307 1
70 38 130358 1
84 103 130462 0
31 50 130647 0
87 56 130654 0
57 32 130660 1
62 75 130680 0
41 35 130681 1
65 33 130729 1
83 55 130764 0
64 33 130789 1
27 34 130796 1
88 99 130800 0
59 64 130838 0
74 80 130867 1
73 54 130921 0
37 35 130975 1
81 54 130983 0
29 50 131019 0
95 89 131049 1
81 41 131085 1
50 36 131111 1
28 49 131204 0
60 80 131233 0
57 55 131251 0
99 42 131273 1
53 38 131367 1
43 56 131401 0
95 86 131442 1
51 54 131532 0
61 31 131647 1
62 96 131661 0
56 67 131722 0
52 37 131727 1
51 56 131751 0
61 68 131757 0
75 110 131770 0
36 51 131775 0
89 55 131789 0
62 85 131888 0
66 34 131890 1
92 42 131961 1
75 53 131983 0
91 42 131997 1
20 47 132012 0
91 56 132016 0
94 85 132021 1
51 53 132145 0
62 104 132196 0
65 32 132212 1
72 70 132218 1
66 33 132280 1
73 110 132282 0
81 40 132287 1
82 40 132306 1
90 41 132351 1
60 96 132367 0
74 78 132404 1
62 108 132508 0
72 72 132509 1
61 81 132525 0
37 50 132614 0
33 35 132615 1
67 34 132619 1
58 59 132626 0
85 86 132646 1
60 108 132652 0
101 44 132682 1
66 113 132764 0
74 86 132797 1
62 82 132808 0
83 54 132856 0
71 67 132856 1
96 90 132943 1
71 39 132973 1
62 88 133003 0
43 53 133060 0
62 109 133072 0
59 59 133090 0
73 77 133113 1
62 70 133115 0
94 56 133182 0
77 40 133207 1
70 57 133224 1
86 41 133226 1
68 36 133227 1
61 108 133241 0
95 87 133299 1
67 111 133301 0
91 41 133308 1
53 37 133318 1
96 88 133332 1
91 55 133389 0
64 32 133478 1
70 39 133513 1
104 46 133563 1
34 50 133583 0
95 93 133595 1
79 108 133606 0
74 91 133647 1
90 56 133656 0
40 50 133683 0
73 76 133687 1
24 45 133727 0
71 64 133731 1
68 35 133749 1
40 51 133778 0
89 42 133780 1
60 105 133787 0
90 85 133793 1
52 55 133795 0
71 58 133812 1
88 42 133844 1
89 98 133880 0
59 32 133913 1
61 95 133915 0
55 36 133924 0
84 87 134030 1
91 97 134099 0
43 51 134125 0
48 36 134160 1
68 113 134204 0
79 55 134206 0
45 51 134243 0
31 34 134273 1
23 48 134274 0
83 41 134302 1
81 54 134333 0
65 112 134345 0
61 83 134395 0
61 104 134435 0
80 107 134468 0
51 55 134478 0
62 75 134478 0
71 62 134489 1
26 54 134495 0
66 35 134501 1
75 93 134504 1
35 50 134509 0
45 56 134509 0
33 49 134570 0
104 45 134579 1
75 92 134581 1
57 55 134597 0
74 110 134598 0
22 43 134610 0
39 50 134613 0
23 44 134638 0
75 39 134719 1
23 46 134725 0
33 34 134727 1
74 93 134735 1
75 90 134735 1
61 102 134736 0
62 71 134864 0
97 56 134884 0
80 56 134907 0
71 60 134907 1
69 112 134914 0
71 61 134914 1
75 81 134949 1
71 36 135009 1
71 71 135027 1
41 85 135068 0
41 53 135068 0
79 41 135116 1
70 113 135145 0
71 59 135196 1
45 57 135204 0
37 51 135207 0
85 102 135227 0
61 98 135228 0
21 49 135236 0
97 54 135243 0
46 35 135245 1
85 41 135269 1
93 84 135300 1
59 31 135302 1
104 40 135354 1
64 31 135393 1
61 106 135414 0
80 40 135454 1
84 41 135461 1
89 55 135514 0
72 67 135541 1
75 53 135552 0
66 114 135563 0
102 43 135564 1
45 35 135574 1
61 96 135597 0
48 35 135625 1
59 61 135656 0
71 38 135662 1
92 41 135662 1
36 34 135676 1
69 37 135718 1
52 36 135741 1
78 40 135745 1
60 96 135756 0
55 55 135757 0
71 68 135769 1
47 33 135783 1
75 83 135808 1
62 86 135837 0
51 54 135899 0
75 79 135906 1
26 35 135907 1
97 42 135927 1
75 38 135968 1
72 71 135969 1
39 35 135972 1
73 75 135992 1
32 34 136022 1
23 47 136033 0
93 42 136060 1
98 80 136068 1
87 55 136074 0
36 35 136077 1
93 85 136093 1
31 35 136196 1
96 91 136278 1
37 34 136362 1
69 39 136400 1
82 41 136419 1
26 50 136436 0
98 55 136481 0
78 41 136534 1
92 85 136585 1
60 69 136615 0
19 54 136617 0
40 50 136661 0
95 85 136664 1
74 90 136687 1
27 50 136731 0
44 35 136753 1
49 35 136754 1
79 40 136758 1
37 50 136761 0
66 32 136774 1
98 42 136798 1
62 115 137016 0
22 44 137051 0
57 31 137063 1
93 86 137084 1
61 101 137100 0
72 39 137126 1
88 41 137149 1
68 34 137171 1
97 55 137221 0
72 73 137228 1
59 60 137241 0
57 60 137249 0
87 56 137256 0
30 34 137348 1
35 35 137400 1
61 73 137467 0
62 96 137470 0
38 34 137481 1
42 35 137492 1
93 96 137616 0
60 96 137673 0
24 48 137690 0
96 87 137881 1
73 86 137882 1
62 31 137889 1
80 55 137956 0
103 45 137980 1
64 111 138028 0
92 83 138042 1
39 49 138096 0
52 37 138109 1
62 71 138233 0
70 58 138248 1
73 53 138288 0
96 42 138315 1
74 88 138320 1
74 77 138405 1
52 38 138467 1
92 84 138473 1
61 103 138475 0
91 83 138505 1
104 48 138512 1
61 79 138525 0
36 50 138641 0
79 53 138660 0
81 88 138696 1
69 38 138721 1
34 50 138727 0
39 34 138731 1
94 41 138732 1
45 34 138737 1
81 39 138813 1
76 110 138873 0
95 42 138880 1
102 44 138938 1
63 77 138954 0
30 35 138968 1
30 51 138969 0
74 110 139033 0
59 78 139087 0
48 52 139118 0
55 63 139176 0
49 36 139201 1
72 61 139222 1
74 89 139226 1
22 41 139234 0
51 36 139266 1
91 84 139271 1
104 50 139283 1
35 34 139312 1
22 45 139329 0
62 86 139357 0
57 55 139361 0
41 51 139375 0
62 75 139425 0
61 32 139524 1
100 42 139531 1
51 35 139547 1
65 31 139569 1
99 42 139581 1
42 51 139620 0
74 75 139699 1
49 52 139707 0
66 34 139813 1
58 65 139843 0
61 97 139935 0
72 72 140027 1
59 62 140072 0
85 87 140094 1
62 93 140125 0
40 35 140135 1
71 69 140138 1
87 55 140159 0
62 70 140233 0
87 41 140287 1
57 56 140320 0
62 85 140320 0
24 49 140416 0
104 47 140448 1
34 35 140451 1
81 41 140488 1
74 82 140508 1
74 80 140549 1
99 43 140550 1
60 92 140629 0
28 49 140673 0
55 56 140713 0
61 95 140854 0
27 52 140866 0
47 57 140937 0
22 49 140941 0
51 54 140957 0
53 55 140984 0
77 54 141060 0
62 92 141149 0
74 39 141460 1
64 113 141491 0
62 104 141597 0
51 53 141604 0
73 39 141642 1
68 36 141658 1
69 36 141667 1
60 96 141750 0
97 41 141779 1
74 78 141845 1
50 59 141853 0
89 55 141868 0
75 111 141955 0
95 57 141969 0
60 68 142015 0
24 53 142034 0
89 56 142035 0
55 55 142232 0
65 116 142248 0
23 44 142267 0
40 50 142284 0
48 52 142391 0
71 70 142438 1
77 40 142470 1
49 52 142489 0
103 44 142639 1
36 50 142655 0
22 44 142699 0
73 53 142700 0
30 53 142706 0
98 56 142961 0
62 110 143006 0
62 98 143040 0
101 42 143056 1
24 45 143086 0
23 52 143093 0
26 50 143109 0
28 34 143186 1
61 31 143254 1
89 41 143260 1
75 112 143289 0
85 55 143305 0
96 89 143342 1
35 52 143447 0
81 54 143554 0
39 51 143573 0
29 36 143598 1
103 49 143621 1
81 90 143635 1
21 46 143684 0
62 71 143797 0
83 57 143801 0
62 93 143823 0
104 44 143925 1
95 55 143965 1
95 87 143992 1
62 108 144032 0
62 76 144034 0
73 74 144065 1
62 86 144080 0
60 109 144254 0
29 54 144256 0
75 53 144261 0
29 49 144276 0
38 50 144294 0
67 35 144297 1
60 96 144316 0
57 107 144318 0
40 34 144423 1
95 86 144429 1
71 111 144436 0
61 91 144457 0
79 53 144485 0
71 66 144502 1
89 60 144552 0
79 54 144570 0
94 85 144576 1
104 40 144576 1
59 58 144591 0
61 78 144593 0
25 50 144640 0
94 57 144642 0
90 54 144725 0
83 55 144729 0
62 92 144738 0
93 54 144752 0
37 50 144758 0
93 55 144766 0
63 31 144838 1
104 49 144840 1
65 33 144907 1
71 65 144933 1
105 48 145005 1
75 84 145017 1
74 76 145035 1
74 87 145072 1
87 55 145130 0
64 32 145213 1
72 69 145221 1
83 87 145236 1
47 35 145314 1
83 88 145323 1
97 92 145384 1
78 54 145482 0
81 55 145515 0
61 105 145546 0
83 54 145570 0
71 67 145577 1
73 110 145587 0
20 41 145604 0
50 36 145624 1
63 112 145652 0
68 112 145680 0
62 88 145712 0
90 41 145722 1
96 56 145733 0
66 33 145742 1
58 98 145751 0
73 77 145838 1
61 69 145925 0
21 44 145966 0
65 32 145987 1
57 56 145991 0
47 52 145993 0
23 46 146005 0
74 110 146013 0
59 66 146074 0
53 38 146075 1
63 111 146086 0
48 52 146150 0
49 52 146155 0
55 103 146160 0
70 37 146189 1
57 103 146210 0
43 35 146219 1
62 98 146252 0
83 41 146278 1
61 100 146328 0
70 112 146337 0
72 65 146337 1
19 60 146393 0
22 45 146400 0
86 57 146424 0
39 50 146443 0
60 31 146487 1
61 94 146490 0
99 54 146527 0
67 34 146541 1
73 72 146651 1
67 111 146659 0
31 50 146685 0
72 60 146688 1
62 94 146694 0
71 61 146721 1
40 90 146734 0
97 42 146734 1
58 101 146737 0
23 54 146756 0
93 85 146767 1
41 52 146770 0
96 93 146782 1
33 34 146814 1
85 41 146828 1
36 50 146836 0
62 73 146848 0
72 114 146867 0
84 41 146968 1
72 68 146994 1
68 35 147021 1
44 51 147029 0
54 55 147052 0
76 92 147052 1
41 34 147061 1
91 42 147076 1
50 35 147081 1
62 109 147097 0
41 35 147100 1
61 102 147107 0
62 104 147132 0
73 75 147198 1
77 54 147199 0
63 72 147239 0
61 89 147253 0
73 53 147265 0
93 56 147267 0
85 58 147276 0
62 89 147344 0
53 37 147350 1
59 61 147353 0
72 70 147366 1
61 68 147399 0
75 109 147400 0
57 54 147409 0
60 96 147448 0
60 78 147452 0
91 55 147493 0
62 96 147524 0
77 56 147524 0
88 56 147526 0
96 90 147530 1
34 50 147562 0
90 84 147586 1
45 35 147620 1
97 90 147630 1
103 48 147642 1
63 78 147648 0
76 112 147655 0
84 56 147660 0
78 40 147721 1
97 88 147737 1
99 42 147757 1
72 63 147788 1
89 85 147793 1
98 42 147816 1
64 112 147831 0
38 50 147848 0
76 39 147854 1
96 92 147861 1
73 73 147878 1
46 35 147947 1
81 40 147986 1
29 50 148024 0
60 60 148050 0
83 40 148062 1
24 40 148065 0
74 93 148082 1
102 43 148086 1
89 55 148107 0
62 76 148117 0
96 88 148147 1
75 87 148159 1
85 40 148197 1
71 68 148234 1
62 85 148287 0
62 93 148306 0
69 35 148314 1
29 49 148317 0
93 40 148321 1
39 35 148387 1
74 86 148426 1
91 41 148436 1
59 58 148453 0
62 95 148461 0
62 82 148485 0
44 34 148503 1
31 34 148506 1
70 111 148524 0
69 37 148540 1
75 78 148541 1
47 60 148550 0
71 57 148572 1
79 40 148573 1
75 82 148575 1
89 54 148604 0
59 57 148659 0
62 92 148674 0
44 35 148677 1
96 86 148684 1
93 41 148711 1
46 53 148719 0
22 44 148770 0
76 40 148781 1
72 71 148900 1
63 77 148931 0
28 35 148932 1
58 92 148943 0
72 38 148966 1
82 40 148991 1
61 70 148999 0
70 57 149026 1
48 35 149035 1
105 47 149037 1
29 34 149071 1
72 64 149127 1
104 46 149157 1
33 49 149158 0
42 35 149218 1
81 54 149231 0
79 53 149241 0
33 51 149293 0
95 87 149312 1
24 38 149331 0
70 38 149332 1
51 53 149348 0
60 96 149365 0
98 41 149394 1
51 54 149438 0
76 93 149476 1
75 92 149515 1
69 38 149541 1
84 40 149545 1
80 40 149556 1
77 40 149580 1
93 84 149598 1
52 37 149620 1
76 84 149641 1
77 39 149650 1
62 86 149667 0
96 41 149668 1
40 53 149744 0
29 35 149763 1
72 67 149777 1
37 53 149808 0
40 50 149863 0
38 51 149864 0
81 89 149936 1
68 36 149957 1
95 41 149975 1
71 64 150007 1
75 39 150016 1
62 94 150029 0
57 55 150052 0
42 106 150073 1
103 45 150159 1
95 94 150160 1
37 34 150178 1
60 102 150239 0
98 54 150310 0
26 49 150334 0
41 50 150377 0
60 68 150412 0
73 74 150487 1
43 50 150549 0
104 40 150554 1
87 41 150556 1
71 58 150578 1
75 85 150593 1
72 66 150595 1
26 50 150619 0
52 36 150745 1
62 89 150753 0
26 48 150755 0
57 54 150780 0
72 72 150933 1
62 108 151016 0
103 43 151018 1
49 52 151078 0
39 51 151080 0
62 73 151089 0
62 98 151093 0
87 86 151104 1
71 63 151124 1
74 77 151294 1
100 42 151320 1
71 59 151325 1
103 50 151394 1
66 111 151394 0
62 95 151397 0
73 79 151431 1
61 105 151470 0
35 35 151480 1
85 85 151495 1
61 95 151538 0
102 44 151544 1
72 62 151547 1
86 41 151547 1
34 49 151564 0
97 41 151611 1
75 110 151667 0
71 62 151687 1
86 40 151694 1
36 50 151719 0
59 57 151747 0
64 32 151776 1
60 60 151784 0
92 41 151837 1
36 34 151847 1
87 55 151863 0
75 86 151896 1
60 99 151912 0
48 36 151915 1
38 34 151919 1
68 112 151956 0
94 41 151980 1
39 49 151990 0
66 34 152001 1
62 71 152040 0
57 56 152135 0
62 70 152156 0
74 78 152188 1
46 51 152234 0
92 84 152323 1
104 45 152342 1
62 75 152351 0
28 49 152374 0
74 91 152424 1
60 96 152427 0
55 55 152435 0
61 107 152479 0
23 55 152487 0
70 111 152492 0
87 56 152640 0
73 39 152730 1
48 52 152752 0
54 55 152764 0
38 50 152779 0
85 56 152855 0
22 45 152874 0
27 37 152876 1
88 56 152923 0
97 54 152924 0
48 34 152991 1
51 56 152994 0
70 39 153062 1
75 91 153089 1
23 44 153098 0
96 91 153127 1
55 35 153195 0
60 74 153198 0
85 55 153224 0
23 45 153262 0
58 109 153311 0
88 85 153337 1
28 50 153338 0
38 55 153363 0
61 100 153380 0
49 35 153423 1
96 56 153473 0
95 86 153491 1
39 34 153499 1
96 89 153592 1
62 94 153604 0
29 49 153703 0
50 62 153728 0
67 33 153729 1
62 76 153801 0
43 50 153827 0
30 34 153835 1
102 42 153898 1
75 93 153930 1
117 43 153939 1
72 39 153940 1
66 114 153981 0
72 69 154056 1
59 58 154062 0
74 88 154090 1
31 33 154111 1
35 50 154254 0
103 44 154271 1
41 50 154369 0
24 48 154406 0
25 48 154445 0
24 45 154467 0
61 94 154483 0
66 111 154521 0
75 81 154569 1
47 34 154590 1
63 31 154616 1
109 45 154629 1
94 85 154632 1
62 89 154757 0
89 84 154794 1
66 33 154810 1
60 96 154838 0
27 51 154886 0
63 109 154898 0
59 57 154909 0
23 50 154959 0
23 47 154962 0
32 34 154964 1
109 45 154992 0
46 54 155001 0
27 35 155032 1
26 36 155036 1
86 86 155050 1
24 41 155073 0
45 36 155080 1
62 30 155080 1
97 55 155088 0
74 80 155112 1
26 48 155149 0
46 34 155215 1
26 49 155217 0
98 54 155252 0
61 31 155256 1
61 66 155341 0
62 95 155346 0
64 111 155471 0
60 106 155503 0
60 65 155529 0
57 54 155716 0
38 58 155765 0
40 32 155860 1
96 57 155918 0
71 67 155959 1
62 92 155997 0
90 41 156026 1
61 106 156037 0
74 39 156044 1
72 110 156074 0
37 50 156098 0
46 51 156128 0
80 54 156147 0
40 34 156300 1
34 49 156458 0
94 95 156536 0
40 35 156665 1
60 30 156691 1
56 54 156728 0
77 54 156769 0
104 47 156776 1
43 34 156801 1
42 53 156972 0
27 49 157085 0
62 73 157160 0
68 110 157163 0
75 83 157240 1
74 75 157287 1
61 59 157291 0
89 97 157297 0
60 96 157312 0
92 60 157367 0
74 89 157408 1
74 76 157434 1
93 54 157440 0
70 111 157469 0
83 54 157505 0
99 54 157550 0
99 42 157550 1
79 41 157639 1
95 85 157708 1
76 110 157730 0
65 32 157760 1
60 60 157762 0
79 40 157780 1
38 51 157832 0
71 56 157855 1
58 60 157891 0
63 72 157955 0
93 85 157973 1
66 32 158018 1
85 41 158078 1
71 38 158084 1
72 61 158093 1
44 49 158094 0
90 54 158145 0
94 84 158146 1
83 41 158146 1
87 85 158210 1
78 108 158263 0
86 59 158310 0
69 36 158331 1
63 78 158363 0
74 110 158397 0
60 64 158413 0
73 110 158462 0
75 79 158477 1
101 42 158655 1
73 75 158688 1
66 111 158691 0
62 31 158692 1
43 50 158695 0
62 104 158710 0
79 46 158785 1
32 54 158798 0
61 76 158815 0
56 56 158817 0
62 94 158828 0
73 92 158851 1
59 64 158865 0
71 65 158919 1
23 45 158925 0
35 34 158980 1
73 111 159003 0
75 53 159008 0
61 62 159009 0
60 79 159029 0
41 34 159049 1
63 109 159113 0
89 41 159124 1
41 56 159138 0
22 46 159139 0
75 111 159184 0
78 40 159200 1
61 60 159286 0
78 39 159299 1
96 41 159333 1
64 113 159351 0
93 96 159390 0
67 34 159390 1
50 35 159431 1
62 93 159431 0
61 84 159438 0
53 37 159466 1
62 84 159494 0
25 48 159595 0
59 57 159611 0
62 81 159635 0
68 35 159645 1
33 34 159669 1
63 77 159709 0
56 35 159720 0
104 40 159728 1
73 73 159731 1
60 83 159759 0
75 90 159761 1
88 56 159854 0
59 69 159854 0
88 41 159886 1
60 96 159899 0
93 60 159906 0
85 56 159991 0
81 40 160004 1
102 61 160022 1
102 43 160022 1
72 70 160026 1
22 44 160063 0
91 84 160071 1
81 41 160093 1
59 59 160099 0
74 74 160115 1
31 50 160120 0
45 34 160130 1
79 53 160140 0
91 97 160208 0
61 66 160215 0
60 116 160246 0
51 35 160371 1
56 54 160377 0
73 53 160404 0
26 49 160405 0
42 56 160470 0
75 88 160524 1
25 47 160530 0
39 50 160553 0
93 84 160572 1
23 39 160577 0
64 110 160642 0
80 54 160655 0
101 41 160657 1
46 51 160663 0
71 111 160678 0
104 46 160737 1
62 105 160756 0
36 50 160764 0
69 37 160764 1
64 31 160765 1
67 111 160804 0
62 95 160815 0
30 35 160823 1
96 87 160826 1
62 98 160826 0
33 48 160882 0
70 37 160886 1
68 36 160893 1
23 38 160908 0
73 74 160911 1
45 35 160914 1
73 72 160921 1
98 54 160943 0
41 50 160950 0
56 63 160983 0
72 60 161024 1
75 52 161060 0
74 87 161124 1
75 39 161128 1
47 35 161144 1
62 96 161190 0
89 55 161218 0
49 52 161219 0
48 58 161226 0
91 41 161297 1
40 52 161299 0
57 56 161318 0
62 89 161321 0
60 66 161332 0
67 41 161334 1
67 32 161334 1
26 50 161339 0
82 40 161350 1
56 60 161358 0
40 50 161358 0
72 110 161385 0
27 49 161394 0
81 54 161439 0
38 50 161452 0
56 109 161483 0
66 112 161510 0
60 65 161542 0
0 102 161565 0
22 45 161568 0
94 89 161571 1
94 41 161571 1
92 59 161583 0
87 41 161604 1
52 37 161623 1
65 31 161741 1
93 55 161755 0
55 54 161755 0
26 48 161756 0
53 38 161770 1
89 54 161837 0
95 41 161857 1
76 39 161869 1
104 44 161870 1
59 32 161870 1
44 35 161875 1
52 55 161908 0
78 91 161923 1
71 68 161968 1
74 78 161969 1
84 40 161984 1
72 71 161989 1
68 112 161992 0
73 38 162001 1
60 103 162004 0
77 40 162006 1
23 40 162026 0
58 54 162035 0
51 53 162063 0
62 90 162070 1
53 36 162078 1
75 77 162086 1
51 57 162111 0
75 78 162126 1
31 34 162127 1
103 45 162129 1
100 42 162154 1
57 54 162193 0
54 55 162237 0
72 59 162264 1
94 85 162269 1
19 55 162296 0
76 93 162333 1
75 84 162336 1
80 40 162350 1
93 41 162357 1
20 42 162372 0
95 86 162388 1
73 112 162394 0
92 41 162403 1
83 55 162417 0
96 56 162500 0
96 86 162513 1
32 50 162528 0
64 109 162557 0
72 65 162605 1
63 72 162621 0
23 46 162634 0
60 31 162669 1
95 87 162687 1
48 35 162694 1
44 34 162708 1
62 68 162796 0
62 88 162796 0
68 34 162798 1
29 49 162822 0
39 51 162838 0
46 53 162915 0
39 35 162940 1
61 62 162958 0
38 34 162997 1
32 49 163049 0
22 40 163067 0
47 51 163070 0
84 87 163075 1
98 41 163113 1
71 112 163159 0
72 63 163190 1
83 40 163206 1
70 113 163209 0
72 68 163256 1
48 57 163260 0
71 66 163268 1
104 43 163316 1
37 34 163364 1
52 35 163380 1
64 110 163385 0
97 89 163388 1
42 35 163438 1
62 81 163466 0
66 111 163505 0
97 42 163528 1
97 41 163561 1
92 40 163563 1
62 105 163603 0
91 55 163660 0
74 77 163665 1
89 40 163668 1
69 38 163708 1
34 49 163737 0
27 34 163761 1
99 42 163779 1
72 67 163800 1
74 82 163852 1
50 56 163876 0
30 33 163876 1
39 49 163959 0
87 55 164010 0
60 64 164044 0
98 55 164051 0
56 54 164061 0
25 47 164113 0
63 92 164182 0
102 42 164194 1
93 83 164249 1
23 45 164256 0
72 69 164258 1
62 97 164278 0
32 51 164286 0
33 49 164323 0
64 32 164374 1
73 39 164442 1
58 54 164449 0
77 39 164465 1
59 31 164530 1
61 67 164548 0
28 49 164563 0
75 52 164580 0
50 36 164625 1
95 55 164634 0
62 84 164660 0
25 48 164685 0
72 64 164736 1
74 76 164747 1
71 57 164789 1
72 58 164801 1
60 92 164877 0
52 36 164960 1
71 58 164980 1
27 36 165026 1
70 111 165075 0
75 81 165181 1
104 40 165233 1
103 44 165236 1
98 42 165252 1
37 33 165269 1
83 88 165328 1
90 83 165329 1
85 86 165388 1
60 93 165415 0
66 33 165542 1
64 109 165546 0
61 94 165567 0
27 48 165575 0
75 92 165654 1
72 38 165670 1
32 33 165703 1
55 54 165762 0
92 83 165861 1
63 31 165865 1
80 90 165873 1
54 37 165875 1
24 45 165906 0
88 40 165943 1
92 84 165954 1
33 34 166028 1
99 41 166060 1
74 75 166064 1
43 50 166116 0
103 43 166117 1
66 31 166118 1
75 87 166125 1
27 49 166163 0
39 34 166210 1
24 41 166225 0
85 40 166337 1
38 33 166402 1
26 49 166420 0
29 34 166449 1
97 40 166467 1
34 50 166487 0
46 52 166499 0
61 105 166540 0
53 37 166543 1
90 41 166560 1
76 91 166574 1
61 100 166595 0
33 33 166596 1
77 37 166597 1
97 87 166646 1
60 61 166672 0
64 110 166827 0
32 49 166838 0
90 84 166860 1
49 57 166869 0
63 78 166989 0
75 85 167177 1
62 105 167317 0
4 108 167335 1
105 49 167366 1
79 40 167466 1
61 31 167510 1
61 74 167543 0
46 34 167580 1
41 34 167604 1
94 54 167616 0
71 38 167681 1
96 89 167701 1
60 62 167799 0
75 109 167812 0
96 90 167857 1
95 85 167899 1
62 81 167914 0
73 71 167996 1
51 34 168022 1
58 54 168029 0
47 51 168085 0
60 60 168138 0
41 33 168180 1
58 56 168188 0
77 108 168244 0
62 97 168365 0
67 2 168429 1
72 62 168504 1
80 54 168515 0
92 56 168520 0
71 71 168768 1
61 66 168772 0
40 34 168807 1
49 34 168839 1
69 36 168946 1
104 45 168966 1
30 34 168989 1
60 106 169066 0
86 1 169109 1
72 61 169227 1
27 48 169322 0
73 73 169383 1
34 53 169393 0
32 50 169401 0
76 38 169591 1
77 92 169623 1
85 41 169723 1
77 93 169807 1
61 65 169829 0
106 109 169873 1
73 87 169874 1
62 80 169926 0
50 53 169934 0
67 34 169938 1
71 32 169976 1
61 67 169981 0
75 93 170091 1
69 35 170108 1
75 76 170176 1
96 41 170288 1
41 27 170314 1
3 16 170328 1
104 51 170368 1
1 68 170494 1
62 65 170560 0
66 32 170585 1
62 91 170707 0
97 88 170709 1
65 32 170711 1
58 31 170727 1
74 86 170827 1
83 54 170901 0
94 84 170924 1
29 35 170925 1
100 41 170947 1
70 32 170979 1
46 51 171019 0
45 51 171095 0
93 85 171133 1
96 85 171134 1
76 96 171155 0
76 92 171155 1
104 48 171178 1
74 39 171244 1
95 55 171250 0
75 39 171251 1
104 50 171305 1
63 77 171314 0
81 40 171316 1
94 41 171324 1
91 54 171330 0
99 54 171369 0
73 72 171378 1
63 85 171389 0
51 35 171408 1
70 36 171430 1
61 30 171470 1
93 84 171504 1
85 55 171539 0
96 92 171558 1
62 84 171610 0
62 94 171623 0
22 49 171639 0
78 40 171642 1
50 35 171642 1
68 35 171673 1
23 43 171674 0
62 70 171703 0
68 110 171703 0
62 104 171708 0
63 110 171736 0
38 51 171774 0
23 40 171828 0
87 40 171833 1
93 54 171849 0
63 109 171894 0
94 54 171943 0
67 33 171954 1
73 74 171964 1
45 34 171969 1
32 49 171969 0
74 88 172008 1
59 58 172027 0
60 61 172035 0
96 91 172048 1
86 40 172083 1
60 66 172085 0
44 49 172109 0
97 54 172135 0
75 86 172142 1
64 109 172161 0
82 40 172188 1
83 41 172188 1
21 43 172245 0
104 46 172264 1
105 46 172283 1
95 41 172302 1
102 41 172320 1
90 54 172349 0
97 90 172374 1
94 85 172434 1
60 65 172450 0
61 59 172477 0
72 60 172485 1
75 52 172577 0
71 37 172610 1
64 30 172642 1
74 89 172665 1
91 41 172672 1
64 110 172697 0
62 97 172712 0
72 66 172785 1
87 41 172827 1
84 40 172828 1
62 105 172866 0
97 41 172903 1
59 65 172967 0
62 108 172984 0
56 54 173017 0
33 53 173033 0
68 33 173049 1
61 60 173100 0
60 63 173128 0
75 83 173171 1
73 110 173185 0
60 62 173204 0
92 41 173228 1
98 41 173251 1
79 54 173261 0
95 86 173285 1
74 74 173320 1
70 37 173328 1
55 54 173332 0
63 72 173365 0
43 34 173371 1
23 45 173411 0
47 34 173411 1
95 85 173456 1
97 86 173478 1
101 42 173482 1
76 90 173483 1
79 39 173506 1
96 86 173536 1
76 78 173546 1
48 34 173601 1
62 65 173627 0
72 70 173628 1
76 39 173643 1
75 90 173654 1
101 53 173659 0
61 62 173686 0
25 47 173729 0
72 110 173769 0
36 34 173772 1
62 86 173776 0
78 39 173795 1
27 50 173812 0
75 79 173847 1
75 78 173935 1
71 33 173955 1
59 55 173960 0
62 76 173986 0
82 88 174028 1
29 47 174036 0
90 34 174080 1
71 61 174103 1
71 67 174142 1
36 33 174145 1
63 85 174196 0
53 36 174250 1
58 54 174274 0
74 110 174282 0
58 56 174318 0
59 116 174346 0
91 84 174359 1
47 53 174365 0
24 40 174374 0
27 48 174399 0
38 34 174438 1
44 35 174590 1
26 48 174620 0
75 82 174639 1
61 65 174639 0
44 34 174655 1
89 54 174663 0
47 51 174670 0
25 48 174685 0
75 89 174722 1
77 39 174830 1
71 65 174865 1
68 34 174918 1
63 78 174924 0
50 53 174963 0
50 34 174966 1
31 34 174972 1
23 44 174986 0
62 81 174999 0
85 56 174999 0
104 40 175027 1
74 76 175101 1
72 69 175146 1
71 59 175153 1
98 54 175230 0
62 30 175246 1
65 31 175280 1
63 30 175310 1
34 33 175342 1
99 42 175342 1
60 64 175402 0
39 49 175442 0
105 35 175494 1
105 47 175494 1
83 40 175516 1
72 67 175609 1
28 34 175630 1
37 34 175644 1
52 34 175646 1
91 54 175676 0
31 51 175722 0
41 50 175741 0
42 33 175766 1
28 33 175786 1
27 49 175791 0
91 40 175836 1
61 63 175845 0
79 53 175875 0
29 49 175917 0
85 40 175949 1
89 84 175953 1
97 91 175958 1
51 54 175967 0
34 49 176087 0
74 73 176109 1
73 73 176151 1
22 49 176154 0
54 64 176167 0
63 77 176201 0
61 67 176222 0
58 67 176231 0
62 80 176232 0
90 40 176300 1
72 58 176321 1
62 91 176355 0
59 55 176356 0
63 92 176401 0
23 43 176417 0
34 55 176424 0
48 35 176455 1
75 75 176459 1
104 44 176483 1
32 49 176502 0
76 93 176507 1
64 109 176552 0
104 47 176564 1
53 55 176583 0
68 110 176613 0
75 77 176672 1
33 48 176685 0
84 53 176692 0
95 54 176727 0
46 52 176742 0
61 99 176762 0
74 75 176768 1
62 73 176803 0
43 50 176889 0
95 55 176915 0
40 50 176937 0
44 49 176979 0
39 50 177032 0
43 33 177071 1
85 101 177086 0
59 57 177122 0
56 62 177144 0
74 38 177315 1
62 65 177359 0
37 50 177364 0
63 85 177378 0
47 49 177397 0
60 63 177432 0
59 111 177441 0
62 98 177447 0
57 70 177451 0
62 79 177473 0
22 53 177506 0
94 96 177542 0
56 58 177544 0
60 61 177557 0
63 110 177563 0
53 37 177571 1
62 95 177573 0
60 57 177610 0
102 42 177625 1
28 49 177631 0
55 64 177679 0
72 65 177695 1
91 83 177800 1
33 49 177805 0
62 109 177900 0
26 49 177944 0
60 62 177973 0
73 71 178198 1
51 58 178205 0
94 54 178209 0
105 48 178260 1
44 33 178317 1
54 60 178330 0
19 42 178376 0
76 81 178379 1
92 56 178380 0
100 42 178462 1
72 59 178481 1
76 83 178524 1
22 43 178568 0
72 63 178581 1
59 55 178630 0
75 84 178702 1
32 50 178707 0
29 33 178708 1
69 37 178846 1
50 52 178932 0
73 72 178986 1
66 33 179037 1
89 83 179075 1
83 54 179084 0
93 41 179096 1
52 35 179101 1
36 50 179153 0
63 31 179321 1
94 55 179341 0
71 56 179361 1
31 33 179393 1
62 67 179405 0
61 65 179424 0
61 63 179428 0
27 48 179473 0
103 42 179562 1
28 59 179597 0
23 51 179602 0
69 36 179694 1
66 111 179738 0
89 40 179898 1
46 34 180055 1
35 33 180176 1
21 50 180180 0
58 88 180197 0
39 34 180250 1
60 57 180256 0
57 54 180280 0
29 50 180295 0
62 85 180318 0
81 40 180354 1
104 40 180404 1
62 92 180523 0
50 53 180555 0
95 54 180579 0
67 34 180593 1
44 52 180614 0
100 53 180698 0
51 53 180724 0
41 34 180763 1
49 15 180767 0
62 105 180783 0
46 55 180855 0
42 106 180875 0
75 88 180885 1
42 52 180956 0
84 57 181000 0
67 111 181065 0
81 89 181066 1
62 97 181072 0
86 55 181110 0
97 53 181123 0
33 34 181193 1
24 45 181199 0
81 54 181206 0
95 56 181292 0
72 64 181375 1
59 80 181378 0
61 74 181386 0
80 40 181444 1
99 53 181484 0
24 47 181487 0
97 89 181515 1
58 56 181521 0
63 96 181527 0
23 43 181560 0
71 58 181578 1
22 47 181587 0
68 36 181610 1
61 72 181615 0
55 54 181635 0
71 38 181652 1
59 60 181679 0
58 112 181744 0
24 41 181744 0
66 32 181767 1
45 35 181767 1
39 63 181771 0
99 41 181771 1
76 82 181789 1
72 38 181811 1
63 72 181814 0
56 57 181836 0
59 55 181844 0
51 35 181882 1
63 71 181922 0
61 109 181932 0
103 43 181998 1
83 60 182046 0
53 53 182091 0
96 56 182156 0
104 43 182168 1
105 45 182215 1
22 45 182226 0
60 90 182235 0
69 35 182241 1
55 72 182276 0
94 95 182277 0
84 40 182340 1
94 66 182365 0
50 52 182382 0
82 40 182385 1
92 97 182465 0
61 104 182513 0
90 56 182622 0
56 108 182645 0
62 67 182675 0
62 68 182753 0
62 84 182760 0
70 111 182761 0
95 40 182764 1
36 53 182777 0
67 32 182814 1
94 84 182933 1
60 57 182971 0
50 51 183036 0
44 55 183128 0
75 39 183178 1
60 63 183212 0
73 38 183279 1
88 55 183307 0
62 80 183320 0
64 110 183334 0
69 112 183418 0
33 50 183521 0
54 37 183647 1
71 57 183778 1
48 56 183798 0
96 41 183808 1
73 70 183817 1
22 49 183857 0
40 51 183861 0
57 72 183872 0
62 104 183911 0
58 82 183928 0
45 34 183932 1
65 113 184016 0
89 55 184031 0
61 92 184069 0
47 55 184077 0
62 91 184124 0
92 84 184182 1
84 55 184182 0
53 59 184343 0
23 40 184374 0
91 96 184401 0
45 53 184415 0
78 108 184421 0
63 83 184436 0
91 56 184437 0
69 33 184459 1
62 79 184617 0
94 55 184667 0
59 63 184730 0
63 88 184806 0
54 54 184837 0
54 36 184942 1
63 79 185003 0
91 54 185044 0
63 110 185122 0
40 49 185123 0
77 91 185134 1
72 61 185311 1
32 49 185366 0
33 33 185401 1
28 35 185445 1
63 71 185546 0
61 63 185594 0
74 52 185721 0
24 52 185728 0
86 55 185739 0
59 83 185766 0
58 111 185872 0
87 85 185954 1
53 53 185975 0
52 36 185976 1
50 51 185981 0
62 100 186030 0
100 41 186121 1
62 67 186141 0
80 36 186226 1
40 34 186233 1
50 52 186234 0
101 41 186290 1
50 56 186328 0
97 41 186411 1
42 66 186413 0
46 53 186452 0
31 52 186455 0
39 33 186683 1
75 92 186693 1
60 62 186708 0
25 47 186742 0
59 113 186743 0
62 68 186785 0
24 47 186862 0
61 61 186862 0
95 55 186897 0
17 57 187003 0
60 97 187013 0
77 55 187021 0
24 38 187025 0
75 109 187049 0
92 58 187094 0
49 54 187097 0
22 48 187136 0
43 52 187149 0
60 57 187195 0
27 49 187200 0
93 84 187271 1
75 52 187287 0
24 42 187305 0
100 53 187308 0
42 54 187312 0
61 60 187342 0
99 53 187390 0
61 59 187411 0
62 102 187441 0
89 97 187506 0
62 77 187535 0
95 41 187543 1
62 72 187602 0
79 107 187882 0
61 99 188001 0
63 88 188020 0
77 52 188029 0
93 83 188057 1
63 79 188105 0
35 48 188227 0
75 87 188282 1
90 54 188599 0
93 54 188609 0
63 83 188645 0
98 41 188771 1
40 49 188805 0
70 110 188809 0
67 33 188864 1
72 60 188888 1
88 55 188917 0
46 52 188941 0
94 41 189205 1
49 34 189216 1
96 86 189358 1
63 109 189363 0
74 93 189368 1
23 45 189377 0
75 81 189377 1
61 86 189527 0
86 40 189529 1
73 39 189575 1
84 55 189641 0
77 82 189784 1
37 33 189931 1
103 51 189964 1
93 96 189995 0
23 43 190029 0
83 87 190032 1
92 56 190070 0
22 51 190078 0
72 57 190104 1
88 40 190117 1
53 36 190135 1
71 37 190188 1
103 45 190224 1
96 93 190361 1
54 54 190365 0
63 81 190431 0
92 40 190453 1
60 30 190509 1
50 51 190524 0
83 57 190541 0
69 111 190565 0
62 90 190591 0
62 100 190652 0
14 16 190665 1
86 55 190677 0
42 35 190703 1
74 74 190717 1
30 34 190857 1
91 39 190908 1
73 33 191001 1
88 84 191143 1
104 40 191159 1
38 34 191161 1
90 84 191230 1
95 84 191286 1
48 34 191313 1
75 76 191407 1
77 52 191498 0
24 42 191499 0
33 50 191537 0
76 39 191587 1
41 31 191599 1
62 102 191648 0
69 34 191664 1
66 31 191682 1
94 55 191715 0
102 118 191723 1
60 31 191735 1
95 85 191741 1
62 67 191847 0
93 40 191920 1
70 37 192026 1
64 32 192057 1
21 43 192165 0
59 56 192359 0
75 85 192411 1
53 53 192426 0
98 88 192433 1
44 34 192489 1
62 68 192501 0
97 88 192802 1
73 111 192829 0
61 61 193043 0
79 90 193251 1
32 33 193274 1
35 48 193456 0
74 78 193515 1
75 86 193521 1
70 36 193544 1
92 83 193666 1
61 65 193731 0
30 33 193799 1
68 34 193855 1
50 52 193871 0
38 33 193906 1
63 85 194027 0
79 38 194038 1
86 86 194055 1
41 49 194116 0
104 40 194208 1
62 72 194488 0
26 34 194510 1
63 79 194521 0
63 81 194593 0
61 31 194646 1
51 34 194764 1
77 39 194767 1
50 35 194834 1
24 47 194891 0
47 34 195084 1
29 34 195306 1
109 45 195483 1
49 51 195535 0
87 40 195584 1
86 85 195600 1
76 91 195662 1
50 53 195692 0
38 49 195769 0
76 86 195795 1
62 77 195998 0
76 52 196000 0
32 28 196076 1
109 45 196214 0
59 71 196417 0
62 30 196534 1
74 37 196542 1
32 48 196628 0
56 34 196729 0
92 39 196942 1
83 88 196961 1
78 39 197015 1
62 69 197124 0
77 52 197130 0
84 87 197172 1
95 94 197226 0
101 52 197322 0
78 92 197333 1
69 111 197335 0
74 52 197353 0
96 41 197403 1
84 55 197413 0
85 86 197438 1
46 49 197444 0
70 110 197475 0
95 54 197508 0
91 84 197746 1
94 40 197767 1
81 105 197828 0
59 56 197856 0
59 30 197877 1
89 54 197885 0
97 41 197886 1
85 40 197890 1
88 55 197960 0
62 100 197995 0
102 52 198031 0
97 54 198046 0
87 84 198119 1
104 40 198248 1
81 106 198278 0
72 110 198284 0
34 33 198332 1
77 108 198385 0
57 61 198392 0
87 99 198400 0
96 40 198471 1
89 84 198537 1
79 39 198650 1
98 40 198660 1
62 99 198689 0
75 38 198694 1
89 40 198713 1
86 101 198727 0
54 54 198749 0
87 100 198781 0
91 83 198788 1
84 40 198821 1
96 55 198829 0
63 107 198837 0
77 38 198868 1
99 40 198960 1
81 39 198962 1
72 53 199006 0
86 40 199047 1
41 49 199060 0
87 41 199060 1
20 79 199061 1
80 89 199070 1
63 74 199088 0
90 83 199092 1
92 40 199185 1
89 98 199188 0
68 110 199211 0
97 53 199216 0
97 40 199231 1
90 40 199232 1
62 90 199237 0
47 49 199250 0
77 92 199288 1
94 83 199306 1
95 94 199348 0
100 53 199401 0
103 51 199406 0
64 30 199438 1
98 54 199446 0
61 30 199500 1
89 97 199518 0
84 53 199536 0
86 100 199553 0
88 40 199619 1
78 91 199636 1
93 40 199639 1
73 110 199684 0
81 88 199697 1
87 55 199729 0
100 54 199730 0
23 42 199758 0
31 34 199769 1
102 42 199775 1
76 52 199825 0
63 30 199828 1
92 97 199830 0
88 99 199855 0
94 54 199865 0
99 53 199887 0
73 37 199909 1
36 33 199915 1
75 85 199976 0
65 31 199991 1
0 0 200010 0
