55 86 0 0
65 49 132 1
46 101 149 1
27 79 167 0
47 101 179 1
46 96 208 1
55 83 267 0
99 40 286 1
101 17 330 1
30 93 350 0
82 66 494 0
69 52 543 1
47 99 547 1
71 60 606 1
56 90 623 0
101 27 625 1
35 106 675 0
95 60 696 1
58 47 722 1
103 19 731 1
95 62 747 1
29 91 759 0
87 39 819 0
57 97 854 0
49 47 943 1
28 77 1052 0
72 69 1096 1
101 15 1133 1
50 47 1157 1
41 109 1192 0
56 73 1205 0
92 72 1216 1
48 103 1219 1
58 97 1223 0
71 59 1232 1
44 92 1269 1
28 88 1279 0
55 87 1307 0
96 55 1441 1
82 65 1459 0
71 72 1550 1
95 15 1637 1
51 47 1674 1
88 23 1717 0
94 14 1749 1
98 14 1774 1
56 71 1829 0
103 21 1853 1
70 54 1863 1
71 64 1882 1
98 15 1938 1
65 48 1976 1
3 25 2066 1
43 83 2096 1
48 100 2105 1
41 53 2136 1
5 20 2137 1
45 96 2170 1
87 17 2175 1
45 94 2199 1
76 111 2212 1
81 91 2228 1
42 52 2240 1
42 79 2370 1
57 122 2396 1
43 86 2517 1
55 94 2570 0
44 51 2609 1
89 78 2610 1
91 77 2638 1
55 46 2672 1
53 47 2742 1
67 49 2745 1
101 30 2795 1
27 81 2840 0
47 49 2859 1
30 91 2868 0
42 53 2883 1
95 64 2911 1
65 122 2913 1
34 105 2947 0
67 50 2975 1
27 74 3051 0
93 113 3117 1
33 103 3150 0
44 84 3189 1
95 14 3216 1
56 46 3344 1
39 54 3348 1
43 87 3424 1
70 77 3436 1
71 61 3441 1
43 79 3562 1
71 67 3568 1
76 73 3582 1
27 77 3681 0
51 46 3685 1
35 107 3705 0
56 82 3754 0
95 57 3809 1
55 91 3865 0
55 47 3871 1
72 63 3876 1
46 97 3892 1
55 77 3922 0
44 85 3966 1
63 47 3996 1
47 104 4075 1
50 48 4290 1
44 83 4300 1
48 102 4322 1
119 91 4390 1
97 46 4409 1
48 101 4415 1
56 75 4435 0
32 102 4570 0
43 84 4615 1
96 50 4648 1
22 4 4674 1
63 46 4722 1
103 22 4754 1
93 68 4798 1
44 89 4823 1
29 93 4844 0
100 15 4884 1
55 96 4950 0
96 48 4958 1
80 71 5043 1
71 69 5062 1
70 58 5157 1
44 91 5416 1
30 97 5550 0
100 36 5564 1
29 97 5577 0
55 84 5589 0
102 19 5652 1
57 105 5703 1
67 51 5704 1
92 73 5757 1
31 100 5836 0
95 55 5945 1
29 70 6165 0
55 68 6213 0
72 65 6265 1
82 61 6311 0
86 27 6336 0
44 78 6352 1
64 99 6370 0
84 47 6396 0
69 54 6398 1
88 22 6480 0
46 100 6531 1
55 90 6560 0
43 85 6622 1
87 32 6676 0
56 65 6680 0
27 88 6682 0
55 88 6709 0
83 50 6715 0
69 96 7005 0
85 45 7059 0
83 49 7096 0
47 100 7162 1
56 94 7420 0
95 58 7626 1
82 58 7629 0
67 97 7683 0
84 53 7689 0
55 87 7757 0
94 69 7815 1
61 47 7901 1
100 16 7936 1
57 68 7954 0
82 66 7976 0
70 56 7978 1
69 53 8184 1
42 80 8189 1
29 92 8196 0
100 37 8220 1
44 87 8224 1
101 18 8262 1
103 25 8278 1
26 75 8356 0
89 19 8561 0
102 27 8626 1
61 46 8633 1
56 66 8660 0
57 96 8693 0
31 101 8715 0
66 49 8728 1
30 96 8832 0
102 18 8843 1
95 56 8865 1
55 91 8882 0
72 95 8891 0
68 52 8940 1
30 98 9008 0
71 76 9022 1
96 61 9091 1
101 32 9145 1
52 47 9186 1
40 109 9189 0
97 15 9228 1
103 20 9289 1
82 60 9359 0
57 45 9397 1
96 51 9404 1
102 17 9425 1
59 97 9530 0
90 75 9531 1
99 14 9546 1
71 62 9571 1
71 58 9588 1
100 40 9610 1
64 48 9697 1
56 65 9764 0
66 48 9764 1
71 66 9768 1
100 41 9774 1
68 49 9779 1
100 35 9858 1
64 47 9862 1
99 42 9925 1
95 65 9934 1
99 15 9964 1
39 107 9988 0
57 65 10031 0
101 31 10040 1
55 92 10094 0
69 97 10117 0
73 75 10122 1
72 75 10138 1
71 65 10158 1
96 57 10169 1
94 67 10171 1
56 81 10201 0
31 100 10257 0
96 60 10320 1
100 62 10321 1
100 34 10321 1
104 21 10366 1
101 16 10408 1
68 51 10423 1
71 57 10437 1
87 31 10457 0
32 102 10471 0
46 98 10504 1
86 40 10506 0
56 75 10607 0
87 35 10611 0
55 88 10733 0
35 104 10747 0
57 95 10749 0
27 83 10779 0
65 99 10780 0
72 67 10837 1
82 61 10924 0
54 87 10981 0
71 68 11015 1
53 46 11063 1
39 109 11091 0
97 14 11122 1
55 90 11176 0
56 93 11243 0
82 64 11265 0
44 88 11273 1
28 81 11316 0
72 74 11327 1
100 14 11331 1
57 98 11352 0
100 38 11359 1
81 63 11373 0
57 70 11378 0
28 92 11384 0
60 46 11394 1
27 75 11396 0
103 23 11464 1
47 98 11483 1
42 109 11504 0
63 99 11572 0
45 95 11584 1
83 55 11618 0
56 94 11618 0
87 36 11652 0
31 66 11667 0
58 96 11677 0
70 55 11679 1
93 69 11695 1
83 54 11723 0
72 70 11729 1
57 46 11744 1
71 75 11757 1
78 71 11762 1
98 15 11797 1
84 45 11836 0
71 70 11853 1
60 45 11909 1
33 104 11930 0
95 61 12005 1
29 89 12007 0
56 72 12034 0
56 45 12046 1
65 47 12133 1
70 57 12194 1
100 39 12200 1
65 49 12206 1
62 47 12247 1
70 54 12253 1
28 93 12291 0
87 30 12323 0
56 83 12358 0
56 90 12366 0
28 88 12369 0
55 78 12390 0
27 76 12416 0
69 52 12437 1
27 84 12457 0
96 14 12510 1
56 65 12511 0
46 96 12523 1
30 96 12531 0
57 68 12539 0
70 97 12543 0
57 96 12559 0
72 96 12565 0
68 50 12606 1
56 67 12659 0
55 76 12696 0
66 99 12704 0
59 47 12711 1
58 46 12723 1
70 96 12752 0
71 60 12809 1
67 98 12824 0
63 100 12853 0
59 46 12858 1
96 59 12874 1
72 61 12877 1
87 39 12889 0
71 71 12915 1
28 86 12925 0
44 86 12936 1
27 85 12945 0
96 56 12974 1
55 81 13010 0
95 52 13013 1
35 106 13029 0
69 51 13054 1
79 93 13084 1
26 81 13099 0
56 96 13105 0
30 93 13142 0
44 108 13159 0
98 46 13171 1
34 63 13343 0
28 91 13361 0
90 78 13367 1
55 91 13397 0
72 60 13434 1
56 68 13447 0
56 66 13472 0
70 53 13513 1
29 86 13530 0
65 48 13609 1
26 77 13628 0
45 97 13679 1
87 21 13720 0
103 26 13722 1
97 48 13747 1
47 102 13800 1
88 23 13811 0
37 107 13834 0
33 63 13863 0
56 82 13890 0
81 62 13905 0
103 21 13908 1
55 86 13989 0
101 19 14012 1
55 83 14046 0
31 100 14060 0
27 82 14082 0
91 74 14110 1
82 60 14138 0
32 66 14153 0
61 75 14170 1
44 82 14205 1
82 69 14212 0
55 88 14217 0
86 43 14242 0
96 58 14295 1
43 109 14317 0
45 94 14320 1
87 29 14325 0
45 96 14347 1
55 66 14358 0
101 17 14415 1
81 61 14420 0
45 93 14453 1
28 89 14511 0
89 20 14533 0
39 108 14584 0
83 52 14598 0
64 99 14644 0
58 98 14655 0
36 106 14674 0
58 97 14689 0
102 29 14712 1
54 76 14733 0
88 21 14769 0
30 91 14773 0
63 47 14812 1
27 78 14814 0
98 47 14850 1
86 30 14859 0
98 45 14867 1
95 65 14918 0
95 57 14918 1
55 84 14941 0
103 24 14973 1
95 54 14998 1
83 48 15021 0
83 51 15028 0
81 65 15046 0
64 48 15060 1
42 108 15061 0
59 97 15110 0
58 47 15214 1
71 63 15237 1
95 58 15324 1
72 73 15336 1
44 81 15340 1
27 91 15522 0
30 97 15581 0
29 91 15581 0
41 110 15602 0
71 59 15644 1
30 102 15714 0
81 66 15720 0
59 96 15733 0
33 105 15738 0
56 71 15752 0
26 86 15778 0
29 96 15779 0
55 85 15790 0
55 82 15830 0
30 96 15850 0
97 47 15855 1
38 109 15871 0
43 107 15874 0
27 79 15891 0
82 66 15978 0
56 65 15984 0
37 105 16002 0
27 86 16010 0
43 80 16129 1
83 53 16130 0
33 103 16130 0
71 96 16181 0
30 100 16325 0
34 105 16345 0
55 87 16352 0
27 81 16387 0
59 98 16423 0
73 113 16432 0
28 94 16527 0
62 98 16587 0
82 61 16643 0
55 90 16648 0
103 19 16709 1
31 67 16711 0
29 76 16796 0
56 94 16798 0
28 77 16882 0
35 61 16908 0
85 42 16938 0
43 86 16949 1
57 96 16972 0
95 62 16995 1
84 53 17010 0
74 95 17043 0
35 105 17049 0
95 63 17055 1
28 74 17083 0
82 65 17099 0
28 73 17161 0
56 73 17168 0
55 79 17238 0
39 107 17260 0
36 106 17305 0
57 95 17344 0
28 79 17423 0
72 66 17460 1
28 72 17480 0
56 81 17511 0
44 92 17607 1
46 97 17696 1
72 59 17818 1
67 49 17819 1
54 46 17831 1
62 46 17897 1
98 14 17902 1
71 61 17905 1
71 74 17939 1
91 75 17944 1
101 30 18011 1
45 90 18023 1
45 91 18032 1
32 83 18087 1
32 102 18088 0
100 37 18185 1
95 15 18384 1
67 50 18391 1
97 49 18543 1
29 92 18566 0
43 81 18579 1
100 16 18626 1
96 53 18685 1
69 53 18730 1
90 10 18811 0
93 70 19176 1
86 32 19231 0
44 84 19299 1
83 50 19344 0
29 93 19412 0
95 60 19471 1
31 102 19580 0
41 52 19874 1
45 86 19900 1
82 57 19907 0
80 2 19927 1
88 31 19947 0
55 88 20041 0
55 85 20058 0
35 104 20178 0
69 50 20183 1
71 58 20323 1
72 58 20441 1
73 74 20494 1
35 105 20567 0
55 82 20594 0
52 46 20598 1
55 91 20676 0
103 22 20752 1
104 24 20758 1
101 29 20817 1
82 60 20855 0
84 48 20858 0
100 15 20871 1
31 98 20909 0
59 98 20943 0
102 18 21000 1
47 103 21013 1
103 18 21041 1
99 15 21098 1
51 47 21163 1
104 22 21283 1
56 75 21291 0
56 66 21398 0
73 95 21752 0
28 70 21763 0
83 53 21887 0
71 73 21890 1
72 71 21904 1
31 100 21907 0
103 20 21922 1
47 99 21926 1
75 73 21931 1
95 66 21936 1
36 106 21972 0
102 17 21974 1
85 47 21986 0
70 55 21995 1
84 49 22066 0
96 63 22113 1
57 94 22204 0
73 113 22288 1
68 97 22330 0
31 99 22347 0
66 48 22363 1
48 104 22397 1
96 55 22435 1
27 87 22519 0
90 77 22599 1
71 64 22634 1
28 83 22678 0
46 95 22681 1
89 21 22696 0
95 64 22701 1
44 109 22734 0
71 67 22808 1
95 56 22844 1
85 46 22861 0
70 54 22883 1
30 96 22903 0
58 96 23013 0
57 65 23021 0
69 52 23027 1
68 51 23027 1
86 37 23146 0
45 92 23357 1
94 68 23375 1
101 16 23388 1
88 31 23391 0
56 93 23395 0
66 49 23423 1
93 71 23467 1
82 54 23469 0
45 87 23477 1
45 75 23645 1
103 25 23646 1
96 62 23690 1
46 98 23728 1
28 76 23771 0
101 33 23811 1
102 28 23811 1
56 83 23824 0
71 57 23837 1
95 14 23842 1
82 59 23872 0
88 22 23903 0
28 79 23926 0
61 46 23932 1
60 46 23934 1
93 15 23992 1
57 68 24005 0
64 98 24007 0
84 47 24037 0
71 56 24043 1
50 47 24051 1
44 85 24124 1
85 44 24128 0
83 47 24157 0
71 72 24171 1
88 29 24185 0
45 95 24216 1
104 23 24256 1
81 71 24307 1
91 76 24315 1
44 88 24361 1
46 94 24370 1
43 84 24482 1
64 48 24513 1
72 64 24558 1
71 65 24566 1
46 96 24569 1
100 35 24569 1
62 47 24573 1
97 14 24603 1
72 95 24633 0
35 105 24665 0
87 34 24744 0
90 79 24776 1
72 68 24821 1
28 81 24863 0
43 53 24894 1
52 47 24895 1
99 42 24911 1
43 52 24912 1
96 65 24915 1
30 93 24932 0
45 89 24945 1
31 98 24967 0
71 62 24983 1
45 88 25057 1
61 47 25084 1
35 107 25094 0
56 90 25112 0
62 98 25143 0
54 86 25167 0
87 37 25171 0
103 21 25185 1
29 89 25243 0
54 47 25253 1
65 48 25284 1
56 65 25322 0
37 108 25354 0
68 50 25419 1
55 46 25433 1
84 48 25455 0
69 96 25484 0
45 94 25530 1
71 69 25592 1
84 49 25612 0
71 66 25641 1
81 60 25647 0
32 65 25701 0
57 70 25707 0
54 64 25720 0
33 65 25725 0
104 25 25728 1
71 54 25738 1
88 37 25760 0
56 82 25809 0
27 77 25841 0
36 58 25854 0
45 93 25872 1
71 56 25875 1
71 68 25875 1
82 64 25911 0
35 60 25915 0
31 99 25925 0
65 47 25973 1
83 55 26002 0
55 93 26011 0
57 45 26051 1
56 78 26067 0
41 109 26075 0
59 97 26077 0
103 23 26080 1
28 88 26095 0
29 72 26138 0
63 47 26158 1
93 14 26199 1
70 53 26200 1
44 86 26224 1
69 51 26236 1
55 85 26324 0
44 87 26348 1
58 45 26361 1
29 97 26405 0
49 47 26412 1
27 83 26436 0
95 61 26454 1
55 82 26466 0
36 106 26489 0
99 14 26506 1
63 99 26509 0
44 83 26542 1
53 47 26543 1
101 15 26543 1
72 63 26588 1
96 14 26655 1
96 57 26673 1
43 85 26733 1
100 14 26741 1
72 58 26775 1
28 83 26778 0
96 13 26787 1
88 31 26790 0
68 49 26830 1
64 47 26844 1
29 86 26849 0
59 98 26921 0
40 52 26971 1
56 81 27014 0
35 104 27017 0
85 45 27017 0
59 99 27037 0
88 23 27045 0
57 96 27090 0
71 60 27092 1
40 109 27113 0
98 15 27113 1
59 45 27121 1
102 30 27127 1
47 101 27274 1
70 52 27336 1
99 43 27364 1
47 97 27374 1
103 17 27419 1
47 98 27435 1
88 29 27452 0
87 39 27457 0
64 99 27459 0
30 91 27465 0
100 38 27493 1
29 81 27566 0
96 61 27570 1
99 15 27584 1
45 85 27603 1
55 77 27717 0
71 70 27772 1
46 97 27780 1
43 79 27845 1
101 31 27908 1
30 69 27954 0
57 94 27987 0
103 24 28002 1
71 61 28021 1
67 49 28065 1
38 110 28065 0
55 90 28077 0
72 61 28086 1
28 86 28099 0
100 16 28135 1
72 60 28195 1
82 55 28209 0
55 65 28237 0
29 77 28244 0
56 79 28271 0
27 73 28279 0
48 48 28313 1
37 56 28321 0
34 62 28366 0
82 61 28369 0
72 69 28401 1
74 75 28402 1
49 48 28402 1
44 80 28501 1
31 98 28513 0
53 46 28597 1
59 96 28671 0
44 77 28693 1
47 100 28706 1
27 72 28822 0
30 68 28832 0
84 46 28842 0
56 83 28863 0
55 88 28929 0
54 91 28943 0
72 75 28945 1
29 71 28989 0
70 55 29000 1
68 96 29027 0
96 59 29062 1
56 78 29088 0
28 76 29122 0
71 75 29131 1
83 107 29184 0
83 53 29184 0
89 23 29218 0
33 104 29278 0
72 65 29388 1
100 37 29397 1
71 67 29407 1
57 46 29415 1
37 105 29532 0
30 99 29567 0
35 105 29571 0
31 68 29583 0
103 19 29623 1
72 62 29710 1
48 100 29716 1
104 21 29722 1
47 99 29726 1
87 37 29755 0
63 46 29797 1
71 58 29818 1
57 92 29854 0
56 94 29894 0
96 60 29909 1
92 74 29961 1
48 99 29967 1
100 39 29972 1
84 49 29977 0
83 54 30014 0
28 79 30072 0
68 51 30119 1
69 52 30124 1
84 48 30203 0
42 108 30241 0
31 99 30278 0
94 14 30342 1
70 95 30350 0
96 58 30353 1
51 46 30517 1
39 107 30567 0
87 26 30578 0
47 105 30599 1
100 15 30654 1
41 108 30704 0
101 32 30748 1
43 83 30827 1
85 41 30889 0
88 25 30947 0
66 48 30970 1
43 80 30998 1
86 39 31013 0
96 51 31031 1
88 27 31115 0
40 108 31119 0
55 89 31145 0
39 53 31169 1
34 64 31222 0
72 67 31290 1
61 98 31399 0
70 54 31478 1
102 17 31566 1
75 74 31726 1
67 48 31785 1
56 79 31901 0
57 95 31911 0
73 73 31972 1
87 32 32013 0
30 88 32115 0
96 64 32121 1
62 46 32128 1
64 98 32142 0
83 63 32192 0
71 71 32287 1
45 51 32355 1
54 64 32403 0
28 83 32410 0
95 58 32428 1
95 62 32506 1
59 46 32676 1
46 96 32737 1
88 31 32836 0
71 59 32979 1
45 96 33182 1
65 99 33238 0
82 60 33270 0
56 90 33411 0
62 99 33565 0
30 97 33610 0
27 76 33636 0
55 65 33700 0
27 84 33969 0
28 90 34003 0
27 75 34003 0
66 47 34056 1
33 99 34091 0
29 88 34209 0
87 35 34236 0
54 46 34280 1
44 84 34305 1
96 56 34364 1
72 72 34451 1
35 59 34495 0
46 49 34531 1
57 65 34532 0
60 99 34552 0
33 100 34646 0
95 65 34659 1
98 14 34671 1
30 90 34674 0
103 20 34702 1
29 90 34783 0
48 49 34859 1
29 95 34955 0
88 29 34977 0
87 24 35000 0
88 27 35005 0
61 98 35062 0
89 20 35076 0
30 93 35233 0
84 53 35247 0
88 25 35333 0
81 88 35378 0
89 19 35437 0
29 75 35545 0
88 32 35560 0
85 43 35563 0
48 102 35590 1
41 108 35691 0
69 50 35703 1
44 82 35713 1
56 85 35726 0
83 68 35738 0
40 108 35776 0
60 46 35841 1
101 30 35886 1
87 36 36025 0
56 46 36029 1
83 65 36152 0
42 109 36190 0
58 46 36301 1
102 27 36425 1
39 108 36474 0
30 96 36482 0
89 21 36560 0
85 47 36582 0
55 89 36599 0
58 96 36616 0
81 59 36628 0
56 78 36684 0
71 57 36707 1
64 48 36813 1
87 37 36825 0
83 67 36905 0
45 91 36954 1
98 46 36962 1
87 41 37069 0
70 51 37124 1
46 98 37212 1
72 57 37222 1
44 107 37228 0
73 75 37289 1
45 90 37356 1
100 40 37448 1
57 64 37466 0
48 101 37530 1
72 59 37534 1
73 59 37676 1
67 97 37711 0
45 92 37787 1
56 65 37819 0
87 27 37860 0
55 80 37959 0
95 63 38166 1
103 22 38204 1
82 87 38259 0
36 106 38346 0
84 49 38383 0
40 53 38473 1
71 64 38565 1
71 56 38708 1
45 95 38829 1
97 50 38852 1
88 32 38861 0
88 27 38930 0
46 95 39081 1
62 99 39228 0
98 45 39244 1
50 48 39319 1
61 46 39572 1
31 98 39622 0
28 81 39765 0
96 53 39772 1
30 90 39777 0
56 85 39839 0
32 101 39935 0
57 44 39950 1
46 94 39974 1
74 73 39979 1
54 65 39995 0
56 79 40058 0
56 72 40080 0
42 52 40231 1
29 90 40297 0
83 65 40337 0
28 74 40339 0
29 88 40438 0
56 75 40454 0
70 96 40573 0
101 16 40601 1
28 71 40653 0
55 82 40740 0
66 98 40907 0
100 43 41096 1
31 99 41161 0
44 88 41187 1
45 99 41239 1
56 80 41255 0
87 28 41377 0
65 48 41443 1
104 20 41459 1
60 99 41538 0
45 104 41578 1
71 55 41598 1
61 98 41609 0
32 100 41892 0
88 25 41988 0
28 77 42104 0
35 106 42110 0
83 63 42301 0
42 51 42333 1
56 97 42447 0
40 108 42666 0
70 53 42669 1
57 69 42709 0
97 51 42811 1
41 108 42856 0
77 71 42901 1
43 78 42964 1
103 26 43059 1
55 85 43151 0
33 101 43197 0
84 48 43355 0
86 29 43364 0
29 91 43392 0
58 97 43426 0
28 89 43472 0
28 87 43509 0
112 125 43524 0
32 99 43533 0
59 98 43535 0
83 58 43564 0
37 109 43749 0
58 94 43952 0
26 76 44218 0
51 47 44388 1
28 73 44407 0
55 65 44437 0
87 82 44745 0
88 32 44766 0
29 76 44786 0
27 81 44956 0
72 74 44990 1
56 80 45232 0
100 42 45260 1
35 58 45297 0
47 104 45650 1
32 101 45661 0
28 80 45714 0
82 58 45744 0
28 84 45754 0
45 87 45905 1
43 51 45932 1
103 18 45971 1
47 102 46013 1
43 110 46134 0
62 98 46185 0
55 80 46333 0
32 100 46351 0
45 94 46379 1
29 95 46452 0
33 102 46593 0
28 76 46602 0
44 85 46687 1
83 50 46747 0
55 89 46889 0
36 57 46891 0
109 45 46921 1
36 107 47080 0
77 72 47552 1
109 45 47558 0
97 49 47723 1
67 47 47772 1
95 64 47901 1
40 110 47933 0
44 86 47946 1
88 27 48084 0
83 61 48099 0
88 33 48161 0
114 41 48180 1
34 103 48294 0
94 67 48346 1
62 99 48433 0
88 37 48482 0
32 99 48506 0
101 34 48521 1
104 24 48679 1
65 46 48726 1
48 103 48729 1
100 41 48815 1
63 47 49062 1
68 50 49069 1
87 27 49150 0
93 16 49154 1
64 46 49173 1
92 73 49183 1
71 74 49243 1
80 71 49306 1
96 55 49376 1
69 51 49377 1
101 15 49387 1
45 93 49546 1
93 70 49560 1
91 74 49604 1
65 47 49679 1
83 58 49690 0
52 46 49781 1
57 69 49792 0
44 81 50042 1
100 14 50128 1
87 41 50140 0
104 22 50145 1
33 101 50168 0
56 80 50236 0
71 73 50259 1
66 98 50286 0
85 46 50289 0
103 21 50311 1
83 65 50326 0
99 42 50339 1
71 72 50343 1
43 84 50373 1
96 14 50426 1
28 87 50443 0
72 58 50525 1
97 14 50568 1
88 31 50644 0
45 89 50682 1
88 22 50690 0
99 39 50741 1
59 96 50741 0
56 93 50741 0
57 94 50762 0
71 58 50787 1
57 68 50791 0
31 94 50806 0
60 45 50809 1
56 86 50831 0
56 85 50846 0
68 49 50900 1
34 61 50912 0
71 65 50937 1
70 52 50945 1
35 105 50980 0
69 52 51010 1
31 97 51051 0
91 75 51192 1
92 71 51197 1
70 54 51215 1
69 49 51246 1
86 43 51307 0
57 45 51341 1
56 82 51343 0
61 99 51346 0
75 94 51351 0
47 95 51360 1
104 23 51378 1
55 64 51433 0
104 19 51456 1
35 104 51468 0
84 46 51503 0
82 66 51537 0
67 49 51744 1
56 45 51756 1
29 86 51762 0
101 33 51768 1
28 80 51809 0
82 52 51845 0
56 81 51856 0
44 75 51908 1
28 84 51910 0
88 33 51964 0
99 14 51969 1
52 47 51980 1
29 89 52001 0
102 16 52004 1
96 63 52055 1
45 86 52131 1
46 97 52152 1
71 68 52180 1
45 88 52182 1
71 57 52186 1
72 66 52295 1
103 19 52299 1
47 98 52366 1
33 103 52370 0
37 105 52605 0
32 98 52667 0
72 63 52671 1
33 102 52685 0
45 84 52688 1
56 83 52690 0
78 71 52698 1
29 92 52736 0
56 90 52768 0
60 99 52780 0
88 29 52789 0
72 64 52827 1
31 93 52828 0
74 93 52890 0
55 45 52912 1
30 91 52924 0
91 77 52930 1
57 92 52951 0
59 97 52962 0
72 70 52971 1
50 47 52971 1
102 29 53002 1
29 90 53044 0
102 17 53142 1
72 60 53186 1
58 44 53192 1
98 47 53205 1
56 73 53226 0
95 14 53247 1
100 39 53268 1
29 81 53322 0
96 57 53330 1
32 100 53402 0
100 37 53440 1
31 95 53531 0
97 13 53560 1
47 97 53576 1
34 103 53583 0
66 48 53601 1
84 53 53606 0
72 61 53634 1
89 18 53658 0
28 83 53672 0
32 102 53713 0
103 17 53818 1
103 25 53934 1
96 61 53935 1
44 83 53970 1
47 96 53980 1
57 64 54001 0
45 76 54065 1
32 99 54256 0
32 101 54302 0
44 78 54304 1
48 98 54366 1
56 64 54391 0
101 31 54396 1
63 46 54432 1
96 62 54435 1
67 48 54435 1
56 86 54474 0
48 47 54475 1
57 65 54512 0
72 107 54700 0
72 95 54700 0
30 98 54767 0
103 23 54813 1
71 69 54821 1
43 86 54853 1
88 32 54896 0
62 46 54912 1
56 80 54932 0
104 21 55000 1
30 90 55038 0
58 68 55039 0
99 15 55082 1
44 51 55089 1
47 103 55193 1
96 59 55247 1
60 98 55319 0
31 97 55355 0
80 70 55365 1
46 93 55370 1
36 107 55381 0
74 74 55418 1
68 48 55503 1
54 65 55510 0
95 68 55562 1
73 62 55850 1
116 125 56054 1
88 23 56161 0
72 68 56176 1
32 103 56207 0
29 77 56224 0
88 30 56267 0
98 13 56340 1
57 71 56407 0
53 46 56416 1
94 68 56423 1
71 54 56445 1
95 66 56453 1
41 108 56460 0
61 98 56503 0
45 90 56518 1
47 99 56544 1
71 70 56608 1
96 58 56668 1
92 75 56710 1
102 15 56720 1
45 91 56732 1
71 53 56747 1
30 88 56803 0
71 61 56829 1
88 25 56876 0
29 88 56887 0
33 101 56908 0
32 98 56911 0
42 108 56954 0
88 38 57003 0
101 32 57022 1
70 53 57040 1
100 15 57041 1
39 107 57054 0
43 80 57117 1
91 76 57147 1
79 70 57157 1
71 71 57261 1
46 96 57262 1
87 38 57340 0
101 16 57365 1
55 64 57380 0
59 44 57493 1
88 33 57495 0
98 46 57502 1
68 49 57514 1
56 79 57595 0
86 91 57642 1
43 83 57683 1
103 24 57688 1
28 79 57786 0
84 52 57861 0
71 56 57903 1
33 100 57907 0
71 67 57925 1
60 46 57983 1
72 73 58053 1
44 108 58059 0
46 94 58184 1
55 87 58308 0
45 94 58342 1
28 78 58376 0
56 78 58438 0
72 65 58637 1
28 87 58702 0
71 66 58743 1
31 96 58789 0
96 60 58853 1
48 99 58853 1
97 53 58866 1
101 36 58909 1
101 35 58918 1
56 86 58978 0
61 99 59033 0
44 84 59093 1
56 64 59113 0
82 65 59139 0
72 62 59162 1
45 93 59175 1
43 79 59201 1
28 80 59321 0
48 100 59343 1
69 50 59479 1
65 47 59500 1
50 46 59576 1
34 103 59647 0
13 31 59991 1
33 102 60008 0
47 100 60203 1
73 74 60225 1
58 45 60402 1
28 84 60669 0
56 87 60695 0
51 46 60719 1
87 37 60764 0
88 27 60817 0
55 80 60825 0
41 52 60848 1
98 14 60923 1
91 78 60939 1
89 23 60947 0
102 28 61054 1
95 15 61212 1
97 47 61213 1
100 14 61300 1
101 37 61361 1
60 44 61443 1
87 39 61497 0
66 47 61565 1
65 98 61586 0
88 30 61590 0
82 60 61666 0
85 47 61670 0
58 94 61745 0
57 46 61904 1
103 16 61983 1
101 15 62027 1
87 40 62039 0
57 69 62144 0
83 63 62196 0
69 51 62257 1
89 20 62367 0
60 98 62376 0
99 43 62378 1
58 96 62414 0
84 49 62451 0
72 59 62480 1
46 88 62485 1
70 51 62512 1
99 13 62523 1
104 18 62525 1
85 45 62618 0
94 69 62623 1
64 98 62677 0
83 58 62684 0
63 99 62708 0
101 30 62708 1
84 52 62725 0
72 57 62929 1
72 58 63002 1
55 44 63003 1
31 97 63073 0
56 89 63094 0
83 87 63122 0
83 61 63172 0
61 46 63183 1
97 56 63226 1
57 70 63243 0
82 61 63262 0
96 56 63275 1
70 52 63281 1
88 37 63344 0
57 95 63352 0
1 43 63357 0
84 51 63398 0
83 68 63399 0
89 31 63446 0
72 69 63464 1
57 96 63493 0
68 50 63521 1
83 67 63523 0
104 25 63524 1
75 93 63554 0
93 71 63561 1
59 45 63591 1
31 96 63632 0
64 46 63645 1
72 67 63675 1
62 45 63713 1
54 46 63758 1
31 95 63811 0
83 65 63904 0
69 52 63914 1
61 45 63932 1
96 13 63977 1
71 58 64068 1
59 96 64101 0
32 66 64137 0
89 21 64149 0
97 55 64156 1
97 14 64156 1
89 22 64177 0
88 20 64195 0
64 99 64262 0
96 64 64267 1
101 33 64290 1
103 18 64393 1
66 99 64394 0
100 40 64424 1
67 47 64444 1
56 85 64459 0
45 85 64469 1
62 98 64495 0
31 94 64496 0
71 57 64499 1
56 80 64507 0
102 30 64522 1
46 92 64576 1
85 44 64579 0
87 38 64588 0
58 68 64606 0
33 99 64646 0
104 17 64660 1
49 47 64707 1
72 71 64737 1
28 78 64768 0
96 14 64805 1
37 105 64842 0
73 65 64885 1
83 59 64886 0
35 104 64915 0
30 93 64926 0
93 33 65016 1
34 63 65023 0
57 92 65041 0
66 98 65047 0
57 94 65074 0
90 19 65113 0
68 96 65166 0
60 45 65192 1
32 98 65203 0
56 82 65211 0
37 107 65229 0
101 14 65280 1
95 64 65289 1
56 87 65316 0
41 53 65360 1
48 101 65366 1
71 73 65388 1
70 55 65427 1
63 46 65436 1
44 88 65463 1
36 106 65476 0
73 95 65477 0
100 35 65514 1
37 57 65539 0
44 80 65551 1
44 81 65559 1
29 75 65569 0
72 56 65637 1
32 99 65663 0
97 51 65726 1
96 57 65740 1
53 45 65755 1
56 86 65760 0
57 71 65772 0
45 89 65841 1
47 98 65861 1
57 64 65899 0
96 53 65899 1
70 49 65951 1
71 72 65975 1
29 86 66009 0
56 83 66016 0
86 40 66019 0
56 81 66020 0
40 108 66025 0
46 89 66030 1
42 53 66055 1
99 14 66071 1
67 48 66082 1
56 64 66083 0
31 98 66108 0
83 55 66108 0
97 49 66110 1
69 50 66116 1
29 89 66160 0
101 34 66175 1
60 97 66206 0
70 54 66331 1
70 11 66362 1
70 95 66363 0
33 64 66390 0
71 54 66406 1
29 72 66413 0
88 19 66455 0
31 93 66474 0
65 46 66481 1
45 83 66495 1
29 76 66541 0
84 52 66578 0
45 87 66581 1
31 105 66652 0
56 89 66675 0
27 79 66676 0
103 17 66689 1
88 33 66720 0
31 91 66740 0
88 28 66770 0
28 86 66781 0
28 77 66841 0
47 97 66918 1
69 49 66946 1
45 108 66950 0
69 96 66957 0
64 97 66979 0
65 47 67046 1
31 100 67052 0
88 31 67058 0
58 94 67128 0
29 81 67155 0
101 32 67175 1
88 39 67243 0
72 60 67246 1
97 50 67268 1
28 81 67323 0
88 30 67342 0
98 48 67399 1
99 42 67420 1
104 24 67473 1
45 88 67536 1
73 75 67551 1
30 87 67567 0
45 86 67576 1
51 47 67594 1
29 95 67664 0
31 96 67671 0
55 64 67686 0
66 48 67740 1
35 102 67749 0
63 45 67750 1
89 26 67776 0
32 100 67837 0
83 64 67845 0
89 27 67855 0
103 20 67916 1
68 49 67968 1
84 51 67975 0
35 61 67996 0
104 20 68034 1
85 46 68045 0
44 86 68078 1
95 67 68109 1
100 14 68120 1
61 99 68153 0
36 107 68155 0
62 46 68180 1
57 65 68183 0
72 58 68205 1
72 72 68234 1
28 72 68270 0
85 50 68285 0
87 40 68307 0
104 23 68378 1
15 81 68505 0
30 91 68509 0
100 39 68559 1
27 82 68575 0
89 22 68617 0
57 72 68659 0
65 98 68691 0
68 51 68780 1
30 90 68888 0
31 69 68935 0
104 22 68965 1
57 45 69025 1
58 95 69049 0
56 74 69082 0
29 93 69102 0
43 108 69111 0
97 52 69118 1
44 83 69143 1
96 65 69144 1
71 56 69175 1
96 63 69203 1
101 36 69320 1
57 74 69360 0
36 58 69361 0
34 103 69392 0
61 96 69439 0
110 116 69482 1
89 23 69655 0
45 90 69681 1
96 61 69701 1
105 22 69720 1
69 51 69732 1
67 97 69753 0
42 51 69809 1
45 92 69851 1
46 94 69907 1
101 35 69907 1
31 95 69918 0
56 87 69963 0
70 53 69978 1
45 91 70023 1
103 26 70030 1
76 93 70127 0
56 92 70131 0
47 99 70233 1
47 96 70240 1
57 68 70255 0
96 58 70293 1
62 99 70309 0
60 97 70361 0
104 19 70400 1
56 89 70442 0
83 63 70450 0
83 59 70461 0
56 90 70468 0
37 105 70564 0
33 101 70569 0
60 98 70662 0
71 71 70725 1
57 83 70760 0
100 41 70820 1
46 93 70921 1
39 107 70921 0
88 38 70971 0
48 102 70976 1
98 47 70987 1
28 76 71113 0
88 29 71208 0
87 33 71277 0
52 46 71295 1
30 88 71359 0
31 97 71364 0
47 95 71365 1
38 108 71381 0
72 61 71437 1
44 85 71442 1
104 21 71446 1
49 102 71470 1
49 101 71474 1
64 46 71504 1
83 62 71507 0
28 95 71705 0
71 95 71748 0
88 32 71758 0
94 14 71759 1
48 96 71768 1
68 48 71801 1
28 78 71829 0
33 100 71836 0
73 72 71870 1
56 45 71888 1
92 74 71902 1
103 27 71919 1
44 77 72023 1
68 113 72057 1
88 28 72058 0
83 53 72112 0
87 41 72226 0
102 15 72300 1
83 64 72357 0
95 14 72425 1
84 52 72468 0
42 108 72500 0
29 77 72574 0
98 45 72612 1
32 97 72956 0
72 64 73122 1
59 97 73137 0
101 15 73238 1
109 45 73272 1
74 72 73311 1
34 101 73496 0
56 65 73526 0
109 45 73559 0
33 62 73581 0
52 45 73622 1
82 64 73689 0
86 45 73710 0
57 67 73769 0
44 84 73800 1
31 67 73883 0
61 98 73949 0
58 95 73997 0
38 106 74007 1
96 60 74112 1
70 52 74138 1
95 65 74197 1
31 94 74219 0
33 102 74283 0
72 63 74327 1
87 38 74400 0
57 73 74413 0
82 68 74476 0
37 104 74543 0
98 46 74550 1
55 86 74585 0
103 19 74589 1
89 31 74620 0
36 103 74711 1
97 13 74793 1
84 51 74813 0
57 72 74821 0
101 38 74847 1
83 61 75009 0
68 97 75016 0
102 29 75043 1
28 87 75086 0
84 53 75165 0
58 64 75252 0
63 47 75263 1
67 98 75382 0
55 45 75403 1
70 51 75466 1
57 82 75486 0
83 86 75496 0
100 42 75524 1
29 85 75550 0
26 84 75570 0
83 62 75588 0
101 39 75609 1
103 25 75614 1
57 66 75705 0
89 22 75768 0
73 61 75818 1
27 74 75825 0
82 59 75910 0
84 50 75966 0
56 92 75992 0
45 84 76088 1
43 80 76088 1
85 47 76094 0
68 41 76105 1
27 78 76124 0
91 74 76156 1
101 37 76160 1
69 97 76187 0
72 59 76188 1
89 20 76190 0
46 90 76205 1
83 54 76214 0
72 57 76242 1
83 65 76246 0
57 92 76247 0
48 97 76275 1
101 33 76279 1
28 83 76341 0
55 92 76430 0
64 98 76500 0
101 16 76556 1
30 86 76572 0
89 19 76601 0
46 91 76656 1
31 96 76786 0
104 18 76805 1
71 53 76826 1
57 80 76870 0
57 74 76917 0
98 13 76979 1
74 93 77010 0
91 75 77031 1
32 98 77031 0
48 98 77057 1
72 73 77116 1
32 97 77152 0
56 86 77158 0
28 73 77161 0
88 27 77166 0
88 37 77209 0
33 99 77216 0
89 34 77219 0
58 45 77225 1
59 96 77260 0
62 98 77260 0
58 94 77289 0
103 17 77304 1
96 62 77384 1
33 63 77387 0
69 50 77397 1
43 107 77406 0
30 71 77412 0
86 46 77420 0
97 54 77438 1
54 45 77476 1
99 13 77477 1
100 14 77478 1
56 78 77485 0
101 15 77505 1
81 69 77559 1
88 30 77567 0
89 26 77619 0
28 74 77627 0
57 64 77632 0
60 97 77633 0
30 87 77664 0
34 101 77676 0
29 71 77683 0
84 47 77720 0
54 64 77744 0
63 46 77746 1
67 47 77749 1
67 48 77764 1
47 94 77779 1
56 89 77807 0
71 54 77816 1
35 102 77861 0
83 58 77899 0
28 84 77905 0
36 105 77907 0
70 50 77936 1
71 57 77938 1
29 78 77960 0
29 75 77967 0
31 99 77971 0
47 102 77976 1
44 107 77997 0
28 80 78061 0
54 96 78090 0
67 99 78092 0
29 101 78116 0
29 88 78147 0
29 91 78148 0
32 99 78172 0
73 59 78187 1
41 108 78212 0
87 42 78213 0
31 93 78218 0
48 100 78219 1
56 74 78287 0
56 87 78294 0
37 58 78327 0
56 93 78341 0
68 47 78375 1
43 79 78389 1
96 59 78393 1
96 57 78410 1
93 70 78413 1
97 57 78423 1
57 94 78425 0
68 49 78475 1
71 70 78481 1
55 72 78489 0
31 91 78499 0
56 79 78502 0
35 105 78508 0
57 86 78517 0
65 47 78523 1
56 85 78524 0
57 70 78524 0
86 43 78524 0
85 45 78549 0
65 46 78587 1
88 28 78599 0
85 50 78636 0
96 55 78656 1
35 104 78671 0
32 64 78683 0
83 59 78710 0
28 79 78729 0
58 68 78736 0
89 27 78752 0
26 82 78798 0
34 60 78815 0
32 65 78870 0
72 55 78872 1
33 61 78894 0
57 71 78902 0
88 39 78911 0
83 67 78933 0
65 98 78970 0
89 21 78974 0
88 81 78980 0
29 81 79010 0
29 86 79015 0
95 13 79039 1
29 76 79041 0
57 97 79083 0
83 64 79089 0
66 98 79090 0
87 39 79097 0
55 74 79098 0
71 95 79109 0
59 95 79110 0
27 89 79178 0
57 73 79302 0
28 88 79313 0
72 58 79328 1
46 105 79335 1
29 89 79363 0
43 108 79378 0
73 73 79381 1
29 90 79413 0
88 38 79432 0
98 49 79443 1
60 45 79471 1
47 97 79502 1
45 107 79535 0
89 23 79542 0
94 70 79545 1
88 25 79562 0
69 95 79589 0
56 88 79617 0
83 62 79622 0
90 78 79645 1
61 45 79694 1
43 51 79718 1
46 92 79739 1
30 70 79855 0
50 47 79875 1
72 60 79954 1
57 72 79956 0
46 86 79968 1
51 46 79981 1
72 70 79982 1
57 44 80007 1
61 96 80056 0
69 51 80057 1
64 97 80066 0
72 67 80097 1
45 81 80112 1
61 46 80123 1
57 83 80128 0
48 99 80132 1
69 49 80147 1
29 85 80153 0
44 78 80200 1
57 67 80223 0
97 14 80225 1
29 70 80246 0
73 71 80272 1
105 20 80280 1
87 40 80294 0
56 76 80301 0
99 43 80321 1
73 64 80334 1
72 56 80337 1
34 104 80340 0
96 66 80371 1
57 93 80418 0
72 65 80441 1
61 44 80445 1
54 44 80479 1
97 53 80479 1
53 46 80493 1
73 66 80507 1
58 95 80513 0
69 48 80542 1
91 77 80548 1
32 97 80569 0
72 69 80582 1
92 73 80602 1
101 14 80639 1
45 85 80645 1
93 72 80683 1
45 89 80837 1
73 68 80862 1
49 99 80914 1
82 60 80943 0
60 46 80995 1
37 105 81033 0
56 80 81199 0
32 106 81386 0
29 78 81392 0
64 46 81423 1
44 81 81455 1
47 96 81463 1
99 45 81472 1
45 87 81476 1
47 98 81486 1
33 99 81495 0
62 14 81499 1
62 45 81500 1
41 107 81541 0
57 92 81565 0
84 52 81602 0
30 86 81749 0
57 66 81768 0
47 95 81777 1
34 101 81793 0
44 82 81793 1
46 88 81872 1
54 46 81873 1
39 108 81936 0
46 94 81943 1
56 64 81944 0
29 72 81957 0
48 103 81988 1
58 64 82009 0
59 45 82044 1
68 48 82046 1
30 93 82123 0
84 50 82147 0
58 65 82187 0
63 98 82190 0
89 31 82285 0
36 105 82347 0
96 64 82360 1
96 13 82366 1
88 33 82395 0
45 86 82485 1
59 95 82592 0
32 101 82614 0
73 67 82676 1
33 100 82700 0
104 26 82703 1
39 107 82757 0
29 73 82789 0
103 28 82832 1
57 45 82856 1
102 15 82861 1
74 74 82958 1
45 75 82967 1
45 82 83000 1
31 95 83004 0
66 47 83009 1
70 51 83021 1
38 108 83068 0
48 97 83089 1
83 63 83136 0
71 52 83185 1
101 34 83261 1
85 47 83273 0
67 96 83314 0
45 93 83333 1
45 91 83366 1
58 72 83385 0
73 74 83416 1
43 106 83417 0
64 45 83462 1
46 74 83471 1
56 71 83553 0
57 84 83576 0
35 60 83641 0
56 92 83675 0
62 46 83675 1
104 24 83860 1
32 98 83879 0
49 100 83941 1
103 16 83958 1
45 88 83970 1
56 83 84028 0
58 96 84028 0
73 62 84102 1
59 44 84126 1
96 95 84126 0
96 58 84127 1
85 46 84172 0
72 68 84188 1
33 65 84190 0
47 94 84199 1
92 76 84204 1
96 61 84273 1
49 46 84303 1
56 88 84316 0
80 70 84317 1
95 66 84413 1
45 90 84413 1
57 93 84493 0
28 81 84504 0
30 94 84513 0
69 50 84572 1
87 22 84600 0
84 48 84600 0
30 91 84673 0
48 104 84712 1
57 81 84869 0
101 40 84941 1
102 30 84970 1
56 75 84983 0
47 99 85036 1
104 23 85089 1
66 46 85113 1
60 44 85200 1
35 102 85223 0
84 51 85333 0
33 97 85334 0
44 80 85508 1
89 24 85515 0
104 25 85544 1
96 60 85672 1
104 17 85682 1
48 98 85770 1
37 104 85802 0
48 101 85824 1
97 55 85840 1
82 69 85876 1
97 56 85913 1
44 83 85969 1
100 13 86081 1
96 14 86083 1
73 60 86085 1
94 67 86222 1
31 66 86237 0
91 76 86439 1
101 36 86610 1
53 45 86658 1
35 101 86720 0
97 51 86759 1
29 78 86898 0
82 63 86936 0
94 69 87005 1
34 104 87048 0
43 50 87093 1
58 66 87097 0
90 18 87103 0
47 93 87118 1
47 49 87138 1
29 83 87154 0
30 69 87206 0
86 45 87341 0
53 44 87455 1
100 40 87497 1
82 67 87508 0
58 65 87573 0
100 14 87576 1
46 89 87796 1
44 51 87799 1
49 47 87832 1
86 41 87840 0
100 44 87912 1
56 44 87916 1
71 55 88043 1
57 80 88082 0
94 68 88113 1
57 69 88151 0
101 13 88165 1
68 98 88226 0
41 107 88233 0
89 22 88270 0
63 98 88325 0
103 17 88334 1
72 64 88374 1
57 74 88390 0
56 91 88411 0
96 63 88414 1
103 29 88416 1
71 53 88427 1
62 100 88436 0
104 18 88447 1
72 62 88465 1
56 99 88510 0
87 33 88521 0
56 88 88638 0
101 35 88665 1
28 78 88685 0
56 76 88708 0
45 83 88722 1
36 105 88725 0
31 96 88738 0
45 76 88745 1
47 48 88753 1
103 15 88907 1
101 32 88962 1
72 71 88973 1
89 24 88978 0
68 49 89026 1
83 62 89068 0
89 33 89068 0
104 19 89136 1
97 13 89190 1
105 19 89256 1
71 54 89258 1
67 48 89268 1
89 26 89362 0
83 61 89397 0
84 53 89436 0
55 45 89452 1
72 58 89478 1
72 59 89493 1
71 96 89516 0
57 82 89548 0
63 45 89586 1
95 11 89609 0
61 99 89633 0
57 64 89646 0
93 15 89653 1
104 21 89670 1
58 44 89675 1
32 97 89759 0
97 49 89763 1
98 47 89773 1
60 97 89780 0
58 45 89829 1
97 60 89836 1
59 95 89845 0
83 59 89871 0
101 15 89873 1
85 50 89891 0
31 94 89931 0
58 94 89948 0
67 47 89959 1
50 46 90032 1
90 19 90044 0
31 68 90056 0
47 97 90147 1
100 39 90196 1
70 95 90221 0
72 57 90231 1
65 46 90234 1
70 49 90241 1
84 49 90242 0
56 45 90282 1
57 73 90295 0
57 81 90316 0
71 95 90359 0
87 41 90372 0
74 95 90376 0
46 91 90379 1
30 88 90424 0
56 90 90429 0
75 94 90466 0
57 72 90504 0
57 67 90526 0
54 81 90540 0
29 77 90574 0
83 65 90588 0
97 59 90602 1
57 93 90609 0
63 46 90629 1
65 99 90633 0
72 72 90652 1
70 50 90653 1
58 66 90657 0
99 13 90672 1
104 16 90750 1
29 85 90863 0
57 65 90866 0
101 33 90877 1
57 66 90944 0
102 28 90955 1
73 63 90960 1
98 48 90960 1
97 58 90975 1
89 34 91008 0
29 73 91014 0
31 93 91050 0
46 90 91051 1
86 46 91090 0
72 56 91106 1
68 96 91110 0
57 86 91184 0
96 57 91219 1
31 91 91369 0
102 32 91384 1
74 73 91440 1
92 75 91471 1
102 29 91488 1
84 56 91490 0
89 31 91504 0
30 90 91511 0
30 87 91530 0
101 38 91557 1
89 27 91561 0
71 94 91609 0
30 80 91625 0
101 37 91631 1
57 83 91633 0
72 55 91658 1
97 52 91658 1
29 83 91682 0
48 96 91686 1
61 97 91713 0
89 23 91777 0
69 50 91804 1
88 37 91832 0
73 65 91837 1
69 49 91851 1
100 43 91915 1
83 68 91951 0
32 66 91952 0
34 101 91956 0
73 58 91988 1
33 101 91997 0
61 96 92101 0
57 91 92106 0
29 75 92144 0
56 74 92152 0
98 46 92165 1
72 54 92267 1
86 42 92297 0
34 62 92305 0
89 24 92350 0
30 86 92360 0
57 92 92381 0
61 45 92389 1
29 81 92390 0
64 98 92416 0
72 67 92438 1
71 52 92460 1
83 60 92514 0
30 82 92586 0
31 92 92597 0
29 76 92612 0
58 64 92630 0
60 45 92649 1
26 91 92653 0
37 105 92686 0
33 99 92699 0
90 22 92790 0
43 107 92810 0
46 87 92830 1
98 13 92836 1
29 86 92836 0
91 102 92875 1
56 81 92890 0
58 65 92903 0
36 103 92907 0
87 38 92919 0
57 75 92939 0
70 51 92944 1
99 12 92959 1
98 50 92994 1
30 94 93023 0
72 60 93196 1
68 47 93200 1
30 81 93218 0
97 54 93250 1
64 46 93250 1
75 93 93256 0
62 96 93277 0
46 85 93311 1
101 14 93381 1
83 64 93396 0
46 88 93436 1
97 57 93468 1
29 79 93472 0
72 73 93541 1
56 88 93583 0
105 21 93585 1
100 41 93619 1
46 92 93625 1
38 106 93686 0
73 70 93698 1
99 42 93746 1
37 104 93754 0
47 95 93786 1
57 90 93846 0
101 36 93859 1
105 23 93861 1
109 45 93915 1
89 33 93959 0
61 98 93967 0
27 85 93993 0
73 59 94068 1
45 84 94133 1
59 96 94161 0
73 57 94167 1
109 45 94202 0
45 89 94246 1
105 22 94253 1
58 66 94265 0
45 85 94293 1
32 92 94389 0
47 96 94393 1
102 15 94442 1
35 101 94466 0
70 96 94489 0
67 97 94509 0
63 98 94523 0
71 51 94526 1
64 97 94573 0
93 71 94593 1
88 28 94596 0
57 80 94610 0
48 100 94636 1
62 45 94638 1
84 50 94678 0
97 62 94699 1
56 91 94710 0
56 89 94725 0
68 48 94809 1
83 66 94841 0
46 89 94849 1
54 45 94871 1
57 84 94951 0
96 65 94961 1
35 102 94967 0
58 94 94969 0
57 91 95018 0
85 43 95028 0
58 99 95031 0
58 95 95050 0
71 58 95058 1
59 95 95158 0
85 47 95173 0
44 78 95180 1
42 52 95234 1
86 33 95275 0
72 69 95299 1
85 40 95300 0
33 97 95306 0
57 81 95324 0
57 74 95357 0
66 46 95360 1
34 64 95444 0
42 110 95446 0
56 82 95473 0
84 56 95477 0
45 80 95494 1
71 54 95495 1
89 20 95521 0
61 97 95535 0
29 78 95559 0
41 107 95566 0
102 14 95569 1
31 97 95624 0
85 44 95750 0
103 17 95764 1
80 89 95781 0
69 48 95803 1
40 107 95878 0
34 103 95890 0
36 103 95904 0
58 72 95915 0
84 67 95981 0
45 86 95984 1
65 46 95998 1
83 62 96009 0
45 79 96021 1
97 53 96089 1
41 51 96148 1
45 81 96161 1
29 83 96165 0
62 44 96168 1
29 88 96210 0
44 81 96235 1
65 47 96258 1
43 108 96293 0
56 86 96366 0
95 14 96402 1
45 90 96420 1
97 63 96429 1
31 92 96471 0
32 97 96472 0
47 103 96483 1
48 99 96495 1
99 43 96588 1
47 94 96600 1
103 16 96673 1
26 79 96753 0
51 46 96768 1
83 60 96838 0
44 107 96904 0
72 58 96905 1
104 17 97015 1
34 104 97021 0
57 90 97063 0
48 48 97105 1
71 53 97151 1
67 47 97264 1
100 14 97335 1
87 31 97356 0
58 68 97432 0
66 98 97469 0
79 70 97489 1
44 77 97519 1
29 82 97544 0
42 51 97666 1
100 42 97714 1
57 75 97765 0
43 22 97776 0
73 94 97816 0
44 84 97820 1
57 82 97949 0
88 26 97968 0
35 63 97987 0
89 21 98001 0
101 39 98005 1
62 98 98006 0
29 79 98033 0
92 74 98058 1
58 93 98169 0
29 71 98358 0
65 98 98389 0
104 18 98410 1
102 33 98437 1
38 106 98453 0
82 63 98474 0
98 49 98479 1
36 106 98512 0
56 66 98785 0
48 95 98817 1
29 77 98876 0
35 61 98934 0
73 93 99136 0
46 86 99337 1
64 45 99361 1
65 45 99369 1
47 104 99384 1
45 88 99387 1
1 11 99409 1
48 94 99413 1
73 61 99415 1
70 49 99416 1
102 37 99468 1
94 13 99471 1
102 30 99527 1
89 24 99528 0
95 68 99562 1
75 73 99607 1
40 52 99663 1
105 20 99676 1
46 90 99707 1
59 45 99710 1
51 47 99749 1
97 55 99777 1
36 103 99907 0
52 45 99974 1
86 41 99996 0
37 56 100012 0
76 73 100098 1
31 95 100147 0
46 91 100234 1
57 45 100308 1
61 97 100434 0
45 49 100637 1
103 25 100688 1
57 91 100789 0
57 77 100797 0
46 48 100896 1
102 34 100897 1
96 13 100924 1
89 22 100934 0
0 3 100935 1
41 52 101025 1
83 66 101039 0
31 94 101065 0
72 55 101120 1
48 97 101165 1
57 93 101242 0
63 45 101285 1
73 73 101288 1
88 38 101327 0
104 24 101342 1
97 56 101378 1
97 61 101380 1
83 58 101394 0
97 51 101422 1
57 88 101431 0
72 56 101436 1
44 75 101440 1
96 62 101441 1
99 13 101441 1
88 39 101464 0
96 64 101483 1
63 46 101579 1
70 48 101602 1
58 73 101603 0
89 26 101607 0
36 105 101626 0
100 37 101742 1
57 79 101764 0
89 31 101781 0
96 12 101797 1
103 15 101863 1
72 70 101884 1
47 97 101964 1
74 93 101979 0
104 15 102051 1
85 50 102114 0
70 50 102145 1
29 82 102158 0
101 14 102201 1
96 63 102212 1
103 16 102252 1
83 61 102266 0
77 92 102371 0
87 42 102437 0
62 97 102442 0
83 60 102463 0
84 56 102482 0
71 52 102483 1
100 13 102490 1
67 96 102540 0
105 24 102544 1
56 88 102548 0
40 107 102551 0
86 45 102572 0
72 53 102579 1
73 64 102582 1
101 36 102608 1
97 13 102608 1
89 27 102622 0
58 93 102629 0
83 63 102663 0
101 13 102709 1
68 46 102717 1
57 83 102727 0
104 25 102749 1
69 49 102800 1
60 96 102817 0
101 37 102847 1
86 46 102848 0
97 57 102887 1
69 50 102890 1
47 93 102892 1
49 101 102892 1
87 43 102894 0
73 62 102911 1
73 72 102920 1
61 96 102964 0
86 43 103033 0
57 90 103046 0
69 47 103047 1
58 45 103048 1
104 17 103072 1
34 102 103085 0
89 34 103089 0
45 87 103102 1
55 45 103108 1
73 74 103111 1
45 91 103129 1
71 71 103147 1
61 61 103152 1
61 44 103152 1
57 44 103163 1
97 59 103164 1
58 66 103169 0
60 45 103194 1
89 33 103207 0
86 42 103234 0
89 23 103239 0
48 98 103249 1
84 52 103253 0
85 46 103262 0
81 69 103279 1
91 75 103295 1
57 73 103295 0
73 69 103296 1
57 86 103336 0
88 36 103349 0
67 46 103353 1
72 64 103359 1
71 50 103413 1
30 70 103430 0
68 47 103431 1
98 13 103432 1
62 96 103465 0
87 40 103468 0
57 77 103489 0
60 44 103511 1
57 92 103550 0
83 59 103562 0
59 65 103567 0
72 54 103583 1
38 106 103620 0
57 85 103632 0
90 22 103656 0
58 64 103736 0
72 72 103748 1
31 92 103761 0
97 58 103770 1
95 66 103774 1
87 27 103786 0
47 95 103798 1
55 44 103817 1
99 45 103833 1
56 45 103843 1
45 82 103855 1
89 24 103855 0
31 87 103862 0
31 91 103875 0
90 17 103910 0
90 19 103923 0
65 46 103926 1
55 97 103932 0
98 48 103948 1
79 90 103952 0
63 96 103955 0
43 106 103956 0
31 93 103994 0
38 108 104058 0
104 16 104084 1
49 99 104085 1
93 72 104086 1
87 36 104123 0
95 67 104134 1
34 101 104153 0
59 44 104162 1
58 70 104165 0
55 91 104193 0
76 72 104199 1
57 88 104205 0
78 91 104215 0
85 70 104227 0
85 47 104227 0
53 45 104234 1
29 73 104242 0
56 87 104274 0
105 19 104276 1
33 100 104294 0
29 81 104307 0
85 45 104310 0
33 99 104327 0
97 60 104339 1
97 54 104342 1
104 18 104353 1
57 80 104367 0
73 66 104418 1
67 47 104440 1
92 73 104442 1
37 104 104452 0
73 94 104452 0
33 97 104465 0
30 82 104466 0
74 74 104467 1
69 95 104492 0
57 79 104497 0
45 77 104498 1
32 98 104499 0
48 96 104500 1
30 88 104511 0
57 84 104532 0
66 45 104570 1
30 71 104590 0
95 13 104600 1
29 85 104603 0
57 81 104605 0
102 14 104614 1
46 75 104614 1
30 86 104623 0
61 45 104627 1
32 92 104630 0
72 52 104648 1
46 82 104668 1
102 36 104678 1
28 75 104682 0
47 94 104703 1
57 95 104717 0
71 51 104740 1
74 61 104759 1
74 60 104762 1
79 89 104764 0
89 26 104781 0
30 90 104797 0
44 83 104816 1
30 87 104867 0
54 89 104868 0
56 94 104876 0
32 100 104881 0
73 68 104892 1
37 57 104918 0
58 65 104919 0
98 12 104923 1
66 46 104948 1
68 48 104949 1
29 75 104958 0
74 93 104970 0
29 72 104975 0
63 44 104983 1
29 83 104989 0
82 61 105026 0
27 27 105038 0
57 83 105059 0
56 91 105060 0
83 85 105067 0
99 13 105073 1
105 18 105091 1
87 39 105092 0
58 44 105117 1
84 54 105125 0
46 89 105127 1
35 101 105130 0
87 37 105153 0
97 53 105153 1
85 50 105179 0
46 88 105188 1
89 31 105204 0
84 62 105215 0
70 51 105242 1
29 76 105258 0
49 97 105258 1
73 60 105259 1
60 96 105280 0
70 49 105285 1
69 95 105299 0
69 96 105299 0
45 85 105302 1
37 55 105311 0
69 48 105313 1
58 73 105319 0
49 102 105339 1
62 97 105344 0
57 72 105347 0
57 75 105363 0
64 97 105404 0
72 67 105407 1
30 63 105428 0
30 91 105428 0
46 84 105428 1
73 58 105438 1
72 71 105451 1
94 70 105452 1
101 38 105474 1
57 82 105499 0
88 39 105504 0
62 45 105517 1
72 56 105531 1
37 105 105557 0
36 103 105574 0
45 83 105585 1
29 89 105618 0
105 20 105627 1
57 91 105647 0
90 18 105661 0
69 49 105674 1
30 80 105688 0
49 96 105711 1
121 65 105728 1
57 77 105729 0
60 97 105731 0
46 85 105738 1
30 81 105746 0
105 22 105751 1
57 64 105760 0
29 79 105778 0
98 47 105790 1
49 100 105794 1
95 12 105794 1
46 49 105840 1
48 101 105861 1
47 96 105889 1
73 59 105925 1
35 102 105926 0
71 52 105928 1
101 14 105930 1
57 71 105943 0
61 97 105947 0
103 14 105958 1
68 96 105962 0
73 71 105969 1
97 12 105980 1
55 69 105985 0
47 93 105995 1
46 87 106003 1
43 51 106039 1
29 78 106050 0
57 86 106083 0
43 107 106092 0
70 50 106106 1
83 46 106149 0
56 44 106149 1
56 76 106155 0
78 71 106180 1
58 72 106194 0
58 93 106216 0
97 64 106235 1
29 82 106259 0
46 81 106282 1
71 94 106300 0
58 94 106304 0
51 45 106316 1
103 16 106369 1
88 38 106376 0
92 75 106380 1
72 55 106406 1
49 98 106425 1
45 81 106427 1
73 67 106437 1
64 45 106437 1
72 53 106439 1
61 96 106479 0
57 85 106500 0
70 95 106527 0
45 107 106564 0
57 74 106570 0
86 44 106571 0
74 58 106594 1
33 97 106594 0
82 67 106634 0
45 84 106649 1
57 88 106654 0
89 22 106663 0
47 92 106677 1
48 97 106683 1
88 37 106689 0
44 78 106710 1
46 90 106721 1
46 91 106732 1
99 46 106736 1
62 96 106760 0
94 69 106766 1
29 77 106769 0
47 95 106770 1
27 83 106797 0
48 95 106837 1
29 81 106848 0
65 45 106892 1
73 57 106902 1
60 43 106913 1
48 94 106925 1
57 90 106927 0
73 56 106947 1
32 97 106951 0
74 73 106960 1
37 104 106980 0
102 13 106980 1
98 50 106984 1
86 46 107024 0
57 79 107031 0
103 15 107048 1
33 64 107048 0
59 101 107055 0
93 73 107096 1
89 27 107109 0
45 86 107115 1
67 46 107147 1
63 45 107196 1
68 47 107257 1
101 13 107276 1
56 92 107291 0
60 96 107303 0
103 17 107321 1
72 69 107342 1
76 93 107360 0
43 106 107384 0
32 92 107417 0
83 60 107429 0
62 44 107462 1
36 58 107466 0
103 28 107467 1
65 46 107468 1
69 47 107491 1
31 91 107501 0
101 40 107503 1
60 45 107512 1
45 80 107514 1
84 62 107528 0
99 12 107542 1
97 62 107548 1
48 96 107589 1
59 43 107612 1
47 94 107677 1
86 45 107684 0
92 76 107690 1
46 76 107693 1
104 17 107720 1
59 92 107746 0
73 62 107773 1
59 65 107839 0
74 70 107876 1
58 70 107879 0
30 82 107894 0
89 25 107897 0
47 91 107935 1
72 58 107940 1
102 32 107960 1
86 38 108014 0
74 57 108018 1
80 60 108027 0
88 26 108028 0
89 34 108057 0
38 57 108087 0
58 66 108115 0
74 67 108145 1
105 21 108164 1
74 62 108177 1
50 47 108190 1
48 102 108214 1
29 92 108215 0
57 84 108228 0
29 86 108286 0
80 70 108303 1
46 107 108313 0
28 80 108320 0
102 33 108320 1
24 80 108331 0
59 63 108333 0
58 45 108335 1
57 77 108342 0
89 33 108408 0
57 44 108415 1
102 34 108416 1
40 107 108419 0
68 46 108437 1
41 107 108463 0
98 51 108475 1
30 94 108480 0
62 97 108491 0
31 69 108514 0
34 102 108571 0
35 101 108589 0
57 79 108606 1
57 81 108606 0
31 85 108610 0
63 96 108645 0
57 80 108657 0
26 80 108712 0
82 56 108714 0
83 66 108730 0
34 61 108751 0
37 58 108772 0
88 36 108804 0
55 75 108823 0
97 52 108825 1
100 12 108827 1
31 87 108839 0
30 86 108871 0
29 75 108911 0
75 93 108914 0
33 99 108918 0
58 64 108942 0
71 50 108979 1
84 56 108992 0
98 49 108993 1
84 53 108994 0
31 92 109006 0
44 81 109008 1
28 92 109013 0
55 45 109028 1
102 30 109093 1
44 107 109095 0
73 93 109119 0
83 65 109132 0
60 96 109150 0
26 47 109164 0
72 54 109193 1
84 54 109205 0
41 105 109223 0
38 106 109239 0
82 69 109281 1
48 98 109282 1
35 104 109333 0
61 44 109356 1
74 64 109387 1
105 17 109390 1
85 51 109428 0
97 55 109453 1
46 86 109465 1
64 98 109474 0
48 100 109495 1
58 73 109517 0
31 93 109591 0
92 74 109664 1
45 89 109666 1
46 88 109669 1
57 83 109698 0
90 22 109704 0
25 82 109717 0
54 80 109766 0
57 88 109766 0
47 93 109851 1
106 21 109891 1
54 45 109914 1
63 98 109937 0
54 44 109949 1
55 44 110005 1
43 50 110012 1
69 48 110091 1
49 103 110108 1
70 49 110146 1
57 92 110232 0
71 51 110236 1
45 82 110288 1
36 103 110298 0
59 44 110344 1
30 87 110350 0
28 98 110400 0
59 69 110404 0
84 62 110411 0
100 41 110458 1
71 49 110502 1
104 26 110504 1
30 80 110514 0
73 73 110558 1
58 68 110562 0
87 41 110585 0
67 47 110634 1
102 35 110641 1
34 105 110657 0
89 24 110664 0
67 97 110691 0
57 105 110698 0
103 27 110700 1
96 13 110715 1
97 56 110731 1
60 96 110802 0
57 94 110820 0
33 65 110839 0
96 60 110842 1
57 85 110849 0
91 76 110853 1
73 63 110861 1
60 44 110896 1
84 67 110938 0
29 78 110996 0
89 25 111048 0
45 106 111051 0
33 95 111084 0
86 49 111122 0
97 63 111141 1
101 41 111172 1
71 95 111229 0
53 45 111237 1
46 89 111263 1
68 97 111302 0
31 71 111330 0
73 94 111334 0
57 79 111367 0
58 69 111382 0
74 66 111389 1
29 69 111396 0
29 83 111431 0
88 40 111462 0
86 44 111515 0
32 104 111576 0
47 102 111581 1
66 46 111637 1
46 106 111699 0
32 96 111700 0
29 84 111794 0
30 81 111794 0
29 82 111876 0
42 108 111893 0
35 102 111939 0
58 65 112004 0
34 101 112060 0
71 54 112098 1
43 109 112103 0
73 64 112108 1
85 51 112142 0
28 77 112146 0
104 16 112165 1
29 76 112181 0
29 79 112193 0
56 95 112194 0
57 87 112261 0
56 70 112285 0
85 52 112286 1
57 91 112301 0
83 59 112308 0
100 43 112375 1
60 96 112401 0
30 96 112423 0
28 76 112424 0
82 58 112472 0
29 81 112473 0
96 65 112475 1
90 24 112491 0
32 99 112503 0
43 79 112522 1
32 92 112537 0
58 93 112574 0
72 73 112577 1
58 70 112622 0
33 66 112666 0
102 14 112719 1
101 35 112736 1
40 106 112782 0
87 43 112787 0
58 44 112797 1
47 92 112799 1
70 48 112839 1
26 85 112877 0
97 13 112978 1
57 77 112995 0
71 52 113013 1
29 73 113069 0
28 75 113203 0
28 91 113305 0
49 99 113476 1
59 97 113621 0
98 13 113686 1
89 28 113766 0
30 95 113867 1
30 103 113867 0
101 36 113867 1
55 81 113923 0
101 37 113965 1
57 43 114119 1
48 46 114174 1
50 46 114178 1
67 45 114222 1
32 96 114235 0
60 96 114243 0
77 71 114288 1
74 72 114300 1
84 54 114339 0
74 63 114370 1
52 45 114448 1
56 67 114455 0
73 61 114537 1
68 49 114538 1
77 91 114630 0
45 85 114645 1
45 76 114775 1
101 39 114807 1
98 54 114817 1
83 62 114848 0
105 23 115026 1
47 94 115041 1
47 90 115095 1
78 70 115097 1
45 75 115106 1
88 40 115131 0
57 87 115216 0
56 45 115244 1
100 40 115408 1
48 97 115408 1
46 73 115478 1
46 90 115527 1
62 97 115529 0
84 62 115534 0
45 81 115556 1
31 88 115608 0
85 51 115689 0
58 69 115701 0
93 70 115702 1
51 46 115710 1
64 45 115782 1
89 25 115794 0
60 96 115865 0
51 44 115929 1
29 84 115941 0
49 97 115956 1
102 29 115976 1
72 52 115978 1
73 66 115995 1
49 101 116085 1
110 28 116142 1
97 57 116181 1
73 58 116232 1
73 55 116255 1
98 52 116256 1
35 99 116290 0
74 59 116313 1
46 77 116324 1
97 61 116360 1
69 46 116377 1
103 30 116388 1
46 87 116432 1
94 71 116435 1
94 14 116458 1
40 106 116483 0
91 17 116592 0
88 36 116664 0
89 38 116673 0
44 77 116674 1
89 23 116714 0
105 19 116786 1
89 28 116804 0
67 98 116826 0
69 13 116844 0
97 58 116856 1
85 50 116876 0
72 53 116880 1
73 65 116888 1
30 88 116900 0
97 69 116925 1
97 59 116925 1
103 29 116944 1
89 29 116970 0
33 97 117056 0
69 49 117083 1
70 50 117145 1
64 97 117180 0
97 54 117213 1
30 85 117296 0
32 96 117334 0
83 58 117340 0
45 78 117456 1
107 20 117555 1
96 66 117573 1
73 74 117575 1
66 45 117576 1
62 96 117582 0
46 85 117598 1
60 96 117711 0
30 92 117739 0
34 102 117784 0
89 21 117805 0
47 95 117815 1
89 26 117839 0
67 46 117864 1
89 31 117910 0
85 55 117929 0
59 65 117938 0
40 108 118010 0
101 33 118026 1
57 86 118085 0
31 101 118120 0
90 17 118156 0
61 45 118204 1
54 46 118221 1
95 11 118230 1
62 45 118238 1
25 75 118303 0
39 107 118308 0
57 82 118329 0
45 88 118347 1
99 43 118375 1
56 44 118402 1
88 23 118427 0
31 85 118437 0
73 54 118443 1
63 43 118488 1
58 92 118555 0
73 59 118576 1
31 94 118621 0
57 88 118644 0
54 88 118690 0
48 93 118698 1
62 43 118779 1
72 51 118788 1
105 18 118824 1
55 43 118839 1
30 67 118878 0
82 86 118910 0
36 59 118949 0
106 20 119059 1
65 45 119132 1
57 78 119160 0
46 91 119161 1
90 20 119174 0
37 104 119193 0
73 70 119200 1
59 66 119315 0
63 45 119317 1
58 62 119322 0
31 88 119349 0
84 55 119366 0
60 96 119395 0
96 64 119454 1
32 66 119535 0
83 64 119565 0
57 87 119592 0
97 53 119611 1
30 71 119623 0
89 28 119638 0
41 105 119641 0
63 44 119721 1
59 70 119747 0
30 82 119838 0
93 71 120042 1
99 13 120062 1
58 73 120129 0
100 42 120236 1
105 25 120255 1
87 42 120258 0
58 72 120267 0
61 96 120268 0
30 70 120344 0
89 29 120484 0
56 77 120512 0
46 82 120610 1
49 98 120620 1
45 90 120653 1
68 47 120722 1
30 85 120784 0
104 24 121011 1
60 96 121014 0
44 50 121034 1
32 105 121039 0
98 12 121086 1
104 15 121090 1
88 40 121104 0
29 84 121110 0
90 19 121111 0
97 60 121212 1
32 91 121246 0
61 97 121286 0
34 99 121290 0
84 64 121337 0
34 106 121374 0
58 92 121383 0
31 70 121568 0
73 56 121614 1
59 92 121625 0
48 103 121637 1
49 46 121675 1
102 37 121691 1
89 32 121694 0
88 31 121772 0
99 45 121804 1
101 38 121811 1
57 75 121812 0
59 67 121847 0
86 44 121891 0
86 42 122001 0
40 106 122044 0
57 73 122217 0
57 90 122237 0
48 49 122246 1
98 48 122292 1
48 96 122339 1
97 65 122357 1
86 41 122491 0
46 83 122586 1
61 100 122660 0
88 26 122737 0
96 12 122753 1
30 84 122756 0
75 73 122758 1
47 91 122791 1
58 69 122824 0
73 72 122856 1
45 84 122885 1
32 96 122920 0
97 12 122969 1
57 78 122974 0
88 21 122984 0
58 43 123000 1
100 44 123051 1
65 46 123080 1
46 78 123081 1
89 28 123085 0
48 94 123086 1
46 84 123127 1
36 102 123292 0
60 96 123484 0
50 99 123498 1
31 91 123509 0
73 68 123584 1
43 80 123590 1
90 20 123901 0
34 99 123935 0
35 101 123938 0
73 57 123943 1
29 87 124026 0
33 95 124053 0
49 100 124115 1
103 15 124260 1
84 55 124285 0
44 106 124289 0
58 92 124340 0
58 62 124594 0
84 57 124642 0
85 52 124704 0
89 29 124732 0
83 57 124763 0
27 86 124866 0
45 83 124871 1
60 96 124875 0
34 98 124934 0
28 99 124949 0
104 17 125073 1
96 63 125080 1
28 96 125140 0
33 98 125181 0
30 85 125198 0
31 88 125239 0
28 75 125250 0
89 32 125313 0
102 33 125336 1
65 97 125428 0
69 48 125505 1
85 47 125527 0
32 91 125578 0
84 64 125633 0
70 49 125887 1
56 43 125947 1
30 92 125984 0
95 69 126078 1
79 70 126106 1
71 68 126160 1
93 14 126181 1
104 27 126207 1
36 102 126257 0
73 53 126257 1
49 96 126312 1
84 54 126459 0
75 72 126538 1
60 96 126660 0
27 88 126687 0
30 84 126711 0
66 96 126764 0
61 43 127143 1
79 69 127329 1
53 44 127411 1
47 87 127420 1
46 80 127671 1
89 25 127974 0
58 70 128042 0
59 67 128047 0
34 104 128086 0
88 27 128139 0
89 28 128346 0
33 98 128530 0
34 99 128585 0
85 52 128648 0
27 80 128876 0
57 78 128883 0
82 62 128969 0
59 42 129054 1
50 101 129058 1
66 44 129091 1
98 58 129197 1
104 25 129222 1
60 96 129265 0
98 50 129517 1
38 107 129802 0
85 51 129990 0
34 98 130170 0
91 77 130422 1
93 80 130462 1
57 62 130547 0
65 97 130683 0
105 20 130724 1
101 13 130876 1
93 74 131001 1
59 66 131037 0
83 61 131051 0
80 69 131083 1
89 32 131130 0
43 106 131274 0
91 18 131357 0
84 55 131493 0
71 51 131769 1
58 92 131863 0
57 84 131966 0
60 96 131969 0
36 102 132287 0
64 43 132370 1
84 57 132419 0
71 50 132456 1
89 33 132555 0
33 98 132558 0
30 69 132637 0
86 46 132661 0
104 18 132678 1
90 20 132838 0
83 52 132940 0
59 63 133172 0
2 38 133177 0
85 48 133268 0
55 73 133508 0
60 96 133571 0
57 74 133598 0
13 92 133657 0
44 78 133665 1
30 79 133671 0
30 84 133671 0
29 77 133813 0
90 18 133991 0
109 45 134124 1
56 77 134148 0
81 69 134219 1
32 92 134372 0
58 63 134404 0
56 95 134443 0
86 49 134467 0
83 57 134537 0
109 45 134637 0
87 30 134796 0
30 80 134817 0
89 29 134829 0
57 62 134837 0
63 99 134865 0
66 96 134866 0
85 52 135101 0
69 47 135227 1
89 36 135266 0
56 63 135285 0
60 96 135324 0
102 13 135367 1
11 39 135457 1
102 36 135572 1
34 100 135679 0
29 87 135734 0
40 104 135744 0
86 45 135766 0
46 86 135864 1
60 44 135910 1
57 63 136043 0
31 89 136181 0
95 68 136271 1
44 106 136376 0
84 62 136582 0
44 51 136610 1
47 92 136611 1
29 71 136635 0
64 44 136716 1
36 59 136774 0
58 82 136831 0
29 84 136907 0
61 44 137136 1
45 33 137334 1
60 96 137741 0
66 97 138044 0
47 96 138071 1
98 49 138494 1
36 108 138513 0
29 80 138804 0
88 35 139103 0
58 63 139115 0
58 78 139118 0
60 96 139150 0
38 106 139180 0
30 92 139192 0
105 22 139284 1
47 93 139297 1
86 48 139324 0
39 106 139428 0
101 14 139695 1
85 48 139846 0
73 67 139908 1
41 106 140009 0
35 103 140051 0
33 98 140194 0
65 97 140321 0
57 87 140407 0
34 100 140470 0
105 21 140512 1
103 14 140651 1
46 74 140897 1
99 64 140926 1
60 96 140976 0
102 34 141117 1
57 63 141185 0
84 60 141231 0
57 85 141271 0
90 24 141351 0
90 22 141399 0
104 16 141416 1
97 56 141513 1
97 57 141625 1
95 66 141694 1
89 34 141824 0
99 12 141851 1
90 21 141914 0
97 62 142011 1
97 55 142120 1
102 14 142217 1
105 24 142386 1
62 44 142443 1
98 51 142457 1
39 109 142507 0
85 64 142550 0
83 68 142629 1
100 12 142733 1
60 96 142755 0
102 38 142775 1
99 47 142777 1
97 59 142808 1
105 16 142834 1
68 46 142866 1
105 17 142878 1
74 93 142884 0
84 64 142885 0
103 16 142903 1
88 34 142937 0
88 39 142950 0
101 13 142952 1
59 95 142986 0
65 44 143019 1
70 47 143019 1
97 54 143161 1
93 72 143169 1
73 62 143210 1
72 53 143210 1
95 67 143239 1
89 36 143241 0
99 46 143277 1
73 71 143348 1
86 48 143361 0
42 106 143370 0
104 15 143373 1
55 45 143481 1
60 95 143548 0
45 80 143552 1
27 96 143564 0
47 89 143596 1
62 96 143598 0
71 94 143598 0
57 62 143620 0
46 88 143626 1
46 89 143663 1
96 67 143669 1
86 43 143737 0
31 89 143743 0
102 35 143766 1
88 38 143767 0
58 78 143769 0
33 94 143823 0
72 50 143844 1
97 63 143848 1
83 60 143857 0
67 96 143891 0
67 46 143898 1
58 88 143901 0
56 63 143949 0
71 49 143950 1
72 60 143952 1
72 52 143952 1
60 96 143968 0
74 56 143976 1
64 45 143984 1
57 44 144021 1
98 59 144023 1
105 19 144024 1
59 44 144025 1
60 45 144056 1
103 28 144066 1
98 53 144084 1
97 13 144086 1
85 50 144086 0
58 62 144108 0
33 97 144110 0
101 39 144138 1
93 75 144145 1
33 93 144153 0
48 92 144176 1
73 93 144190 0
83 56 144205 0
45 77 144212 1
53 45 144222 1
74 73 144222 1
101 40 144230 1
97 53 144234 1
50 97 144234 1
83 66 144236 0
103 15 144259 1
45 79 144259 1
101 12 144277 1
105 18 144292 1
47 49 144341 1
31 87 144344 0
90 22 144367 0
83 63 144376 0
58 73 144408 0
74 71 144454 1
74 68 144463 1
69 57 144470 1
69 95 144470 0
97 56 144484 1
63 96 144504 0
70 48 144515 1
47 83 144529 1
74 58 144558 1
74 69 144579 1
55 44 144593 1
48 95 144596 1
57 83 144611 0
84 56 144630 0
73 59 144663 1
45 82 144670 1
73 73 144670 1
66 97 144726 0
59 43 144746 1
34 64 144750 0
84 60 144762 0
30 86 144787 0
67 45 144846 1
71 50 144879 1
91 18 144902 0
103 29 144909 1
73 54 144925 1
59 69 144926 0
66 45 144942 1
89 27 144944 0
100 45 144954 1
88 40 144955 0
59 67 144963 0
58 44 144974 1
102 13 144979 1
46 81 144993 1
68 96 144997 0
87 40 145023 0
60 96 145030 0
100 43 145041 1
55 83 145051 0
34 99 145081 0
74 61 145086 1
85 55 145090 0
101 42 145101 1
35 99 145132 0
37 57 145153 0
48 101 145159 1
74 57 145161 1
34 98 145167 0
105 20 145182 1
30 85 145183 0
86 46 145187 0
58 63 145191 0
30 81 145198 0
59 65 145211 0
92 75 145226 1
48 94 145228 1
69 47 145242 1
49 97 145243 1
59 92 145267 0
67 44 145271 1
95 14 145279 1
29 72 145302 0
89 32 145323 0
67 97 145326 0
31 92 145339 0
45 81 145400 1
30 87 145447 0
51 45 145549 1
41 106 145549 0
68 46 145557 1
29 80 145565 0
58 45 145599 1
36 104 145600 0
73 55 145613 1
58 82 145622 0
73 56 145672 1
68 47 145674 1
57 81 145682 0
98 12 145683 1
76 73 145683 1
107 19 145686 1
103 30 145699 1
63 44 145726 1
102 34 145741 1
73 64 145762 1
90 24 145780 0
54 44 145793 1
47 82 145821 1
71 48 145829 1
30 82 145841 0
32 91 145847 0
74 55 145857 1
49 95 145862 1
97 60 145895 1
89 39 145934 0
48 96 145957 1
73 72 145961 1
47 90 145982 1
98 54 145992 1
47 88 146001 1
36 103 146027 0
97 61 146031 1
85 52 146067 0
106 19 146086 1
62 44 146088 1
103 14 146104 1
86 49 146112 0
43 106 146140 0
49 102 146140 1
47 91 146153 1
41 105 146155 0
39 106 146172 0
32 68 146173 0
73 65 146181 1
31 85 146195 0
94 70 146218 1
105 22 146222 1
47 89 146241 1
102 37 146255 1
47 84 146264 1
101 10 146274 1
63 97 146299 0
46 79 146309 1
73 58 146320 1
46 85 146334 1
97 58 146350 1
60 96 146352 0
38 57 146383 0
52 44 146421 1
86 48 146433 0
36 102 146437 0
90 21 146447 0
59 63 146452 0
72 53 146498 1
46 90 146515 1
105 23 146520 1
49 96 146550 1
61 42 146618 1
69 46 146620 1
42 106 146639 0
73 52 146649 1
49 47 146659 1
99 12 146693 1
33 95 146734 0
96 13 146754 1
75 71 146754 1
104 28 146767 1
58 78 146790 0
34 100 146802 0
85 48 146803 0
73 66 146807 1
84 55 146822 0
50 98 146837 1
58 72 146864 0
47 93 146874 1
58 89 146899 0
99 13 146902 1
89 38 146917 0
98 52 146922 1
56 84 146935 0
58 88 146951 0
73 62 146956 1
98 55 146963 1
46 88 146972 1
84 57 147001 0
102 36 147040 1
101 13 147082 1
96 65 147086 1
56 44 147175 1
57 93 147194 0
58 90 147219 0
32 92 147245 0
31 73 147251 0
52 45 147252 1
73 53 147267 1
93 76 147314 1
74 62 147346 1
97 59 147402 1
46 82 147403 1
48 93 147458 1
60 96 147469 0
46 89 147504 1
68 45 147504 1
94 69 147511 1
59 100 147517 0
47 94 147527 1
64 97 147532 0
58 92 147554 0
42 51 147560 1
102 39 147613 1
57 61 147706 0
99 48 147877 1
45 49 147912 1
44 49 147926 1
59 66 147949 0
98 13 148031 1
47 72 148045 1
74 72 148132 1
47 86 148145 1
74 64 148147 1
30 80 148155 0
40 104 148164 0
60 95 148191 0
33 92 148246 0
90 20 148260 0
61 44 148262 1
73 57 148262 1
100 44 148272 1
95 13 148307 1
71 47 148311 1
46 49 148322 1
58 64 148339 0
46 87 148347 1
57 43 148353 1
84 60 148393 0
75 58 148433 1
74 66 148435 1
48 92 148441 1
64 42 148501 1
97 54 148522 1
50 102 148523 1
97 12 148526 1
104 26 148526 1
29 82 148607 0
60 96 148623 0
87 43 148667 0
106 20 148681 1
66 96 148721 0
73 69 148724 1
74 67 148739 1
71 50 148787 1
45 106 148790 0
30 72 148790 0
71 51 148801 1
37 104 148817 0
60 43 148822 1
71 49 148846 1
49 99 148846 1
6 124 148847 1
67 45 148849 1
50 99 148862 1
40 106 148909 0
57 77 148917 0
101 41 148930 1
58 62 148961 0
50 45 148993 1
45 85 149028 1
35 103 149050 0
30 76 149106 0
57 86 149185 0
59 70 149188 0
29 78 149192 0
101 38 149218 1
74 59 149222 1
62 95 149222 0
84 62 149223 0
33 94 149234 0
30 84 149288 0
93 73 149305 1
34 63 149312 0
35 61 149343 0
72 52 149406 1
69 47 149426 1
59 44 149429 1
48 94 149435 1
29 75 149452 0
67 46 149453 1
31 88 149477 0
74 52 149489 1
85 64 149517 0
29 85 149517 0
103 13 149529 1
31 81 149583 0
97 64 149599 1
98 56 149640 1
51 68 149702 1
99 47 149709 1
37 106 149715 0
58 73 149786 0
35 99 149819 0
62 97 149834 0
48 47 149919 1
73 70 149938 1
74 63 149957 1
60 96 149984 0
42 106 150073 0
106 18 150098 1
53 44 150099 1
104 15 150122 1
58 89 150231 0
97 55 150251 1
38 55 150280 0
88 35 150324 0
35 59 150399 0
43 107 150433 0
105 16 150462 1
74 65 150531 1
34 98 150559 0
48 95 150574 1
35 101 150604 0
29 74 150620 0
89 28 150682 0
73 54 150696 1
45 79 150717 1
57 63 150727 0
98 50 150836 1
66 44 150870 1
55 44 150884 1
33 93 150895 0
58 90 150899 0
86 44 150918 0
47 85 150933 1
98 61 151003 1
98 60 151019 1
106 17 151067 1
92 74 151119 1
75 73 151237 1
43 50 151271 1
100 42 151303 1
70 49 151338 1
60 96 151380 0
47 90 151382 1
97 62 151387 1
33 97 151401 0
41 106 151423 0
69 51 151488 1
44 106 151528 0
31 70 151548 0
58 78 151555 0
83 55 151556 0
58 88 151619 0
47 73 151635 1
31 89 151682 0
86 48 151711 0
46 75 151731 1
31 87 151754 0
63 96 151757 0
57 62 151796 0
90 21 151825 0
36 100 151829 0
66 45 151861 1
88 32 151868 0
70 48 151897 1
46 81 151902 1
43 84 151927 1
57 78 151983 0
57 80 151986 0
46 80 151990 1
62 42 152053 1
59 96 152113 0
49 97 152124 1
31 91 152125 0
45 76 152135 1
31 71 152152 0
47 91 152261 1
85 60 152296 0
30 78 152330 0
49 45 152379 1
72 51 152425 1
65 97 152434 0
66 97 152481 0
89 24 152494 0
58 82 152538 0
45 80 152584 1
30 71 152585 0
62 96 152626 0
62 95 152710 0
57 44 152710 1
38 107 152737 0
63 97 152747 0
92 76 152754 1
102 13 152825 1
84 61 152857 0
60 96 153102 0
47 87 153141 1
60 95 153172 0
65 44 153202 1
74 70 153253 1
82 62 153275 0
85 51 153362 0
104 14 153371 1
101 36 153397 1
105 17 153444 1
73 55 153451 1
45 81 153458 1
86 45 153493 0
76 91 153502 0
43 51 153559 1
106 21 153587 1
30 76 153754 0
29 80 153763 0
64 44 153798 1
76 72 153813 1
73 56 153913 1
29 79 153916 0
53 45 154040 1
34 99 154079 0
63 44 154121 1
31 68 154184 0
74 58 154194 1
58 69 154208 0
29 81 154249 0
32 91 154319 0
32 97 154321 0
37 103 154390 0
42 106 154399 0
36 104 154417 0
30 83 154539 0
69 61 154539 1
60 96 154542 0
27 77 154550 0
61 43 154612 1
30 72 154683 0
84 60 154701 0
40 103 154728 0
35 60 154752 0
33 95 154755 0
47 48 154864 1
39 106 154900 0
68 46 154946 1
75 92 155038 0
74 93 155093 0
85 66 155125 0
89 33 155176 0
30 81 155446 0
90 19 155462 0
85 49 155517 0
58 63 155598 0
37 100 155618 0
94 71 155636 1
31 80 155647 0
58 89 155652 0
89 34 155667 0
91 20 155730 0
72 94 155745 0
88 37 155772 0
58 90 155816 0
33 66 155844 0
73 59 155964 1
32 89 156013 0
98 51 156148 1
36 100 156151 0
89 36 156171 0
99 45 156364 1
72 53 156482 1
72 50 156495 1
60 96 156559 0
103 15 156574 1
30 78 156689 0
98 57 156690 1
109 45 156815 1
96 12 156835 1
95 12 156873 1
35 63 156974 0
59 93 156989 0
90 24 157064 0
109 45 157100 0
47 47 157112 1
86 49 157239 0
29 76 157256 0
90 22 157261 0
59 65 157273 0
73 71 157281 1
31 85 157292 0
49 101 157331 1
46 86 157449 1
46 105 157453 0
58 93 157462 0
48 96 157641 1
84 61 157710 0
101 12 157714 1
61 96 157717 0
104 25 157763 1
40 107 157812 0
98 58 157821 1
59 92 157830 0
73 68 157877 1
29 83 157960 0
58 75 158017 0
59 43 158040 1
62 95 158060 0
58 44 158100 1
60 98 158160 0
47 88 158220 1
83 57 158267 0
97 63 158417 1
100 12 158430 1
89 37 158457 0
41 105 158481 0
85 55 158498 0
97 11 158586 1
33 63 158800 0
73 93 158819 0
32 92 158828 0
30 82 158857 0
88 34 158867 0
59 63 158869 0
33 92 158877 0
37 103 158912 0
67 96 158967 0
87 42 159039 0
70 46 159056 1
88 24 159090 0
59 67 159094 0
46 106 159318 0
70 95 159363 0
57 88 159380 0
37 60 159452 0
93 71 159455 1
40 104 159646 0
29 74 159675 0
27 80 159680 0
66 98 159715 0
34 100 159739 0
91 17 159742 0
86 48 159760 0
31 74 159866 0
91 18 159930 0
30 83 159942 0
56 63 159948 0
103 14 159966 1
74 60 160108 1
58 62 160161 0
56 62 160174 0
42 106 160224 0
56 84 160256 0
99 49 160261 1
46 85 160363 1
105 19 160466 1
26 78 160503 0
58 94 160587 0
42 50 160632 1
34 62 160687 0
30 76 160691 0
73 94 160728 0
37 58 160782 0
54 44 160969 1
30 72 161021 0
49 100 161031 1
32 89 161039 0
58 42 161180 1
90 21 161286 0
46 78 161318 1
48 93 161354 1
101 13 161501 1
75 64 161525 1
48 91 161563 1
105 15 161578 1
96 66 161598 1
33 94 161605 0
59 93 161630 0
89 38 161902 0
89 39 161988 0
57 61 162024 0
45 77 162026 1
33 98 162112 0
77 90 162180 0
49 95 162232 1
69 46 162246 1
89 22 162303 0
33 96 162338 0
98 12 162421 1
50 96 162467 1
62 43 162473 1
98 11 162520 1
105 20 162536 1
58 95 162540 0
58 75 162540 0
31 79 162551 0
85 53 162728 0
74 94 162733 0
56 69 162808 0
47 83 162833 1
71 97 162987 0
84 61 163087 0
30 85 163093 0
57 89 163142 0
32 96 163181 0
30 77 163253 0
90 31 163264 0
30 78 163273 0
30 86 163357 0
73 73 163402 1
65 45 163410 1
55 79 163437 0
28 79 163521 0
30 80 163547 0
85 49 163548 0
88 33 163549 0
85 48 163565 0
58 43 163585 1
84 58 163631 0
37 103 163650 0
89 37 163755 0
29 70 163762 0
72 94 163867 0
83 56 163962 0
88 22 164059 0
47 84 164063 1
49 96 164133 1
46 76 164151 1
90 26 164166 0
62 44 164184 1
32 94 164220 0
45 75 164364 1
28 89 164511 0
30 68 164557 0
83 68 164695 1
35 106 164861 0
23 98 164910 0
83 59 164935 0
54 84 164951 0
31 69 164958 0
46 77 164989 1
9 35 165103 0
36 100 165137 0
31 83 165188 0
33 102 165344 0
28 83 165395 0
37 102 165428 0
71 50 165441 1
58 78 165652 0
44 108 165772 0
89 17 166139 0
37 106 166189 0
61 95 166253 0
74 56 166627 1
95 68 166645 1
103 28 166738 1
75 72 166855 1
104 27 166946 1
31 81 166976 0
33 96 167109 0
35 102 167387 0
97 56 167416 1
32 90 167468 0
50 97 167612 1
87 41 167637 0
63 97 167662 0
41 106 167760 0
102 34 167780 1
101 39 167927 1
88 35 167945 0
85 57 167948 0
55 63 167976 0
48 92 168125 1
55 88 168188 0
39 103 168225 1
71 49 168245 1
85 64 168263 0
72 49 168288 1
30 77 168314 0
102 38 168322 1
57 76 168375 0
90 31 168437 0
99 12 168447 1
85 52 168475 0
30 90 168486 0
90 26 168645 0
36 102 168681 0
35 100 168693 0
58 90 168759 0
78 90 168823 0
106 22 168838 1
29 90 168876 0
58 79 168959 0
57 72 168974 0
85 25 168982 0
58 86 168987 0
31 95 169013 0
85 53 169179 0
58 88 169182 0
66 97 169192 0
74 57 169211 1
89 26 169254 0
86 46 169308 0
56 62 169310 0
50 98 169346 1
69 97 169400 0
85 59 169409 0
28 86 169416 0
33 65 169419 0
27 101 169485 0
97 57 169510 1
30 89 169595 1
74 73 169597 1
69 47 169598 1
88 30 169605 0
98 53 169626 1
70 47 169676 1
103 29 169699 1
43 106 169735 0
36 104 169773 0
29 73 169797 0
58 82 169845 0
88 36 169862 0
97 53 169929 1
105 22 169956 1
100 43 170055 1
59 69 170093 0
69 96 170111 0
89 31 170150 0
105 24 170164 1
30 83 170182 0
77 92 170220 0
59 93 170253 0
86 49 170268 0
81 64 170277 0
73 72 170289 1
63 95 170290 0
37 102 170307 0
84 58 170327 0
104 15 170366 1
66 96 170396 0
68 96 170398 0
85 60 170424 0
81 69 170425 1
32 94 170485 0
29 74 170520 0
98 55 170530 1
63 43 170531 1
59 73 170544 0
103 31 170544 1
58 73 170644 0
102 36 170645 1
65 96 170679 0
102 13 170687 1
58 89 170706 0
88 40 170794 0
102 12 170833 1
71 48 170840 1
63 96 170884 0
84 61 170919 0
81 88 170924 0
67 45 171004 1
97 60 171069 1
38 105 171109 0
48 94 171111 1
87 43 171133 0
32 89 171215 0
30 70 171235 0
33 93 171239 0
97 61 171305 1
93 72 171305 1
47 89 171316 1
90 22 171320 0
48 90 171370 1
34 98 171403 0
58 72 171435 0
58 75 171454 0
101 40 171502 1
30 72 171526 0
73 54 171557 1
30 93 171593 0
61 95 171679 0
42 106 171684 0
71 94 171700 0
62 95 171741 0
35 99 171773 0
46 88 171782 1
54 63 171839 0
38 102 171909 0
49 94 171944 1
102 37 172022 1
98 52 172158 1
84 60 172226 0
73 51 172234 1
103 32 172250 1
46 82 172260 1
66 44 172261 1
58 86 172282 0
103 30 172289 1
98 59 172298 1
31 73 172304 0
82 87 172355 0
72 51 172410 1
74 61 172503 1
69 95 172522 0
73 53 172537 1
31 83 172553 0
67 44 172575 1
73 66 172589 1
91 20 172595 0
90 23 172620 0
33 96 172626 0
61 44 172631 1
33 95 172669 0
36 99 172673 0
37 103 172679 0
31 98 172711 0
60 94 172720 0
68 46 172724 1
32 90 172735 0
44 106 172756 0
105 25 172769 1
35 100 172830 0
73 62 172833 1
98 63 172870 1
84 64 172882 0
47 93 172893 1
36 60 172948 0
90 24 172971 0
59 70 173035 0
55 64 173043 0
58 79 173047 0
74 71 173057 1
51 45 173058 1
59 63 173058 0
59 92 173062 0
84 57 173073 0
99 46 173076 1
68 45 173088 1
37 56 173097 0
56 44 173098 1
90 31 173187 0
47 90 173197 1
57 89 173198 0
40 103 173277 0
93 74 173302 1
105 54 173308 1
105 16 173308 1
73 69 173341 1
32 87 173378 0
85 49 173384 0
69 45 173444 1
94 72 173489 1
46 79 173494 1
73 52 173510 1
59 94 173574 0
63 95 173627 0
57 84 173648 0
85 62 173653 0
55 89 173678 0
70 48 173779 1
106 19 173802 1
33 89 173854 0
33 92 173910 0
89 37 173969 0
109 63 173975 1
74 62 174024 1
47 86 174118 1
59 66 174277 0
59 44 174277 1
47 91 174356 1
103 14 174357 1
49 97 174378 1
90 26 174399 0
45 79 174449 1
30 77 174509 0
100 44 174512 1
74 72 174518 1
103 13 174529 1
60 43 174547 1
55 44 174574 1
86 48 174591 0
72 50 174661 1
97 12 174667 1
29 94 174707 0
99 11 174726 1
32 69 174739 0
63 44 174831 1
64 43 174931 1
109 45 174986 1
32 91 175023 0
38 57 175081 0
37 102 175101 0
36 61 175181 0
89 30 175233 0
109 45 175242 0
64 96 175249 0
50 100 175315 1
98 56 175478 1
30 84 175528 0
47 81 175673 1
58 86 175731 0
60 42 175749 1
74 64 175752 1
105 17 175752 1
46 80 175823 1
72 48 175896 1
31 88 175918 0
73 55 175937 1
58 78 176020 0
47 74 176149 1
45 106 176191 0
55 43 176194 1
50 95 176211 1
74 63 176371 1
76 71 176488 1
56 43 176540 1
30 76 176558 0
81 68 176560 1
65 96 176590 0
35 103 176620 0
90 30 176672 0
98 62 176708 1
37 100 176754 0
58 92 176851 0
39 54 176855 0
40 104 176876 0
26 73 176879 0
102 40 176901 1
74 55 176969 1
31 80 176982 0
65 44 177015 1
30 78 177040 0
39 105 177055 0
64 99 177178 0
85 66 177223 0
58 88 177294 0
48 91 177314 1
74 68 177361 1
99 47 177369 1
31 85 177484 0
74 94 177559 0
32 94 177591 0
30 81 177788 0
57 82 177837 0
58 79 177844 0
47 89 177853 1
90 23 177859 0
89 20 177891 0
74 58 177924 1
29 103 177929 0
47 87 177970 1
32 92 177974 0
60 94 177991 0
32 85 178014 0
59 64 178033 0
35 100 178063 0
84 58 178065 0
43 49 178332 1
69 94 178356 0
63 95 178510 0
54 43 178517 1
103 34 178532 1
85 63 178553 0
97 62 178595 1
31 71 178611 0
36 101 178795 0
90 20 178796 0
85 62 178839 0
74 59 178878 1
26 90 178909 0
75 62 179003 1
106 18 179023 1
61 95 179055 0
60 99 179058 0
104 29 179215 1
31 89 179225 0
75 92 179250 0
82 68 179273 1
50 99 179300 1
48 89 179372 1
33 94 179396 0
61 43 179476 1
90 36 179499 0
53 44 179677 1
67 45 179689 1
38 102 179776 0
98 60 179776 1
53 43 179782 1
64 96 179846 0
55 78 179850 0
101 12 179851 1
38 56 179859 0
65 101 179888 0
46 81 179893 1
42 106 179896 0
36 99 179902 0
69 46 180075 1
30 73 180103 0
83 31 180362 0
58 87 180430 0
56 84 180535 0
90 30 180542 0
96 65 180542 1
59 94 180561 0
73 70 180644 1
106 16 180690 1
50 101 180724 1
62 44 180782 1
38 105 180823 0
47 88 180907 1
97 59 180945 1
74 66 180994 1
52 45 181076 1
104 13 181103 1
73 71 181171 1
92 75 181171 1
106 23 181205 1
30 88 181431 0
85 64 181471 0
87 25 181512 0
58 84 181519 0
71 49 181530 1
31 67 181599 0
76 92 181618 0
106 20 181659 1
38 101 181678 0
89 35 181683 0
95 67 181684 1
34 99 181764 0
99 48 181816 1
73 56 181933 1
69 47 181938 1
106 17 181952 1
104 28 181953 1
45 49 181973 1
100 45 181974 1
49 93 182017 1
91 18 182040 0
32 90 182046 0
103 29 182053 1
104 14 182090 1
106 21 182096 1
95 69 182137 1
98 58 182184 1
103 33 182223 1
85 53 182293 0
90 21 182350 0
57 76 182369 0
85 63 182458 0
58 86 182476 0
99 12 182476 1
47 85 182516 1
96 68 182539 1
99 51 182587 1
91 21 182611 0
74 57 182621 1
73 54 182689 1
57 44 182792 1
31 90 182808 0
74 69 182809 1
98 12 182809 1
69 44 182851 1
105 16 182929 1
96 13 183016 1
85 55 183053 0
98 61 183055 1
59 64 183120 0
74 67 183132 1
106 15 183153 1
74 56 183180 1
89 39 183228 0
88 39 183239 0
90 31 183277 0
45 80 183370 1
72 49 183399 1
69 50 183427 1
36 100 183433 0
85 59 183441 0
102 13 183441 1
46 89 183441 1
94 70 183474 1
59 88 183529 0
102 12 183550 1
67 96 183592 0
59 43 183615 1
103 12 183646 1
49 96 183707 1
74 60 183714 1
104 15 183809 1
59 67 183863 0
48 92 183906 1
87 44 183916 0
105 26 183943 1
71 48 183947 1
89 30 183993 0
58 70 183993 0
41 105 183994 0
89 36 184064 0
88 24 184065 0
59 90 184110 0
66 44 184177 1
34 64 184214 0
91 17 184228 0
60 94 184231 0
59 73 184264 0
30 69 184289 0
39 105 184295 0
45 81 184310 1
57 91 184316 0
103 31 184319 1
41 107 184332 0
103 70 184333 1
103 30 184333 1
43 104 184346 0
71 47 184366 1
77 91 184376 0
48 94 184384 1
62 95 184391 0
68 46 184411 1
31 72 184451 0
90 26 184480 0
70 46 184507 1
90 23 184534 0
58 82 184542 0
72 51 184549 1
31 87 184568 0
33 96 184586 0
89 38 184628 0
46 105 184647 0
86 49 184647 0
73 53 184650 1
75 63 184678 1
70 45 184714 1
97 63 184741 1
57 61 184745 0
58 87 184795 0
57 43 184798 1
85 60 184801 0
31 74 184831 0
59 65 184907 0
33 93 184974 0
64 96 184977 0
71 93 185037 0
47 82 185052 1
36 101 185108 0
55 84 185133 0
67 44 185159 1
98 55 185163 1
98 53 185190 1
85 57 185237 0
103 14 185237 1
90 30 185238 0
33 100 185265 0
73 72 185277 1
63 43 185296 1
32 93 185320 0
58 84 185368 0
73 52 185395 1
84 56 185409 0
33 92 185476 0
68 45 185484 1
30 82 185485 0
76 91 185498 0
32 87 185506 0
93 75 185516 1
47 83 185517 1
50 97 185531 1
31 81 185538 0
49 95 185538 1
75 70 185550 1
102 38 185585 1
75 61 185681 1
30 80 185690 0
79 69 185728 1
32 85 185741 0
75 59 185801 1
35 99 185864 0
86 50 185874 0
52 44 185900 1
48 90 185921 1
102 36 185971 1
91 20 185994 0
75 93 186007 0
75 69 186009 1
58 62 186043 0
75 60 186094 1
39 103 186101 0
47 84 186111 1
84 62 186136 0
92 77 186250 1
50 96 186291 1
65 43 186352 1
46 82 186357 1
54 44 186386 1
31 79 186422 0
85 63 186424 0
57 62 186445 0
105 15 186482 1
40 103 186487 0
30 77 186512 0
48 87 186548 1
37 102 186565 0
65 98 186573 0
66 96 186633 0
73 92 186682 0
45 104 186697 0
62 43 186717 1
74 65 186718 1
83 68 186755 1
49 94 186798 1
76 70 186809 1
40 104 186812 0
73 51 186832 1
65 96 186841 0
35 100 186867 0
31 83 186891 0
30 83 186955 0
47 71 186969 1
35 62 187011 0
39 104 187016 0
75 66 187067 1
97 54 187084 1
31 70 187126 0
48 91 187146 1
51 97 187147 1
46 78 187150 1
106 24 187173 1
59 93 187191 0
74 70 187197 1
67 45 187223 1
61 42 187250 1
103 13 187359 1
50 19 187359 1
50 46 187359 1
46 76 187363 1
95 68 187405 1
59 77 187414 0
65 97 187486 0
75 65 187558 1
95 70 187564 1
72 50 187565 1
53 45 187572 1
59 42 187575 1
96 67 187623 1
73 50 187644 1
79 70 187666 1
85 62 187676 0
63 95 187688 0
33 89 187737 0
47 79 187749 1
47 90 187779 1
105 14 187822 1
47 86 187991 1
74 61 188025 1
46 74 188027 1
69 45 188035 1
50 98 188048 1
46 79 188049 1
31 73 188063 0
72 48 188096 1
30 73 188156 0
49 97 188202 1
46 77 188211 1
75 73 188213 1
62 96 188214 0
59 90 188233 0
59 69 188254 0
55 44 188363 1
32 89 188377 0
63 42 188466 1
47 89 188599 1
102 37 188607 1
96 11 188610 1
71 50 188638 1
75 72 188659 1
104 27 188665 1
58 79 188755 0
69 46 188759 1
45 79 188800 1
88 29 188826 0
58 86 188879 0
96 12 188887 1
98 54 188907 1
37 100 189039 0
33 88 189088 0
49 102 189115 1
59 64 189136 0
87 42 189161 0
72 94 189242 0
102 39 189260 1
32 88 189280 0
58 83 189301 0
58 87 189305 0
66 43 189376 1
49 96 189410 1
36 99 189447 0
31 82 189447 0
74 73 189452 1
106 18 189456 1
58 84 189470 0
38 101 189472 0
91 29 189499 0
58 89 189528 0
64 97 189707 0
39 103 189749 0
58 41 189798 1
48 88 189862 1
33 99 189935 0
36 62 190030 0
38 102 190030 0
87 47 190074 0
86 48 190122 0
42 106 190148 0
58 90 190153 0
34 63 190162 0
61 92 190199 0
99 50 190348 1
86 50 190429 0
89 35 190562 0
68 97 190590 0
87 44 190607 0
58 43 190688 1
90 27 190692 0
97 11 190700 1
33 95 190702 0
90 36 190714 0
59 63 190735 0
58 91 190766 0
45 77 190814 1
58 77 190816 0
89 40 190846 0
91 30 190874 0
62 94 190970 0
59 94 190981 0
56 88 191087 0
39 53 191130 0
73 93 191191 0
48 92 191214 1
68 96 191276 0
30 71 191305 0
31 80 191325 0
34 94 191506 0
58 75 191519 0
71 49 191520 1
31 90 191600 0
84 58 191683 0
31 72 191747 0
64 43 191781 1
110 23 191987 1
75 57 192029 1
59 72 192076 0
47 80 192093 1
96 66 192123 1
101 12 192181 1
57 87 192231 0
59 88 192290 0
74 55 192320 1
46 48 192420 1
71 47 192433 1
39 104 192460 0
33 94 192596 0
106 20 192666 1
37 105 192798 0
32 93 192834 0
64 96 193014 0
73 54 193039 1
33 66 193047 0
86 47 193047 0
105 22 193096 1
103 32 193258 1
74 54 193310 1
71 48 193347 1
46 80 193438 1
86 45 193587 0
61 43 193685 1
66 44 193756 1
50 103 193758 1
76 72 193881 1
58 83 193890 0
48 89 193928 1
57 83 193942 0
72 49 194003 1
63 96 194025 0
49 92 194095 1
74 93 194110 0
46 49 194117 1
74 63 194140 1
74 58 194142 1
31 82 194159 0
39 103 194200 0
59 43 194298 1
36 101 194339 0
32 88 194390 0
105 16 194435 1
84 61 194450 0
98 11 194476 1
74 64 194497 1
74 56 194574 1
98 56 194628 1
51 44 194724 1
103 35 194740 1
92 16 194767 0
106 17 194818 1
101 39 194841 1
100 44 194915 1
99 47 194939 1
94 71 194998 1
106 21 195006 1
62 94 195055 0
102 11 195107 1
60 43 195148 1
83 58 195190 0
91 28 195235 0
99 11 195243 1
113 66 195354 1
90 24 195362 0
100 11 195410 1
90 27 195445 0
34 94 195491 0
99 12 195504 1
98 59 195532 1
43 106 195660 0
86 50 195696 0
106 22 195718 1
44 49 195775 1
91 21 195786 0
58 77 195802 0
74 71 195856 1
71 46 195869 1
114 29 195872 1
64 100 195875 0
74 57 195877 1
63 39 195907 1
103 63 195916 0
103 29 195916 1
59 91 196003 0
73 53 196019 1
103 33 196020 1
102 12 196038 1
101 41 196099 1
97 64 196107 1
104 13 196157 1
49 103 196160 1
76 92 196199 0
73 69 196199 1
49 93 196249 1
70 46 196318 1
103 30 196350 1
99 49 196351 1
50 95 196385 1
89 30 196405 0
100 47 196420 1
84 55 196556 0
75 71 196580 1
105 5 196589 1
101 44 196608 1
56 43 196619 1
107 34 196634 1
85 64 196661 0
105 24 196698 1
99 48 196739 1
46 81 196741 1
97 65 196760 1
73 52 196760 1
55 33 196776 1
33 64 196795 0
91 18 196806 0
33 92 196878 0
90 30 196931 0
58 87 196984 0
45 75 196993 1
87 43 196997 0
67 44 197055 1
89 37 197070 0
85 59 197118 0
103 31 197154 1
86 53 197155 0
100 45 197156 1
103 21 197156 1
59 90 197178 0
103 34 197182 1
89 77 197194 1
75 58 197232 1
104 30 197257 1
74 72 197357 1
94 73 197367 1
47 87 197383 1
48 91 197393 1
78 91 197474 0
39 105 197496 0
59 70 197526 0
94 59 197532 1
101 42 197561 1
74 62 197583 1
59 92 197636 0
59 72 197637 0
85 51 197645 0
68 45 197704 1
88 38 197715 0
59 62 197771 0
59 73 197813 0
58 84 197820 0
100 46 197867 1
58 78 197910 0
30 72 197945 0
33 93 197970 0
57 41 198007 1
58 61 198078 0
62 42 198090 1
32 68 198117 0
50 97 198137 1
75 92 198137 0
67 45 198158 1
75 64 198187 1
31 81 198209 0
43 104 198246 0
47 82 198299 1
47 84 198301 1
38 104 198305 0
90 31 198319 0
11 47 198332 1
53 44 198343 1
64 42 198345 1
104 28 198398 1
74 68 198405 1
47 83 198430 1
69 39 198448 1
101 79 198456 1
48 90 198458 1
35 96 198540 0
107 86 198549 1
72 47 198551 1
40 103 198554 0
62 94 198593 0
97 9 198593 1
72 46 198593 1
101 38 198594 1
106 16 198635 1
44 104 198649 0
49 94 198658 1
63 43 198661 1
63 95 198666 0
51 98 198692 1
95 77 198703 1
103 116 198750 1
72 44 198771 1
16 29 198826 1
47 81 198880 1
32 81 198884 0
98 12 198886 1
71 64 198888 1
57 43 198912 1
107 21 198915 1
99 60 198938 1
98 60 198975 1
31 74 199037 0
32 88 199059 0
85 60 199060 0
48 84 199065 1
30 78 199110 0
32 85 199121 0
50 99 199151 1
34 94 199170 0
99 56 199205 1
47 75 199208 1
58 83 199216 0
47 49 199217 1
36 100 199228 0
37 99 199246 0
58 91 199272 0
49 91 199362 1
86 49 199373 0
74 53 199413 1
37 100 199424 0
85 55 199425 0
74 52 199427 1
31 71 199458 0
98 55 199476 1
101 11 199506 1
103 12 199510 1
47 89 199511 1
30 76 199543 0
72 48 199546 1
38 56 199585 0
101 40 199598 1
98 53 199604 1
46 82 199794 1
73 51 199813 1
31 85 199818 0
68 38 199823 1
49 43 199825 1
38 101 199855 0
103 13 199883 1
100 43 199888 1
32 90 199910 0
91 29 199925 0
98 64 199938 1
31 69 199942 0
47 105 199955 0
58 42 199962 1
0 0 200010 0
