98 22 0 1
80 58 66 0
40 92 90 1
69 70 98 1
81 39 121 0
32 108 180 0
82 33 234 0
80 60 269 0
62 51 284 1
96 14 298 1
83 36 335 0
92 65 340 1
45 98 345 1
51 73 346 0
42 96 392 1
77 93 456 0
33 108 472 0
26 84 498 0
53 98 521 0
68 62 522 1
66 59 523 1
92 59 538 1
85 18 553 0
79 67 577 0
52 80 590 0
31 106 601 0
94 48 641 1
80 62 650 0
52 95 653 0
67 63 672 1
93 60 696 1
72 96 701 0
95 14 812 1
41 93 843 1
59 50 885 1
25 77 945 0
63 105 963 0
25 79 974 0
55 105 1028 0
68 66 1086 1
53 104 1095 0
53 92 1144 0
37 109 1151 0
83 33 1180 0
69 65 1211 1
46 101 1235 1
66 58 1255 1
56 49 1260 1
95 34 1287 1
68 73 1287 1
51 72 1291 0
53 86 1375 0
92 72 1391 1
83 31 1437 0
52 85 1472 0
52 94 1496 0
92 68 1559 1
26 93 1640 0
26 96 1663 0
65 55 1669 1
48 48 1679 1
79 70 1681 0
39 53 1701 0
96 15 1785 1
31 65 1792 0
45 104 1851 1
47 119 1868 0
93 50 1870 1
68 75 1935 1
25 87 1946 0
93 57 1956 1
27 91 2000 0
96 36 2003 1
43 96 2011 1
56 104 2011 0
40 85 2021 1
26 94 2061 0
93 51 2092 1
43 98 2105 1
80 65 2112 0
27 96 2127 0
41 90 2165 1
67 60 2181 1
67 64 2208 1
97 28 2218 1
82 36 2242 0
81 48 2258 0
37 110 2272 0
81 46 2274 0
65 58 2284 1
82 38 2301 0
61 50 2302 1
43 95 2309 1
41 83 2336 1
84 26 2343 0
52 96 2357 0
81 89 2383 0
51 86 2413 0
58 48 2426 1
41 94 2428 1
63 52 2477 1
46 100 2506 1
98 25 2533 1
51 75 2539 0
63 53 2548 1
96 37 2595 1
42 97 2633 1
67 62 2639 1
85 25 2653 0
69 74 2707 1
53 96 2741 0
92 74 2751 1
51 47 2758 1
95 39 2787 1
43 109 2799 0
45 101 2831 1
27 98 2839 0
81 40 2839 0
93 49 2855 1
30 104 2873 0
44 48 2889 1
42 95 2906 1
61 105 2961 0
93 53 2963 1
41 91 3025 1
54 99 3106 0
51 70 3109 0
25 80 3112 0
80 52 3117 0
35 109 3180 0
25 78 3272 0
27 90 3358 0
94 51 3491 1
45 100 3537 1
25 92 3574 0
68 67 3656 1
80 47 3677 0
46 103 3710 1
52 98 3770 0
69 77 3778 1
95 40 3802 1
45 99 3874 1
59 48 3877 1
52 80 3981 0
29 70 3993 0
79 60 4021 0
26 86 4027 0
93 54 4027 1
67 59 4084 1
83 32 4099 0
50 69 4103 0
47 49 4103 1
94 49 4133 1
60 49 4148 1
62 105 4220 0
91 70 4291 1
45 103 4302 1
82 37 4387 0
31 106 4407 0
74 95 4476 0
25 84 4508 0
92 14 4509 1
27 72 4513 0
80 56 4643 0
64 52 4676 1
53 102 4694 0
50 68 4757 0
97 30 4761 1
92 67 4776 1
30 107 4784 0
28 71 4802 0
51 78 4807 0
97 15 4829 1
96 16 4833 1
42 75 4857 1
49 48 4897 1
109 45 4900 1
44 96 4947 1
53 89 4982 0
41 86 5078 1
28 98 5113 0
80 46 5113 0
61 104 5140 0
86 20 5142 0
83 34 5157 0
41 109 5181 0
68 64 5194 1
50 48 5208 1
41 89 5213 1
109 45 5261 0
82 31 5293 0
53 86 5296 0
52 76 5298 0
26 76 5304 0
40 84 5447 1
54 48 5502 1
92 73 5514 1
68 68 5542 1
29 101 5554 0
27 99 5563 0
40 91 5655 1
57 48 5764 1
27 96 5829 0
95 38 5852 1
95 37 5855 1
53 95 5903 0
62 50 5921 1
92 66 5981 1
66 55 6001 1
44 98 6029 1
81 44 6075 0
23 81 6086 0
25 86 6222 0
51 97 6247 0
26 89 6300 0
27 89 6345 0
46 48 6358 1
44 97 6361 1
33 108 6380 0
52 92 6449 0
25 85 6467 0
84 21 6470 0
43 97 6508 1
81 46 6573 0
42 109 6617 0
52 83 6663 0
41 82 6766 1
40 82 6789 1
40 81 6829 1
56 103 6945 0
94 50 7097 1
26 86 7098 0
41 85 7172 1
81 37 7185 0
81 54 7196 0
41 95 7251 1
30 104 7327 0
91 78 7366 1
69 78 7372 1
16 11 7387 1
69 76 7419 1
93 56 7430 1
95 15 7483 1
62 49 7484 1
94 44 7521 1
64 55 7526 1
24 83 7613 0
58 106 7638 0
93 55 7834 1
60 105 7898 0
80 55 7905 0
46 104 7909 1
98 23 8016 1
52 88 8095 0
56 48 8140 1
29 69 8185 0
52 97 8200 0
53 84 8207 0
57 104 8260 0
83 25 8314 0
82 35 8319 0
55 103 8361 0
84 22 8481 0
92 70 8517 1
31 106 8580 0
81 59 8738 0
35 59 8742 0
78 92 8851 0
80 63 9058 0
52 80 9074 0
47 69 9079 0
94 47 9198 1
69 72 9373 1
95 42 9539 1
97 16 9943 1
66 12 9983 0
52 93 10019 0
26 97 10022 0
23 80 10051 0
123 50 10096 0
59 104 10123 0
31 104 10154 0
96 34 10165 1
79 69 10248 0
81 56 10296 0
31 105 10317 0
64 54 10325 1
96 35 10393 1
80 53 10539 0
30 53 10603 0
83 34 10644 0
84 27 10648 0
81 43 10707 0
64 53 10775 1
81 90 10824 0
40 110 10839 0
80 45 10849 0
83 24 10869 0
26 91 10923 0
24 85 10969 0
83 32 10974 0
79 53 11154 0
52 86 11171 0
24 87 11207 0
99 22 11305 1
25 100 11366 0
85 23 11399 0
66 57 11454 1
92 71 11526 1
93 61 11592 1
94 14 11617 1
56 103 11666 0
81 55 11726 0
55 54 11779 1
98 17 11814 1
96 38 11818 1
92 69 11830 1
66 56 11856 1
85 21 11883 0
39 109 11888 0
93 14 11925 1
31 109 11935 0
94 46 12013 1
92 75 12034 1
54 97 12129 0
99 21 12136 1
26 88 12289 0
65 54 12340 1
54 47 12398 1
62 51 12449 1
99 18 12461 1
53 98 12488 0
26 86 12510 0
68 74 12521 1
98 18 12533 1
93 52 12553 1
98 16 12558 1
63 51 12575 1
92 13 12598 1
82 40 12733 0
93 64 12734 1
80 63 12771 0
67 58 12780 1
53 95 12795 0
68 61 12818 1
52 82 12882 0
83 37 12887 0
95 14 12890 1
67 63 12948 1
49 68 12954 0
41 93 12970 1
81 42 13008 0
82 89 13017 0
65 53 13093 1
67 61 13094 1
81 38 13139 0
53 99 13170 0
86 19 13186 0
92 64 13201 1
26 96 13213 0
81 41 13292 0
27 96 13306 0
60 105 13365 0
79 91 13368 0
41 77 13395 1
99 20 13452 1
68 63 13452 1
67 65 13511 1
93 59 13525 1
96 40 13526 1
81 50 13536 0
66 58 13549 1
27 73 13555 0
47 48 13581 1
61 49 13619 1
42 94 13620 1
37 109 13680 0
38 54 13688 0
55 48 13705 1
41 81 13714 1
52 47 13789 1
69 67 13817 1
40 92 13829 1
69 75 13862 1
96 14 13915 1
53 86 13933 0
62 104 13936 0
93 58 13940 1
99 19 13941 1
31 105 13958 0
40 79 13981 1
85 25 14034 0
45 98 14069 1
98 28 14084 1
69 73 14086 1
45 102 14110 1
65 55 14113 1
43 96 14156 1
45 99 14193 1
92 76 14228 1
81 46 14230 0
49 47 14230 1
45 101 14246 1
41 80 14321 1
71 125 14329 1
11 114 14367 1
26 84 14378 0
70 78 14389 1
41 84 14400 1
46 106 14442 1
94 13 14452 1
80 67 14475 0
61 50 14482 1
81 47 14485 0
75 94 14527 0
46 49 14550 1
69 66 14550 1
42 95 14552 1
91 69 14556 1
63 104 14557 0
41 94 14590 1
80 62 14653 0
97 29 14706 1
27 93 14749 0
109 45 14792 1
93 60 14833 1
41 79 14847 1
31 106 14889 0
69 65 14947 1
51 70 15038 0
52 48 15043 1
5 7 15050 1
51 68 15064 0
96 33 15117 1
44 49 15125 1
41 87 15138 1
109 45 15140 0
84 29 15160 0
51 71 15162 0
64 52 15165 1
92 72 15166 1
95 36 15179 1
105 5 15331 1
92 73 15360 1
67 60 15372 1
58 47 15376 1
55 47 15384 1
92 68 15405 1
80 60 15424 0
36 57 15451 0
26 94 15467 0
93 50 15479 1
84 27 15557 0
43 97 15582 1
65 52 15630 1
68 62 15763 1
27 90 15773 0
46 101 15786 1
69 68 15797 1
54 99 15812 0
92 74 15855 1
53 80 15900 0
26 82 15915 0
31 104 15942 0
93 57 15979 1
27 91 15988 0
96 39 15990 1
84 28 15996 0
58 48 16006 1
91 14 16047 1
28 101 16101 0
39 109 16110 0
51 48 16154 1
89 14 16230 1
97 28 16255 1
92 70 16263 1
28 99 16278 0
97 16 16282 1
59 48 16283 1
57 48 16304 1
67 59 16327 1
69 69 16362 1
52 76 16388 0
97 35 16422 1
52 84 16488 0
63 52 16526 1
29 103 16533 0
81 48 16539 0
56 103 16579 0
26 88 16607 0
27 98 16729 0
94 48 16779 1
96 15 16799 1
90 14 16820 1
69 77 16861 1
125 91 16861 1
51 73 16896 0
28 98 16913 0
41 93 16919 1
30 104 16977 0
48 48 17006 1
52 90 17023 0
27 89 17038 0
89 81 17104 1
69 63 17144 1
93 54 17261 1
45 49 17291 1
91 13 17300 1
80 57 17326 0
80 48 17339 0
45 100 17339 1
43 49 17340 1
80 65 17390 0
44 96 17403 1
51 69 17410 0
80 63 17499 0
68 68 17527 1
71 79 17530 1
97 27 17532 1
27 92 17573 0
50 48 17585 1
50 47 17590 1
92 71 17608 1
52 72 17617 0
41 92 17634 1
92 66 17703 1
62 50 17759 1
93 56 17775 1
53 96 17863 0
44 97 17866 1
63 49 17905 1
6 87 17916 1
58 104 17938 0
52 80 17957 0
83 33 17971 0
46 102 18000 1
53 47 18009 1
69 78 18028 1
41 88 18036 1
60 48 18052 1
68 60 18057 1
31 105 18091 0
40 85 18126 1
45 104 18222 1
29 101 18255 0
41 83 18267 1
43 48 18291 1
57 47 18297 1
97 15 18329 1
91 77 18448 1
46 100 18468 1
61 104 18479 0
41 90 18509 1
43 95 18528 1
95 41 18537 1
26 86 18545 0
44 71 18578 1
41 78 18591 1
65 54 18607 1
50 68 18613 0
69 72 18653 1
66 56 18687 1
62 51 18711 1
81 61 18718 0
69 71 18743 1
68 66 18744 1
110 74 18802 1
68 64 18831 1
41 76 18866 1
60 50 18905 1
44 98 18918 1
41 86 18948 1
98 19 18984 1
68 70 18984 1
69 76 18991 1
66 55 19041 1
45 48 19058 1
93 63 19116 1
54 48 19158 1
26 92 19182 0
33 61 19203 1
75 93 19224 0
27 93 19251 0
97 30 19262 1
81 54 19289 0
67 67 19294 1
51 47 19344 1
95 15 19385 1
25 127 19419 1
81 52 19420 0
84 29 19468 0
69 74 19473 1
59 104 19504 0
51 71 19581 0
93 53 19588 1
94 51 19601 1
55 102 19792 0
28 99 19943 0
33 108 19991 0
98 27 20067 1
24 80 20087 0
68 59 20120 1
94 52 20180 1
67 62 20241 1
98 25 20262 1
81 57 20310 0
89 15 20362 1
42 76 20373 1
51 69 20680 0
27 76 20696 0
28 101 20698 0
29 104 20753 0
69 70 20849 1
61 105 20917 0
84 27 20921 0
41 91 20930 1
96 36 20967 1
27 74 21035 0
27 92 21037 0
52 74 21038 0
26 88 21124 0
94 49 21155 1
48 47 21210 1
31 67 21276 0
52 72 21345 0
80 51 21402 0
80 58 21424 0
65 104 21540 0
83 32 21555 0
42 95 21589 1
27 71 21633 0
63 51 21689 1
42 94 21733 1
39 109 21745 0
93 61 21759 1
32 108 21839 0
91 75 21850 1
36 110 21874 0
52 69 21874 0
44 72 22125 1
92 75 22162 1
24 79 22270 0
81 51 22310 0
58 104 22375 0
53 84 22435 0
41 110 22524 0
94 50 22642 1
56 48 22762 1
26 74 22793 0
93 55 22807 1
98 18 22857 1
25 82 22948 0
92 67 22996 1
51 76 23026 0
81 56 23053 0
84 20 23082 0
48 69 23108 0
45 99 23158 1
42 108 23216 0
74 76 23251 1
80 64 23455 0
66 58 23491 1
69 64 23557 1
96 37 23620 1
82 34 23628 0
92 14 23716 1
75 105 23729 1
43 96 23739 1
53 89 23791 0
83 34 23836 0
95 40 23909 1
98 26 23959 1
25 84 23977 0
95 43 23981 1
79 68 24015 0
83 36 24039 0
53 92 24059 0
96 14 24102 1
28 100 24129 0
41 82 24159 1
41 89 24193 1
45 98 24194 1
26 90 24247 0
99 23 24261 1
94 46 24286 1
95 14 24363 1
95 39 24452 1
81 55 24460 0
96 34 24474 1
93 14 24503 1
93 65 24520 1
63 53 24572 1
41 94 24625 1
98 17 24632 1
27 96 24644 0
68 67 24703 1
81 52 24746 0
93 13 24752 1
97 31 24769 1
85 23 24781 0
94 44 24806 0
94 14 24806 1
81 59 24834 0
43 73 24835 1
55 102 24860 0
85 25 24886 0
93 64 24929 1
68 61 25027 1
87 18 25068 0
25 80 25096 0
67 58 25097 1
86 21 25102 0
69 75 25121 1
93 58 25136 1
81 43 25250 0
28 99 25261 0
93 59 25312 1
30 105 25342 0
91 71 25359 1
61 49 25379 1
93 60 25417 1
64 51 25430 1
95 44 25430 1
40 89 25431 1
93 62 25431 1
97 32 25442 1
98 15 25451 1
66 57 25469 1
97 29 25472 1
57 45 25485 1
92 13 25520 1
79 70 25536 0
97 16 25546 1
26 92 25560 0
93 57 25592 1
51 72 25605 0
86 20 25645 0
52 74 25646 0
64 52 25667 1
68 63 25692 1
60 105 25706 0
84 29 25728 0
99 21 25766 1
92 74 25773 1
97 15 25793 1
92 71 25797 1
82 40 25799 0
54 47 25811 1
92 73 25814 1
98 16 25816 1
96 41 25828 1
82 37 25833 0
65 53 25834 1
92 70 25876 1
63 104 25878 0
99 18 25894 1
99 17 25902 1
96 13 25905 1
85 21 25918 0
46 99 25920 1
81 39 25934 0
97 30 25934 1
54 97 25938 0
41 81 25939 1
70 78 25940 1
62 49 25948 1
93 56 25948 1
92 69 25957 1
93 67 25974 1
80 63 25979 0
65 55 25985 1
45 103 26002 1
94 49 26024 1
57 104 26026 0
82 36 26034 0
62 104 26038 0
51 69 26056 0
94 53 26056 1
51 89 26077 0
52 72 26118 0
51 71 26127 0
51 68 26140 0
67 57 26141 1
56 47 26157 1
53 95 26171 0
97 14 26200 1
99 19 26208 1
69 76 26222 1
69 73 26237 1
99 22 26245 1
81 41 26259 0
53 98 26260 0
81 47 26276 0
41 85 26278 1
99 20 26291 1
77 92 26308 0
63 50 26309 1
93 61 26319 1
60 49 26329 1
49 47 26333 1
82 38 26347 0
47 47 26362 1
95 42 26377 1
31 104 26406 0
94 13 26416 1
52 47 26430 1
96 36 26436 1
76 93 26440 0
67 60 26462 1
30 103 26468 0
31 105 26472 0
53 80 26486 0
69 65 26504 1
81 51 26507 0
65 50 26516 1
65 54 26516 1
81 46 26567 0
45 101 26591 1
92 68 26600 1
37 109 26602 0
59 103 26619 0
83 30 26624 0
81 50 26630 0
41 93 26644 1
93 55 26645 1
94 50 26663 1
31 103 26668 0
67 61 26676 1
66 53 26676 1
54 99 26694 0
26 84 26694 0
53 86 26700 0
81 40 26720 0
94 51 26752 1
70 77 26763 1
80 62 26767 0
94 48 26778 1
81 45 26789 0
97 28 26789 1
65 103 26801 0
63 57 26802 0
63 15 26803 1
41 84 26817 1
67 59 26819 1
80 65 26824 0
45 47 26842 1
100 21 26859 1
58 104 26882 0
74 14 26923 0
96 37 26943 1
67 58 26969 1
27 99 26969 0
94 47 26983 1
46 101 26988 1
85 19 26990 0
97 35 26996 1
40 84 26999 1
59 48 26999 1
41 79 26999 1
27 91 27018 0
57 48 27018 1
96 47 27040 1
96 14 27040 1
68 62 27052 1
81 48 27056 0
56 103 27061 0
27 92 27065 0
24 82 27079 0
58 47 27086 1
66 56 27104 1
41 109 27114 0
79 69 27119 0
81 61 27133 0
27 90 27137 0
90 15 27154 1
69 77 27165 1
55 48 27168 1
92 76 27168 1
51 70 27172 0
34 107 27224 0
52 76 27232 0
67 56 27237 1
93 54 27240 1
72 78 27246 1
46 98 27310 1
62 105 27323 0
69 72 27323 1
70 75 27334 1
28 101 27344 0
41 87 27356 1
43 97 27358 1
27 72 27387 0
46 47 27393 1
95 14 27406 1
85 25 27446 0
58 48 27493 1
44 96 27502 1
28 98 27506 0
66 55 27508 1
81 54 27515 0
25 79 27557 0
35 109 27560 0
53 99 27566 0
81 42 27578 0
50 70 27583 0
61 104 27603 0
80 64 27624 0
69 61 27650 1
49 68 27670 0
80 67 27672 0
44 97 27677 1
86 19 27692 0
83 29 27723 0
44 102 27727 1
26 88 27735 0
40 86 27742 1
41 77 27761 1
33 109 27779 0
27 93 27787 0
81 55 27796 0
30 68 27824 0
54 104 27833 0
67 63 27834 1
25 89 27852 0
65 52 27873 1
27 89 27880 0
93 63 27880 1
52 95 27932 0
69 69 27935 1
83 37 27942 0
43 96 27942 1
41 80 27962 1
59 105 27966 0
25 82 27976 0
51 79 28001 0
62 50 28031 1
84 27 28076 0
28 70 28077 0
81 56 28081 0
83 88 28088 0
84 24 28091 0
45 99 28100 1
64 52 28130 1
52 69 28133 0
49 60 28134 1
26 82 28191 0
30 66 28200 0
96 38 28232 1
42 109 28239 0
59 104 28243 0
60 103 28258 0
81 44 28259 0
65 51 28264 1
41 83 28284 0
41 92 28284 1
26 76 28292 0
62 104 28302 0
94 44 28312 1
45 98 28429 1
68 61 28438 1
44 48 28444 1
69 68 28444 1
84 87 28449 0
69 67 28451 1
53 47 28492 1
69 74 28493 1
68 69 28503 0
68 68 28503 1
42 94 28503 1
94 46 28516 1
45 97 28517 1
82 52 28533 0
42 86 28566 1
42 95 28566 1
43 95 28571 1
52 74 28586 0
71 78 28592 1
46 100 28592 1
41 91 28646 1
81 62 28681 0
60 48 28686 1
41 90 28725 1
50 47 28727 1
28 100 28736 0
54 97 28738 0
49 48 28738 1
39 109 28759 0
95 13 28779 1
57 47 28783 1
61 49 28792 1
59 47 28796 1
93 66 28797 1
52 85 28800 0
83 35 28804 0
68 60 28839 1
51 47 28844 1
63 51 28851 1
47 48 28856 1
29 101 28856 0
98 25 28868 1
28 99 28874 0
81 52 28888 0
52 72 28909 0
70 78 28915 1
27 85 28920 0
50 48 28923 1
81 59 28961 0
53 84 28970 0
26 86 28972 0
93 58 28972 1
48 67 28985 0
98 28 29038 1
94 54 29041 1
69 66 29042 1
69 76 29049 1
92 75 29050 1
26 87 29087 0
50 68 29092 0
79 68 29093 0
70 76 29106 1
69 75 29188 1
96 40 29207 1
52 48 29225 1
52 91 29230 0
32 63 29261 0
61 48 29270 1
55 102 29271 0
27 73 29276 0
93 72 29281 1
68 58 29286 1
83 36 29304 0
93 60 29325 1
93 52 29326 1
46 48 29328 1
51 68 29330 0
46 105 29357 1
41 93 29398 1
52 82 29398 0
91 14 29419 1
41 54 29424 1
41 83 29424 1
64 104 29441 0
85 23 29524 0
53 80 29534 0
52 71 29560 0
93 71 29572 1
93 59 29573 1
28 71 29580 0
31 106 29612 0
46 103 29619 1
95 41 29620 1
95 40 29672 1
69 65 29684 1
51 77 29736 0
30 103 29743 0
65 53 29748 1
46 104 29775 1
62 49 29776 1
53 96 29784 0
27 91 29792 0
27 105 29817 0
27 90 29817 0
31 104 29836 0
53 100 29843 0
31 103 29846 0
59 103 29860 0
69 70 29864 1
56 100 29866 0
26 84 29886 0
93 57 29911 1
79 67 29941 0
86 18 29950 0
97 33 29960 1
54 99 29973 0
71 79 30003 1
31 65 30005 0
27 92 30036 0
34 107 30040 0
97 15 30059 1
34 108 30069 0
99 24 30111 1
93 64 30116 1
67 57 30132 1
93 14 30162 1
28 98 30218 0
62 51 30231 1
25 78 30239 0
94 52 30257 1
81 45 30269 0
27 96 30285 0
26 90 30296 0
98 15 30303 1
83 87 30327 0
41 89 30342 1
80 90 30348 0
25 85 30367 0
42 108 30379 0
68 64 30387 1
69 73 30391 1
96 35 30398 1
51 69 30406 0
26 95 30424 0
69 60 30435 1
70 77 30513 1
91 78 30518 1
94 49 30529 1
63 104 30557 0
97 30 30596 1
44 95 30601 1
99 18 30603 1
98 18 30605 1
32 107 30614 0
58 47 30648 1
68 54 30686 1
52 94 30762 0
49 47 30778 1
67 58 30828 1
52 47 30875 1
93 56 30913 1
46 99 30926 1
41 84 30927 1
42 77 30930 1
67 59 30936 1
59 48 30985 1
42 82 31004 1
96 34 31010 1
86 89 31050 1
95 46 31058 1
63 50 31069 1
43 50 31098 1
81 57 31138 0
83 34 31142 0
41 87 31154 1
83 31 31168 0
92 78 31179 1
53 77 31222 0
63 49 31244 1
44 96 31266 1
41 88 31267 1
86 21 31267 0
93 68 31289 1
98 27 31300 1
53 92 31340 0
31 66 31347 0
31 107 31364 0
47 102 31365 1
54 47 31368 1
53 95 31384 0
93 61 31404 1
91 13 31421 1
64 48 31424 1
84 29 31441 0
52 80 31444 0
27 89 31445 0
80 64 31509 0
69 71 31549 1
92 77 31607 1
52 68 31640 0
51 48 31645 1
43 96 31652 1
93 13 31688 1
92 71 31699 1
69 63 31704 1
1 22 31748 1
96 39 31755 1
93 65 31758 1
73 96 31776 0
86 20 31793 0
55 47 31811 1
84 28 31827 0
99 16 31829 1
94 57 31853 1
41 79 31858 1
81 43 31908 0
66 55 31971 1
27 98 31981 0
46 101 32003 1
58 104 32013 0
41 85 32025 1
66 56 32025 1
66 53 32027 1
94 51 32027 1
52 69 32041 0
46 98 32074 1
94 50 32127 1
97 13 32132 1
97 29 32141 1
41 81 32143 1
110 28 32230 1
30 105 32232 0
52 71 32245 0
92 13 32266 1
92 72 32314 1
92 70 32386 1
64 51 32393 1
81 51 32410 0
27 93 32458 0
91 77 32466 1
56 104 32490 0
36 58 32505 0
69 78 32506 1
96 14 32521 1
42 94 32527 1
63 105 32549 0
41 91 32552 1
81 60 32631 0
53 101 32708 0
64 50 32743 1
47 47 32753 1
95 43 32755 1
74 14 32762 1
42 76 32816 1
26 82 32832 0
93 69 32837 1
96 36 32857 1
81 53 32878 0
45 104 32908 1
45 99 32910 1
41 82 32939 1
25 82 33022 0
31 105 33030 0
93 55 33053 1
94 58 33062 1
97 37 33067 1
56 47 33141 1
27 85 33177 0
90 80 33199 1
68 57 33199 1
45 98 33200 1
43 95 33202 1
68 59 33252 1
61 104 33262 0
26 87 33272 0
42 92 33338 1
93 70 33354 1
57 48 33392 1
29 68 33398 0
34 107 33402 0
54 48 33407 1
54 102 33440 0
41 101 33460 1
94 66 33493 1
69 72 33534 1
90 14 33549 1
41 90 33606 1
27 76 33654 0
45 97 33661 1
83 35 33681 0
99 19 33714 1
31 64 33752 0
80 56 33792 0
30 103 33795 0
52 81 33797 0
37 109 33832 0
45 72 33893 1
52 92 33923 0
60 48 33956 1
24 80 33959 0
28 100 34002 0
26 81 34042 0
92 74 34130 1
67 56 34152 1
48 68 34163 0
48 47 34174 1
34 108 34176 0
48 48 34193 1
99 20 34220 1
41 78 34224 1
94 48 34235 1
97 16 34291 1
52 74 34345 0
64 52 34347 1
39 85 34354 1
60 103 34354 0
70 78 34441 1
98 31 34476 1
31 103 34496 0
95 31 34543 1
28 99 34545 0
65 52 34555 1
51 47 34557 1
76 119 34572 1
81 45 34611 0
24 81 34620 0
79 68 34640 0
27 101 34664 0
62 48 34693 1
93 67 34756 1
69 64 34993 1
26 83 35031 0
42 78 35048 1
93 75 35052 1
99 21 35062 1
54 97 35077 0
118 28 35082 1
81 61 35086 0
68 63 35186 1
57 47 35195 1
75 95 35237 0
97 31 35241 1
41 86 35266 1
81 49 35281 0
67 60 35281 1
52 96 35307 0
52 71 35342 0
25 77 35356 0
82 40 35363 0
52 72 35429 0
27 92 35486 0
30 65 35506 0
46 100 35550 1
62 50 35577 1
41 92 35617 1
43 108 35750 0
26 92 35791 0
95 42 35810 1
50 47 35903 1
85 24 35911 0
97 14 35957 1
26 93 36179 0
31 104 36185 0
98 16 36202 1
97 32 36287 1
82 49 36347 0
29 98 36368 0
29 100 36381 0
53 47 36432 1
27 74 36539 0
53 86 36540 0
83 33 36552 0
86 23 36559 0
92 73 36561 1
29 99 36706 0
42 95 36747 1
15 30 36771 0
81 53 36796 0
68 62 36825 1
27 75 36946 0
27 87 36994 0
35 108 37096 0
52 76 37113 0
55 102 37212 0
53 98 37246 0
23 79 37247 0
54 98 37253 0
59 104 37315 0
80 59 37343 0
44 97 37395 1
83 32 37429 0
30 106 37431 0
63 106 37439 0
32 107 37463 0
26 72 37468 0
53 80 37478 0
65 57 37544 1
69 74 37582 1
81 47 37594 0
26 84 37631 0
85 25 37644 0
80 54 37665 0
81 54 37687 0
26 81 37751 0
109 45 37762 1
80 63 37784 0
93 63 37809 1
94 59 37838 1
99 15 37883 1
53 89 37968 0
80 64 38067 0
87 17 38108 0
26 83 38156 0
109 45 38201 0
34 108 38285 0
80 60 38339 0
78 71 38358 0
69 69 38364 1
58 48 38376 1
37 55 38391 0
81 60 38504 0
51 74 38519 0
26 87 38626 0
28 72 38633 0
81 59 38660 0
61 49 38662 1
80 67 38685 0
81 62 38694 0
41 89 38700 1
26 90 38711 0
52 81 38726 0
81 46 38735 0
51 68 38789 0
79 70 38799 0
105 5 38841 0
30 100 38877 0
60 47 38994 1
45 96 39203 1
93 62 39239 1
72 16 39241 1
99 23 39349 1
81 56 39394 0
53 90 39399 0
39 109 39412 0
53 91 39444 0
81 52 39502 0
29 100 39503 0
68 61 39530 1
50 67 39556 0
85 24 39570 0
27 87 39576 0
95 14 39622 1
81 50 39680 0
30 104 39691 0
30 108 39717 0
82 52 39718 0
81 49 39725 0
64 104 39744 0
94 53 39758 1
82 49 39936 0
83 37 39938 0
25 80 40004 0
29 99 40020 0
54 98 40073 0
66 54 40160 1
53 84 40161 0
81 48 40186 0
78 92 40226 0
63 51 40300 1
43 94 40357 1
62 104 40398 0
38 109 40436 0
48 68 40442 0
29 70 40444 0
48 49 40565 1
28 98 40581 0
34 107 40600 0
26 73 40600 0
23 83 40607 0
52 68 40637 0
76 94 40667 0
27 90 40709 0
30 103 40804 0
36 108 40824 0
81 55 40825 0
96 42 40861 1
81 53 40898 0
69 75 40935 1
81 45 40962 0
71 98 41042 0
35 108 41083 0
56 100 41110 0
52 71 41130 0
95 45 41179 1
52 93 41198 0
28 73 41235 0
84 27 41260 0
94 55 41297 1
54 102 41300 0
93 59 41300 1
27 91 41315 0
53 87 41418 0
65 53 41422 1
81 41 41435 0
52 84 41512 0
53 94 41520 0
64 105 41571 0
55 100 41572 0
55 98 41616 0
26 89 41624 0
93 58 41642 1
37 57 41674 0
25 84 41675 0
46 99 41687 1
67 57 41725 1
27 77 41730 0
79 92 41755 0
59 103 41756 0
26 83 41853 0
57 106 42050 0
42 79 42078 1
42 81 42108 1
27 89 42139 0
51 71 42146 0
27 87 42239 0
52 69 42245 0
30 100 42385 0
30 105 42432 0
50 67 42445 0
29 100 42538 0
82 38 42548 0
29 67 42607 0
39 54 42617 0
63 104 42643 0
52 78 42735 0
69 66 42738 1
84 25 42833 0
57 104 42848 0
53 77 42879 0
69 68 42921 1
85 24 42968 0
25 82 43067 0
34 108 43181 0
81 44 43191 0
25 76 43279 0
28 101 43298 0
79 68 43301 0
28 102 43319 0
69 65 43440 1
32 64 43469 0
32 104 43481 0
94 49 43588 1
24 78 43686 0
32 106 43716 0
83 35 43732 0
27 96 43744 0
29 99 43753 0
65 105 43759 0
44 96 43766 1
61 48 43829 1
68 60 43864 1
96 13 43945 1
41 83 43972 1
54 98 43984 0
36 108 44073 0
58 47 44118 1
122 124 44121 1
81 57 44144 0
27 86 44183 0
82 44 44207 0
45 46 44284 1
69 76 44356 1
69 62 44374 1
51 46 44375 1
42 108 44466 0
41 93 44466 1
69 67 44480 1
58 104 44485 0
69 70 44502 1
85 23 44599 0
80 59 44688 0
38 109 44693 0
82 49 44702 0
99 22 44742 1
94 13 44771 1
45 48 44850 1
55 100 44934 0
94 60 44952 1
25 83 44958 0
70 67 45088 1
82 42 45091 0
99 17 45133 1
65 54 45256 1
25 79 45276 0
56 103 45318 0
52 81 45392 0
27 85 45418 0
69 73 45418 1
84 32 45467 0
59 48 45480 1
81 49 45642 0
46 47 45705 1
51 67 45734 0
32 107 45893 0
41 77 45983 1
83 38 45997 0
31 67 46018 0
53 91 46103 0
93 66 46126 1
53 93 46132 0
53 90 46156 0
53 94 46196 0
93 60 46204 1
32 104 46319 0
47 46 46406 1
27 87 46421 0
63 50 46550 1
26 81 46725 0
52 79 46758 0
55 47 46803 1
81 51 46847 0
70 75 46851 1
52 78 46857 0
27 86 46863 0
51 74 46879 0
28 100 46903 0
96 37 46946 1
45 70 47089 1
25 81 47144 0
26 88 47161 0
92 68 47216 1
52 47 47246 1
46 49 47265 1
93 57 47299 1
93 54 47301 1
26 85 47319 0
53 87 47406 0
97 15 47407 1
28 73 47451 0
48 68 47604 0
92 76 47759 1
43 47 47821 1
62 49 47926 1
66 55 47933 1
35 108 47979 0
82 44 48040 0
32 106 48051 0
29 102 48082 0
85 24 48190 0
43 92 48534 1
95 13 48649 1
50 67 48652 0
66 52 48710 1
28 72 48730 0
75 75 48736 1
81 53 48763 0
45 106 48829 1
44 95 48993 1
67 58 49170 1
39 108 49245 0
36 108 49434 0
41 88 49493 1
71 67 49496 1
41 84 49539 1
46 98 49539 1
54 47 49540 1
59 47 49581 1
96 14 49747 1
54 87 49887 0
34 109 49892 0
64 51 50056 1
51 67 50191 0
84 32 50215 0
32 104 50331 0
38 109 50401 0
97 19 50500 1
27 93 50511 0
26 83 50604 0
30 100 50653 0
100 19 50711 1
40 109 50796 0
94 56 50835 1
42 77 50932 1
46 97 50976 1
93 56 51066 1
80 65 51082 0
82 42 51099 0
93 64 51117 1
70 77 51133 1
42 94 51135 1
29 100 51167 0
37 108 51196 0
25 83 51242 0
71 78 51283 1
54 102 51352 0
42 75 51358 1
81 61 51377 0
93 73 51444 1
85 21 51497 0
41 80 51497 1
98 15 51498 1
79 64 51526 0
27 102 51693 0
52 78 51724 0
57 103 51771 0
31 103 51790 0
96 38 51846 1
26 85 51929 0
86 21 51962 0
99 18 52092 1
61 104 52131 0
93 72 52139 1
53 93 52163 0
86 19 52164 0
55 100 52175 0
97 35 52177 1
53 94 52225 0
51 80 52244 0
92 75 52258 1
84 29 52379 0
27 86 52420 0
52 79 52452 0
94 46 52518 1
87 18 52543 0
65 51 52545 1
94 52 52546 1
98 29 52553 1
93 61 52586 1
97 30 52592 1
95 44 52625 1
86 20 52668 0
94 51 52692 1
84 33 52709 0
86 23 52725 0
60 103 52751 0
70 74 52752 1
82 44 52774 0
28 91 52855 0
98 14 52885 1
53 80 52894 0
82 37 52905 0
97 36 52905 1
26 86 52913 0
79 69 52986 0
68 58 52990 1
70 76 53023 1
42 90 53094 1
41 109 53135 0
52 87 53164 0
93 65 53165 1
81 42 53193 0
43 109 53195 0
51 81 53202 0
48 67 53215 0
57 105 53249 0
31 101 53297 0
81 56 53319 0
82 40 53368 0
82 52 53396 0
54 99 53404 0
79 61 53449 0
65 103 53450 0
52 74 53488 0
54 97 53493 0
94 54 53516 1
52 68 53524 0
71 97 53548 0
26 82 53585 0
81 62 53592 0
53 96 53593 0
29 101 53595 0
81 59 53605 0
39 108 53631 0
43 108 53633 0
28 90 53660 0
52 72 53710 0
67 55 53734 1
32 105 53749 0
63 49 53757 1
45 98 53789 1
85 25 53838 0
29 98 53918 0
94 50 53934 1
70 72 53948 1
72 96 53955 0
28 71 53997 0
41 87 54005 1
29 69 54036 0
52 70 54055 0
25 81 54082 0
65 104 54123 0
54 87 54194 0
27 92 54194 0
65 50 54204 1
66 53 54208 1
47 99 54217 1
42 92 54217 1
52 46 54282 1
28 99 54288 0
83 36 54319 0
49 47 54338 1
32 106 54358 0
27 72 54414 0
49 68 54447 0
82 36 54465 0
57 47 54527 1
37 108 54558 0
26 76 54581 0
96 41 54595 1
81 39 54621 0
26 87 54690 0
54 98 54709 0
81 60 54727 0
43 95 54732 1
27 75 54737 0
81 55 54740 0
30 69 54770 0
69 72 54778 1
97 33 54799 1
42 84 54833 1
77 92 54884 0
51 75 54887 0
42 86 54898 1
43 96 54923 1
51 98 54938 0
42 91 54948 1
41 81 54990 1
67 56 54994 1
82 49 55019 0
79 91 55040 0
32 104 55049 0
53 87 55095 0
27 82 55111 0
53 90 55144 0
99 19 55174 1
41 91 55177 1
35 106 55178 0
53 92 55189 0
56 100 55194 0
45 97 55221 1
100 18 55249 1
61 103 55270 0
81 54 55285 0
29 99 55287 0
51 67 55296 0
49 69 55344 0
37 58 55373 0
53 95 55398 0
44 49 55411 1
27 79 55509 0
84 35 55521 0
84 32 55549 0
29 102 55631 0
80 61 55633 0
85 20 55702 0
70 78 55711 1
42 80 55721 1
70 73 55734 1
46 101 55798 1
82 48 55801 0
65 52 55836 1
93 13 55836 1
28 91 55866 0
51 68 55918 0
51 47 55918 1
62 104 55930 0
56 47 55969 1
25 90 56022 0
50 48 56042 1
81 40 56046 0
54 92 56055 0
46 104 56095 1
31 104 56098 0
90 13 56110 1
97 14 56133 1
49 46 56155 1
53 77 56159 0
57 103 56159 0
45 47 56177 1
97 34 56201 1
84 33 56279 0
68 59 56387 1
60 48 56416 1
40 109 56434 0
83 37 56451 0
85 24 56522 0
58 47 56525 1
55 98 56652 0
41 85 56757 1
93 71 56787 1
28 73 56790 0
68 61 56809 1
41 79 56934 1
99 16 56968 1
96 40 56983 1
27 86 57008 0
85 87 57018 0
52 70 57139 0
26 85 57232 0
95 47 57277 1
61 49 57305 1
51 69 57307 0
59 103 57315 0
53 91 57353 0
46 100 57370 1
52 69 57410 0
64 50 57414 1
30 68 57529 0
27 76 57537 0
28 90 57566 0
51 68 57584 0
67 59 57625 1
32 105 57639 0
30 100 57664 0
34 107 57729 0
91 13 57729 1
52 71 57773 0
27 85 57788 0
53 47 57800 1
67 58 57812 1
51 70 57839 0
83 38 57888 0
47 48 57896 1
51 83 57912 0
27 73 57919 0
52 78 57999 0
39 108 58021 0
37 108 58036 0
98 28 58088 1
64 104 58185 0
82 42 58187 0
47 47 58230 1
85 86 58249 0
41 82 58404 1
70 70 58442 1
69 63 58444 1
80 67 58493 0
24 80 58526 0
93 74 58544 1
28 89 58571 0
54 97 58591 0
59 102 58647 0
43 94 58664 1
33 108 58666 0
69 59 58712 1
27 95 58764 0
42 82 58852 1
55 46 58852 1
47 104 58861 1
69 61 58881 1
38 109 58901 0
47 103 58919 1
27 87 58999 0
36 108 59018 0
53 72 59092 0
47 101 59096 1
81 61 59114 0
44 96 59117 1
61 103 59136 0
50 68 59141 0
82 48 59147 0
47 100 59163 1
83 87 59223 0
95 41 59227 1
81 49 59289 0
61 47 59333 1
43 74 59368 1
93 68 59403 1
96 13 59420 1
46 70 59428 1
93 63 59428 1
53 93 59470 0
99 20 59470 1
100 21 59533 1
41 90 59542 1
67 57 59607 1
50 47 59624 1
46 99 59724 1
68 57 59727 1
54 87 59792 0
96 36 59862 1
98 27 59868 1
100 20 59892 1
33 107 59927 0
53 46 60049 1
80 59 60118 0
70 63 60122 1
28 91 60174 0
52 70 60182 0
78 91 60443 0
28 93 60516 0
34 109 60519 0
25 83 60571 0
65 53 60574 1
62 71 60651 1
62 48 60651 1
26 90 60651 0
40 111 60665 0
24 51 60788 0
69 69 60812 1
28 98 60819 0
93 69 60849 1
69 64 60854 1
97 32 60869 1
58 46 60909 1
95 43 60915 1
53 94 60933 0
99 21 60966 1
26 82 60973 0
41 86 60974 1
31 101 60978 0
70 71 61042 1
50 46 61080 1
41 108 61093 0
53 79 61134 0
28 70 61164 0
83 34 61165 0
57 103 61204 0
52 68 61278 0
32 105 61355 0
44 48 61359 1
69 73 61363 1
52 79 61410 0
93 55 61414 1
51 74 61460 0
41 89 61488 1
33 63 61500 0
97 29 61507 1
53 99 61551 0
53 82 61564 0
53 81 61571 0
29 96 61581 0
28 89 61680 0
64 52 61783 1
82 45 62063 0
70 77 62065 1
39 53 62075 0
83 21 62164 0
54 46 62178 1
25 81 62199 0
20 42 62230 0
24 77 62354 0
45 96 62402 1
64 103 62411 0
26 84 62454 0
70 68 62460 1
80 61 62518 0
35 108 62711 0
28 96 62779 0
81 45 62836 0
50 80 62836 0
27 91 62935 0
27 78 62958 0
40 109 63065 0
66 51 63110 1
84 33 63247 0
109 45 63275 1
109 45 63333 0
32 104 63341 0
99 25 63343 1
63 104 63592 0
82 44 63606 0
27 84 63610 0
27 95 63718 0
43 107 63746 0
70 66 63834 1
42 78 63841 1
68 60 63865 1
69 65 63869 1
48 46 63928 1
70 75 63932 1
82 48 63946 0
28 93 64056 0
55 100 64261 0
53 84 64273 0
50 67 64365 0
51 82 64367 0
59 48 64378 1
54 92 64580 0
80 50 64629 0
97 38 64725 1
81 57 64798 0
26 96 64877 0
28 97 64882 0
60 47 64882 1
68 56 64942 1
94 49 65029 1
57 46 65181 1
60 103 65369 0
27 97 65385 0
52 70 65387 0
26 78 65405 0
74 95 65451 0
41 108 65532 0
42 108 65593 0
53 81 65642 0
47 67 65651 0
85 20 65699 0
33 105 65726 0
53 82 65816 0
79 63 65830 0
86 21 65844 0
33 107 65983 0
59 107 66077 0
81 53 66092 0
53 79 66197 0
68 62 66225 1
46 98 66414 1
96 14 66425 1
94 57 66428 1
28 96 66438 0
53 83 66481 0
75 93 66494 0
86 23 66675 0
32 105 66710 0
93 67 66745 1
109 45 66769 1
47 105 66831 1
109 45 66844 0
92 13 66887 1
59 47 66928 1
27 84 67177 0
28 74 67216 0
82 45 67228 0
44 45 67264 1
61 48 67265 1
32 103 67319 0
95 12 67448 1
76 73 67449 0
37 108 67513 0
29 66 67704 0
63 48 67736 1
37 56 67781 0
98 15 67887 1
93 64 67897 1
62 49 67932 1
45 99 67932 1
42 92 67963 1
55 47 68026 1
94 59 68101 1
53 80 68189 0
94 53 68211 1
32 106 68297 0
99 17 68320 1
28 89 68343 0
52 47 68425 1
95 42 68554 1
31 66 68576 0
63 50 68662 1
69 66 68863 1
94 58 68942 1
72 78 69025 1
93 60 69025 1
43 93 69141 1
64 49 69146 1
29 100 69153 0
48 47 69160 1
28 97 69176 0
55 101 69177 0
44 95 69293 1
53 75 69327 0
94 65 69331 1
45 95 69358 1
75 94 69361 0
66 55 69401 1
27 94 69456 0
28 93 69482 0
33 105 69516 0
69 68 69761 1
93 70 69793 1
45 103 69931 1
44 47 70049 1
69 70 70060 1
94 13 70113 1
28 94 70126 0
54 95 70146 0
53 72 70213 0
42 81 70476 1
42 76 70503 1
42 87 70520 1
42 85 70597 1
28 96 70671 0
29 98 70680 0
85 26 70796 0
94 55 70817 1
42 83 70894 1
91 79 70957 1
51 67 71082 0
82 43 71091 0
93 72 71266 1
53 81 71307 0
94 51 71340 1
43 97 71466 1
94 61 71714 1
93 66 71762 1
51 46 71850 1
68 58 71966 1
46 97 71999 1
67 56 72177 1
53 83 72208 0
95 13 72321 1
52 75 72453 0
42 79 72501 1
33 107 72590 0
93 58 72726 1
41 83 72772 1
109 45 72789 1
72 77 72838 1
59 104 72855 0
26 78 72892 0
97 31 72898 1
27 97 72910 0
94 56 72955 1
27 90 73187 0
41 108 73195 0
98 25 73267 1
77 93 73313 0
80 61 73367 0
27 84 73389 0
99 22 73416 1
30 67 73584 0
49 47 73616 1
53 75 73729 0
53 82 73968 0
67 53 73995 1
40 108 73997 0
66 52 74059 1
55 101 74404 0
27 95 74556 0
32 103 74610 0
85 26 74970 0
67 54 75001 1
65 51 75062 1
81 52 75065 0
53 78 75226 0
109 45 75262 0
31 103 75317 0
65 52 75363 1
28 97 75385 0
28 94 75401 0
57 47 75634 1
45 97 75783 1
40 109 75791 0
96 34 75855 1
26 85 75968 0
69 67 76181 1
82 43 76531 0
99 15 77073 1
27 94 77155 0
34 106 77183 0
26 81 77195 0
66 53 77235 1
94 66 77496 1
99 18 77518 1
71 78 77555 1
82 51 77604 0
26 80 77755 0
97 30 77801 1
99 24 77817 1
29 72 77885 0
28 86 77985 0
41 84 78024 1
27 83 78043 0
67 55 78064 1
97 35 78156 1
96 37 78235 1
95 99 78319 1
47 102 78321 1
70 76 78335 1
63 49 78356 1
81 62 78390 0
70 74 78414 1
99 26 78537 1
69 62 78557 1
93 61 78584 1
98 13 78603 1
69 72 78644 1
43 95 78715 1
70 69 78718 1
95 46 78777 1
84 87 78850 0
95 14 78951 1
97 13 78964 1
81 59 78981 0
86 20 78987 0
94 54 79018 1
71 77 79052 1
98 14 79197 1
85 22 79211 0
97 14 79214 1
41 76 79243 1
82 52 79305 0
93 56 79344 1
93 76 79374 1
69 60 79379 1
51 47 79380 1
58 47 79417 1
95 49 79445 1
42 91 79458 1
57 103 79475 0
42 86 79535 1
82 56 79589 0
41 91 79602 1
94 63 79613 1
97 28 79653 1
97 37 79707 1
81 60 79742 0
57 45 79774 1
42 80 79795 1
40 108 79888 0
56 46 79889 1
85 26 79910 0
94 60 79935 1
61 103 79979 0
82 48 79991 0
68 61 80016 1
99 64 80025 1
54 95 80177 0
96 12 80225 1
99 16 80237 1
97 36 80238 1
52 75 80238 0
54 84 80269 0
93 65 80356 1
95 44 80386 1
100 17 80396 1
33 105 80434 0
68 55 80488 1
60 48 80515 1
41 87 80540 1
28 90 80545 0
93 71 80565 1
86 19 80605 0
34 108 80610 0
95 45 80658 1
99 23 80669 1
42 90 80711 1
94 50 80712 1
94 52 80742 1
26 83 80782 0
61 104 80846 0
42 88 80913 1
64 103 80933 0
83 35 80953 0
53 87 80995 0
35 106 81019 0
93 57 81039 1
27 77 81066 0
53 78 81080 0
55 101 81153 0
93 13 81270 1
93 73 81284 1
100 19 81325 1
81 66 81343 0
56 100 81348 0
57 100 81382 0
42 89 81382 1
54 47 81423 1
93 68 81425 1
93 121 81432 1
71 76 81444 1
28 72 81577 0
27 88 81633 0
70 72 81692 1
27 82 81701 0
94 12 81704 1
57 101 81747 0
93 75 81873 1
67 58 81902 1
29 14 81935 1
54 98 81993 0
53 79 81994 0
82 43 82012 0
28 96 82047 0
34 106 82069 0
95 51 82074 1
86 18 82080 0
29 102 82146 0
43 108 82160 0
96 41 82161 1
43 94 82161 1
96 13 82214 1
92 71 82217 1
52 73 82288 0
65 50 82319 1
87 92 82331 1
94 59 82362 1
98 96 82367 1
98 15 82367 1
29 99 82383 0
93 67 82394 1
97 33 82447 1
62 47 82464 1
98 29 82465 1
46 96 82465 1
92 75 82540 0
92 76 82540 1
70 67 82553 1
27 86 82569 0
52 46 82593 1
45 98 82593 1
70 77 82698 1
44 96 82717 1
53 83 82719 0
42 77 82723 1
44 94 82763 1
64 50 82767 1
55 98 82771 0
36 109 82772 0
85 20 82841 0
42 82 82843 1
30 100 82974 0
53 77 82977 0
70 61 83011 1
68 57 83047 1
73 77 83053 1
27 79 83068 0
47 99 83073 1
45 101 83097 1
42 84 83115 1
28 91 83122 0
46 98 83138 1
68 58 83225 1
28 94 83261 0
55 46 83274 1
28 86 83284 0
31 101 83302 0
96 43 83360 1
47 98 83375 1
41 90 83448 1
82 40 83469 0
26 80 83512 0
27 83 83610 0
27 85 83625 0
82 49 83637 0
82 51 83690 0
69 65 83715 1
68 60 83717 1
39 108 83742 0
67 56 83752 1
28 92 83788 0
94 57 83892 1
46 105 84040 1
94 62 84058 1
61 49 84061 1
37 107 84094 0
52 68 84225 0
52 77 84261 0
53 86 84262 0
93 70 84285 1
59 102 84356 0
95 48 84372 1
33 103 84382 0
27 74 84388 0
43 75 84410 1
65 103 84439 0
67 55 84458 1
100 16 84472 1
96 42 84479 1
70 75 84528 1
84 32 84623 0
68 59 84719 1
69 63 84769 1
70 73 84778 1
92 13 84825 1
63 19 84859 1
95 52 84890 1
46 47 84976 1
59 44 85030 1
59 47 85036 1
40 52 85063 0
28 89 85130 0
92 75 85136 1
69 61 85351 1
20 42 85460 1
70 68 85472 1
47 46 85538 1
84 35 85570 0
70 71 85581 1
40 108 85587 0
42 78 85593 1
53 46 85637 1
98 28 85643 1
97 35 85675 1
70 15 85738 1
11 8 85768 1
95 50 85769 1
92 107 85774 1
41 85 85784 1
43 93 85794 1
54 24 85795 1
29 71 85807 0
11 26 85812 1
58 45 85847 1
53 47 85847 1
40 92 85879 1
61 47 85966 1
46 101 86023 1
69 59 86052 1
96 40 86063 1
25 80 86148 0
99 17 86246 1
27 84 86253 0
59 103 86261 0
66 53 86295 1
49 46 86296 1
88 72 86314 1
95 35 86314 1
54 84 86315 0
98 31 86348 1
28 93 86351 0
93 69 86433 1
52 66 86434 0
42 91 86448 1
32 104 86574 0
29 70 86599 0
60 103 86617 0
32 103 86741 0
62 104 86748 0
93 72 86782 1
93 64 86840 1
81 56 86857 0
53 81 86904 0
99 95 86994 1
119 50 87075 1
50 47 87076 1
44 95 87100 1
39 107 87126 0
86 127 87136 1
95 96 87143 1
62 48 87360 1
65 52 87590 1
53 78 87654 0
52 47 87716 1
34 106 87767 0
93 74 87822 1
83 41 87848 0
43 73 87864 1
42 92 87864 1
97 15 87864 1
82 45 87877 0
66 84 87943 1
27 97 87987 0
33 104 88254 0
82 35 88264 0
28 92 88296 0
63 103 88521 0
32 105 88660 0
61 48 88731 1
47 47 88780 1
85 26 88834 0
69 66 88876 1
46 46 88906 1
60 46 88929 1
85 22 88998 0
27 88 89033 0
100 18 89064 1
53 72 89094 0
70 70 89094 1
80 62 89226 0
62 49 89282 1
58 46 89388 1
82 44 89454 0
68 56 89455 1
94 55 89473 1
80 64 89643 0
99 18 89678 1
54 46 89760 1
54 97 89804 0
52 70 89824 0
83 48 89902 0
30 101 89908 0
27 75 89923 0
82 42 89923 0
92 12 89949 1
47 100 90010 1
52 73 90058 0
32 63 90112 0
95 47 90190 1
29 96 90514 0
94 13 90556 1
93 66 90559 1
44 108 90570 0
63 49 90607 1
28 97 90750 0
57 101 90788 0
70 76 90800 1
42 81 90907 1
86 23 90962 0
94 58 91042 1
85 85 91075 0
63 50 91154 1
95 43 91161 1
99 15 91196 1
81 61 91295 0
97 14 91296 1
98 32 91321 1
41 79 91334 1
94 61 91367 1
26 80 91455 0
69 58 91456 1
27 94 91526 0
37 107 91593 0
98 30 91654 1
95 12 91687 1
46 97 91711 1
94 71 91725 1
87 17 91755 0
70 74 91849 1
66 52 91889 1
51 67 91904 0
86 21 91924 0
94 64 92002 1
70 64 92007 1
60 47 92071 1
58 47 92081 1
97 34 92153 1
81 62 92179 0
98 27 92188 1
64 49 92207 1
52 69 92245 0
82 56 92310 0
84 33 92322 0
71 77 92325 1
28 86 92329 0
94 59 92388 1
45 104 92461 1
82 43 92465 0
93 71 92516 1
97 13 92617 1
57 46 92622 1
53 80 92638 0
94 54 92665 1
42 85 92785 1
50 46 92786 1
69 68 92787 1
83 36 92822 0
97 40 92850 1
87 18 92857 0
82 38 92875 0
94 56 92891 1
94 66 92914 1
65 51 92961 1
25 104 92962 0
61 103 92970 0
82 51 92983 0
93 12 92997 1
67 54 93019 1
55 101 93080 0
53 93 93104 0
26 82 93122 0
83 37 93145 0
70 65 93165 1
89 85 93168 1
33 107 93172 0
99 16 93179 1
55 86 93210 0
42 87 93215 1
51 46 93230 1
97 32 93265 1
41 108 93280 0
66 51 93280 1
69 64 93281 1
35 106 93297 0
45 95 93329 1
32 65 93375 0
96 13 93388 1
98 14 93388 1
25 75 93400 0
83 38 93420 0
28 92 93447 0
98 15 93499 1
40 53 93532 0
27 83 93545 0
26 78 93605 0
100 21 93618 1
70 66 93691 1
55 84 93719 0
99 22 93741 1
85 25 93813 0
68 58 93828 1
95 49 93853 1
54 92 93855 0
85 27 93862 0
83 33 93934 0
29 98 93935 0
42 90 94013 1
76 93 94052 0
56 101 94060 0
33 104 94082 0
25 78 94105 0
45 97 94113 1
53 89 94154 0
69 72 94181 1
44 107 94191 0
41 89 94209 1
63 103 94223 0
33 105 94242 0
53 82 94245 0
27 78 94252 0
56 100 94273 0
53 75 94276 0
86 20 94296 0
31 65 94301 0
79 70 94304 0
93 67 94314 1
81 55 94316 0
82 52 94319 0
54 87 94331 0
42 86 94364 1
99 21 94367 1
78 91 94391 0
70 69 94396 1
55 83 94430 0
42 76 94434 1
57 100 94468 0
72 78 94487 1
81 57 94509 0
30 66 94512 0
42 79 94514 1
81 51 94531 0
37 108 94707 0
91 74 94709 1
28 89 94709 0
42 80 94774 1
54 95 94815 0
28 73 94838 0
81 60 94911 0
81 59 94927 0
30 100 94928 0
28 90 94976 0
47 101 95064 1
56 98 95077 0
63 48 95118 1
39 52 95140 0
81 54 95179 0
59 46 95194 1
43 92 95208 1
64 103 95243 0
67 56 95251 1
31 101 95267 0
86 25 95310 0
28 94 95325 0
94 60 95333 1
95 46 95334 1
45 96 95348 1
59 102 95396 0
64 48 95426 1
52 81 95444 0
81 66 95471 0
93 68 95477 1
53 90 95484 0
28 91 95505 0
82 48 95564 0
60 48 95573 1
52 75 95635 0
31 67 95703 0
27 82 95704 0
34 106 95709 0
63 104 95731 0
81 46 95765 0
54 84 95770 0
67 55 95780 1
65 49 95781 1
70 63 95807 1
95 13 95835 1
27 76 95853 0
64 50 95865 1
27 89 95867 0
30 69 95879 0
61 46 95903 1
42 88 95916 1
94 53 95974 1
86 23 95977 0
30 101 96042 0
47 103 96079 1
100 23 96081 1
46 98 96095 1
40 108 96126 0
94 65 96163 1
69 62 96215 1
52 77 96223 0
82 49 96240 0
93 70 96262 1
83 60 96275 1
83 47 96275 0
49 47 96276 1
93 13 96309 1
53 77 96313 0
78 70 96320 0
48 46 96330 1
67 53 96336 1
43 94 96352 1
52 68 96376 0
91 78 96399 1
66 53 96412 1
80 90 96416 0
42 108 96462 0
41 84 96470 1
65 50 96484 1
52 66 96491 0
45 47 96530 1
91 12 96539 1
94 57 96573 1
33 103 96595 0
32 64 96617 0
51 47 96645 1
42 83 96652 1
52 67 96684 0
42 82 96721 1
28 96 96732 0
57 101 96751 0
66 103 96768 0
68 57 96794 1
68 60 96796 1
27 79 96815 0
28 74 96822 0
27 84 96831 0
43 107 96831 0
68 61 96870 1
100 19 96880 1
70 62 96880 1
99 25 96886 1
27 77 96889 0
95 44 96916 1
97 38 96973 1
53 72 97026 0
29 99 97073 0
81 63 97089 0
55 97 97192 0
53 98 97197 0
53 78 97197 0
52 100 97199 0
20 115 97221 0
53 94 97227 0
70 75 97227 1
39 107 97259 0
28 81 97268 0
69 65 97361 1
91 13 97399 1
94 67 97417 1
50 66 97420 0
29 89 97493 0
32 103 97528 0
97 39 97570 1
36 109 97616 0
29 88 97645 0
29 96 97645 0
26 81 97749 0
54 102 97768 0
28 86 97907 0
35 106 97930 0
79 68 97938 0
83 44 97940 0
43 93 97958 1
94 63 97958 1
36 57 98008 0
80 67 98012 0
25 82 98031 0
45 48 98144 1
28 93 98155 0
50 67 98162 0
95 45 98163 1
37 107 98178 0
68 55 98223 1
31 92 98230 0
31 102 98230 0
83 51 98273 0
28 92 98298 0
42 89 98373 1
42 84 98401 1
53 96 98438 0
70 77 98479 1
54 90 98516 0
42 91 98557 1
52 46 98580 1
46 96 98609 1
97 36 98621 1
29 71 98685 0
82 39 98718 0
70 72 98787 1
46 97 98803 1
47 98 98901 1
47 99 98913 1
51 67 98921 0
43 74 98926 1
48 101 98981 1
55 86 99031 0
34 107 99305 0
93 72 99343 1
52 82 99348 0
50 74 99387 0
56 46 99496 1
70 71 99525 1
33 104 99544 0
83 48 99548 0
56 101 99564 0
25 81 99570 0
63 49 99663 1
29 86 99686 0
54 80 99704 0
79 65 99801 0
53 88 99825 0
99 23 99828 1
70 67 99836 1
100 17 99937 1
69 63 100023 1
44 94 100138 1
99 24 100142 1
54 96 100210 0
51 85 100225 0
69 57 100244 1
98 29 100257 1
55 46 100258 1
85 27 100264 0
71 77 100282 1
55 93 100300 0
82 43 100352 0
42 78 100430 1
80 57 100432 0
71 76 100527 1
58 102 100568 0
48 47 100674 1
70 60 100929 1
93 75 100978 1
82 44 100985 0
109 45 100994 1
52 67 100994 0
109 45 101058 0
26 80 101063 0
61 103 101087 0
27 85 101097 0
95 11 101101 1
67 52 101105 1
90 14 101125 1
53 46 101149 1
68 56 101203 1
52 76 101239 0
53 79 101285 0
61 47 101316 1
59 47 101412 1
94 58 101412 1
47 102 101484 1
97 35 101493 1
91 77 101513 1
44 93 101633 1
100 22 101657 1
94 62 101832 1
62 47 101919 1
27 83 102068 0
81 63 102149 0
44 95 102236 1
94 66 102297 1
93 69 102339 1
85 22 102370 0
99 17 102446 1
30 67 102508 0
31 102 102525 0
29 93 102525 0
50 66 102557 0
28 88 102568 0
42 86 102571 1
70 68 102577 1
41 87 102733 1
36 58 102759 0
55 97 102769 0
96 12 102957 1
85 26 103032 0
53 70 103125 0
52 72 103225 0
58 46 103246 1
94 55 103441 1
97 33 103477 1
58 47 103647 1
86 25 103666 0
98 28 103794 1
99 15 103806 1
95 48 103989 1
43 95 104005 1
54 46 104049 1
94 61 104126 1
94 12 104128 1
69 66 104165 1
42 77 104203 1
94 68 104206 1
69 61 104232 1
82 56 104304 0
83 41 104308 0
69 67 104355 1
54 80 104475 0
94 56 104506 1
95 47 104519 1
85 24 104606 0
30 101 104669 0
63 103 104680 0
99 14 104713 1
97 37 104758 1
98 31 104782 1
62 48 104858 1
65 52 104861 1
94 59 104888 1
99 16 104934 1
84 35 105042 0
26 83 105064 0
81 48 105068 0
72 77 105216 1
97 14 105231 1
95 50 105258 1
97 13 105264 1
66 51 105289 1
93 71 105294 1
98 13 105378 1
68 58 105387 1
65 51 105409 1
58 102 105417 0
66 50 105481 1
45 95 105519 1
49 46 105525 1
100 16 105583 1
94 13 105603 1
57 46 105654 1
60 103 105692 0
81 67 105704 0
82 41 105704 0
54 90 105746 0
94 54 105817 1
82 45 105866 0
51 46 105906 1
96 13 106009 1
86 19 106038 0
54 96 106059 0
94 70 106075 1
95 51 106082 1
53 80 106135 0
82 42 106140 0
70 59 106162 1
56 98 106213 0
99 26 106223 1
92 13 106238 1
54 99 106282 0
100 18 106293 1
53 75 106327 0
86 21 106356 0
98 14 106367 1
45 96 106367 1
93 68 106369 1
94 72 106402 1
64 49 106408 1
94 64 106429 1
82 51 106481 0
55 84 106528 0
67 55 106541 1
93 67 106589 1
69 59 106593 1
68 57 106621 1
81 61 106637 0
95 12 106678 1
42 81 106696 1
66 52 106696 1
97 30 106739 1
43 48 106778 1
41 51 106806 0
54 101 106809 0
47 97 106825 1
65 103 106832 0
47 104 106846 1
71 74 106901 1
42 90 106904 1
57 100 106920 0
46 104 106933 1
43 92 106937 1
66 53 106945 1
53 70 106967 0
68 54 106968 1
67 54 106986 1
70 70 106987 1
96 40 107000 1
63 47 107049 1
52 67 107090 0
96 41 107141 1
96 43 107161 1
93 74 107203 1
31 102 107227 0
45 94 107329 1
66 102 107336 0
29 72 107337 0
31 101 107381 0
29 98 107381 0
45 46 107386 1
81 63 107388 0
55 83 107392 0
94 57 107427 1
54 97 107440 0
98 33 107458 1
42 85 107478 1
29 68 107478 0
81 62 107484 0
56 101 107496 0
39 108 107526 0
70 69 107601 1
63 102 107608 0
93 70 107616 1
82 39 107701 0
36 111 107751 0
42 79 107757 1
26 76 107789 0
25 79 107796 0
28 88 107804 0
51 82 107850 0
42 87 107861 1
48 103 107872 1
60 46 107878 1
87 18 107898 0
82 52 107910 0
83 37 107953 0
57 99 107969 0
29 69 107991 0
44 73 108056 1
27 88 108071 0
42 80 108083 1
87 17 108105 0
52 66 108129 0
33 103 108132 0
53 81 108136 0
28 89 108139 0
71 75 108139 1
43 80 108159 1
95 46 108185 1
64 50 108195 1
70 61 108205 1
32 104 108237 0
65 50 108243 1
29 91 108251 0
81 66 108252 0
53 83 108252 0
64 48 108294 1
54 100 108307 0
59 102 108308 0
84 38 108367 0
95 49 108374 1
26 82 108376 0
81 89 108413 0
71 77 108413 1
61 48 108414 1
53 98 108455 0
73 95 108460 0
33 105 108472 0
59 101 108544 0
53 72 108546 0
94 58 108553 1
67 53 108554 1
54 84 108575 0
30 100 108602 0
52 73 108615 0
82 40 108626 0
96 46 108634 1
59 103 108651 0
84 32 108661 0
54 98 108673 0
39 107 108687 0
35 106 108691 0
53 91 108725 0
53 95 108739 0
50 46 108742 1
24 80 108746 0
63 48 108827 1
50 66 108845 0
28 91 108904 0
48 67 108928 0
69 60 108947 1
94 60 108967 1
84 33 109078 0
42 91 109129 1
33 104 109138 0
98 35 109161 1
27 82 109166 0
46 96 109203 1
94 73 109221 1
57 101 109236 0
71 73 109243 1
27 78 109254 0
65 49 109279 1
29 89 109298 0
82 53 109318 0
54 80 109361 0
29 96 109368 0
95 53 109421 1
70 74 109426 1
63 58 109452 1
68 49 109453 1
68 55 109453 1
55 97 109459 0
42 88 109463 1
50 47 109475 1
95 52 109531 1
59 46 109535 1
54 92 109600 0
46 97 109692 1
43 91 109712 1
83 47 109720 0
68 56 109722 1
47 46 109787 1
98 38 109800 1
27 79 109829 0
46 98 109879 1
64 103 109953 0
52 47 109967 1
55 81 110042 0
94 66 110057 1
83 44 110067 0
28 90 110121 0
86 23 110121 0
53 97 110151 0
55 103 110153 0
29 70 110183 0
24 86 110183 0
47 100 110200 1
35 111 110245 0
37 107 110275 0
96 42 110314 1
38 55 110316 0
28 98 110316 0
94 63 110328 1
82 56 110350 0
28 86 110351 0
70 76 110432 1
42 82 110442 1
83 38 110459 0
28 71 110464 0
55 102 110474 0
28 92 110478 0
53 65 110498 1
53 77 110498 0
93 66 110518 1
28 81 110520 0
53 70 110532 0
51 45 110639 1
100 21 110674 1
34 106 110685 0
85 27 110711 0
98 32 110741 1
82 49 110815 0
47 99 110828 1
70 66 110841 1
97 35 110977 1
58 102 110997 0
30 68 111061 0
83 51 111078 0
99 27 111101 1
27 87 111185 0
68 58 111185 1
70 63 111207 1
31 105 111210 0
29 93 111227 0
56 100 111388 0
27 84 111405 0
97 36 111423 1
34 105 111439 0
43 79 111499 1
99 13 111513 1
85 23 111556 0
43 76 111590 1
94 65 111592 1
83 35 111649 0
54 96 111659 0
32 65 111771 0
100 17 111805 1
42 109 111833 0
55 98 111834 0
26 104 111839 0
86 25 111867 0
77 92 111876 0
70 64 111906 1
31 103 111913 0
82 41 111914 0
31 63 111964 0
52 89 111988 0
35 104 111992 0
31 68 112035 0
54 95 112040 0
55 104 112054 0
43 92 112062 1
55 45 112103 1
70 71 112141 1
29 100 112204 0
70 65 112236 1
67 55 112243 1
28 72 112274 0
64 104 112289 0
82 50 112310 0
29 86 112352 0
49 47 112401 1
57 45 112456 1
100 19 112474 1
48 46 112486 1
34 109 112541 0
80 38 112546 0
96 47 112599 1
95 50 112637 1
98 34 112658 1
52 78 112664 0
95 45 112685 1
55 86 112704 0
48 100 112733 1
52 98 112802 0
100 15 112933 1
42 90 112978 1
33 106 113097 0
61 47 113330 1
42 84 113357 1
93 12 113367 1
99 15 113430 1
82 37 113548 0
81 35 113665 0
56 98 113688 0
83 41 113696 0
69 63 113756 1
42 76 113770 1
97 33 113843 1
83 48 113889 0
71 76 113920 1
71 71 113936 1
54 90 113947 0
47 98 113974 1
82 53 113981 0
80 66 114089 0
51 100 114105 0
98 29 114197 1
94 71 114208 1
81 63 114312 0
44 93 114363 1
44 45 114406 1
28 88 114441 0
82 48 114454 0
55 93 114507 0
45 95 114507 1
43 107 114599 0
57 100 114682 0
95 47 114690 1
62 47 114727 1
52 45 114728 1
94 75 114741 1
45 96 114901 1
84 26 114926 0
80 44 114936 0
98 36 114990 1
27 83 115021 0
86 17 115026 0
70 75 115044 1
51 95 115113 0
44 107 115151 0
28 73 115245 0
67 56 115297 1
61 103 115330 0
43 75 115332 1
39 109 115350 0
82 89 115352 0
55 100 115403 0
32 103 115417 0
41 108 115423 0
80 55 115426 0
81 50 115434 0
100 20 115554 1
23 92 115670 0
52 46 115671 1
28 94 115677 0
63 103 115706 0
36 108 115736 0
53 84 115890 0
59 47 115946 1
83 27 115974 0
31 66 115984 0
29 71 116039 0
69 57 116188 1
34 105 116199 0
46 95 116207 1
94 59 116233 1
97 12 116403 1
94 74 116469 1
81 59 116470 0
94 61 116477 1
98 31 116558 1
42 86 116566 1
96 12 116838 1
94 62 116880 1
31 102 116884 0
33 63 116965 0
97 13 117006 1
30 98 117014 0
99 25 117207 1
95 44 117209 1
26 78 117248 0
27 95 117274 0
82 50 117302 0
88 17 117351 0
38 110 117353 0
37 57 117397 0
46 47 117410 1
94 69 117413 1
92 76 117417 1
53 76 117463 0
98 13 117646 1
95 48 117732 1
86 20 117780 0
93 13 117787 1
97 37 117857 1
58 46 117922 1
94 67 117955 1
44 45 117993 1
72 77 118002 1
95 12 118046 1
100 16 118047 1
27 76 118089 0
95 49 118089 1
49 45 118113 1
69 59 118156 1
28 74 118156 0
97 38 118174 1
70 68 118202 1
71 68 118203 1
99 14 118218 1
45 93 118274 1
55 84 118284 0
68 57 118303 1
69 61 118337 1
83 52 118337 0
99 28 118386 1
35 107 118399 0
82 59 118417 0
67 101 118480 0
71 67 118535 1
73 77 118552 1
52 67 118559 0
92 12 118593 1
82 53 118616 0
95 51 118624 1
94 70 118628 1
70 62 118630 1
53 70 118668 0
94 64 118704 1
57 99 118710 0
55 83 118712 0
54 76 118750 0
53 46 118779 1
29 91 118803 0
97 35 118826 1
96 13 118846 1
98 28 118875 1
82 41 118921 0
51 15 118929 1
51 46 118930 1
94 66 118937 1
47 47 118949 1
95 46 118956 1
62 46 118966 1
68 54 118988 1
54 46 119002 1
95 67 119005 1
95 56 119005 1
81 67 119006 0
59 101 119024 0
66 51 119037 1
71 77 119089 1
42 78 119090 1
65 50 119108 1
81 66 119142 0
87 16 119155 0
101 19 119166 1
84 35 119180 0
67 53 119230 1
67 52 119232 1
64 48 119239 1
81 60 119251 0
100 14 119251 1
94 68 119294 1
97 39 119294 1
94 56 119310 1
63 102 119325 0
83 51 119336 0
95 54 119363 1
95 50 119413 1
96 41 119430 1
68 55 119439 1
68 56 119442 1
101 18 119445 1
58 80 119446 0
58 102 119446 0
94 57 119459 1
93 76 119475 1
97 41 119477 1
93 68 119514 1
88 16 119524 0
43 78 119534 1
97 13 119555 1
94 65 119584 1
69 60 119601 1
97 40 119606 1
67 51 119612 1
93 71 119632 1
61 46 119641 1
87 18 119648 0
57 46 119652 1
39 107 119658 0
33 103 119692 0
43 77 119694 1
83 36 119705 0
40 108 119734 0
50 66 119738 0
45 94 119739 1
44 71 119763 1
63 46 119783 1
64 49 119785 1
72 76 119827 1
100 21 119830 1
94 58 119839 1
71 65 119844 1
65 49 119860 1
59 102 119868 0
47 97 119892 1
69 56 119909 1
94 59 119928 1
53 66 119945 0
85 85 119971 0
95 58 119978 1
83 47 120002 0
98 12 120007 1
78 71 120065 0
83 44 120070 0
71 72 120088 1
99 26 120103 1
94 64 120104 0
94 63 120104 1
71 75 120121 1
63 48 120121 1
28 77 120133 0
100 17 120138 1
63 47 120150 1
52 66 120156 0
46 96 120176 1
66 50 120190 1
33 104 120192 0
27 77 120217 0
70 69 120217 1
96 45 120229 1
60 46 120281 1
100 25 120298 1
100 23 120332 1
83 48 120337 0
95 52 120339 1
47 99 120353 1
97 36 120354 1
50 73 120357 0
49 46 120360 1
101 20 120365 1
31 101 120401 0
33 106 120420 0
55 97 120448 0
53 69 120466 0
43 92 120473 1
94 54 120477 1
47 102 120489 1
84 38 120497 0
54 45 120501 1
101 16 120504 1
82 56 120511 0
71 76 120542 1
65 50 120543 1
43 106 120543 0
43 91 120551 1
65 48 120552 1
98 13 120553 1
93 67 120557 1
53 45 120580 1
27 75 120588 0
47 96 120590 1
84 34 120634 0
66 53 120639 1
48 98 120665 1
43 84 120683 1
100 16 120688 1
69 58 120695 1
30 98 120704 0
96 12 120705 1
82 52 120717 0
46 69 120723 1
93 75 120752 1
96 43 120787 1
54 96 120790 0
94 71 120799 1
97 42 120802 1
71 69 120804 1
47 69 120839 1
83 41 120858 0
71 70 120862 1
46 46 120906 1
53 72 120906 0
55 87 120917 0
71 74 120918 1
70 66 120934 1
70 63 120935 1
71 71 120941 1
71 67 121013 1
29 89 121035 0
47 103 121038 1
55 81 121040 0
69 57 121043 1
82 58 121047 0
57 101 121051 0
83 39 121069 0
94 12 121070 1
70 60 121070 1
95 57 121078 1
35 106 121114 0
78 92 121171 0
68 53 121187 1
44 92 121211 1
26 80 121234 0
94 69 121247 1
78 91 121252 0
86 23 121264 0
57 45 121274 1
54 76 121295 0
94 72 121302 1
59 46 121382 1
66 49 121397 1
43 90 121399 1
56 45 121404 1
68 54 121404 1
56 98 121414 0
71 73 121414 1
99 13 121425 1
43 86 121433 1
43 87 121434 1
42 87 121461 1
43 85 121520 1
30 69 121526 0
48 102 121532 1
93 11 121533 1
70 58 121533 1
42 85 121543 1
101 17 121548 1
54 85 121551 0
29 96 121557 0
28 81 121558 0
27 82 121559 0
82 54 121571 0
69 59 121574 1
93 70 121578 1
95 49 121582 1
66 102 121591 0
47 45 121599 1
92 11 121619 1
94 11 121624 1
44 93 121626 1
100 15 121632 1
29 86 121649 0
58 45 121672 1
29 93 121679 0
43 89 121705 1
70 61 121721 1
98 67 121726 1
98 33 121726 1
82 59 121747 0
95 47 121758 1
36 106 121776 0
98 39 121792 1
43 81 121806 1
47 101 121808 1
85 86 121815 0
44 74 121856 1
68 52 121863 1
96 48 121868 1
95 53 121901 1
47 98 121902 1
65 49 121910 1
57 99 121936 0
53 75 121982 0
64 48 121986 1
62 47 122009 1
96 40 122038 1
65 47 122045 1
45 95 122076 1
55 45 122083 1
96 42 122085 1
53 66 122105 0
48 101 122119 1
82 50 122137 0
44 45 122154 1
92 13 122158 1
46 97 122211 1
27 79 122222 0
27 81 122238 0
43 83 122246 1
54 55 122263 1
54 100 122263 0
55 84 122283 0
97 12 122288 1
30 99 122315 0
43 80 122319 1
57 100 122321 0
64 103 122323 0
94 62 122325 1
81 58 122328 0
59 101 122331 0
99 14 122378 1
35 104 122394 0
42 82 122402 1
83 55 122431 0
67 53 122434 1
69 61 122435 1
47 97 122451 1
43 72 122454 1
55 83 122455 0
94 61 122455 1
45 94 122465 1
55 94 122499 0
86 25 122509 0
94 73 122522 1
26 98 122531 0
95 51 122555 1
63 49 122555 1
99 16 122560 1
69 76 122560 1
42 88 122564 1
83 54 122575 0
70 57 122578 1
99 15 122603 1
61 47 122605 1
98 15 122620 1
42 79 122637 1
42 86 122643 1
29 72 122705 0
98 31 122710 1
33 103 122722 0
96 47 122729 1
43 92 122746 1
45 106 122754 0
48 99 122768 1
42 90 122768 1
99 18 122775 1
26 81 122800 0
94 66 122876 1
95 61 122913 1
57 102 122936 0
99 23 122937 1
83 38 122948 0
98 32 122966 1
37 107 122976 0
46 94 122985 1
29 98 122993 0
53 76 123000 0
66 51 123012 1
72 78 123061 1
54 87 123131 0
28 93 123135 0
49 67 123138 0
39 107 123171 0
54 86 123173 0
65 103 123190 0
95 55 123213 1
54 101 123221 0
94 70 123228 1
97 35 123254 1
45 93 123282 1
51 47 123287 1
82 53 123292 0
70 70 123293 1
43 79 123304 1
53 69 123321 0
34 105 123335 0
48 97 123335 1
70 64 123344 1
71 64 123347 1
92 78 123360 1
29 91 123385 0
44 72 123392 1
56 101 123401 0
63 102 123404 0
69 60 123410 1
27 78 123414 0
95 50 123443 1
96 21 123456 1
96 46 123456 1
47 99 123484 1
51 45 123491 1
43 91 123518 1
68 51 123523 1
33 62 123553 0
30 98 123559 0
70 68 123578 1
68 57 123608 1
55 86 123612 0
41 91 123613 1
42 80 123613 1
73 76 123623 1
97 37 123630 1
87 17 123656 0
71 68 123665 1
67 52 123713 1
32 63 123715 0
72 77 123737 1
60 46 123767 1
82 58 123788 0
46 96 123788 1
60 45 123806 1
70 59 123839 1
68 56 123947 1
5 74 123947 0
71 66 123965 1
29 89 123981 0
52 45 123982 1
36 106 124043 0
55 93 124050 0
95 12 124076 1
42 91 124095 1
54 90 124124 0
71 77 124127 1
45 45 124130 1
71 67 124131 1
54 76 124132 0
47 100 124132 1
47 96 124136 1
32 66 124140 0
48 104 124163 1
54 80 124244 0
44 92 124253 1
93 74 124263 1
93 64 124299 1
71 72 124331 1
114 110 124340 1
94 68 124342 1
69 55 124374 1
71 65 124413 1
37 105 124425 0
73 77 124442 1
50 45 124468 1
66 50 124473 1
67 51 124480 1
94 65 124484 1
41 52 124522 0
91 13 124535 1
83 52 124544 0
31 67 124553 0
44 106 124638 0
83 39 124650 0
101 19 124659 1
41 107 124687 0
82 51 124723 0
52 66 124731 0
94 64 124733 1
62 46 124755 1
83 51 124768 0
98 30 124792 1
98 35 124815 1
61 46 124832 1
59 45 124833 1
90 13 124868 1
71 75 124878 1
63 48 124909 1
47 46 124931 1
57 45 124998 1
70 67 125017 1
63 47 125067 1
29 93 125083 0
53 45 125094 1
47 95 125104 1
48 100 125109 1
54 46 125128 1
43 84 125168 1
43 77 125174 1
33 61 125210 0
59 102 125213 0
48 98 125221 1
32 102 125227 0
44 93 125227 1
69 57 125256 1
65 50 125284 1
64 50 125290 1
94 13 125307 1
69 54 125310 1
46 95 125338 1
98 38 125341 1
55 87 125359 0
60 104 125415 0
82 61 125427 0
69 63 125427 1
43 90 125491 1
51 44 125497 1
97 13 125530 1
82 54 125544 0
28 89 125567 0
100 14 125587 1
82 59 125596 0
81 64 125715 0
29 86 125750 0
85 29 125783 0
86 26 125813 0
35 107 125833 0
83 37 125880 0
79 90 125934 0
53 66 125942 0
98 34 125952 1
27 81 125967 0
74 93 125981 0
71 76 125981 1
28 81 126008 0
94 74 126078 1
47 97 126092 1
34 61 126138 0
55 94 126216 0
43 107 126277 0
36 51 126338 0
36 106 126338 0
46 70 126358 1
50 46 126359 1
97 38 126474 1
43 78 126504 1
53 70 126517 0
64 48 126557 1
43 76 126641 1
69 56 126659 1
30 99 126700 0
86 27 126759 0
84 34 126762 0
31 100 126909 0
48 45 126957 1
47 98 126960 1
42 84 126968 1
98 12 126992 1
53 69 127065 0
54 92 127097 0
44 45 127106 1
54 84 127202 0
69 59 127211 1
49 45 127406 1
82 58 127440 0
43 74 127475 1
68 58 127515 1
30 98 127535 0
95 63 127551 1
51 46 127560 1
45 47 127634 1
56 45 127701 1
29 96 127727 0
55 81 127737 0
50 66 127749 0
70 62 127839 1
53 78 127864 0
82 61 127881 0
35 106 127881 0
100 19 127903 1
57 46 128017 1
56 93 128020 0
97 33 128058 1
27 86 128108 0
64 47 128119 1
28 86 128121 0
28 77 128130 0
54 45 128135 1
58 45 128235 1
82 39 128247 0
72 76 128275 1
94 71 128283 1
48 46 128363 1
81 43 128374 0
52 97 128398 0
98 13 128416 1
41 107 128464 0
71 74 128471 1
83 34 128488 0
51 67 128520 0
63 103 128545 0
71 63 128580 1
29 71 128587 0
54 85 128599 0
28 83 128605 0
100 21 128629 1
88 18 128646 0
27 83 128670 0
69 58 128702 1
32 102 128735 0
45 95 128919 1
56 83 129001 0
43 88 129036 1
54 82 129037 0
83 47 129127 0
86 26 129130 0
53 97 129145 0
91 12 129177 1
55 99 129189 0
51 66 129214 0
54 76 129222 0
79 91 129228 0
100 17 129272 1
83 39 129292 0
49 46 129328 1
49 47 129335 1
70 65 129387 1
35 104 129433 0
53 76 129634 0
36 106 129706 0
28 87 129740 0
86 27 129862 0
29 92 129864 0
66 49 129972 1
94 63 129977 1
83 44 129994 0
96 12 130018 1
97 12 130044 1
30 100 130054 0
28 97 130125 0
82 54 130128 0
29 91 130150 0
31 100 130190 0
69 65 130208 1
70 66 130215 1
27 81 130226 0
84 87 130333 0
37 56 130347 0
33 104 130395 0
99 27 130396 1
95 59 130430 1
29 70 130465 0
59 100 130475 0
70 71 130516 1
74 75 130638 1
70 61 130683 1
25 103 130700 0
29 89 130720 0
96 49 130726 1
82 61 130730 0
45 94 130739 1
82 43 130747 0
83 48 130797 0
59 101 130799 0
85 29 130826 0
43 85 130892 1
99 25 130962 1
57 102 131017 0
52 80 131027 0
68 55 131102 1
56 98 131213 0
82 50 131217 0
57 99 131276 0
28 104 131284 0
30 103 131314 0
53 88 131414 0
95 46 131457 1
68 53 131493 1
67 53 131506 1
54 86 131573 0
28 83 131578 0
44 45 131584 1
30 99 131745 0
44 91 131758 1
81 67 131771 0
95 52 131903 1
82 44 131963 0
55 97 131988 0
94 66 131995 1
43 108 132002 0
82 57 132005 0
28 88 132098 0
110 28 132175 1
55 78 132190 0
35 105 132215 0
43 106 132223 0
84 31 132244 0
29 92 132264 0
60 102 132272 0
84 38 132290 0
70 69 132349 1
94 72 132370 1
62 47 132378 1
43 86 132404 1
33 106 132413 0
95 11 132493 1
81 64 132515 0
65 48 132557 1
81 58 132667 0
67 55 132703 1
43 91 132717 1
86 26 132755 0
54 88 132781 0
27 82 132820 0
82 53 132834 0
55 45 132868 1
86 27 132917 0
32 102 132964 0
43 87 132976 1
57 44 132984 1
68 54 132988 1
43 83 133036 1
55 83 133052 0
84 35 133067 0
83 55 133137 0
70 60 133198 1
82 59 133202 0
95 54 133253 1
84 34 133263 0
61 45 133275 1
81 66 133329 0
46 45 133352 1
77 91 133361 0
44 73 133379 1
44 92 133407 1
67 50 133560 1
71 70 133595 1
97 36 133633 1
99 28 133636 1
60 46 133687 1
99 14 133687 1
51 66 133756 0
31 100 133783 0
56 97 133811 0
85 28 133864 0
32 66 133866 0
27 100 133883 0
82 58 133886 0
28 96 133898 0
54 82 133920 0
48 99 133931 1
33 103 134012 0
27 77 134019 0
83 41 134020 0
41 107 134169 0
82 61 134175 0
82 41 134200 0
29 81 134211 0
37 105 134221 0
52 44 134248 1
57 45 134248 1
25 96 134261 0
80 90 134276 0
71 71 134378 1
83 54 134424 0
80 58 134455 0
94 69 134536 1
87 21 134546 0
44 45 134556 1
100 15 134581 1
95 57 134614 1
28 83 134633 0
63 102 134702 0
29 75 134713 0
43 89 134777 1
65 49 134970 1
53 69 135014 0
35 105 135023 0
39 107 135036 0
80 66 135045 0
71 73 135049 1
60 102 135097 0
56 106 135107 0
27 76 135119 0
29 92 135123 0
100 16 135154 1
43 81 135168 1
49 67 135289 0
93 12 135293 1
82 64 135293 0
30 98 135316 0
27 71 135376 0
28 87 135381 0
36 106 135382 0
55 87 135405 0
96 50 135461 1
30 91 135619 0
95 58 135631 1
29 86 135639 0
88 17 135691 0
49 65 135703 0
55 94 135710 0
54 71 135714 0
28 74 135720 0
97 11 135729 1
86 18 135845 0
98 36 135861 1
56 82 135909 0
96 43 135985 1
29 93 135996 0
43 82 136121 1
82 57 136126 0
53 66 136175 0
95 62 136226 1
67 52 136231 1
54 96 136255 0
52 85 136272 0
54 85 136277 0
30 69 136372 0
95 53 136373 1
56 97 136379 0
96 11 136403 1
89 109 136419 1
43 80 136428 1
27 81 136487 0
87 18 136541 0
57 100 136582 0
82 56 136612 0
56 90 136672 0
27 79 136672 0
99 13 136672 1
81 63 136706 0
53 67 136715 0
98 33 136847 1
32 65 136938 0
61 102 137027 0
96 45 137084 1
43 90 137092 1
55 99 137147 0
82 54 137155 0
85 27 137292 0
82 60 137344 0
86 21 137398 0
87 21 137475 0
60 104 137478 0
85 19 137517 0
81 56 137536 0
100 23 137543 1
86 27 137550 0
85 31 137683 0
38 57 137824 0
83 39 137941 0
26 99 138027 0
32 64 138063 0
25 101 138202 0
15 81 138213 0
62 108 138296 0
96 41 138297 1
44 107 138320 0
82 64 138321 0
60 103 138365 0
79 69 138387 0
54 71 138419 0
28 83 138436 0
60 102 138467 0
101 18 138488 1
44 45 138530 1
43 79 138650 1
99 26 138656 1
54 72 138751 0
83 46 138769 0
95 56 138884 1
44 75 138894 1
101 15 138919 1
72 75 138926 1
98 37 138930 1
46 94 138953 1
47 45 138953 1
85 29 139028 0
35 105 139037 0
55 88 139100 0
47 102 139236 1
109 45 139270 1
48 103 139292 1
29 92 139400 0
56 97 139504 0
109 45 139526 0
48 101 139566 1
63 46 139618 1
53 67 139672 0
71 69 139712 1
28 84 139892 0
98 31 139914 1
66 50 139920 1
94 58 139953 1
61 102 139957 0
51 45 140057 1
51 66 140061 0
35 107 140077 0
94 57 140103 1
47 104 140208 1
94 59 140216 1
31 100 140265 0
44 48 140419 1
72 58 140593 1
97 41 140637 1
47 47 140644 1
32 102 140856 0
54 81 140907 0
74 76 140907 1
98 32 140941 1
84 40 141007 0
82 60 141019 0
85 28 141135 0
101 41 141274 1
68 52 141314 1
30 97 141437 0
54 82 141451 0
71 75 141481 1
44 45 141511 1
86 26 141548 0
70 63 141585 1
87 21 141595 0
54 78 141724 0
100 24 141764 1
85 31 141858 0
48 102 141860 1
60 44 141872 1
70 58 141958 1
95 64 141999 1
29 88 142019 0
71 72 142023 1
54 95 142071 0
54 72 142081 0
94 70 142108 1
69 57 142314 1
101 17 142388 1
47 103 142491 1
28 87 142573 0
45 46 142618 1
82 57 142644 0
97 39 142697 1
61 46 142722 1
36 107 142730 0
97 40 142761 1
100 14 142998 1
44 47 143057 1
30 99 143115 0
94 68 143129 1
69 60 143227 1
41 90 143381 1
58 103 143392 0
83 46 143425 0
58 44 143461 1
84 31 143472 0
63 47 143506 1
53 67 143573 0
90 80 143647 1
94 67 143659 1
31 99 143888 0
82 47 143942 0
54 86 143978 0
96 47 143987 1
54 88 144011 0
94 73 144179 1
95 55 144185 1
83 43 144234 0
61 102 144235 0
28 84 144250 0
60 102 144365 0
54 71 144416 0
87 25 144463 0
79 46 144622 0
94 75 144684 1
82 64 144706 0
95 12 144744 1
30 97 144922 0
83 51 144933 0
109 45 144939 1
109 45 144980 0
55 88 145049 0
54 79 145079 0
31 65 145107 0
55 98 145258 0
95 50 145380 1
83 52 145415 0
69 56 145435 1
93 77 145467 1
96 48 145478 1
82 60 145491 0
44 45 145507 1
38 108 145537 0
44 93 145572 1
95 51 145678 1
95 66 145729 1
96 46 145729 1
95 61 145806 1
55 93 145858 0
29 88 145875 0
55 92 145884 0
80 70 145901 0
58 47 145936 1
75 76 145996 1
55 84 146017 0
81 89 146044 0
57 99 146061 0
54 74 146089 1
54 78 146103 0
55 99 146104 0
69 55 146118 1
81 47 146119 0
56 45 146229 1
84 33 146251 0
54 80 146283 0
34 111 146326 0
61 101 146329 0
82 61 146360 0
64 48 146404 1
85 31 146414 0
83 87 146452 0
59 101 146467 0
30 88 146516 0
31 98 146548 0
88 16 146560 0
54 81 146587 0
83 48 146623 0
43 78 146635 1
85 35 146660 0
54 76 146672 0
66 102 146717 0
54 72 146745 0
28 76 146749 0
46 46 146797 1
59 100 146830 0
71 67 146889 1
93 75 146894 1
53 45 146936 1
87 21 147018 0
70 59 147069 1
71 62 147084 1
47 97 147094 1
48 97 147096 1
65 102 147098 0
52 45 147117 1
45 93 147118 1
56 97 147128 0
88 18 147193 0
94 65 147208 1
95 49 147209 1
50 45 147296 1
67 51 147318 1
54 70 147329 0
91 78 147358 1
26 94 147360 0
34 105 147361 0
54 68 147389 0
98 34 147398 1
83 46 147410 0
43 92 147424 1
94 71 147435 1
69 59 147525 1
26 75 147571 0
31 99 147580 0
62 46 147604 1
60 45 147629 1
99 12 147642 1
70 56 147683 1
53 44 147686 1
56 83 147714 0
28 81 147717 0
35 104 147723 0
29 89 147744 0
98 35 147759 1
53 73 147765 0
33 98 147765 1
33 100 147765 0
68 54 147811 1
55 81 147813 0
98 12 147906 1
42 86 147961 1
43 77 147982 1
47 95 148029 1
98 13 148057 1
83 43 148078 0
56 81 148147 0
100 16 148162 1
50 44 148215 1
47 96 148254 1
35 105 148294 0
84 34 148381 0
43 84 148412 1
44 106 148420 0
69 61 148461 1
28 92 148463 0
44 74 148464 1
83 44 148555 0
28 12 148586 1
28 84 148586 0
68 41 148588 1
37 105 148592 0
31 104 148616 0
44 91 148651 1
47 99 148680 1
30 97 148700 0
66 49 148700 1
85 30 148702 0
52 65 148711 0
53 66 148715 0
30 68 148726 0
54 97 148757 0
31 68 148786 0
44 92 148803 1
62 102 148803 0
27 96 148825 0
30 67 148839 0
55 86 148847 0
86 25 148857 0
72 76 148862 1
45 107 148868 0
28 79 148872 0
53 67 148932 0
86 27 148985 0
65 50 148991 1
33 63 149017 0
68 53 149045 1
24 84 149076 0
59 45 149090 1
31 101 149101 0
63 102 149108 0
45 94 149112 1
61 102 149121 0
29 72 149142 0
70 57 149173 1
53 76 149178 0
52 71 149250 0
94 69 149250 1
96 42 149265 1
28 83 149265 0
50 83 149269 0
27 74 149278 0
83 47 149295 0
84 32 149300 0
52 66 149315 0
29 103 149316 0
51 73 149325 0
95 57 149330 1
40 52 149341 0
54 94 149366 0
25 77 149374 0
54 79 149383 0
50 72 149384 0
55 78 149402 0
95 58 149431 1
59 106 149459 0
46 96 149501 1
56 93 149546 0
29 86 149583 0
41 107 149603 0
83 41 149612 0
83 55 149626 0
81 64 149658 0
41 100 149663 1
29 91 149672 0
53 72 149685 0
94 11 149696 1
83 51 149747 0
71 74 149757 1
43 88 149778 1
40 63 149823 1
55 83 149838 0
31 98 149853 0
68 55 149863 1
29 88 149881 0
65 49 149893 1
54 68 149941 0
27 92 149952 0
57 45 149967 1
54 45 150017 1
36 107 150018 0
90 64 150027 1
30 93 150029 0
21 88 150033 0
24 79 150050 0
58 45 150105 1
56 98 150107 0
27 93 150165 0
54 100 150166 0
36 106 150231 0
55 44 150238 1
57 101 150247 0
101 19 150260 1
48 100 150268 1
55 45 150309 1
30 71 150323 0
34 106 150354 0
44 45 150429 1
43 106 150468 0
29 81 150474 0
55 88 150570 0
54 71 150595 0
51 96 150632 0
27 78 150640 0
29 92 150659 0
55 92 150681 0
97 37 150684 1
54 70 150714 0
45 106 150748 0
71 68 150762 1
83 54 150768 0
54 78 150777 0
19 106 150789 0
57 102 150797 0
29 99 150924 0
56 44 150938 1
96 12 150978 1
31 99 151016 0
82 65 151030 0
43 83 151033 1
82 42 151037 0
61 101 151077 0
30 91 151115 0
28 77 151142 0
70 90 151143 1
70 64 151144 1
37 107 151158 0
62 45 151192 1
33 64 151207 0
65 48 151207 1
82 60 151224 0
73 77 151225 1
43 89 151249 1
79 90 151327 0
42 108 151368 0
93 11 151387 1
95 52 151436 1
71 66 151480 1
84 38 151540 0
71 73 151547 1
43 87 151599 1
110 28 151652 1
99 13 151676 1
98 38 151691 1
71 71 151701 1
52 86 151759 0
94 66 151813 1
95 59 151935 1
83 43 151998 0
62 102 152015 0
85 85 152024 0
97 38 152044 1
85 31 152047 0
28 76 152052 0
43 80 152114 1
87 22 152177 0
100 14 152187 1
71 70 152258 1
71 76 152276 1
56 96 152287 0
52 65 152303 0
40 107 152322 0
64 46 152325 1
60 46 152368 1
99 15 152386 1
100 13 152390 1
95 68 152446 1
48 96 152554 1
100 15 152580 1
95 11 152589 1
71 61 152607 1
60 104 152623 0
101 16 152690 1
70 61 152699 1
100 26 152875 1
55 85 152881 0
43 86 152894 1
70 60 152919 1
43 85 152972 1
43 91 153057 1
99 31 153079 1
100 25 153169 1
43 79 153237 1
30 97 153241 0
63 45 153251 1
69 54 153273 1
93 76 153286 1
47 94 153355 1
69 57 153357 1
122 21 153478 1
92 12 153579 1
30 93 153649 0
56 85 153665 0
28 79 153746 0
54 68 153825 0
58 101 153997 0
91 11 154010 1
95 53 154103 1
31 98 154112 0
95 60 154172 1
64 48 154198 1
29 69 154224 0
67 50 154230 1
47 98 154252 1
89 81 154277 1
96 51 154382 1
64 47 154397 1
71 67 154467 1
95 54 154528 1
29 90 154585 0
54 81 154612 0
65 102 154614 0
85 30 154645 0
54 72 154693 0
30 96 154695 0
44 45 154714 1
54 89 154748 0
58 99 154774 0
82 47 154934 0
71 69 154960 1
73 76 154961 1
66 50 155017 1
91 79 155039 1
98 11 155152 1
32 100 155154 0
48 99 155184 1
28 84 155189 0
46 94 155219 1
94 70 155365 1
54 79 155432 0
49 45 155460 1
70 63 155463 1
61 105 155512 0
62 47 155540 1
66 48 155565 1
53 71 155565 0
8 33 155715 1
101 20 155726 1
94 74 155734 1
53 73 155834 0
43 76 155891 1
32 101 155916 0
55 90 155973 0
80 68 156005 0
54 70 156012 0
56 96 156203 0
87 17 156226 0
83 38 156239 0
32 99 156276 0
83 46 156443 0
82 64 156444 0
62 103 156527 0
85 28 156608 0
109 45 156668 1
72 75 156692 1
109 45 156809 0
42 90 156898 1
95 65 156914 1
87 22 156961 0
40 107 157000 0
68 52 157003 1
71 60 157056 1
29 85 157083 0
24 80 157173 0
62 102 157205 0
31 102 157305 0
82 65 157479 0
30 64 157542 0
54 94 157661 0
54 46 157666 1
50 69 157696 0
47 97 158030 1
22 81 158057 0
55 85 158186 0
46 93 158234 1
69 53 158349 1
90 81 158367 1
26 82 158437 0
81 65 158449 0
30 96 158476 0
94 68 158485 1
75 93 158500 0
44 45 158512 1
38 54 158561 0
29 90 158568 0
58 98 158586 0
71 72 158601 1
54 75 158706 0
33 101 158802 0
48 97 158848 1
31 99 158859 0
32 100 158884 0
58 99 158999 0
48 44 159197 1
56 85 159230 0
83 45 159279 0
36 107 159298 0
95 56 159313 1
58 101 159363 0
48 45 159412 1
59 101 159532 0
69 56 159603 1
23 104 159688 0
95 40 159689 1
41 51 159714 0
81 67 159729 0
87 21 159827 0
99 29 159972 1
28 73 160036 0
32 99 160091 0
83 39 160164 0
96 43 160211 1
29 88 160381 0
29 76 160386 0
58 102 160505 0
38 108 160525 0
56 82 160536 0
52 68 160588 0
58 103 160619 0
32 101 160667 0
77 92 160698 0
29 85 160830 0
69 55 161057 1
82 58 161181 0
55 94 161241 0
27 79 161263 0
60 102 161272 0
86 84 161362 0
96 45 161423 1
56 96 161426 0
83 43 161435 0
52 65 161442 0
59 100 161488 0
84 40 161605 0
30 88 161627 0
30 98 161738 0
37 105 161877 0
57 98 161914 0
87 60 161929 1
82 57 161968 0
55 90 161999 0
30 96 162011 0
43 81 162128 1
66 104 162326 0
39 54 162327 0
63 101 162383 0
82 59 162583 0
87 25 162597 0
98 33 162617 1
29 90 162669 0
33 100 162706 0
99 27 162723 1
101 18 162810 1
57 97 162831 0
70 66 163016 1
56 90 163117 0
56 99 163129 0
54 90 163140 0
44 91 163177 1
51 68 163286 0
85 29 163323 0
53 65 163380 0
33 101 163389 0
76 93 163496 0
84 31 163507 0
35 104 163516 0
54 75 163524 0
40 107 163542 0
33 102 163571 0
83 45 163640 0
96 47 163672 1
53 82 163759 0
51 45 163923 1
96 48 164089 1
53 71 164179 0
47 46 164244 1
56 45 164249 1
71 65 164283 1
32 100 164299 0
71 75 164356 1
30 105 164394 0
29 89 164596 0
83 30 164605 0
29 93 164616 0
61 46 164620 1
28 81 164854 0
61 45 164893 1
44 45 165009 1
62 103 165033 0
54 89 165125 0
99 28 165153 1
85 30 165253 0
23 82 165352 0
29 75 165450 0
30 87 165490 0
63 47 165545 1
58 101 165730 0
54 88 165731 0
31 69 165739 0
34 103 165789 0
32 99 165841 0
56 97 165874 0
21 87 165878 0
44 86 165978 1
94 67 166050 1
45 72 166065 1
80 68 166195 0
25 86 166656 0
29 85 166713 0
97 35 166842 1
87 22 167066 0
57 98 167203 0
57 99 167211 0
64 102 167228 0
95 55 167357 1
81 65 167450 0
53 74 167474 0
32 98 167713 0
101 17 167922 1
44 90 167989 1
30 101 168120 0
67 49 168160 1
95 63 168210 1
32 101 168416 0
44 45 168573 1
37 104 168640 0
112 125 168691 0
84 23 168791 0
33 102 168832 0
95 62 168839 1
54 85 169035 0
44 92 169269 1
98 32 169309 1
56 99 169319 0
52 45 169382 1
54 75 169431 0
30 86 169453 0
68 54 169610 1
96 46 169649 1
54 94 169670 0
28 80 169686 0
96 53 169815 1
99 32 169901 1
70 58 169987 1
53 45 170096 1
98 31 170509 1
83 40 170557 0
83 26 170790 0
101 21 170881 1
83 49 170959 0
58 45 170980 1
96 50 170996 1
55 91 171033 0
61 102 171147 0
83 37 171194 0
68 53 171199 1
29 90 171241 0
45 48 171350 1
95 61 171409 1
100 21 171458 1
29 77 171552 0
99 26 171554 1
83 52 171583 0
72 73 171646 1
62 102 171682 0
56 86 171706 0
55 85 171723 0
65 7 171768 0
83 45 171828 0
80 89 171857 0
31 100 171861 0
81 88 172049 0
30 96 172144 0
34 103 172148 0
58 99 172269 0
66 49 172312 1
63 46 172337 1
98 12 172403 1
59 45 172470 1
97 9 172496 1
71 63 172496 1
60 45 172621 1
62 46 172636 1
48 98 172652 1
94 71 172653 1
98 36 172654 1
97 42 172699 1
45 93 172704 1
30 90 172746 0
68 51 172796 1
44 45 172821 1
97 11 172903 1
100 23 172914 1
54 68 172927 0
65 47 172978 1
67 51 173006 1
95 57 173013 1
26 78 173036 0
99 13 173073 1
56 83 173086 0
47 96 173117 1
96 11 173125 1
65 49 173151 1
44 75 173236 1
95 58 173251 1
98 39 173269 1
64 102 173369 0
55 84 173426 0
54 70 173437 0
29 83 173502 0
47 95 173518 1
57 45 173528 1
55 92 173547 0
45 92 173603 1
71 62 173634 1
102 17 173694 1
61 101 173696 0
44 77 173705 1
53 66 173757 0
49 44 173767 1
100 14 173785 1
71 71 173801 1
33 65 173839 0
43 90 173840 1
63 102 173861 0
55 71 173862 0
57 97 173924 0
30 93 173982 0
95 69 174055 1
83 51 174122 0
88 18 174149 0
43 84 174165 1
56 81 174199 0
94 69 174205 1
62 103 174213 0
43 89 174234 1
55 93 174273 0
85 31 174363 0
51 92 174385 0
94 11 174426 1
27 100 174451 0
70 57 174451 1
54 73 174468 0
72 74 174546 1
45 94 174553 1
67 101 174568 0
64 48 174569 1
96 49 174600 1
85 34 174608 0
95 64 174672 1
82 60 174705 0
49 46 174794 1
55 90 174796 0
77 91 174814 0
54 44 174822 1
55 87 174864 0
55 81 174911 0
44 81 174935 1
94 73 174954 1
53 65 175017 0
43 83 175030 1
48 46 175129 1
101 14 175141 1
65 46 175142 1
55 78 175172 0
100 16 175205 1
29 73 175230 0
55 45 175234 1
95 51 175272 1
99 12 175277 1
33 101 175294 0
49 101 175328 1
57 44 175351 1
99 34 175359 1
99 30 175359 1
83 55 175457 0
48 101 175491 1
101 15 175503 1
71 70 175517 1
30 91 175582 0
5 74 175592 1
33 99 175603 0
28 76 175685 0
30 87 175709 0
29 81 175726 0
69 57 175731 1
71 73 175744 1
30 69 175769 0
33 102 175806 0
72 61 175879 1
65 48 175916 1
69 51 175949 1
81 68 176113 0
56 96 176120 0
83 58 176128 0
31 98 176174 0
28 80 176190 0
51 66 176198 0
32 98 176205 0
69 54 176207 1
72 72 176210 1
88 17 176216 0
57 98 176221 0
34 63 176249 0
43 87 176301 1
31 97 176315 0
30 70 176347 0
43 86 176362 1
83 54 176390 0
71 68 176405 1
86 27 176479 0
43 77 176519 1
33 62 176545 0
44 84 176550 1
54 71 176593 0
27 77 176595 0
83 48 176598 0
28 79 176606 0
70 59 176652 1
25 83 176688 0
50 45 176737 1
101 19 176793 1
55 88 176817 0
29 96 176828 0
83 88 176842 0
97 40 176913 1
81 58 176925 0
82 65 176933 0
95 52 176971 1
83 49 177002 0
83 40 177021 0
83 61 177042 0
83 47 177103 0
96 47 177186 1
44 83 177242 1
56 93 177247 0
44 106 177266 0
95 54 177274 1
58 98 177349 0
49 102 177356 1
71 66 177370 1
55 69 177387 0
94 67 177501 1
43 80 177515 1
55 99 177517 0
56 99 177529 0
72 60 177546 1
29 83 177556 0
50 66 177561 0
54 67 177583 0
69 52 177671 1
98 34 177742 1
56 44 177817 1
98 35 177833 1
99 35 177859 1
89 83 177875 1
55 79 177899 0
53 74 177912 0
86 26 177922 0
29 86 177935 0
28 87 177977 0
71 72 178021 1
29 71 178061 0
61 44 178096 1
44 78 178112 1
53 44 178125 1
98 37 178126 1
70 56 178126 1
30 86 178283 0
46 47 178314 1
83 42 178324 0
71 59 178373 1
59 44 178393 1
9 26 178432 1
48 96 178434 1
38 106 178482 0
43 88 178483 1
36 105 178560 0
99 33 178560 1
92 11 178567 1
83 44 178739 0
42 51 178810 0
58 44 178816 1
96 48 178844 1
95 53 178887 1
40 106 178901 0
30 97 179088 0
84 35 179118 0
32 100 179123 0
72 64 179158 1
48 100 179205 1
47 94 179240 1
51 44 179258 1
46 94 179260 1
37 105 179313 0
82 61 179316 0
54 75 179420 0
55 89 179461 0
87 18 179473 0
27 73 179495 0
69 55 179511 1
30 90 179548 0
47 95 179555 1
68 52 179569 1
70 60 179646 1
27 75 179648 0
85 35 179654 0
71 67 179663 1
43 106 179749 0
71 69 179761 1
55 95 179806 0
95 56 179982 1
64 102 180082 0
72 62 180140 1
55 91 180144 0
44 45 180208 1
97 39 180260 1
65 102 180347 0
48 97 180431 1
67 50 180527 1
81 90 180544 0
37 109 180605 0
54 73 180613 0
101 16 180646 1
34 103 180659 0
95 60 180683 1
54 78 180731 0
27 108 180751 0
66 102 180760 0
71 61 180827 1
16 88 180827 0
78 91 180832 0
100 13 180932 1
56 85 180939 0
47 45 181044 1
60 100 181113 0
84 53 181259 0
64 46 181272 1
64 43 181350 1
54 45 181480 1
83 58 181495 0
48 102 181576 1
31 97 181588 0
69 56 181609 1
31 66 181702 0
33 100 181723 0
30 88 181779 0
27 81 181785 0
55 44 181888 1
52 44 181905 1
54 67 181948 0
43 79 181970 1
85 34 182060 0
48 95 182080 1
72 75 182166 1
45 93 182251 1
32 99 182254 0
44 87 182261 1
72 67 182297 1
56 87 182393 0
68 53 182455 1
29 83 182542 0
82 64 182545 0
44 91 182551 1
97 41 182649 1
56 86 182671 0
57 100 182881 0
29 85 182944 0
43 85 182977 1
30 110 183058 0
26 77 183065 0
98 12 183123 1
38 106 183267 0
49 99 183309 1
55 79 183412 0
54 76 183424 0
85 36 183433 0
67 47 183573 1
97 38 183577 1
53 67 183758 0
101 18 183766 1
95 11 183782 1
54 66 183805 0
53 73 183957 0
40 106 183997 0
29 92 184045 0
96 46 184187 1
26 79 184211 0
95 61 184361 1
73 76 184374 1
36 105 184375 0
99 13 184405 1
73 75 184419 1
100 14 184562 1
83 42 184563 0
95 59 184655 1
95 62 184755 1
55 82 184765 0
81 66 184783 0
38 55 184927 0
87 21 184949 0
83 45 184957 0
96 45 184968 1
66 49 184968 1
84 38 185063 0
83 59 185082 0
67 51 185106 1
99 27 185135 1
98 40 185182 1
48 98 185210 1
70 63 185297 1
95 57 185301 1
66 48 185305 1
28 78 185330 0
99 28 185374 1
96 51 185445 1
71 71 185498 1
63 47 185537 1
67 102 185572 0
97 43 185586 1
63 101 185622 0
100 25 185634 1
98 38 185656 1
51 45 185743 1
61 45 185767 1
95 96 185777 0
95 68 185778 1
33 105 185793 0
58 45 185799 1
83 53 185825 0
54 68 185827 0
60 45 185887 1
84 40 185894 0
95 58 185960 1
47 96 185982 1
87 25 185996 0
54 74 186000 0
41 105 186059 0
70 58 186065 1
70 54 186073 1
53 45 186130 1
30 70 186157 0
58 99 186189 0
87 22 186229 0
42 106 186232 0
30 93 186236 0
56 45 186246 1
71 64 186262 1
83 43 186270 0
59 100 186283 0
56 82 186306 0
71 65 186307 1
96 13 186351 1
83 46 186352 0
65 47 186360 1
56 83 186377 0
53 85 186400 0
83 40 186404 0
95 66 186423 1
52 65 186427 0
68 50 186430 1
95 55 186430 1
44 90 186432 1
101 22 186475 1
72 69 186508 1
96 50 186510 1
70 55 186514 1
61 101 186519 0
35 102 186552 0
95 70 186593 1
47 102 186608 1
65 49 186624 1
93 11 186625 1
59 101 186638 0
102 20 186638 1
81 68 186659 0
55 9 186741 1
101 17 186776 1
95 63 186782 1
94 76 186858 1
69 53 186866 1
63 46 186897 1
98 10 186904 1
94 65 187003 1
55 95 187026 0
71 58 187056 1
64 48 187087 1
88 18 187100 0
83 49 187121 0
55 71 187122 0
96 59 187179 1
46 93 187217 1
68 51 187242 1
30 71 187290 0
62 45 187298 1
55 83 187384 0
33 102 187443 0
72 73 187460 1
28 80 187496 0
54 73 187497 0
49 45 187499 1
35 105 187515 0
58 97 187522 0
54 72 187529 0
37 104 187532 0
95 50 187532 1
43 84 187553 1
32 66 187573 0
55 89 187598 0
45 91 187600 1
29 72 187622 0
31 97 187626 0
95 73 187656 1
44 88 187705 1
97 11 187706 1
44 74 187706 1
54 66 187708 0
30 91 187738 0
71 70 187758 1
94 10 187782 1
72 66 187786 1
58 100 187801 0
43 83 187808 1
96 48 187842 1
57 97 187842 0
67 49 187847 1
100 12 187847 1
54 67 187886 0
35 104 187904 0
62 46 187908 1
46 45 187930 1
55 97 187931 0
30 87 187951 0
88 16 187954 0
83 58 187957 0
56 90 187972 0
96 47 187986 1
72 71 187993 1
33 99 188004 0
55 78 188007 0
82 46 188017 0
83 52 188019 0
31 67 188033 0
83 54 188049 0
99 12 188063 1
74 76 188071 1
53 65 188073 0
29 81 188101 0
68 101 188107 0
87 16 188110 0
31 99 188133 0
89 16 188165 0
60 100 188195 0
56 81 188220 0
85 33 188242 0
29 76 188252 0
69 54 188252 1
50 98 188307 0
50 44 188307 1
33 101 188366 0
44 85 188385 1
83 61 188390 0
60 105 188445 0
55 81 188477 0
83 41 188505 0
54 79 188525 0
43 89 188619 1
55 94 188657 0
29 91 188688 0
83 59 188697 0
26 101 188704 0
33 103 188720 0
57 44 188722 1
99 29 188732 1
44 80 188791 1
53 80 188836 0
87 84 188860 0
37 105 188864 0
95 71 188900 1
29 77 188901 0
109 45 188916 1
83 51 188934 0
81 69 188947 0
28 77 188951 0
54 93 188956 0
54 82 189021 0
75 94 189029 0
58 98 189035 0
83 55 189036 0
100 26 189154 1
26 80 189181 0
29 75 189186 0
95 72 189186 1
55 79 189231 0
70 57 189239 1
29 73 189257 0
52 45 189267 1
71 60 189269 1
109 45 189275 0
40 106 189281 0
56 97 189303 0
39 107 189315 0
46 106 189316 0
98 11 189346 1
85 34 189368 0
56 87 189394 0
53 66 189403 0
30 86 189404 0
55 45 189413 1
29 89 189426 0
60 44 189437 1
28 91 189440 0
43 106 189453 0
100 15 189454 1
28 81 189454 0
26 91 189478 0
38 106 189487 0
41 53 189496 0
62 102 189500 0
45 92 189591 1
81 67 189621 0
64 102 189666 0
43 86 189749 1
44 84 189772 1
55 69 189803 0
29 106 189861 0
34 64 189876 0
95 65 189911 1
81 65 189920 0
56 93 189935 0
57 98 189936 0
59 45 189948 1
45 106 189949 0
48 99 189954 1
29 84 189973 0
42 106 190031 0
87 23 190033 0
44 82 190053 1
34 61 190067 0
95 64 190082 1
95 56 190089 1
65 48 190157 1
55 82 190304 0
82 88 190313 0
96 57 190374 1
96 56 190377 1
29 83 190384 0
40 107 190389 0
34 104 190390 0
35 60 190410 0
34 101 190434 0
99 31 190440 1
44 75 190570 1
56 100 190626 0
29 95 190640 0
84 28 190644 0
48 96 190657 1
83 35 190662 0
44 77 190668 1
72 63 190690 1
95 54 190696 1
82 36 190744 0
30 90 190759 0
82 65 190777 0
97 44 190796 1
49 98 190806 1
57 99 190880 0
71 57 190887 1
95 67 190941 1
53 70 190969 0
36 105 190984 0
49 100 191026 1
79 89 191031 0
43 87 191065 1
58 44 191087 1
29 90 191120 0
82 48 191127 0
47 94 191130 1
54 44 191189 1
71 63 191274 1
54 66 191285 0
83 53 191291 0
30 93 191311 0
28 78 191378 0
55 92 191442 0
65 104 191453 0
26 76 191454 0
31 68 191499 0
94 75 191545 1
89 109 191571 0
72 72 191590 1
56 94 191591 0
101 19 191599 1
56 44 191610 1
57 84 191615 0
47 95 191618 1
66 101 191640 0
28 84 191650 0
26 92 191700 0
71 68 191726 1
61 88 191756 0
61 46 191756 1
44 89 191792 1
56 96 191797 0
69 55 191805 1
26 97 191821 0
57 86 191837 0
61 102 191855 0
83 42 191863 0
60 45 191930 1
57 95 191941 0
30 102 192011 0
44 81 192061 1
85 25 192083 0
63 101 192110 0
101 15 192112 1
72 70 192117 1
50 67 192151 0
27 78 192155 0
30 69 192170 0
101 20 192212 1
68 52 192280 1
79 70 192295 0
62 105 192329 0
55 44 192337 1
33 100 192347 0
85 3 192373 0
100 14 192385 1
84 44 192410 0
72 75 192412 1
39 53 192503 0
102 16 192568 1
84 53 192595 0
25 94 192598 0
84 37 192700 0
44 106 192703 0
28 90 192735 0
44 86 192740 1
27 104 192748 0
74 93 192798 0
68 49 192838 1
71 62 192839 1
70 56 192863 1
32 65 192951 0
29 88 192972 0
27 76 193251 0
54 89 193275 0
101 13 193443 1
25 80 193448 0
71 67 193455 1
31 97 193469 0
85 35 193475 0
35 102 193484 0
52 74 193562 0
84 47 193597 0
29 82 193611 0
55 68 193642 0
26 74 193669 0
71 73 193699 1
42 106 193714 0
29 97 193722 0
81 41 193727 0
22 41 193770 0
55 93 193770 0
52 79 193781 0
31 69 193800 0
34 101 193858 0
81 62 193865 0
30 68 193873 0
95 61 193962 1
43 69 193988 1
43 80 193988 1
87 24 194036 0
58 101 194060 0
29 84 194073 0
44 45 194202 1
54 74 194277 0
94 11 194294 1
101 16 194309 1
95 69 194338 1
58 100 194382 0
47 93 194405 1
31 93 194418 0
55 75 194422 0
84 30 194440 0
46 94 194472 1
82 56 194494 0
85 33 194558 0
48 97 194630 1
29 81 194722 0
81 61 194755 0
44 76 194786 1
31 98 194817 0
83 39 194847 0
93 75 194847 1
84 29 194864 0
33 63 194898 0
72 74 194929 1
96 43 194999 1
98 12 195017 1
27 99 195024 0
28 74 195114 0
28 99 195190 0
99 13 195191 1
63 45 195282 1
102 18 195357 1
36 107 195358 0
43 107 195390 0
31 106 195399 0
55 90 195433 0
87 17 195467 0
80 68 195511 0
95 62 195525 1
28 105 195610 0
30 82 195822 0
32 99 195833 0
34 104 195867 0
81 53 195919 0
87 23 196071 0
83 59 196159 0
32 97 196195 0
28 103 196213 0
32 107 196221 0
28 79 196234 0
67 48 196264 1
46 71 196285 1
95 60 196297 1
71 72 196306 1
83 63 196384 0
46 105 196389 0
30 87 196422 0
52 83 196555 0
30 91 196584 0
53 74 196633 0
82 52 196638 0
55 71 196664 0
55 85 196754 0
99 26 196771 1
37 104 196782 0
96 53 196782 1
84 44 196806 0
63 102 196831 0
54 70 196923 0
56 86 196962 0
27 65 196996 0
46 92 197122 1
55 76 197146 0
29 101 197149 0
101 18 197150 1
25 97 197171 0
58 97 197186 0
61 45 197225 1
59 100 197249 0
55 91 197288 0
41 106 197425 0
84 38 197534 0
83 53 197601 0
78 90 197638 0
82 64 197663 0
97 42 197679 1
40 106 197719 0
32 101 197801 0
95 11 197815 1
29 82 197834 0
71 66 197850 1
71 71 197852 1
99 32 197877 1
95 10 197892 1
98 36 197965 1
64 46 197970 1
97 40 197971 1
67 50 197993 1
83 58 197999 0
61 104 198000 0
55 95 198027 0
96 60 198146 1
13 61 198168 0
32 103 198170 0
30 65 198240 0
88 17 198249 0
55 73 198305 0
99 28 198336 1
84 47 198370 0
42 106 198383 0
95 58 198417 1
56 94 198452 0
99 12 198476 1
61 101 198495 0
99 11 198535 1
55 82 198563 0
84 40 198620 0
58 45 198650 1
70 58 198677 1
41 105 198681 0
96 51 198686 1
96 46 198725 1
54 73 198753 0
97 39 198791 1
95 57 198817 1
23 60 198817 0
85 36 198818 0
86 27 198834 0
98 38 198860 1
96 58 198893 1
87 24 198959 0
87 25 198962 0
59 44 198985 1
28 78 198993 0
55 75 199013 0
97 41 199017 1
54 67 199072 0
45 93 199090 1
96 55 199117 1
25 88 199166 0
87 22 199181 0
84 37 199181 0
70 60 199255 1
58 99 199261 0
71 61 199277 1
72 73 199309 1
66 48 199317 1
48 95 199326 1
45 91 199327 1
82 53 199418 0
97 46 199461 1
101 14 199500 1
69 54 199521 1
72 65 199529 1
56 83 199529 0
33 99 199559 0
56 82 199561 0
69 52 199563 1
60 100 199571 0
53 44 199575 1
55 86 199583 0
65 47 199603 1
96 50 199603 1
63 46 199620 1
48 94 199647 1
101 21 199659 1
29 95 199716 0
30 86 199718 0
69 53 199726 1
70 55 199757 1
66 101 199769 0
94 74 199798 1
96 10 199827 1
95 63 199827 1
86 84 199835 0
95 66 199842 1
32 98 199857 0
68 51 199881 1
72 68 199891 1
35 61 199933 0
44 78 199952 1
0 0 200010 0
