71 72 0 1
45 81 38 1
78 57 76 0
36 66 84 0
45 80 89 1
36 108 112 0
57 94 174 0
35 70 266 0
93 31 321 1
33 103 361 0
91 20 375 1
79 28 392 0
76 65 417 0
81 37 439 0
72 71 443 1
46 93 504 1
80 33 633 0
59 95 686 0
36 64 748 0
48 100 768 1
55 70 779 0
79 53 818 0
53 83 845 0
56 75 885 0
37 105 1084 0
55 79 1118 0
56 94 1167 0
49 107 1205 1
32 77 1253 0
76 61 1371 0
61 55 1401 1
89 59 1466 1
54 52 1487 1
76 63 1498 0
37 108 1506 0
69 72 1554 1
90 49 1602 1
60 96 1616 0
49 106 1688 1
54 87 1713 0
90 52 1836 1
47 96 1846 1
32 81 1898 0
53 51 1921 1
54 68 1957 0
49 105 2021 1
63 57 2033 1
90 54 2049 1
57 52 2122 1
35 105 2160 0
90 53 2176 1
88 69 2180 1
93 33 2207 1
92 22 2210 1
80 45 2225 0
45 93 2241 1
59 96 2311 0
80 30 2328 0
90 51 2328 1
61 54 2330 1
32 80 2345 0
49 51 2392 1
49 99 2486 1
47 95 2491 1
58 94 2503 0
35 96 2520 0
94 31 2610 1
45 79 2618 1
67 67 2657 1
48 101 2698 1
87 20 2705 1
58 96 2705 0
49 100 2760 1
41 113 2790 0
45 90 2880 1
81 38 3011 0
37 109 3092 0
88 67 3210 1
60 53 3220 1
35 65 3375 0
64 58 3597 1
89 69 3634 1
49 104 3750 1
90 55 3955 1
31 86 3994 0
67 65 4117 1
92 40 4130 1
36 64 4257 0
55 68 4268 0
65 63 4526 1
54 81 4555 0
48 108 4561 1
57 94 4562 0
46 54 4649 1
60 96 4653 0
55 70 4691 0
32 87 4707 0
34 69 4713 0
70 72 4716 1
45 83 4734 1
88 71 4908 1
32 83 5081 0
56 94 5163 0
88 68 5196 1
77 83 5198 0
54 68 5266 0
56 75 5384 0
33 75 5386 0
55 71 5428 0
36 64 5527 0
46 76 5558 1
92 44 5610 1
58 54 5626 1
88 64 5649 1
66 62 5827 1
66 65 5944 1
52 51 5973 1
46 89 6325 1
37 108 6425 0
41 112 6643 0
69 71 6769 1
76 65 6865 0
65 62 6903 1
62 95 7027 0
32 88 7069 0
74 86 7106 0
37 107 7122 0
85 79 7130 0
35 101 7208 0
35 67 7314 0
80 45 7335 0
60 96 7484 0
76 68 7618 0
67 71 7668 1
90 21 7687 1
46 94 7775 1
54 87 7776 0
93 43 7967 1
92 41 8025 1
81 43 8090 0
56 93 8218 0
81 31 8341 0
89 61 8756 1
67 68 8778 1
36 64 8802 0
56 70 8887 0
35 68 8943 0
78 51 9021 0
43 113 9046 0
80 28 9125 0
32 89 9203 0
78 95 9238 1
93 38 9261 1
76 63 9346 0
55 92 9398 0
44 112 9488 0
68 91 9707 0
80 33 9793 0
36 103 9796 0
93 22 9906 1
32 82 9960 0
81 25 10036 0
45 112 10078 0
92 23 10081 1
57 95 10087 0
60 96 10132 0
80 47 10168 0
45 87 10680 1
56 94 10752 0
36 67 10756 0
46 91 11062 1
39 110 11119 0
54 84 11235 0
57 45 11397 1
93 32 11430 1
56 51 11568 1
32 88 11601 0
93 35 11606 1
80 41 11620 0
93 34 11682 1
68 69 11697 1
77 62 11924 0
92 47 12103 1
37 107 12111 0
45 85 12126 1
56 52 12170 1
93 25 12252 1
93 27 12297 1
0 90 12348 1
1 15 12438 1
55 51 12440 1
46 85 12525 1
94 30 12578 1
54 68 12586 0
51 51 12621 1
59 52 12643 1
31 86 12773 0
89 56 12817 1
68 70 12904 1
93 48 13062 1
93 41 13063 1
36 64 13128 0
32 78 13134 0
93 23 13212 1
109 45 13302 1
89 60 13364 1
81 36 13390 0
109 45 13523 0
55 92 13524 0
31 84 13585 0
60 96 13611 0
58 95 13721 0
34 72 13776 0
76 66 13948 0
88 70 13984 1
62 54 14106 1
58 52 14106 1
81 42 14222 0
35 66 14358 0
55 68 14378 0
37 108 14423 0
57 94 14502 0
80 47 14670 0
60 96 15203 0
80 27 15490 0
32 75 15617 0
36 64 15732 0
41 112 15759 0
65 60 15798 1
88 73 15799 1
48 103 15931 1
36 103 16073 0
32 88 16170 0
94 32 16255 1
33 74 16332 0
81 32 16367 0
76 64 16439 0
35 102 16498 0
54 90 16609 0
65 61 16618 1
77 63 16627 0
80 34 16670 0
81 41 16775 0
43 111 16911 0
45 111 17046 0
93 39 17167 1
77 60 17200 0
93 36 17279 1
56 75 17339 0
48 96 17514 1
81 36 17523 0
53 88 17531 0
77 61 17567 0
7 103 18142 1
36 106 18355 0
49 52 18505 1
93 26 18641 1
46 87 18722 1
50 52 18735 1
55 52 18775 1
36 64 18922 0
55 70 18957 0
60 54 19179 1
93 37 19244 1
88 66 19281 1
81 35 19493 0
60 96 19500 0
93 40 19606 1
94 27 19655 1
81 29 19734 0
49 103 19808 1
93 24 19923 1
58 95 19933 0
89 20 20019 1
34 94 20134 0
90 57 20190 1
81 42 20216 0
89 19 20255 1
79 54 20269 0
67 66 20274 1
78 57 20284 0
88 72 20392 1
55 92 20405 0
94 29 20415 1
90 53 20419 1
81 30 20492 0
81 38 20526 0
92 21 20534 1
94 28 20625 1
80 47 20724 0
88 19 20737 1
90 54 20743 1
81 32 20755 0
81 37 20815 0
64 57 20833 1
89 62 20834 1
54 51 20851 1
81 44 20857 0
76 64 20874 0
66 63 20897 1
81 41 20909 0
80 45 20924 0
91 21 20933 1
89 59 20933 1
55 69 20970 0
88 65 20996 1
81 36 21040 0
77 57 21072 0
69 90 21074 0
78 54 21103 0
93 42 21105 1
59 95 21245 0
63 56 21266 1
47 97 21266 1
90 56 21279 1
70 71 21279 1
58 53 21293 1
89 58 21300 1
75 85 21306 0
55 83 21324 0
65 59 21331 1
49 102 21360 1
81 31 21365 0
81 26 21403 0
93 33 21410 1
67 67 21445 1
89 66 21450 1
48 97 21464 1
83 79 21466 0
50 51 21546 1
71 71 21553 1
46 82 21582 1
90 52 21626 1
81 39 21695 0
64 94 21704 0
48 98 21719 1
67 92 21740 0
93 25 21754 1
45 91 21759 1
62 55 21763 1
60 96 21778 0
45 81 21779 1
79 48 21795 0
52 68 21799 0
55 81 21804 0
57 52 21856 1
76 84 21857 0
79 50 21869 0
35 69 21891 0
59 53 21942 1
55 84 21960 0
85 21 21983 1
58 94 22007 0
90 58 22031 1
54 90 22067 0
60 52 22096 1
88 20 22097 1
68 68 22111 1
45 89 22117 1
81 29 22120 0
42 112 22133 0
77 58 22135 0
45 82 22169 1
91 20 22176 1
55 93 22192 0
46 90 22207 1
81 35 22218 0
67 91 22222 0
67 65 22227 1
36 64 22229 0
56 70 22265 0
56 93 22285 0
64 58 22334 1
34 93 22351 0
43 112 22366 0
89 64 22366 1
34 92 22401 0
46 92 22420 1
76 65 22438 0
33 72 22448 0
35 97 22472 0
2 71 22491 0
57 51 22494 1
35 99 22527 0
56 51 22533 1
32 85 22588 0
92 43 22594 1
32 88 22597 0
40 112 22641 0
39 111 22647 0
68 67 22652 1
46 86 22686 1
90 20 22712 1
61 53 22755 1
65 58 22759 1
61 54 22772 1
78 52 22800 0
88 66 22810 1
80 82 22838 0
45 86 22839 1
37 105 22853 0
35 96 22869 0
86 19 22872 1
33 90 22880 0
81 43 22893 0
66 62 22912 1
82 24 22920 0
37 63 22984 0
94 34 22989 1
49 101 22991 1
46 88 23047 1
60 53 23072 1
94 26 23086 1
93 34 23112 1
55 68 23126 0
60 96 23133 0
87 75 23184 1
69 72 23188 1
34 104 23209 0
90 53 23220 1
65 61 23225 1
46 79 23228 1
33 88 23234 0
75 68 23264 0
93 39 23310 1
47 94 23333 1
77 60 23344 0
89 65 23352 1
65 62 23365 1
55 51 23366 1
47 95 23366 1
56 52 23375 1
79 53 23380 0
47 96 23394 1
49 105 23396 1
93 23 23399 1
45 90 23400 1
58 52 23412 1
93 38 23420 1
54 68 23454 0
36 109 23455 0
54 87 23467 0
67 67 23477 1
90 55 23482 1
77 61 23483 0
33 89 23493 0
34 71 23499 0
38 112 23554 0
37 107 23574 0
45 79 23581 1
78 83 23608 0
37 104 23611 0
77 56 23662 0
89 63 23694 1
45 80 23781 1
56 78 23806 0
86 20 23823 1
93 24 23837 1
46 93 23858 1
65 60 23883 1
46 89 23898 1
90 54 23920 1
80 30 23925 0
81 30 23929 0
36 64 23931 0
53 52 23973 1
81 36 23982 0
81 32 23984 0
66 61 23986 1
53 51 23987 1
73 71 23989 1
45 84 23991 1
81 81 24006 0
32 83 24018 0
60 96 24111 0
94 30 24129 1
89 57 24130 1
62 95 24204 0
81 69 24209 1
81 41 24209 0
64 56 24235 1
34 72 24290 0
93 31 24309 1
67 63 24383 1
88 62 24438 1
33 92 24445 0
55 52 24509 1
49 104 24520 1
46 94 24525 1
45 54 24555 1
91 47 24565 1
69 70 24603 1
81 37 24624 0
46 77 24635 1
46 78 24665 1
67 66 24672 1
81 39 24688 0
65 57 24688 1
33 71 24692 0
94 31 24706 1
81 42 24724 0
45 88 24729 1
49 100 24729 1
63 56 24743 1
89 60 24748 1
79 82 24754 0
62 54 24779 1
32 80 24785 0
49 103 24785 1
36 64 24787 0
32 81 24787 0
83 80 24813 0
34 103 24827 0
33 76 24831 0
36 103 24834 0
60 96 24865 0
35 101 24876 0
47 99 24883 1
92 46 24898 1
79 33 24927 0
58 51 24967 1
76 63 25007 0
49 98 25042 1
49 102 25056 1
57 94 25060 0
58 95 25069 0
33 77 25070 0
56 70 25084 0
46 81 25109 1
45 85 25116 1
76 64 25173 0
51 52 25201 1
94 27 25257 1
35 97 25323 0
46 91 25323 1
79 83 25328 0
51 68 25331 0
93 40 25335 1
52 51 25350 1
63 55 25353 1
39 110 25366 0
93 22 25371 1
35 70 25386 0
93 43 25431 1
62 55 25473 1
89 59 25569 1
48 97 25592 1
49 99 25605 1
46 82 25618 1
46 85 25627 1
57 52 25637 1
93 27 25638 1
33 78 25660 0
58 94 25660 0
32 82 25671 0
56 51 25707 1
77 63 25761 0
67 65 25799 1
81 35 25815 0
93 35 25867 1
56 94 25869 0
60 96 25896 0
81 31 25902 0
32 87 25916 0
59 53 25935 1
79 54 25955 0
48 96 25994 1
81 33 25995 0
66 65 25999 1
31 83 26016 0
57 95 26019 0
90 57 26034 1
59 52 26064 1
48 106 26105 1
94 25 26113 1
64 57 26179 1
93 37 26189 1
34 92 26200 0
55 92 26215 0
77 62 26217 0
94 32 26245 1
35 96 26260 0
81 44 26277 0
47 97 26284 1
76 62 26305 0
49 106 26329 1
36 66 26343 0
34 93 26345 0
90 56 26354 1
48 52 26391 1
94 29 26401 1
89 20 26427 1
88 72 26475 1
93 26 26503 1
89 67 26569 1
66 63 26629 1
45 81 26651 1
61 96 26673 0
90 52 26690 1
42 112 26694 0
59 95 26695 0
35 92 26699 0
54 90 26700 0
55 78 26740 0
56 73 26759 0
33 90 26771 0
32 79 26784 0
36 64 26787 0
80 47 26809 0
36 65 26871 0
46 76 26883 1
93 36 26884 1
80 37 26889 0
39 112 26894 0
37 105 26904 0
80 41 26910 0
54 93 26935 0
81 38 26947 0
46 88 26955 1
55 68 27016 0
48 107 27018 1
84 21 27069 1
51 51 27095 1
41 112 27099 0
88 67 27131 1
35 99 27151 0
77 55 27190 0
68 68 27197 1
55 83 27200 0
63 95 27217 0
61 54 27229 1
81 24 27233 0
81 40 27261 0
46 90 27267 1
90 19 27282 1
49 97 27302 1
34 70 27329 0
49 101 27330 1
82 40 27400 0
81 29 27400 0
88 65 27467 1
65 59 27467 1
60 96 27478 0
94 24 27539 1
36 64 27575 0
33 88 27599 0
56 93 27615 0
37 108 27676 0
93 25 27684 1
46 80 27685 1
47 52 27696 1
48 98 27721 1
55 81 27738 0
81 39 27740 0
56 78 27756 0
47 94 27763 1
66 60 27771 1
76 66 27853 0
57 51 27873 1
89 71 27925 1
47 95 27933 1
32 88 28024 0
56 90 28071 0
66 62 28106 1
58 52 28106 1
91 21 28133 1
81 41 28166 0
32 85 28179 0
44 112 28229 0
80 46 28238 0
78 57 28251 0
54 51 28264 1
34 95 28370 0
57 92 28502 0
91 49 28561 1
63 54 28571 1
46 87 28615 1
49 108 28645 1
30 87 28678 0
35 97 28719 0
76 68 28721 0
88 68 28735 1
60 96 28741 0
47 73 28753 1
55 84 28784 0
65 61 28798 1
40 113 28842 0
60 53 29013 1
56 75 29073 0
46 53 29105 1
92 45 29115 1
45 91 29151 1
59 54 29152 1
59 97 29152 0
64 58 29169 1
81 33 29184 0
42 113 29217 0
94 33 29255 1
36 106 29266 0
36 64 29274 0
49 107 29331 1
32 90 29339 0
89 69 29418 1
36 102 29589 0
89 70 29626 1
49 105 29655 1
47 96 29655 1
92 21 29720 1
67 64 29757 1
92 20 29802 1
60 96 29819 0
55 51 29869 1
94 28 29918 1
34 97 30008 0
73 87 30033 0
81 30 30040 0
81 36 30073 0
48 95 30182 1
38 63 30259 0
37 109 30263 0
67 67 30298 1
90 59 30314 1
35 69 30362 0
31 86 30448 0
51 50 30454 1
89 73 30504 1
71 72 30586 1
81 34 30719 0
46 92 30741 1
60 96 30771 0
87 76 30803 1
88 75 30833 1
46 86 30836 1
36 64 30905 0
34 93 30984 0
81 40 31003 0
33 89 31055 0
61 55 31086 1
39 111 31152 0
35 102 31157 0
93 41 31157 1
30 84 31160 0
33 90 31240 0
53 84 31246 0
81 32 31260 0
67 66 31304 1
56 73 31309 0
60 96 31521 0
70 71 31584 1
36 64 31620 0
44 111 31639 0
68 67 31659 1
79 34 31710 0
62 54 31739 1
46 84 31803 1
89 62 31821 1
34 94 31821 0
55 79 31851 0
33 74 32039 0
91 50 32069 1
63 56 32083 1
76 64 32139 0
62 53 32151 1
47 53 32232 1
77 83 32272 0
93 23 32299 1
78 54 32347 0
33 73 32554 0
36 69 32560 0
50 51 32574 1
61 53 32581 1
65 58 32659 1
61 52 32685 1
60 52 32705 1
93 42 32744 1
81 39 32879 0
36 105 32938 0
82 80 32946 0
60 96 33144 0
81 43 33168 0
36 102 33182 0
80 46 33216 0
36 99 33310 0
53 51 33374 1
36 64 33398 0
46 79 33589 1
32 86 33650 0
54 90 33694 0
36 103 33731 0
53 86 33746 0
72 71 33840 1
34 95 33850 0
56 52 33946 1
70 70 33969 1
77 61 33993 0
24 80 34042 0
81 33 34075 0
90 51 34108 1
47 98 34137 1
77 60 34143 0
49 51 34157 1
60 96 34254 0
66 59 34302 1
90 55 34323 1
93 33 34324 1
38 113 34370 0
65 60 34439 1
94 26 34439 1
81 34 34509 0
37 64 34515 0
47 74 34563 1
45 79 34595 1
52 90 34651 0
93 24 34685 1
74 65 34741 0
93 21 34829 1
40 112 34956 0
58 95 35123 0
45 89 35199 1
37 104 35221 0
77 84 35236 0
81 42 35292 0
60 96 35359 0
46 83 35513 1
88 20 35616 1
87 64 35689 1
49 100 35702 1
90 53 35749 1
32 83 36008 0
97 35 36022 1
36 64 36071 0
64 55 36093 1
84 80 36113 0
71 71 36119 1
49 102 36165 1
66 61 36191 1
36 100 36196 0
46 52 36215 1
49 104 36239 1
77 63 36255 0
35 98 36283 0
48 97 36311 1
89 68 36371 1
56 73 36463 0
91 48 36467 1
90 58 36474 1
35 97 36488 0
43 111 36519 0
81 40 36598 0
69 72 36627 1
36 99 36682 0
46 89 36739 1
81 28 36777 0
56 79 36896 0
60 96 36978 0
88 66 36998 1
36 67 37079 0
62 55 37266 1
45 94 37281 1
88 76 37378 1
89 58 37378 1
56 78 37429 0
90 20 37438 1
65 7 37549 1
34 64 37573 0
34 97 37573 0
35 68 37611 0
46 85 37725 1
37 107 37740 0
36 102 37777 0
48 53 37794 1
32 88 37802 0
93 34 37833 1
33 75 37841 0
45 55 37859 1
33 81 37959 0
46 81 37986 1
89 72 38007 1
49 52 38080 1
35 100 38093 0
93 46 38106 1
46 91 38139 1
89 19 38242 1
69 117 38300 1
58 94 38321 0
80 46 38469 0
38 110 38496 0
57 45 38556 1
88 19 38558 1
53 50 38571 1
94 30 38665 1
94 31 38743 1
45 110 38803 0
36 105 38824 0
87 71 38944 1
90 54 38965 1
45 90 38996 1
60 96 39083 0
32 86 39105 0
81 34 39130 0
49 99 39143 1
64 57 39286 1
93 44 39342 1
43 112 39367 0
59 52 39464 1
49 103 39464 1
91 20 39490 1
69 70 39553 1
54 68 39613 0
56 51 39739 1
109 45 39864 1
46 78 39865 1
35 98 39881 0
93 38 39894 1
46 90 39977 1
50 102 40058 1
109 45 40079 0
82 40 40207 0
68 69 40260 1
89 66 40344 1
32 76 40475 0
65 62 40487 1
34 93 40523 0
49 109 40651 1
49 98 40686 1
93 22 40706 1
94 25 40736 1
94 27 40819 1
46 77 40849 1
35 107 40863 0
53 88 40887 0
89 74 40914 1
65 59 40995 1
69 69 41084 1
58 51 41097 1
64 56 41199 1
36 100 41266 0
81 41 41307 0
50 52 41720 1
35 73 41728 0
32 80 41740 0
44 113 41744 0
81 31 41903 0
36 99 41960 0
32 84 42056 0
94 23 42258 1
81 28 42262 0
57 52 42411 1
35 100 42464 0
56 79 42645 0
56 81 42741 0
54 93 42891 0
63 55 43028 1
35 96 43084 0
32 89 43112 0
33 90 43405 0
68 66 43531 1
94 34 43779 1
63 94 44024 0
48 96 44077 1
67 65 44190 1
76 56 44213 0
1 48 44216 1
81 39 44284 0
55 86 44313 0
56 72 44466 0
52 51 44482 1
56 73 44533 0
36 107 44564 0
34 96 44568 0
35 98 44619 0
77 66 44866 0
55 91 45049 0
94 32 45260 1
39 110 45442 0
32 81 45655 0
32 77 45788 0
34 95 45817 0
80 39 45885 0
78 56 45910 0
55 68 45959 0
90 52 46031 1
93 32 46099 1
77 62 46146 0
54 84 46295 0
53 53 46334 0
53 56 46334 1
46 80 46349 1
34 97 46383 0
81 33 46389 0
80 43 46471 0
55 92 46512 0
55 72 46634 0
38 110 46678 0
57 92 46681 0
79 55 46737 0
93 39 46752 1
58 52 46810 1
80 46 46895 0
56 70 46966 0
66 93 47007 0
81 37 47134 0
36 105 47146 0
80 32 47154 0
93 40 47239 1
81 44 47393 0
57 94 47397 0
94 29 47411 1
54 73 47427 0
81 34 47477 0
81 27 47490 0
35 100 47504 0
81 26 47536 0
35 103 47597 0
48 100 47679 1
93 36 47710 1
56 90 47874 0
59 53 47888 1
32 84 47890 0
61 95 47981 0
81 29 48046 0
90 56 48152 1
81 36 48184 0
81 30 48223 0
30 85 48259 0
66 62 48272 1
93 37 48313 1
32 74 48395 0
89 20 48410 1
90 57 48433 1
46 82 48438 1
35 92 48449 0
44 111 48487 0
80 47 48511 0
62 95 48566 0
89 64 48587 1
61 54 48627 1
89 63 48637 1
57 51 48643 1
81 35 48757 0
81 40 48805 0
45 111 48841 0
94 35 48855 1
47 93 48919 1
81 32 48940 0
57 70 48973 0
90 53 48981 1
47 95 48995 1
80 45 49005 0
47 94 49007 1
60 53 49048 1
37 105 49070 0
68 68 49173 1
90 54 49185 1
54 87 49193 0
80 50 49252 0
89 60 49254 1
49 96 49303 1
46 88 49349 1
55 86 49395 0
33 86 49401 0
93 43 49413 1
32 82 49424 0
94 24 49436 1
34 92 49479 0
51 51 49508 1
48 94 49537 1
49 101 49538 1
67 63 49565 1
34 72 49620 0
93 23 49666 1
76 65 49713 0
79 54 49746 0
69 68 49766 1
50 99 49786 1
77 57 49800 0
52 50 49829 1
90 61 49845 1
89 67 49848 1
55 83 49870 0
33 76 49881 0
32 86 49915 0
85 20 49984 1
79 41 49996 0
46 87 50024 1
81 28 50036 0
76 85 50088 0
52 68 50126 0
81 38 50141 0
37 104 50142 0
89 65 50146 1
55 91 50189 0
80 40 50200 0
81 25 50213 0
65 60 50274 1
56 72 50277 0
55 50 50277 1
63 56 50289 1
47 75 50351 1
81 43 50356 0
64 94 50396 0
77 61 50474 0
54 51 50567 1
42 112 50578 0
36 102 50639 0
62 96 50698 0
77 63 50734 0
62 54 50739 1
50 101 50801 1
30 86 50819 0
33 88 50962 0
35 98 51005 0
77 58 51028 0
82 33 51034 0
71 70 51119 1
35 67 51183 0
55 51 51196 1
73 86 51222 0
33 78 51279 0
66 60 51279 1
56 68 51304 0
67 64 51369 1
33 77 51425 0
78 57 51470 0
80 31 51503 0
94 28 51544 1
60 52 51553 1
94 38 51559 1
82 40 51600 0
68 91 51601 0
36 100 51748 0
50 105 51749 1
53 66 51787 0
36 112 51806 0
46 111 51824 0
90 59 51902 1
36 99 51957 0
67 66 51975 1
55 84 51976 0
49 97 51987 1
46 112 52021 0
94 26 52121 1
48 95 52282 1
45 112 52302 0
77 59 52337 0
53 67 52350 0
46 86 52384 1
91 53 52431 1
38 62 52477 0
43 113 52485 0
70 69 52645 1
86 21 52658 1
44 112 52745 0
49 106 52748 1
32 92 52760 0
94 33 52761 1
81 27 52819 0
92 46 52820 1
56 83 52839 0
46 89 52850 1
75 85 52882 0
89 69 52908 1
89 71 52956 1
58 94 53008 0
60 95 53025 0
89 59 53031 1
55 95 53102 0
67 65 53126 1
55 90 53182 0
65 57 53223 1
36 107 53261 0
50 104 53275 1
32 78 53304 0
42 111 53320 0
35 70 53440 0
56 82 53496 0
68 67 53502 1
92 23 53511 1
32 85 53528 0
31 85 53534 0
33 89 53535 0
94 30 53614 1
56 93 53646 0
54 50 53735 1
48 105 53838 1
43 82 53970 1
80 26 53984 0
53 85 53993 0
46 79 54003 1
83 79 54037 0
49 105 54095 1
61 53 54113 1
56 68 54119 0
38 109 54191 0
90 19 54292 1
46 76 54326 1
56 51 54379 1
79 51 54630 0
63 94 54676 0
89 70 54735 1
61 95 54760 0
59 52 54796 1
47 96 54857 1
65 61 54858 1
56 79 54872 0
65 58 54886 1
94 27 54926 1
92 47 54976 1
80 42 54999 0
80 50 55003 0
66 61 55017 1
32 84 55037 0
33 86 55071 0
94 31 55171 1
94 25 55193 1
36 69 55211 0
49 102 55246 1
92 20 55280 1
76 61 55306 0
79 50 55318 0
36 103 55338 0
88 72 55377 1
35 100 55492 0
35 91 55564 0
79 55 55588 0
35 92 55592 0
34 96 55599 0
46 81 55646 1
94 41 55710 1
79 82 55768 0
50 103 55848 1
36 66 55910 0
94 37 56020 1
35 103 56082 0
46 91 56181 1
31 93 56239 0
93 41 56298 1
82 33 56345 0
76 60 56523 0
81 41 56567 0
90 58 56589 1
47 94 56642 1
63 54 56782 1
73 53 56914 0
33 81 56968 0
64 56 57008 1
56 72 57010 0
58 51 57235 1
53 67 57316 0
92 19 57420 1
62 53 57451 1
65 94 57550 0
66 62 57635 1
37 110 57650 0
41 112 57684 0
57 74 57733 0
47 93 57808 1
55 91 57872 0
74 70 57994 1
93 22 58039 1
62 55 58152 1
46 85 58169 1
80 32 58195 0
91 20 58248 1
65 59 58249 1
55 90 58262 0
46 90 58425 1
79 32 58528 0
91 49 58556 1
86 20 58616 1
78 56 58715 0
93 42 58759 1
48 51 58867 1
48 96 58884 1
70 71 58922 1
48 97 58972 1
54 85 59026 0
54 67 59111 0
60 95 59196 0
93 24 59248 1
93 21 59338 1
94 23 59464 1
93 38 59478 1
47 92 59485 1
77 60 59505 0
85 78 59592 0
36 68 59631 0
81 42 59655 0
64 57 59666 1
35 91 59668 0
32 88 59762 0
50 51 59867 1
94 22 59889 1
59 95 59913 0
94 32 59975 1
56 69 59992 0
81 27 60019 0
77 66 60085 0
77 59 60092 0
38 109 60175 0
89 68 60228 1
89 66 60283 1
67 62 60330 1
91 21 60333 1
94 36 60333 1
88 65 60366 1
91 19 60435 1
56 68 60482 0
81 31 60535 0
94 29 60589 1
93 39 60591 1
57 92 60599 0
55 86 60640 0
63 55 60648 1
77 62 60761 0
91 51 60821 1
90 57 60822 1
47 89 60887 1
82 23 61003 0
47 95 61006 1
55 94 61026 0
90 56 61063 1
57 51 61065 1
49 103 61135 1
63 53 61147 1
82 24 61164 0
57 70 61194 0
35 72 61213 0
93 40 61250 1
80 49 61263 0
58 52 61286 1
45 81 61295 1
81 39 61295 0
90 54 61363 1
70 70 61366 1
81 44 61387 0
79 51 61416 0
78 83 61454 0
70 89 61466 0
71 71 61552 1
42 111 61604 0
89 19 61613 1
68 66 61628 1
66 59 61642 1
89 62 61677 1
62 52 61689 1
50 102 61693 1
94 66 61700 1
89 73 61712 1
64 55 61773 1
75 70 61776 1
67 63 61810 1
64 54 61873 1
76 84 61898 0
90 60 61933 1
69 69 61946 1
56 90 61950 0
69 90 61960 0
56 81 61983 0
90 53 61995 1
94 34 62014 1
57 74 62015 0
32 87 62024 0
81 33 62058 0
68 68 62091 1
72 87 62102 0
61 52 62109 1
46 82 62114 1
91 47 62155 1
81 29 62220 0
67 65 62262 1
36 98 62279 0
67 67 62305 1
71 67 62335 1
90 20 62356 1
77 63 62411 0
69 70 62429 1
91 55 62433 1
37 108 62437 0
46 78 62535 1
93 20 62543 1
46 88 62548 1
60 52 62637 1
67 64 62639 1
49 99 62649 1
50 106 62667 1
67 91 62699 0
94 24 62707 1
49 107 62789 1
56 50 62871 1
73 70 62871 1
35 69 62878 0
66 60 62896 1
48 108 62899 1
81 34 62913 0
54 67 62922 0
29 86 62998 0
80 39 63002 0
38 110 63004 0
93 45 63023 1
43 111 63045 0
82 33 63069 0
91 50 63070 1
50 99 63083 1
74 58 63102 0
62 54 63123 1
46 60 63165 1
46 80 63165 1
62 94 63193 0
37 105 63225 0
59 51 63247 1
48 52 63353 1
88 19 63368 1
35 96 63400 0
56 51 63420 1
71 72 63471 1
89 67 63513 1
37 107 63535 0
37 63 63552 0
81 30 63578 0
35 97 63580 0
66 58 63596 1
47 54 63644 1
81 47 63702 0
34 71 63723 0
36 99 63771 0
92 48 63818 1
55 51 63824 1
63 56 63858 1
48 94 63881 1
91 52 63889 1
82 40 63893 0
91 48 63895 1
36 67 63963 0
49 97 63970 1
68 64 63983 1
56 69 63984 0
76 58 64004 0
64 95 64022 0
49 101 64046 1
35 91 64137 0
54 90 64158 0
35 90 64197 0
58 94 64218 0
53 50 64252 1
37 104 64331 0
55 81 64340 0
56 78 64375 0
93 37 64438 1
94 31 64444 1
94 27 64487 1
56 76 64499 0
79 53 64544 0
55 90 64545 0
49 71 64605 1
47 82 64646 1
46 89 64743 1
49 96 64753 1
39 107 64762 0
35 74 64916 0
89 72 64993 1
56 68 65024 0
92 43 65111 1
65 57 65126 1
47 84 65129 1
69 65 65179 1
55 68 65266 0
36 100 65267 0
94 25 65276 1
37 100 65355 0
81 28 65386 0
47 93 65394 1
65 58 65396 1
94 30 65405 1
50 101 65412 1
45 85 65434 1
63 95 65465 0
61 53 65482 1
80 47 65501 0
53 51 65515 1
94 23 65516 1
90 59 65531 1
57 70 65565 0
60 95 65648 0
57 93 65716 0
93 97 65771 1
36 105 65802 0
58 51 65846 1
48 95 65870 1
93 43 65883 1
65 56 65900 1
36 98 65924 0
64 56 65953 1
89 64 66001 1
80 49 66043 0
73 71 66085 1
69 68 66151 1
95 28 66165 1
65 93 66231 0
32 96 66239 0
53 67 66258 0
57 92 66317 0
82 38 66368 0
54 67 66429 0
46 79 66441 1
36 102 66459 0
58 93 66585 0
33 86 66607 0
51 50 66624 1
39 110 66632 0
35 73 66652 0
40 110 66670 0
57 50 66694 1
77 65 66696 0
46 77 66749 1
47 91 66753 1
35 92 66784 0
93 23 66785 1
91 49 66926 1
47 94 66966 1
33 88 66979 0
57 51 67023 1
80 50 67029 0
49 51 67056 1
90 73 67073 1
49 95 67107 1
77 61 67111 0
51 51 67164 1
47 52 67249 1
47 74 67254 1
89 69 67258 1
41 58 67285 0
50 97 67307 1
89 65 67342 1
94 40 67353 1
50 104 67374 1
33 90 67470 0
93 44 67490 1
94 35 67493 1
56 94 67524 0
52 50 67654 1
54 50 67677 1
68 65 67720 1
68 90 67779 0
54 85 67787 0
93 22 67865 1
46 81 67932 1
55 50 67934 1
82 81 67943 0
69 67 67957 1
33 102 67965 0
68 67 67980 1
35 103 67993 0
62 94 68093 0
56 69 68115 0
50 105 68180 1
44 111 68463 0
32 79 68476 0
57 74 68504 0
33 75 68536 0
94 26 68592 1
53 87 68609 0
38 109 68710 0
43 112 68753 0
50 98 68831 1
2 38 68883 1
37 64 69019 0
47 73 69077 1
65 59 69081 1
50 103 69100 1
63 54 69231 1
33 87 69272 0
90 61 69351 1
49 98 69379 1
67 65 69504 1
47 87 69548 1
46 90 69589 1
56 74 69605 0
37 99 69630 0
66 62 69645 1
94 33 69756 1
47 83 69817 1
66 59 69880 1
32 81 69890 0
94 32 69930 1
57 93 69980 0
34 97 69981 0
57 45 70052 1
49 52 70138 1
55 80 70203 0
55 83 70211 0
82 38 70248 0
89 63 70282 1
81 43 70315 0
48 96 70451 1
82 25 70579 0
31 89 70610 0
36 107 70634 0
67 62 70644 1
61 95 70685 0
55 87 70784 0
46 91 70822 1
35 101 70887 0
60 52 70998 1
79 56 71004 0
58 93 71047 0
41 111 71260 0
36 68 71262 0
90 52 71357 1
39 109 71400 0
40 110 71408 0
54 49 71462 1
77 65 71507 0
77 59 71593 0
67 63 71690 1
42 112 71865 0
35 91 71889 0
32 84 71988 0
66 12 71997 1
94 38 72005 1
34 90 72045 0
90 19 72051 1
56 76 72122 0
57 73 72127 0
36 98 72129 0
89 71 72131 1
62 53 72131 1
90 58 72252 1
61 52 72322 1
111 82 72352 1
54 86 72444 0
90 57 72445 1
64 55 72445 1
90 62 72471 1
54 92 72552 0
94 39 72613 1
65 55 72665 1
68 66 72666 1
47 92 72695 1
52 51 72822 1
89 70 72861 1
77 66 72881 0
63 94 72965 0
88 18 73031 1
93 38 73161 1
70 69 73162 1
94 36 73222 1
45 53 73240 1
81 81 73249 0
82 33 73263 0
81 27 73266 0
36 95 73369 0
54 67 73420 0
91 20 73427 1
34 68 73477 0
75 67 73542 0
93 39 73561 1
93 40 73564 1
56 83 73591 0
94 22 73639 1
53 66 73739 0
91 53 73815 1
81 32 73864 0
94 37 73893 1
46 82 73915 1
93 42 73916 1
95 25 73939 1
93 19 73942 1
66 57 73942 1
89 66 73958 1
79 54 73986 0
50 102 74048 1
33 98 74116 0
67 64 74162 1
90 67 74236 1
77 60 74296 0
77 83 74315 0
59 51 74344 1
91 54 74351 1
57 94 74413 0
92 20 74462 1
46 88 74469 1
57 75 74519 0
56 80 74528 0
42 111 74539 0
90 56 74544 1
33 76 74554 0
72 71 74559 1
71 70 74584 1
56 90 74592 0
91 51 74601 1
94 24 74603 1
78 57 74611 0
94 29 74623 1
52 67 74634 0
92 19 74755 1
82 40 74763 0
76 64 74859 0
77 62 74859 0
46 85 74878 1
82 38 74903 0
49 105 74909 1
68 68 74990 1
55 88 74997 0
93 25 75001 1
60 51 75028 1
79 51 75093 0
66 60 75114 1
87 74 75115 1
82 80 75122 0
33 82 75142 0
33 87 75162 0
58 50 75186 1
63 55 75200 1
59 52 75243 1
55 84 75294 0
39 108 75314 0
36 69 75370 0
57 93 75378 0
45 111 75382 0
83 80 75413 0
79 55 75416 0
77 63 75436 0
33 78 75444 0
94 21 75461 1
55 86 75470 0
45 110 75494 0
89 19 75614 1
94 34 75664 1
50 99 75679 1
80 49 75680 0
47 75 75680 1
55 87 75721 0
39 109 75736 0
94 41 75743 1
48 94 75762 1
56 50 75766 1
56 82 75793 0
46 76 75810 1
57 73 75842 0
33 81 75872 0
36 101 75917 0
36 65 75942 0
80 82 75945 0
62 95 76004 0
55 66 76048 0
32 83 76065 0
33 77 76069 0
62 54 76087 1
35 90 76117 0
34 92 76138 0
47 85 76166 1
81 44 76202 0
57 70 76227 0
55 90 76304 0
47 86 76311 1
89 67 76321 1
94 23 76328 1
49 97 76346 1
82 25 76356 0
32 91 76375 0
39 111 76376 0
33 83 76411 0
35 88 76426 0
80 46 76429 0
49 96 76434 1
49 102 76504 1
56 79 76529 0
67 61 76542 1
36 99 76575 0
56 51 76579 1
90 54 76584 1
58 93 76600 0
47 93 76637 1
41 111 76659 0
81 42 76670 0
36 95 76690 0
85 79 76693 0
64 94 76717 0
55 49 76764 1
40 59 76775 0
40 110 76835 0
46 89 76840 1
76 68 76849 0
65 58 76872 1
89 75 76895 1
95 27 76990 1
93 21 76997 1
54 88 77010 0
37 62 77020 0
92 40 77055 1
90 59 77055 1
57 92 77070 0
34 90 77087 0
33 89 77099 0
37 105 77144 0
55 69 77236 0
58 51 77242 1
37 104 77261 0
65 57 77272 1
91 19 77287 1
35 98 77310 0
64 56 77317 1
49 108 77344 1
33 73 77347 0
35 110 77348 0
38 63 77402 0
77 65 77407 0
43 111 77431 0
48 73 77450 1
39 107 77512 0
56 81 77546 0
48 93 77547 1
71 71 77574 1
56 69 77590 0
70 68 77690 1
79 49 77697 0
67 63 77765 1
53 50 77774 1
61 53 77776 1
90 69 77779 1
93 20 77780 1
40 58 77793 0
47 94 77793 1
33 74 77840 0
37 100 77902 0
63 53 77930 1
56 68 77962 0
92 46 77968 1
38 61 78084 0
91 52 78093 1
47 76 78345 1
57 51 78351 1
86 19 78363 1
57 50 78386 1
35 104 78430 0
62 94 78441 0
35 70 78467 0
50 101 78515 1
54 82 78541 0
79 53 78572 0
76 54 78632 0
76 60 78632 0
33 86 78638 0
47 89 78692 1
69 66 78699 1
47 95 78714 1
57 75 78716 0
56 80 78735 0
31 91 78806 0
81 47 78819 0
62 53 78883 1
48 95 78895 1
66 58 78940 1
35 72 78990 0
89 64 79025 1
47 91 79056 1
35 91 79056 0
47 77 79062 1
64 54 79072 1
55 88 79096 0
47 82 79108 1
90 65 79126 1
89 18 79177 1
55 82 79186 0
69 69 79203 1
55 67 79204 0
82 33 79299 0
54 89 79320 0
56 71 79370 0
94 31 79600 1
32 86 79603 0
55 51 79620 1
68 64 79628 1
91 56 79637 1
33 82 79702 0
35 93 79748 0
68 92 79763 0
57 74 79779 0
109 45 79783 1
44 112 79787 0
62 52 79824 1
79 42 79842 0
89 73 79908 1
109 45 79909 0
39 108 79928 0
91 50 79940 1
63 54 79966 1
57 73 79978 0
35 68 80008 0
50 50 80237 1
81 46 80275 0
70 70 80288 1
50 51 80340 1
60 52 80509 1
47 84 80514 1
69 68 80535 1
90 17 80579 1
33 79 80661 0
94 25 80704 1
37 99 80732 0
56 74 80768 0
36 95 80851 0
33 83 80909 0
39 109 80943 0
36 101 80973 0
89 74 81005 1
55 80 81060 0
32 60 81088 0
66 59 81139 1
46 79 81185 1
47 51 81205 1
61 52 81284 1
33 87 81304 0
36 104 81316 0
34 72 81366 0
67 62 81391 1
89 69 81424 1
90 61 81561 1
64 55 81565 1
54 86 81662 0
89 65 81662 1
95 29 81682 1
35 90 81760 0
54 50 81772 1
55 87 81799 0
91 18 81818 1
46 81 81833 1
95 26 81875 1
83 24 81943 0
50 104 81988 1
50 98 81993 1
54 67 82021 0
55 91 82040 0
36 98 82093 0
41 111 82104 0
50 99 82227 1
47 90 82227 1
47 53 82239 1
76 66 82267 0
47 79 82346 1
49 103 82359 1
120 73 82372 1
50 97 82381 1
82 25 82546 0
55 66 82566 0
57 93 82691 0
55 50 82739 1
69 67 82741 1
94 40 82745 1
47 92 82774 1
94 35 82882 1
47 83 82921 1
89 71 82937 1
109 45 82962 1
90 60 82967 1
55 67 83129 0
109 45 83176 0
48 94 83219 1
60 51 83293 1
47 88 83354 1
47 80 83366 1
72 70 83394 1
82 35 83515 0
47 81 83545 1
68 66 83695 1
50 106 83723 1
50 103 83750 1
34 90 83841 0
88 19 83841 1
49 95 83849 1
82 38 83898 0
57 72 83981 0
48 96 84066 1
90 66 84131 1
47 93 84164 1
35 93 84183 0
33 72 84216 0
56 90 84219 0
35 92 84229 0
49 50 84252 1
49 97 84253 1
94 32 84533 1
34 88 84541 0
59 51 84780 1
88 75 84868 1
55 88 84913 0
50 102 84934 1
56 80 84935 0
52 50 84981 1
69 70 85168 1
53 49 85176 1
95 30 85372 1
88 66 85481 1
89 66 85485 1
56 76 85614 0
79 38 85639 0
50 105 85705 1
90 19 85765 1
82 40 85805 0
51 50 85820 1
82 27 85872 0
56 72 85912 0
82 42 85993 0
32 82 86002 0
94 22 86009 1
79 56 86180 0
81 46 86189 0
36 66 86211 0
65 56 86241 1
90 58 86288 1
80 50 86299 0
90 62 86449 1
94 38 86508 1
34 102 86527 0
63 96 86572 0
32 80 86576 0
74 70 86743 1
91 49 86794 1
77 66 86801 0
41 113 86918 0
66 60 86923 1
33 79 87078 0
70 69 87084 1
95 28 87235 1
69 65 87242 1
82 35 87314 0
94 23 87315 1
91 51 87329 1
91 20 87384 1
56 83 87407 0
79 54 87426 0
34 84 87446 0
93 43 87456 1
91 53 87471 1
69 89 87476 0
91 55 87652 1
36 100 87732 0
35 94 87779 0
80 44 87786 0
54 85 87786 0
94 27 87818 1
94 37 87823 1
46 82 87899 1
61 51 87968 1
81 45 88024 0
57 72 88032 0
67 65 88033 1
94 42 88035 1
78 57 88049 0
57 70 88063 0
68 63 88077 1
77 61 88081 0
55 89 88084 0
46 74 88085 1
54 88 88092 0
94 36 88111 1
55 82 88163 0
33 82 88183 0
53 66 88186 0
89 70 88226 1
95 24 88266 1
67 63 88327 1
36 101 88378 0
56 50 88385 1
58 94 88399 0
58 50 88423 1
65 54 88448 1
57 75 88462 0
49 96 88480 1
47 78 88493 1
67 58 88503 1
58 93 88512 0
48 53 88555 1
55 67 88583 0
91 54 88587 1
40 110 88627 0
78 56 88655 0
65 57 88687 1
74 86 88761 0
83 23 88777 0
84 79 88795 0
46 111 88828 0
42 111 88858 0
63 94 88874 0
34 88 88892 0
65 58 88909 1
67 61 88926 1
48 51 89082 1
64 56 89124 1
94 39 89155 1
67 59 89178 1
93 46 89221 1
57 92 89255 0
74 69 89283 1
90 68 89319 1
50 107 89327 1
57 50 89327 1
90 59 89377 1
93 47 89405 1
79 82 89405 0
92 19 89412 1
34 73 89420 0
94 21 89457 1
94 30 89494 1
90 64 89534 1
93 19 89547 1
33 83 89549 0
85 78 89559 0
52 49 89580 1
54 89 89581 0
35 93 89600 0
35 69 89621 0
89 68 89633 1
56 92 89652 0
29 89 89658 0
59 92 89658 0
83 79 89685 0
77 63 89699 0
33 84 89699 0
71 70 89712 1
53 67 89715 0
56 71 89727 0
47 74 89754 1
66 58 89766 1
53 50 89779 1
89 19 89781 1
51 51 89788 1
67 64 89789 1
35 74 89799 0
63 53 89804 1
36 67 89849 0
82 27 89897 0
57 73 89918 0
36 68 89938 0
93 20 89945 1
82 42 90025 0
47 86 90042 1
58 51 90046 1
35 88 90071 0
83 36 90099 0
81 44 90102 0
33 81 90104 0
63 54 90147 1
70 90 90198 0
46 88 90220 1
55 86 90225 0
36 95 90247 0
39 108 90286 0
62 53 90298 1
48 92 90302 1
39 107 90313 0
37 100 90327 0
35 73 90340 0
80 32 90349 0
47 87 90371 1
54 49 90374 1
56 82 90392 0
89 67 90432 1
81 40 90440 0
47 91 90449 1
82 33 90473 0
56 78 90504 0
77 65 90508 0
93 42 90508 1
82 53 90549 1
82 35 90550 0
55 83 90554 0
66 57 90554 1
44 111 90573 0
68 64 90591 1
38 109 90604 0
95 27 90645 1
41 110 90682 0
55 84 90722 0
36 69 90724 0
37 104 90744 0
36 99 90750 0
57 71 90759 0
80 29 90764 0
79 50 90881 0
38 62 90894 0
57 77 90900 0
94 41 90915 1
83 33 90926 0
30 80 90938 0
43 111 90992 0
40 112 91012 0
36 104 91028 0
35 91 91032 0
90 67 91078 1
54 70 91079 0
77 58 91099 0
90 18 91201 1
66 59 91201 1
69 90 91238 0
55 66 91312 0
38 101 91312 0
91 52 91317 1
94 34 91344 1
71 88 91408 0
35 90 91437 0
79 49 91442 0
50 70 91476 1
59 50 91527 1
34 84 91570 0
34 96 91578 0
47 89 91581 1
89 64 91602 1
37 99 91616 0
80 49 91683 0
82 24 91695 0
68 62 91700 1
69 91 91768 0
57 72 91812 0
71 71 91821 1
82 25 91824 0
64 55 91959 1
92 48 91967 1
78 82 91986 0
95 34 91988 1
67 62 92017 1
42 58 92068 0
39 109 92072 0
41 57 92076 0
95 31 92118 1
93 44 92124 1
50 101 92255 1
77 62 92317 0
53 90 92329 0
81 35 92340 0
81 45 92362 0
37 105 92383 0
58 72 92394 0
59 96 92396 0
90 70 92438 1
33 88 92454 0
77 84 92458 0
34 106 92479 0
82 29 92508 0
39 60 92511 0
64 54 92528 1
65 55 92549 1
82 30 92575 0
75 62 92585 0
62 97 92594 0
39 59 92651 0
60 95 92680 0
36 111 92686 0
36 93 92686 0
35 99 92695 0
48 93 92699 1
82 40 92713 0
70 67 92749 1
57 74 92764 0
60 51 92819 1
47 82 92827 1
80 81 92834 0
45 54 92887 1
93 40 92889 1
40 114 92944 0
94 20 92964 1
47 84 92986 1
56 81 92993 0
81 46 93013 0
56 49 93162 1
49 51 93174 1
90 63 93198 1
92 49 93211 1
45 111 93263 0
47 85 93388 1
31 82 93440 0
48 107 93469 1
55 88 93548 0
55 89 93636 0
94 22 93693 1
73 70 93715 1
48 94 93742 0
48 74 93742 1
50 99 93825 1
33 79 93864 0
33 84 93879 0
91 50 93916 1
69 66 93925 1
41 110 93968 0
89 69 94010 1
50 98 94027 1
57 80 94030 0
90 17 94058 1
57 91 94067 0
35 94 94092 0
90 69 94148 1
57 77 94167 0
34 88 94212 0
61 52 94237 1
95 25 94328 1
66 55 94351 1
69 65 94352 1
79 55 94360 0
37 102 94360 0
55 49 94391 1
64 52 94411 1
70 68 94428 1
71 68 94465 1
71 69 94473 1
36 89 94489 0
77 66 94550 0
83 37 94552 0
86 20 94590 1
47 90 94678 1
57 71 94716 0
48 94 94735 1
63 39 94751 1
48 95 94751 1
89 72 94781 1
46 89 94810 1
82 35 94839 0
82 31 94883 0
54 86 94939 0
93 45 95077 1
47 83 95141 1
67 63 95162 1
47 75 95213 1
69 68 95287 1
58 73 95299 0
37 63 95357 0
49 107 95390 1
67 60 95425 1
82 27 95459 0
58 72 95522 0
82 29 95525 0
31 84 95544 0
34 70 95584 0
55 74 95640 0
36 93 95661 0
82 30 95743 0
90 71 95758 1
50 96 95797 1
80 52 95851 0
56 92 95854 0
54 66 95864 0
58 50 95945 1
57 50 95996 1
94 35 96083 1
55 85 96201 0
59 51 96224 1
64 53 96314 1
39 110 96319 0
49 97 96331 1
91 19 96334 1
91 53 96402 1
95 26 96419 1
80 35 96445 0
50 104 96528 1
94 40 96530 1
50 97 96538 1
94 38 96579 1
54 50 96641 1
80 48 96664 0
47 80 96746 1
62 52 96783 1
82 37 96990 0
91 57 97007 1
50 102 97053 1
57 51 97091 1
94 24 97282 1
48 52 97328 1
33 78 97332 0
94 23 97471 1
81 26 97525 0
91 51 97529 1
53 80 97562 0
57 91 97656 0
57 72 97696 0
47 88 97787 1
60 50 97909 1
81 45 97926 0
58 73 98040 0
55 87 98151 0
81 47 98265 0
82 42 98318 0
82 31 98325 0
81 48 98328 0
50 95 98378 1
39 63 98464 0
57 44 98468 1
34 77 98555 0
79 51 98624 0
41 110 98637 0
94 43 98742 1
56 80 98754 0
81 41 98771 0
62 93 98775 0
65 56 98853 1
82 30 98893 0
40 111 98899 0
37 102 98927 0
90 61 98982 1
82 29 99278 0
94 66 99371 1
57 71 99375 0
65 57 99403 1
57 77 99445 0
89 18 99520 1
35 95 99614 0
91 56 99614 1
89 66 99664 1
33 86 99673 0
67 93 99690 0
95 30 99740 1
46 52 99802 1
48 50 99810 1
95 33 99827 1
79 52 99876 0
34 90 99918 0
47 76 99922 1
68 63 99945 1
35 89 99947 0
67 61 99987 1
54 66 100047 0
89 71 100055 1
95 35 100115 1
95 24 100124 1
57 68 100165 0
36 93 100253 0
44 55 100352 1
55 89 100354 0
64 94 100429 0
33 84 100473 0
77 60 100628 0
63 52 100653 1
87 18 100679 1
83 30 100716 0
58 47 100762 1
62 51 100793 1
91 49 100853 1
56 83 100858 0
94 36 100875 1
69 67 100899 1
91 55 100943 1
95 29 101031 1
89 65 101031 1
66 56 101072 1
93 39 101171 1
92 19 101207 1
58 73 101269 0
82 38 101271 0
90 53 101318 1
82 37 101330 0
80 50 101335 0
47 77 101382 1
76 84 101396 0
47 81 101407 1
51 99 101416 1
47 91 101425 1
93 20 101433 1
47 93 101440 1
58 72 101466 0
84 79 101487 0
95 27 101492 1
91 58 101520 1
90 19 101531 1
37 103 101560 0
49 96 101611 1
78 52 101619 0
95 28 101631 1
91 54 101656 1
83 24 101661 0
82 31 101664 0
57 91 101674 0
94 37 101675 1
90 66 101701 1
56 90 101812 0
63 54 101828 1
47 79 101841 1
72 69 101845 1
33 82 101880 0
57 92 101897 0
35 75 101899 0
33 87 101912 0
56 95 101953 0
93 43 102030 1
37 64 102041 0
55 85 102092 0
67 57 102122 1
90 65 102156 1
68 61 102194 1
62 53 102218 1
66 58 102219 1
63 53 102237 1
64 55 102263 1
94 21 102275 1
88 18 102301 1
68 64 102315 1
45 52 102326 1
49 94 102336 1
82 30 102350 0
82 35 102369 0
50 105 102401 1
83 36 102454 0
35 88 102533 0
49 95 102538 1
34 74 102552 0
89 64 102602 1
34 84 102651 0
61 51 102670 1
48 75 102700 1
68 90 102701 0
6 41 102702 1
80 52 102731 0
57 68 102749 0
45 110 102752 0
47 78 102768 1
47 89 102771 1
66 59 102774 1
90 73 102789 1
59 50 102801 1
83 33 102821 0
47 86 102827 1
57 49 102929 1
54 89 102993 0
48 92 102995 1
38 111 103008 0
39 107 103044 0
93 19 103079 1
82 29 103084 0
34 73 103090 0
91 60 103109 1
91 18 103122 1
62 93 103122 0
68 62 103199 1
60 94 103224 0
70 66 103226 1
59 92 103236 0
55 66 103238 0
79 81 103239 0
65 93 103282 0
47 92 103285 1
33 77 103286 0
37 100 103339 0
33 76 103349 0
70 89 103387 0
36 104 103395 0
92 18 103422 1
70 69 103450 1
37 99 103453 0
89 73 103475 1
35 89 103497 0
60 51 103506 1
55 50 103522 1
60 52 103578 1
90 62 103584 1
36 95 103610 0
52 50 103636 1
93 33 103640 1
66 57 103660 1
47 82 103666 1
71 70 103677 1
69 65 103704 1
90 68 103720 1
51 50 103797 1
75 69 103816 1
64 54 103825 1
54 49 103857 1
67 59 103880 1
38 101 103926 0
34 86 103931 0
61 50 103950 1
53 50 103976 1
56 51 104005 1
55 49 104017 1
47 84 104056 1
95 32 104062 1
95 25 104077 1
33 80 104114 0
67 58 104179 1
69 66 104235 1
80 81 104267 0
34 85 104306 0
91 52 104381 1
33 83 104386 0
83 31 104418 0
55 67 104424 0
94 22 104436 1
58 73 104500 0
53 66 104541 0
80 48 104562 0
90 69 104567 1
48 94 104573 1
95 22 104615 1
55 52 104617 1
50 99 104629 1
54 84 104632 0
65 55 104642 1
65 58 104762 1
47 87 104779 1
50 50 104843 1
34 75 104875 0
94 39 104878 1
82 80 104899 0
38 63 104947 0
90 67 104999 1
51 101 105009 1
50 106 105021 1
91 53 105022 1
49 52 105096 1
57 50 105120 1
71 71 105129 1
58 50 105130 1
35 93 105157 0
48 91 105177 1
82 44 105237 0
57 68 105244 0
38 106 105314 0
77 83 105328 0
61 59 105331 1
67 62 105334 1
95 26 105350 1
47 83 105354 1
95 23 105355 1
71 67 105392 1
56 79 105408 0
61 52 105464 1
94 41 105473 1
56 49 105488 1
36 93 105500 0
82 37 105578 0
79 56 105628 0
35 72 105647 0
47 52 105733 1
53 49 105752 1
70 68 105794 1
65 54 105804 1
34 77 105805 0
38 102 105818 0
93 18 105870 1
50 97 105909 1
47 90 105911 1
67 60 105960 1
54 66 105998 0
34 88 105999 0
82 27 106025 0
46 51 106071 1
57 91 106076 0
68 60 106184 1
50 103 106185 1
56 92 106273 0
82 31 106297 0
94 44 106361 1
81 45 106367 0
50 98 106406 1
73 69 106455 1
58 93 106475 0
83 37 106499 0
121 113 106533 1
33 81 106543 0
37 102 106564 0
73 123 106637 1
37 103 106657 0
35 90 106659 0
30 100 106660 0
69 63 106736 1
90 70 106746 1
40 111 106770 0
70 67 106827 1
34 76 106887 0
89 19 106896 1
94 20 106960 1
75 70 107001 1
91 56 107135 1
39 108 107213 0
67 56 107231 1
35 89 107253 0
41 110 107295 0
68 63 107339 1
49 96 107414 1
72 70 107415 1
50 51 107543 1
90 72 107557 1
34 85 107580 0
50 69 107600 1
36 89 107638 0
34 86 107656 0
69 64 107669 1
81 48 107866 0
90 64 107954 1
82 30 107955 0
35 95 107989 0
71 69 108012 1
50 96 108014 1
47 77 108073 1
51 98 108091 1
79 52 108108 0
57 68 108109 0
90 71 108178 1
67 61 108180 1
47 80 108181 1
50 107 108188 1
76 107 108210 1
95 36 108227 1
62 52 108237 1
49 93 108303 1
53 89 108450 0
90 18 108519 1
56 85 108573 0
41 6 108593 1
35 94 108641 0
60 94 108733 0
71 89 108811 0
57 90 108832 0
34 71 108880 0
57 70 108904 0
88 77 108915 1
40 110 108917 0
69 68 108933 1
35 74 108936 0
48 86 109108 1
48 93 109329 1
36 69 109360 0
94 38 109415 1
51 100 109461 1
82 44 109501 0
58 92 109531 0
35 91 109704 0
57 77 109752 0
56 89 109790 0
48 92 109833 1
47 79 110129 1
55 82 110295 0
93 20 110325 1
58 72 110341 0
64 53 110403 1
91 59 110414 1
82 42 110542 0
46 81 110552 1
33 75 110572 0
34 79 110572 0
51 103 110654 1
78 58 110815 0
95 24 110872 1
64 55 110960 1
37 92 111045 0
65 57 111125 1
34 74 111144 0
35 92 111154 0
38 102 111204 0
33 84 111337 0
38 106 111354 0
95 28 111395 1
33 80 111437 0
94 19 111462 1
62 93 111500 0
95 31 111504 1
79 54 111566 0
82 37 111592 0
55 85 111694 0
47 91 111697 1
32 72 111743 0
52 49 111797 1
90 63 111865 1
34 85 111882 0
36 68 111950 0
82 33 112103 0
33 79 112129 0
37 103 112193 0
34 75 112214 0
58 49 112215 1
63 94 112272 0
54 88 112309 0
57 93 112469 0
82 28 112523 0
82 34 112758 0
34 84 112759 0
82 29 112896 0
44 111 113034 0
34 93 113040 0
57 90 113046 0
35 88 113077 0
34 76 113077 0
57 80 113088 0
54 50 113154 1
48 74 113178 1
49 50 113193 1
56 89 113266 0
58 92 113271 0
34 86 113363 0
57 68 113370 0
57 71 113452 0
63 51 113456 1
57 69 113569 0
38 98 113616 0
55 81 113660 0
42 111 113699 0
57 75 113721 0
81 37 113806 0
51 99 113846 1
56 85 113988 0
55 89 114049 0
30 90 114109 0
36 97 114157 0
69 89 114280 0
66 58 114302 1
37 99 114399 0
81 47 114514 0
39 61 114569 0
35 73 114575 0
86 77 114655 0
60 94 114798 0
24 80 114836 0
58 73 114962 0
83 33 115065 0
37 97 115086 0
33 92 115126 0
40 111 115184 0
36 102 115199 0
80 48 115216 0
56 82 115280 0
94 40 115485 1
83 30 115539 0
57 45 115565 1
79 53 115821 0
36 98 115836 0
90 17 115854 1
96 24 115920 1
81 46 116131 0
63 52 116149 1
68 64 116227 1
82 28 116371 0
56 91 116411 0
95 27 116438 1
65 94 116450 0
78 58 116512 0
56 83 116607 0
47 88 116700 1
78 57 116712 0
63 54 116733 1
34 79 116756 0
65 56 116771 1
82 34 116968 0
91 54 116985 1
57 91 117028 0
91 51 117053 1
81 81 117099 0
80 51 117156 0
92 48 117322 1
55 66 117458 0
57 69 117488 0
91 55 117673 1
62 94 117711 0
43 111 117759 0
35 70 117805 0
47 81 117849 1
56 67 117876 0
56 89 117932 0
55 86 117955 0
47 85 118144 1
82 44 118169 0
58 92 118182 0
89 66 118219 1
69 67 118299 1
83 38 118434 0
41 59 118450 0
93 46 118455 1
47 89 118523 1
37 97 118631 0
38 101 118665 0
52 67 118682 0
63 93 118729 0
95 30 118845 1
66 56 118871 1
50 95 118960 1
91 57 119045 1
77 67 119081 0
35 89 119322 0
41 109 119343 0
56 86 119466 0
59 93 119624 0
92 49 119642 1
94 21 119664 1
41 1 119664 1
36 97 119710 0
51 105 119771 1
69 65 119858 1
89 18 119970 1
56 77 119980 0
95 21 120000 1
38 111 120010 0
94 36 120011 1
37 66 120011 0
54 4 120017 1
51 49 120031 1
34 69 120137 0
63 53 120171 1
62 53 120298 1
51 102 120369 1
82 28 120411 0
94 42 120426 1
50 104 120470 1
42 109 120612 0
89 71 120631 1
34 75 120643 0
68 61 120759 1
91 58 120774 1
49 94 120820 1
57 90 121084 0
37 103 121107 0
62 51 121109 1
36 91 121220 0
59 50 121301 1
92 19 121641 1
60 50 121652 1
95 29 121946 1
74 69 121964 1
49 95 121978 1
56 67 122001 0
55 49 122373 1
82 34 122487 0
36 67 122574 0
50 99 122680 1
82 25 122730 0
94 37 122759 1
61 51 122765 1
37 67 123054 0
36 90 123102 0
57 69 123157 0
94 35 123198 1
48 89 123258 1
48 73 123262 1
56 91 123410 0
79 52 123465 0
64 54 123527 1
93 38 123620 1
82 43 124234 0
56 86 124417 0
81 36 124630 0
38 106 124690 0
54 69 124711 0
78 58 124731 0
82 31 124744 0
81 29 124826 0
24 80 125036 0
67 60 125279 1
83 38 125343 0
57 72 125709 0
56 87 125774 0
36 91 125915 0
57 49 125915 1
61 94 125972 0
48 81 125975 1
95 25 126160 1
90 65 126203 1
83 31 126245 0
59 93 126268 0
82 32 126281 0
35 95 126322 0
83 36 126333 0
93 19 126364 1
66 57 126367 1
68 62 126474 1
41 109 126490 0
95 33 126567 1
50 102 126578 1
82 28 126713 0
90 61 126758 1
82 40 126794 0
95 34 126866 1
56 67 126921 0
95 26 126955 1
82 30 126986 0
95 24 126998 1
89 69 127055 1
36 97 127077 0
90 66 127092 1
61 92 127098 0
83 37 127100 0
83 23 127101 0
59 92 127194 0
90 68 127244 1
80 51 127287 0
80 33 127298 0
82 36 127313 0
34 85 127330 0
69 66 127382 1
67 59 127388 1
79 55 127392 0
36 90 127394 0
65 55 127420 1
95 23 127479 1
68 91 127503 0
82 37 127537 0
77 67 127553 0
91 53 127596 1
59 94 127672 0
63 93 127673 0
58 50 127683 1
91 56 127694 1
37 97 127696 0
47 86 127732 1
47 82 127739 1
48 91 127760 1
47 78 127773 1
47 84 127866 1
33 80 127952 0
56 81 127979 0
57 92 128058 0
57 79 128110 0
95 27 128111 1
90 67 128111 1
57 50 128114 1
95 32 128119 1
96 25 128217 1
95 30 128232 1
90 62 128244 1
80 52 128246 0
90 69 128267 1
77 66 128276 0
83 41 128283 0
39 109 128285 0
94 20 128288 1
95 22 128345 1
83 33 128359 0
94 21 128395 1
83 30 128400 0
94 41 128401 1
95 41 128420 1
82 43 128441 0
82 79 128450 0
55 80 128457 0
91 18 128542 1
79 37 128544 0
71 70 128553 1
47 83 128573 1
54 49 128592 1
91 55 128605 1
83 24 128644 0
37 100 128658 0
68 61 128681 1
72 69 128685 1
50 94 128696 1
69 65 128710 1
96 28 128741 1
64 52 128748 1
50 97 128769 1
67 58 128778 1
95 35 128857 1
80 50 128858 0
92 51 128863 1
90 70 128877 1
75 85 128885 0
36 93 128892 0
81 43 128905 0
68 63 128911 1
83 31 128932 0
95 37 129007 1
91 54 129009 1
71 68 129015 1
51 104 129016 1
48 87 129045 1
60 94 129053 0
77 65 129065 0
58 73 129070 0
95 28 129093 1
24 80 129161 0
48 85 129190 1
58 72 129193 0
36 89 129196 0
35 75 129222 0
36 87 129272 0
39 107 129279 0
47 90 129283 1
45 111 129285 0
47 87 129285 1
95 31 129288 1
71 67 129290 1
56 49 129297 1
91 61 129324 1
70 69 129328 1
93 20 129343 1
78 82 129363 0
62 51 129397 1
56 89 129407 0
70 66 129417 1
37 109 129423 0
65 54 129471 1
66 55 129477 1
53 50 129493 1
92 19 129554 1
37 107 129574 0
91 62 129601 1
90 17 129609 1
56 85 129623 0
48 76 129624 1
63 53 129638 1
96 23 129645 1
62 93 129645 0
48 90 129663 1
62 52 129694 1
54 66 129697 0
50 105 129709 1
93 19 129710 1
48 92 129711 1
38 102 129715 0
48 94 129770 1
48 83 129788 1
56 95 129863 0
94 19 129870 1
95 24 129875 1
34 76 129877 0
83 36 129898 0
95 21 129914 1
42 109 129933 0
56 83 129936 0
56 86 129936 0
34 77 129983 0
59 50 130038 1
67 57 130038 1
36 91 130057 0
47 89 130076 1
70 68 130088 1
81 48 130112 0
53 49 130182 1
37 66 130191 0
56 87 130213 0
45 51 130218 1
82 34 130224 0
51 101 130250 1
47 79 130318 1
90 64 130339 1
57 86 130343 0
59 49 130367 1
66 58 130373 1
38 101 130394 0
37 92 130421 0
70 67 130423 1
68 60 130425 1
45 110 130434 0
61 50 130440 1
51 97 130456 1
58 49 130456 1
76 68 130469 1
35 88 130483 0
48 88 130492 1
83 38 130495 0
48 75 130512 1
92 48 130512 1
56 80 130522 0
68 59 130585 1
92 18 130627 1
38 98 130669 0
47 80 130676 1
37 65 130691 0
49 51 130694 1
36 90 130709 0
92 53 130722 1
93 18 130726 1
69 66 130735 1
90 71 130749 1
95 36 130751 1
51 100 130763 1
58 50 130828 1
93 53 130835 1
83 37 130842 0
73 86 130858 0
91 57 130863 1
88 18 130874 1
66 56 130881 1
50 96 130897 1
92 49 130903 1
34 84 130905 0
68 62 130912 1
91 58 130925 1
63 52 130975 1
47 82 130981 1
47 77 131011 1
69 65 131055 1
48 91 131062 1
48 51 131081 1
50 49 131152 1
95 25 131163 1
89 64 131170 1
69 64 131205 1
37 99 131206 0
35 82 131223 0
67 59 131259 1
34 79 131260 0
34 86 131268 0
52 50 131275 1
41 110 131324 0
35 84 131327 0
69 63 131342 1
37 97 131345 0
68 61 131348 1
60 50 131421 1
71 69 131423 1
47 84 131441 1
58 92 131466 0
79 56 131473 0
49 96 131504 1
92 52 131506 1
48 80 131508 1
86 19 131521 1
34 74 131533 0
95 29 131541 1
57 50 131570 1
91 56 131594 1
55 49 131632 1
38 62 131646 0
64 53 131653 1
85 78 131665 0
59 92 131691 0
57 82 131712 0
96 26 131730 1
64 52 131792 1
70 65 131810 1
51 99 131817 1
93 47 131837 1
54 91 131843 0
49 93 131846 1
78 84 131878 0
57 80 131917 0
35 90 131921 0
48 84 131928 1
67 58 131929 1
89 18 131950 1
65 53 131968 1
75 68 131992 1
89 17 131992 1
67 60 131993 1
51 50 132051 1
83 33 132062 0
91 60 132094 1
47 83 132127 1
51 98 132146 1
46 111 132163 0
95 26 132165 1
36 89 132172 0
35 78 132179 0
51 103 132204 1
57 49 132213 1
37 102 132250 0
57 83 132276 0
35 71 132341 0
36 95 132396 0
82 32 132402 0
50 95 132413 1
51 95 132425 1
34 72 132442 0
82 44 132447 0
36 103 132470 0
55 84 132474 0
35 74 132477 0
41 109 132489 0
74 70 132552 1
61 94 132570 0
57 77 132597 0
37 67 132625 0
65 55 132649 1
34 85 132675 0
54 49 132706 1
49 94 132707 1
82 43 132715 0
56 83 132721 0
93 45 132745 1
91 69 132751 1
82 27 132757 0
59 93 132777 0
57 79 132793 0
71 67 132800 1
55 83 132832 0
55 87 132835 0
57 90 132860 0
33 82 132881 0
90 63 132883 1
35 80 132899 0
94 18 132942 1
91 17 132942 1
83 30 132944 0
58 73 132958 0
37 104 132977 0
48 86 132993 1
33 86 132998 0
82 42 133034 0
73 70 133067 1
47 111 133078 0
53 66 133081 0
34 88 133099 0
47 81 133113 1
90 67 133152 1
90 73 133153 1
33 99 133156 0
35 83 133166 0
37 100 133177 0
38 63 133180 0
81 47 133187 0
90 65 133190 1
36 106 133201 0
79 81 133238 0
47 75 133239 1
91 59 133322 1
95 23 133387 1
65 54 133442 1
47 109 133475 0
58 95 133525 0
82 36 133567 0
48 92 133632 1
37 101 133687 0
83 31 133716 0
95 22 133718 1
51 102 133824 1
89 74 133929 1
66 53 134011 1
72 68 134078 1
36 90 134079 0
94 20 134083 1
35 89 134094 0
36 91 134105 0
47 86 134123 1
90 18 134160 1
70 89 134211 0
56 49 134236 1
91 66 134236 1
79 59 134294 0
63 92 134297 0
82 80 134338 0
35 67 134402 0
63 53 134403 1
33 93 134407 0
39 108 134409 0
31 80 134412 0
33 70 134418 0
52 49 134419 1
48 89 134450 1
63 93 134465 0
94 43 134469 1
35 73 134481 0
34 75 134526 0
59 50 134532 1
95 27 134547 1
78 50 134570 0
48 81 134648 1
47 78 134652 1
32 97 134664 0
56 48 134730 1
55 75 134760 0
51 96 134810 1
48 90 134810 1
48 74 134889 1
50 50 134898 1
42 109 134900 0
38 101 134901 0
61 92 134939 0
57 84 135044 0
80 49 135056 0
90 69 135085 1
80 51 135100 0
90 66 135111 1
36 69 135131 0
94 22 135188 1
38 98 135202 0
38 114 135225 0
58 68 135247 0
56 91 135320 0
37 92 135328 0
78 58 135348 0
95 39 135377 1
36 92 135388 0
95 33 135425 1
83 41 135446 0
91 67 135470 1
38 102 135493 0
48 91 135505 1
66 55 135528 1
91 65 135528 1
43 110 135625 0
82 28 135626 0
56 86 135642 0
36 87 135642 0
59 94 135643 0
95 30 135643 1
57 68 135724 0
40 104 135729 0
41 111 135760 0
56 87 135785 0
58 49 135899 1
50 97 135933 1
51 104 135983 1
67 55 136080 1
48 50 136112 1
72 70 136126 1
47 50 136174 1
73 69 136223 1
72 69 136243 1
75 69 136251 1
63 51 136311 1
57 78 136344 0
48 88 136387 1
0 77 136500 1
91 55 136526 1
37 95 136556 0
86 78 136627 0
47 51 136643 1
37 94 136647 0
57 91 136655 0
47 89 136668 1
57 81 136698 0
90 72 136732 1
56 88 136751 0
37 97 136763 0
62 51 136897 1
40 111 136913 0
89 73 136933 1
95 32 136945 1
37 96 137075 0
47 79 137098 1
91 53 137131 1
61 51 137134 1
95 38 137140 1
36 101 137217 0
91 18 137222 1
34 99 137229 0
50 94 137322 1
57 88 137429 0
48 85 137442 1
65 93 137468 0
79 47 137484 0
51 97 137512 1
90 17 137527 1
78 56 137703 0
81 38 137719 0
58 72 137910 0
48 87 137936 1
83 79 137957 0
31 81 138011 0
58 70 138033 0
35 72 138118 0
56 82 138125 0
58 68 138166 0
92 17 138234 1
51 49 138243 1
48 76 138284 1
36 66 138408 0
57 65 138417 0
71 68 138460 1
38 61 138512 0
40 108 138523 0
48 82 138533 1
31 87 138716 0
78 59 138933 0
48 83 138941 1
82 32 138944 0
56 77 139011 0
51 101 139114 1
48 78 139128 1
80 47 139146 0
56 67 139173 0
59 70 139183 0
37 101 139237 0
55 49 139299 1
57 86 139316 0
95 34 139326 1
78 53 139331 0
70 66 139394 1
37 94 139399 0
47 110 139412 0
50 106 139422 1
80 81 139551 0
66 93 139566 0
77 83 139579 0
83 22 139611 0
94 21 139698 1
34 73 139756 0
83 35 139795 0
51 100 139824 1
95 31 139834 1
36 92 139903 0
79 55 139961 0
64 51 139978 1
92 51 139980 1
83 38 139981 0
63 52 140023 1
83 34 140036 0
35 71 140101 0
69 66 140121 1
37 95 140129 0
49 92 140146 1
51 99 140159 1
40 103 140169 0
37 96 140170 0
36 97 140199 0
46 109 140225 0
62 50 140244 1
48 79 140254 1
37 65 140291 0
96 27 140314 1
95 20 140349 1
34 78 140350 0
48 49 140458 1
55 88 140486 0
71 70 140537 1
77 59 140635 0
95 28 140671 1
43 110 140689 0
59 49 140701 1
93 19 140785 1
76 125 140866 1
34 80 140976 0
95 24 141002 1
95 19 141027 1
53 68 141056 0
72 88 141058 0
56 88 141081 0
56 66 141131 0
80 52 141141 0
79 82 141150 0
78 60 141167 0
31 77 141255 0
82 36 141260 0
83 37 141268 0
68 60 141290 1
81 31 141308 0
34 79 141335 0
82 43 141361 0
95 40 141377 1
39 107 141379 0
57 48 141392 1
57 88 141409 0
75 86 141512 0
58 68 141532 0
37 64 141580 0
33 83 141608 0
69 65 141614 1
68 62 141624 1
79 54 141640 0
58 70 141647 0
42 110 141677 0
94 44 141709 1
69 90 141779 0
48 84 141902 1
56 70 142024 0
83 24 142043 0
83 30 142075 0
66 56 142075 1
37 66 142085 0
80 48 142221 0
34 89 142229 0
47 87 142232 1
55 85 142234 0
70 68 142285 1
36 91 142298 0
41 58 142352 0
56 73 142424 0
57 69 142439 0
69 64 142440 1
47 82 142443 1
83 36 142485 0
59 73 142525 0
61 50 142526 1
91 58 142562 1
38 108 142590 0
82 23 142649 0
90 68 142652 1
35 88 142690 0
60 50 142726 1
83 33 142784 0
37 99 142786 0
37 98 142847 0
68 61 142897 1
37 94 142911 0
55 66 142994 0
67 57 143019 1
35 82 143075 0
34 84 143083 0
58 50 143109 1
83 35 143136 0
48 77 143225 1
56 89 143325 0
83 34 143343 0
57 81 143394 0
40 108 143465 0
91 70 143482 1
61 94 143559 0
62 93 143653 0
42 112 143660 0
36 90 143676 0
83 23 143763 0
39 63 143791 0
82 79 143798 0
35 66 143800 0
57 83 143825 0
69 61 144026 1
67 58 144190 1
57 78 144233 0
82 41 144277 0
96 22 144351 1
51 105 144420 1
64 53 144452 1
57 49 144582 1
37 96 144584 0
38 98 144630 0
94 19 144644 1
35 84 144814 0
91 54 144814 1
49 93 144829 1
70 67 144870 1
51 98 144969 1
37 95 145008 0
94 66 145039 1
67 56 145228 1
78 59 145229 0
36 92 145252 0
34 77 145268 0
67 92 145305 0
81 46 145367 0
82 39 145375 0
96 24 145398 1
47 53 145520 1
95 21 145552 1
95 25 145619 1
56 88 145774 0
94 41 145822 1
95 35 145838 1
47 77 145890 1
58 75 145894 0
34 78 145896 0
53 49 145940 1
49 71 146012 1
67 59 146039 1
58 70 146069 0
56 66 146157 0
35 83 146166 0
82 45 146189 0
34 85 146328 0
56 71 146530 0
50 71 146534 1
95 42 146558 1
83 34 146623 0
116 69 146751 1
68 57 146784 1
34 80 146861 0
87 17 146917 1
51 48 146919 1
92 53 146964 1
62 52 146965 1
83 35 146967 0
78 60 146969 0
60 49 146974 1
93 46 147042 1
37 101 147089 0
36 89 147147 0
93 43 147206 1
42 110 147284 0
35 86 147322 0
37 98 147388 0
91 57 147584 1
91 71 147644 1
55 48 147732 1
92 49 147738 1
92 19 147761 1
54 48 147798 1
79 59 147839 0
50 51 147864 1
68 58 147954 1
47 83 148033 1
92 48 148053 1
78 63 148064 0
49 50 148153 1
61 49 148155 1
50 95 148270 1
71 66 148348 1
44 5 148432 1
87 18 148484 1
51 103 148569 1
43 110 148611 0
83 26 148803 0
58 49 148871 1
41 109 148902 0
90 64 149053 1
92 52 149178 1
90 74 149190 1
65 55 149216 1
90 70 149452 1
95 37 149503 1
37 94 149549 0
40 109 149553 0
59 94 149594 0
57 88 149617 0
82 29 149720 0
65 92 149739 0
96 25 149859 1
62 49 150022 1
48 91 150407 1
93 20 150565 1
48 80 150594 1
48 90 150612 1
35 69 150734 0
40 108 150783 0
94 20 151011 1
37 92 151112 0
81 50 151123 0
49 94 151157 1
65 54 151245 1
58 75 151269 0
36 68 151345 0
24 80 151524 0
93 42 151812 1
82 41 151876 0
81 39 151969 0
83 34 152005 0
58 68 152012 0
35 86 152039 0
81 45 152056 0
66 54 152089 1
84 79 152090 0
78 59 152409 0
57 79 152484 0
82 32 152578 0
34 89 152589 0
96 29 152604 1
69 62 152623 1
79 43 152654 0
83 31 152786 0
80 54 152801 0
91 56 152821 1
37 98 152826 0
50 107 152859 1
92 57 152937 1
48 86 153031 1
67 91 153155 0
68 59 153272 1
83 26 153322 0
48 89 153385 1
34 86 153386 0
57 84 153388 0
78 63 153573 0
95 23 153625 1
96 28 153854 1
56 85 153874 0
95 22 153920 1
58 92 154015 0
49 91 154034 1
92 55 154042 1
69 63 154073 1
79 57 154097 0
56 66 154136 0
82 44 154161 0
90 71 154194 1
81 48 154208 0
82 45 154317 0
37 96 154435 0
83 35 154683 0
78 60 154699 0
93 18 154857 1
59 50 154895 1
70 64 155009 1
65 53 155021 1
50 93 155059 1
83 41 155063 0
39 61 155091 0
58 70 155106 0
48 75 155179 1
71 69 155211 1
91 61 155212 1
79 60 155218 0
35 80 155232 0
56 88 155249 0
69 89 155284 0
38 99 155315 0
57 90 155336 0
35 75 155352 0
34 78 155361 0
96 26 155363 1
64 52 155410 1
45 110 155442 0
82 39 155444 0
48 81 155459 1
80 55 155546 0
57 82 155575 0
53 50 155577 1
59 92 155607 0
91 68 155626 1
65 52 155692 1
58 69 155706 0
96 30 155723 1
95 39 155779 1
36 96 155796 0
40 104 155808 0
95 33 155814 1
57 80 155827 0
47 84 155860 1
90 17 155982 1
42 109 156061 0
71 67 156080 1
83 30 156088 0
36 87 156097 0
66 55 156098 1
90 67 156125 1
68 61 156132 1
57 50 156165 1
93 19 156229 1
58 73 156234 0
89 16 156236 1
95 36 156270 1
87 76 156282 0
74 68 156302 1
79 49 156336 0
94 29 156356 1
91 60 156368 1
40 109 156404 0
83 28 156408 0
61 92 156419 0
37 89 156423 0
57 65 156438 0
54 49 156440 1
34 76 156472 0
90 63 156493 1
91 59 156506 1
69 65 156530 1
70 65 156605 1
90 65 156661 1
37 67 156673 0
59 70 156707 0
63 92 156762 0
92 56 156794 1
35 71 156837 0
59 69 156843 0
89 18 156846 1
68 60 156868 1
52 99 157013 1
72 67 157030 1
83 37 157133 0
54 66 157144 0
56 49 157173 1
48 52 157190 1
90 69 157235 1
35 78 157286 0
83 38 157310 0
51 96 157343 1
51 102 157375 1
56 86 157424 0
42 110 157433 0
83 26 157486 0
61 50 157491 1
83 33 157607 0
37 97 157611 0
52 98 157649 1
34 80 157716 0
95 31 157735 1
59 49 157762 1
76 84 157835 0
58 75 157855 0
38 108 157868 0
62 51 157875 1
95 29 157922 1
38 98 157977 0
55 49 158004 1
50 105 158029 1
81 50 158032 0
51 95 158053 1
33 95 158128 0
58 48 158128 1
56 65 158132 0
33 78 158132 0
38 99 158141 0
38 101 158157 0
79 56 158222 0
95 34 158257 1
95 20 158322 1
35 86 158357 0
59 93 158380 0
57 86 158411 0
46 109 158430 0
37 92 158439 0
57 87 158458 0
83 34 158463 0
37 95 158468 0
95 32 158510 1
95 30 158622 1
48 76 158652 1
91 18 158659 1
63 51 158686 1
96 23 158886 1
42 56 158887 0
48 87 158916 1
48 88 158919 1
96 21 158992 1
57 83 159117 0
52 48 159150 1
48 84 159159 1
50 94 159174 1
78 66 159184 0
51 99 159235 1
67 58 159400 1
78 63 159407 0
91 72 159434 1
96 24 159445 1
63 93 159605 0
61 91 159619 0
60 50 159621 1
83 31 159649 0
80 50 159661 0
58 69 159677 0
79 57 159787 0
80 54 159787 0
44 111 159913 0
38 102 160052 0
48 83 160055 1
57 81 160093 0
71 68 160096 1
52 49 160156 1
30 93 160167 0
79 60 160167 0
35 82 160189 0
55 79 160229 0
92 51 160297 1
91 17 160396 1
56 87 160442 0
51 100 160459 1
37 94 160469 0
83 28 160486 0
95 21 160588 1
64 92 160588 1
40 103 160606 0
82 35 160645 0
35 91 160702 0
56 65 160737 0
82 36 160768 0
63 50 160773 1
48 74 160856 1
62 50 160873 1
95 38 160903 1
71 88 160933 0
51 104 160966 1
67 57 160974 1
51 97 161022 1
38 99 161155 0
48 78 161158 1
52 100 161183 1
69 63 161230 1
70 66 161280 1
65 51 161289 1
48 85 161335 1
93 54 161339 1
67 56 161349 1
72 69 161351 1
66 56 161393 1
44 108 161420 0
57 85 161545 0
63 52 161573 1
91 58 161587 1
95 41 161791 1
76 68 161794 1
94 19 161794 1
34 79 161807 0
39 100 161883 0
74 69 161909 1
49 73 161958 1
51 50 162010 1
68 58 162040 1
39 103 162127 0
35 85 162511 0
48 89 162512 1
83 39 162600 0
49 92 162693 1
89 17 162884 1
65 54 162912 1
57 49 162971 1
59 73 162981 0
47 79 162992 1
57 87 163075 0
37 106 163100 0
36 90 163169 0
36 74 163170 0
96 27 163178 1
79 58 163210 0
86 77 163212 0
79 83 163313 0
36 89 163327 0
82 41 163351 0
39 62 163435 0
51 98 163546 1
96 32 163611 1
34 82 163713 0
57 76 163813 0
56 65 163831 0
56 48 163851 1
88 17 163878 1
53 48 163909 1
37 98 163918 0
92 49 163931 1
78 62 164024 0
72 68 164026 1
85 77 164046 0
80 51 164178 0
58 90 164254 0
62 92 164349 0
92 58 164379 1
40 106 164464 0
40 108 164554 0
91 67 164592 1
58 69 164621 0
35 74 164888 0
40 61 164914 0
91 66 164974 1
55 1 164981 1
40 109 165310 0
52 101 165616 1
71 65 165631 1
91 63 165635 1
95 26 165757 1
95 35 165764 1
64 94 165873 0
96 25 166003 1
95 24 166022 1
93 17 166101 1
38 99 166190 0
98 38 166259 1
91 64 166269 1
57 88 166348 0
79 59 166400 0
95 40 166408 1
83 39 166417 0
33 74 166420 0
93 48 166507 1
56 81 166589 0
39 103 166601 0
33 81 166676 0
78 82 166687 0
82 43 166699 0
79 36 166712 0
38 64 166719 0
56 83 166756 0
48 77 166758 1
83 44 166774 0
78 59 166815 0
38 100 166854 0
91 62 166914 1
92 18 166987 1
43 109 167003 0
71 67 167011 1
95 22 167018 1
96 33 167037 1
83 26 167047 0
92 59 167068 1
90 70 167081 1
80 82 167112 0
49 93 167150 1
83 35 167194 0
68 61 167194 1
92 53 167249 1
38 63 167249 0
73 69 167260 1
24 80 167305 0
83 28 167388 0
91 65 167407 1
57 48 167421 1
57 77 167441 0
48 90 167474 1
38 107 167497 0
57 85 167505 0
35 84 167534 0
69 62 167536 1
92 17 167590 1
40 60 167621 0
64 52 167687 1
84 38 167710 0
65 53 167778 1
68 59 167789 1
34 100 167837 0
83 24 167871 0
57 84 167877 0
83 36 167900 0
91 69 167901 1
64 51 167927 1
57 65 167930 0
57 45 167943 1
66 53 167974 1
96 20 168006 1
91 56 168051 1
82 39 168178 0
48 79 168214 1
42 108 168253 0
51 106 168293 1
96 28 168307 1
96 31 168308 1
83 25 168336 0
69 61 168338 1
83 30 168351 0
37 103 168353 0
57 67 168415 0
95 19 168427 1
68 60 168427 1
35 83 168433 0
50 95 168491 1
94 18 168573 1
58 90 168576 0
35 85 168675 0
48 82 168689 1
36 87 168693 0
37 89 168715 0
93 50 168745 1
90 17 168766 1
72 87 168848 0
69 65 168861 1
38 68 168896 0
78 63 168910 0
96 22 168942 1
59 70 168979 0
48 86 169017 1
60 49 169030 1
48 81 169035 1
79 58 169038 0
88 18 169044 1
67 59 169070 1
34 89 169104 0
62 92 169111 0
36 96 169190 0
96 26 169213 1
49 91 169230 1
93 18 169279 1
38 101 169298 0
56 65 169302 0
61 50 169314 1
66 55 169340 1
95 37 169341 1
59 69 169361 0
96 24 169438 1
92 52 169449 1
83 41 169472 0
51 96 169477 1
80 55 169487 0
40 104 169493 0
61 49 169548 1
95 36 169548 1
95 27 169548 1
48 80 169558 1
37 92 169596 0
57 87 169658 0
67 55 169664 1
57 78 169738 0
83 33 169763 0
68 56 169831 1
49 49 169837 1
79 57 169926 0
79 60 169937 0
62 51 169942 1
83 39 169950 0
67 58 169951 1
81 47 169984 0
40 106 169988 0
82 45 170003 0
57 73 170121 0
35 80 170124 0
95 39 170155 1
87 77 170173 0
35 76 170178 0
47 89 170186 1
68 90 170187 0
38 98 170201 0
90 71 170225 1
50 93 170263 1
68 57 170272 1
36 74 170281 0
36 92 170290 0
35 88 170332 0
35 73 170334 0
96 29 170345 1
34 84 170364 0
62 93 170407 0
63 92 170439 0
78 60 170442 0
41 110 170456 0
34 94 170468 0
56 90 170478 0
95 21 170490 1
95 33 170508 1
83 34 170565 0
42 109 170597 0
37 66 170631 0
47 109 170635 0
34 82 170642 0
38 99 170642 0
54 91 170659 0
61 92 170667 0
48 75 170698 1
35 89 170699 0
38 106 170827 0
51 94 170852 1
58 75 170875 0
58 89 170892 0
36 94 170918 0
38 105 170928 0
83 37 170945 0
65 92 170947 0
95 20 170949 1
55 48 170951 1
59 50 170954 1
41 108 170956 0
31 79 170967 0
38 100 171009 0
84 35 171076 0
78 62 171095 0
59 48 171137 1
43 110 171141 0
65 52 171175 1
91 60 171234 1
52 99 171312 1
54 48 171315 1
43 109 171331 0
38 92 171363 0
65 54 171382 1
39 103 171401 0
57 83 171412 0
34 78 171422 0
69 60 171449 1
34 74 171451 0
50 92 171453 1
40 85 171454 1
92 55 171462 1
33 79 171478 0
35 86 171486 0
57 82 171500 0
15 81 171526 0
70 67 171618 1
42 108 171621 0
31 92 171628 0
59 73 171643 0
50 49 171644 1
58 78 171651 0
69 63 171672 1
51 103 171736 1
58 68 171750 0
79 53 171763 0
48 76 171782 1
54 49 171827 1
96 30 171832 1
63 51 171836 1
39 106 171860 0
92 57 171873 1
40 107 171902 0
58 49 171969 1
37 96 172026 0
95 43 172174 1
67 56 172182 1
78 66 172206 0
48 88 172265 1
66 52 172295 1
51 95 172385 1
93 46 172407 1
35 78 172423 0
49 90 172432 1
48 84 172500 1
91 61 172511 1
57 86 172526 0
79 59 172614 0
70 63 172641 1
35 82 172645 0
37 65 172656 0
35 75 172745 0
68 58 172756 1
94 19 172756 1
50 48 172795 1
35 70 172831 0
48 89 172871 1
94 44 172905 1
42 58 173000 0
56 49 173001 1
90 16 173024 1
61 91 173058 0
71 66 173203 1
52 98 173206 1
93 47 173212 1
40 103 173214 0
56 90 173216 1
67 57 173221 1
91 70 173222 1
51 68 173277 1
80 54 173304 0
92 66 173314 1
96 25 173345 1
51 49 173367 1
95 34 173440 1
58 90 173443 0
96 23 173623 1
46 110 173652 0
93 19 173680 1
59 49 173702 1
62 50 173817 1
58 48 173832 1
95 38 173848 1
70 64 173961 1
94 17 173977 1
83 31 173979 0
58 69 174089 0
51 99 174120 1
50 94 174217 1
70 65 174254 1
91 68 174314 1
36 69 174338 0
58 89 174374 0
91 17 174385 1
52 103 174395 1
47 82 174406 1
48 87 174557 1
45 110 174582 0
35 85 174692 0
51 97 174722 1
83 27 174747 0
94 46 174804 1
38 64 174852 0
35 77 174891 0
53 68 174985 0
83 25 175024 0
62 92 175033 0
84 35 175055 0
92 56 175109 1
51 105 175297 1
38 94 175320 0
57 65 175335 0
83 39 175337 0
41 108 175420 0
35 83 175461 0
92 48 175473 1
90 69 175522 1
39 100 175546 0
125 57 175564 1
34 80 175571 0
84 21 175580 0
49 84 175614 1
68 60 175717 1
58 78 175788 0
95 42 175819 1
38 100 175830 0
57 67 175831 0
38 99 175894 0
57 85 175938 0
38 104 175951 0
75 68 175994 1
95 31 176013 1
48 83 176064 1
42 108 176215 0
41 109 176232 0
35 79 176259 0
37 89 176284 0
54 111 176340 1
95 18 176351 1
52 68 176351 1
91 18 176498 1
50 50 176515 1
36 67 176535 0
64 52 176615 1
66 53 176673 1
37 92 176696 0
91 66 176801 1
49 88 176844 1
51 102 176889 1
71 69 176906 1
77 64 176959 0
48 81 176965 1
49 91 177117 1
85 77 177161 0
59 90 177222 0
89 75 177236 1
4 33 177246 1
91 59 177287 1
90 115 177306 1
95 35 177355 1
69 62 177383 1
47 52 177492 1
70 66 177516 1
84 22 177551 0
83 38 177625 0
65 53 177663 1
51 70 177721 1
40 107 177922 0
83 28 178018 0
69 61 178060 1
68 61 178073 1
71 71 178258 1
49 92 178332 1
48 50 178542 1
72 69 178703 1
96 24 178705 1
94 20 178781 1
40 106 178818 0
47 86 178854 1
56 65 178911 0
79 58 179155 0
34 85 179186 0
57 79 179195 0
96 27 179226 1
91 55 179270 1
57 80 179311 0
91 64 179353 1
35 76 179360 0
83 27 179398 0
58 89 179653 0
43 109 179699 0
58 88 179732 0
81 50 179737 0
39 106 179761 0
95 19 179800 1
90 17 179869 1
84 38 179887 0
95 40 180009 1
95 23 180105 1
37 94 180125 0
96 36 180193 1
97 33 180201 1
92 53 180219 1
38 97 180242 0
96 34 180281 1
64 50 180318 1
91 67 180395 1
83 26 180429 0
59 70 180444 0
96 21 180524 1
61 50 180552 1
71 67 180605 1
59 92 180661 0
91 71 180705 1
83 30 180742 0
56 48 180800 1
37 95 180826 0
93 17 180923 1
48 80 180947 1
96 28 180984 1
33 91 181009 0
51 69 181024 1
52 101 181151 1
64 92 181158 0
69 59 181166 1
92 16 181175 1
96 22 181184 1
92 58 181185 1
41 108 181231 0
79 60 181348 0
71 68 181368 1
95 22 181377 1
48 85 181377 1
96 37 181381 1
57 76 181393 0
110 18 181396 1
98 31 181402 1
52 100 181403 1
59 69 181431 0
91 65 181464 1
59 90 181487 0
96 26 181491 1
61 49 181516 1
50 70 181536 1
95 21 181538 1
38 98 181543 0
91 62 181544 1
95 41 181565 1
48 78 181626 1
94 18 181628 1
66 54 181628 1
73 68 181643 1
44 108 181669 0
63 53 181678 1
67 54 181703 1
84 35 181727 0
59 72 181797 0
67 58 181814 1
97 28 181873 1
95 36 181874 1
68 54 181878 1
93 18 181901 1
57 48 181906 1
84 69 181918 1
84 23 181918 0
36 87 181947 0
69 63 181957 1
36 94 182021 0
52 97 182032 1
37 67 182035 0
68 59 182130 1
35 84 182147 0
92 65 182193 1
46 109 182214 0
51 96 182222 1
68 58 182235 1
72 67 182263 1
38 96 182273 0
80 53 182284 0
60 49 182298 1
38 105 182300 0
95 20 182359 1
66 55 182359 1
66 92 182444 0
51 100 182448 1
67 55 182486 1
35 72 182491 0
62 49 182506 1
62 51 182521 1
39 63 182525 0
56 88 182542 0
65 52 182546 1
34 82 182581 0
81 48 182594 0
96 23 182630 1
91 63 182636 1
37 90 182652 0
89 17 182703 1
50 69 182716 1
50 93 182720 1
52 99 182745 1
38 94 182747 0
63 50 182808 1
64 51 182840 1
35 77 182846 0
51 104 182861 1
97 27 182868 1
90 67 182900 1
92 17 182939 1
49 71 183025 1
58 66 183053 0
81 54 183061 0
48 86 183068 1
83 44 183087 0
67 56 183115 1
70 63 183142 1
59 91 183163 0
39 103 183185 0
96 25 183186 1
49 85 183187 1
36 89 183211 0
52 102 183229 1
40 104 183244 0
52 95 183280 1
57 87 183307 0
48 76 183331 1
57 66 183376 0
79 81 183402 0
57 81 183420 0
58 88 183449 0
89 18 183488 1
68 57 183513 1
59 48 183513 1
96 29 183519 1
95 37 183525 1
38 92 183552 0
57 49 183628 1
58 78 183637 0
64 52 183666 1
39 60 183672 0
58 90 183788 0
70 89 183802 0
35 74 183816 0
36 74 183850 0
51 95 183905 1
72 68 184006 1
39 41 184031 0
39 104 184032 0
55 48 184032 1
38 68 184040 0
38 97 184046 0
48 88 184064 1
52 96 184069 1
37 71 184069 0
38 99 184070 0
61 92 184077 0
41 105 184093 0
79 55 184109 0
57 84 184109 0
71 65 184149 1
48 75 184159 1
52 49 184166 1
46 110 184203 0
96 20 184248 1
48 77 184270 1
80 52 184287 0
63 51 184291 1
57 74 184315 0
38 100 184334 0
83 27 184357 0
82 79 184374 0
35 86 184379 0
80 57 184382 0
38 104 184396 0
123 43 184432 1
48 74 184432 1
69 60 184436 1
83 32 184459 0
50 92 184486 1
59 73 184494 0
49 51 184506 1
92 54 184526 1
35 80 184598 0
92 54 184615 1
79 59 184632 0
49 90 184662 1
92 57 184666 1
92 54 184689 1
35 82 184693 0
95 39 184724 1
58 64 184740 0
92 54 184763 1
90 73 184776 1
38 96 184784 0
63 92 184808 0
92 54 184835 1
42 108 184849 0
96 32 184863 1
57 88 184884 0
92 54 184915 1
96 30 184939 1
68 55 185001 1
92 54 185005 1
96 24 185081 1
92 54 185092 1
66 53 185103 1
35 79 185119 0
92 54 185176 1
51 98 185255 1
37 91 185267 0
48 89 185274 1
52 98 185286 1
71 66 185291 1
92 54 185295 1
62 50 185323 1
83 25 185351 0
76 68 185374 1
60 48 185383 1
51 94 185398 1
92 54 185401 1
67 53 185421 1
49 81 185463 1
79 57 185482 0
92 54 185498 1
58 89 185501 0
91 60 185560 1
64 92 185572 0
92 54 185603 1
58 48 185604 1
82 26 185629 0
40 107 185633 0
36 91 185670 0
47 77 185670 1
59 90 185676 0
92 54 185726 1
34 77 185734 0
59 72 185738 0
49 91 185739 1
58 66 185767 0
37 86 185770 0
32 88 185774 0
90 70 185778 1
48 108 185782 0
76 85 185809 0
41 112 185826 0
91 70 185830 1
92 54 185850 1
37 90 185915 0
96 33 185939 1
37 89 185942 0
37 92 185971 0
92 54 185985 1
57 65 186003 0
82 44 186004 0
40 103 186048 0
71 67 186066 1
92 54 186157 1
42 110 186158 0
85 78 186296 0
92 54 186340 1
74 68 186343 1
81 49 186344 0
78 64 186412 0
39 97 186443 0
92 54 186559 1
38 64 186609 0
91 61 186632 1
61 48 186650 1
80 58 186656 0
49 87 186683 1
54 48 186717 1
91 17 186733 1
91 66 186773 1
32 85 186794 0
92 54 186843 1
91 68 186906 1
69 56 186927 1
92 59 186961 1
68 56 186984 1
65 51 187045 1
69 61 187074 1
73 69 187074 1
68 60 187078 1
52 48 187104 1
62 92 187190 0
92 54 187265 1
34 91 187326 0
37 93 187356 0
95 38 187426 1
40 109 187509 0
70 64 187514 1
79 56 187537 0
83 23 187599 0
49 73 187599 1
54 49 187727 1
38 96 187737 0
38 97 187800 0
92 54 187879 1
39 101 187985 0
59 91 187997 0
36 87 188041 0
84 23 188184 0
84 38 188214 0
84 40 188265 0
50 91 188268 1
58 88 188393 0
92 55 188404 1
58 66 188405 0
35 83 188416 0
48 84 188439 1
57 86 188490 0
57 47 188540 1
83 39 188614 0
80 80 188678 0
49 50 188695 1
63 49 188732 1
59 69 188761 0
51 97 188764 1
92 54 188772 1
65 53 188779 1
37 91 188818 0
40 59 188830 0
70 62 188847 1
39 106 188900 0
38 94 188969 0
34 79 188977 0
91 64 189114 1
39 100 189162 0
66 52 189279 1
41 107 189461 0
80 57 189601 0
53 48 189757 1
83 32 189777 0
56 85 189844 0
83 79 189873 0
57 66 189884 0
49 89 189931 1
61 91 189940 0
55 47 189944 1
45 112 189995 0
38 62 190011 0
92 56 190029 1
94 19 190030 1
39 104 190034 0
78 53 190044 0
34 75 190149 0
57 64 190188 0
57 83 190239 0
39 107 190242 0
78 57 190282 0
47 110 190293 0
37 90 190315 0
57 67 190376 0
92 54 190529 1
35 87 190605 0
38 107 190666 0
41 108 190698 0
48 81 190746 1
64 92 190773 0
41 105 190893 0
49 74 191200 1
65 52 191241 1
37 97 191253 0
52 100 191357 1
39 62 191382 0
35 71 191404 0
32 75 191456 0
93 48 191511 1
83 31 191621 0
80 53 191887 0
43 111 191899 0
35 77 191904 0
65 92 191970 0
48 76 192147 1
37 93 192181 0
58 66 192184 0
41 59 192254 0
52 105 192305 1
37 91 192318 0
61 49 192335 1
43 112 192423 0
51 96 192431 1
39 101 192472 0
35 85 192475 0
37 68 192499 0
38 92 192544 0
69 63 192553 1
31 78 192572 0
52 99 192650 1
49 75 192719 1
38 95 192727 0
96 31 192745 1
58 47 192965 1
52 97 193005 1
50 93 193005 1
96 21 193048 1
95 19 193063 1
68 58 193077 1
78 64 193095 0
93 49 193179 1
66 92 193392 0
38 96 193422 0
65 93 193487 0
56 65 193492 0
59 72 193556 0
96 35 193562 1
81 49 193562 0
84 35 193577 0
70 66 193641 1
59 47 193695 1
52 101 193715 1
52 47 193783 1
56 47 193827 1
57 64 193924 0
95 44 193925 1
56 48 193936 1
38 98 193965 0
84 33 194013 0
78 55 194167 0
80 55 194223 0
93 46 194235 1
57 48 194407 1
97 26 194448 1
93 47 194551 1
83 24 194756 0
57 85 194767 0
79 60 194871 0
59 48 194998 1
38 101 195003 0
92 54 195063 1
90 17 195195 1
44 108 195375 0
81 51 195465 0
38 97 195561 0
41 107 195577 0
35 78 195587 0
92 68 195856 1
59 91 195879 0
84 22 195891 0
91 65 195894 1
65 54 195948 1
110 74 195960 1
88 78 195983 1
43 109 195991 0
34 81 196025 0
35 76 196238 0
40 104 196611 0
87 68 196616 1
78 62 196729 0
95 34 196757 1
38 95 196761 0
49 83 196768 1
95 35 196776 1
58 65 196777 0
96 22 196965 1
56 82 197050 0
24 80 197091 0
84 23 197212 0
57 89 197237 0
83 32 197244 0
84 40 197274 0
59 70 197357 0
78 65 197409 0
54 87 197411 0
84 33 197489 0
91 62 197566 1
42 109 197573 0
39 105 197645 0
35 87 197656 0
37 91 197742 0
79 58 197985 0
35 100 197992 0
59 90 198033 0
36 93 198115 0
96 28 198208 1
67 56 198348 1
57 66 198360 0
38 104 198405 0
38 99 198473 0
38 93 198544 0
52 104 198777 1
37 93 198778 0
40 61 198786 0
59 88 198793 0
83 26 198832 0
39 61 198890 0
69 89 198995 0
58 64 199091 0
58 91 199284 0
49 90 199375 1
93 52 199413 1
94 17 199450 1
58 66 199465 0
33 84 199505 0
95 20 199505 1
51 93 199552 1
58 65 199554 0
83 27 199786 0
91 16 199806 1
0 0 200010 0
