22 69 0 0
76 32 88 0
32 103 92 0
68 54 175 1
44 108 181 0
42 108 297 0
76 27 340 0
72 56 420 1
75 24 435 0
26 78 504 0
26 87 516 0
65 100 566 0
25 64 572 0
40 106 795 0
70 55 801 1
71 54 868 1
31 94 932 0
48 41 1007 1
76 30 1015 0
99 34 1217 1
75 27 1227 0
55 105 1242 0
37 105 1247 0
28 89 1248 0
26 61 1248 0
29 55 1260 0
74 33 1277 0
49 108 1422 0
43 107 1495 0
71 99 1510 0
26 86 1543 0
75 50 1554 0
80 94 1578 0
100 48 1616 1
75 37 1624 0
62 45 1641 1
24 65 1662 0
33 97 1667 0
35 102 1668 0
31 93 1673 0
75 49 1692 0
64 46 1831 1
75 48 1838 0
25 60 1848 0
27 60 1875 0
29 90 1886 0
66 99 1912 0
44 109 1962 0
27 48 1965 1
27 85 1965 0
28 86 2009 0
98 20 2029 1
85 12 2040 1
67 34 2082 0
24 66 2086 0
75 33 2126 0
99 38 2172 1
75 53 2194 0
47 41 2228 1
99 22 2451 1
24 63 2496 0
28 53 2534 0
59 42 2575 1
65 49 2616 1
24 67 2639 0
99 31 2750 1
78 96 2955 0
46 108 3003 0
100 59 3067 1
75 36 3128 0
76 50 3370 0
30 93 3395 0
26 80 3514 0
39 42 3563 1
41 107 3580 0
27 81 3745 0
59 41 3753 1
48 108 3833 0
70 99 3904 0
100 46 3958 1
60 42 3967 1
40 107 4046 0
40 106 4070 0
51 40 4146 1
76 23 4212 0
76 45 4305 0
76 27 4308 0
100 26 4331 1
36 102 4514 0
27 76 4631 0
27 83 4708 0
76 32 4771 0
26 88 4797 0
74 50 4862 0
29 92 4869 0
100 30 4944 1
83 13 4949 1
27 77 5038 0
30 94 5061 0
75 47 5116 0
26 91 5205 0
66 49 5293 1
25 70 5300 0
27 79 5346 0
32 98 5378 0
76 47 5454 0
29 90 5737 0
28 88 5763 0
31 97 5792 0
58 42 5797 1
37 107 5822 0
57 41 5945 1
65 99 6029 0
31 95 6642 0
96 77 6853 1
54 41 6893 1
27 84 6916 0
41 108 6942 0
46 108 7264 0
27 81 7445 0
65 98 7561 0
67 49 7659 1
36 104 7665 0
55 40 7750 1
100 63 7895 1
76 34 7958 0
38 45 7958 1
65 46 8096 1
89 12 8184 1
99 62 8315 1
58 102 8359 1
63 97 8487 0
36 107 8521 0
72 100 8712 0
59 100 8814 1
59 101 8817 1
76 30 8910 0
40 109 8934 0
70 53 9153 1
67 50 9184 1
83 14 9238 1
24 72 9528 0
34 102 9656 0
26 78 9726 0
36 102 9734 0
25 66 10257 0
27 90 10282 0
84 12 10493 1
67 99 10747 0
76 47 11118 0
69 100 11353 0
30 94 11390 0
39 106 11423 0
87 88 11495 0
55 41 11636 1
76 38 11668 0
65 98 12281 0
100 67 12503 1
97 19 12658 1
40 106 12668 0
109 45 12833 1
45 109 12904 0
99 27 12983 1
85 13 13037 1
98 19 13082 1
100 44 13127 1
93 14 13148 1
100 61 13336 1
100 25 13346 1
100 39 13511 1
93 80 13598 1
109 45 13635 0
100 42 13648 1
40 43 13697 1
45 42 13816 1
95 68 13847 1
28 83 13995 0
104 40 14028 1
109 45 14180 1
32 96 14189 0
109 45 14275 0
100 47 14340 1
84 95 14364 1
91 12 14641 1
98 18 14704 1
39 44 14743 1
36 104 14942 0
90 12 14996 1
109 68 15056 1
59 43 15105 1
61 43 15146 1
95 87 15281 1
53 39 15282 1
97 20 15315 1
100 53 15348 1
67 51 15350 1
81 14 15366 1
43 42 15399 1
99 39 15427 1
53 40 15461 1
7 24 15498 1
69 94 15596 1
33 49 15730 1
97 18 15791 1
27 81 15932 0
99 43 16080 1
29 90 16417 0
76 42 16676 0
90 13 16911 1
63 97 16917 0
29 88 16958 0
76 49 17153 0
35 103 17263 0
50 40 17355 1
104 40 17355 1
39 106 17435 0
61 44 17472 1
76 36 17609 0
25 62 18026 0
25 63 18400 0
100 43 18472 1
27 78 18562 0
74 14 18863 0
39 43 18997 1
34 98 19224 0
30 94 19838 0
37 45 20009 1
28 83 20009 0
109 45 20201 1
32 96 20267 0
100 54 20299 1
109 45 20352 0
37 106 20413 0
67 99 20578 0
47 40 20648 1
69 52 20853 1
45 109 21094 0
99 69 21133 1
25 66 21381 0
29 86 21581 0
24 80 21973 0
34 105 21997 0
25 79 22039 0
27 108 22437 0
66 87 22629 1
87 12 23240 1
34 99 23259 0
100 45 23592 1
98 73 23673 1
100 34 23775 1
65 98 23851 0
76 36 24068 0
76 46 24097 0
99 26 24303 1
100 64 24347 1
100 38 24355 1
95 15 24490 1
94 14 24508 1
99 23 24548 1
91 13 24620 1
89 13 24745 1
88 13 24758 1
88 12 24758 1
100 32 24790 1
100 49 24790 1
99 73 24866 1
97 17 24914 1
28 87 24958 0
100 33 24961 1
94 13 24986 1
77 22 25001 0
72 55 25001 1
99 70 25044 1
62 96 25067 0
68 51 25069 1
100 57 25082 1
100 35 25101 1
100 37 25102 1
63 45 25139 1
100 51 25142 1
76 27 25144 0
64 97 25150 0
76 26 25232 0
101 59 25254 1
93 13 25320 1
97 75 25371 1
99 28 25385 1
96 16 25439 1
65 47 25473 1
96 15 25487 1
30 88 25491 0
62 44 25538 1
99 68 25539 1
100 65 25604 1
86 88 25622 0
76 49 25667 0
74 39 25674 0
36 104 25735 0
68 99 25746 0
97 18 25879 1
76 29 25898 0
100 46 25919 1
35 103 25956 0
72 98 25972 0
25 73 25973 0
100 62 25998 1
76 39 26048 0
76 44 26064 0
33 98 26122 0
100 66 26162 1
100 44 26219 1
28 55 26225 0
99 21 26287 1
63 46 26307 1
95 14 26335 1
100 52 26377 1
73 98 26421 0
100 45 26424 1
39 106 26462 0
86 12 26477 1
89 12 26560 1
70 52 26563 1
71 98 26595 0
96 17 26619 1
99 22 26626 1
98 74 26682 1
99 24 26725 1
100 48 26727 1
77 24 26768 0
84 13 26785 1
54 68 26795 0
54 39 26795 1
75 44 26801 0
100 68 26823 1
72 54 26826 1
36 103 26835 0
98 19 26835 1
69 52 26836 1
76 22 26849 0
45 41 26875 1
66 48 26881 1
100 55 26882 1
35 101 26903 0
100 31 26912 1
49 107 26987 0
30 90 26992 0
77 21 27004 0
59 42 27023 1
29 89 27028 0
45 108 27032 0
75 34 27036 0
100 27 27063 1
77 19 27065 0
58 41 27083 1
77 23 27096 0
100 63 27105 1
28 81 27109 0
92 13 27124 1
76 25 27128 0
41 107 27137 0
46 108 27164 0
50 108 27183 0
98 18 27196 1
90 12 27230 1
32 97 27299 0
98 20 27299 1
64 46 27311 1
63 96 27312 0
77 20 27343 0
25 71 27347 0
100 42 27347 1
100 29 27348 1
29 53 27350 0
33 99 27351 0
31 93 27352 0
81 93 27368 0
30 91 27372 0
88 86 27382 0
93 14 27384 1
61 42 27408 1
69 51 27458 1
27 56 27462 0
99 35 27468 1
71 54 27517 1
99 71 27525 1
68 51 27547 1
100 40 27550 1
76 32 27557 0
100 41 27567 1
52 40 27585 1
26 76 27591 0
29 88 27592 0
25 77 27605 0
52 106 27631 0
73 55 27631 1
47 109 27654 0
100 56 27769 1
26 72 27787 0
13 80 27800 0
42 42 27806 1
57 41 27823 1
44 107 27827 0
95 15 27869 1
31 94 27874 0
77 18 27883 0
26 71 27891 0
33 100 27896 0
27 82 27926 0
76 50 27944 0
33 97 27964 0
70 53 27980 1
63 44 27991 1
37 104 27997 0
31 91 28072 0
76 45 28080 0
70 99 28102 0
50 41 28106 1
62 44 28107 1
56 41 28112 1
75 31 28123 0
24 70 28128 0
36 102 28144 0
25 67 28157 0
76 38 28169 0
55 106 28190 0
76 29 28216 0
52 24 28216 0
61 96 28223 0
65 48 28225 1
100 61 28225 1
76 28 28235 0
27 79 28238 0
76 34 28238 0
52 41 28242 1
68 50 28333 1
43 107 28352 0
100 28 28389 1
76 47 28404 0
63 43 28404 1
86 13 28416 1
23 66 28436 0
62 43 28452 1
100 59 28470 1
65 47 28492 1
34 101 28492 0
48 40 28526 1
60 42 28597 1
76 46 28620 0
87 12 28621 1
34 99 28645 0
42 108 28682 0
76 30 28692 0
44 108 28714 0
88 12 28716 1
29 91 28727 0
78 18 28732 0
54 106 28739 0
25 75 28747 0
52 107 28755 0
65 101 28818 0
76 26 28854 0
32 96 28865 0
64 98 28891 0
100 42 28905 1
49 41 28917 1
58 40 28952 1
29 96 28974 0
27 77 28978 0
100 39 28984 1
61 43 29023 1
95 16 29091 1
26 62 29118 0
76 36 29122 0
40 106 29147 0
91 12 29171 1
60 41 29172 1
77 40 29224 0
28 83 29230 0
38 106 29245 0
59 41 29307 1
24 76 29349 0
46 40 29359 1
29 89 29369 0
69 52 29388 1
94 14 29394 1
27 76 29442 0
44 41 29461 1
35 102 29501 0
67 50 29516 1
100 64 29527 1
27 81 29541 0
67 49 29579 1
76 40 29592 0
33 98 29609 0
58 42 29636 1
100 53 29650 1
77 39 29664 0
27 58 29674 0
65 46 29700 1
96 16 29703 1
50 39 29715 1
38 105 29745 0
100 32 29750 1
99 31 29760 1
83 12 29784 1
55 39 29785 1
93 13 29829 1
76 44 29835 0
56 40 29843 1
78 19 29852 0
28 58 29856 0
66 49 29892 1
28 81 29897 0
91 13 29923 1
27 78 29934 0
31 93 29936 0
97 18 29958 1
100 26 29959 1
100 23 29994 1
100 43 30004 1
26 90 30022 0
100 36 30054 1
35 101 30073 0
59 42 30079 1
53 41 30089 1
99 36 30120 1
63 45 30141 1
71 99 30144 0
26 55 30173 0
25 65 30234 0
100 25 30238 1
79 94 30240 0
77 22 30268 0
85 12 30272 1
53 105 30305 0
28 87 30315 0
101 53 30391 1
28 86 30438 0
29 86 30441 0
41 42 30443 1
64 45 30455 1
99 20 30464 1
89 12 30504 1
76 27 30529 0
76 49 30548 0
31 92 30581 0
41 105 30584 0
61 42 30610 1
24 61 30620 0
97 17 30666 1
30 90 30720 0
33 99 30736 0
26 76 30756 0
30 91 30782 0
63 95 30785 0
100 60 30807 1
25 74 30808 0
49 108 30876 0
66 48 30888 1
51 41 30891 1
27 57 30917 0
40 107 30920 0
79 17 30952 0
67 99 30964 0
24 78 30966 0
100 49 30971 1
81 75 31043 1
40 104 31062 0
35 104 31086 0
27 79 31093 0
46 108 31100 0
25 64 31117 0
66 101 31122 0
26 61 31180 0
99 23 31217 1
34 98 31222 0
54 40 31229 1
49 40 31262 1
25 73 31287 0
64 97 31309 0
68 51 31379 1
100 62 31389 1
71 54 31529 1
26 60 31542 0
75 28 31550 0
37 103 31553 0
25 70 31635 0
57 40 31658 1
64 46 31744 1
70 52 31782 1
46 107 31791 0
75 52 31809 0
100 37 31828 1
26 85 31830 0
33 104 31898 0
48 108 31948 0
55 40 31974 1
100 30 32000 1
71 53 32061 1
58 41 32081 1
97 16 32081 1
97 76 32105 1
101 50 32109 1
77 37 32148 0
43 41 32186 1
25 66 32255 0
45 108 32261 0
27 60 32277 0
81 92 32350 0
46 41 32352 1
100 47 32386 1
66 99 32394 0
26 71 32429 0
51 40 32435 1
63 99 32452 0
25 71 32474 0
25 78 32484 0
73 97 32486 0
28 88 32493 0
29 90 32513 0
33 97 32559 0
76 28 32648 0
47 41 32728 1
34 99 32741 0
34 50 32800 1
32 99 32817 0
74 97 32851 0
72 98 32866 0
24 68 32925 0
31 91 33000 0
83 91 33054 0
48 107 33063 0
33 98 33083 0
63 96 33189 0
29 88 33205 0
23 67 33237 0
100 57 33262 1
65 98 33291 0
55 41 33324 1
54 107 33352 0
77 24 33396 0
28 57 33401 0
71 98 33407 0
96 15 33430 1
42 41 33444 1
100 54 33452 1
100 24 33521 1
30 88 33535 0
32 97 33578 0
36 102 33683 0
48 41 33704 1
24 69 33710 0
45 110 33806 0
50 40 33808 1
31 94 33947 0
77 95 33947 0
45 41 33992 1
99 22 34009 1
35 99 34040 0
40 42 34129 1
45 109 34203 0
31 92 34227 0
76 40 34264 0
62 42 34272 1
31 95 34295 0
66 98 34312 0
28 84 34332 0
47 107 34419 0
44 107 34438 0
82 13 34457 1
100 46 34498 1
74 98 34517 0
27 77 34532 0
32 96 34541 0
69 51 34577 1
99 69 34606 1
26 78 34735 0
63 97 34770 0
99 32 34805 1
28 83 34827 0
77 43 34899 0
98 19 34909 1
100 44 34909 1
76 46 34959 0
26 72 35011 0
70 54 35084 1
28 87 35132 0
80 95 35177 0
72 55 35219 1
30 97 35284 0
99 27 35327 1
88 12 35357 1
37 103 35442 0
100 63 35450 1
77 23 35544 0
70 53 35544 1
94 13 35677 1
68 99 35687 0
28 89 35732 0
43 107 35803 0
21 81 35939 0
74 14 35992 1
61 43 36079 1
95 15 36104 1
109 45 36107 1
100 38 36159 1
109 45 36184 0
50 107 36292 0
101 45 36347 1
59 40 36442 1
36 45 36469 1
100 21 36491 1
60 42 36552 1
76 32 36616 0
63 44 36703 1
99 21 36832 1
62 44 36850 1
66 47 36908 1
34 100 36960 0
27 83 36970 0
100 65 36972 1
70 51 36988 1
85 13 37032 1
101 49 37038 1
95 14 37176 1
32 92 37181 0
38 105 37184 0
99 72 37277 1
101 48 37278 1
100 34 37356 1
99 19 37361 1
101 54 37446 1
101 58 37540 1
66 98 37542 0
101 51 37545 1
63 46 37614 1
28 55 37635 0
25 74 37637 0
92 13 37648 1
100 35 37650 1
100 45 37653 1
101 46 37682 1
98 18 37713 1
99 26 37730 1
86 12 37730 1
83 13 37743 1
90 12 37983 1
101 55 38034 1
60 41 38059 1
92 12 38065 1
100 41 38129 1
57 41 38166 1
35 46 38358 1
25 73 38375 0
71 52 38403 1
62 43 38472 1
35 103 38588 0
101 52 38620 1
26 74 38621 0
87 12 38625 1
65 47 38655 1
34 47 38684 1
100 67 38684 1
67 49 38709 1
33 98 38816 0
101 44 38843 1
43 109 38849 0
100 33 38881 1
76 42 38889 0
33 95 38925 0
73 99 38926 0
89 87 38930 0
100 42 38960 1
100 39 38965 1
77 21 38967 0
100 66 38990 1
89 12 39014 1
93 13 39037 1
77 40 39103 0
77 44 39115 0
98 17 39150 1
84 12 39193 1
77 39 39239 0
100 27 39244 1
100 52 39244 1
28 84 39299 0
76 50 39329 0
69 52 39406 1
51 39 39409 1
67 48 39410 1
41 107 39462 0
63 95 39471 0
68 50 39472 1
76 96 39482 0
101 60 39581 1
89 86 39581 0
67 97 39611 0
80 93 39617 0
28 59 39630 0
72 54 39653 1
49 107 39693 0
100 31 39693 1
76 28 39698 0
76 36 39716 0
100 64 39730 1
96 16 39740 1
99 68 39755 1
64 45 39757 1
100 68 39771 1
100 40 39787 1
87 87 39829 0
77 37 39837 0
35 47 39848 1
65 46 39877 1
75 51 39898 0
93 12 39968 1
91 12 40020 1
97 17 40110 1
59 41 40122 1
100 22 40160 1
37 103 40294 0
100 70 40297 1
94 14 40323 1
44 41 40329 1
27 76 40329 0
99 70 40355 1
69 50 40371 1
76 29 40419 0
100 37 40463 1
63 45 40524 1
76 47 40563 0
41 105 40621 0
25 63 40638 0
28 81 40700 0
66 48 40718 1
25 67 40787 0
74 25 40790 0
67 50 40793 1
100 43 40794 1
31 92 40804 0
27 78 40809 0
53 107 40820 0
70 52 40838 1
100 69 40848 1
61 42 40848 1
68 49 40897 1
69 51 40934 1
64 46 40962 1
66 98 40965 0
47 108 41005 0
71 54 41016 1
101 25 41061 1
40 104 41072 0
29 56 41080 0
99 28 41125 1
100 28 41180 1
97 16 41235 1
64 44 41244 1
100 29 41276 1
73 50 41313 0
34 98 41324 0
76 40 41328 0
98 74 41350 1
99 20 41426 1
65 45 41431 1
63 43 41471 1
34 100 41475 0
76 30 41479 0
100 71 41483 1
76 39 41519 0
29 86 41532 0
42 42 41614 1
28 77 41642 0
31 93 41653 0
74 99 41675 0
98 18 41694 1
19 40 41695 0
40 108 41697 0
76 34 41714 0
34 99 41718 0
38 108 41753 0
29 81 41795 0
77 22 41821 0
49 39 41828 1
98 75 41927 1
33 97 41988 0
89 90 42026 0
50 13 42026 1
50 56 42027 1
49 41 42028 1
29 89 42047 0
31 91 42071 0
35 101 42084 0
100 48 42091 1
100 26 42094 1
47 40 42129 1
77 20 42133 0
52 106 42182 0
76 23 42186 0
46 107 42209 0
90 12 42212 1
99 22 42279 1
58 40 42302 1
46 108 42307 0
60 99 42343 1
43 106 42354 0
77 45 42361 0
25 76 42380 0
27 55 42383 0
76 49 42418 0
57 39 42421 1
40 103 42422 0
52 40 42467 1
96 15 42472 1
71 53 42477 1
96 14 42483 1
100 25 42497 1
88 12 42534 1
73 98 42554 0
58 41 42572 1
100 32 42591 1
101 59 42594 1
101 42 42638 1
34 101 42655 0
100 44 42697 1
29 55 42699 0
24 67 42705 0
92 13 42715 1
56 40 42736 1
47 39 42757 1
67 47 42828 1
95 14 42838 1
99 21 42858 1
75 32 42906 0
52 39 42947 1
50 108 42965 0
56 39 42982 1
26 74 42984 0
72 98 43043 0
76 45 43081 0
52 41 43147 1
95 15 43158 1
24 71 43191 0
77 41 43198 0
100 23 43199 1
38 102 43220 0
28 57 43316 0
28 86 43316 0
39 109 43356 0
46 109 43371 0
63 44 43375 1
30 93 43424 0
27 79 43446 0
77 39 43451 0
67 98 43462 0
30 99 43493 0
29 53 43531 0
68 51 43613 1
77 43 43636 0
78 17 43671 0
101 53 43686 1
77 24 43688 0
101 27 43692 1
99 71 43695 1
100 30 43698 1
65 47 43705 1
76 21 43778 0
30 88 43798 0
27 77 43823 0
28 58 43870 0
50 39 43900 1
71 98 43915 0
101 48 43958 1
40 106 43967 0
36 103 43971 0
60 41 44028 1
94 13 44054 1
104 40 44064 1
54 40 44068 1
28 84 44097 0
26 71 44124 0
28 87 44129 0
30 87 44129 0
77 40 44211 0
48 39 44241 1
100 35 44242 1
58 39 44276 1
62 42 44299 1
89 12 44373 1
49 40 44398 1
44 107 44416 0
48 40 44425 1
47 107 44520 0
89 11 44530 1
85 12 44573 1
77 23 44584 0
74 55 44610 1
27 72 44651 0
63 95 44654 0
33 94 44671 0
27 76 44682 0
70 51 44695 1
36 100 44741 0
57 41 44843 1
55 39 44906 1
40 104 44909 0
51 40 44933 1
36 102 44960 0
35 99 45006 0
101 51 45096 1
32 92 45096 0
29 88 45112 0
60 100 45137 1
101 50 45150 1
55 40 45154 1
91 13 45233 1
100 62 45241 1
66 98 45290 0
88 11 45297 1
73 55 45300 1
65 97 45333 0
93 14 45356 1
37 103 45375 0
43 108 45399 0
77 31 45489 0
101 46 45513 1
84 13 45529 1
97 15 45596 1
46 40 45634 1
41 105 45657 0
100 63 45679 1
100 46 45698 1
99 23 45744 1
100 36 45748 1
100 34 45758 1
30 91 45816 0
100 51 45862 1
59 42 45864 1
75 42 45915 0
64 45 45965 1
54 39 45998 1
50 40 46029 1
33 95 46045 0
47 108 46157 0
60 42 46215 1
75 40 46276 0
68 50 46358 1
65 46 46375 1
100 39 46400 1
101 57 46411 1
28 79 46429 0
100 38 46445 1
31 92 46460 0
67 49 46495 1
85 11 46649 1
27 58 46919 0
26 74 47014 0
77 41 47065 0
34 100 47166 0
28 83 47193 0
39 105 47314 0
67 98 47322 0
25 72 47361 0
76 25 47435 0
33 98 47438 0
100 65 47560 1
43 107 47566 0
37 102 47582 0
26 72 47632 0
100 41 47637 1
50 41 47649 1
76 24 47670 0
99 65 47674 1
45 107 47676 0
72 99 47727 0
28 81 47817 0
28 54 47880 0
26 59 47915 0
77 42 47918 0
51 107 47921 0
77 44 47931 0
43 42 48024 1
33 101 48072 0
26 62 48102 0
48 107 48141 0
27 57 48154 0
26 81 48176 0
62 43 48261 1
53 39 48322 1
31 91 48324 0
88 87 48341 0
77 37 48415 0
99 69 48459 1
76 38 48476 0
35 45 48484 1
50 107 48660 0
64 96 48693 0
25 61 48718 0
49 109 48782 0
27 56 48797 0
101 49 48892 1
44 108 48900 0
65 97 48929 0
25 73 48980 0
68 98 49147 0
25 65 49157 0
24 66 49223 0
34 98 49229 0
76 46 49231 0
74 31 49233 0
25 74 49239 0
75 30 49318 0
45 40 49329 1
30 92 49412 0
29 90 49473 0
25 66 49507 0
25 69 49539 0
67 97 49591 0
41 106 49602 0
28 79 49632 0
25 70 49637 0
92 12 49804 1
100 42 49822 1
34 99 49942 0
25 64 49961 0
26 58 50067 0
35 106 50119 0
101 62 50121 1
64 43 50132 1
76 27 50205 0
87 12 50297 1
101 56 50333 1
67 48 50533 1
70 99 50564 0
27 75 50566 0
87 11 50615 1
72 53 50619 1
100 45 50642 1
61 41 50692 1
71 52 50771 1
57 40 50848 1
61 43 50917 1
27 81 50920 0
76 52 50993 0
30 86 51008 0
98 16 51025 1
41 109 51090 0
78 18 51096 0
27 59 51315 0
93 13 51338 1
28 77 51349 0
45 107 51386 0
43 108 51572 0
72 54 51597 1
88 86 51602 0
37 102 51651 0
101 47 51773 1
64 96 51788 0
70 52 51803 1
59 41 51911 1
25 85 52193 0
77 42 52226 0
25 58 52339 0
67 98 52478 0
91 12 52592 1
68 98 52599 0
35 102 52683 0
27 78 52722 0
53 40 52836 1
74 26 52892 0
65 97 52982 0
39 105 53178 0
47 108 53210 0
66 47 53338 1
41 106 53461 0
45 41 53518 1
29 86 53528 0
100 49 53544 1
101 26 53613 1
98 17 53623 1
66 46 53674 1
101 52 53825 1
66 48 53914 1
65 7 54071 1
53 41 54082 1
97 18 54147 1
43 41 54191 1
86 11 54246 1
26 74 54298 0
99 19 54477 1
27 75 54496 0
100 27 54539 1
61 42 54570 1
76 24 54651 0
101 36 54792 1
25 72 54897 0
73 31 55001 0
67 51 55004 1
25 88 55034 0
77 21 55042 0
25 75 55062 0
75 32 55183 0
64 96 55313 0
27 60 55365 0
76 28 55365 0
49 107 55428 0
45 108 55493 0
25 69 55524 0
28 79 55557 0
66 96 55586 0
68 49 55627 1
69 51 55721 1
26 77 55902 1
26 76 55935 0
62 95 56005 0
101 61 56118 1
29 81 56164 0
32 96 56200 0
78 95 56290 0
76 32 56351 0
100 64 56413 1
30 92 56463 0
32 92 56577 0
68 98 56710 0
45 107 56812 0
28 84 56983 0
25 67 57009 0
100 67 57009 1
100 24 57087 1
101 24 57161 1
25 62 57288 0
98 18 57301 1
26 73 57357 0
28 56 57488 0
42 41 57591 1
38 102 57775 0
100 21 57947 1
57 43 57983 1
30 87 58115 0
94 12 58295 1
100 33 58334 1
43 108 58343 0
39 104 58395 0
76 52 58502 0
28 80 58825 0
41 106 58831 0
26 63 58845 0
96 15 58852 1
97 16 59102 1
51 107 59109 0
71 53 59153 1
76 35 59291 0
97 75 59477 1
77 41 59595 0
72 99 59623 0
39 106 59670 0
25 71 59777 0
76 41 59779 0
44 41 60001 1
76 29 60133 0
43 106 60253 0
39 105 60367 0
27 75 60444 0
101 54 60620 1
37 102 60718 0
29 85 60760 0
30 101 61098 0
60 98 61104 1
76 40 61203 0
75 42 61361 0
66 98 61504 0
71 54 61619 1
26 67 61619 0
33 97 61694 0
32 104 61844 0
28 92 61896 0
93 12 61913 1
27 82 61989 0
56 104 62027 0
75 96 62119 0
90 85 62144 0
79 94 62233 0
39 104 62367 0
38 104 62408 0
38 105 62486 0
28 80 62514 0
73 97 62537 0
48 108 62562 0
27 59 62618 0
26 73 62621 0
46 107 62686 0
30 94 62714 0
39 103 62822 0
26 61 62826 0
19 92 62860 0
77 49 62912 0
30 90 63151 0
64 44 63602 1
101 55 63614 1
69 98 63745 0
24 64 63803 0
25 34 63905 0
99 20 64042 1
31 104 64061 0
100 66 64085 1
27 73 64104 0
23 68 64106 0
100 31 64168 1
11 32 64176 0
100 53 64190 1
75 35 64194 0
64 96 64200 0
101 45 64255 1
100 22 64320 1
100 37 64371 1
100 40 64384 1
84 90 64450 0
101 43 64508 1
95 14 64554 1
49 108 64684 0
71 97 64744 0
69 97 64774 0
76 26 64796 0
88 12 64804 1
101 58 64807 1
101 44 64843 1
78 19 64849 0
77 45 64889 0
24 70 64940 0
90 12 64947 1
99 18 64999 1
100 21 64999 1
100 29 64999 1
100 32 65022 1
101 59 65064 1
30 92 65089 0
28 55 65127 0
101 60 65158 1
75 43 65159 0
77 39 65179 0
75 97 65206 0
96 14 65212 1
101 51 65216 1
100 28 65226 1
80 94 65247 0
77 40 65260 0
101 48 65270 1
77 31 65343 0
77 42 65397 0
60 41 65476 1
101 38 65483 1
77 22 65496 0
101 53 65541 1
100 25 65560 1
101 41 65570 1
58 40 65571 1
94 13 65589 1
77 37 65600 0
78 11 65653 0
100 26 65684 1
76 24 65700 0
100 35 65723 1
95 13 65742 1
63 44 65763 1
101 52 65788 1
29 85 65796 0
68 98 65819 0
40 103 65831 0
73 54 65871 1
100 68 65873 1
100 23 65902 1
63 43 65926 1
69 50 65947 1
55 104 65988 0
21 75 66000 0
100 30 66004 1
36 100 66035 0
97 16 66072 1
87 86 66151 0
77 43 66172 0
40 104 66204 0
30 88 66219 0
37 104 66224 0
99 73 66239 1
70 100 66241 0
77 29 66253 0
75 41 66261 0
89 12 66278 1
76 35 66283 0
59 40 66299 1
99 70 66302 1
65 46 66319 1
101 46 66342 1
92 11 66369 1
53 38 66396 1
76 50 66436 0
93 13 66444 1
97 23 66465 1
97 15 66465 1
71 98 66465 0
57 104 66490 0
52 107 66515 0
67 97 66555 0
33 100 66570 0
77 24 66587 0
101 50 66588 1
77 44 66612 0
90 11 66630 1
85 89 66641 0
58 41 66661 1
32 91 66685 0
65 97 66699 0
61 98 66727 1
77 23 66744 0
101 49 66757 1
76 33 66773 0
79 16 66781 0
25 69 66784 0
41 105 66804 0
63 95 66821 0
72 98 66829 0
101 65 66868 1
99 19 66871 1
62 42 66895 1
67 47 66896 1
41 41 66903 1
97 76 66931 1
70 51 66957 1
27 54 66976 0
47 107 66988 0
42 106 66994 0
67 48 67015 1
28 59 67022 0
33 95 67031 0
39 103 67069 0
67 98 67092 0
33 93 67102 0
35 99 67114 0
91 11 67115 1
91 12 67115 1
101 28 67151 1
68 49 67155 1
74 97 67160 0
70 98 67168 0
28 91 67192 0
68 50 67217 1
64 45 67226 1
36 106 67238 0
64 42 67250 1
61 42 67273 1
27 72 67299 0
100 34 67321 1
69 49 67353 1
77 50 67362 0
33 94 67390 0
96 14 67401 1
69 50 67408 1
101 37 67412 1
101 34 67414 1
51 38 67428 1
69 51 67447 1
71 52 67454 1
99 72 67487 1
56 40 67489 1
65 45 67490 1
101 39 67500 1
95 14 67500 1
84 12 67530 1
100 21 67542 1
101 57 67555 1
28 80 67588 0
44 107 67589 0
27 76 67599 0
101 56 67610 1
69 98 67620 0
66 96 67641 0
26 71 67676 0
39 104 67690 0
47 40 67715 1
34 100 67764 0
72 53 67797 1
62 41 67807 1
54 40 67831 1
98 17 67851 1
100 69 67990 1
100 37 68008 1
85 12 68018 1
89 11 68042 1
59 41 68052 1
101 40 68057 1
25 72 68070 0
92 13 68076 1
101 59 68079 1
31 92 68099 0
101 51 68138 1
41 42 68150 1
59 100 68152 1
101 32 68153 1
101 63 68154 1
28 57 68166 0
28 56 68184 0
97 77 68185 1
68 48 68194 1
57 39 68211 1
32 92 68216 0
31 91 68222 0
76 41 68234 0
101 54 68266 1
99 17 68302 1
34 98 68308 0
35 101 68323 0
99 20 68327 1
55 39 68352 1
48 107 68387 0
27 77 68394 0
53 105 68429 0
100 39 68457 1
55 40 68457 1
53 106 68478 0
51 39 68498 1
101 48 68514 1
60 41 68548 1
26 67 68601 0
101 45 68620 1
55 105 68621 0
101 55 68624 1
40 104 68641 0
65 96 68654 0
28 79 68661 0
38 104 68665 0
27 73 68676 0
51 40 68683 1
79 17 68702 0
30 52 68780 0
50 40 68796 1
49 40 68802 1
77 45 68804 0
29 86 68807 0
101 61 68808 1
100 70 68811 1
45 107 68840 0
26 73 68843 0
76 36 68848 0
52 39 68855 1
29 81 68856 0
101 62 68893 1
63 43 68929 1
100 31 68946 1
66 46 68961 1
94 13 69010 1
99 18 69010 1
28 77 69023 0
101 42 69024 1
40 103 69038 0
80 93 69055 0
26 64 69065 0
64 43 69089 1
65 46 69092 1
50 39 69105 1
69 97 69112 0
29 54 69129 0
29 89 69140 0
43 106 69155 0
30 86 69194 0
77 41 69195 0
88 11 69219 1
98 15 69239 1
38 101 69256 0
98 18 69273 1
50 107 69358 0
43 107 69364 0
49 39 69402 1
101 58 69427 1
47 108 69429 0
98 74 69433 1
100 19 69460 1
102 52 69479 1
28 58 69514 0
63 96 69526 0
77 42 69547 0
60 40 69548 1
37 100 69592 0
50 38 69593 1
67 46 69617 1
29 56 69647 0
58 39 69663 1
71 51 69703 1
26 60 69725 0
49 107 69739 0
101 47 69746 1
72 52 69793 1
27 69 69794 0
98 16 69806 1
97 16 69814 1
101 44 69815 1
52 106 69894 0
25 63 69905 0
87 12 69927 1
73 53 69947 1
41 106 69952 0
42 106 69989 0
86 11 70035 1
77 29 70051 0
26 74 70081 0
36 99 70105 0
26 63 70109 0
101 42 70113 1
101 30 70113 1
61 41 70120 1
38 102 70169 0
68 49 70172 1
101 27 70181 1
54 39 70181 1
56 39 70182 1
73 54 70199 1
67 96 70206 0
105 5 70209 1
29 88 70217 0
70 51 70241 1
17 77 70345 0
58 40 70348 1
101 64 70350 1
101 29 70365 1
101 52 70377 1
101 60 70382 1
61 40 70390 1
92 12 70410 1
30 87 70418 0
100 67 70419 1
29 85 70434 0
77 49 70435 0
100 33 70444 1
99 71 70455 1
54 106 70508 0
43 108 70511 0
27 75 70515 0
39 103 70534 0
41 105 70544 0
101 25 70693 1
67 97 70705 0
101 66 70721 1
90 12 70721 1
77 37 70766 0
96 13 70780 1
77 39 70844 0
37 102 70846 0
77 40 70897 0
101 53 70908 1
32 92 70923 0
46 107 70933 0
29 94 70937 0
35 99 70937 0
100 35 70955 1
29 52 70978 0
26 72 71012 0
76 34 71013 0
70 98 71042 0
34 99 71043 0
76 95 71048 0
33 95 71056 0
26 79 71091 0
77 31 71104 0
67 47 71112 1
87 11 71224 1
100 66 71227 1
97 15 71241 1
27 72 71243 0
29 53 71248 0
83 12 71291 1
69 50 71296 1
65 96 71346 0
75 40 71379 0
30 88 71380 0
100 26 71436 1
93 12 71461 1
45 41 71528 1
100 27 71577 1
71 52 71601 1
33 98 71604 0
45 40 71611 1
46 40 71641 1
36 100 71660 0
52 38 71717 1
85 11 71733 1
98 76 71757 1
47 107 71769 0
66 45 71830 1
99 64 71856 1
100 29 71877 1
62 43 71885 1
63 42 71891 1
101 41 71893 1
100 28 71930 1
66 96 71935 0
32 91 71943 0
48 39 71948 1
82 14 71962 1
29 55 71985 0
31 93 72012 0
31 91 72070 0
48 40 72086 1
72 53 72109 1
38 44 72130 1
33 97 72145 0
61 42 72161 1
36 102 72176 0
33 94 72180 0
39 44 72213 1
78 41 72215 0
50 106 72229 0
100 68 72278 1
96 14 72298 1
64 96 72320 0
76 33 72391 0
42 106 72405 0
77 43 72438 0
63 44 72439 1
62 41 72502 1
90 11 72545 1
65 45 72554 1
37 103 72564 0
27 60 72597 0
101 38 72638 1
30 55 72682 0
69 98 72832 0
76 49 72836 0
25 65 72845 0
28 80 72880 0
77 28 72901 0
52 40 72949 1
100 65 72955 1
43 40 72957 1
59 40 72969 1
33 99 72989 0
68 98 73006 0
30 53 73014 0
27 73 73052 0
27 79 73068 0
99 19 73088 1
33 93 73157 0
101 36 73169 1
76 47 73220 0
43 41 73223 1
100 25 73254 1
76 20 73262 0
26 65 73301 0
28 81 73305 0
27 76 73376 0
25 67 73410 0
29 81 73426 0
25 66 73437 0
94 12 73462 1
77 21 73472 0
42 42 73473 1
77 44 73493 0
29 51 73508 0
109 45 73534 1
40 103 73647 0
78 39 73670 0
60 41 73785 1
77 47 73800 0
109 45 73851 0
95 13 73904 1
64 95 73905 0
51 107 73912 0
33 96 73949 0
38 101 73998 0
101 43 74011 1
70 50 74011 1
53 39 74030 1
35 100 74104 0
100 20 74127 1
71 97 74132 0
29 77 74141 0
77 24 74158 0
24 65 74174 0
46 106 74184 0
77 23 74195 0
23 61 74217 0
31 94 74223 0
82 92 74246 0
101 50 74254 1
36 101 74332 0
65 96 74355 0
100 23 74430 1
30 86 74431 0
29 83 74502 0
26 70 74662 0
26 67 74812 0
28 79 74860 0
30 90 74932 0
83 90 74962 0
101 49 74974 1
64 45 75054 1
78 22 75114 0
74 55 75115 1
101 48 75116 1
51 108 75131 0
40 104 75133 0
42 106 75133 0
26 62 75143 0
101 46 75146 1
26 64 75173 0
28 77 75247 0
76 51 75355 0
27 58 75501 0
101 57 75507 1
59 39 75616 1
100 30 75810 1
77 28 76031 0
32 98 76178 0
70 98 76245 0
39 103 76277 0
65 44 76277 1
66 46 76335 1
39 104 76379 0
76 30 76437 0
34 98 76477 0
98 75 76515 1
64 44 76679 1
26 71 76934 0
68 100 77002 0
75 96 77007 0
74 98 77050 0
64 95 77060 0
101 56 77067 1
77 38 77094 0
78 94 77099 0
26 68 77258 0
29 85 77392 0
81 92 77413 0
35 100 77462 0
65 95 77530 0
26 73 77586 0
91 12 77586 1
33 96 77618 0
39 43 77689 1
65 46 77697 1
29 83 77709 0
99 21 77758 1
77 47 77900 0
101 33 78093 1
100 21 78151 1
93 13 78165 1
45 107 78265 0
26 65 78284 0
69 51 78448 1
27 62 78463 0
36 101 78495 0
47 39 78523 1
59 41 78636 1
77 97 78663 0
77 46 78693 0
100 64 78758 1
36 99 78886 0
76 33 79021 0
42 106 79038 0
73 97 79209 0
55 38 79218 1
25 64 79226 0
82 91 79284 0
65 96 79311 0
54 40 79314 1
95 14 79371 1
76 35 79411 0
35 46 79423 1
89 11 79455 1
26 70 79468 0
91 11 79500 1
100 44 79576 1
77 28 79599 0
32 100 79607 0
104 40 79879 1
43 106 79906 0
97 14 80026 1
51 40 80041 1
50 40 80051 1
77 38 80348 0
67 96 80500 0
64 95 80531 0
49 40 80546 1
69 49 80680 1
63 43 80793 1
77 29 80835 0
38 104 80840 0
44 107 80900 0
77 22 80930 0
70 51 80931 1
25 69 80971 0
66 97 81030 0
44 41 81187 1
32 92 81227 0
77 50 81246 0
76 51 81354 0
101 54 81377 1
27 61 81391 0
65 95 81394 0
54 38 81484 1
38 45 81581 1
29 83 81591 0
65 47 81596 1
68 48 81596 1
69 97 81769 0
99 22 81799 1
26 68 81842 0
29 54 81914 0
67 48 82157 1
58 40 82157 1
78 34 82208 0
78 19 82229 0
68 49 82243 1
42 41 82286 1
77 45 82331 0
52 39 82372 1
62 42 82373 1
51 39 82380 1
33 92 82395 0
98 16 82405 1
64 43 82408 1
33 95 82592 0
95 12 82653 1
37 100 82698 0
35 100 82731 0
79 93 82736 0
77 46 82818 0
27 74 82836 0
50 39 82881 1
48 107 82946 0
61 41 83001 1
76 27 83060 0
100 34 83064 1
60 40 83075 1
32 94 83142 0
77 34 83191 0
27 69 83216 0
99 73 83314 1
67 45 83341 1
47 40 83341 1
102 60 83399 1
101 105 83433 1
47 38 83491 1
57 39 83493 1
56 40 83576 1
33 96 83604 0
78 39 83631 0
42 106 83739 0
57 41 83753 1
30 87 83771 0
71 52 83774 1
99 20 84200 1
32 91 84210 0
28 59 84322 0
36 101 84330 0
76 41 84493 0
78 18 84523 0
104 40 84591 1
29 76 84868 0
88 11 84891 1
96 78 84901 1
78 44 84924 0
28 76 85090 0
66 97 85148 0
101 26 85315 1
71 98 85472 0
102 42 85488 1
99 18 85503 1
28 78 85607 0
77 38 85608 0
89 12 85625 1
101 24 85644 1
40 42 85777 1
48 106 85845 0
101 63 85936 1
38 102 85954 0
101 35 85956 1
110 28 85958 1
33 94 86034 0
26 65 86061 0
36 100 86141 0
67 47 86184 1
101 65 86230 1
77 28 86281 0
28 56 86700 0
13 78 86957 0
77 42 87051 0
31 88 87201 0
23 98 87222 0
29 82 87245 0
29 86 87253 0
96 16 87274 1
77 47 87332 0
76 45 87348 0
76 44 87446 0
30 82 87463 0
28 83 87480 0
27 85 87494 0
26 70 87497 0
64 95 87573 0
81 93 87599 0
27 75 87679 0
101 58 87754 1
32 94 87862 0
102 48 87900 1
77 49 87917 0
77 34 87963 0
99 72 87964 1
25 70 88064 0
81 91 88177 0
68 97 88328 0
104 40 88344 1
64 94 88484 0
29 81 88633 0
44 106 88745 0
66 96 88776 0
65 45 88777 1
26 68 88951 0
27 84 88979 0
75 98 89057 0
27 74 89205 0
70 49 89237 1
27 72 89370 0
28 78 89589 0
27 73 89895 0
28 76 89919 0
57 38 90341 1
27 61 90347 0
76 51 90389 0
77 25 90443 0
34 94 90450 0
66 97 90752 0
29 84 90779 0
101 53 90846 1
49 39 90913 1
84 11 90927 1
97 16 90983 1
59 40 91152 1
30 91 91600 0
100 18 91812 1
26 77 91975 0
109 45 92068 1
101 51 92098 1
102 58 92219 1
49 38 92322 1
76 29 92457 0
67 97 92583 0
109 45 92614 0
101 55 92690 1
29 82 92721 0
101 40 92899 1
94 13 92940 1
77 36 93027 0
76 52 93295 0
114 41 93459 1
56 39 93506 1
47 107 93579 0
78 24 93642 0
68 97 93684 0
55 40 93732 1
35 100 93806 0
78 22 93918 0
73 54 93949 1
77 41 94000 0
29 83 94058 0
29 87 94141 0
28 57 94176 0
46 108 94282 0
32 94 94437 0
100 72 94514 1
28 78 94639 0
93 12 94923 1
44 106 94994 0
31 87 95142 0
100 31 95300 1
26 64 95324 0
31 50 95386 0
26 79 95406 0
29 84 95425 0
23 64 95479 0
89 85 95520 0
77 25 95565 0
101 47 95581 1
101 45 95617 1
33 93 95645 0
77 46 95670 0
69 98 95727 0
30 88 95761 0
65 95 95834 0
48 69 95942 1
77 37 95956 0
41 107 95977 0
31 96 95991 0
30 92 96019 0
27 67 96025 0
77 31 96041 0
40 103 96133 0
26 83 96135 0
70 98 96152 0
73 98 96168 0
73 30 96343 0
27 77 96369 0
98 17 96385 1
38 101 96427 0
78 41 96442 0
40 105 96540 0
101 61 96826 1
78 42 96882 0
85 90 96987 0
41 105 97085 0
27 59 97199 0
28 87 97540 0
28 96 97623 0
34 102 97652 0
25 71 97653 0
101 59 97785 1
101 39 97954 1
28 74 98080 0
30 51 98241 0
31 89 98329 0
77 36 98529 0
22 67 98555 0
77 39 98589 0
101 42 99092 1
78 40 99287 0
87 11 99880 1
54 39 100002 1
53 106 100067 0
29 94 100145 0
72 52 100158 1
27 63 100274 0
97 15 100590 1
25 73 100830 0
29 78 100975 0
104 40 101184 1
29 84 101365 0
71 51 101384 1
101 31 101429 1
29 87 101595 0
100 69 101727 1
101 62 101820 1
101 34 102136 1
101 67 102486 1
101 60 102502 1
101 44 102886 1
63 42 103226 1
101 23 103405 1
96 14 103418 1
45 106 103623 0
77 34 103762 0
92 11 103769 1
101 37 103807 1
94 12 103883 1
93 11 103912 1
99 70 103967 1
36 45 104108 1
77 25 104331 0
101 52 104339 1
72 53 104388 1
38 103 104462 0
32 101 104579 0
100 71 104707 1
101 28 104737 1
99 17 104783 1
99 16 104833 1
101 46 104866 1
99 15 104928 1
98 15 104931 1
102 44 104950 1
99 19 104954 1
55 39 104955 1
26 77 104955 0
90 11 104995 1
35 98 105019 0
102 56 105020 1
100 19 105031 1
69 50 105048 1
101 22 105126 1
102 50 105161 1
100 21 105169 1
86 11 105253 1
101 59 105271 1
96 13 105279 1
101 48 105393 1
101 36 105445 1
83 13 105455 1
95 13 105478 1
101 30 105620 1
99 18 105713 1
96 77 105784 1
38 43 105867 1
101 66 105906 1
77 38 105980 0
97 14 105993 1
68 47 106004 1
101 25 106006 1
101 64 106022 1
70 50 106027 1
101 32 106047 1
101 43 106056 1
101 41 106061 1
67 46 106135 1
101 70 106145 1
101 57 106145 1
68 96 106172 0
85 12 106172 1
62 41 106192 1
64 42 106228 1
67 96 106232 0
100 68 106242 1
101 19 106372 1
102 46 106410 1
78 40 106413 0
78 39 106468 0
32 93 106469 0
102 49 106535 1
66 46 106535 1
39 42 106544 1
66 45 106565 1
84 12 106699 1
101 61 106712 1
73 53 106729 1
85 114 106735 1
49 107 106752 0
61 40 106765 1
31 89 106775 0
40 105 106785 0
97 15 106786 1
89 11 106796 1
101 44 106812 1
71 97 106834 0
69 50 106839 1
58 39 106858 1
72 98 106864 0
69 49 106893 1
100 67 106962 1
60 41 106970 1
46 107 106972 0
91 11 106981 1
100 29 106984 1
100 40 107015 1
81 13 107018 1
61 97 107033 1
101 45 107046 1
97 13 107121 1
77 44 107141 0
65 43 107144 1
78 32 107152 0
101 29 107157 1
92 11 107163 1
102 54 107205 1
101 27 107263 1
101 21 107312 1
68 48 107312 1
74 97 107315 0
74 53 107339 1
77 95 107344 0
67 47 107364 1
24 80 107374 0
26 61 107380 0
64 43 107401 1
52 106 107409 0
101 38 107411 1
69 97 107412 0
46 106 107442 0
72 51 107456 1
88 86 107457 0
101 56 107534 1
100 17 107534 1
63 43 107534 1
102 52 107536 1
35 99 107555 0
80 92 107567 0
46 39 107577 1
102 51 107579 1
96 14 107587 1
99 71 107596 1
60 39 107614 1
77 36 107618 0
30 86 107656 0
90 85 107690 0
78 94 107742 0
61 96 107747 1
42 106 107749 0
32 92 107759 0
100 20 107774 1
66 97 107806 0
30 85 107826 0
100 37 107832 1
50 107 107844 0
66 44 107918 1
95 12 107922 1
28 58 107960 0
37 45 107960 1
96 12 107967 1
77 40 108059 0
69 99 108063 0
37 100 108087 0
68 49 108116 1
50 106 108117 0
43 106 108118 0
37 99 108122 0
36 99 108125 0
55 104 108139 0
29 77 108142 0
26 63 108157 0
77 24 108172 0
51 38 108184 1
68 97 108194 0
102 53 108194 1
101 49 108256 1
102 40 108268 1
66 96 108272 0
98 15 108277 1
26 65 108279 0
68 46 108303 1
65 44 108339 1
77 43 108339 0
41 41 108372 1
78 34 108393 0
37 101 108398 0
77 29 108422 0
96 13 108439 1
32 91 108510 0
29 81 108513 0
29 79 108522 0
27 62 108553 0
101 39 108578 1
57 39 108586 1
26 72 108639 0
27 78 108649 0
77 28 108654 0
35 48 108667 1
73 97 108681 0
101 51 108685 1
33 94 108692 0
29 78 108699 0
53 105 108699 0
85 11 108746 1
73 52 108849 1
56 104 108851 0
31 88 108867 0
33 93 108876 0
45 39 108888 1
46 40 108888 1
79 93 108899 0
101 33 108954 1
28 76 108961 0
64 42 108961 1
45 40 108981 1
55 39 108983 1
40 103 108983 0
44 106 108996 0
71 51 108998 1
101 58 109077 1
35 97 109082 0
48 106 109083 0
101 62 109086 1
33 92 109100 0
29 82 109121 0
26 67 109123 0
72 53 109128 1
38 101 109211 0
101 60 109217 1
59 39 109218 1
31 91 109225 0
87 10 109233 1
67 97 109268 0
28 77 109270 0
26 71 109275 0
100 21 109278 1
101 40 109296 1
51 105 109305 0
58 40 109346 1
68 47 109350 1
27 69 109372 0
101 55 109376 1
93 11 109396 1
28 78 109412 0
28 74 109420 0
77 50 109446 0
98 74 109486 1
99 18 109498 1
102 47 109512 1
90 11 109516 1
77 49 109517 0
67 96 109526 0
30 87 109543 0
101 26 109552 1
43 40 109555 1
29 56 109570 0
78 22 109573 0
101 54 109574 1
99 17 109575 1
35 98 109587 0
70 50 109651 1
101 59 109660 1
101 46 109684 1
64 94 109689 0
78 21 109699 0
65 95 109714 0
100 26 109727 1
53 39 109727 1
56 38 109733 1
48 39 109735 1
101 24 109754 1
43 104 109777 0
62 42 109784 1
71 50 109786 1
78 23 109792 0
62 41 109798 1
102 48 109845 1
78 41 109859 0
72 52 109859 1
51 39 109894 1
70 49 109899 1
65 96 109904 0
101 23 109907 1
27 72 109915 0
77 47 109976 0
42 104 109985 0
27 64 109991 0
30 80 110037 0
29 85 110050 0
29 76 110065 0
76 28 110066 0
69 49 110092 1
62 40 110138 1
34 94 110140 0
74 14 110179 0
78 24 110201 0
60 40 110217 1
47 39 110279 1
45 106 110296 0
78 42 110329 0
101 37 110330 1
102 57 110347 1
53 38 110368 1
37 102 110422 0
30 81 110429 0
67 46 110447 1
27 74 110466 0
58 39 110471 1
70 51 110481 1
95 11 110515 1
102 55 110520 1
30 82 110558 0
78 44 110565 0
50 39 110585 1
39 103 110608 0
101 63 110614 1
68 96 110625 0
101 52 110661 1
50 38 110714 1
77 45 110725 0
61 40 110734 1
77 30 110776 0
29 55 110788 0
88 11 110802 1
31 87 110827 0
100 19 110854 1
27 57 110865 0
28 70 110885 0
29 84 110904 0
78 39 110939 0
30 86 110961 0
59 40 110979 1
30 52 111032 0
45 107 111042 0
60 99 111043 1
77 42 111075 0
38 102 111076 0
35 96 111106 0
94 11 111197 1
29 91 111205 0
52 39 111284 1
65 45 111306 1
101 35 111339 1
64 41 111343 1
69 48 111353 1
97 14 111357 1
99 72 111362 1
101 65 111429 1
75 96 111470 0
43 41 111481 1
64 43 111500 1
78 40 111502 0
47 107 111569 0
26 68 111581 0
69 97 111611 0
77 46 111613 0
36 99 111631 0
66 45 111673 1
68 48 111675 1
36 101 111724 0
42 106 111791 0
77 31 111834 0
32 92 111880 0
46 106 111883 0
27 73 111931 0
33 96 111965 0
29 75 111985 0
28 73 112057 0
33 95 112063 0
30 85 112064 0
67 47 112124 1
47 40 112133 1
30 53 112150 0
61 41 112184 1
29 77 112187 0
48 107 112202 0
98 16 112206 1
102 43 112304 1
31 89 112328 0
91 11 112403 1
31 92 112418 0
27 60 112433 0
100 88 112467 1
40 41 112477 1
76 33 112501 0
16 11 112522 1
54 39 112580 1
29 78 112603 0
99 16 112727 1
26 70 112736 0
92 11 112782 1
29 79 112809 0
69 50 112888 1
73 53 112967 1
48 38 113028 1
29 57 113035 0
29 83 113052 0
36 100 113103 0
42 104 113144 0
33 92 113193 0
32 93 113197 0
27 88 113209 0
37 101 113231 0
29 81 113283 0
54 40 113307 1
35 98 113344 0
27 67 113411 0
27 63 113444 0
49 39 113470 1
104 40 113547 1
28 80 113609 0
73 54 113617 1
92 83 113702 1
63 41 113737 1
52 38 113787 1
89 10 113917 1
78 32 113926 0
97 15 114044 1
87 96 114163 1
35 97 114169 0
100 62 114194 1
30 84 114268 0
32 91 114290 0
102 45 114299 1
26 74 114340 0
27 68 114472 0
87 11 114762 1
34 94 114770 0
38 103 114805 0
74 14 114812 1
59 101 114860 1
102 39 115075 1
102 41 115106 1
37 99 115131 0
57 37 115154 1
101 36 115169 1
77 25 115207 0
95 13 115243 1
77 30 115408 0
67 48 115460 1
28 74 115632 0
32 94 115718 0
34 99 115730 0
75 97 115761 0
78 21 115823 0
100 18 115845 1
77 34 115868 0
27 61 115877 0
28 79 115899 0
33 93 115943 0
64 95 116007 0
101 31 116039 1
109 45 116089 1
101 34 116090 1
101 48 116135 1
102 34 116155 1
29 87 116165 0
28 73 116182 0
37 44 116234 1
40 104 116266 0
76 96 116276 0
30 55 116290 0
26 82 116380 0
109 45 116397 0
36 98 116491 0
71 97 116493 0
95 12 116558 1
27 64 116673 0
28 69 116711 0
78 23 116729 0
28 59 116790 0
28 90 116797 0
77 23 116806 0
65 42 116935 1
25 80 116969 0
29 82 116976 0
89 86 117040 0
58 38 117100 1
31 102 117104 0
42 104 117238 0
25 66 117316 0
37 100 117349 0
70 50 117420 1
89 11 117578 1
78 27 117654 0
71 51 117736 1
38 101 117923 0
34 98 117961 0
101 22 118041 1
76 32 118042 0
101 28 118070 1
26 65 118184 0
65 44 118197 1
77 96 118205 0
102 56 118235 1
28 76 118259 0
91 84 118294 0
99 73 118343 1
78 25 118420 0
102 49 118431 1
101 42 118474 1
61 39 118497 1
79 17 118598 0
72 97 118725 0
101 41 118738 1
84 90 118756 0
102 58 118780 1
26 60 118784 0
44 106 118801 0
64 42 118855 1
57 39 118877 1
41 104 118884 0
78 34 118938 0
101 25 118996 1
68 97 119039 0
102 50 119046 1
26 73 119096 0
26 64 119182 0
30 84 119189 0
100 69 119210 1
69 96 119289 0
101 61 119298 1
70 96 119315 0
65 43 119554 1
76 26 119603 0
76 95 119677 0
77 29 119775 0
19 69 119822 0
96 14 119843 1
100 35 119913 1
98 14 120033 1
28 65 120082 0
31 88 120131 0
44 40 120190 1
52 107 120201 0
29 78 120210 0
30 82 120240 0
48 106 120290 0
67 96 120352 0
50 106 120360 0
32 93 120497 0
83 91 120528 0
30 80 120546 0
66 44 120553 1
80 16 120633 0
77 30 120701 0
101 44 120836 1
63 40 120837 1
32 90 120917 0
45 106 121007 0
35 98 121032 0
28 73 121114 0
27 76 121269 0
72 51 121346 1
63 95 121369 0
75 29 121370 0
78 35 121402 0
68 96 121485 0
29 86 121520 0
99 74 121525 1
102 44 121546 1
27 72 121606 0
33 94 121729 0
35 96 121747 0
27 69 121886 0
56 105 121888 0
30 85 121894 0
86 11 121917 1
29 54 121929 0
37 101 121943 0
30 81 121958 0
84 91 121964 0
101 30 121968 1
27 87 122006 0
35 100 122013 0
75 32 122034 0
40 103 122053 0
77 20 122200 0
78 27 122239 0
78 22 122250 0
77 22 122281 0
35 99 122303 0
70 49 122333 1
56 39 122359 1
26 77 122407 0
53 107 122428 0
27 92 122470 0
47 106 122479 0
43 104 122501 0
29 76 122521 0
69 49 122559 1
77 49 122607 0
78 39 122777 0
90 11 122781 1
32 89 122850 0
80 93 122864 0
36 98 122895 0
43 106 122955 0
62 41 122988 1
30 86 123099 0
28 68 123190 0
27 75 123243 0
81 92 123263 0
77 33 123297 0
67 45 123299 1
72 52 123341 1
41 104 123386 0
27 68 123389 0
49 40 123391 1
102 54 123394 1
91 10 123404 1
82 91 123414 0
78 25 123452 0
102 52 123505 1
28 70 123515 0
63 43 123523 1
67 98 123564 0
77 28 123566 0
29 77 123578 0
100 68 123593 1
101 64 123594 1
98 15 123640 1
102 38 123655 1
59 39 123697 1
56 103 123772 0
102 60 123782 1
50 37 123798 1
68 47 123820 1
34 94 124049 0
100 71 124094 1
101 39 124158 1
101 67 124158 1
77 26 124205 0
33 92 124238 0
102 53 124251 1
42 104 124283 0
31 85 124286 0
102 51 124330 1
101 38 124357 1
57 38 124475 1
29 79 124733 0
102 36 124760 1
66 96 124808 0
25 72 124848 0
32 90 124863 0
77 44 124981 0
67 46 125016 1
39 105 125072 0
61 40 125145 1
54 36 125161 1
55 38 125256 1
26 62 125372 0
89 85 125504 0
77 36 125505 0
30 87 125555 0
34 92 125569 0
72 97 125598 0
36 104 125642 0
64 43 125684 1
51 107 125703 0
64 94 125732 0
102 37 125746 1
52 106 125792 0
101 20 125800 1
46 39 125801 1
29 75 125814 0
21 83 125876 0
31 87 125904 0
70 97 125906 0
102 62 126005 1
27 80 126245 0
27 66 126439 0
35 97 126551 0
78 44 126574 0
78 35 126664 0
100 21 126757 1
23 82 126765 0
78 48 126771 0
90 84 126825 0
102 46 126894 1
24 74 126990 0
39 101 127026 0
101 66 127108 1
78 21 127154 0
78 40 127206 0
55 103 127401 0
76 24 127420 0
65 95 127454 0
94 13 127475 1
100 70 127650 1
102 63 127776 1
102 47 127882 1
66 45 127900 1
60 39 127966 1
78 20 127971 0
30 98 128004 0
42 106 128037 0
76 50 128159 0
24 62 128286 0
54 38 128455 1
102 42 128645 1
41 42 128670 1
99 17 128776 1
57 103 128938 0
45 40 129004 1
50 39 129087 1
101 40 129244 1
32 89 129366 0
77 33 129567 0
101 45 129632 1
43 107 129659 0
75 22 129738 0
26 63 129777 0
60 41 129830 1
41 40 129882 1
74 53 129904 1
90 86 129938 0
77 41 129992 0
97 76 130021 1
69 99 130033 0
101 62 130195 1
48 39 130210 1
22 81 130219 0
101 23 130227 1
76 37 130240 0
74 27 130353 0
102 48 130355 1
60 40 130432 1
96 13 130485 1
100 19 130518 1
102 61 130622 1
101 27 130692 1
101 33 130709 1
102 59 130709 1
101 37 130775 1
101 21 130827 1
101 32 130849 1
77 35 130875 0
34 97 130887 0
93 11 130930 1
101 24 130940 1
70 97 131031 0
78 24 131050 0
67 99 131059 0
16 78 131072 0
97 14 131140 1
77 26 131143 0
78 32 131255 0
99 16 131315 1
88 10 131328 1
72 96 131376 0
101 29 131392 1
41 104 131417 0
102 58 131426 1
102 25 131460 1
78 41 131472 0
97 13 131472 1
27 71 131487 0
101 26 131500 1
102 49 131560 1
81 91 131631 0
69 96 131687 0
100 16 131692 1
101 69 131732 1
101 35 131764 1
102 22 131777 1
101 68 131786 1
71 96 131845 0
102 57 131856 1
102 23 131867 1
92 11 131876 1
99 75 131907 1
101 36 131939 1
102 56 131994 1
47 106 132028 0
78 42 132088 0
94 11 132109 1
73 52 132116 1
98 75 132195 1
91 11 132197 1
98 15 132203 1
101 30 132203 1
71 50 132279 1
99 15 132280 1
102 26 132290 1
101 28 132322 1
97 12 132327 1
77 30 132415 0
96 12 132416 1
102 54 132428 1
99 18 132455 1
51 39 132481 1
102 64 132520 1
69 97 132532 0
102 52 132559 1
95 12 132602 1
68 46 132625 1
31 90 132706 0
101 65 132772 1
55 39 132809 1
69 48 132818 1
102 43 132921 1
73 97 132953 0
73 53 132956 1
77 38 132997 0
29 57 133001 0
102 40 133002 1
96 13 133017 1
67 96 133036 0
62 40 133043 1
78 34 133047 0
78 23 133051 0
79 16 133058 0
102 46 133068 1
68 96 133082 0
74 97 133096 0
70 96 133183 0
78 27 133188 0
87 96 133195 0
98 18 133240 1
102 45 133304 1
46 106 133311 0
77 37 133323 0
100 18 133334 1
58 39 133347 1
28 56 133348 0
101 41 133375 1
102 21 133389 1
102 24 133392 1
102 53 133407 1
64 42 133439 1
71 97 133475 0
37 99 133480 0
53 106 133490 0
101 25 133504 1
100 17 133506 1
51 105 133517 0
38 103 133530 0
87 10 133565 1
78 28 133591 0
77 50 133607 0
49 107 133610 0
92 10 133623 1
41 103 133654 0
51 38 133719 1
36 99 133727 0
68 48 133729 1
28 94 133747 0
26 67 133752 0
101 22 133827 1
69 47 133835 1
101 60 133852 1
98 14 133869 1
80 92 133890 0
100 72 133904 1
77 46 133941 0
102 27 133944 1
91 10 133953 1
101 19 133972 1
70 49 133979 1
68 47 133980 1
90 10 134004 1
78 39 134015 0
78 35 134021 0
77 47 134022 0
32 90 134062 0
64 41 134062 1
25 104 134112 0
52 39 134132 1
67 45 134169 1
100 39 134173 1
101 63 134173 1
31 89 134174 0
104 40 134181 1
78 22 134186 0
39 101 134200 0
31 51 134201 0
101 31 134211 1
44 104 134228 0
27 62 134232 0
73 51 134247 1
30 84 134308 0
102 55 134311 1
48 106 134314 0
29 84 134368 0
78 25 134369 0
59 38 134401 1
38 101 134413 0
85 11 134420 1
26 68 134423 0
72 51 134442 1
27 86 134453 0
27 67 134456 0
29 81 134477 0
47 39 134477 1
77 45 134492 0
56 38 134520 1
67 44 134533 1
93 11 134540 1
28 73 134555 0
30 82 134570 0
102 51 134584 1
43 104 134586 0
99 16 134587 1
95 11 134601 1
102 44 134605 1
77 32 134607 0
30 80 134615 0
66 44 134627 1
29 78 134646 0
53 105 134646 0
65 43 134666 1
48 105 134693 0
51 40 134709 1
67 46 134742 1
77 19 134767 0
83 92 134773 0
78 44 134789 0
70 48 134825 1
97 13 134833 1
97 14 134841 1
45 39 134866 1
98 13 134867 1
29 76 134880 0
71 49 134889 1
61 40 134898 1
102 50 134898 1
15 81 134925 0
78 32 134932 0
37 100 134949 0
65 42 134970 1
101 38 135000 1
29 56 135018 0
101 64 135036 1
102 49 135044 1
102 58 135047 1
28 58 135068 0
54 39 135084 1
34 94 135096 0
102 42 135109 1
23 71 135149 0
101 33 135156 1
28 74 135166 0
78 19 135167 0
101 18 135167 1
98 15 135171 1
102 33 135173 1
33 92 135183 0
42 104 135191 0
101 34 135199 1
71 50 135218 1
54 106 135247 0
55 104 135252 0
78 40 135254 0
49 38 135260 1
28 84 135270 0
71 96 135273 0
46 107 135287 0
32 95 135293 0
32 91 135297 0
102 41 135302 1
89 10 135314 1
30 88 135317 0
39 100 135329 0
68 46 135335 1
72 97 135339 0
30 81 135358 0
27 69 135359 0
28 78 135370 0
52 37 135386 1
50 105 135479 0
27 66 135503 0
102 48 135510 1
35 96 135511 0
61 98 135520 1
43 40 135521 1
29 77 135546 0
77 31 135562 0
36 98 135562 0
35 98 135566 0
78 48 135581 0
27 73 135607 0
79 94 135610 0
33 93 135612 0
61 39 135616 1
70 97 135619 0
77 24 135621 0
78 41 135624 0
53 38 135633 1
78 42 135637 0
77 33 135643 0
27 72 135644 0
28 57 135648 0
32 87 135665 1
77 43 135676 0
101 23 135688 1
69 49 135689 1
72 96 135692 0
45 106 135713 0
46 106 135753 0
82 92 135789 0
68 96 135844 0
21 68 135865 0
53 37 135867 1
92 11 135914 1
34 92 135935 0
57 39 135959 1
29 75 135959 0
26 80 135978 0
27 74 135994 0
28 69 136019 0
49 39 136030 1
100 19 136030 1
62 41 136065 1
102 60 136065 1
69 97 136071 0
75 96 136082 0
101 39 136097 1
73 52 136136 1
27 64 136145 0
99 72 136148 1
42 41 136169 1
28 68 136196 0
50 106 136237 0
28 55 136252 0
27 58 136257 0
41 103 136273 0
99 17 136319 1
32 89 136333 0
42 42 136353 1
74 52 136367 1
69 48 136369 1
96 12 136371 1
99 15 136386 1
88 10 136391 1
102 56 136391 1
69 96 136391 0
37 99 136397 0
64 42 136415 1
30 85 136431 0
27 71 136439 0
101 27 136512 1
86 10 136606 1
59 39 136606 1
31 87 136616 0
84 10 136641 1
78 20 136651 0
102 35 136656 1
31 85 136666 0
78 28 136674 0
27 63 136684 0
29 83 136692 0
34 97 136716 0
101 66 136726 1
49 37 136727 1
102 38 136753 1
100 69 136766 1
26 71 136783 0
28 77 136785 0
28 70 136834 0
47 105 136836 0
60 39 136838 1
27 68 136858 0
102 54 136922 1
31 88 136951 0
50 38 137044 1
58 39 137065 1
99 73 137081 1
102 57 137105 1
30 82 137134 0
86 11 137155 1
44 106 137168 0
96 13 137245 1
46 38 137258 1
71 51 137288 1
29 79 137325 0
26 65 137337 0
35 97 137338 0
78 24 137349 0
77 42 137397 0
47 106 137441 0
69 47 137465 1
28 71 137469 0
57 38 137499 1
68 47 137507 1
65 41 137563 1
102 39 137598 1
62 97 137626 1
102 28 137704 1
47 38 137708 1
55 39 137725 1
70 49 137734 1
94 11 137736 1
40 105 137767 0
77 26 137767 0
101 32 137769 1
52 106 137784 0
73 53 137818 1
100 73 137890 1
38 101 137955 0
30 51 137958 0
30 80 137983 0
101 21 137985 1
34 94 137986 0
55 105 138051 0
39 101 138069 0
101 20 138083 1
62 40 138146 1
43 104 138156 0
84 11 138162 1
29 58 138238 0
102 29 138267 1
27 61 138285 0
62 39 138324 1
101 36 138327 1
68 45 138327 1
102 52 138336 1
93 10 138409 1
101 37 138421 1
95 12 138424 1
78 27 138459 0
60 100 138469 1
68 98 138470 0
29 80 138541 0
60 38 138546 1
66 44 138577 1
61 40 138617 1
28 65 138635 0
29 76 138643 0
77 35 138646 0
52 38 138702 1
70 96 138718 0
77 25 138718 0
70 50 138719 1
29 78 138721 0
30 55 138725 0
29 53 138729 0
28 73 138788 0
101 28 138857 1
67 45 138895 1
58 38 138896 1
78 94 138925 0
72 50 138949 1
41 103 138965 0
30 53 139010 0
29 55 139016 0
33 92 139025 0
29 89 139037 0
36 99 139060 0
78 34 139095 0
29 72 139160 0
72 51 139190 1
48 106 139243 0
102 53 139270 1
65 43 139455 1
77 27 139506 0
101 29 139531 1
102 59 139598 1
78 23 139643 0
19 60 139647 0
71 50 139647 1
102 61 139690 1
31 90 139751 0
26 69 139754 0
100 17 139807 1
30 84 139808 0
102 62 139882 1
42 104 139894 0
78 21 139922 0
101 26 140020 1
101 24 140043 1
64 41 140050 1
26 61 140076 0
27 60 140098 0
78 28 140146 0
66 43 140292 1
98 76 140352 1
77 21 140380 0
26 70 140409 0
79 93 140473 0
68 97 140494 0
27 59 140547 0
27 67 140554 0
29 75 140575 0
67 100 140634 0
32 92 140658 0
23 69 140673 0
30 81 140773 0
75 27 140787 0
98 14 140847 1
61 99 140848 1
74 53 140848 1
30 86 140852 0
78 39 140857 0
93 11 140861 1
23 75 140868 0
28 71 140890 0
34 92 140890 0
62 96 140896 1
32 90 140980 0
101 67 141010 1
77 32 141046 0
44 104 141099 0
25 63 141199 0
29 77 141200 0
9 78 141206 0
67 97 141218 0
102 47 141254 1
99 16 141441 1
54 38 141458 1
50 39 141494 1
29 106 141509 0
22 103 141521 0
77 28 141597 0
27 71 141611 0
33 89 141642 0
42 106 141675 0
74 9 141681 0
53 104 141768 0
78 25 141769 0
24 68 141785 0
23 74 141803 0
36 98 141859 0
44 107 141862 0
51 38 141936 1
50 109 141940 0
91 11 141961 1
29 93 142002 0
64 43 142087 1
26 75 142149 0
100 66 142150 1
70 97 142150 0
25 67 142185 0
25 65 142210 0
31 98 142246 0
51 105 142284 0
32 97 142289 0
54 37 142342 1
26 72 142374 0
36 105 142378 0
29 88 142385 0
30 87 142390 0
101 61 142413 1
29 82 142472 0
83 90 142524 0
63 94 142543 0
69 48 142720 1
41 106 142730 0
41 103 142745 0
28 59 142758 0
29 92 142774 0
42 105 142778 0
76 51 142851 0
46 39 142909 1
80 15 142910 0
67 46 142957 1
29 80 143101 0
78 35 143129 0
33 88 143178 0
31 50 143181 0
78 32 143231 0
100 31 143231 1
55 38 143305 1
27 66 143330 0
51 39 143347 1
27 65 143458 0
32 89 143494 0
37 101 143501 0
28 67 143562 0
21 80 143570 0
74 41 143824 0
65 56 143824 1
77 94 143889 0
41 102 143890 0
74 30 143991 0
26 64 144008 0
25 62 144056 0
44 39 144074 1
64 97 144109 0
39 102 144118 0
27 19 144125 0
78 29 144133 0
35 96 144140 0
75 33 144155 0
28 85 144197 0
28 76 144384 0
31 91 144395 0
32 93 144403 0
101 30 144411 1
102 46 144445 1
27 80 144469 0
41 104 144488 0
23 65 144516 0
29 57 144517 0
101 22 144563 1
34 95 144584 0
101 25 144610 1
102 37 144768 1
101 59 145157 1
71 98 145196 0
78 43 145221 0
75 38 145269 0
68 99 145309 0
77 49 145320 0
37 108 145330 0
90 10 145470 1
94 10 145511 1
61 39 145590 1
42 40 145636 1
78 30 145656 0
102 36 145659 1
25 61 145711 0
91 83 145752 0
31 81 145811 0
53 36 145818 1
54 105 145885 0
102 63 145900 1
102 43 145909 1
102 51 145947 1
25 60 145962 0
45 106 145994 0
48 39 146013 1
56 103 146027 0
77 27 146044 0
48 38 146051 1
102 45 146056 1
76 48 146072 0
103 45 146084 1
30 83 146218 0
104 40 146291 1
55 37 146342 1
101 65 146430 1
64 42 146451 1
29 97 146475 0
71 96 146550 0
102 49 146572 1
85 89 146589 0
41 102 146683 0
45 39 146709 1
92 10 146719 1
34 97 146832 0
75 53 146845 1
48 105 146851 0
39 100 146974 0
100 71 147001 1
68 96 147165 0
26 59 147288 0
100 18 147304 1
102 20 147316 1
101 31 147348 1
28 69 147354 0
72 96 147369 0
87 10 147386 1
26 69 147392 0
102 34 147400 1
28 71 147443 0
56 37 147466 1
30 80 147468 0
50 105 147567 0
102 40 147576 1
78 29 147635 0
67 96 147639 0
101 23 147653 1
29 58 147697 0
67 44 147804 1
101 70 147807 1
101 19 147891 1
79 20 147923 0
39 101 147931 0
103 21 147934 1
78 28 147941 0
29 52 147953 0
28 70 147972 0
79 17 148120 0
32 87 148159 0
77 32 148162 0
78 33 148174 0
36 100 148176 0
102 32 148186 1
28 74 148324 0
31 85 148374 0
27 69 148457 0
37 99 148488 0
28 68 148495 0
27 72 148569 0
69 96 148586 0
28 86 148633 0
78 44 148640 0
64 94 148642 0
21 73 148668 0
25 64 148670 0
77 33 148719 0
79 36 148799 0
30 52 148809 0
27 62 148828 0
102 30 148844 1
29 76 148881 0
34 95 148887 0
78 30 148893 0
29 72 148932 0
102 58 149031 1
68 46 149036 1
27 68 149195 0
102 48 149225 1
63 39 149232 1
42 105 149239 0
91 10 149244 1
100 70 149260 1
80 16 149277 0
56 38 149323 1
39 102 149352 0
73 51 149433 1
59 38 149462 1
101 35 149512 1
77 51 149515 0
39 44 149524 1
102 66 149525 1
27 65 149566 0
60 39 149652 1
38 100 149663 0
71 49 149709 1
73 52 149727 1
65 42 149738 1
70 49 149807 1
78 43 150044 0
102 22 150082 1
102 24 150142 1
61 38 150151 1
30 83 150211 0
47 40 150219 1
103 17 150231 1
41 102 150387 0
37 43 150427 1
99 14 150479 1
47 39 150494 1
97 9 150510 1
100 16 150519 1
66 42 150535 1
34 96 150560 0
95 11 150565 1
102 57 150606 1
101 68 150681 1
97 14 150768 1
28 67 150778 0
102 44 150928 1
32 95 150987 0
61 97 151020 1
70 48 151081 1
102 60 151161 1
94 11 151304 1
102 42 151410 1
74 14 151423 0
98 15 151423 1
76 37 151436 0
101 46 151638 1
78 33 151720 0
27 64 151725 0
66 44 151749 1
89 10 151963 1
67 43 152091 1
103 42 152099 1
57 39 152162 1
41 41 152373 1
99 74 152508 1
101 62 152561 1
55 33 152620 1
71 50 152665 1
29 80 152736 0
32 87 152842 0
77 35 153014 0
78 22 153192 0
59 39 153252 1
47 37 153313 1
78 29 153397 0
97 13 153462 1
38 98 153517 0
74 52 153681 1
38 100 153735 0
45 104 154001 0
62 40 154238 1
27 71 154469 0
77 26 154513 0
51 37 154515 1
102 65 154611 1
30 83 154767 0
103 44 154856 1
31 90 154996 0
72 97 155063 0
30 85 155079 0
58 37 155092 1
35 45 155252 1
101 21 155253 1
73 50 155307 1
75 26 155351 0
34 94 155359 0
102 64 155361 1
102 26 155438 1
29 78 155807 0
37 100 155832 0
34 95 155863 0
39 102 156193 0
33 92 156307 0
28 72 156520 0
40 102 156693 0
30 82 156877 0
19 83 156943 0
78 43 157011 0
29 85 157019 0
78 33 157028 0
70 96 157038 0
50 107 157224 0
102 54 157254 1
99 15 157356 1
102 56 157464 1
96 12 157539 1
26 69 157616 0
101 33 157836 1
43 104 157841 0
102 53 157855 1
102 23 157956 1
78 31 157971 0
101 27 158095 1
97 12 158121 1
30 100 158166 0
79 22 158279 0
41 103 158343 0
79 35 158364 0
78 27 158387 0
77 27 158461 0
49 38 158552 1
101 66 158570 1
65 43 158693 1
43 105 158697 0
34 96 158707 0
32 88 158756 0
78 48 158794 0
25 68 158796 0
34 93 158806 0
69 95 158815 0
78 30 158838 0
79 38 158853 0
81 92 158880 0
77 30 159035 0
100 40 159059 1
100 17 159059 1
102 41 159152 1
101 64 159173 1
88 10 159183 1
64 41 159183 1
72 49 159184 1
77 39 159210 0
74 96 159214 0
92 11 159230 1
38 99 159282 0
67 45 159306 1
96 11 159352 1
47 105 159352 0
66 93 159414 0
107 46 159598 1
102 61 159606 1
72 51 159618 1
63 40 159652 1
78 20 159660 0
98 14 159732 1
81 91 159747 0
69 47 159800 1
72 50 159866 1
102 52 159922 1
102 38 159927 1
101 19 159951 1
101 18 159998 1
102 46 160022 1
26 75 160022 0
86 10 160080 1
64 40 160098 1
77 34 160145 0
77 29 160189 0
50 106 160204 0
101 28 160245 1
101 20 160247 1
58 39 160288 1
101 32 160317 1
103 55 160402 1
53 38 160469 1
62 39 160470 1
34 92 160517 0
103 51 160559 1
57 38 160560 1
101 30 160585 1
78 40 160592 0
102 21 160599 1
49 39 160610 1
47 106 160704 0
102 43 160705 1
40 102 160718 0
86 88 160724 0
28 63 160777 0
39 43 160777 1
68 45 160784 1
43 38 160816 1
100 15 160842 1
102 58 160842 1
43 41 160956 1
43 40 160961 1
34 14 160988 1
102 27 160998 1
44 104 161019 0
36 95 161033 0
41 101 161035 0
98 13 161058 1
76 95 161101 0
92 10 161128 1
58 38 161156 1
101 44 161160 1
62 44 161286 1
77 56 161286 1
102 31 161286 1
85 10 161287 1
102 59 161355 1
101 38 161384 1
103 53 161390 1
50 38 161436 1
57 37 161457 1
71 48 161466 1
53 37 161472 1
59 37 161498 1
38 100 161524 0
29 75 161602 0
102 35 161610 1
102 62 161616 1
28 72 161625 0
52 37 161650 1
68 46 161740 1
31 88 161751 0
31 83 161778 0
101 26 161817 1
102 63 161863 1
87 9 161872 1
99 16 161906 1
101 36 162018 1
67 44 162020 1
68 49 162051 1
78 50 162083 0
93 11 162098 1
53 105 162103 0
41 102 162119 0
102 25 162124 1
93 10 162184 1
102 37 162186 1
52 39 162232 1
52 36 162232 1
52 38 162241 1
91 10 162263 1
102 33 162309 1
79 42 162322 0
33 89 162329 0
49 105 162337 0
31 87 162351 0
102 81 162391 1
100 16 162408 1
79 20 162436 0
102 45 162574 1
61 39 162613 1
55 103 162627 0
34 93 162640 0
32 88 162641 0
99 71 162650 1
85 11 162668 1
78 34 162690 0
38 99 162727 0
48 106 162813 0
78 24 162818 0
65 41 162824 1
35 97 162868 0
102 40 162884 1
38 44 162884 1
30 83 162910 0
78 31 162931 0
28 65 162954 0
27 63 162960 0
71 49 162988 1
71 96 163018 0
31 51 163026 0
100 72 163028 1
99 15 163168 1
29 56 163226 0
101 29 163266 1
97 13 163299 1
42 105 163331 0
90 84 163440 0
95 11 163452 1
39 100 163468 0
66 43 163530 1
64 42 163550 1
32 87 163572 0
79 23 163603 0
69 46 163639 1
46 106 163653 0
67 95 163660 0
78 41 163684 0
93 97 163750 1
73 52 163750 1
78 33 163774 0
29 77 163957 0
51 105 163978 0
33 88 163995 0
68 47 164043 1
87 10 164069 1
30 80 164210 0
62 41 164230 1
41 105 164260 0
30 81 164300 0
102 42 164344 1
90 10 164381 1
85 9 164388 1
26 68 164413 0
78 29 164427 0
27 70 164458 0
48 105 164475 0
84 12 164490 1
75 96 164543 0
29 70 164543 0
74 96 164607 0
102 49 164630 1
103 49 164632 1
69 47 164676 1
33 90 164679 0
40 102 164713 0
65 42 164731 1
28 68 164742 0
102 54 164811 1
43 103 164892 0
103 47 164941 1
28 73 164978 0
99 73 164993 1
56 104 165074 0
79 41 165081 0
72 96 165152 0
102 19 165420 1
109 45 165539 1
43 105 165541 0
70 48 165616 1
73 51 165619 1
67 45 165662 1
54 38 165673 1
100 14 165750 1
104 40 165874 1
78 42 165881 0
11 39 165984 1
28 71 166018 0
31 99 166080 0
36 45 166103 1
102 36 166131 1
32 88 166240 0
27 65 166324 0
34 92 166374 0
51 38 166500 1
109 45 166505 0
96 12 166507 1
28 69 166519 0
61 96 166564 1
78 25 166595 0
30 55 166613 0
101 22 166792 1
29 72 166816 0
93 91 166825 1
28 70 166893 0
35 101 166929 0
94 11 166931 1
40 42 166943 1
28 63 167090 0
71 50 167146 1
103 56 167288 1
28 72 167327 0
31 80 167350 0
80 17 167373 0
89 10 167401 1
102 60 167430 1
31 89 167483 0
37 99 167507 0
30 84 167543 0
29 79 167546 0
67 95 167591 0
49 105 167781 0
50 105 167822 0
77 48 167940 0
91 124 168020 1
78 32 168055 0
34 93 168082 0
59 38 168105 1
38 99 168115 0
32 85 168135 0
31 85 168256 0
82 91 168293 0
33 90 168311 0
35 96 168360 0
60 37 168524 1
74 52 168573 1
102 56 168598 1
81 31 168692 1
26 67 168961 0
37 97 169101 0
43 103 169159 0
60 38 169247 1
27 61 169358 0
31 83 169363 0
101 67 169405 1
78 31 169486 0
42 104 169569 0
17 85 169662 0
48 110 169752 0
88 9 169911 1
47 38 170212 1
103 41 170243 1
63 39 170335 1
66 44 170380 1
30 78 170391 0
32 89 170404 0
27 67 170415 0
102 34 170444 1
102 57 170468 1
38 102 170529 0
102 44 170575 1
103 46 170586 1
69 48 170661 1
1 48 170734 1
31 81 170759 0
65 43 170772 1
97 12 170818 1
28 75 170843 0
101 69 170919 1
50 37 170967 1
94 10 171138 1
78 26 171145 0
100 17 171184 1
26 65 171195 0
40 102 171313 0
32 88 171419 0
85 12 171482 1
75 52 171502 1
78 23 171548 0
102 29 171730 1
79 36 171817 0
102 11 171886 1
74 96 172027 0
76 96 172028 0
38 98 172046 0
35 98 172071 0
26 63 172095 0
67 95 172103 0
77 32 172167 0
39 101 172211 0
32 90 172275 0
78 28 172282 0
72 50 172341 1
101 65 172619 1
70 96 172671 0
78 35 172699 0
27 70 172713 0
41 101 172825 0
30 54 172842 0
29 59 172860 0
35 92 172897 0
38 101 172917 0
28 60 173015 0
79 43 173115 0
40 111 173168 0
91 84 173222 0
109 45 173222 1
54 105 173290 0
109 45 173346 0
70 95 173465 0
43 104 173489 0
27 66 173587 0
78 18 173670 0
79 35 173782 0
36 98 173792 0
69 95 173815 0
25 68 173904 0
66 93 173958 0
30 78 174094 0
79 25 174154 0
78 38 174175 0
55 38 174193 1
78 43 174570 0
66 42 174644 1
59 36 174658 1
47 105 174703 0
28 58 174851 0
105 68 174897 1
46 39 174939 1
79 22 175014 0
30 53 175046 0
101 21 175078 1
101 39 175179 1
42 108 175269 0
28 67 175304 0
45 104 175341 0
64 41 175381 1
26 66 175416 0
43 105 175561 0
103 60 175782 1
88 10 175850 1
102 28 175851 1
55 39 175971 1
89 84 176139 0
100 71 176142 1
75 53 176156 1
30 82 176194 0
61 40 176197 1
101 41 176273 1
103 50 176327 1
74 14 176418 1
78 26 176481 0
66 95 176517 0
33 90 176705 0
69 96 176875 0
29 81 176892 0
66 94 176967 0
29 54 177004 0
36 95 177046 0
30 58 177088 0
93 113 177465 1
28 82 177480 0
65 93 177511 0
27 68 177530 0
39 102 177742 0
79 32 177882 0
78 30 177883 0
77 94 178215 0
89 85 178279 0
28 75 178297 0
79 38 178444 0
62 39 178657 1
63 40 178785 1
101 25 179118 1
101 31 179370 1
36 99 179470 0
43 39 179478 1
29 76 179693 0
23 102 179926 0
31 79 179967 0
34 96 180248 0
43 103 180256 0
76 66 180396 1
41 102 180693 0
73 97 180887 0
78 38 180947 0
30 78 180995 0
66 94 181012 0
102 30 181046 1
73 96 181199 0
45 39 181390 1
102 53 181483 1
26 76 181523 0
24 73 181664 0
71 97 181705 0
64 40 181786 1
44 104 181909 0
97 11 182030 1
67 95 182060 0
103 54 182067 1
56 38 182095 1
69 45 182168 1
103 43 182609 1
28 72 182638 0
28 61 182679 0
89 9 182747 1
37 98 182971 0
99 14 183190 1
90 85 183270 0
101 19 183283 1
66 95 183511 0
28 60 183544 0
49 106 183625 0
52 105 183626 0
98 12 183637 1
54 104 183737 0
102 61 183738 1
48 38 183782 1
92 10 183858 1
29 73 183891 0
91 10 184025 1
95 10 184066 1
67 94 184097 0
101 66 184162 1
102 22 184207 1
102 41 184264 1
30 54 184365 0
93 10 184467 1
102 38 184538 1
98 14 184539 1
24 83 184578 0
102 64 184592 1
44 39 184597 1
101 20 184623 1
98 13 184651 1
102 43 184662 1
102 37 184665 1
102 46 184724 1
99 15 184780 1
102 58 184789 1
101 18 184835 1
31 82 184881 0
70 97 184948 0
102 24 184952 1
87 87 184957 0
79 19 184984 0
102 32 185004 1
68 96 185018 0
103 40 185032 1
102 40 185037 1
101 68 185064 1
100 16 185081 1
77 48 185270 0
86 11 185309 1
71 49 185321 1
101 17 185346 1
102 23 185361 1
102 63 185374 1
102 20 185415 1
67 44 185475 1
78 36 185505 0
101 30 185522 1
103 52 185558 1
78 48 185581 0
100 15 185611 1
13 60 185613 0
79 42 185620 0
102 39 185632 1
95 11 185666 1
103 48 185675 1
72 49 185821 1
103 57 185833 1
78 27 185836 0
61 39 185840 1
102 62 185876 1
102 42 185906 1
68 45 185920 1
102 27 185936 1
80 92 185940 0
79 41 185956 0
78 44 185970 0
102 26 185995 1
79 18 186020 0
102 36 186023 1
27 73 186027 0
97 13 186067 1
96 10 186159 1
71 96 186160 0
91 9 186160 1
67 42 186236 1
66 94 186240 0
68 46 186254 1
101 19 186259 1
69 47 186284 1
103 45 186290 1
99 13 186307 1
79 20 186332 0
79 23 186334 0
47 39 186395 1
65 42 186400 1
53 104 186443 0
74 96 186445 0
92 10 186454 1
103 59 186461 1
91 10 186480 1
101 27 186480 1
77 50 186498 0
101 70 186539 1
103 51 186551 1
73 51 186552 1
73 50 186555 1
74 52 186565 1
103 61 186641 1
102 21 186647 1
96 11 186650 1
38 99 186675 0
65 93 186709 0
26 66 186717 0
57 38 186721 1
33 89 186733 0
38 100 186749 0
72 96 186780 0
61 38 186787 1
78 21 186835 0
78 39 186869 0
102 33 186890 1
69 93 186923 0
69 46 186924 1
102 36 186935 0
102 66 186935 1
102 34 187037 1
55 37 187044 1
78 26 187082 0
36 97 187085 0
70 46 187091 1
79 37 187175 0
63 39 187183 1
73 96 187199 0
62 38 187253 1
29 75 187262 0
90 9 187273 1
49 105 187309 0
67 94 187370 0
87 10 187374 1
65 41 187422 1
101 28 187424 1
69 95 187430 0
102 52 187470 1
49 37 187498 1
56 37 187501 1
103 58 187526 1
103 53 187536 1
53 38 187581 1
100 16 187637 1
70 48 187639 1
102 35 187661 1
33 88 187688 0
89 10 187722 1
97 12 187725 1
54 37 187736 1
103 55 187784 1
102 65 187784 1
39 100 187817 0
98 13 187817 1
34 92 187841 0
86 10 187842 1
79 35 187907 0
78 22 187917 0
38 98 187921 0
67 45 187924 1
34 94 187935 0
96 12 187935 1
62 95 187955 1
67 43 187990 1
71 48 187990 1
27 69 188054 0
41 101 188078 0
96 13 188111 1
32 87 188111 0
28 85 188155 0
48 105 188157 0
27 60 188185 0
50 105 188190 0
95 10 188197 1
79 25 188238 0
70 95 188257 0
51 105 188267 0
62 40 188277 1
62 39 188325 1
55 104 188341 0
99 14 188347 1
102 18 188347 1
101 18 188359 1
79 39 188371 0
37 97 188395 0
53 37 188418 1
70 96 188433 0
66 42 188464 1
103 49 188487 1
70 47 188491 1
32 88 188493 0
72 95 188495 0
46 38 188499 1
67 44 188506 1
31 85 188536 0
79 38 188551 0
80 17 188560 0
29 57 188564 0
93 10 188600 1
27 64 188611 0
81 91 188613 0
43 102 188682 0
58 37 188698 1
29 58 188726 0
29 62 188809 0
84 90 188824 0
28 65 188839 0
101 33 188840 1
102 29 188856 1
79 43 188880 0
79 32 188908 0
79 22 188913 0
29 72 188918 0
34 95 188923 0
99 15 188956 1
30 80 188969 0
103 44 188983 1
75 52 188987 1
37 98 188988 0
28 63 189000 0
77 95 189031 0
103 56 189053 1
50 38 189053 1
31 83 189082 0
57 103 189105 0
28 68 189120 0
93 9 189148 1
38 99 189151 0
52 38 189159 1
72 48 189162 1
102 22 189163 1
32 85 189168 0
68 44 189195 1
31 81 189218 0
34 93 189266 0
48 106 189303 0
71 96 189317 0
33 89 189348 0
71 49 189358 1
50 106 189359 0
73 53 189360 1
29 73 189367 0
43 103 189389 0
88 10 189393 1
47 105 189395 0
102 44 189410 1
78 50 189426 0
45 104 189452 0
30 83 189454 0
59 38 189466 1
94 10 189468 1
95 11 189484 1
29 70 189535 0
92 83 189541 0
43 104 189549 0
35 92 189553 0
78 29 189561 0
37 99 189573 0
78 33 189584 0
31 82 189602 0
64 39 189609 1
29 55 189622 0
19 108 189639 0
91 83 189645 0
36 95 189656 0
35 99 189667 0
30 76 189687 0
58 38 189694 1
28 71 189700 0
58 102 189706 0
28 70 189746 0
103 47 189754 1
101 19 189757 1
31 80 189781 0
69 47 189816 1
52 105 189817 0
33 49 189834 0
28 69 189837 0
39 104 189844 0
60 38 189847 1
49 106 189862 0
74 52 189873 1
86 89 189898 0
27 70 189924 0
15 45 189933 0
77 23 189935 0
79 42 189951 0
30 78 189959 0
22 66 189961 0
44 104 190007 0
102 37 190052 1
102 28 190054 1
103 22 190093 1
55 103 190100 0
21 89 190127 0
49 38 190140 1
51 38 190177 0
51 37 190177 1
69 94 190218 0
78 24 190234 0
53 105 190257 0
69 46 190281 1
98 12 190312 1
103 50 190317 1
27 62 190324 0
100 14 190335 1
57 37 190398 1
68 45 190408 1
101 16 190442 1
76 52 190470 1
28 57 190481 0
67 94 190531 0
79 40 190535 0
31 87 190539 0
65 42 190588 1
33 97 190595 0
56 38 190610 1
28 59 190631 0
66 94 190656 0
72 49 190664 1
52 37 190669 1
38 98 190692 0
30 55 190695 0
102 60 190752 1
61 38 190777 1
79 37 190812 0
80 16 190829 0
29 67 190836 0
63 39 190837 1
36 44 190838 1
33 90 190877 0
73 51 190878 1
79 47 190888 1
79 23 190888 0
29 59 190904 0
100 73 190946 1
78 34 190961 0
51 104 190965 0
45 38 191019 1
37 44 191028 1
59 37 191053 1
79 41 191080 0
47 38 191131 1
102 38 191156 1
103 42 191165 1
100 15 191166 1
34 103 191193 0
92 10 191242 1
31 79 191291 0
27 63 191329 0
28 75 191352 0
73 50 191403 1
27 65 191416 0
65 40 191424 1
65 41 191445 1
22 70 191450 0
69 49 191450 1
41 101 191454 0
60 36 191485 1
102 40 191519 1
55 36 191527 1
66 93 191544 0
79 19 191567 0
76 97 191619 0
36 97 191703 0
51 36 191744 1
64 41 191744 1
34 92 191747 0
103 48 191754 1
78 36 191787 0
69 96 191810 0
100 71 191895 1
33 88 191923 0
72 50 191955 1
51 38 191962 1
49 105 192040 0
56 36 192055 1
75 96 192081 0
41 42 192121 1
69 45 192216 1
35 91 192279 0
102 20 192319 1
63 95 192378 1
27 67 192387 0
78 31 192395 0
29 56 192433 0
101 17 192539 1
103 64 192545 1
101 71 192546 1
66 95 192592 0
79 92 192594 0
30 76 192619 0
103 54 192635 1
33 92 192646 0
73 96 192687 0
102 24 192750 1
52 106 192754 0
101 20 192787 1
91 10 192820 1
86 9 192885 1
102 30 192902 1
30 81 192924 0
72 96 192934 0
79 39 192954 0
54 104 193033 0
78 32 193037 0
62 39 193100 1
46 110 193101 0
30 77 193107 0
29 75 193178 0
78 25 193232 0
37 97 193238 0
35 102 193256 0
31 50 193282 0
54 103 193294 0
102 25 193356 1
41 102 193359 0
32 88 193366 0
71 48 193375 1
79 18 193414 0
64 40 193487 1
53 106 193506 0
32 82 193557 0
90 8 193622 1
38 99 193672 0
31 81 193741 0
27 61 193815 0
37 98 193819 0
48 105 193873 0
66 42 193950 1
44 106 193951 0
31 82 194017 0
33 95 194042 0
79 20 194094 0
28 68 194172 0
79 40 194188 0
28 67 194190 0
39 100 194218 0
79 35 194239 0
102 36 194293 1
102 61 194296 1
48 38 194394 1
89 9 194408 1
62 96 194436 1
38 43 194542 1
100 72 194580 1
79 36 194664 0
103 31 194697 1
29 69 194700 0
74 51 194705 1
45 39 194719 1
45 103 194757 0
69 97 194766 0
102 41 194820 1
67 43 194837 1
68 95 194872 0
29 73 194882 0
79 15 194882 0
69 95 194943 0
67 44 195038 1
103 33 195046 1
31 86 195065 0
68 46 195068 1
27 66 195090 0
32 87 195130 0
40 102 195165 0
102 21 195176 1
43 103 195203 0
62 97 195204 1
28 73 195273 0
78 95 195298 0
97 12 195356 1
29 72 195588 0
78 28 195651 0
57 38 195682 1
27 93 195683 0
102 63 195695 1
47 106 195697 0
27 68 195723 0
61 98 195729 1
103 46 195761 1
50 105 195781 0
49 106 195789 0
26 62 195856 0
102 68 195929 1
35 96 195986 0
28 60 196008 0
102 19 196026 1
29 71 196031 0
28 61 196032 0
29 95 196067 0
109 45 196086 1
30 77 196116 0
54 38 196175 1
109 45 196213 0
30 76 196272 0
102 67 196296 1
78 30 196438 0
32 50 196558 0
103 23 196619 1
46 105 196674 0
19 85 196683 0
72 95 196686 0
66 41 196762 1
26 57 196913 0
32 85 196932 0
62 38 196936 1
42 39 196949 1
36 97 196990 0
79 37 197087 0
88 9 197235 1
103 52 197461 1
102 27 197525 1
99 14 197557 1
48 37 197558 1
102 42 197587 1
99 74 197636 1
53 36 197651 1
93 10 197739 1
102 64 197775 1
33 94 197820 0
24 72 197843 0
103 39 197863 1
97 11 197867 1
91 9 197896 1
101 18 197924 1
27 71 197966 0
67 94 197968 0
75 53 198042 1
78 47 198128 0
102 34 198173 1
103 43 198215 1
61 37 198281 1
102 26 198310 1
28 64 198332 0
60 37 198395 1
102 56 198404 1
68 95 198498 0
79 44 198514 0
76 95 198606 0
79 32 198650 0
100 16 198675 1
52 105 198687 0
103 51 198823 1
103 45 198856 1
101 68 198947 1
99 72 199019 1
98 13 199108 1
56 103 199137 0
73 49 199177 1
43 102 199180 0
82 91 199264 0
74 96 199270 0
92 9 199375 1
79 25 199389 0
79 38 199410 0
103 37 199441 1
70 95 199473 0
83 90 199476 0
99 13 199504 1
57 36 199547 1
43 40 199592 1
30 78 199774 0
102 23 199834 1
74 50 199866 1
102 58 199869 1
79 22 199956 0
0 0 200010 0
