72 37 0 1
81 77 161 1
80 76 191 1
61 50 264 0
77 45 284 1
101 90 299 1
32 48 443 1
75 57 497 1
59 34 595 1
2 38 615 1
49 40 660 1
61 35 692 1
26 85 758 0
35 81 790 1
99 56 856 1
82 91 933 0
55 76 950 0
69 36 1036 1
55 75 1151 0
103 59 1420 1
89 94 1433 0
73 91 1562 0
32 69 1566 1
106 101 1691 1
102 58 1841 1
73 75 1927 1
32 70 2212 1
101 87 2388 1
72 36 2610 1
72 89 2633 0
68 35 2667 1
100 76 2732 1
101 55 2955 1
73 90 3023 0
103 63 3054 1
77 47 3125 1
74 60 3148 1
76 41 3156 1
85 77 3183 1
77 43 3214 1
81 76 3308 1
103 58 3387 1
73 38 3404 1
91 67 3424 0
100 75 3499 1
89 76 3508 0
90 95 3532 0
90 73 3532 0
95 96 3562 0
63 36 3564 1
32 74 3585 1
27 85 3597 0
90 17 3644 0
87 78 3657 1
94 95 3691 0
20 76 3723 0
93 97 3780 0
55 71 3858 0
86 78 3870 1
66 87 3954 0
90 71 3974 0
58 50 3980 0
33 82 3983 1
57 81 3993 0
74 39 4029 1
102 56 4033 1
70 72 4097 1
66 86 4141 0
76 44 4142 1
91 66 4211 0
92 64 4215 0
91 95 4243 0
90 75 4375 0
60 84 4409 0
100 72 4461 1
71 37 4463 1
18 69 4473 0
102 88 4477 1
101 82 4483 1
103 62 4497 1
62 85 4578 0
74 76 4591 1
87 92 4597 0
43 43 4656 1
23 82 4810 0
70 36 4812 1
33 76 4816 1
90 34 4832 1
34 76 4863 1
89 93 4865 0
71 73 4915 1
18 67 4952 0
73 37 4954 1
33 74 4984 1
18 66 5024 0
84 91 5032 0
61 61 5054 0
77 91 5070 0
56 78 5092 0
95 95 5146 0
81 91 5151 0
60 35 5169 1
75 39 5200 1
60 62 5216 0
76 42 5242 1
77 76 5252 1
61 34 5289 1
97 95 5304 0
61 50 5318 0
54 73 5341 0
91 65 5412 0
19 66 5420 0
39 44 5464 1
55 51 5471 0
101 83 5488 1
63 50 5549 0
100 55 5577 1
100 56 5628 1
101 80 5635 1
65 50 5658 0
82 76 5675 1
22 80 5679 0
72 90 5705 0
80 78 5770 1
80 2 5770 1
101 81 5794 1
86 92 5838 0
32 86 5859 0
82 91 5916 0
34 75 5953 1
21 76 6009 0
19 75 6012 0
59 35 6019 1
20 74 6026 0
60 36 6057 1
85 78 6114 1
72 38 6127 1
83 77 6130 1
55 75 6139 0
82 77 6180 1
76 76 6200 1
72 74 6210 1
77 46 6259 1
71 74 6271 1
69 35 6324 1
103 65 6418 1
60 50 6421 0
45 42 6443 1
49 55 6505 0
34 77 6609 1
81 90 6609 0
54 78 6672 0
77 90 6678 0
98 96 6691 0
55 78 6725 0
20 77 6729 0
26 84 6754 0
72 89 6838 0
33 75 6868 1
77 50 6889 1
65 54 6922 0
20 75 6972 0
32 85 6999 0
33 47 7007 1
84 77 7014 1
77 49 7114 1
33 71 7131 1
76 40 7140 1
22 78 7230 0
103 60 7269 1
34 47 7308 1
71 36 7316 1
63 85 7316 0
77 52 7346 1
104 61 7376 1
18 70 7479 0
34 78 7518 1
18 64 7591 0
55 76 7628 0
56 68 7640 0
19 67 7652 0
100 73 7663 1
61 49 7668 0
57 80 7671 0
74 75 7695 1
19 64 7718 0
55 73 7724 0
41 58 7754 0
55 53 7818 0
55 70 7819 0
75 76 7840 1
59 64 7875 0
72 64 7905 1
29 86 7964 0
65 86 8056 0
100 74 8063 1
25 84 8065 0
57 35 8113 1
79 76 8136 1
100 78 8141 1
66 87 8200 0
31 85 8294 0
83 91 8371 0
77 42 8394 1
72 75 8529 1
77 45 8564 1
56 70 8576 0
31 69 8596 1
77 44 8657 1
77 41 8692 1
70 71 8709 1
33 70 8821 1
104 62 8829 1
33 69 8834 1
32 72 8873 1
20 126 8876 1
23 82 8913 0
77 54 8962 1
78 76 8981 1
79 91 9115 0
67 34 9150 1
73 75 9360 1
101 56 9407 1
102 57 9408 1
65 52 9431 0
19 61 9545 0
101 85 9626 1
19 62 9665 0
101 79 9665 1
22 80 9669 0
83 78 9686 1
101 84 9709 1
47 41 9888 1
39 43 9905 1
64 53 9924 0
63 50 9994 0
26 118 10161 1
20 78 10209 0
92 63 10323 0
78 91 10355 0
33 73 10367 1
88 78 10373 1
87 77 10379 1
18 72 10426 0
84 92 10458 0
22 79 10486 0
86 92 10505 0
37 7 10536 1
42 43 10624 1
21 75 10647 0
31 86 10663 0
33 48 10672 1
56 79 10811 0
96 56 10846 1
19 66 10849 0
48 39 10932 1
70 87 10950 0
19 60 11042 0
19 68 11239 0
100 77 11256 1
60 50 11356 0
21 74 11357 0
44 58 11370 0
22 78 11427 0
73 64 11511 1
51 54 11521 0
102 85 11551 1
74 38 11661 1
19 76 11741 0
103 59 11883 1
61 50 11891 0
64 50 12069 0
35 77 12075 1
53 113 12103 1
62 35 12164 1
33 74 12217 1
101 89 12235 1
65 35 12240 1
33 72 12414 1
62 86 12512 0
64 52 12558 0
98 55 12613 1
101 69 12640 1
26 41 12791 0
50 40 12856 1
20 76 12909 0
77 53 12966 1
49 41 13096 1
33 81 13116 1
64 56 13144 0
64 86 13162 0
101 70 13166 1
66 87 13183 0
19 71 13259 0
62 50 13310 0
42 58 13391 0
72 66 13460 1
40 43 13579 1
85 93 13675 0
71 67 13693 1
47 40 13719 1
26 85 13791 0
65 34 13818 1
22 79 13970 0
27 86 14042 0
32 71 14081 1
22 80 14087 0
23 82 14094 0
29 50 14290 1
77 47 14295 1
35 46 14572 1
53 38 14659 1
100 71 14777 1
57 79 14782 0
102 84 14885 1
103 64 15007 1
30 86 15208 0
68 90 15226 0
75 90 15269 0
88 94 15279 0
79 91 15300 0
77 51 15327 1
21 58 15480 0
99 55 15506 1
87 92 15516 0
86 92 15517 0
94 95 15534 0
56 78 15537 0
20 75 15611 0
58 82 15629 0
90 75 15670 0
60 51 15731 0
80 91 15755 0
67 35 15840 1
102 87 15841 1
102 56 15859 1
77 55 15931 1
63 52 16006 0
95 94 16064 0
77 43 16068 1
64 50 16102 0
98 95 16164 0
27 85 16175 0
80 76 16196 1
77 76 16266 1
81 77 16269 1
102 86 16297 1
68 35 16356 1
76 42 16371 1
100 76 16395 1
66 86 16406 0
38 99 16482 0
66 35 16557 1
72 89 16566 0
82 91 16670 0
91 67 16689 0
87 78 16738 1
71 37 16766 1
99 56 16808 1
89 93 16890 0
71 35 16898 1
28 86 16908 0
103 58 16943 1
73 62 16980 1
84 91 16994 0
73 90 17008 0
70 35 17070 1
76 91 17079 0
103 62 17081 1
101 77 17123 1
81 76 17140 1
103 57 17148 1
31 49 17151 1
90 73 17201 0
66 34 17202 1
75 75 17258 1
90 71 17271 0
97 56 17291 1
102 89 17303 1
70 88 17351 0
73 74 17361 1
90 70 17369 0
55 75 17434 0
72 37 17439 1
57 50 17491 0
103 63 17544 1
22 79 17572 0
65 50 17589 0
62 50 17666 0
43 58 17730 0
95 95 17730 0
59 50 17745 0
92 95 17776 0
74 39 17846 1
34 76 17847 1
20 60 17855 0
21 77 17932 0
51 39 17936 1
45 57 18014 0
18 65 18102 0
23 79 18103 0
101 82 18117 1
64 20 18125 0
104 63 18176 1
56 69 18177 0
24 84 18178 0
55 71 18184 0
77 46 18187 1
87 94 18190 0
25 40 18191 0
62 57 18245 0
78 48 18283 1
58 50 18283 0
33 68 18293 1
56 80 18324 0
104 59 18331 1
76 55 18348 1
60 50 18389 0
101 66 18391 1
101 80 18391 1
101 83 18454 1
25 85 18488 0
101 71 18508 1
63 50 18537 0
73 38 18548 1
78 47 18566 1
61 83 18589 0
86 77 18594 1
64 34 18602 1
58 51 18634 0
21 78 18669 0
102 58 18694 1
75 39 18698 1
76 76 18701 1
57 79 18708 0
49 54 18739 0
83 77 18745 1
55 52 18807 0
35 47 18835 1
97 95 18859 0
23 83 18866 0
21 76 18868 0
90 94 18874 0
61 84 18878 0
91 69 18891 0
64 54 18907 0
74 75 18913 1
33 66 18940 1
89 94 18941 0
104 60 18964 1
90 69 18968 0
33 75 19007 1
95 97 19008 0
55 73 19016 0
70 70 19021 1
73 37 19040 1
62 34 19060 1
55 72 19077 0
34 75 19120 1
68 34 19138 1
72 36 19149 1
81 90 19149 0
77 90 19158 0
56 51 19187 0
71 36 19207 1
73 75 19208 1
59 81 19225 0
85 92 19232 0
34 77 19250 1
44 57 19263 0
75 90 19295 0
55 77 19315 0
93 60 19340 0
33 67 19343 1
27 87 19352 0
77 49 19366 1
61 49 19410 0
22 78 19447 0
77 45 19450 1
64 50 19468 0
82 76 19516 1
35 79 19563 1
82 77 19568 1
59 63 19578 0
26 84 19588 0
77 50 19650 1
41 43 19705 1
52 54 19713 0
20 74 19739 0
93 95 19755 0
85 77 19837 1
48 40 19855 1
103 59 19856 1
69 88 19878 0
91 64 19879 0
53 53 19936 0
52 38 19991 1
19 67 20007 0
76 41 20015 1
46 57 20017 0
51 53 20029 0
24 82 20056 0
69 35 20067 1
104 61 20082 1
60 83 20085 0
22 80 20108 0
55 76 20125 0
66 87 20186 0
47 56 20190 0
71 73 20234 1
68 88 20318 0
63 35 20372 1
19 74 20413 0
43 43 20433 1
35 63 20475 0
35 76 20483 1
65 86 20521 0
103 67 20534 1
34 79 20543 1
78 44 20545 1
71 74 20571 1
80 76 20571 1
70 88 20578 0
88 92 20599 0
35 80 20665 1
90 68 20688 0
70 87 20700 0
19 58 20739 0
19 66 20739 0
74 89 20756 0
75 76 20822 1
22 79 20873 0
89 74 20880 0
23 82 20909 0
100 74 20934 1
34 82 20995 1
101 55 21020 1
68 36 21036 1
25 86 21064 0
77 44 21081 1
101 81 21102 1
20 68 21106 0
25 84 21145 0
91 66 21155 0
70 69 21166 1
89 70 21168 0
19 73 21176 0
54 74 21181 0
23 78 21197 0
19 64 21284 0
59 84 21287 0
104 62 21356 1
29 86 21370 0
54 71 21409 0
50 39 21427 1
80 90 21542 0
32 68 21549 1
80 91 21583 0
20 65 21616 0
32 69 21642 1
79 76 21686 1
41 59 21707 0
71 72 21756 1
55 69 21780 0
35 78 21838 1
61 83 21872 0
19 68 21880 0
66 86 21886 0
39 59 21902 0
79 91 21904 0
75 38 21917 1
61 60 21993 0
92 96 22007 0
60 34 22053 1
85 91 22056 0
90 75 22059 0
21 75 22089 0
100 55 22117 1
102 88 22296 1
33 74 22327 1
33 76 22341 1
22 81 22344 0
59 81 22372 0
33 71 22374 1
38 45 22445 1
101 90 22487 1
33 73 22578 1
62 50 22582 0
21 74 22608 0
77 42 22635 1
70 71 22663 1
101 91 22732 1
39 60 22759 0
65 50 22773 0
74 76 22796 1
61 35 22870 1
63 85 22872 0
72 74 22980 1
86 92 23087 0
78 76 23110 1
101 68 23151 1
71 89 23202 0
90 94 23268 0
78 50 23280 1
28 51 23298 1
88 93 23387 0
34 74 23502 1
46 41 23506 1
83 76 23593 1
56 90 23639 1
103 56 23647 1
88 92 23651 0
70 88 23703 0
76 40 23706 1
72 73 23717 1
54 37 23877 1
102 90 23904 1
77 76 24114 1
61 50 24261 0
77 52 24302 1
72 89 24437 0
75 90 24451 0
103 66 24522 1
55 77 24550 0
102 56 24746 1
24 82 24893 0
33 72 24975 1
101 79 25006 1
93 95 25012 0
20 58 25114 0
61 34 25176 1
40 60 25208 0
19 71 25254 0
101 72 25275 1
50 38 25276 1
60 83 25354 0
85 91 25393 0
35 84 25538 1
86 94 25561 0
34 75 25584 1
22 79 25592 0
70 36 25611 1
97 55 25627 1
34 76 25652 1
84 77 25887 1
74 38 25920 1
20 59 25925 0
18 71 26202 0
101 56 26262 1
96 95 26285 0
74 75 26407 1
103 58 26436 1
61 83 26588 0
78 51 26614 1
70 72 26642 1
35 82 26660 1
57 79 26687 0
102 83 26746 1
34 80 26816 1
63 49 26942 0
56 90 26959 0
78 45 27118 1
23 80 27129 0
78 49 27240 1
103 65 27334 1
109 2 27464 1
88 78 27543 1
95 94 27696 0
76 42 27920 1
99 55 27925 1
100 73 27965 1
22 82 28056 0
88 92 28075 0
64 50 28089 0
33 70 28092 1
59 35 28243 1
103 57 28307 1
65 52 28392 0
66 34 28496 1
65 35 28496 1
70 88 28497 0
73 63 28589 1
23 81 28696 0
103 64 28697 1
92 64 28734 0
71 89 28818 0
83 91 28877 0
80 90 28900 0
109 68 28916 0
102 85 28920 1
59 81 28950 0
23 79 28972 0
85 91 28973 0
20 76 28985 0
87 78 29053 1
91 67 29094 0
64 85 29126 0
77 43 29164 1
75 39 29216 1
35 77 29260 1
62 84 29289 0
99 18 29367 1
101 78 29413 1
101 70 29422 1
74 61 29436 1
90 94 29442 0
94 95 29465 0
51 38 29522 1
81 76 29642 1
74 37 29659 1
55 75 29744 0
65 34 29802 1
78 48 29834 1
102 36 29849 1
102 87 29849 1
65 49 29870 0
83 90 29874 0
40 44 29884 1
67 34 29885 1
57 80 29901 0
56 70 29995 0
73 36 30027 1
73 75 30053 1
37 119 30106 1
96 95 30129 0
75 75 30153 1
72 36 30173 1
101 80 30250 1
71 35 30335 1
60 35 30390 1
49 39 30416 1
102 84 30424 1
87 92 30448 0
63 34 30478 1
77 54 30491 1
72 90 30588 0
81 90 30653 0
77 90 30673 0
64 55 30684 0
73 74 30696 1
104 59 30753 1
63 49 30783 0
104 60 30831 1
74 89 30860 0
86 77 30888 1
68 35 30901 1
57 68 30917 0
101 59 30949 1
45 42 30949 1
22 78 31020 0
90 73 31143 0
34 77 31154 1
104 65 31157 1
80 76 31197 1
66 35 31214 1
101 76 31273 1
70 87 31278 0
76 77 31282 1
71 71 31322 1
71 36 31325 1
99 54 31362 1
103 59 31391 1
60 62 31408 0
30 85 31412 0
56 78 31436 0
83 77 31496 1
59 34 31499 1
78 47 31514 1
76 56 31536 1
77 41 31548 1
104 61 31562 1
101 82 31623 1
32 47 31639 1
35 81 31652 1
77 45 31674 1
82 76 31675 1
67 85 31702 0
67 87 31715 0
73 37 31743 1
77 51 31762 1
74 60 31802 1
68 34 31809 1
101 75 31822 1
91 65 31833 0
64 34 31871 1
101 77 31873 1
33 69 31931 1
27 84 31965 0
78 42 31972 1
101 81 31973 1
41 58 31992 0
78 43 32020 1
77 44 32020 1
73 62 32056 1
34 73 32068 1
102 86 32111 1
23 80 32137 0
78 52 32156 1
77 42 32220 1
65 50 32233 0
31 85 32240 0
26 85 32246 0
91 69 32261 0
71 70 32317 1
102 81 32323 1
20 75 32336 0
95 94 32378 0
24 83 32449 0
29 85 32479 0
21 76 32480 0
85 77 32504 1
57 37 32510 1
70 35 32534 1
55 73 32609 0
61 59 32633 0
36 80 32642 1
79 78 32661 1
79 76 32661 1
33 65 32744 1
72 64 32786 1
62 49 32797 0
23 81 32838 0
60 50 32866 0
32 71 32886 1
104 62 32923 1
26 82 32955 0
64 85 33031 0
71 73 33081 1
53 37 33124 1
42 58 33178 0
33 74 33189 1
55 77 33195 0
74 36 33210 1
34 47 33241 1
98 54 33279 1
65 84 33326 0
102 56 33371 1
84 76 33406 1
87 78 33444 1
69 35 33446 1
62 84 33479 0
19 67 33583 0
62 34 33607 1
76 39 33633 1
33 68 33635 1
58 50 33649 0
85 91 33661 0
101 73 33661 1
61 49 33741 0
33 67 33741 1
55 70 33777 0
72 65 33781 1
22 80 33830 0
104 63 33847 1
44 42 33864 1
21 75 33894 0
26 84 33904 0
71 68 33928 1
69 34 33959 1
39 44 33987 1
25 84 33991 0
19 62 34036 0
27 85 34045 0
38 44 34046 1
93 95 34046 0
57 51 34065 0
30 86 34071 0
23 78 34101 0
61 61 34169 0
33 73 34171 1
57 50 34177 0
77 49 34187 1
60 83 34196 0
95 95 34225 0
40 58 34243 0
34 78 34314 1
83 90 34344 0
98 55 34355 1
18 70 34356 0
34 66 34357 1
103 55 34466 1
102 83 34483 1
103 58 34490 1
20 68 34493 0
19 59 34665 0
83 76 34726 1
61 83 34738 0
24 82 34789 0
32 85 34799 0
74 75 34804 1
71 72 34826 1
33 71 34835 1
21 74 34840 0
101 79 34877 1
77 53 34916 1
91 94 34918 0
19 66 34960 0
20 65 34981 0
35 75 35018 1
71 89 35024 0
36 82 35032 1
20 74 35045 0
82 75 35101 1
88 92 35111 0
76 40 35118 1
34 75 35119 1
35 83 35131 1
102 55 35163 1
75 39 35164 1
59 81 35263 0
72 35 35285 1
34 46 35317 1
103 56 35321 1
63 49 35365 0
33 72 35368 1
22 79 35392 0
35 76 35419 1
84 91 35452 0
19 68 35474 0
35 79 35474 1
43 42 35477 1
75 89 35490 0
66 86 35536 0
101 55 35551 1
89 91 35559 0
85 76 35591 1
78 50 35620 1
21 77 35660 0
74 74 35745 1
34 74 35756 1
27 84 35764 0
100 55 35787 1
55 72 35831 0
93 94 35887 0
62 49 35905 0
75 90 35907 0
77 39 35912 1
102 89 35961 1
35 78 35962 1
73 64 35964 1
99 56 36033 1
9 26 36074 1
31 86 36078 0
101 71 36148 1
19 64 36150 0
59 50 36182 0
19 61 36231 0
91 71 36238 0
31 50 36245 1
96 95 36275 0
23 81 36298 0
74 37 36302 1
75 57 36347 1
33 70 36374 1
77 43 36478 1
73 90 36695 0
80 91 36709 0
54 53 36711 0
75 38 36791 1
63 50 36793 0
79 91 36830 0
77 76 36846 1
62 50 36896 0
33 66 36928 1
94 60 36948 0
33 47 36965 1
23 82 36968 0
70 71 37093 1
62 59 37101 0
51 54 37109 0
29 85 37136 0
103 57 37139 1
34 76 37158 1
43 58 37184 0
70 88 37187 0
65 54 37275 0
75 75 37301 1
26 86 37344 0
81 76 37351 1
55 74 37364 0
102 68 37385 1
49 55 37398 0
109 68 37451 1
19 69 37474 0
37 46 37494 1
104 58 37528 1
24 83 37537 0
72 36 37588 1
63 56 37624 0
23 80 37638 0
77 75 37661 1
25 87 37675 0
87 77 37691 1
80 90 37692 0
99 95 37750 0
75 58 37840 1
102 91 37873 1
67 87 37877 0
78 44 37877 1
30 85 37908 0
64 85 37979 0
43 43 38038 1
36 79 38041 1
77 50 38106 1
21 73 38244 0
23 79 38420 0
62 84 38461 0
102 88 38466 1
65 53 38590 0
66 34 38600 1
101 78 38614 1
32 69 38625 1
56 69 38639 0
57 79 38699 0
90 71 38808 0
70 70 38842 1
67 34 38946 1
49 40 39036 1
59 82 39141 0
64 56 39160 0
35 46 39214 1
91 94 39527 0
36 81 39668 1
87 93 39767 0
88 78 39843 1
19 63 39962 0
62 82 40127 0
62 49 40177 0
29 87 40185 0
59 83 40205 0
76 75 40240 1
73 65 40251 1
93 94 40306 0
51 53 40354 0
65 34 40367 1
50 55 40524 0
44 58 40537 0
102 85 40557 1
18 63 40612 0
22 83 40619 0
17 73 40652 0
27 84 40674 0
45 58 40680 0
82 77 40693 1
23 81 40906 0
46 56 40936 0
101 83 41099 1
40 43 41195 1
65 49 41220 0
64 50 41340 0
62 51 41371 0
35 77 41374 1
70 87 41488 0
49 54 41549 0
19 71 41698 0
90 75 41703 0
92 63 41779 0
74 89 41909 0
78 91 41971 0
90 94 42054 0
60 34 42098 1
77 40 42202 1
66 88 42268 0
78 90 42318 0
73 74 42336 1
72 73 42413 1
19 69 42525 0
78 45 42577 1
34 73 42614 1
104 60 42834 1
81 90 42889 0
65 51 42931 0
61 82 42965 0
55 74 43007 0
77 90 43008 0
59 51 43059 0
71 88 43081 0
90 70 43103 0
61 34 43427 1
67 85 43475 0
82 91 43522 0
72 89 43576 0
91 94 43717 0
95 94 43816 0
59 82 43822 0
56 75 43929 0
40 59 43987 0
101 89 44061 1
51 39 44070 1
91 67 44169 0
89 95 44239 0
53 53 44259 0
32 49 44355 1
104 59 44510 1
22 78 44547 0
53 75 44578 0
91 66 44620 0
78 75 44659 1
20 69 44755 0
65 84 44955 0
36 46 45159 1
83 90 45168 0
78 46 45170 1
97 95 45203 0
28 86 45310 0
96 95 45397 0
24 83 45449 0
65 50 45505 0
59 65 45554 0
21 73 45580 0
91 68 45584 0
23 78 45585 0
54 54 45700 0
20 60 45786 0
36 62 45879 0
78 90 45897 0
36 63 45970 0
64 85 46034 0
86 91 46133 0
61 82 46197 0
99 55 46228 1
44 57 46314 0
63 49 46322 0
17 72 46530 0
21 57 46573 0
26 82 46630 0
21 75 46833 0
93 94 46864 0
80 76 46871 1
53 38 46942 1
85 91 46945 0
81 91 47011 0
77 91 47015 0
59 64 47025 0
79 75 47027 1
94 61 47101 0
29 85 47140 0
78 49 47162 1
19 63 47246 0
78 48 47285 1
65 51 47342 0
71 36 47345 1
19 69 47374 0
83 77 47384 1
78 47 47502 1
56 75 47511 0
65 53 47566 0
62 84 47594 0
78 92 47611 0
21 74 47617 0
71 88 47662 0
89 75 47721 0
67 87 47736 0
71 89 47780 0
55 74 48056 0
94 96 48104 0
32 86 48150 0
57 81 48166 0
27 86 48219 0
26 83 48398 0
71 35 48472 1
89 91 48581 0
22 59 48668 0
19 67 48751 0
100 76 48856 1
59 82 48873 0
68 34 48956 1
101 81 49205 1
91 68 49330 0
34 75 49557 1
73 37 49566 1
20 63 49681 0
23 80 49705 0
91 94 49755 0
101 74 49765 1
86 91 49849 0
63 83 49851 0
55 71 49889 0
47 55 49950 0
35 80 49994 1
70 69 50000 1
98 95 50092 0
63 88 50109 0
21 76 50175 0
20 69 50243 0
101 70 50502 1
78 90 50658 0
20 68 50699 0
61 82 50885 0
62 47 50916 1
79 90 50942 0
53 54 50984 0
65 52 51060 0
55 73 51065 0
62 49 51090 0
42 59 51176 0
92 83 51234 1
20 70 51273 0
94 60 51289 0
73 35 51365 1
56 70 51432 0
77 20 51493 0
21 80 51494 0
32 68 51512 1
30 49 51550 1
38 61 51597 0
20 65 51634 0
83 92 51907 0
37 92 51932 0
64 87 52009 0
30 72 52356 1
76 90 52455 0
69 89 52511 0
40 59 52534 0
56 75 52566 0
2 38 52778 0
69 87 53232 0
100 54 53322 1
70 89 53348 0
37 7 53394 0
26 83 53412 0
34 39 53453 0
7 33 53592 0
30 85 53671 0
48 55 54153 0
86 91 54159 0
101 72 54487 1
34 72 54494 1
19 69 54818 0
33 69 54930 1
99 94 55024 0
101 80 55102 1
101 76 55293 1
104 61 55302 1
82 76 55309 1
90 76 55326 0
104 65 55405 1
104 64 55407 1
102 84 55411 1
86 77 55473 1
77 52 55532 1
20 70 55570 0
103 62 55575 1
102 87 55615 1
103 64 55618 1
37 82 55694 1
77 44 55745 1
78 51 55778 1
91 69 55929 0
101 77 55965 1
102 56 55976 1
64 34 56048 1
34 74 56108 1
104 62 56156 1
33 74 56163 1
90 74 56236 0
63 83 56271 0
92 64 56281 0
85 77 56321 1
91 71 56322 0
79 90 56375 0
75 89 56422 0
103 65 56476 1
73 36 56479 1
101 75 56518 1
77 41 56540 1
87 90 56549 0
71 88 56550 0
87 78 56557 1
59 82 56610 0
91 68 56639 0
73 89 56756 0
76 90 56761 0
77 42 56848 1
52 38 57110 1
71 73 57349 1
95 94 57397 0
78 41 57472 1
33 72 57477 1
76 42 57488 1
57 78 57506 0
69 87 57526 0
75 39 57586 1
71 71 57650 1
74 37 57687 1
92 93 57695 0
99 54 57702 1
88 77 57839 1
72 87 57858 0
63 84 57873 0
89 78 57885 1
103 56 57958 1
65 35 57993 1
50 39 58113 1
20 72 58235 0
103 83 58256 1
101 79 58329 1
55 74 58351 0
78 43 58486 1
79 76 58515 1
91 92 58533 0
95 58 58583 0
102 81 58616 1
91 70 58661 0
45 57 58711 0
62 82 58718 0
60 63 58728 0
84 76 58752 1
76 40 58788 1
20 63 58816 0
83 76 58836 1
101 73 58852 1
71 72 58875 1
74 75 58884 1
77 55 58925 1
23 81 58956 0
73 41 58989 1
73 62 58989 1
103 57 58990 1
61 62 59009 0
80 75 59044 1
61 49 59269 0
80 90 59306 0
33 73 59315 1
55 51 59439 0
78 90 59481 0
103 58 59494 1
65 49 59496 0
75 75 59517 1
78 50 59534 1
19 60 59534 0
104 58 59551 1
31 85 59567 0
76 39 59595 1
66 53 59656 0
70 87 59691 0
35 76 59723 1
104 60 59733 1
63 34 59752 1
26 84 59837 0
23 79 59861 0
74 61 59914 1
74 89 59920 0
99 103 59927 1
78 53 60025 1
102 54 60039 1
65 51 60057 0
33 70 60140 1
101 78 60193 1
102 83 60212 1
71 34 60272 1
67 85 60325 0
64 33 60400 1
21 62 60440 0
56 83 60460 0
27 84 60501 0
59 81 60503 0
76 38 60551 1
42 58 60574 0
33 71 60574 1
102 90 60605 1
41 58 60630 0
26 87 60642 0
61 82 60659 0
94 59 60671 0
69 34 60671 1
63 85 60683 0
65 84 60693 0
102 80 60731 1
101 71 60737 1
77 75 60788 1
73 74 60840 1
24 81 60864 0
77 43 60886 1
75 74 60898 1
100 55 60973 1
73 89 60978 0
24 82 60992 0
37 62 61027 0
78 48 61035 1
71 67 61064 1
104 63 61067 1
81 76 61075 1
56 68 61137 0
74 74 61172 1
23 78 61229 0
101 80 61302 1
19 66 61362 0
89 91 61366 0
20 70 61381 0
78 42 61565 1
85 76 61670 1
62 34 61675 1
72 36 61689 1
64 51 61709 0
74 36 61770 1
69 87 61780 0
56 75 61849 0
72 72 61856 1
73 73 61858 1
57 78 61868 0
102 82 61881 1
75 38 61946 1
56 52 61958 0
76 90 61982 0
46 41 62021 1
92 93 62048 0
78 44 62065 1
19 64 62076 0
33 67 62141 1
86 91 62196 0
51 38 62273 1
90 76 62287 0
26 83 62409 0
66 34 62409 1
42 42 62418 1
27 85 62426 0
101 55 62441 1
63 84 62441 0
54 37 62446 1
75 37 62514 1
102 79 62517 1
33 68 62538 1
104 59 62576 1
90 74 62610 0
63 83 62656 0
72 91 62658 0
37 45 62751 1
77 90 62840 0
83 90 62850 0
19 68 62854 0
61 83 62873 0
20 72 62880 0
101 92 62947 1
33 46 62951 1
35 75 63023 1
87 77 63063 1
82 75 63131 1
35 77 63139 1
91 70 63141 0
72 73 63170 1
34 73 63188 1
90 92 63262 0
89 93 63290 0
45 41 63317 1
57 77 63331 0
72 35 63412 1
93 94 63553 0
65 50 63567 0
20 74 63638 0
64 55 63642 0
63 49 63660 0
19 63 63672 0
32 85 63711 0
94 94 63743 0
57 50 63747 0
26 82 63795 0
80 76 63816 1
20 69 63829 0
67 34 63880 1
89 92 63968 0
101 70 63981 1
81 90 64000 0
56 67 64085 0
5 61 64207 0
22 79 64247 0
19 73 64292 0
48 41 64295 1
58 50 64391 0
102 84 64628 1
61 60 64781 0
24 81 64787 0
104 61 64867 1
58 78 64998 0
45 42 65014 1
79 90 65074 0
36 45 65140 1
72 88 65203 0
103 89 65241 1
101 76 65345 1
74 60 65401 1
59 34 65417 1
86 76 65467 1
59 35 65477 1
58 34 65541 1
71 69 65705 1
73 89 65710 0
71 70 65736 1
77 41 65803 1
36 77 65822 1
82 76 65889 1
19 72 65918 0
58 79 65940 0
78 75 66000 1
103 55 66009 1
34 71 66042 1
92 65 66043 0
88 78 66056 1
43 42 66061 1
103 66 66114 1
40 42 66171 1
32 48 66242 1
20 68 66476 0
60 63 66528 0
35 78 66733 1
101 77 66796 1
91 93 66808 0
81 75 66808 1
37 7 66833 1
57 35 66859 1
103 87 66973 1
90 92 66984 0
35 79 67113 1
75 90 67161 0
57 77 67215 0
48 55 67356 0
63 84 67422 0
21 73 67484 0
58 84 67537 0
57 78 67690 0
95 94 67717 0
101 72 67731 1
24 86 67758 0
77 42 67794 1
69 87 67817 0
94 94 67859 0
99 55 67961 1
102 89 67966 1
65 34 68073 1
39 43 68128 1
70 86 68265 0
103 85 68266 1
101 91 68276 1
101 74 68323 1
91 71 68435 0
89 92 68501 0
86 77 68560 1
77 45 68577 1
83 89 68586 0
71 35 68607 1
87 78 68625 1
103 56 68641 1
104 62 68656 1
102 55 68704 1
78 52 68754 1
91 69 68797 0
104 66 68874 1
103 88 68875 1
103 86 68906 1
91 67 68920 0
58 78 69029 0
76 55 69040 1
68 34 69094 1
87 76 69158 1
91 68 69160 0
74 37 69168 1
101 73 69188 1
102 83 69215 1
101 75 69220 1
101 54 69227 1
91 92 69234 0
73 36 69260 1
78 43 69285 1
87 90 69286 0
75 89 69319 0
92 93 69323 0
102 56 69360 1
66 84 69391 0
83 75 69431 1
91 70 69457 0
95 94 69471 0
72 87 69473 0
79 75 69490 1
75 39 69495 1
21 74 69514 0
71 36 69596 1
71 71 69604 1
94 95 69707 0
103 84 69710 1
98 55 69818 1
77 40 69833 1
91 94 69837 0
89 91 69876 0
79 46 69877 1
20 72 69909 0
72 88 69928 0
84 75 69955 1
75 91 69976 0
25 84 69984 0
70 34 70045 1
65 49 70097 0
89 78 70102 1
85 77 70112 1
62 82 70116 0
56 51 70120 0
36 78 70149 1
83 76 70185 1
19 69 70188 0
75 38 70241 1
76 39 70248 1
104 58 70267 1
27 83 70272 0
104 57 70311 1
102 81 70316 1
102 88 70317 1
71 72 70323 1
100 54 70325 1
64 34 70335 1
84 76 70396 1
78 40 70405 1
78 44 70409 1
78 42 70432 1
103 55 70442 1
61 61 70508 0
91 74 70520 0
78 48 70534 1
58 79 70589 0
99 53 70593 1
22 75 70600 0
102 69 70604 1
75 59 70606 1
78 49 70609 1
102 85 70612 1
102 54 70639 1
94 94 70641 0
53 37 70692 1
74 74 70693 1
56 69 70694 0
69 33 70712 1
68 33 70725 1
90 92 70729 0
77 75 70748 1
102 78 70758 1
25 85 70760 0
67 85 70788 0
91 93 70823 0
102 80 70835 1
103 56 70841 1
78 45 70871 1
57 68 70873 0
74 62 70880 1
71 73 70880 1
80 75 70916 1
78 47 70916 1
102 84 70933 1
66 33 70943 1
87 77 70977 1
95 94 70990 0
104 61 71007 1
73 35 71015 1
54 72 71058 0
20 62 71059 0
55 36 71075 1
65 84 71095 0
35 76 71152 1
77 54 71156 1
34 72 71168 1
76 38 71168 1
41 42 71170 1
95 57 71171 0
57 77 71185 0
82 75 71194 1
90 74 71204 0
73 74 71242 1
91 71 71258 0
78 90 71259 0
47 55 71260 0
61 49 71263 0
88 77 71284 1
72 34 71300 1
73 89 71310 0
51 53 71311 0
70 86 71329 0
64 48 71337 0
77 74 71382 1
50 38 71389 1
56 70 71443 0
61 82 71444 0
27 82 71454 0
34 74 71456 1
101 77 71456 1
101 76 71491 1
92 64 71508 0
77 41 71524 1
92 66 71527 0
101 72 71528 1
78 50 71536 1
52 37 71544 1
72 36 71557 1
72 73 71558 1
20 74 71559 1
20 75 71559 0
33 48 71591 1
24 81 71594 0
61 33 71642 1
33 69 71646 1
57 79 71669 0
74 36 71679 1
31 48 71687 1
29 85 71707 0
73 72 71721 1
76 90 71723 0
75 57 71738 1
103 65 71757 1
74 89 71760 0
92 65 71764 0
74 35 71790 1
105 58 71790 1
74 37 71821 1
34 47 71847 1
74 63 71847 1
101 73 71860 1
103 67 71866 1
20 65 71878 0
33 72 71879 1
78 51 71918 1
23 79 71943 0
101 71 71962 1
71 71 71967 1
58 78 71975 0
20 59 72003 0
65 33 72008 1
21 58 72024 0
87 90 72025 0
65 54 72029 0
57 70 72043 0
64 85 72058 0
81 76 72073 1
91 69 72131 0
73 73 72135 1
78 41 72145 1
99 54 72155 1
30 84 72156 1
103 90 72175 1
20 63 72180 0
85 76 72203 1
72 87 72211 0
103 85 72244 1
44 56 72248 0
52 53 72258 0
62 58 72267 0
73 36 72272 1
70 87 72272 0
104 65 72274 1
101 70 72292 1
65 49 72337 0
104 60 72343 1
63 83 72351 0
93 94 72353 0
35 74 72368 1
62 82 72397 0
75 37 72401 1
34 69 72406 1
71 70 72450 1
71 68 72457 1
104 62 72461 1
23 80 72472 0
34 70 72505 1
34 65 72584 1
30 85 72589 0
33 71 72591 1
75 38 72630 1
65 50 72638 0
79 89 72642 0
20 70 72649 0
95 93 72664 0
21 75 72684 0
34 73 72691 1
43 57 72720 0
23 78 72724 0
73 87 72726 0
77 39 72765 1
65 53 72827 0
83 89 72835 0
40 58 72841 0
103 83 72885 1
72 72 72909 1
80 90 72917 0
102 83 72924 1
59 50 72942 0
55 52 72950 0
31 85 72957 0
83 75 72979 1
71 34 72980 1
78 75 72999 1
35 75 73000 1
67 33 73019 1
91 67 73022 0
91 92 73026 0
102 68 73030 1
66 84 73034 0
89 92 73046 0
93 61 73047 0
94 94 73084 0
78 54 73103 1
34 66 73108 1
60 50 73119 0
34 46 73120 1
74 61 73121 1
78 43 73121 1
83 90 73132 0
61 34 73135 1
22 76 73184 0
78 44 73194 1
33 70 73236 1
89 91 73255 0
26 85 73262 0
22 57 73288 0
26 82 73288 0
49 54 73306 0
71 35 73317 1
102 79 73363 1
66 34 73363 1
62 33 73377 1
72 71 73380 1
75 89 73411 0
99 94 73440 0
55 76 73446 0
67 85 73455 0
72 35 73476 1
44 57 73492 0
79 74 73502 1
34 71 73511 1
33 68 73514 1
33 66 73539 1
91 70 73545 0
29 49 73546 1
69 34 73564 1
35 80 73567 1
36 79 73568 1
101 78 73602 1
91 77 73612 0
72 88 73619 0
62 49 73628 0
22 75 73636 0
102 76 73641 1
91 74 73685 0
27 84 73692 0
79 44 73702 1
77 40 73708 1
70 86 73732 0
84 90 73757 0
76 74 73763 1
43 43 73769 1
104 59 73801 1
82 76 73830 1
76 39 73844 1
35 77 73852 1
67 34 73852 1
91 68 73853 0
35 46 73855 1
101 80 73888 1
73 64 73904 1
20 68 73913 0
65 86 73956 0
74 91 73960 0
63 84 73971 0
34 67 74001 1
71 88 74014 0
20 65 74026 0
71 69 74033 1
44 42 74036 1
78 48 74045 1
27 83 74054 0
39 59 74068 0
85 89 74089 0
37 79 74089 1
71 72 74113 1
60 34 74120 1
36 80 74135 1
57 77 74136 0
75 58 74145 1
37 81 74159 1
22 74 74166 0
74 74 74188 1
62 34 74193 1
63 33 74195 1
64 33 74214 1
34 72 74304 1
104 63 74315 1
26 83 74329 0
26 84 74344 0
35 73 74354 1
34 68 74365 1
78 42 74365 1
92 93 74442 0
104 56 74443 1
79 75 74444 1
65 83 74470 0
101 55 74488 1
72 67 74494 1
20 60 74514 0
88 91 74516 0
20 69 74532 0
103 82 74556 1
61 32 74561 1
56 36 74561 1
102 70 74577 1
35 76 74580 1
37 78 74617 1
86 77 74621 1
101 74 74651 1
86 76 74664 1
104 55 74666 1
58 80 74741 0
56 75 74774 0
64 56 74793 0
101 54 74814 1
44 41 74826 1
79 45 74837 1
77 75 74869 1
52 38 74904 1
103 55 74905 1
35 74 74911 1
36 77 74949 1
42 42 74971 1
68 34 74976 1
90 92 74991 0
80 75 74991 1
74 36 75008 1
73 35 75021 1
91 93 75037 0
33 69 75051 1
58 78 75089 0
71 90 75144 0
74 88 75145 0
29 50 75147 1
77 42 75148 1
89 77 75148 1
84 76 75169 1
57 67 75188 0
74 73 75229 1
21 73 75293 0
82 75 75296 1
92 66 75301 0
98 54 75324 1
65 84 75360 0
35 81 75363 1
58 79 75394 0
45 41 75493 1
74 37 75505 1
38 45 75525 1
102 81 75587 1
19 72 75592 0
60 61 75613 0
75 74 75616 1
41 58 75644 0
73 62 75670 1
60 79 75676 0
87 77 75691 1
103 84 75708 1
49 39 75712 1
26 51 75718 1
104 64 75744 1
89 78 75832 1
21 74 75841 0
87 76 75849 1
71 71 75853 1
68 33 75876 1
20 62 75882 0
33 67 75902 1
35 82 75949 1
77 41 75954 1
79 89 75966 0
71 67 75999 1
64 48 76012 0
83 76 76058 1
101 75 76075 1
60 62 76085 0
21 62 76100 0
43 42 76148 1
35 78 76165 1
57 78 76238 0
102 80 76244 1
35 75 76273 1
22 76 76282 0
91 66 76287 0
55 77 76296 0
76 38 76319 1
22 75 76320 0
23 78 76357 0
78 52 76377 1
80 74 76377 1
102 54 76408 1
33 84 76408 0
86 93 76440 0
33 65 76464 1
81 90 76491 0
60 63 76526 0
77 38 76539 1
78 50 76587 1
73 36 76608 1
72 87 76615 0
75 75 76679 1
21 68 76681 0
81 75 76727 1
102 89 76732 1
91 71 76733 0
85 90 76764 0
52 53 76817 0
103 87 76828 1
27 51 76830 1
66 53 76842 0
76 56 76864 1
84 90 76899 0
79 46 76903 1
64 34 76903 1
74 35 76910 1
23 75 76964 0
94 94 76966 0
62 82 77013 0
84 75 77063 1
34 71 77095 1
22 74 77096 0
103 56 77118 1
72 73 77142 1
64 51 77188 0
76 57 77192 1
24 81 77236 0
51 38 77278 1
20 70 77332 0
53 37 77336 1
103 86 77343 1
48 40 77424 1
34 69 77538 1
77 74 77556 1
100 53 77607 1
85 75 77636 1
68 84 77693 0
74 88 77788 0
34 73 77832 1
43 57 77841 0
73 73 77843 1
20 63 77853 0
19 71 77858 0
34 64 77866 1
70 86 77972 0
20 58 77976 0
100 54 78027 1
27 83 78029 0
75 36 78033 1
59 33 78035 1
72 34 78046 1
34 70 78139 1
33 47 78139 1
20 72 78146 0
47 40 78149 1
88 91 78227 0
70 113 78235 1
80 76 78275 1
103 88 78307 1
53 38 78325 1
66 33 78406 1
71 70 78441 1
75 37 78446 1
28 52 78456 1
32 47 78472 1
19 62 78583 0
26 82 78641 0
102 71 78694 1
101 72 78703 1
99 55 78707 1
36 78 78740 1
27 82 78794 0
41 42 78841 1
23 79 78941 0
92 65 79025 0
66 84 79093 0
88 77 79114 1
45 42 79119 1
53 53 79148 0
75 60 79175 1
61 82 79202 0
91 75 79230 0
35 79 79282 1
103 54 79287 1
46 57 79379 0
35 76 79433 1
34 72 79544 1
24 83 79549 0
39 44 79632 1
97 93 79758 0
25 83 79785 0
22 76 79817 0
78 43 79823 1
72 72 79897 1
20 69 79904 0
79 90 79905 0
61 62 79939 0
103 68 80066 1
54 37 80067 1
101 77 80067 1
57 70 80145 0
22 75 80257 0
36 81 80257 1
84 90 80273 0
92 94 80286 0
85 90 80306 0
17 69 80309 0
49 40 80473 1
73 74 80482 1
72 88 80590 0
101 76 80619 1
42 58 80716 0
60 80 80717 0
72 36 80719 1
77 43 80742 1
87 90 80781 0
45 57 80794 0
89 92 80953 0
47 54 80967 0
20 62 80977 0
35 72 81000 1
35 77 81012 1
58 80 81055 0
95 94 81113 0
57 77 81318 0
91 74 81411 0
63 83 81452 0
52 53 81549 0
74 88 81607 0
61 33 81743 1
71 34 81792 1
95 93 81867 0
79 89 81871 0
33 71 81879 1
57 68 82015 0
41 59 82099 0
56 73 82105 0
62 59 82123 0
22 74 82126 0
56 79 82169 0
104 61 82200 1
90 73 82279 0
78 44 82288 1
20 68 82368 0
66 86 82465 0
36 75 82482 1
91 75 82543 0
91 93 82548 0
32 85 82701 0
72 35 82722 1
87 91 82736 0
30 86 82761 0
88 91 82762 0
56 76 82767 0
91 70 82773 0
73 89 82842 0
55 79 82880 0
47 56 82999 0
20 71 83014 0
58 78 83026 0
50 40 83047 1
58 79 83083 0
67 85 83093 0
64 54 83127 0
85 89 83131 0
83 89 83370 0
34 66 83425 1
60 80 83435 0
89 91 83571 0
73 87 83660 0
65 83 83709 0
85 76 83772 1
54 53 83799 0
29 85 83805 0
64 49 83805 0
20 61 83813 0
57 84 83834 0
45 56 83880 0
96 96 83907 0
15 81 83920 0
85 90 83968 0
51 53 84091 0
91 92 84157 0
20 65 84199 0
102 84 84202 1
88 92 84222 0
100 94 84250 0
27 84 84343 0
41 27 84362 0
71 33 84492 1
75 38 84504 1
50 39 84505 1
65 33 84516 1
24 80 84551 0
30 85 84591 0
102 78 84596 1
74 89 84632 0
21 75 84640 0
34 85 84685 0
24 82 84701 0
76 39 84701 1
22 76 84710 0
92 66 84777 0
65 52 84793 0
91 69 84809 0
84 90 84813 0
22 58 84818 0
90 92 84856 0
46 56 84892 0
80 75 85089 1
54 76 85145 0
90 69 85189 0
95 58 85199 0
66 87 85218 0
101 73 85240 1
60 79 85340 0
20 67 85389 0
77 40 85394 1
61 61 85420 0
25 83 85451 0
74 36 85453 1
102 79 85470 1
71 35 85582 1
57 80 85601 0
64 48 85616 0
105 60 85628 1
30 84 85725 0
33 68 85782 1
78 75 85807 1
75 91 85808 0
60 80 85831 0
33 70 85853 1
27 83 85909 0
102 69 85943 1
62 85 86097 0
56 73 86148 0
92 94 86162 0
26 83 86163 0
22 75 86164 0
58 80 86192 0
29 86 86206 0
90 72 86270 0
75 89 86356 0
63 49 86396 0
30 87 86405 0
104 65 86421 1
19 68 86436 0
21 77 86445 0
79 47 86473 1
25 82 86474 0
91 75 86511 0
40 59 86589 0
44 56 86772 0
28 84 86825 0
21 63 86934 0
78 42 86939 1
83 75 86978 1
77 39 86991 1
70 86 87022 0
46 41 87044 1
34 67 87073 1
76 74 87075 1
74 88 87105 0
52 54 87135 0
62 33 87313 1
79 75 87384 1
40 43 87401 1
34 84 87463 0
35 74 87468 1
17 77 87572 0
64 83 87597 1
78 74 87625 1
78 51 87641 1
65 51 87751 0
102 83 87763 1
59 79 87772 0
82 75 87786 1
74 62 87796 1
72 89 87816 0
79 48 87843 1
24 80 87977 0
65 84 87981 0
51 54 88002 0
87 92 88010 0
77 90 88064 0
94 94 88128 0
43 57 88174 0
52 53 88294 0
78 41 88360 1
22 59 88379 0
85 90 88391 0
97 94 88432 0
102 90 88445 1
19 70 88475 0
57 50 88482 0
79 42 88485 1
36 76 88555 1
64 49 88570 0
78 53 88747 1
78 39 88770 1
72 70 88856 1
23 75 88905 0
87 91 88916 0
20 71 88927 0
78 40 89019 1
56 76 89076 0
60 80 89111 0
21 68 89180 0
43 58 89207 0
69 33 89312 1
35 75 89318 1
20 67 89320 0
30 84 89392 0
105 61 89456 1
21 73 89619 0
58 50 89638 0
17 68 89754 0
56 73 90011 0
25 82 90267 0
35 73 90398 1
75 74 90421 1
19 69 90462 0
20 61 90476 0
21 76 90523 0
61 85 90533 0
23 83 90571 0
88 91 90572 0
93 95 90575 0
24 80 90620 0
22 74 90639 0
93 64 90665 0
59 79 91006 0
55 51 91150 0
34 71 91159 1
73 34 91162 1
0 0 91247 0
19 72 91294 0
86 76 91418 1
92 63 91430 0
74 37 91490 1
71 69 91537 1
28 84 91570 0
36 77 91761 1
36 62 91871 0
66 34 91981 1
67 33 92059 1
72 71 92079 1
105 59 92178 1
21 64 92199 0
77 41 92320 1
64 33 92335 1
72 66 92353 1
69 86 92432 0
99 53 92548 1
103 89 92631 1
74 64 92762 1
63 33 92805 1
43 41 92831 1
34 68 92864 1
97 94 92879 0
103 55 92941 1
103 85 93048 1
92 94 93106 0
102 91 93115 1
36 82 93160 1
20 67 93190 0
61 80 93233 0
23 78 93261 0
32 27 93320 0
104 62 93327 1
65 49 93360 0
103 66 93389 1
24 81 93472 0
67 34 93514 1
20 62 93526 0
64 49 93557 0
24 80 93578 0
19 67 93733 0
102 75 93849 1
22 76 94093 0
25 83 94168 0
21 74 94195 0
30 84 94228 0
63 54 94272 0
58 80 94286 0
46 58 94361 0
76 90 94372 0
13 78 94381 0
42 60 94395 0
104 55 94436 1
52 37 94492 1
26 82 94612 0
102 81 94616 1
84 93 94648 0
59 34 94729 1
103 83 94783 1
77 75 94802 1
25 82 94904 0
88 76 94952 1
91 72 95112 0
87 76 95174 1
105 58 95195 1
97 93 95199 0
102 53 95210 1
102 80 95227 1
28 83 95229 0
105 57 95263 1
103 84 95392 1
91 71 95432 0
95 93 95477 0
76 38 95488 1
56 76 95628 0
20 71 95639 0
84 76 95672 1
89 77 95673 1
36 79 95715 1
71 87 95733 0
66 51 95767 0
74 63 95769 1
75 57 95772 1
79 43 95776 1
75 37 95803 1
79 89 95832 0
104 56 95847 1
75 59 95932 1
102 54 96063 1
73 35 96098 1
99 54 96107 1
37 82 96120 1
85 89 96129 0
59 79 96152 0
66 50 96186 0
101 53 96204 1
102 68 96204 1
56 73 96213 0
102 78 96220 1
102 76 96235 1
36 45 96238 1
101 54 96241 1
65 54 96274 0
87 90 96279 0
103 82 96290 1
56 72 96339 0
77 74 96419 1
72 87 96432 0
96 57 96433 0
102 72 96433 1
79 74 96502 1
21 65 96522 0
60 80 96523 0
95 94 96529 0
66 84 96538 0
73 72 96584 1
71 72 96585 1
102 74 96602 1
73 36 96631 1
73 87 96650 0
102 70 96673 1
92 93 96696 0
79 44 96715 1
71 68 96734 1
68 84 96788 0
69 86 96792 0
101 70 96814 1
79 45 96815 1
103 79 96823 1
83 89 96834 0
24 80 96850 0
59 35 96851 1
79 49 96886 1
74 73 96889 1
84 90 96894 0
75 73 96897 1
28 84 96899 0
71 71 96928 1
84 75 96969 1
61 80 96977 0
70 88 97012 0
79 46 97024 1
56 70 97031 0
73 73 97040 1
87 77 97042 1
73 65 97052 1
24 84 97060 0
103 85 97087 1
60 79 97102 0
59 77 97104 0
88 77 97129 1
76 37 97246 1
85 76 97261 1
71 70 97295 1
104 86 97318 1
63 84 97378 0
77 39 97428 1
65 83 97456 0
20 61 97471 0
58 78 97472 0
92 66 97478 0
74 61 97507 1
57 77 97519 0
97 94 97522 0
94 61 97532 0
68 33 97564 1
77 40 97573 1
78 42 97574 1
55 36 97602 1
79 50 97672 1
58 66 97690 0
27 82 97705 0
33 69 97712 1
74 35 97736 1
60 33 97738 1
91 74 97744 0
92 65 97754 0
57 35 97767 1
92 62 97788 0
83 75 97788 1
70 33 97792 1
80 74 97799 1
74 36 97803 1
72 72 97810 1
103 86 97830 1
103 55 97830 1
44 57 97949 0
33 67 97949 1
53 52 98045 0
19 70 98062 0
105 58 98145 1
34 70 98184 1
91 75 98222 0
76 38 98223 1
82 75 98226 1
103 83 98227 1
20 70 98297 0
35 76 98304 1
72 34 98329 1
100 54 98362 1
104 55 98380 1
31 85 98399 0
57 70 98409 0
102 69 98422 1
85 75 98422 1
103 54 98449 1
102 79 98453 1
54 36 98493 1
64 48 98538 0
83 88 98554 0
102 77 98556 1
87 89 98562 0
71 34 98567 1
91 72 98586 0
97 93 98596 0
55 72 98602 0
62 34 98604 1
100 93 98631 0
43 42 98646 1
103 81 98647 1
95 93 98691 0
72 69 98765 1
103 84 98767 1
21 62 98809 0
78 41 98810 1
74 88 98831 0
62 82 98842 0
91 92 98881 0
26 81 98917 0
85 89 98939 0
103 80 98959 1
79 51 98983 1
45 41 99057 1
69 34 99061 1
66 50 99096 0
34 35 99131 1
34 72 99132 1
75 36 99133 1
35 46 99141 1
81 89 99187 0
61 62 99220 0
21 63 99243 0
79 42 99250 1
69 33 99275 1
47 55 99279 0
35 75 99280 1
102 71 99281 1
56 35 99302 1
78 50 99330 1
78 48 99346 1
20 69 99350 0
20 67 99358 0
73 86 99362 0
56 69 99362 0
89 77 99383 1
35 73 99386 1
34 69 99399 1
61 80 99402 0
76 73 99403 1
28 83 99425 0
100 53 99445 1
35 74 99449 1
85 90 99466 0
105 61 99474 1
78 74 99477 1
42 41 99500 1
77 74 99504 1
42 42 99538 1
73 35 99547 1
64 49 99548 0
87 91 99548 0
66 33 99605 1
104 54 99621 1
20 63 99637 0
37 77 99647 1
102 80 99659 1
73 72 99667 1
30 84 99683 0
105 59 99689 1
80 89 99707 0
67 85 99726 0
68 84 99764 0
33 46 99787 1
103 87 99788 1
66 53 99795 0
107 80 99843 1
103 53 99843 1
79 89 99857 0
24 80 99864 0
102 78 99869 1
74 73 99876 1
48 55 99877 0
34 46 99879 1
21 64 99881 0
86 75 99892 1
75 37 99896 1
78 40 99907 1
44 41 99908 1
71 87 99939 0
35 45 99950 1
21 58 99961 0
75 73 100007 1
79 43 100038 1
103 65 100054 1
71 69 100082 1
71 67 100089 1
105 62 100105 1
89 76 100113 1
73 33 100140 1
79 74 100150 1
65 53 100170 0
91 95 100194 0
102 73 100266 1
51 53 100274 0
35 72 100278 1
78 90 100298 0
21 82 100340 0
66 51 100351 0
104 84 100354 1
60 79 100378 0
105 60 100383 1
70 86 100414 0
72 87 100429 0
88 90 100448 0
79 48 100454 1
35 80 100504 1
79 47 100519 1
65 33 100563 1
33 66 100579 1
20 65 100634 0
57 75 100645 0
87 76 100680 1
22 75 100683 0
23 75 100706 0
79 44 100755 1
78 43 100761 1
75 58 100774 1
66 84 100812 0
45 56 100845 0
69 84 100847 0
94 60 100857 0
72 33 100866 1
52 53 100877 0
93 96 100878 0
41 58 100881 0
102 54 100888 1
32 84 100915 0
26 82 100916 0
71 71 100919 1
59 77 100945 0
82 74 100955 1
20 72 100959 0
72 71 100960 1
25 82 100976 0
34 71 100976 1
73 87 100979 0
65 32 101002 1
96 58 101032 1
56 72 101052 0
37 78 101068 1
73 73 101087 1
21 68 101108 0
27 83 101113 0
19 64 101149 0
102 92 101152 0
102 53 101152 1
74 35 101169 1
57 74 101215 0
103 88 101231 1
33 68 101232 1
59 79 101273 0
83 74 101275 1
78 42 101296 1
83 89 101309 0
22 74 101311 0
64 34 101316 1
36 75 101320 1
41 57 101338 0
91 90 101363 0
74 36 101369 1
57 68 101371 0
20 68 101394 0
13 80 101418 0
26 81 101491 0
103 82 101519 1
69 86 101525 0
69 87 101527 0
36 74 101543 1
65 84 101567 0
64 33 101575 1
25 78 101582 0
91 68 101586 0
77 39 101600 1
21 62 101622 0
71 70 101630 1
78 52 101642 1
102 76 101642 1
60 80 101646 0
77 38 101650 1
104 85 101650 1
28 81 101657 0
91 70 101694 0
92 75 101713 0
99 94 101719 0
61 33 101732 1
33 84 101758 0
61 60 101763 0
67 33 101772 1
81 89 101787 0
35 70 101831 1
73 34 101843 1
105 57 101884 1
73 66 101910 1
79 45 101920 1
64 32 101923 1
35 74 101970 1
56 77 101971 0
23 81 101992 0
84 75 102029 1
21 72 102033 0
91 72 102036 0
65 83 102054 0
76 38 102056 1
75 39 102076 1
72 70 102090 1
69 85 102111 0
79 46 102130 1
102 70 102135 1
36 80 102137 1
83 75 102164 1
83 94 102168 0
37 76 102189 1
27 82 102195 0
28 84 102208 0
21 65 102210 0
66 50 102317 0
91 93 102336 0
32 83 102339 0
20 66 102381 0
56 73 102396 0
87 89 102421 0
80 74 102431 1
63 32 102433 1
35 73 102433 1
87 75 102434 1
35 78 102434 1
71 33 102437 1
44 56 102446 0
77 54 102458 1
80 89 102462 0
22 84 102506 0
34 70 102521 1
88 90 102538 0
61 80 102609 0
40 58 102616 0
37 60 102640 0
72 88 102666 0
78 39 102677 1
74 72 102679 1
64 48 102717 0
57 51 102721 0
28 83 102723 0
55 52 102743 0
57 67 102749 0
53 52 102764 0
63 83 102798 0
77 93 102800 0
25 80 102809 0
19 74 102832 0
68 33 102869 1
36 78 102886 1
85 89 102916 0
77 55 102972 1
33 69 102974 1
43 57 102997 0
72 34 103121 1
48 39 103160 1
24 80 103172 0
57 74 103177 0
81 74 103178 1
56 78 103189 0
92 64 103214 0
102 75 103236 1
45 55 103277 0
102 89 103278 1
101 54 103297 1
77 40 103315 1
104 55 103335 1
72 72 103382 1
35 75 103418 1
53 37 103426 1
36 77 103428 1
24 75 103449 0
20 71 103472 0
75 61 103496 1
65 47 103547 0
51 37 103572 1
35 65 103594 1
52 38 103630 1
57 75 103646 0
75 89 103650 0
102 74 103680 1
105 63 103683 1
37 79 103685 1
57 70 103697 0
92 68 103786 0
26 81 103795 0
59 82 103828 0
52 37 103883 1
34 66 103915 1
94 93 103922 0
21 63 103933 0
58 78 103943 0
88 76 103954 1
75 60 104027 1
20 60 104046 0
76 87 104065 0
90 72 104092 0
25 52 104122 1
41 41 104134 1
34 67 104142 1
38 44 104208 1
69 33 104281 1
21 64 104348 0
67 32 104375 1
63 33 104389 1
85 76 104465 1
96 56 104469 0
47 54 104493 0
75 59 104527 1
21 57 104541 0
34 69 104555 1
69 85 104556 0
22 77 104561 0
46 56 104616 0
81 89 104706 0
37 62 104747 0
78 89 104768 0
35 69 104778 1
77 37 104802 1
88 90 104817 0
79 50 104833 1
97 94 104868 0
50 38 104879 1
49 54 104941 0
104 66 104956 1
34 68 104976 1
77 74 105018 1
71 34 105031 1
71 87 105053 0
103 85 105074 1
82 75 105130 1
87 90 105136 0
73 86 105179 0
57 74 105202 0
93 64 105211 0
65 85 105320 0
25 80 105325 0
43 41 105334 1
90 74 105397 0
101 53 105410 1
103 56 105452 1
70 33 105516 1
30 84 105538 0
73 88 105546 0
20 61 105569 0
104 65 105611 1
66 51 105611 0
79 41 105622 1
21 72 105691 0
56 36 105737 1
75 36 105822 1
103 55 105850 1
40 42 105939 1
73 36 105976 1
34 84 106012 0
87 96 106068 0
20 67 106129 0
93 94 106141 0
35 72 106244 1
32 84 106293 0
20 66 106296 0
104 81 106297 1
80 89 106345 0
73 35 106396 1
31 47 106493 1
103 54 106534 1
86 90 106551 0
91 72 106596 0
71 68 106596 1
92 68 106620 0
35 79 106634 1
85 74 106666 1
97 95 106858 0
29 84 107053 0
51 38 107074 1
62 33 107075 1
57 75 107158 0
26 81 107175 0
28 50 107175 1
26 82 107187 0
56 72 107194 0
34 64 107209 1
59 80 107214 0
97 93 107238 0
62 32 107238 1
24 80 107345 0
76 56 107420 1
94 93 107456 0
88 90 107514 0
58 34 107590 1
82 90 107622 0
21 73 107655 0
69 85 107679 0
103 83 107695 1
99 54 107742 1
37 45 107760 1
92 94 107790 0
43 56 107861 0
78 74 107864 1
90 93 108038 0
89 91 108045 0
74 88 108062 0
83 88 108108 0
79 49 108182 1
34 47 108183 1
66 50 108218 0
25 80 108220 0
105 58 108300 1
49 38 108328 1
78 89 108367 0
57 74 108424 0
92 66 108456 0
30 49 108458 1
78 44 108468 1
91 73 108484 0
58 65 108485 0
23 75 109045 0
27 84 109096 0
26 83 109097 0
61 82 109102 0
60 83 109116 0
101 73 109140 1
74 73 109238 1
28 83 109309 0
34 71 109412 1
69 97 109420 0
95 93 109443 0
68 87 109446 0
72 67 109471 1
68 84 109556 0
102 69 109559 1
69 84 109637 0
91 71 109649 0
79 74 109660 1
81 89 109660 0
95 58 109663 0
78 41 109668 1
88 77 109820 1
87 89 109969 0
102 81 109989 1
102 72 110100 1
66 84 110128 0
33 83 110132 0
19 70 110228 0
72 92 110269 0
81 92 110276 0
21 72 110357 0
63 82 110401 0
79 47 110415 1
73 88 110568 0
63 48 110607 0
20 66 110664 0
56 76 110668 0
92 68 110715 0
60 79 110794 0
61 81 110874 0
94 93 110928 0
23 56 111046 0
53 52 111056 0
29 84 111062 0
24 85 111069 0
61 80 111135 0
91 91 111211 0
103 81 111251 1
75 38 111343 1
38 43 111368 1
20 69 111381 0
66 32 111428 1
19 78 111505 0
22 77 111583 0
85 75 111654 1
20 62 111660 0
66 33 111701 1
86 90 111788 0
75 73 111985 1
105 59 112067 1
102 68 112082 1
78 89 112092 0
77 89 112102 0
79 46 112135 1
36 75 112216 1
21 68 112241 0
59 80 112266 0
100 54 112277 1
88 90 112350 0
61 61 112364 0
35 74 112376 1
56 77 112399 0
25 82 112457 0
91 73 112555 0
103 67 112614 1
80 89 112670 0
25 79 112677 0
29 83 112715 0
62 59 112741 0
60 63 112747 0
30 82 112821 0
32 84 112830 0
35 71 112874 1
22 57 112875 0
69 85 112880 0
22 58 112887 0
48 56 112894 0
19 66 112909 0
25 78 112910 0
82 89 112964 0
69 86 112994 0
25 80 112995 0
21 65 113082 0
103 79 113119 1
79 48 113217 1
63 82 113224 0
91 90 113263 0
61 84 113281 0
59 77 113342 0
56 74 113360 0
67 51 113393 0
45 42 113399 1
65 85 113503 0
56 51 113562 0
87 76 113579 1
79 89 113605 0
48 54 113727 0
35 73 113747 1
69 32 113768 1
78 40 113790 1
28 81 113874 0
28 84 114031 0
91 91 114089 0
43 56 114093 0
63 86 114119 0
74 34 114139 1
105 60 114163 1
91 72 114199 0
72 71 114216 1
24 75 114252 0
73 64 114296 1
63 48 114301 0
79 45 114345 1
26 81 114346 0
75 37 114588 1
74 36 114595 1
103 66 114703 1
44 41 114780 1
57 75 114916 0
55 75 114934 0
82 90 114994 0
61 81 115111 0
73 86 115144 0
103 84 115162 1
102 71 115168 1
78 38 115188 1
65 33 115214 1
22 59 115284 0
64 84 115319 0
23 38 115327 0
103 90 115350 1
28 88 115359 0
92 71 115373 0
74 63 115399 1
29 84 115402 0
76 73 115439 1
36 79 115499 1
74 90 115547 0
103 89 115558 1
104 86 115558 1
105 61 115600 1
77 39 115664 1
65 47 115679 0
65 87 115690 0
73 71 115714 1
72 69 115723 1
70 32 115778 1
57 74 115809 0
60 49 115821 0
27 82 116009 0
52 55 116015 0
25 79 116039 0
72 68 116048 1
37 44 116052 1
29 83 116061 0
36 45 116078 1
71 69 116179 1
82 89 116191 0
86 75 116215 1
94 93 116255 0
10 86 116290 0
47 40 116314 1
31 83 116370 0
45 41 116377 1
89 77 116413 1
104 54 116413 1
77 89 116442 0
91 76 116477 0
20 64 116532 0
36 74 116614 1
79 44 116633 1
17 57 116786 0
76 37 116902 1
104 88 116937 1
63 82 116949 0
77 56 117174 1
73 88 117199 0
71 32 117239 1
27 83 117252 0
24 80 117259 0
80 74 117302 1
102 76 117311 1
77 73 117400 1
91 91 117416 0
56 71 117417 0
59 80 117433 0
93 91 117447 0
64 83 117454 0
20 66 117556 0
105 57 117575 1
23 77 117576 0
23 78 117708 0
53 36 117842 1
76 57 117851 1
103 80 117886 1
83 75 117935 1
34 70 118217 1
103 78 118281 1
77 38 118332 1
79 40 118333 1
59 33 118484 1
91 73 118524 0
74 62 118641 1
63 48 118726 0
41 42 118859 1
71 87 118913 0
68 85 119044 0
23 79 119301 0
60 48 119366 0
92 71 119388 0
38 61 119421 0
100 53 119464 1
82 89 119584 0
21 64 119637 0
32 46 119756 1
79 42 119833 1
56 72 119904 0
78 89 119911 0
79 43 119934 1
76 35 120151 1
64 33 120190 1
76 38 120259 1
68 32 120303 1
46 40 120324 1
57 73 120394 0
54 52 120458 0
61 81 120558 0
99 53 120584 1
49 39 120613 1
78 54 120803 1
86 90 120811 0
102 78 121045 1
103 82 121188 1
102 52 121211 1
56 74 121283 0
22 77 121315 0
71 86 121357 0
48 54 121371 0
93 92 121520 0
54 36 121538 1
92 75 121574 0
76 36 121581 1
80 45 121598 1
29 83 121652 0
102 54 121713 1
104 55 121728 1
63 81 121760 0
76 58 121813 1
54 79 121869 0
67 33 121869 1
39 43 121870 1
55 36 122004 1
62 81 122044 0
90 93 122157 0
23 77 122158 0
73 72 122237 1
58 68 122255 0
82 74 122261 1
105 55 122275 1
92 70 122382 0
60 33 122487 1
74 35 122492 1
73 73 122498 1
89 90 122511 0
77 89 122549 0
64 83 122592 0
102 70 122598 1
102 80 122615 1
64 84 122627 0
84 75 122680 1
79 52 122756 1
89 76 122799 1
104 83 122807 1
20 64 122824 0
96 57 122837 0
71 33 122920 1
68 87 122932 0
92 68 122949 0
105 58 122980 1
32 48 123045 1
103 76 123131 1
68 33 123136 1
36 76 123191 1
104 84 123319 1
91 76 123395 0
69 84 123403 0
91 91 123411 0
72 34 123439 1
65 83 123523 0
72 70 123569 1
59 80 123623 0
102 74 123633 1
78 42 123633 1
60 49 123636 0
73 87 123650 0
42 41 123710 1
85 89 123717 0
63 82 123742 0
75 35 123767 1
87 89 123772 0
66 35 123788 1
69 33 123796 1
25 79 123846 0
66 51 123854 0
34 69 123884 1
35 72 123924 1
74 61 123940 1
68 85 123944 0
103 53 124013 1
73 34 124030 1
36 81 124033 1
92 67 124052 0
92 65 124071 0
74 87 124072 0
83 74 124111 1
65 54 124118 0
97 93 124164 0
37 76 124223 1
81 89 124235 0
57 73 124250 0
105 62 124353 1
68 84 124385 0
29 84 124417 0
21 79 124440 0
88 76 124487 1
59 79 124522 0
20 59 124543 0
83 88 124574 0
21 32 124593 1
21 72 124593 0
55 68 124610 0
17 70 124619 0
93 92 124652 0
39 44 124672 1
22 74 124709 0
92 71 124719 0
57 69 124760 0
77 74 124761 1
78 39 125015 1
63 81 125023 0
82 89 125099 0
71 86 125201 0
66 53 125204 0
21 62 125270 0
105 64 125287 1
103 83 125296 1
31 83 125329 0
79 51 125355 1
92 70 125361 0
68 83 125461 0
62 81 125486 0
61 62 125493 0
36 73 125545 1
39 61 125567 0
29 81 125575 0
21 56 125598 0
56 71 125607 0
35 84 125613 0
24 74 125621 0
21 63 125625 0
57 78 125635 0
89 90 125636 0
83 89 125649 0
18 73 125725 0
91 69 125726 0
63 48 125768 0
65 48 125773 0
91 75 125798 0
75 36 125816 1
91 90 125835 0
18 69 125858 0
55 51 125868 0
79 74 125876 1
102 53 125877 1
70 33 125901 1
77 37 125925 1
57 68 125947 0
86 91 125981 0
80 47 125990 1
32 83 126015 0
64 32 126045 1
18 67 126066 0
22 78 126126 0
35 70 126172 1
57 49 126197 0
42 42 126247 1
64 56 126339 0
25 80 126383 0
74 72 126394 1
65 32 126422 1
19 63 126449 0
71 70 126654 1
30 84 126661 0
93 63 126715 0
103 77 126771 1
90 34 126791 1
57 70 126878 0
65 47 126937 0
37 77 126967 1
60 48 126980 0
57 35 126986 1
38 77 127069 1
25 78 127123 0
74 87 127142 0
34 68 127165 1
61 80 127179 0
76 73 127182 1
64 83 127187 0
36 77 127197 1
101 53 127203 1
57 73 127254 0
104 85 127323 1
54 37 127324 1
50 54 127327 0
37 78 127344 1
75 34 127355 1
23 77 127378 0
35 64 127451 1
33 84 127479 0
73 35 127532 1
75 73 127558 1
49 55 127575 0
103 54 127580 1
78 41 127612 1
43 42 127614 1
87 75 127653 1
24 80 127728 0
35 73 127730 1
85 75 127744 1
64 49 127764 0
71 34 127779 1
35 74 127786 1
69 84 127788 0
62 84 127794 0
77 39 127848 1
61 33 127871 1
73 72 127884 1
79 50 127917 1
92 67 127977 0
97 92 127994 0
75 72 128012 1
103 75 128013 1
93 92 128032 0
59 34 128048 1
103 68 128083 1
35 75 128107 1
37 75 128131 1
80 44 128152 1
104 54 128221 1
22 70 128224 0
73 86 128242 0
63 32 128243 1
21 68 128251 0
35 63 128275 1
104 87 128277 1
80 92 128307 0
34 67 128310 1
74 73 128316 1
30 82 128339 0
21 65 128356 0
62 81 128362 0
63 47 128378 0
35 45 128389 1
54 52 128400 0
90 91 128467 0
77 87 128475 0
74 90 128525 0
63 81 128551 0
58 77 128572 0
35 68 128590 1
24 75 128603 0
32 84 128628 0
20 64 128636 0
36 74 128639 1
29 83 128664 0
103 88 128674 1
21 58 128737 0
89 90 128748 0
79 73 128820 1
44 56 128824 0
93 91 128833 0
63 33 128883 1
57 69 128943 0
65 48 129065 0
89 75 129085 1
71 68 129110 1
76 87 129118 0
34 66 129141 1
21 66 129165 0
75 60 129175 1
92 92 129177 0
22 75 129248 0
28 83 129322 0
35 46 129343 1
56 77 129386 0
59 78 129440 0
45 56 129447 0
58 68 129467 0
72 33 129518 1
35 66 129557 1
100 52 129561 1
103 72 129578 1
66 31 129608 1
105 57 129620 1
106 55 129628 1
71 86 129633 0
102 71 129649 1
101 52 129677 1
59 77 129717 0
56 74 129741 0
79 41 129741 1
67 86 129743 0
92 70 129783 0
79 44 129785 1
67 32 129823 1
79 46 129850 1
73 70 129861 1
74 35 129885 1
20 63 129937 0
50 39 129972 1
35 72 129996 1
68 85 130007 0
72 69 130020 1
25 81 130027 0
35 71 130179 1
58 66 130206 0
104 53 130252 1
93 64 130259 0
66 49 130308 0
25 83 130457 0
21 69 130460 0
35 67 130492 1
28 81 130570 0
78 40 130603 1
103 79 130625 1
33 68 130672 1
23 75 130679 0
95 94 130691 0
26 81 130798 0
26 82 130821 0
79 47 130834 1
61 63 130880 0
67 87 130907 0
23 82 130918 0
79 43 130922 1
96 58 130927 0
91 74 130934 0
25 79 131061 0
69 85 131083 0
65 55 131088 0
79 42 131104 1
80 74 131133 1
22 73 131186 0
37 80 131363 1
31 48 131384 1
83 75 131443 1
36 78 131468 1
104 82 131509 1
35 69 131513 1
94 97 131523 0
38 78 131525 1
53 52 131594 0
78 73 131650 1
92 67 131665 0
37 81 131701 1
23 76 131712 0
62 81 131720 0
89 77 131908 1
102 54 131925 1
106 59 131948 1
88 75 132020 1
87 43 132025 1
103 81 132026 1
8 104 132041 1
46 55 132058 0
34 45 132068 1
85 74 132194 1
84 74 132269 1
57 73 132381 0
105 58 132409 1
75 59 132438 1
82 90 132486 0
82 74 132567 1
66 33 132568 1
103 82 132678 1
80 46 132682 1
104 55 132756 1
105 61 132902 1
78 52 132941 1
103 64 132980 1
57 74 132988 0
22 70 133023 0
75 58 133025 1
52 37 133030 1
60 49 133036 0
58 77 133159 0
100 92 133229 0
101 54 133272 1
21 66 133275 0
20 61 133281 0
59 78 133293 0
53 37 133320 1
96 93 133348 0
94 93 133363 0
77 89 133368 0
58 73 133372 0
20 80 133394 0
74 87 133418 0
24 78 133466 0
26 52 133607 1
90 91 133614 0
64 83 133694 0
65 82 133726 1
65 48 133772 0
102 73 133844 1
60 79 134190 0
105 59 134457 1
92 90 134466 0
61 48 134498 0
93 63 134528 0
92 92 134589 0
87 89 134614 0
34 46 134652 1
89 90 134664 0
70 32 134671 1
67 51 134711 0
57 71 134897 0
55 53 134917 0
65 85 134978 0
22 76 135080 0
64 84 135124 0
24 79 135163 0
21 69 135183 0
103 80 135244 1
71 67 135244 1
43 57 135284 0
78 74 135341 1
64 48 135359 0
63 47 135487 0
25 81 135557 0
57 72 135578 0
84 75 135622 1
57 69 135741 0
23 77 135813 0
60 32 135886 1
43 41 135892 1
87 76 135955 1
73 71 135981 1
36 75 135985 1
82 89 136070 0
59 32 136190 1
36 73 136237 1
69 33 136261 1
105 63 136343 1
77 38 136413 1
66 49 136429 0
21 64 136468 0
86 75 136512 1
95 93 136552 0
93 93 136567 0
22 73 136627 0
22 56 136636 0
93 92 136650 0
66 32 136760 1
20 64 136862 0
21 71 136902 0
23 76 136914 0
74 34 136932 1
44 41 136950 1
71 85 137017 0
79 49 137125 1
68 86 137292 0
58 73 137340 0
92 91 137432 0
20 73 137624 0
96 93 137719 0
92 67 137749 0
62 32 138035 1
100 93 138045 0
31 84 138099 0
62 81 138100 0
43 56 138164 0
79 45 138265 1
59 78 138284 0
54 6 138435 1
58 77 138514 0
76 36 138582 1
24 78 138602 0
57 33 138670 1
81 88 138697 0
41 57 138769 0
21 62 139069 0
94 62 139082 0
21 66 139105 0
44 57 139112 0
21 63 139127 0
72 34 139201 1
19 77 139219 0
20 74 139253 0
96 58 139266 0
81 74 139426 1
57 71 139744 0
73 33 139787 1
30 85 139857 0
57 72 139962 0
61 48 140155 0
92 92 140304 0
63 81 140415 0
78 38 140426 1
91 91 140541 0
102 72 140544 1
75 61 140606 1
92 68 140671 0
56 71 140673 0
58 72 140758 0
96 95 140784 0
75 88 140839 0
23 73 140871 0
92 75 140985 0
106 57 141011 1
65 87 141066 0
24 79 141123 0
79 40 141151 1
71 85 141180 0
21 69 141181 0
33 48 141186 1
61 87 141202 0
50 54 141317 0
48 54 141399 0
68 33 141549 1
89 89 141569 0
92 73 141598 0
92 91 141644 0
58 51 141671 0
65 55 141750 0
71 33 141947 1
92 74 141990 0
35 70 142058 1
75 35 142096 1
90 91 142163 0
77 36 142226 1
65 47 142264 0
96 94 142326 0
58 75 142384 0
104 65 142582 1
15 73 142627 0
105 53 142649 1
72 67 142962 1
24 78 143090 0
23 76 143119 0
80 89 143136 0
21 71 143166 0
79 74 143252 1
77 73 143371 1
99 92 143425 0
71 86 143457 0
66 48 143527 0
66 50 143578 0
105 60 143603 1
102 70 143736 1
93 93 143740 0
57 76 143929 0
74 71 143955 1
67 86 143992 0
42 58 144020 0
62 61 144148 0
50 53 144162 0
31 84 144206 0
105 55 144344 1
64 33 144383 1
20 65 144602 0
24 74 144619 0
25 81 144694 0
75 62 144752 1
32 82 144769 0
75 63 145149 1
61 49 145370 0
22 73 145392 0
57 72 145616 0
103 78 145628 1
104 84 145697 1
96 93 145826 0
78 39 145937 1
76 73 145985 1
92 73 146400 0
18 76 146612 0
51 53 146631 0
75 88 146684 0
69 32 146788 1
23 73 146804 0
24 79 146818 0
92 91 146896 0
57 71 146948 0
102 74 147000 1
68 84 147030 0
57 50 147163 0
24 75 147170 0
52 53 147401 0
34 70 147419 1
64 82 147468 0
58 75 147492 0
72 70 147543 1
59 78 147567 0
92 71 147710 0
59 48 148102 0
100 53 148111 1
109 45 148120 1
76 59 148122 1
104 86 148283 1
30 83 148306 0
92 90 148364 0
95 92 148396 0
109 45 148426 0
102 78 148612 1
66 48 148659 0
37 7 148671 0
89 89 148808 0
92 74 148810 0
21 70 148829 0
56 35 148829 1
29 81 148839 0
83 74 148969 1
75 87 148974 0
72 68 148978 1
74 72 148980 1
108 13 149023 1
91 73 149177 0
104 81 149216 1
75 36 149443 1
83 88 149536 0
21 71 149693 0
62 48 149724 0
69 84 149728 0
81 88 149730 0
27 81 149742 0
24 78 149778 0
91 90 149785 0
58 77 149855 0
90 85 150193 0
93 63 150231 0
102 53 150283 1
92 70 150317 0
68 83 150338 0
85 75 150354 1
58 73 150379 0
77 37 150429 1
103 53 150434 1
68 49 150449 0
93 91 150461 0
66 49 150529 0
97 93 150634 0
73 34 150673 1
89 76 150808 1
75 73 150849 1
27 82 150910 0
73 87 151110 0
103 67 151127 1
80 43 151161 1
104 54 151196 1
104 83 151325 1
35 73 151366 1
74 86 151492 0
103 77 151494 1
72 87 151511 0
31 83 151542 0
92 73 151575 0
74 33 151577 1
53 22 151591 1
1 94 151593 1
35 72 151626 1
64 32 151631 1
68 86 151652 0
68 32 151661 1
87 75 151664 1
103 76 151695 1
25 78 151699 0
92 92 151839 0
74 87 151873 0
94 61 151919 0
74 88 151941 0
46 55 151946 0
97 92 151995 0
73 86 151999 0
73 72 152000 1
36 80 152095 1
74 14 152122 0
96 94 152199 0
79 42 152216 1
18 66 152227 0
57 76 152251 0
65 48 152258 0
64 82 152287 0
59 80 152344 0
54 52 152345 0
74 35 152351 1
58 72 152355 0
63 82 152364 0
91 77 152370 1
103 79 152370 1
56 74 152378 0
45 55 152388 0
35 83 152427 0
29 84 152449 0
85 89 152457 0
61 48 152479 0
105 57 152501 1
50 53 152526 0
48 53 152607 0
31 84 152637 0
79 41 152704 1
95 92 152712 0
25 77 152723 0
20 77 152752 0
73 69 152784 1
77 87 152786 0
67 33 152807 1
57 73 152817 0
92 67 152874 0
76 87 152948 0
58 75 153005 0
79 43 153042 1
21 74 153084 0
33 83 153099 0
60 48 153102 0
22 80 153122 0
30 82 153149 0
102 90 153164 1
75 71 153168 1
39 42 153192 1
93 93 153237 0
36 74 153242 1
104 85 153271 1
20 64 153276 0
21 60 153282 0
63 47 153294 0
29 83 153298 0
89 89 153314 0
57 69 153316 0
35 65 153355 1
103 69 153356 1
21 78 153371 0
89 90 153384 0
88 90 153430 0
106 60 153458 1
103 84 153489 1
101 53 153541 1
64 83 153591 0
21 65 153624 0
93 92 153654 0
65 32 153681 1
72 69 153729 1
66 48 153819 0
92 91 153846 0
57 72 153948 0
79 39 153955 1
30 83 153956 0
59 77 153959 0
61 79 154036 0
57 70 154042 0
32 83 154055 0
105 62 154058 1
20 76 154088 0
79 44 154158 1
61 81 154161 0
103 54 154272 1
85 74 154300 1
80 42 154303 1
69 84 154307 0
25 80 154333 0
28 81 154338 0
22 70 154340 0
75 88 154353 0
63 32 154377 1
92 66 154397 0
37 79 154436 1
78 73 154457 1
45 41 154459 1
57 34 154477 1
21 66 154521 0
80 48 154554 1
105 54 154576 1
21 70 154587 0
80 44 154628 1
71 32 154683 1
23 76 154741 0
27 81 154749 0
103 73 154781 1
61 32 154838 1
35 68 154844 1
23 80 154897 0
22 59 154937 0
103 80 154943 1
73 65 154952 1
77 39 154955 1
67 32 154956 1
75 72 155010 1
92 90 155093 0
104 82 155101 1
99 53 155134 1
62 48 155162 0
65 82 155248 0
78 40 155252 1
60 80 155313 0
25 79 155315 0
74 90 155347 0
22 77 155352 0
47 55 155378 0
57 75 155440 0
80 45 155505 1
88 88 155507 0
106 61 155580 1
79 50 155636 1
82 74 155677 1
58 73 155772 0
37 76 155832 1
36 71 155871 1
35 69 155901 1
87 74 155929 1
35 71 156040 1
35 70 156043 1
80 47 156078 1
37 7 156086 1
80 49 156116 1
76 73 156132 1
99 54 156146 1
75 87 156214 0
67 96 156226 0
22 58 156281 0
22 61 156294 0
23 73 156315 0
47 40 156394 1
21 62 156425 0
21 64 156506 0
79 53 156525 1
90 93 156530 0
37 77 156587 1
53 36 156601 1
105 58 156671 1
74 86 156675 0
36 73 156691 1
79 51 156805 1
21 68 156827 0
104 88 156850 1
29 82 157051 0
41 41 157081 1
75 60 157148 1
92 74 157348 0
64 82 157377 0
98 92 157461 0
87 89 157478 0
106 58 157528 1
86 74 157529 1
21 67 157582 0
21 71 157584 0
24 79 157590 0
76 35 157607 1
46 40 157731 1
51 37 157769 1
65 47 157807 0
63 57 157829 0
79 52 157839 1
37 75 157862 1
84 75 157901 1
105 55 158062 1
65 83 158071 0
76 36 158110 1
74 34 158120 1
102 71 158165 1
103 75 158289 1
73 71 158322 1
48 39 158352 1
33 47 158355 1
54 36 158438 1
57 71 158446 0
86 75 158651 1
66 32 158661 1
72 33 158693 1
74 72 158701 1
56 53 158708 0
90 90 158817 0
35 72 158822 1
36 72 158823 1
75 35 158853 1
61 79 158925 0
21 69 158931 0
105 61 158978 1
36 45 159104 1
34 69 159140 1
98 54 159172 1
86 89 159291 0
36 44 159317 1
1 108 159351 1
64 80 159386 0
85 73 159408 1
103 83 159488 1
55 35 159524 1
103 74 159564 1
20 73 159598 0
58 68 159655 0
79 88 159656 0
59 81 159772 0
37 78 159783 1
102 54 159798 1
35 67 159815 1
21 70 159862 0
35 66 159913 1
62 47 159932 0
80 50 159961 1
42 41 160121 1
98 93 160234 0
21 63 160252 0
35 74 160315 1
27 81 160318 0
62 81 160327 0
56 68 160333 0
33 85 160375 0
103 70 160416 1
25 77 160444 0
57 35 160540 1
103 85 160578 1
65 82 160656 0
21 60 160799 0
106 59 160888 1
34 68 160947 1
35 45 160956 1
30 83 160974 0
96 93 161005 0
95 92 161016 0
103 68 161070 1
104 53 161088 1
104 89 161233 1
68 31 161271 1
96 92 161290 0
24 74 161343 0
104 84 161390 1
102 52 161445 1
88 75 161585 1
36 74 161742 1
67 84 161769 0
71 85 161802 0
104 54 161876 1
59 49 161959 0
80 73 161960 1
106 57 162004 1
103 78 162006 1
83 88 162007 0
102 53 162007 1
21 61 162059 0
99 92 162105 0
104 81 162110 1
61 33 162137 1
103 89 162139 1
93 91 162163 0
76 88 162166 0
104 80 162185 1
78 39 162216 1
93 64 162248 0
91 90 162300 0
99 52 162330 1
102 70 162369 1
103 77 162382 1
62 48 162404 0
79 73 162408 1
92 73 162410 0
81 46 162410 1
71 33 162442 1
55 36 162443 1
97 92 162447 0
77 37 162480 1
89 75 162598 1
100 53 162612 1
75 59 162645 1
103 72 162655 1
89 88 162673 0
81 88 162674 0
101 52 162696 1
79 54 162703 1
45 40 162728 1
96 58 162757 0
77 73 162759 1
37 74 162771 1
76 72 162786 1
103 53 162792 1
103 76 162850 1
89 89 162851 0
103 79 162855 1
75 34 162874 1
70 32 162905 1
68 83 162922 0
69 33 162939 1
79 40 162982 1
104 66 162993 1
79 36 163007 1
116 95 163022 1
103 69 163071 1
104 82 163086 1
77 38 163097 1
87 75 163097 1
73 70 163113 1
26 80 163137 0
124 90 163158 0
104 79 163158 1
78 38 163159 1
58 75 163179 0
79 42 163193 1
80 46 163217 1
35 64 163255 1
82 73 163274 1
85 74 163303 1
85 75 163303 1
71 34 163334 1
103 67 163342 1
68 33 163409 1
78 73 163432 1
73 33 163447 1
63 81 163453 0
104 86 163492 1
24 80 163494 0
106 55 163515 1
73 34 163521 1
72 32 163527 1
103 68 163536 1
104 83 163610 1
63 58 163636 0
56 49 163647 0
58 72 163653 0
101 92 163675 0
72 67 163687 1
103 71 163696 1
58 76 163696 0
104 87 163701 1
79 41 163741 1
98 92 163797 0
94 62 163838 0
76 58 163843 1
76 56 163904 1
103 75 163923 1
74 64 163926 1
88 88 163944 0
77 36 163945 1
77 37 163961 1
66 39 163986 1
66 53 163986 0
80 43 164001 1
75 72 164033 1
105 55 164054 1
81 73 164086 1
64 86 164093 0
73 86 164109 0
100 92 164129 0
78 37 164162 1
90 90 164190 0
103 73 164196 1
74 86 164201 0
103 74 164240 1
96 57 164273 0
64 32 164284 1
55 51 164300 0
72 69 164306 1
106 60 164307 1
74 71 164335 1
77 87 164384 0
104 85 164410 1
29 82 164411 0
77 55 164448 1
96 92 164479 0
105 54 164496 1
77 78 164497 1
100 52 164502 1
74 35 164503 1
80 44 164518 1
83 75 164578 1
27 50 164591 1
106 57 164596 1
75 61 164597 1
25 78 164602 0
32 47 164606 1
21 67 164606 0
105 64 164625 1
44 56 164651 0
24 75 164666 0
106 59 164669 1
79 87 164704 0
20 68 164727 0
92 68 164730 0
103 66 164734 1
105 53 164737 1
28 85 164747 0
79 88 164754 0
106 58 164761 1
52 38 164762 1
58 73 164763 0
103 70 164801 1
80 51 164814 1
66 33 164852 1
92 71 164854 0
79 43 164859 1
66 82 164860 0
34 66 164868 1
80 47 164871 1
61 79 164921 0
86 89 164926 0
66 48 164927 0
65 47 164928 0
80 42 164961 1
69 84 164979 0
57 49 165003 0
104 84 165048 1
75 33 165066 1
92 75 165069 0
93 91 165079 0
90 76 165085 1
47 56 165120 0
99 93 165131 0
71 32 165133 1
29 81 165144 0
76 87 165162 0
103 77 165164 1
37 73 165167 1
65 31 165173 1
81 44 165189 1
50 38 165218 1
75 35 165230 1
104 81 165250 1
69 38 165294 1
95 92 165301 0
67 51 165307 0
34 64 165336 1
80 45 165337 1
73 62 165337 1
79 50 165339 1
73 71 165380 1
47 54 165391 0
93 67 165394 0
79 38 165399 1
67 32 165456 1
58 34 165464 1
59 48 165478 0
74 33 165486 1
103 72 165497 1
49 39 165519 1
65 82 165520 0
33 45 165521 1
69 32 165531 1
63 32 165589 1
73 69 165591 1
62 47 165609 0
56 51 165645 0
80 41 165656 1
70 31 165661 1
79 39 165667 1
36 69 165709 1
76 59 165727 1
37 61 165758 0
31 83 165772 0
80 48 165805 1
38 80 165827 1
89 89 165873 0
42 42 165891 1
92 90 165904 0
83 73 165916 1
35 70 165950 1
97 92 165972 0
77 56 165981 1
22 73 165986 0
64 80 165992 0
62 32 165994 1
61 78 166012 0
103 76 166012 1
78 39 166014 1
63 47 166028 0
74 34 166028 1
30 82 166034 0
35 68 166053 1
29 48 166063 1
85 74 166066 1
92 70 166066 0
27 79 166076 0
68 84 166083 0
70 32 166103 1
87 74 166113 1
105 84 166133 1
68 49 166155 0
76 73 166185 1
78 73 166186 1
65 32 166192 1
22 57 166200 0
68 83 166214 0
99 92 166219 0
83 88 166235 0
105 63 166270 1
106 56 166270 1
62 61 166282 0
26 81 166283 0
21 70 166286 0
75 87 166287 0
38 55 166319 1
38 77 166320 1
76 35 166329 1
43 41 166346 1
37 44 166349 1
82 74 166359 1
35 69 166361 1
38 76 166383 1
32 82 166386 0
56 35 166431 1
106 61 166433 1
30 62 166476 1
74 87 166534 0
44 41 166561 1
36 73 166582 1
89 75 166597 1
43 56 166613 0
59 34 166622 1
76 72 166632 1
32 84 166635 0
79 42 166643 1
75 72 166655 1
51 38 166660 1
91 76 166667 1
74 32 166675 1
22 70 166681 0
79 40 166698 1
35 80 166704 1
28 81 166712 0
57 72 166713 0
33 46 166720 1
43 40 166726 1
104 82 166741 1
77 37 166743 1
73 32 166760 1
89 88 166771 0
93 68 166812 0
38 79 166813 1
76 36 166816 1
64 82 166830 0
68 32 166834 1
77 35 166837 1
53 37 166846 1
80 43 166849 1
21 65 166853 0
93 90 166879 0
60 33 166888 1
35 63 166918 1
87 75 166930 1
63 31 166956 1
86 75 166967 1
30 81 166976 0
98 93 166993 0
92 91 167001 0
90 89 167008 0
25 76 167073 0
58 72 167080 0
50 53 167108 0
79 73 167127 1
79 41 167127 1
35 65 167148 1
24 78 167153 0
78 36 167159 1
27 81 167162 0
37 76 167164 1
74 63 167180 1
90 75 167189 1
25 78 167204 0
103 52 167208 1
103 78 167246 1
103 68 167249 1
88 88 167250 0
106 55 167310 1
36 71 167399 1
73 33 167406 1
102 53 167430 1
28 49 167431 1
93 71 167477 0
52 36 167480 1
58 66 167483 0
54 51 167486 0
37 73 167498 1
26 80 167525 0
38 78 167526 1
24 74 167540 0
63 46 167566 0
75 64 167567 1
75 73 167567 1
37 75 167599 1
58 73 167616 0
21 72 167619 0
32 83 167637 0
29 81 167648 0
96 92 167668 0
72 67 167705 1
36 74 167716 1
66 82 167729 0
59 66 167730 0
46 55 167732 0
73 66 167739 1
27 82 167743 0
78 88 167743 0
86 74 167749 1
31 84 167787 0
70 87 167822 0
77 36 167833 1
25 77 167853 0
23 59 167956 0
93 70 167956 0
104 80 167959 1
59 77 167990 0
77 77 168027 1
67 48 168043 0
22 61 168051 0
74 86 168057 0
56 75 168057 0
23 75 168087 0
58 50 168088 0
75 34 168102 1
103 53 168110 1
22 59 168156 0
97 56 168162 0
21 61 168173 0
75 60 168200 1
103 75 168247 1
64 81 168260 0
74 72 168316 1
35 73 168345 1
76 34 168361 1
101 52 168377 1
64 57 168409 0
82 73 168489 1
98 92 168502 0
59 33 168535 1
35 82 168548 0
61 78 168556 0
58 79 168564 0
35 72 168579 1
73 70 168579 1
103 73 168587 1
24 75 168590 0
77 87 168604 0
36 78 168606 1
41 42 168606 1
24 55 168608 0
36 70 168615 1
106 62 168628 1
76 88 168684 0
35 70 168696 1
24 56 168715 0
45 55 168760 0
103 69 168761 1
21 64 168773 0
79 87 168799 0
105 83 168829 1
88 67 168834 1
88 75 168834 1
105 55 168836 1
21 66 168839 0
29 82 168854 0
23 73 168862 0
19 61 168888 0
45 41 168903 1
58 68 168913 0
72 32 168918 1
74 71 168919 1
102 52 168947 1
81 88 168948 0
27 79 169020 0
53 52 169021 0
83 74 169028 1
71 33 169041 1
28 51 169047 1
59 65 169060 0
66 32 169109 1
25 79 169113 0
71 85 169114 0
30 82 169138 0
90 89 169172 0
48 55 169194 0
90 90 169218 0
103 80 169241 1
61 80 169266 0
53 36 169280 1
79 88 169297 0
57 76 169339 0
80 44 169365 1
103 71 169371 1
64 80 169384 0
60 82 169388 0
21 60 169430 0
67 84 169441 0
36 68 169442 1
66 31 169466 1
18 61 169472 0
65 55 169502 0
104 54 169537 1
80 42 169538 1
36 63 169539 1
91 90 169550 0
91 65 169559 0
58 76 169619 0
80 73 169634 1
106 57 169703 1
39 43 169707 1
80 49 169711 1
25 76 169736 0
84 73 169737 1
58 33 169760 1
61 48 169781 0
37 77 169824 1
36 79 169846 1
37 74 169855 1
92 90 169869 0
80 46 169874 1
64 32 169923 1
58 27 169975 1
62 80 170003 0
103 74 170042 1
30 83 170048 0
78 38 170068 1
59 78 170103 0
71 32 170146 1
38 75 170153 1
65 47 170171 0
26 82 170240 0
54 36 170251 1
17 75 170260 0
80 40 170332 1
21 63 170333 0
69 31 170342 1
94 60 170345 0
21 67 170347 0
106 59 170361 1
20 66 170362 0
37 79 170453 1
103 79 170453 1
66 82 170499 0
62 47 170501 0
35 69 170571 1
33 83 170573 0
35 83 170613 0
78 87 170637 0
106 58 170687 1
70 86 170688 0
60 49 170703 0
21 62 170709 0
47 57 170721 0
26 80 170784 0
32 82 170796 0
95 95 170816 0
22 58 170834 0
30 48 170891 1
77 72 170897 1
36 72 170920 1
61 78 170938 0
61 79 170956 0
35 68 170960 1
93 64 170987 0
58 80 170996 0
65 82 171009 0
21 68 171029 0
24 74 171033 0
93 63 171052 0
75 76 171054 0
75 88 171054 0
95 92 171065 0
73 68 171073 1
81 73 171084 1
105 54 171092 1
78 73 171112 1
46 56 171134 0
31 81 171170 0
80 47 171180 1
39 60 171186 0
61 32 171258 1
23 56 171279 0
67 48 171332 0
35 66 171338 1
78 89 171396 0
60 48 171403 0
64 81 171429 0
58 75 171451 0
28 81 171451 0
57 68 171457 0
48 38 171492 1
47 40 171502 1
90 89 171535 0
62 82 171562 0
22 67 171593 0
75 35 171678 1
93 67 171700 0
104 52 171718 1
55 74 171816 0
74 70 171834 1
104 79 171863 1
86 89 171934 0
66 52 171977 0
73 34 172095 1
75 71 172124 1
104 77 172132 1
107 92 172149 1
51 52 172158 0
79 37 172163 1
104 83 172199 1
67 31 172205 1
36 71 172231 1
89 88 172231 0
61 31 172274 1
29 83 172279 0
80 50 172298 1
67 32 172332 1
99 93 172349 0
103 70 172404 1
76 60 172408 1
40 41 172442 1
78 55 172443 1
67 28 172445 1
78 54 172445 1
75 59 172447 1
30 81 172482 0
38 81 172488 1
73 69 172501 1
51 36 172518 1
54 51 172543 0
36 69 172553 1
75 72 172559 1
72 69 172561 1
48 39 172589 1
78 88 172602 0
73 71 172700 1
79 39 172700 1
52 37 172829 1
45 40 172829 1
74 14 172846 1
58 73 172933 0
25 77 172980 0
58 72 172980 0
103 72 173002 1
21 71 173020 0
68 83 173084 0
103 77 173090 1
64 55 173093 0
61 76 173116 0
93 61 173180 0
73 72 173216 1
95 93 173272 0
81 42 173301 1
62 59 173368 0
46 40 173443 1
103 67 173456 1
64 87 173546 0
63 60 173571 0
96 92 173584 0
22 70 173628 0
76 87 173629 0
57 67 173693 0
27 81 173700 0
26 84 173706 0
93 90 173732 0
80 45 173761 1
74 33 173780 1
33 82 173823 0
32 81 173946 0
22 61 174006 0
103 76 174025 1
78 37 174033 1
80 48 174089 1
37 78 174148 1
79 40 174173 1
21 70 174202 0
25 76 174214 0
68 85 174244 0
22 74 174262 0
76 35 174295 1
79 89 174318 0
62 48 174334 0
77 36 174453 1
28 83 174547 0
61 78 174561 0
62 80 174578 0
70 32 174596 1
26 80 174638 0
59 73 174651 0
55 35 174704 1
93 68 174732 0
104 86 174758 1
66 82 174891 0
29 81 174900 0
68 87 174944 0
74 34 174981 1
21 61 174986 0
32 85 175052 0
47 55 175067 0
57 77 175094 0
37 75 175164 1
20 67 175175 0
106 56 175177 1
33 84 175300 0
34 84 175306 0
38 43 175335 1
94 94 175340 0
83 90 175388 0
90 89 175397 0
57 71 175418 0
85 88 175524 0
89 75 175585 1
59 49 175661 0
60 32 175733 1
40 42 175794 1
78 87 175817 0
92 73 175831 0
67 48 175877 0
22 67 175970 0
67 50 175994 0
75 87 176056 0
69 84 176075 0
64 81 176077 0
93 91 176129 0
104 78 176134 1
104 84 176310 1
100 53 176420 1
92 74 176448 0
88 88 176485 0
93 70 176687 0
99 92 176690 0
85 75 176700 1
76 72 176710 1
97 92 176761 0
114 75 176788 1
70 85 176826 0
97 57 176865 0
85 74 176866 1
94 62 177006 0
5 61 177052 1
79 88 177060 0
73 86 177118 0
64 80 177129 0
80 43 177170 1
106 60 177179 1
104 76 177203 1
73 67 177222 1
76 71 177236 1
57 35 177311 1
92 69 177318 0
66 53 177344 0
94 61 177418 0
78 88 177420 0
72 28 177461 1
90 90 177488 0
75 62 177515 1
76 93 177540 0
54 35 177604 1
98 92 177645 0
79 73 177676 1
22 55 177740 0
58 76 177749 0
65 32 177762 1
84 89 177804 0
63 57 177807 0
74 86 177834 0
29 82 177840 0
100 92 177884 0
80 90 177907 0
104 67 177926 1
98 93 178162 0
72 86 178191 0
79 87 178291 0
36 65 178317 1
76 58 178342 1
63 58 178517 0
35 64 178524 1
79 51 178563 1
36 44 178568 1
86 73 178614 1
47 39 178702 1
106 55 178766 1
63 32 178838 1
104 82 178839 1
80 52 178876 1
37 80 178903 1
34 47 178922 1
29 49 179028 1
104 85 179130 1
36 38 179168 1
39 59 179290 0
93 65 179295 0
80 42 179387 1
75 34 179404 1
89 74 179425 1
57 34 179440 1
48 54 179447 0
62 58 179451 0
68 33 179462 1
67 83 179485 0
104 81 179576 1
37 72 179691 1
89 89 179701 0
85 88 179703 0
23 71 179840 0
44 56 179934 0
88 89 179940 0
27 79 180032 0
69 32 180068 1
79 41 180100 1
85 73 180157 1
93 71 180337 0
87 74 180413 1
82 73 180433 1
21 57 180500 0
73 88 180520 0
79 52 180521 1
67 84 180549 0
51 52 180558 0
31 83 180593 0
92 90 180633 0
26 80 180640 0
37 73 180688 1
54 51 180713 0
61 63 180728 0
62 80 180747 0
106 54 180760 1
80 44 180805 1
81 72 180894 1
105 61 180894 1
68 31 181084 1
111 120 181133 1
36 70 181161 1
73 33 181162 1
43 39 181164 1
80 41 181257 1
38 74 181299 1
79 50 181389 1
31 82 181403 0
73 65 181421 1
77 34 181462 1
74 71 181553 1
96 91 181561 0
49 38 181854 1
30 84 181879 0
104 53 181951 1
78 41 181994 1
105 81 182022 1
68 49 182104 0
83 73 182122 1
106 57 182165 1
22 64 182205 1
57 70 182232 0
24 75 182304 0
100 52 182309 1
65 54 182323 0
36 74 182588 1
45 56 182743 0
104 88 182877 1
66 84 183028 0
37 74 183057 1
65 31 183137 1
75 61 183191 1
21 65 183300 0
66 52 183402 0
84 90 183419 0
35 46 183449 1
61 78 183455 0
97 93 183501 0
23 71 183520 0
43 56 183521 0
36 66 183546 1
16 74 183569 0
90 67 183594 0
105 82 183699 1
22 67 183716 0
111 82 183800 1
48 53 183839 0
22 56 183880 0
35 67 183928 1
76 88 183999 0
70 85 184018 0
67 49 184081 0
78 88 184154 0
99 53 184208 1
56 49 184290 0
70 84 184346 0
29 50 184454 1
93 65 184474 0
85 88 184499 0
57 69 184556 0
34 45 184578 1
90 89 184708 0
67 83 184720 0
67 50 184767 0
92 69 184785 0
81 41 184788 1
105 53 184825 1
73 32 184970 1
103 73 184974 1
25 75 184985 0
64 81 184989 0
69 83 185003 0
104 87 185014 1
78 72 185232 1
35 65 185310 1
67 30 185364 1
91 76 185367 1
38 77 185374 1
35 68 185541 1
94 63 185549 0
77 35 185608 1
37 76 185615 1
77 37 185701 1
35 70 185776 1
81 76 185826 1
36 71 185863 1
31 82 185942 0
106 58 186023 1
103 53 186048 1
88 89 186108 0
86 74 186116 1
91 75 186157 1
32 83 186173 0
64 31 186378 1
93 66 186457 0
104 68 186506 1
21 69 186514 0
26 76 186542 0
62 31 186604 1
25 76 186824 0
78 73 186831 1
65 46 187090 0
76 59 187198 1
67 48 187331 0
77 88 187484 0
42 57 187614 0
106 63 187651 1
53 17 187688 0
80 46 187710 1
23 60 187796 0
103 75 187823 1
99 93 187846 0
59 75 187859 0
69 83 187982 0
70 84 187999 0
106 59 188126 1
38 76 188153 1
103 71 188161 1
25 75 188182 0
65 49 188202 0
89 88 188238 0
22 72 188388 0
35 69 188437 1
104 80 188462 1
21 67 188504 0
93 90 188508 0
105 55 188535 1
23 71 188653 0
69 88 188735 0
96 92 188779 0
93 68 188782 0
63 79 188866 0
73 70 188968 1
84 89 189002 0
28 85 189026 0
22 63 189054 0
79 38 189223 1
80 47 189310 1
72 86 189357 0
77 87 189412 0
103 74 189454 1
105 54 189462 1
81 47 189535 1
25 78 189535 0
93 67 189544 0
87 75 189662 1
81 73 189672 1
79 32 189746 1
61 33 189784 1
103 69 189882 1
75 85 190004 0
30 82 190084 0
58 49 190178 0
56 35 190213 1
63 46 190316 0
93 70 190320 0
59 48 190350 0
92 95 190384 0
93 66 190395 0
96 94 190397 0
99 92 190471 0
61 59 190517 0
59 73 190527 0
65 82 190533 0
66 82 190542 0
86 89 190620 0
103 70 190647 1
55 73 190654 0
90 74 190685 1
75 33 190686 1
88 88 190691 0
93 65 190694 0
21 61 190826 0
102 52 190882 1
78 87 190917 0
69 83 190949 0
33 82 190959 0
58 72 190962 0
103 72 191014 1
31 48 191040 1
94 63 191069 0
77 36 191170 1
88 87 191216 0
83 88 191230 0
35 66 191239 1
46 55 191264 0
94 65 191273 0
65 46 191274 0
30 83 191302 0
77 72 191324 1
85 88 191355 0
72 32 191382 1
47 54 191390 0
106 61 191408 1
62 80 191415 0
76 34 191415 1
65 53 191449 0
67 91 191456 0
74 32 191456 1
106 56 191459 1
60 79 191465 0
58 73 191471 0
73 85 191500 0
66 80 191504 0
21 60 191518 0
62 61 191525 0
59 75 191561 0
105 65 191575 1
78 39 191644 1
58 70 191698 0
63 79 191738 0
104 81 191745 1
104 79 191776 1
66 31 191792 1
97 92 191800 0
72 67 191877 1
64 80 191884 0
71 32 191889 1
21 66 191901 0
103 52 191904 1
63 78 191906 0
22 65 191914 0
76 72 191918 1
61 47 192084 0
25 75 192087 0
67 51 192153 0
61 76 192153 0
104 66 192156 1
71 31 192156 1
62 47 192189 0
31 82 192197 0
101 91 192203 0
79 87 192228 0
67 49 192263 0
63 47 192277 0
80 43 192284 1
80 49 192292 1
83 44 192301 1
103 68 192338 1
31 81 192384 0
70 84 192413 0
22 59 192501 0
78 36 192501 1
105 85 192602 1
38 75 192611 1
106 55 192658 1
73 69 192660 1
36 67 192670 1
58 68 192708 0
80 40 192739 1
79 90 192811 0
32 82 192834 0
84 73 192864 1
85 74 192893 1
75 71 192902 1
23 73 192925 0
70 31 192992 1
89 88 193002 0
59 70 193025 0
25 77 193031 0
90 75 193034 1
104 75 193048 1
30 80 193051 0
92 69 193071 0
104 77 193083 1
22 63 193085 0
93 71 193086 0
41 57 193095 0
36 43 193159 1
29 81 193177 0
22 61 193218 0
70 32 193236 1
24 77 193245 0
96 56 193259 0
74 33 193270 1
33 83 193285 0
19 75 193300 0
27 79 193317 0
80 48 193336 1
35 63 193361 1
79 43 193366 1
66 81 193423 0
101 52 193498 1
43 40 193503 1
75 70 193582 1
64 32 193593 1
52 52 193634 0
74 70 193648 1
106 57 193718 1
79 39 193723 1
26 80 193738 0
37 71 193747 1
104 52 193843 1
36 68 193872 1
55 36 193931 1
67 83 193969 0
69 31 193987 1
63 31 194000 1
96 91 194016 0
60 82 194040 0
80 72 194085 1
63 79 194104 0
105 86 194115 1
43 41 194130 1
32 81 194177 0
30 81 194184 0
69 83 194193 0
87 74 194231 1
80 42 194239 1
73 68 194240 1
93 62 194283 0
106 60 194290 1
75 60 194291 1
36 69 194361 1
79 40 194413 1
80 51 194487 1
72 30 194501 1
60 76 194511 0
105 84 194515 1
67 32 194540 1
58 34 194573 1
103 73 194580 1
81 45 194580 1
67 47 194620 0
98 92 194671 0
80 45 194744 1
105 83 194761 1
91 77 194787 1
68 83 194796 0
88 89 194891 0
77 55 194931 1
89 75 194953 1
45 55 194972 0
73 85 194976 0
22 70 194996 0
76 87 195039 0
56 34 195060 1
93 66 195145 0
107 58 195258 1
105 41 195258 1
105 80 195258 1
24 54 195278 0
95 92 195339 0
22 65 195349 0
77 57 195368 1
77 88 195388 0
37 73 195432 1
33 81 195488 0
75 90 195584 0
58 70 195661 0
75 93 195670 0
22 72 195685 0
99 91 195698 0
42 40 195703 1
59 75 195712 0
23 59 195747 0
104 82 195748 1
28 81 195785 0
25 75 195832 0
61 62 195878 0
59 66 195911 0
71 84 195917 0
23 71 195938 0
96 58 196013 0
57 74 196086 0
66 81 196106 0
35 45 196141 1
61 61 196143 0
26 76 196166 0
45 54 196174 0
75 34 196330 1
74 89 196455 0
34 46 196643 1
97 55 196697 0
80 39 196739 1
65 46 196778 0
61 47 196822 0
38 78 196855 1
27 81 196869 0
105 53 197069 1
67 31 197113 1
36 62 197131 1
61 78 197152 0
59 76 197158 0
92 71 197203 0
86 88 197307 0
75 85 197310 0
53 36 197333 1
89 39 197336 1
22 63 197497 0
60 76 197507 0
67 47 197561 0
22 67 197563 0
49 39 197577 1
85 73 197605 1
63 79 197723 0
18 68 197747 0
29 82 197816 0
65 80 197853 0
58 69 197854 0
24 74 197881 0
74 69 197887 1
82 73 197897 1
62 32 197915 1
22 62 197977 0
61 52 198160 0
21 64 198174 0
72 84 198229 0
62 83 198253 0
70 84 198297 0
104 73 198307 1
37 75 198408 1
70 85 198436 0
37 72 198482 1
60 64 198497 0
73 33 198620 1
39 77 198667 1
27 78 198669 0
79 37 198840 1
32 48 198841 1
81 43 198937 1
67 86 198994 0
71 84 199096 0
34 44 199161 1
37 77 199259 1
68 31 199304 1
45 40 199393 1
77 58 199415 1
79 38 199579 1
83 73 199616 1
25 76 199660 0
90 88 199786 0
49 54 199831 0
98 91 199852 0
83 87 199913 0
66 81 199962 0
0 0 200010 0
