35 79 0 0
56 90 67 1
82 53 70 0
51 81 133 1
52 71 219 1
52 78 235 1
59 94 304 1
101 19 444 1
67 45 446 1
35 74 473 0
52 87 476 1
39 107 492 0
43 46 631 0
71 52 754 1
68 46 868 1
70 54 1020 1
35 68 1032 0
84 49 1042 0
69 48 1099 1
93 66 1104 1
91 70 1197 1
58 93 1382 1
51 91 1558 1
100 48 1568 1
58 69 1577 0
59 78 1580 0
35 98 1710 0
34 82 1787 0
58 70 1803 0
36 68 1888 0
64 39 1893 1
53 66 2031 1
51 85 2058 1
104 24 2103 1
70 52 2269 1
56 35 2338 1
59 75 2357 0
60 87 2379 0
74 62 2455 1
36 104 2486 0
64 94 2507 0
88 33 2554 0
58 65 2560 0
87 40 2625 0
68 45 2625 1
45 114 2666 0
35 69 2669 0
35 99 2747 0
47 113 2828 0
52 92 2874 1
103 39 3021 1
35 86 3256 0
59 87 3320 0
76 62 3344 1
34 97 3368 0
56 94 3374 1
101 20 3378 1
71 54 3392 1
84 48 3412 0
105 27 3536 1
105 32 3563 1
88 31 3749 0
92 69 3762 1
33 90 3808 0
90 25 3916 0
74 48 3971 1
71 58 3976 1
105 30 3981 1
103 22 4235 1
83 52 4243 0
34 74 4301 0
88 37 4331 0
39 112 4390 0
103 23 4418 1
53 93 4477 1
75 62 4605 1
77 62 4673 1
63 37 4706 1
105 28 4706 1
102 42 4706 1
94 64 4780 1
98 18 4844 1
100 45 4916 1
99 51 5065 1
59 78 5088 0
59 70 5145 0
51 89 5152 1
35 101 5155 0
73 59 5155 1
73 62 5210 1
104 25 5275 1
99 50 5291 1
63 93 5297 0
101 41 5299 1
85 47 5304 0
59 85 5429 0
54 37 5443 1
90 23 5444 0
98 54 5525 1
67 41 5532 1
60 86 5575 0
88 38 5589 0
104 26 5615 1
96 18 5615 1
39 53 5640 0
49 113 5650 0
60 87 5659 0
93 67 5667 1
101 46 5670 1
52 73 5679 1
104 23 5703 1
60 79 5792 0
105 29 5882 1
63 92 5915 0
52 84 5920 1
41 51 5954 0
60 89 5960 0
44 114 5984 0
59 75 5985 0
67 44 6030 1
67 43 6034 1
105 31 6073 1
35 85 6082 0
35 78 6094 0
72 60 6100 1
87 42 6102 0
55 36 6127 1
66 39 6164 1
60 101 6172 1
51 90 6189 1
35 83 6271 0
55 60 6277 0
99 53 6310 1
69 93 6326 0
85 44 6382 0
61 91 6409 0
33 97 6437 0
57 93 6437 1
52 70 6438 1
97 19 6456 1
57 68 6509 0
58 66 6552 0
35 61 6567 0
97 18 6619 1
52 74 6669 1
59 93 6679 1
70 53 6686 1
62 36 6712 1
60 96 6721 1
43 45 6722 0
36 102 6747 0
85 43 6756 0
58 64 6764 0
60 98 6770 1
58 68 6785 0
69 50 6821 1
52 82 6833 1
103 24 6849 1
68 47 6854 1
52 91 6878 1
52 81 6902 1
52 79 6934 1
96 61 6954 1
48 112 6977 0
40 52 6990 0
71 55 6993 1
56 93 7009 1
51 86 7052 1
36 100 7056 0
70 49 7097 1
103 37 7098 1
35 86 7108 0
36 65 7110 0
43 112 7126 0
35 92 7136 0
55 61 7148 0
52 66 7161 1
52 37 7182 1
69 47 7192 1
102 40 7248 1
98 56 7269 1
59 77 7271 0
61 37 7274 1
52 90 7280 1
35 96 7282 0
35 75 7341 0
59 81 7361 0
37 108 7377 0
57 94 7379 1
66 93 7385 0
44 113 7424 0
88 39 7434 0
72 54 7477 1
35 82 7479 0
65 95 7498 0
65 39 7499 1
105 33 7545 1
51 83 7567 1
100 19 7571 1
59 96 7605 1
96 60 7613 1
64 38 7631 1
59 73 7650 0
38 109 7670 0
53 92 7726 1
35 89 7781 0
66 40 7788 1
46 113 7791 0
56 49 7802 0
56 36 7802 1
73 61 7814 1
59 34 7819 1
85 76 7821 0
62 92 7827 0
86 43 7847 0
101 44 7877 1
37 104 7894 0
58 69 7898 0
36 64 7912 0
37 100 7918 0
52 83 7918 1
52 68 7938 1
36 67 7950 0
52 89 7955 1
104 24 7960 1
88 32 7963 0
35 77 7986 0
89 34 8018 0
36 68 8075 0
51 84 8144 1
59 69 8157 0
35 97 8167 0
68 42 8172 1
72 58 8216 1
57 65 8238 0
49 112 8269 0
70 51 8297 1
99 52 8342 1
58 65 8359 0
102 20 8375 1
67 42 8385 1
70 50 8385 1
48 113 8417 0
69 46 8462 1
35 91 8511 0
57 64 8520 0
104 36 8520 1
65 40 8542 1
75 89 8649 1
60 85 8666 0
35 98 8682 0
59 72 8737 0
51 75 8743 1
52 88 8753 1
60 87 8771 0
35 88 8801 0
76 87 8918 1
72 59 8952 1
53 91 8967 1
97 57 9099 1
36 69 9105 0
59 78 9123 0
58 94 9135 1
36 99 9237 0
40 51 9244 0
35 90 9303 0
93 20 9321 1
95 19 9362 1
58 66 9364 0
52 69 9379 1
40 112 9411 0
72 56 9541 1
98 55 9561 1
36 62 9642 0
60 97 9656 1
37 62 9660 0
57 61 9672 0
51 80 9694 1
55 94 9733 1
102 21 9743 1
53 65 9746 1
60 36 9758 1
39 111 9794 0
34 80 9847 0
103 38 9953 1
104 37 9975 1
60 89 9993 0
54 36 10020 1
52 86 10023 1
35 72 10054 0
35 85 10106 0
36 61 10195 0
37 107 10204 0
103 21 10220 1
52 75 10285 1
35 80 10293 0
71 57 10302 1
99 18 10316 1
69 49 10317 1
84 46 10365 0
72 57 10373 1
59 83 10488 0
104 35 10488 1
58 62 10514 0
52 67 10609 1
104 40 10647 1
95 64 10679 1
59 95 10681 1
94 20 10770 1
55 93 10784 1
102 44 10791 1
101 20 10826 1
52 77 10897 1
95 61 10900 1
50 38 10921 1
81 119 10942 1
61 35 10946 1
35 77 10953 0
60 99 11033 1
35 86 11035 0
101 19 11039 1
42 112 11098 0
67 94 11134 0
83 51 11147 0
53 77 11150 1
71 54 11159 1
60 100 11231 1
103 23 11265 1
87 40 11358 0
59 70 11392 0
57 62 11399 0
59 75 11446 0
59 72 11588 0
37 60 11596 0
83 50 11625 0
61 36 11652 1
45 113 11680 0
35 70 11691 0
89 29 11725 0
91 24 11735 0
35 100 11740 0
89 33 11802 0
51 36 11805 1
37 63 11881 0
70 94 11891 0
97 58 11900 1
46 113 11982 0
39 107 12005 0
94 66 12092 1
60 102 12096 1
68 41 12131 1
39 57 12189 0
87 41 12257 0
86 75 12296 0
99 19 12313 1
59 82 12315 0
58 66 12326 0
35 73 12362 0
74 63 12398 1
52 80 12398 1
103 22 12398 1
71 53 12445 1
68 46 12460 1
69 48 12545 1
95 63 12554 1
66 94 12567 0
97 56 12677 1
35 74 12709 0
35 84 12840 0
35 79 12844 0
60 90 12849 0
59 35 12867 1
66 41 12871 1
104 25 12874 1
43 111 13067 0
34 84 13137 0
52 76 13138 1
70 93 13147 0
38 56 13196 0
68 94 13225 0
54 93 13248 1
105 30 13296 1
68 95 13348 0
60 86 13380 0
89 28 13396 0
59 79 13398 0
55 34 13472 1
45 112 13506 0
71 93 13610 0
37 105 13626 0
100 46 13745 1
53 36 13767 1
35 83 13804 0
36 64 13981 0
73 62 13986 1
50 37 14014 1
52 85 14069 1
66 95 14150 0
72 55 14157 1
59 103 14175 1
35 77 14212 0
59 36 14288 1
105 27 14295 1
96 58 14453 1
56 62 14486 0
36 87 14590 0
35 76 14659 0
100 49 14703 1
51 67 15198 1
59 72 15251 0
0 0 15455 0
50 113 15517 0
84 49 15801 0
57 62 15839 0
60 87 15862 0
59 100 15871 1
35 66 16023 0
60 80 16049 0
68 43 16182 1
42 113 16195 0
58 66 16197 0
43 113 16235 0
35 64 16385 0
60 89 16423 0
65 38 16453 1
56 64 16635 0
34 73 16702 0
83 54 16743 0
35 67 16760 0
63 92 16973 0
39 55 17014 0
59 78 17204 0
66 94 17234 0
35 85 17238 0
105 28 17278 1
77 85 17398 1
54 92 17485 1
90 26 17671 0
84 47 17789 0
59 82 17845 0
36 63 17922 0
81 57 17967 0
86 45 18025 0
39 54 18046 0
88 37 18067 0
85 45 18146 0
60 96 18156 1
71 52 18227 1
90 24 18290 0
57 71 18305 0
49 112 18378 0
36 68 18385 0
57 60 18640 0
59 74 18652 0
69 45 18664 1
52 78 18708 1
57 34 18864 1
60 84 18888 0
69 44 19065 1
35 76 19098 0
35 77 19123 0
59 84 19171 0
39 109 19188 0
58 64 19234 0
60 80 19275 0
47 113 19332 0
63 94 19336 0
60 79 19363 0
85 46 19478 0
68 45 19495 1
35 65 19538 0
46 113 19588 0
62 93 19599 0
35 89 19609 0
43 115 19616 0
88 38 19716 0
52 18 19771 0
74 62 19835 1
37 111 19948 0
87 34 20202 0
60 95 20202 1
48 112 20407 0
63 37 20514 1
105 26 20552 1
45 44 20571 0
39 110 20607 0
52 65 20618 1
52 92 20732 1
39 108 20781 0
70 49 20841 1
40 53 20868 0
98 53 20870 1
52 87 21063 1
35 78 21144 0
69 47 21218 1
58 93 21311 1
24 80 21357 1
59 80 21419 0
35 91 21544 0
40 113 21603 0
75 63 21620 1
66 94 21627 0
58 62 22125 0
36 100 22156 0
87 42 22268 0
52 72 22346 1
87 33 22353 0
60 103 22433 1
60 84 22480 0
40 50 22519 0
102 20 22553 1
59 74 22619 0
35 92 22630 0
35 75 22825 0
104 23 22895 1
41 114 22940 0
61 92 23065 0
40 110 23169 0
35 86 23180 0
43 112 23267 0
39 109 23275 0
52 71 23303 1
97 59 23404 1
81 40 23601 0
74 61 23882 1
60 80 24123 0
36 98 24162 0
35 82 24258 0
51 37 24305 1
61 90 24444 0
85 47 24523 0
66 40 24847 1
59 76 24904 0
60 94 24932 1
39 108 25148 0
33 87 25158 0
67 41 25187 1
35 76 25326 0
51 92 25514 1
50 112 25587 0
51 78 25696 1
67 93 25722 0
36 64 25746 0
66 39 25846 1
52 90 25940 1
109 45 25952 1
98 18 25958 1
37 7 26043 0
38 58 26065 0
109 45 26094 0
72 58 26218 1
70 48 26221 1
73 59 26380 1
92 68 26618 1
58 65 26645 0
42 111 26788 0
65 93 26838 0
59 94 26947 1
35 98 26963 0
56 123 27262 1
70 50 27263 1
60 35 27266 1
59 80 27271 0
94 67 27314 1
73 60 27358 1
64 37 27407 1
57 35 27551 1
36 65 27585 0
65 39 27892 1
89 31 27994 0
53 63 28018 1
36 89 28207 0
40 110 28276 0
35 96 28334 0
53 92 28387 1
36 66 28716 0
56 61 28817 0
51 113 28881 0
52 91 28972 1
70 51 29177 1
36 101 29193 0
39 109 29338 0
59 82 29403 0
104 24 29403 1
100 19 29505 1
33 88 29749 0
38 8 29753 1
59 74 29867 0
37 58 30268 0
66 94 30328 0
79 51 30331 0
38 57 30336 0
90 27 30551 0
48 114 30627 0
35 71 30722 0
105 29 30754 1
58 69 30783 0
56 35 30809 1
59 88 30968 0
59 76 30971 0
88 34 30977 1
88 39 31104 0
35 93 31246 0
59 72 31478 0
105 32 31585 1
100 18 31591 1
64 38 31637 1
56 93 31647 1
57 63 31718 0
87 38 31753 0
87 43 31764 0
36 99 31808 0
87 75 31829 0
61 87 31836 0
102 41 31864 1
35 69 31895 0
57 62 31982 0
43 44 32074 0
61 90 32164 0
104 38 32225 1
60 85 32226 0
40 53 32226 0
35 88 32259 0
53 37 32286 1
65 93 32304 0
69 46 32315 1
62 91 32324 0
62 36 32324 1
73 58 32357 1
59 69 32379 0
52 84 32403 1
101 45 32412 1
105 31 32507 1
36 95 32534 0
39 52 32559 0
60 84 32658 0
72 53 32665 1
37 104 32673 0
69 93 32700 0
40 52 32701 0
86 46 32711 0
100 48 32893 1
59 73 32904 0
66 93 32919 0
71 51 33000 1
60 72 33006 0
95 62 33087 1
69 94 33108 0
52 79 33149 1
36 69 33200 0
61 88 33265 0
36 104 33278 0
84 48 33311 0
104 22 33407 1
61 37 33460 1
53 35 33611 1
102 42 33640 1
67 42 33677 1
101 19 33696 1
52 70 33720 1
52 81 33740 1
67 40 33742 1
37 100 33754 0
37 7 33778 1
52 68 33779 1
60 98 33779 1
54 110 33859 0
41 112 33871 0
52 89 33878 1
36 98 33922 0
59 70 33967 0
60 36 34003 1
52 83 34005 1
42 111 34026 0
36 67 34042 0
65 37 34069 1
57 61 34158 0
59 80 34173 0
104 25 34194 1
52 66 34209 1
59 75 34254 0
51 85 34271 1
69 50 34350 1
102 43 34370 1
72 56 34383 1
103 39 34431 1
52 82 34441 1
55 93 34462 1
52 74 34480 1
77 86 34537 1
36 102 34547 0
58 94 34566 1
71 54 34568 1
63 36 34585 1
39 107 34635 0
97 18 34662 1
35 77 34705 0
58 66 34726 0
35 90 34762 0
60 101 34805 1
60 87 34903 0
55 35 34942 1
52 88 35095 1
62 35 35168 1
36 101 35199 0
103 22 35236 1
68 42 35239 1
41 51 35263 0
105 25 35322 1
35 97 35400 0
91 23 35431 0
39 108 35447 0
35 80 35452 0
105 28 35490 1
91 25 35504 0
56 61 35520 0
57 93 35526 1
36 64 35531 0
53 73 35593 1
60 86 35704 0
105 27 35742 1
60 80 35760 0
72 54 35807 1
99 18 35812 1
101 46 35823 1
57 94 35866 1
99 51 35881 1
35 71 36101 0
67 93 36105 0
40 110 36108 0
73 57 36112 1
53 66 36155 1
90 27 36178 0
61 85 36189 0
93 68 36235 1
60 79 36262 0
89 33 36283 0
35 93 36314 0
103 21 36359 1
63 93 36374 0
49 37 36390 1
89 34 36414 0
53 71 36415 1
100 51 36428 1
103 40 36453 1
88 33 36473 0
59 95 36490 1
44 113 36538 0
74 48 36627 1
57 63 36628 0
52 69 36655 1
66 38 36663 1
105 30 36686 1
36 66 36706 0
71 53 36791 1
96 18 36807 1
83 52 36841 0
104 40 36841 1
44 44 36881 0
76 62 37060 1
60 100 37060 1
91 26 37063 0
53 91 37063 1
37 102 37174 0
73 56 37195 1
99 50 37231 1
60 97 37232 1
90 25 37256 0
70 49 37293 1
52 86 37338 1
61 96 37360 1
105 33 37361 1
94 19 37397 1
69 43 37421 1
62 91 37460 0
53 80 37478 1
69 47 37503 1
68 41 37574 1
50 36 37593 1
53 67 37615 1
55 36 37759 1
35 84 37763 0
36 74 37801 0
35 83 37814 0
98 54 37881 1
42 112 37914 0
53 69 37915 1
104 24 37917 1
69 45 37958 1
63 92 37991 0
102 22 38003 1
51 86 38012 1
35 99 38041 0
35 74 38089 0
65 93 38128 0
52 36 38151 1
86 76 38158 0
34 85 38167 0
75 62 38187 1
35 85 38188 0
104 36 38242 1
87 39 38444 0
41 111 38491 0
101 20 38500 1
60 96 38591 1
35 73 38612 0
73 59 38622 1
59 65 38672 0
36 95 38674 0
103 23 38795 1
51 111 38849 0
71 52 38889 1
61 35 38895 1
59 76 38911 0
104 23 38920 1
83 53 38991 0
53 89 39038 1
37 99 39088 0
102 20 39130 1
35 72 39150 0
35 91 39193 0
59 67 39273 0
72 58 39276 1
88 37 39306 0
72 55 39348 1
37 62 39431 0
61 88 39499 0
43 111 39503 0
74 60 39512 1
101 44 39534 1
45 112 39658 0
52 37 39662 1
89 32 39771 0
96 61 39805 1
65 38 39807 1
53 70 39977 1
58 34 39997 1
39 109 40008 0
59 93 40062 1
88 36 40130 0
36 87 40132 0
41 48 40340 0
53 64 40476 1
61 98 40559 1
52 67 40580 1
53 72 40727 1
35 89 40852 0
53 81 40967 1
102 19 41049 1
53 65 41085 1
105 29 41117 1
35 94 41221 0
52 85 41222 1
58 62 41255 0
68 43 41604 1
97 57 41686 1
53 92 41719 1
60 76 41826 0
54 36 41833 1
47 112 41874 0
99 52 41912 1
38 106 41930 0
59 66 41965 0
36 64 42175 0
35 68 42235 0
84 49 42312 0
36 60 42519 0
97 19 42604 1
35 71 42705 0
36 68 42950 0
57 63 43031 0
103 37 43048 1
105 26 43079 1
103 38 43103 1
45 113 43200 0
67 39 43513 1
104 21 43580 1
105 34 43767 1
36 74 43816 0
70 50 43927 1
56 34 43961 1
94 65 44060 1
61 36 44117 1
101 19 44137 1
49 113 44192 0
54 92 44220 1
88 38 44341 0
41 111 44349 0
67 41 44448 1
66 39 44507 1
96 60 44521 1
37 103 44527 0
66 94 44668 0
46 113 44693 0
66 37 44740 1
93 67 44760 1
91 24 44795 0
76 88 44838 1
87 41 45008 0
65 39 45024 1
60 72 45081 0
98 18 45110 1
58 64 45157 0
104 40 45170 1
74 61 45190 1
59 35 45254 1
105 31 45317 1
87 35 45398 0
105 32 45405 1
60 35 45547 1
57 35 45551 1
59 102 45556 1
64 38 45573 1
67 42 45587 1
70 48 45598 1
57 60 45651 0
36 78 45676 0
103 41 45688 1
69 49 45706 1
52 80 45723 1
90 27 45799 0
52 76 45828 1
54 35 45861 1
58 93 45886 1
35 86 45960 0
48 112 45963 0
62 36 46007 1
105 27 46009 1
69 46 46014 1
37 102 46053 0
97 56 46066 1
69 44 46100 1
60 84 46150 0
35 93 46152 0
66 93 46158 0
88 36 46206 0
100 49 46241 1
59 67 46294 0
60 76 46310 0
103 21 46316 1
71 50 46319 1
105 28 46330 1
61 84 46365 0
64 92 46394 0
84 53 46432 0
67 40 46434 1
49 112 46451 0
37 63 46474 0
85 47 46523 0
56 93 46553 1
60 85 46566 0
59 69 46588 0
86 44 46638 0
83 54 46645 0
36 93 46646 0
94 66 46679 1
35 79 46735 0
58 65 46756 0
52 90 46763 1
105 25 46783 1
36 89 46796 0
66 40 46826 1
51 76 46844 1
62 91 46852 0
53 75 46888 1
72 92 46950 0
73 58 47004 1
88 39 47034 0
55 92 47057 1
38 106 47070 0
105 30 47070 1
60 89 47097 0
87 40 47105 0
70 93 47118 0
48 113 47119 0
67 94 47126 0
36 69 47135 0
61 87 47172 0
72 56 47254 1
36 64 47269 0
59 34 47271 1
57 62 47318 0
83 53 47337 0
35 78 47339 0
36 101 47353 0
44 45 47355 0
35 90 47367 0
86 45 47393 0
59 66 47417 0
63 36 47419 1
53 86 47424 1
59 70 47437 0
59 72 47450 0
86 41 47483 0
42 111 47496 0
101 47 47528 1
35 92 47565 0
59 36 47575 1
104 22 47586 1
101 18 47619 1
61 90 47711 0
61 99 47728 1
68 42 47731 1
37 100 47745 0
35 94 47769 0
72 53 47840 1
89 73 47852 0
71 54 47853 1
36 99 47891 0
36 98 47894 0
57 64 47899 0
39 107 47907 0
60 34 47934 1
99 18 47939 1
40 51 47972 0
35 82 47985 0
41 50 47986 0
55 93 47993 1
58 63 48004 0
103 22 48010 1
60 94 48010 1
59 74 48032 0
52 72 48035 1
52 91 48071 1
47 112 48130 0
43 112 48242 0
38 101 48251 0
71 51 48271 1
36 62 48292 0
89 32 48320 0
89 31 48330 0
57 61 48341 0
38 102 48341 0
65 37 48355 1
35 88 48407 0
35 76 48409 0
87 42 48496 0
100 18 48510 1
34 91 48519 0
45 42 48545 0
69 47 48554 1
53 90 48623 1
35 75 48624 0
85 46 48629 0
33 86 48645 0
36 64 48658 0
43 47 48669 0
60 79 48706 0
104 23 48733 1
35 70 48750 0
91 26 48783 0
41 53 48826 0
44 63 48893 1
60 36 48896 1
62 88 48912 0
61 91 48916 0
40 52 48922 0
60 80 48990 0
36 63 48991 0
69 93 49074 0
36 82 49091 0
59 80 49133 0
37 60 49142 0
52 84 49227 1
83 55 49242 0
104 37 49250 1
60 93 49263 1
70 49 49275 1
39 108 49292 0
41 113 49299 0
51 112 49342 0
53 88 49384 1
60 95 49452 1
60 72 49477 0
103 20 49505 1
71 52 49505 1
61 85 49532 0
36 67 49535 0
39 57 49547 0
62 92 49547 0
56 61 49583 0
45 41 49623 0
37 103 49644 0
61 88 49648 0
36 78 49765 0
36 65 49800 0
52 71 49832 1
64 94 49852 0
55 60 49856 0
59 65 49861 0
43 46 49919 0
98 55 49921 1
64 92 49946 0
68 41 49992 1
52 68 50037 1
52 82 50053 1
36 95 50062 0
36 87 50082 0
105 26 50107 1
74 48 50215 1
53 87 50253 1
52 87 50261 1
52 83 50263 1
58 92 50300 1
73 55 50423 1
101 19 50453 1
65 96 50532 0
74 62 50538 1
64 36 50552 1
58 66 50576 0
60 76 50618 0
34 77 50677 0
52 78 50688 1
57 92 50703 1
89 33 50713 0
54 92 50758 1
53 74 50772 1
52 88 50775 1
58 62 50808 0
70 51 50882 1
36 93 50898 0
53 82 50987 1
36 100 51086 0
47 114 51088 0
40 110 51106 0
35 77 51122 0
60 88 51126 0
61 97 51127 1
58 74 51132 0
36 74 51143 0
41 52 51159 0
48 112 51222 0
65 93 51224 0
41 111 51255 0
82 56 51298 0
53 91 51341 1
37 104 51346 0
60 86 51401 0
36 66 51409 0
33 92 51421 0
59 67 51516 0
67 93 51615 0
100 19 51648 1
60 102 51687 1
37 99 51688 0
80 58 51712 0
34 64 51728 0
41 49 51753 0
34 70 51755 0
73 92 51889 0
58 63 51908 0
96 62 51910 1
68 40 51924 1
40 53 52028 0
38 58 52060 0
31 32 52077 0
69 45 52151 1
102 20 52161 1
89 34 52173 0
59 73 52195 0
39 110 52197 0
36 82 52211 0
88 36 52246 0
53 92 52249 1
66 39 52252 1
56 60 52266 0
59 78 52288 0
86 46 52310 0
91 21 52344 0
90 26 52393 0
88 75 52414 0
58 67 52454 1
87 74 52558 0
57 93 52590 1
105 24 52596 1
43 111 52607 0
104 24 52633 1
36 64 52751 0
38 106 52797 0
34 71 52811 0
88 30 52848 0
33 81 52881 0
91 25 52896 0
35 103 52942 0
53 111 52954 0
37 7 52978 0
59 66 52987 0
89 123 53048 0
36 103 53075 0
35 96 53192 0
39 51 53208 0
72 54 53240 1
45 112 53255 0
41 86 53292 1
61 95 53296 1
53 36 53361 1
51 25 53366 0
39 53 53449 0
66 38 53465 1
57 63 53525 0
71 94 53554 0
59 89 53604 0
59 52 53633 1
58 64 53727 0
59 63 53753 0
38 109 53793 0
41 110 53854 0
50 112 53908 0
95 63 53959 1
53 84 53963 1
69 95 53972 0
34 94 54006 0
73 59 54117 1
35 83 54164 0
86 43 54234 0
37 63 54434 0
61 35 54445 1
61 89 54451 0
39 109 54477 0
56 65 54495 0
37 105 54563 0
92 23 54606 0
65 38 54635 1
68 94 54662 0
44 43 54701 0
89 28 54735 0
88 38 54779 0
35 71 54791 0
54 109 54843 0
70 45 54848 1
60 100 54967 1
61 84 54980 0
75 61 55060 1
64 92 55077 0
36 90 55097 0
92 70 55127 1
35 98 55168 0
77 62 55217 1
72 55 55322 1
34 99 55367 0
82 54 55371 0
42 112 55448 0
40 111 55455 0
35 87 55460 0
36 89 55477 0
88 40 55648 0
95 18 55693 1
41 51 55798 0
58 94 55889 1
102 19 55896 1
36 68 55896 0
95 19 55951 1
43 48 56002 0
104 40 56089 1
56 92 56180 1
33 95 56216 0
36 64 56224 0
56 59 56340 0
106 29 56471 1
70 46 56471 1
35 94 56472 0
101 45 56546 1
100 48 56547 1
87 32 56604 0
44 112 56670 0
71 53 56681 1
102 42 56724 1
35 85 56746 0
99 53 56882 1
97 18 56945 1
105 29 57230 1
60 88 57232 0
68 43 57258 1
37 103 57390 0
105 25 57493 1
97 58 57497 1
105 33 57527 1
77 61 57601 1
105 27 57818 1
74 61 57971 1
73 57 57998 1
56 60 58064 0
61 80 58094 0
103 21 58098 1
53 77 58196 1
62 35 58249 1
61 76 58334 0
67 40 58346 1
67 41 58372 1
85 50 58397 0
70 48 58450 1
52 69 58515 1
53 63 58558 1
86 42 58611 0
74 60 58634 1
104 21 58638 1
103 39 58640 1
87 43 58665 0
62 36 58666 1
102 41 58667 1
105 26 58734 1
69 46 58748 1
61 96 58798 1
57 34 58857 1
88 37 58868 0
53 76 58888 1
69 43 58943 1
98 56 58987 1
56 35 59014 1
58 93 59161 1
56 93 59163 1
69 42 59184 1
59 93 59191 1
104 38 59219 1
53 79 59221 1
53 72 59265 1
105 32 59275 1
105 31 59331 1
53 66 59339 1
55 46 59357 1
55 35 59357 1
36 90 59391 0
72 52 59411 1
61 87 59467 0
98 17 59532 1
99 17 59560 1
41 110 59562 0
57 60 59575 0
101 19 59585 1
58 63 59594 0
85 47 59595 0
84 51 59618 0
53 71 59631 1
73 56 59632 1
65 94 59633 0
90 27 59639 0
36 106 59696 0
53 73 59697 1
69 44 59706 1
95 62 59724 1
53 89 59778 1
73 62 59779 1
55 92 59781 1
53 69 59885 1
104 22 59934 1
103 42 59963 1
68 42 59966 1
98 18 59985 1
67 39 59990 1
102 44 59990 1
53 65 60011 1
73 54 60015 1
36 82 60044 0
70 44 60072 1
106 28 60134 1
68 93 60156 0
99 18 60158 1
88 40 60194 0
61 98 60226 1
71 50 60229 1
102 43 60229 1
97 57 60297 1
53 68 60303 1
39 107 60308 0
59 35 60328 1
61 89 60362 0
47 112 60376 0
60 72 60393 0
53 67 60403 1
60 83 60430 0
104 36 60462 1
47 111 60509 0
104 39 60510 0
104 39 60510 1
36 78 60521 0
89 24 60543 0
36 69 60568 0
72 53 60599 1
53 80 60607 1
63 35 60614 1
91 24 60623 0
38 101 60638 0
66 93 60653 0
52 74 60654 1
103 20 60657 1
63 36 60663 1
37 102 60739 0
61 34 60746 1
61 100 60765 1
105 35 60768 1
53 78 60775 1
73 91 60792 0
104 40 60809 1
54 63 60831 1
68 41 60859 1
38 102 60864 0
85 45 60871 0
53 70 60895 1
69 41 60903 1
59 65 60915 0
52 76 60949 1
52 111 61017 0
52 86 61028 1
71 51 61092 1
35 86 61130 0
59 69 61190 0
91 26 61223 0
35 80 61243 0
51 70 61263 1
105 28 61265 1
42 111 61284 0
105 23 61300 1
44 112 61311 0
36 93 61336 0
96 61 61378 1
52 66 61380 1
57 35 61394 1
53 81 61401 1
71 52 61415 1
66 39 61461 1
73 58 61488 1
37 7 61544 1
99 54 61551 1
65 37 61590 1
61 85 61628 0
76 62 61654 1
95 64 61657 1
62 88 61684 0
54 92 61696 1
36 64 61708 0
60 35 61731 1
64 37 61793 1
37 62 61841 0
35 87 61842 0
57 33 61858 1
73 59 61875 1
44 111 61890 0
65 7 61921 1
35 91 61931 0
96 60 62024 1
37 100 62051 0
53 90 62148 1
71 49 62162 1
101 18 62202 1
100 49 62211 1
51 77 62261 1
35 95 62305 0
51 36 62314 1
36 87 62369 0
60 87 62374 0
67 42 62387 1
60 94 62414 1
59 92 62460 1
60 84 62481 0
89 32 62499 0
103 40 62518 1
99 51 62531 1
54 36 62555 1
36 64 62621 0
36 95 62638 0
53 83 62679 1
105 25 62700 1
58 34 62736 1
76 61 62857 1
49 112 62906 0
70 94 62970 0
91 23 62971 0
53 86 62982 1
94 65 62995 1
105 30 62995 1
60 76 63020 0
96 17 63052 1
36 74 63116 0
66 37 63159 1
110 28 63180 1
102 40 63187 1
36 98 63194 0
40 111 63195 0
105 24 63272 1
53 75 63297 1
70 92 63311 0
55 34 63336 1
83 53 63383 0
52 83 63526 1
105 34 63540 1
48 111 63552 0
103 21 63664 1
35 89 63705 0
36 90 63849 0
65 39 63852 1
59 67 63903 0
98 54 63911 1
96 63 63982 1
61 101 63982 1
69 45 64179 1
103 19 64203 1
36 64 64228 0
57 61 64248 0
59 34 64288 1
64 92 64339 0
51 110 64370 0
52 80 64374 1
53 91 64437 1
52 85 64526 1
91 28 64531 0
86 44 64597 0
100 51 64652 1
100 18 64655 1
50 37 64739 1
36 99 64743 0
61 99 64817 1
60 74 64852 0
63 92 64881 0
84 51 64937 0
106 31 64940 1
66 38 64954 1
35 93 64960 0
104 23 65002 1
57 92 65119 1
100 52 65142 1
102 19 65158 1
61 84 65209 0
37 99 65246 0
54 62 65265 1
96 18 65328 1
68 93 65364 0
36 67 65381 0
55 93 65393 1
52 88 65405 1
57 59 65428 0
99 52 65486 1
48 112 65524 0
89 33 65562 0
59 66 65571 0
53 109 65587 0
103 38 65599 1
70 49 65604 1
41 110 65611 0
64 36 65769 1
97 59 65943 1
44 112 65985 0
36 64 66071 0
60 85 66082 0
93 67 66188 1
60 77 66231 0
61 35 66393 1
72 56 66442 1
60 72 66496 0
39 108 66517 0
84 49 66640 0
60 75 66727 0
53 84 66809 1
61 97 66821 1
100 17 66836 1
60 83 66855 0
58 62 66959 0
44 111 67012 0
35 84 67014 0
101 44 67021 1
62 36 67047 1
56 59 67063 0
36 82 67065 0
89 30 67127 0
53 82 67132 1
88 36 67167 0
53 66 67199 1
36 89 67226 0
63 91 67367 0
84 53 67392 0
104 20 67440 1
74 59 67476 1
106 30 67504 1
55 109 67514 0
89 25 67584 0
89 31 67637 0
60 34 67661 1
89 29 67705 0
84 50 67707 0
52 37 67755 1
38 101 67899 0
63 36 67978 1
52 82 67996 1
52 36 67998 1
93 69 68023 1
61 88 68072 0
65 94 68139 0
69 47 68141 1
55 92 68214 1
36 64 68295 0
35 90 68297 0
38 106 68302 0
58 68 68357 0
60 74 68384 0
65 92 68400 0
60 80 68434 0
60 88 68463 0
65 38 68466 1
69 43 68483 1
36 61 68490 0
53 88 68657 1
36 77 68683 0
70 45 68851 1
41 111 68994 0
56 92 69110 1
59 76 69198 0
53 87 69199 1
56 60 69204 0
71 50 69326 1
55 36 69332 1
105 27 69379 1
52 84 69407 1
53 79 69439 1
102 18 69526 1
78 84 69579 1
97 17 69642 1
35 95 69687 0
101 19 69709 1
59 70 69805 0
59 63 69814 0
105 26 69818 1
53 35 69834 1
43 111 69870 0
105 33 70020 1
36 78 70034 0
70 92 70064 0
36 64 70078 0
70 46 70126 1
72 91 70165 0
104 21 70179 1
54 64 70276 1
68 40 70309 1
36 91 70399 0
74 60 70623 1
88 40 70732 0
68 41 70767 1
106 29 70842 1
61 102 70887 1
89 34 70931 0
94 66 70996 1
74 61 71022 1
60 75 71072 0
101 45 71167 1
40 111 71195 0
93 68 71204 1
101 48 71221 1
105 25 71246 1
58 92 71259 1
70 48 71329 1
106 27 71425 1
73 57 71425 1
61 95 71440 1
60 77 71504 0
90 28 71544 0
67 39 71557 1
58 59 71580 0
97 18 71604 1
73 55 71635 1
103 20 71679 1
53 69 71713 1
34 91 71749 0
72 53 71771 1
73 56 71772 1
86 45 71774 0
36 64 71806 0
68 42 71807 1
102 42 71809 1
61 80 71838 0
70 93 71854 0
63 91 71882 0
61 86 71898 0
75 61 71951 1
67 38 71988 1
105 32 71997 1
44 45 72035 0
53 89 72187 1
84 51 72207 0
57 59 72243 0
61 75 72291 0
60 36 72297 1
71 51 72448 1
99 18 72513 1
105 22 72541 1
65 37 72545 1
61 89 72593 0
61 96 72600 1
45 44 72636 0
88 34 72717 0
39 107 72739 0
85 46 72780 0
61 87 72781 0
72 52 72851 1
105 24 72938 1
37 59 72943 0
42 47 72974 0
68 93 72979 0
75 60 72981 1
62 89 73001 0
53 85 73032 1
61 76 73040 0
60 74 73131 0
37 67 73141 0
58 63 73150 0
53 74 73156 1
98 55 73231 1
70 44 73253 1
53 77 73289 1
53 72 73315 1
71 93 73315 0
62 34 73334 1
53 65 73349 1
55 91 73350 1
62 35 73356 1
57 60 73361 0
47 112 73366 0
86 46 73377 0
69 44 73383 1
54 91 73384 1
106 32 73399 1
83 54 73425 0
62 88 73479 0
41 52 73518 0
65 92 73535 0
72 51 73543 1
69 42 73545 1
91 25 73582 0
43 112 73584 0
36 77 73637 0
69 93 73687 0
101 47 73710 1
36 64 73734 0
53 36 73819 1
7 28 73831 1
97 57 73833 1
103 41 73860 1
65 36 73884 1
67 40 73887 1
66 39 73896 1
106 26 73926 1
44 112 73932 0
99 17 73948 1
59 65 73958 0
36 74 73967 0
73 59 74028 1
54 92 74069 1
85 47 74073 0
85 50 74076 0
36 90 74088 0
98 18 74138 1
36 66 74170 0
61 85 74174 0
36 87 74204 0
56 35 74227 1
51 111 74258 0
41 50 74263 0
54 67 74272 1
67 92 74277 0
87 42 74319 0
47 113 74328 0
71 49 74336 1
67 93 74341 0
36 91 74345 0
61 98 74367 1
46 111 74374 0
38 102 74381 0
73 54 74382 1
57 58 74393 0
53 80 74435 1
71 47 74440 1
39 55 74490 0
53 76 74492 1
58 93 74496 1
87 41 74501 0
90 30 74523 0
37 71 74528 0
46 112 74536 0
104 40 74587 1
36 93 74610 0
61 94 74658 1
74 58 74685 1
41 53 74685 0
53 67 74695 1
35 87 74700 0
56 34 74778 1
59 35 74803 1
101 18 74833 1
74 48 74837 1
92 23 74866 0
47 111 74930 0
84 50 75040 0
53 70 75067 1
104 38 75074 1
36 64 75110 0
63 35 75239 1
91 29 75263 0
36 69 75318 0
60 72 75360 0
61 100 75388 1
37 100 75439 0
53 90 75450 1
45 112 75463 0
52 35 75478 1
60 75 75514 0
44 44 75534 0
60 79 75538 0
35 82 75594 0
103 39 75603 1
53 78 75639 1
61 86 75670 0
36 68 75751 0
66 37 75751 1
59 67 75761 0
99 53 75777 1
57 62 75794 0
70 43 75802 1
105 23 75834 1
61 84 75837 0
106 28 75853 1
43 47 75877 0
104 37 75908 1
91 22 75940 0
44 111 75957 0
41 51 76026 0
36 64 76039 0
37 63 76065 0
75 62 76148 1
43 45 76251 0
50 111 76391 0
62 89 76399 0
63 36 76493 1
54 72 76560 1
57 35 76646 1
98 17 76695 1
104 21 76794 1
72 54 76801 1
44 26 76873 0
63 91 76890 0
89 30 76902 0
62 91 76915 0
71 50 76932 1
38 101 76942 0
42 111 76955 0
89 39 76969 0
66 94 76994 0
74 61 77005 1
37 99 77009 0
35 79 77018 0
36 65 77023 0
40 110 77025 0
37 60 77050 0
59 63 77074 0
48 112 77162 0
88 38 77197 0
55 92 77199 1
36 89 77210 0
60 93 77230 1
36 101 77266 0
53 63 77285 1
53 81 77371 1
36 64 77388 0
60 77 77402 0
85 44 77439 0
91 26 77498 0
57 92 77537 1
97 58 77543 1
36 71 77578 1
36 82 77578 0
61 76 77620 0
102 45 77632 1
102 19 77647 1
36 95 77700 0
59 92 77724 1
68 41 77725 1
72 92 77781 0
73 58 77791 1
57 34 77843 1
58 59 77851 0
60 35 77881 1
64 92 77914 0
36 78 77965 0
84 48 77969 0
95 63 77977 1
59 93 77978 1
37 62 77984 0
71 48 77994 1
58 61 78012 0
37 67 78035 0
38 108 78063 0
60 74 78252 0
87 36 78301 0
36 91 78313 0
70 45 78315 1
88 39 78339 0
35 88 78356 0
36 77 78365 0
35 92 78374 0
105 25 78452 1
41 110 78499 0
61 80 78559 0
36 64 78590 0
53 86 78600 1
60 83 78612 0
106 25 78666 1
64 36 78746 1
54 68 78817 1
70 46 78886 1
67 92 78922 0
54 35 79026 1
70 92 79176 0
64 35 79181 1
74 57 79189 1
50 114 79224 0
90 28 79367 0
46 111 79400 0
65 92 79583 0
40 53 79636 0
65 37 79641 1
65 94 79645 0
72 91 79683 0
66 38 79704 1
53 73 79746 1
67 39 79858 1
46 112 79889 0
84 51 79915 0
42 109 80028 0
74 60 80073 1
56 92 80146 1
105 31 80151 1
61 75 80162 0
58 62 80187 0
61 34 80241 1
46 41 80304 0
36 64 80366 0
61 97 80391 1
62 89 80420 0
88 40 80435 0
103 19 80588 1
74 59 80688 1
53 83 80722 1
74 56 80863 1
89 33 80885 0
41 109 80893 0
43 111 81035 0
90 30 81047 0
66 93 81155 0
65 35 81238 1
61 92 81261 1
38 98 81401 0
61 35 81411 1
53 75 81454 1
94 67 81473 1
89 36 81530 0
103 21 81534 1
36 64 81576 0
37 97 81598 0
58 92 81826 1
58 61 81855 0
61 82 81883 0
59 71 81956 0
62 36 82002 1
60 75 82009 0
75 61 82024 1
54 90 82034 1
102 43 82099 1
61 99 82110 1
74 55 82171 1
103 20 82256 1
105 26 82408 1
34 68 82522 0
61 86 82530 0
53 84 82597 1
101 46 82605 1
60 94 82631 1
69 41 82673 1
105 24 82711 1
55 35 82871 1
35 74 82875 0
37 57 82946 0
105 35 82964 1
36 64 82988 0
57 59 83021 0
38 57 83047 0
33 74 83067 0
54 63 83071 1
48 111 83155 0
100 17 83196 1
58 34 83201 1
36 97 83230 0
37 101 83270 0
60 90 83340 0
46 114 83437 0
56 93 83616 1
36 90 83660 0
106 27 83886 1
39 57 83902 0
102 18 83922 1
37 92 83990 0
92 21 84096 0
88 35 84116 0
105 22 84211 1
37 106 84216 0
54 74 84247 1
68 40 84259 1
104 20 84260 1
105 34 84269 1
69 43 84304 1
84 52 84410 0
96 61 84457 1
100 49 84485 1
36 64 84497 0
106 30 84592 1
68 38 84738 1
73 53 84831 1
76 87 84847 1
72 53 84886 1
101 17 84898 1
101 18 84900 1
71 46 84955 1
37 81 84997 0
77 61 85034 1
61 95 85051 1
84 53 85127 0
96 62 85134 1
54 73 85153 1
61 78 85164 0
98 56 85272 1
104 39 85303 1
74 58 85357 1
35 97 85358 0
88 34 85364 0
91 24 85373 0
68 39 85375 1
89 34 85375 0
71 49 85449 1
102 44 85510 1
40 111 85544 0
37 102 85561 0
55 9 85578 0
69 44 85604 1
53 66 85632 1
36 64 85647 0
89 32 85652 0
50 112 85653 0
59 66 85655 0
89 36 85663 0
53 37 85699 1
67 40 85704 1
54 65 85747 1
61 96 85782 1
65 93 85787 0
89 38 85790 0
37 103 85793 0
106 31 85832 1
104 22 85920 1
41 109 85944 0
68 42 85959 1
104 36 85964 1
53 87 86034 1
35 95 86045 0
72 52 86067 1
91 28 86095 0
53 79 86139 1
59 65 86171 0
59 34 86192 1
73 56 86209 1
71 91 86217 0
99 55 86222 1
61 85 86237 0
46 112 86289 0
97 89 86309 1
97 18 86309 1
53 82 86325 1
87 43 86393 0
42 109 86405 0
85 50 86411 0
67 91 86440 0
50 111 86456 0
68 93 86514 0
61 82 86536 0
101 19 86556 1
67 38 86568 1
36 64 86677 0
37 86 86776 0
36 87 86789 0
59 77 86796 0
49 112 86796 0
61 87 86809 0
37 79 86875 0
104 40 86897 1
62 90 86913 0
71 50 86920 1
69 42 86937 1
65 36 86992 1
72 50 87047 1
37 97 87063 0
105 23 87091 1
71 51 87150 1
70 44 87169 1
67 37 87171 1
75 59 87173 1
61 84 87198 0
95 65 87213 1
58 61 87272 0
76 62 87308 1
66 37 87371 1
37 77 87376 0
67 92 87381 0
103 40 87390 1
81 57 87397 0
60 72 87478 0
72 51 87489 1
63 36 87489 1
53 72 87502 1
76 61 87515 1
63 91 87569 0
53 65 87572 1
34 90 87587 0
62 88 87596 0
36 74 87604 0
68 92 87691 0
61 76 87751 0
73 55 87751 1
55 91 87762 1
53 77 87794 1
38 58 87838 0
62 95 87839 1
54 66 87842 1
47 111 87856 0
106 29 87918 1
36 64 87931 0
73 54 87970 1
36 91 87998 0
54 36 88033 1
86 46 88048 0
57 60 88053 0
62 89 88060 0
61 78 88065 0
57 58 88081 0
75 60 88117 1
53 69 88122 1
61 98 88136 1
37 67 88212 0
99 18 88221 1
96 60 88224 1
35 81 88243 0
60 34 88288 1
38 102 88306 0
73 52 88319 1
63 88 88401 0
68 41 88418 1
58 33 88429 1
54 34 88429 1
63 35 88439 1
73 57 88537 1
36 97 88561 0
90 25 88604 0
54 89 88612 1
37 89 88656 0
59 63 88664 0
51 110 88665 0
105 24 88685 1
59 33 88794 1
38 101 88796 0
36 93 88863 0
53 80 88868 1
45 45 88872 0
34 78 88887 0
99 17 88901 1
84 52 88911 0
44 111 88921 0
37 101 88923 0
102 46 88934 1
39 59 89008 0
34 96 89027 0
40 104 89061 0
47 112 89065 0
37 71 89072 0
35 100 89089 0
58 59 89095 0
39 107 89153 0
55 92 89247 1
36 64 89268 0
36 79 89313 0
46 111 89324 0
49 110 89359 0
62 96 89394 1
71 47 89426 1
34 89 89454 0
106 26 89463 1
41 52 89466 0
35 72 89481 0
85 47 89497 0
106 24 89560 1
104 21 89578 1
33 83 89628 0
43 110 89634 1
61 80 89637 0
36 82 89646 0
40 51 89651 0
45 42 89656 0
86 45 89674 0
37 99 89675 0
87 75 89682 0
36 99 89688 0
100 51 89711 1
61 88 89732 0
61 101 89751 1
36 77 89769 0
70 45 89784 1
91 29 89793 0
36 92 89819 0
41 49 89822 0
36 89 89841 0
36 100 89861 0
37 100 89862 0
97 59 89977 1
89 36 90053 0
72 48 90083 1
65 37 90090 1
45 111 90111 0
52 83 90211 1
37 63 90223 0
104 19 90275 1
54 64 90283 1
92 23 90350 0
37 76 90364 0
90 28 90370 0
37 66 90389 0
74 57 90416 1
41 109 90439 0
62 35 90447 1
54 87 90574 1
90 31 90583 0
37 61 90621 0
64 91 90650 0
78 85 90659 1
67 39 90687 1
57 92 90699 1
62 34 90699 1
45 110 90777 0
61 83 90779 0
54 80 90802 1
90 30 90808 0
61 71 90815 0
53 78 90883 1
44 112 90926 0
38 98 90946 0
61 78 91008 0
37 73 91017 0
59 71 91059 0
97 17 91085 1
38 59 91115 0
68 92 91121 0
61 75 91173 0
61 94 91184 1
54 88 91415 1
54 71 91415 1
54 76 91437 1
54 70 91443 1
54 67 91444 1
105 33 91455 1
75 61 91460 1
77 85 91467 1
84 50 91547 0
83 49 91565 0
36 98 91573 0
99 52 91613 1
53 70 91621 1
86 44 91651 0
36 78 91697 0
36 102 91845 0
61 82 91938 0
101 48 91988 1
53 76 92125 1
60 92 92164 1
105 21 92184 1
69 40 92187 1
53 86 92215 1
63 34 92221 1
42 109 92247 0
53 67 92261 1
40 108 92285 0
37 97 92332 0
106 28 92369 1
105 36 92468 1
36 90 92514 0
50 36 92516 1
48 92 92527 0
48 111 92527 0
39 100 92556 0
96 18 92675 1
72 53 92693 1
38 111 92724 0
51 111 92745 0
103 19 92752 1
62 90 92772 0
54 86 92788 1
36 95 92879 0
41 110 92925 0
53 81 92957 1
60 76 93018 0
40 112 93042 0
112 16 93109 0
36 79 93116 0
95 64 93200 1
38 63 93227 0
35 73 93236 0
58 65 93238 0
104 40 93274 1
52 111 93314 0
37 64 93316 0
89 30 93368 0
53 84 93453 1
45 111 93468 0
41 51 93572 0
36 62 93638 0
36 92 93807 0
36 71 93891 0
36 97 93951 0
70 46 94001 1
98 18 94071 1
104 38 94082 1
106 27 94183 1
33 79 94227 0
43 48 94292 0
106 32 94314 1
61 83 94335 0
101 18 94352 1
40 52 94414 0
95 18 94459 1
55 108 94467 0
70 43 94499 1
58 86 94514 0
37 66 94548 0
36 73 94576 0
59 92 94578 1
41 53 94624 0
54 79 94661 1
36 67 94764 0
57 35 94893 1
37 81 94911 0
64 91 94920 0
106 25 94923 1
36 81 94969 0
41 112 94976 0
63 88 95000 0
38 108 95143 0
37 92 95234 0
54 90 95265 1
54 69 95281 1
101 46 95422 1
60 77 95434 0
98 17 95460 1
73 51 95485 1
38 107 95539 0
60 78 95575 0
100 17 95733 1
102 18 95765 1
71 49 95894 1
55 60 96018 1
70 40 96032 1
77 86 96078 1
56 34 96079 1
56 35 96093 1
70 42 96094 1
61 86 96300 0
52 34 96430 1
40 108 96438 0
54 72 96488 1
38 105 96601 0
56 91 96609 1
61 100 96643 1
74 58 96688 1
94 66 96696 1
59 35 96699 1
61 34 96965 1
54 77 96970 1
61 77 96974 0
68 40 97037 1
30 69 97178 0
90 27 97182 0
44 45 97200 0
87 40 97250 0
62 97 97358 1
65 92 97442 0
37 61 97449 0
88 35 97601 0
91 25 97676 0
68 92 97766 0
38 62 97868 0
67 91 97903 0
89 39 97935 0
53 83 97973 1
51 36 98005 1
64 36 98092 1
36 79 98174 0
46 112 98233 0
53 36 98393 1
35 81 98670 0
71 50 98707 1
72 91 98762 0
36 71 98781 0
37 64 98862 0
55 34 98883 1
64 34 98932 1
59 107 98957 1
73 90 98984 0
74 59 99025 1
51 35 99044 1
65 36 99072 1
83 55 99105 0
38 61 99126 0
90 31 99198 0
53 35 99260 1
45 111 99263 0
66 36 99311 1
37 101 99646 0
36 81 99682 0
38 63 99695 0
36 73 99723 0
69 39 99763 1
70 44 99799 1
65 34 99925 1
101 45 99926 1
53 79 99943 1
69 43 99987 1
61 83 100004 0
105 22 100046 1
53 66 100203 1
37 79 100314 0
61 97 100428 1
68 38 100456 1
58 61 100511 0
60 69 100613 0
36 92 100678 0
55 91 100686 1
91 26 100736 0
55 33 100784 1
37 73 100855 0
61 77 100873 0
1 108 100885 1
54 84 100962 1
97 61 101110 1
54 68 101153 1
58 92 101169 1
88 34 101260 0
54 88 101271 1
37 86 101313 0
61 70 101316 0
102 42 101528 1
73 53 101568 1
50 111 101678 0
106 30 101730 1
81 56 101758 0
58 91 101866 1
84 52 101910 0
66 37 101915 1
88 40 102051 0
37 94 102067 0
61 35 102106 1
68 39 102148 1
78 60 102170 1
72 51 102186 1
40 108 102199 0
64 91 102269 0
101 17 102283 1
62 94 102290 1
40 109 102386 0
40 103 102409 0
69 41 102443 1
62 93 102445 1
60 78 102464 0
95 66 102551 1
53 89 102575 1
13 48 102610 1
64 35 102664 1
53 82 102701 1
63 36 102753 1
61 78 102798 0
54 82 103025 1
109 45 103350 1
62 99 103374 1
68 37 103423 1
74 56 103503 1
67 38 103535 1
72 50 103637 1
52 76 103689 1
109 45 103783 0
52 36 103832 1
96 57 103855 1
36 71 104053 0
61 76 104095 0
38 62 104169 0
37 83 104404 0
105 32 104404 1
37 77 104417 0
89 37 104452 0
60 70 104484 0
105 34 104666 1
38 105 104866 0
37 96 104916 0
34 88 104980 0
36 87 104983 0
36 81 104998 0
89 38 105155 0
57 91 105177 1
101 47 105237 1
37 98 105245 0
59 64 105266 0
60 69 105298 0
36 69 105314 0
39 103 105428 0
104 25 105491 1
72 93 105525 0
62 90 105695 0
104 20 105998 1
37 58 106021 0
59 91 106034 1
103 20 106097 1
73 56 106367 1
72 52 106464 1
69 42 106682 1
57 33 106699 1
91 27 106726 0
96 63 106758 1
61 95 106796 1
37 61 106912 0
57 105 106968 1
41 50 107034 0
68 41 107087 1
105 23 107120 1
61 73 107302 0
54 65 107547 1
49 111 107633 0
53 87 107717 1
62 33 107764 1
57 34 107764 1
99 54 108219 1
102 43 108318 1
38 61 108323 0
40 109 108384 0
7 28 108436 0
36 63 108521 0
67 40 108547 1
89 33 108585 0
57 59 108677 0
36 97 108714 0
42 110 108874 0
37 95 108884 0
38 99 109218 0
71 48 109362 1
106 31 109396 1
60 70 109419 0
39 54 109855 0
89 36 109917 0
40 42 109973 0
59 64 110067 0
39 103 110147 0
103 18 110147 1
36 73 110272 0
37 59 110379 0
89 37 110441 0
63 35 110474 1
37 98 110474 0
37 64 110492 0
61 79 110505 0
37 66 110601 0
105 20 110637 1
38 59 110670 0
59 62 110855 0
85 77 110926 0
34 87 110992 0
103 42 110995 1
95 19 111008 1
38 107 111008 0
103 41 111058 1
97 60 111119 1
75 60 111278 1
102 44 111318 1
105 22 111351 1
85 50 111440 0
106 24 111444 1
37 94 111449 0
71 47 111477 1
61 96 111525 1
36 91 111530 0
59 69 111585 0
41 111 111590 0
84 51 111598 0
37 96 111600 0
36 80 111615 0
67 92 111652 0
86 46 111690 0
102 17 111690 1
61 73 111693 0
89 73 111750 0
36 71 111797 0
73 54 111817 1
61 85 111927 0
60 69 111931 0
70 93 111942 0
62 88 111973 0
104 18 111976 1
61 77 111978 0
103 19 111991 1
70 33 112023 1
70 45 112023 1
105 24 112045 1
71 46 112049 1
89 34 112051 0
58 34 112096 1
37 76 112112 0
73 55 112113 1
106 25 112115 1
60 78 112133 0
61 92 112175 1
96 17 112183 1
72 49 112228 1
76 60 112235 1
47 111 112240 0
99 53 112240 1
105 35 112284 1
91 30 112288 0
54 45 112307 1
54 66 112307 1
61 84 112351 0
71 44 112358 1
53 71 112387 0
53 75 112387 1
62 86 112466 0
104 39 112480 1
102 45 112490 1
94 96 112521 1
94 65 112521 1
54 73 112530 1
57 92 112570 1
75 61 112570 1
59 34 112576 1
58 59 112646 0
62 98 112660 1
102 18 112666 1
38 110 112674 0
67 37 112704 1
74 57 112709 1
61 69 112709 0
55 90 112731 1
99 17 112745 1
61 75 112764 0
59 63 112780 0
74 55 112787 1
37 89 112798 0
99 16 112806 1
71 91 112830 0
91 23 112850 0
69 91 112853 0
54 63 112876 1
100 52 112881 1
40 104 112895 0
100 17 112945 1
91 28 112951 0
60 102 112971 1
60 33 112972 1
104 19 112995 1
92 23 113005 0
54 75 113011 1
57 58 113053 0
24 80 113065 0
62 100 113067 1
75 59 113076 1
100 16 113083 1
77 87 113119 1
54 74 113155 1
67 36 113175 1
65 35 113215 1
101 18 113215 1
93 68 113229 1
106 26 113244 1
91 27 113252 0
43 110 113298 0
75 58 113339 1
53 72 113340 1
103 40 113343 1
101 49 113360 1
37 67 113423 0
104 40 113432 1
89 39 113447 0
61 80 113448 0
73 52 113455 1
53 77 113480 1
54 89 113490 1
37 62 113510 0
53 80 113511 1
59 65 113529 0
62 82 113533 0
74 48 113538 1
107 27 113540 1
61 33 113544 1
46 111 113551 0
62 95 113586 1
105 21 113600 1
38 101 113608 0
58 67 113618 0
45 43 113630 0
45 44 113650 0
37 71 113675 0
38 98 113728 0
54 64 113732 1
38 99 113771 0
96 61 113794 1
59 92 113816 1
49 111 113881 0
66 37 113889 1
74 58 113894 1
61 82 113901 0
106 23 113914 1
97 59 113950 1
56 63 113983 0
42 109 114024 0
63 88 114032 0
53 65 114032 1
61 98 114039 1
76 61 114056 1
62 89 114072 0
90 30 114073 0
84 53 114107 0
97 18 114110 1
61 83 114145 0
74 52 114159 1
37 92 114173 0
106 24 114177 1
100 49 114194 1
105 37 114216 1
62 34 114223 1
77 61 114268 1
72 48 114294 1
104 41 114296 1
66 35 114340 1
40 106 114341 0
71 47 114345 1
71 49 114349 1
71 92 114352 0
68 38 114394 1
67 91 114395 0
59 59 114401 0
69 40 114411 1
59 62 114416 0
72 51 114446 1
106 32 114458 1
54 78 114463 1
70 44 114474 1
41 109 114594 0
42 51 114599 0
90 31 114599 0
75 60 114609 1
55 110 114611 0
55 61 114611 1
61 76 114612 0
43 111 114637 0
38 68 114640 0
88 39 114650 0
53 54 114651 1
53 69 114652 1
44 111 114662 0
67 39 114662 1
45 110 114679 0
60 34 114701 1
54 70 114702 1
39 108 114712 0
61 73 114713 0
70 43 114722 1
61 79 114747 0
59 33 114759 1
62 97 114761 1
36 81 114779 0
37 97 114793 0
73 53 114796 1
69 41 114802 1
54 67 114810 1
37 79 114852 0
82 56 114859 0
65 37 114872 1
53 34 114874 1
45 111 114895 0
37 65 114911 0
36 79 114935 0
68 92 114936 0
54 71 114958 1
67 93 114964 0
105 22 114968 1
57 57 114968 0
52 35 114979 1
38 63 115006 0
74 56 115010 1
101 17 115036 1
51 110 115046 0
55 91 115049 1
37 83 115050 0
61 70 115063 0
54 90 115068 1
61 87 115070 0
38 104 115122 0
53 84 115123 1
37 99 115133 0
54 76 115152 1
39 103 115168 0
37 86 115176 0
53 86 115188 1
91 29 115228 0
49 110 115232 0
86 45 115266 0
65 36 115285 1
39 106 115286 0
61 78 115336 0
101 48 115379 1
89 37 115381 0
61 71 115429 0
54 87 115508 1
59 64 115510 0
54 109 115528 0
48 111 115553 0
54 35 115574 1
38 102 115616 0
71 48 115619 1
70 41 115624 1
60 70 115631 0
73 50 115656 1
54 80 115694 1
39 100 115697 0
53 109 115700 0
37 81 115749 0
67 38 115778 1
62 86 115853 0
86 75 115863 0
96 64 115870 1
54 72 115870 1
97 57 115891 1
37 73 115897 0
39 59 115972 0
53 81 115984 1
93 67 115996 1
56 91 116000 1
40 104 116013 0
73 54 116016 1
58 92 116019 1
90 36 116034 0
106 21 116071 1
72 50 116079 1
87 42 116111 0
40 103 116121 0
54 85 116146 1
79 60 116168 1
69 38 116188 1
37 98 116204 0
37 77 116214 0
105 20 116241 1
53 78 116331 1
38 62 116334 0
89 38 116358 0
37 94 116381 0
57 91 116454 1
37 95 116458 0
43 46 116519 0
61 94 116531 1
41 52 116540 0
55 35 116559 1
71 46 116562 1
65 35 116574 1
47 111 116593 0
50 111 116690 0
69 93 116696 0
38 99 116716 0
53 79 116720 1
35 77 116758 0
74 57 116763 1
38 100 116784 0
69 39 116812 1
37 63 116833 0
54 81 116833 1
54 86 116834 1
37 96 116861 0
67 37 116892 1
63 34 116961 1
40 109 116971 0
66 36 117010 1
76 59 117068 1
102 17 117093 1
38 98 117096 0
38 105 117162 0
98 58 117162 1
75 59 117170 1
72 49 117194 1
100 51 117195 1
72 47 117210 1
61 69 117214 0
64 66 117226 1
64 34 117226 1
62 93 117251 1
36 80 117265 0
62 96 117332 1
102 46 117333 1
75 57 117410 1
62 99 117412 1
37 89 117454 0
85 47 117519 0
37 80 117549 0
37 92 117558 0
91 26 117568 0
70 92 117570 0
73 51 117577 1
64 33 117609 1
54 68 117613 1
43 110 117688 0
61 89 117705 0
40 108 117736 0
95 62 117745 1
36 83 117766 0
40 106 117776 0
57 92 117797 1
59 62 117822 0
103 18 117832 1
72 46 117932 1
54 84 117934 1
37 76 117941 0
104 38 117962 1
39 56 117978 0
107 30 117978 1
69 91 117979 0
61 73 118031 0
60 72 118063 0
68 38 118083 1
61 34 118106 1
38 71 118182 0
61 91 118196 1
62 85 118250 0
50 38 118317 1
103 17 118409 1
35 81 118485 0
38 61 118488 0
73 52 118497 1
106 31 118500 1
37 68 118571 0
74 55 118577 1
106 25 118596 1
59 34 118647 1
98 55 118706 1
62 98 118731 1
62 94 118762 1
85 48 118799 0
99 55 118824 1
37 71 118849 0
72 91 118874 0
54 88 118881 1
70 45 118882 1
71 45 118891 1
55 90 118894 1
61 77 118907 0
62 82 118934 0
58 33 118934 1
105 36 118984 1
54 79 119002 1
36 90 119046 0
43 47 119071 0
97 17 119164 1
53 80 119244 1
49 111 119262 0
37 66 119315 0
68 39 119344 1
104 40 119360 1
58 59 119363 0
42 109 119392 0
61 96 119419 1
101 50 119508 1
99 79 119512 1
96 62 119513 1
61 32 119566 1
61 92 119576 1
9 16 119604 1
106 27 119713 1
64 93 119731 0
62 86 119768 0
53 66 119831 1
97 16 119841 1
58 34 119843 1
40 107 119863 0
101 46 119868 1
103 37 119925 1
61 101 119968 1
61 75 119972 0
60 74 120001 0
99 53 120134 1
62 95 120147 1
53 77 120176 1
60 32 120295 1
42 110 120317 0
67 92 120366 0
71 47 120400 1
95 64 120461 1
37 65 120461 0
61 33 120470 1
58 91 120526 1
72 48 120533 1
66 37 120567 1
104 42 120607 1
62 92 120645 1
54 70 120659 1
55 34 120664 1
59 91 120691 1
36 84 120699 0
53 82 120896 1
38 100 120904 0
51 83 120907 1
92 24 120943 0
38 58 120999 0
61 79 121079 0
94 68 121087 1
37 67 121141 0
57 35 121202 1
38 99 121221 0
69 40 121240 1
36 96 121273 0
68 37 121334 1
54 82 121409 1
37 83 121493 0
62 85 121520 0
99 54 121545 1
75 60 121566 1
102 44 121638 1
39 104 121693 0
37 61 121749 0
59 92 121797 1
39 57 121820 0
69 44 121820 1
39 106 121834 0
70 42 121869 1
63 35 121876 1
62 34 121901 1
37 80 121974 0
100 54 121983 1
54 64 121992 1
72 92 122113 0
91 24 122140 0
36 92 122171 0
36 75 122360 0
42 48 122383 0
61 80 122486 0
53 83 122505 1
37 60 122560 0
54 63 122578 1
54 77 122614 1
63 88 122652 0
105 21 122718 1
102 18 122740 1
98 57 122755 1
37 97 122760 0
38 104 122764 0
75 61 122795 1
43 110 122889 0
39 103 122936 0
52 112 122944 0
74 53 122944 1
54 78 122946 1
100 17 123000 1
46 111 123096 0
38 68 123181 0
37 87 123258 0
64 35 123315 1
37 70 123323 0
54 67 123392 1
86 46 123413 0
71 92 123428 0
38 77 123451 0
98 17 123465 1
54 34 123564 1
70 43 123689 1
73 53 123700 1
95 65 123750 1
70 44 123845 1
91 27 123890 0
61 81 123908 0
36 83 123960 0
37 98 123968 0
104 19 123999 1
106 24 124072 1
67 91 124143 0
55 60 124211 1
63 89 124257 0
72 51 124290 1
54 75 124330 1
40 106 124336 0
89 36 124362 0
41 108 124484 0
54 73 124498 1
85 51 124506 0
37 68 124519 0
103 19 124576 1
85 50 124599 0
46 41 124606 0
85 46 124689 0
87 43 124723 0
35 91 124758 0
98 56 124767 1
89 35 124768 0
71 44 124770 1
53 75 124820 1
53 84 124851 1
74 58 124851 1
40 107 124896 0
38 101 125001 0
61 71 125036 0
37 64 125064 0
41 105 125102 0
74 56 125289 1
37 86 125410 0
92 27 125428 0
85 48 125435 0
94 67 125584 1
106 22 125595 1
101 17 125605 1
106 23 125608 1
37 79 125669 0
69 41 125671 1
103 41 125677 1
61 70 125727 0
59 63 125791 0
59 60 125793 0
53 70 125851 1
62 88 125873 0
59 59 125876 0
63 33 125896 1
62 33 125961 1
56 34 125972 1
106 33 125985 1
85 76 125991 0
45 111 126013 0
99 16 126017 1
104 18 126064 1
54 65 126129 1
86 49 126202 0
36 84 126224 0
57 58 126390 0
62 97 126449 1
53 35 126457 1
45 110 126605 0
39 104 126616 0
61 100 126704 1
59 62 126721 0
64 91 126757 0
61 73 126771 0
37 65 126856 0
41 53 126898 0
37 90 126898 0
54 74 126902 1
65 36 126904 1
62 85 127015 0
105 19 127141 1
61 82 127188 0
61 85 127200 0
73 91 127202 0
36 74 127230 0
37 73 127308 0
36 68 127319 0
83 54 127320 0
86 44 127342 0
40 104 127342 0
40 103 127357 0
37 81 127358 0
84 52 127461 0
38 100 127466 0
37 94 127471 0
92 24 127536 0
42 51 127548 0
89 39 127678 0
61 84 127705 0
54 89 127714 1
37 70 127828 0
37 87 127869 0
37 106 127892 0
72 50 127916 1
76 60 128012 1
90 28 128015 0
90 36 128046 0
37 95 128116 0
89 37 128134 0
36 89 128141 0
92 21 128242 0
37 77 128319 0
36 80 128339 0
51 111 128371 0
38 62 128399 0
41 108 128447 0
42 108 128517 0
54 87 128525 1
35 78 128561 0
61 81 128593 0
38 94 128608 0
63 89 128688 0
39 100 128745 0
38 63 128752 0
48 112 128755 0
62 86 128867 0
107 26 128994 1
61 68 129099 0
55 91 129165 1
99 17 129165 1
59 60 129229 0
37 89 129249 0
38 98 129251 0
53 86 129253 1
46 40 129282 0
41 51 129328 0
36 93 129380 0
54 72 129413 1
54 71 129521 1
70 40 129647 1
102 47 129740 1
100 16 129896 1
105 22 129940 1
56 33 129985 1
73 54 129985 1
61 72 129986 0
36 82 130069 0
39 101 130080 0
36 96 130162 0
37 96 130180 0
82 55 130242 0
40 107 130468 0
111 82 130541 1
36 75 130561 0
37 90 130570 0
72 49 130707 1
71 46 130783 1
75 58 130863 1
39 56 130905 0
66 92 131004 0
57 91 131102 1
60 69 131330 0
68 92 131364 0
107 28 131373 1
56 90 131516 1
85 51 131532 0
61 69 131553 0
37 80 131560 0
77 60 131603 1
37 69 131619 0
85 45 131747 0
67 38 131767 1
39 106 131796 0
67 36 131816 1
37 75 131857 0
90 72 131957 0
89 35 131973 0
54 33 131999 1
76 61 132081 1
59 81 132159 0
40 58 132246 0
36 94 132394 0
27 58 132421 0
36 83 132532 0
38 99 132546 0
59 82 132566 0
74 57 132579 1
66 35 132593 1
60 90 132680 1
57 34 132735 1
42 108 132894 0
67 37 132898 1
56 91 132946 1
54 76 133006 1
74 48 133014 1
60 33 133122 1
61 68 133163 0
101 51 133177 1
86 48 133274 0
104 39 133375 1
49 111 133443 0
54 86 133472 1
91 30 133478 0
24 80 133504 0
36 84 133811 0
41 108 133855 0
37 92 133941 0
68 38 133945 1
61 72 133965 0
58 60 133980 0
55 69 134035 1
39 104 134068 0
106 32 134072 1
57 33 134111 1
63 89 134200 0
66 36 134240 1
54 85 134297 1
69 94 134526 0
62 99 134816 1
61 102 134821 1
62 96 134865 1
59 32 134945 1
94 66 135075 1
39 101 135215 0
59 64 135306 0
71 42 135335 1
38 70 135348 0
85 48 135440 0
53 79 135465 1
78 60 135466 1
39 105 135475 0
42 110 135586 0
100 52 135593 1
54 66 135695 1
70 91 135785 0
42 48 135905 0
35 102 135952 0
88 40 136054 0
35 63 136172 0
61 86 136234 0
66 92 136356 0
42 111 136497 0
88 37 136578 0
37 75 136796 0
37 69 136980 0
43 109 137072 0
56 35 137196 1
74 54 137196 1
59 61 137616 0
53 72 137653 1
47 111 137982 0
61 81 138066 0
86 48 138211 0
97 60 138314 1
89 31 139329 0
103 18 139509 1
57 59 139547 0
37 91 139603 0
102 45 139632 1
71 91 139755 0
101 18 139766 1
88 42 139789 0
38 56 139809 0
49 110 139812 0
62 82 139908 0
43 110 139920 0
36 107 139966 0
63 34 140372 1
37 70 140381 0
38 92 140386 0
35 94 140529 0
37 76 140532 0
68 91 140625 0
37 109 140646 0
38 104 140657 0
42 50 140686 0
37 90 140691 0
41 109 140715 0
60 62 140738 1
41 48 140751 0
71 92 140778 0
59 60 140837 0
61 83 140875 0
40 109 140890 0
61 72 140979 0
58 67 141009 0
89 40 141020 0
57 57 141241 0
70 41 141324 1
69 91 141365 0
109 45 141386 1
45 45 141453 0
63 90 141568 0
109 45 141607 0
65 90 141621 0
61 76 141754 0
38 103 141764 0
58 60 141860 0
44 113 141874 0
89 35 142043 0
90 31 142105 0
43 109 142148 0
38 95 142187 1
58 61 142217 0
54 80 142226 1
36 94 142300 0
29 76 142342 0
36 71 142371 0
103 43 142507 1
38 97 142518 0
39 105 142574 0
39 109 142632 0
66 92 142789 0
42 47 142970 0
60 68 143222 0
37 88 143376 0
41 107 143624 0
107 27 143705 1
37 91 144592 0
75 59 144974 1
36 75 145016 0
37 82 145098 0
105 38 145177 1
105 20 145182 1
98 16 145381 1
107 31 145511 1
65 34 145513 1
59 33 145747 1
55 90 145769 1
96 18 145786 1
54 81 145804 1
38 96 145904 0
101 48 145925 1
106 20 146034 1
65 35 146724 1
51 34 146729 1
51 89 146729 1
54 88 146994 1
62 100 147236 1
65 90 147386 0
37 75 147640 0
103 42 147828 1
107 29 147851 1
34 69 148107 0
37 69 148181 0
59 61 148294 0
68 91 148450 0
100 53 148549 1
67 94 148926 0
60 65 149185 0
102 17 149353 1
37 100 149444 0
19 71 149687 0
38 97 149798 0
37 72 150395 0
60 68 150411 0
37 88 150436 0
37 65 150958 0
41 54 150960 0
101 16 151078 1
89 38 151097 0
106 24 151222 1
37 82 151225 0
86 48 151348 0
92 27 151447 0
36 108 151453 0
97 59 151456 1
73 52 151535 1
37 68 151552 0
63 89 151591 0
61 68 151594 0
106 23 151595 1
70 91 151610 0
58 84 151617 0
51 110 151639 0
87 74 151653 0
61 79 151677 0
69 39 151690 1
97 61 151705 1
60 64 151787 0
92 23 151804 0
91 29 151861 0
63 90 151893 0
86 43 152056 0
64 90 152113 0
72 48 152137 1
104 18 152148 1
73 50 152230 1
91 28 152237 0
87 44 152245 0
36 70 152251 0
90 30 152252 0
86 45 152296 0
96 63 152305 1
61 70 152322 0
61 71 152332 0
105 20 152358 1
74 55 152361 1
106 21 152394 1
103 17 152488 1
104 40 152489 1
71 45 152491 1
38 96 152494 0
71 47 152522 1
74 52 152526 1
72 47 152546 1
59 59 152575 0
101 49 152589 1
75 60 152591 1
64 34 152609 1
73 51 152621 1
67 91 152627 0
106 22 152657 1
37 87 152658 0
48 111 152661 0
55 66 152689 1
61 92 152703 1
89 39 152725 0
107 25 152741 1
75 57 152852 1
38 71 152900 0
43 48 152990 0
107 26 153012 1
91 25 153036 0
63 88 153053 0
74 56 153101 1
54 68 153103 1
62 85 153105 0
62 93 153116 1
62 98 153134 1
86 46 153151 0
70 92 153156 0
59 67 153183 0
62 94 153192 1
102 46 153203 1
45 43 153246 0
38 68 153252 0
68 37 153257 1
75 59 153322 1
92 24 153327 0
37 83 153343 0
54 84 153359 1
61 73 153391 0
40 107 153403 0
40 103 153492 0
58 91 153516 1
103 40 153517 1
52 111 153522 0
76 59 153541 1
71 43 153594 1
66 34 153596 1
42 108 153607 0
69 40 153626 1
39 59 153632 0
68 38 153633 1
41 107 153652 0
62 70 153686 0
41 105 153696 0
37 71 153699 0
75 58 153711 1
107 27 153718 1
67 35 153732 1
68 93 153734 0
86 49 153744 0
71 44 153756 1
73 53 153756 1
55 61 153766 1
75 56 153785 1
37 86 153799 0
77 61 153805 1
100 16 153810 1
66 89 153827 0
40 104 153834 0
37 93 153870 0
90 36 153876 0
38 70 153887 0
62 95 153906 1
38 59 153910 0
37 79 153922 0
44 45 153949 0
65 90 153968 0
36 85 153970 0
55 71 154033 1
71 46 154048 1
59 72 154049 0
58 59 154062 0
72 46 154063 1
55 73 154111 1
62 97 154111 1
60 78 154118 0
69 38 154198 1
105 18 154227 1
42 50 154235 0
96 17 154254 1
41 108 154305 0
39 105 154310 0
61 69 154327 0
63 85 154344 0
37 81 154361 0
56 90 154401 1
68 36 154405 1
62 34 154421 1
42 109 154462 0
54 70 154469 1
50 111 154470 0
73 49 154471 1
72 48 154492 1
90 71 154564 0
85 50 154598 0
70 39 154610 1
104 17 154631 1
72 45 154637 1
54 79 154640 1
55 70 154662 1
39 63 154684 0
65 35 154703 1
54 82 154721 1
70 40 154725 1
62 91 154725 1
38 61 154727 0
66 35 154736 1
37 91 154783 0
73 90 154820 0
60 65 154855 0
37 73 154855 0
38 77 154859 0
45 110 154873 0
59 34 154880 1
39 101 154880 0
99 16 154896 1
39 100 154933 0
38 99 154954 0
74 53 154968 1
102 17 154969 1
105 19 154976 1
37 89 154981 0
43 109 154984 0
62 82 155003 0
61 91 155009 1
39 103 155045 0
61 33 155081 1
36 94 155109 0
37 92 155150 0
55 89 155162 1
62 96 155165 1
59 91 155171 1
55 33 155183 1
65 88 155205 0
45 44 155301 0
40 106 155307 0
71 41 155321 1
62 32 155331 1
69 39 155344 1
105 36 155344 1
105 37 155377 1
100 51 155397 1
85 51 155408 0
68 91 155420 0
97 62 155447 1
69 41 155454 1
37 94 155505 0
59 105 155531 1
95 66 155535 1
72 44 155583 1
57 91 155593 1
57 90 155600 1
38 94 155647 0
72 91 155651 0
38 103 155682 0
38 98 155726 0
38 85 155735 0
69 37 155784 1
61 72 155801 0
55 88 155815 1
87 43 155833 0
37 97 155855 0
38 63 155894 0
55 84 155899 1
67 36 155907 1
61 78 155911 0
58 34 155921 1
37 82 155921 0
61 92 155923 1
106 24 155925 1
99 53 155984 1
71 45 155988 1
67 92 155999 0
55 72 156014 1
61 70 156026 0
38 101 156043 0
55 75 156058 1
55 62 156064 1
38 62 156067 0
37 77 156090 0
37 88 156096 0
67 37 156096 1
54 67 156111 1
38 100 156115 0
59 59 156141 0
38 97 156143 0
62 92 156187 1
47 40 156189 0
44 111 156194 0
54 87 156198 1
105 21 156202 1
53 80 156204 1
61 68 156246 0
55 90 156246 1
34 79 156309 0
54 72 156334 1
38 96 156358 0
73 52 156371 1
72 47 156473 1
64 89 156477 0
64 34 156502 1
49 110 156528 0
58 90 156555 1
72 49 156557 1
107 24 156560 1
107 28 156576 1
70 41 156583 1
104 18 156583 1
105 20 156597 1
66 92 156618 0
37 72 156620 0
52 35 156626 1
38 71 156633 0
57 60 156645 0
59 60 156653 0
53 36 156660 1
61 71 156675 0
62 75 156725 0
54 64 156734 1
55 64 156738 1
106 33 156753 1
37 62 156770 0
86 48 156794 0
38 68 156796 0
60 66 156827 0
37 99 156869 0
60 64 156966 0
58 33 157030 1
46 111 157051 0
37 66 157099 0
65 92 157161 0
37 90 157165 0
53 34 157208 1
75 57 157212 1
44 108 157242 0
54 71 157277 1
82 55 157288 0
75 59 157425 1
54 76 157439 1
74 55 157493 1
37 38 157513 1
37 96 157513 0
69 91 157523 0
37 80 157532 0
89 37 157545 0
106 23 157581 1
62 93 157582 1
73 50 157591 1
37 87 157595 0
89 32 157649 0
98 58 157685 1
73 51 157822 1
71 40 157824 1
54 80 157835 1
37 86 157852 0
91 26 157918 0
63 96 157919 1
91 32 157920 0
37 76 157935 0
54 78 157943 1
91 27 157959 0
51 110 157974 0
37 95 157986 0
63 95 158004 1
40 103 158022 0
53 109 158029 0
106 21 158066 1
93 4 158068 0
101 48 158122 1
63 87 158173 0
41 105 158208 0
59 92 158250 1
95 75 158255 1
101 16 158288 1
62 98 158326 1
62 33 158326 1
64 90 158345 0
38 92 158398 0
34 86 158435 0
62 86 158452 0
69 92 158493 0
37 93 158523 0
103 17 158536 1
38 57 158560 0
93 20 158571 0
37 78 158623 0
88 33 158684 0
55 69 158726 1
71 44 158740 1
70 91 158755 0
54 66 158800 1
79 59 158879 1
74 52 158902 1
39 97 158912 0
37 67 158971 0
54 73 159005 1
42 48 159006 0
37 79 159038 0
37 75 159073 0
69 40 159128 1
74 56 159149 1
40 57 159159 0
42 108 159172 0
38 70 159174 0
65 34 159187 1
91 30 159196 0
59 62 159204 0
79 84 159230 1
63 33 159250 1
55 63 159251 1
42 51 159321 0
54 75 159323 1
55 67 159426 1
60 32 159449 1
72 48 159511 1
37 83 159515 0
71 47 159577 1
89 38 159592 0
59 33 159670 1
63 32 159672 1
76 59 159675 1
73 48 159678 1
41 52 159740 0
103 41 159740 1
67 91 159750 0
37 82 159792 0
37 92 159835 0
64 33 159867 1
40 104 159907 0
99 54 159907 1
62 95 159911 1
63 94 159931 1
62 94 159931 1
54 84 159942 1
65 90 159956 0
71 91 159986 0
78 85 159993 1
60 68 160047 0
61 31 160095 1
55 34 160149 1
77 59 160207 1
60 63 160279 0
62 85 160310 0
56 90 160370 1
68 37 160377 1
62 75 160398 0
104 39 160402 1
104 41 160424 1
74 57 160539 1
41 107 160569 0
37 69 160593 0
38 81 160673 0
72 46 160687 1
90 37 160691 0
36 86 160707 0
60 33 160722 1
62 70 160767 0
107 30 160771 1
62 99 160834 1
89 40 160897 0
89 34 160903 0
55 60 160937 1
85 49 160965 0
77 60 160966 1
37 70 161148 0
59 61 161155 0
79 60 161161 1
62 84 161188 0
59 104 161248 1
64 89 161252 0
35 62 161253 0
38 96 161293 0
76 58 161391 1
95 64 161441 1
38 95 161478 0
66 89 161570 0
61 32 161655 1
65 35 161668 1
75 58 161682 1
63 85 161692 0
92 27 161717 0
60 84 161733 0
62 97 161818 1
51 34 162196 1
75 60 162218 1
60 90 162232 1
61 75 162376 0
37 91 162401 0
84 47 162405 0
63 87 162427 0
58 60 162556 0
37 56 162666 0
36 84 162752 0
54 81 162803 1
107 19 162803 1
60 62 162820 0
44 44 162866 0
74 51 162933 1
107 26 162957 1
39 57 162971 0
36 78 163027 0
47 109 163040 0
102 16 163215 1
60 65 163244 0
38 99 163272 0
71 46 163326 1
33 89 163394 0
103 44 163412 1
35 69 163423 0
106 20 163426 1
88 42 163522 0
106 22 163523 1
61 77 163545 0
107 27 163556 1
37 88 163712 0
107 25 163773 1
59 90 163804 1
97 17 163980 1
43 50 164013 0
102 45 164040 1
60 63 164169 0
37 78 164170 0
103 42 164170 1
54 68 164197 1
74 48 164228 1
38 85 164343 0
58 105 164388 1
90 36 164390 0
36 113 164404 0
39 104 164460 0
104 40 164465 1
51 35 164551 1
101 50 164571 1
86 49 164582 0
36 70 164640 0
37 98 164680 0
57 33 164702 1
105 19 164710 1
68 36 164759 1
55 65 164815 1
101 15 164816 1
100 52 164863 1
60 60 164923 0
65 88 164967 0
60 64 164980 0
103 16 165006 1
37 93 165012 0
55 68 165092 1
48 110 165110 0
69 38 165120 1
98 59 165204 1
97 59 165210 1
36 87 165212 0
36 85 165220 0
71 42 165239 1
75 54 165285 1
100 16 165317 1
62 76 165323 0
37 63 165330 0
99 56 165353 1
107 31 165358 1
89 39 165384 0
97 60 165385 1
74 53 165396 1
75 55 165398 1
61 62 165467 0
66 35 165474 1
104 18 165485 1
61 69 165535 0
102 44 165548 1
92 23 165572 0
70 40 165601 1
72 47 165633 1
63 88 165637 0
47 111 165669 0
91 29 165673 0
86 48 165680 0
54 70 165690 1
37 72 165720 0
39 101 165743 0
54 77 165776 1
75 56 165781 1
68 92 165793 0
90 31 165816 0
38 95 165841 0
90 37 165854 0
62 75 165891 0
65 33 165945 1
106 21 165946 1
106 35 165946 1
54 34 165962 1
66 34 165984 1
62 84 165996 0
69 39 166033 1
43 109 166094 0
67 36 166142 1
62 96 166144 1
69 92 166160 0
71 90 166165 0
104 17 166167 1
62 82 166219 0
37 81 166220 0
36 96 166238 0
90 32 166299 0
99 55 166319 1
55 76 166337 1
100 15 166354 1
38 94 166375 0
106 34 166393 1
38 77 166400 0
61 92 166400 1
87 44 166422 0
107 26 166426 1
43 48 166442 0
84 53 166449 0
75 57 166449 1
60 66 166454 0
37 87 166468 0
51 112 166488 0
102 17 166517 1
68 91 166536 0
40 58 166558 0
102 46 166569 1
102 48 166600 1
55 66 166628 1
55 89 166675 1
70 39 166729 1
61 33 166773 1
57 90 166794 1
37 82 166807 0
38 64 166808 0
78 60 166891 1
67 35 166900 1
54 86 166905 1
38 98 166907 0
68 35 166921 1
55 86 166923 1
54 63 166926 1
103 17 166926 1
39 100 166976 0
71 45 166980 1
37 89 166994 0
68 38 167016 1
60 62 167025 0
38 68 167034 0
96 64 167055 1
63 87 167096 0
45 110 167104 0
59 59 167124 0
38 58 167133 0
72 48 167204 1
103 43 167212 1
75 53 167304 1
37 90 167313 0
102 47 167313 1
47 41 167314 0
72 45 167341 1
62 34 167349 1
38 97 167363 0
61 91 167381 1
59 32 167394 1
99 16 167409 1
43 47 167414 0
38 63 167421 0
39 59 167443 0
70 41 167453 1
64 89 167480 0
105 20 167481 1
55 70 167514 1
105 39 167515 1
54 82 167522 1
55 73 167546 1
44 108 167583 0
73 50 167620 1
107 28 167646 1
61 68 167661 0
73 51 167696 1
62 70 167706 0
60 63 167711 0
73 49 167725 1
54 110 167728 0
37 71 167755 0
64 34 167769 1
38 71 167773 0
71 44 167824 1
49 110 167864 0
55 87 167870 1
66 89 167873 0
63 97 167892 1
42 109 167895 0
58 64 167898 0
41 105 167905 0
54 35 167914 1
39 63 167916 0
107 29 167926 1
60 60 167936 0
24 80 167954 0
41 53 167960 0
74 89 167960 0
35 86 167974 0
39 56 167987 0
55 71 168000 1
74 55 168098 1
55 88 168109 1
74 52 168144 1
91 32 168160 0
37 73 168161 0
38 92 168189 0
56 89 168201 1
62 93 168201 1
55 81 168219 1
75 58 168278 1
38 81 168281 0
54 87 168313 1
65 91 168316 0
42 50 168350 0
54 85 168411 1
49 111 168416 0
38 61 168421 0
61 65 168440 1
89 33 168463 0
52 110 168469 0
37 86 168478 0
55 90 168481 1
63 85 168534 0
65 90 168549 0
57 91 168601 1
92 24 168602 0
90 73 168657 0
41 54 168669 0
58 90 168678 1
59 91 168698 1
41 56 168711 0
103 45 168734 1
48 110 168736 0
73 91 168760 0
95 65 168768 1
54 72 168805 1
76 59 168826 1
105 18 168826 1
107 24 168839 1
62 76 168849 0
35 76 168865 0
106 20 168866 1
72 91 168900 0
83 55 168919 0
91 28 168953 0
57 57 169020 0
55 80 169030 1
74 50 169040 1
70 91 169056 0
65 88 169061 0
59 60 169087 0
37 94 169090 0
89 27 169132 0
45 41 169139 0
38 99 169162 0
107 27 169172 1
55 85 169190 1
63 93 169205 1
107 25 169278 1
98 16 169324 1
62 71 169340 0
38 70 169386 0
65 34 169388 1
60 70 169388 0
55 74 169398 1
45 111 169400 0
33 99 169447 0
42 53 169449 0
38 62 169481 0
41 108 169493 0
72 46 169494 1
78 86 169538 1
97 16 169594 1
101 16 169598 1
56 90 169645 1
99 15 169687 1
42 108 169696 0
40 103 169712 0
106 19 169720 1
43 111 169742 0
37 80 169742 0
38 95 169779 0
39 107 169813 0
85 75 169825 0
61 70 169838 0
55 62 169881 1
39 97 169891 0
62 92 169903 1
45 45 169949 0
39 95 169950 0
54 76 170020 1
40 57 170030 0
62 91 170038 1
69 77 170057 0
69 37 170057 1
61 66 170064 0
37 78 170137 0
42 52 170170 0
36 83 170181 0
38 96 170183 0
55 83 170186 1
68 36 170219 1
38 77 170267 0
55 69 170271 1
38 85 170285 0
61 71 170305 0
55 72 170334 1
55 108 170337 0
65 35 170388 1
55 61 170405 1
71 43 170433 1
100 53 170461 1
38 68 170464 0
72 41 170475 1
61 62 170548 0
105 36 170592 1
43 49 170695 0
72 44 170700 1
60 62 170705 0
38 93 170750 0
73 92 170753 0
60 61 170766 0
83 53 170833 0
53 35 170864 1
54 109 170868 0
55 64 170905 1
68 37 170906 1
105 37 170940 1
43 110 170994 0
73 53 170999 1
45 112 171025 0
40 55 171082 0
89 36 171095 0
85 49 171097 0
37 83 171101 0
105 38 171112 1
52 34 171155 1
56 32 171201 1
68 90 171264 0
72 43 171286 1
96 16 171372 1
63 92 171406 1
54 79 171425 1
71 41 171479 1
70 37 171489 1
69 38 171533 1
42 112 171534 0
54 80 171545 1
45 42 171593 0
60 60 171632 0
62 100 171657 1
55 78 171681 1
38 64 171697 0
69 40 171753 1
67 34 171998 1
66 33 172009 1
55 79 172011 1
59 33 172054 1
53 108 172059 0
107 30 172079 1
69 39 172128 1
60 63 172150 0
107 23 172171 1
95 17 172196 1
107 32 172266 1
37 68 172277 0
92 26 172281 0
63 33 172310 1
70 40 172328 1
75 57 172372 1
76 58 172378 1
71 40 172438 1
77 58 172488 1
62 71 172562 0
90 32 172574 0
96 63 172592 1
53 84 172641 1
53 77 172642 1
62 75 172752 0
55 68 172899 1
34 100 172904 0
64 33 172931 1
55 31 172977 1
101 49 173037 1
75 56 173121 1
54 71 173176 1
73 52 173192 1
63 95 173194 1
69 91 173224 0
55 67 173278 1
64 32 173282 1
62 76 173316 0
107 22 173356 1
62 32 173357 1
105 19 173360 1
108 28 173365 1
62 84 173379 0
72 47 173387 1
73 47 173392 1
74 49 173464 1
40 104 173488 0
51 110 173496 0
61 66 173523 0
54 84 173562 1
92 22 173580 0
97 61 173606 1
62 94 173748 1
55 65 173784 1
67 91 173802 0
72 42 173802 1
73 48 173943 1
55 84 174004 1
75 52 174022 1
77 61 174053 1
101 51 174140 1
58 33 174162 1
75 55 174185 1
54 78 174186 1
63 96 174242 1
38 93 174247 0
62 98 174280 1
62 81 174403 0
60 31 174454 1
106 21 174589 1
95 18 174604 1
104 41 174649 1
33 69 174736 0
46 41 174739 0
53 110 174746 0
63 87 174748 0
66 35 174764 1
60 61 174813 0
54 49 174857 1
68 90 174874 0
70 38 174912 1
48 110 174949 0
37 82 175024 0
59 31 175057 1
55 66 175060 1
90 36 175122 0
106 18 175179 1
57 32 175202 1
72 48 175323 1
63 78 175353 0
79 83 175416 1
38 30 175432 0
112 38 175436 1
61 32 175471 1
36 86 175506 0
104 40 175511 1
60 90 175706 1
57 90 175828 1
41 106 175907 0
43 50 175946 0
47 109 176000 0
85 50 176032 0
58 32 176098 1
37 92 176183 0
55 63 176269 1
107 26 176281 1
104 42 176328 1
53 34 176620 1
66 34 176833 1
100 16 176834 1
104 18 176893 1
91 30 176930 0
101 48 176938 1
100 52 176962 1
62 95 177007 1
69 92 177026 0
74 52 177029 1
61 73 177048 0
37 88 177080 0
85 51 177093 0
42 46 177121 0
76 57 177126 1
66 91 177129 0
99 54 177256 1
77 60 177350 1
37 91 177391 0
60 62 177398 0
37 87 177434 0
38 81 177436 0
37 77 177443 0
64 90 177475 0
92 27 177494 0
65 91 177560 0
90 37 177620 0
59 66 177635 0
73 50 177685 1
104 17 177711 1
52 110 177755 0
62 81 177869 0
107 25 177963 1
103 17 178015 1
61 66 178030 0
60 33 178033 1
76 56 178045 1
71 37 178203 1
43 107 178238 0
63 94 178241 1
108 26 178317 1
37 74 178323 0
55 88 178391 1
62 70 178410 0
106 20 178416 1
71 90 178492 0
74 53 178515 1
71 91 178519 0
70 39 178521 1
105 17 178568 1
66 89 178638 0
106 36 178642 1
106 24 178670 1
107 24 178695 1
38 87 178750 0
86 49 178800 0
101 15 178949 1
61 92 178992 1
62 71 179020 0
71 42 179052 1
60 61 179097 0
103 42 179147 1
41 105 179160 0
69 36 179164 1
42 52 179192 0
43 49 179281 0
38 71 179318 0
38 94 179321 0
75 59 179429 1
60 32 179436 1
86 48 179553 0
37 93 179578 0
55 89 179578 1
90 32 179592 0
107 27 179596 1
72 45 179618 1
63 32 179648 1
91 32 179660 0
67 35 179666 1
73 46 179723 1
89 39 179733 0
46 109 179746 0
59 90 179746 1
86 46 179747 0
44 108 179750 0
38 95 179750 0
78 59 179781 1
72 46 179785 1
89 40 179868 0
91 29 179883 0
61 80 179910 0
87 43 179946 0
87 42 179969 0
95 66 180011 1
56 60 180040 1
38 92 180041 0
76 59 180058 1
105 18 180059 1
55 75 180092 1
55 76 180093 1
43 109 180149 0
65 88 180181 0
56 90 180196 1
37 76 180216 0
102 15 180226 1
41 107 180227 0
106 21 180269 1
64 34 180279 1
65 89 180282 0
40 54 180291 0
73 90 180310 0
68 36 180312 1
107 28 180313 1
60 60 180320 0
35 101 180344 0
71 44 180352 1
39 102 180379 0
77 59 180399 1
38 64 180408 0
61 60 180438 0
97 63 180441 1
68 90 180445 0
7 28 180459 1
41 106 180490 0
62 82 180501 0
42 51 180513 0
92 26 180520 0
34 95 180524 0
55 101 180540 0
55 77 180540 1
61 91 180568 1
38 93 180582 0
53 109 180679 0
61 62 180685 0
58 90 180717 1
96 62 180744 1
61 90 180803 1
101 16 180804 1
37 79 180832 0
63 85 180854 0
40 58 180883 0
62 81 180886 0
56 89 180922 1
61 65 180923 0
73 51 180974 1
65 34 181028 1
73 49 181060 1
62 65 181102 0
38 85 181144 0
39 63 181155 0
74 51 181171 1
43 46 181187 0
61 33 181189 1
75 57 181191 1
38 70 181254 0
55 71 181296 1
68 35 181299 1
106 19 181317 1
55 82 181318 1
55 87 181332 1
62 93 181369 1
55 86 181373 1
55 73 181376 1
102 16 181379 1
85 52 181388 0
91 71 181425 0
90 72 181432 0
43 106 181458 0
103 16 181480 1
37 64 181488 0
55 70 181501 1
39 100 181505 0
58 70 181525 0
68 91 181527 0
49 110 181536 0
62 76 181557 0
62 73 181598 0
17 55 181610 0
38 98 181617 0
41 118 181646 0
103 44 181648 1
98 58 181666 1
43 107 181676 0
63 99 181696 1
36 73 181708 0
89 38 181713 0
38 87 181716 0
86 45 181727 0
39 95 181733 0
61 69 181762 0
87 47 181764 0
62 85 181787 0
79 59 181839 1
62 33 181847 1
38 97 181877 0
55 34 181891 1
75 58 181900 1
56 59 181920 1
69 37 181949 1
38 63 181964 0
63 77 181974 0
38 96 181987 0
53 111 182020 0
63 98 182021 1
39 99 182033 0
24 37 182053 1
24 80 182053 0
34 72 182095 0
59 59 182123 0
39 59 182151 0
107 26 182153 1
72 44 182177 1
45 46 182226 0
48 111 182308 0
38 68 182335 0
107 23 182362 1
61 81 182367 0
93 25 182420 0
39 97 182503 0
37 75 182508 0
61 63 182509 0
59 32 182601 1
43 48 182615 0
98 15 182645 1
74 48 182656 1
73 48 182679 1
69 38 182695 1
70 40 182704 1
55 81 182732 1
46 109 182744 0
63 78 182773 0
90 26 182791 0
61 66 182799 0
75 54 182843 1
64 86 182918 0
62 92 182937 1
107 31 182938 1
66 32 183032 1
72 43 183051 1
75 53 183068 1
65 33 183078 1
55 33 183091 1
62 96 183091 1
38 71 183096 0
55 69 183150 1
59 34 183196 1
90 37 183267 0
34 93 183314 0
63 96 183380 1
91 27 183393 0
63 93 183449 1
57 33 183461 1
100 15 183467 1
106 34 183501 1
38 77 183612 0
48 39 183627 0
63 72 183677 0
99 15 183695 1
62 91 183728 1
105 40 183746 1
99 16 183750 1
61 67 183794 0
69 39 183811 1
41 101 183824 0
65 67 183883 1
65 89 183883 0
87 37 183896 0
63 97 183916 1
62 70 183942 0
55 72 183973 1
71 41 184020 1
36 70 184053 0
76 58 184098 1
74 50 184113 1
61 65 184138 0
71 39 184143 1
66 35 184167 1
57 90 184209 1
36 81 184213 0
98 60 184268 1
63 95 184305 1
107 34 184314 1
66 91 184340 0
104 17 184382 1
41 106 184430 0
102 46 184452 1
99 55 184513 1
61 68 184658 0
60 61 184702 0
45 113 184754 0
107 21 184761 1
90 34 184770 0
62 81 184805 0
99 56 184828 1
46 113 184848 0
58 34 184896 1
107 25 184907 1
62 73 184913 0
55 74 184926 1
75 56 185100 1
37 74 185180 0
71 45 185199 1
75 55 185205 1
61 63 185274 0
60 75 185309 0
38 87 185351 0
87 44 185365 0
64 89 185372 0
50 111 185388 0
62 88 185412 0
90 36 185485 0
106 35 185492 1
60 86 185507 0
103 17 185543 1
37 82 185596 0
74 52 185624 1
36 77 185624 0
48 110 185689 0
93 24 185774 0
63 33 185823 1
60 90 185846 1
73 47 185880 1
55 83 185895 1
89 73 185896 0
39 99 185935 0
64 33 186009 1
73 50 186029 1
103 43 186048 1
102 49 186154 1
38 81 186185 0
61 61 186243 0
63 83 186345 0
59 58 186373 0
92 22 186400 0
60 63 186429 0
61 59 186484 0
55 64 186490 1
93 22 186595 0
63 100 186611 1
46 109 186614 0
105 19 186653 1
90 35 186880 0
64 86 186891 0
55 80 186998 1
107 24 187004 1
66 34 187015 1
62 71 187021 0
55 88 187038 1
39 94 187229 0
43 51 187258 0
55 78 187272 1
55 85 187280 1
106 20 187375 1
94 21 187445 0
45 110 187452 0
62 99 187460 1
60 71 187615 0
65 89 187687 0
71 40 187712 1
55 62 187761 1
107 30 187768 1
56 33 187781 1
38 92 187798 0
61 65 187813 0
44 45 187828 0
39 102 187907 0
61 67 188014 0
73 43 188091 1
62 80 188152 0
68 36 188201 1
55 84 188213 1
107 20 188229 1
62 32 188593 1
38 91 188636 0
55 61 188645 1
54 76 188783 1
52 109 188881 0
59 33 188909 1
63 94 188917 1
97 62 188925 1
55 68 189003 1
85 52 189041 0
55 65 189084 1
88 42 189315 0
38 99 189322 0
44 49 189373 0
107 22 189380 1
72 45 189400 1
54 80 189405 1
61 63 189419 0
63 92 189503 1
61 74 189656 0
66 89 189811 0
61 61 189930 0
62 73 189963 0
38 105 190097 0
104 16 190115 1
90 34 190123 0
66 90 190161 0
72 46 190182 1
70 39 190233 1
38 93 190236 0
37 78 190282 0
35 83 190285 0
70 91 190335 0
92 25 190494 0
62 90 190535 1
59 58 190607 0
60 67 190641 0
43 107 190678 0
97 60 190766 1
41 106 190799 0
90 32 190947 0
62 79 190970 0
98 59 191046 1
105 18 191069 1
93 24 191126 0
86 49 191216 0
68 34 191227 1
58 90 191259 1
90 71 191271 0
45 108 191303 0
76 59 191390 1
43 49 191446 0
100 54 191473 1
90 35 191491 0
101 50 191496 1
53 33 191536 1
37 97 191659 0
101 15 191673 1
67 34 191676 1
65 88 191684 0
72 42 191710 1
107 23 191750 1
76 57 191801 1
108 25 191833 1
102 48 191833 1
100 16 191845 1
56 65 191891 1
63 83 191891 0
105 37 191926 1
38 91 191996 0
68 90 191996 0
106 18 192048 1
77 60 192053 1
44 110 192089 0
101 52 192211 1
86 47 192212 0
110 28 192240 1
96 66 192258 1
97 18 192290 1
56 89 192317 1
104 40 192353 1
62 65 192382 0
98 61 192431 1
71 90 192431 0
61 31 192438 1
80 58 192487 1
64 32 192525 1
63 91 192569 1
70 38 192608 1
91 32 192615 0
62 80 192684 0
55 67 192701 1
60 60 192704 0
61 62 192722 0
72 44 192788 1
61 32 192790 1
64 34 192803 1
87 45 192808 0
75 51 192814 1
69 36 192852 1
65 86 192866 0
55 60 192875 1
73 45 192875 1
55 75 192877 1
91 30 192913 0
56 88 192913 1
72 91 192931 0
73 48 192940 1
62 81 193011 0
39 65 193068 0
47 109 193078 0
106 21 193097 1
100 53 193104 1
93 22 193126 0
56 90 193145 1
57 92 193169 1
62 75 193171 0
74 48 193187 1
106 19 193205 1
69 38 193236 1
59 90 193258 1
77 59 193263 1
70 40 193267 1
105 36 193268 1
75 52 193268 1
74 49 193296 1
76 55 193304 1
101 16 193336 1
38 94 193361 0
39 64 193385 0
55 79 193464 1
55 73 193474 1
107 31 193487 1
105 39 193510 1
57 89 193541 1
61 60 193574 0
42 53 193606 0
61 91 193612 1
47 40 193614 0
69 37 193631 1
56 63 193659 1
63 32 193714 1
90 29 193730 0
55 66 193747 1
63 86 193781 0
44 108 193813 0
107 32 193824 1
61 65 193829 0
76 56 193848 1
39 93 193922 0
75 57 193948 1
38 85 193963 0
103 45 193982 1
105 38 193995 1
104 42 193998 1
41 105 194082 0
107 33 194108 1
80 82 194124 1
68 35 194136 1
93 23 194143 0
61 90 194171 1
60 32 194212 1
70 37 194224 1
96 64 194230 1
55 86 194243 1
42 108 194252 0
59 57 194275 0
88 40 194276 0
61 67 194338 0
104 17 194347 1
39 95 194347 0
43 50 194376 0
52 109 194380 0
54 33 194401 1
39 57 194459 0
39 99 194468 0
37 81 194534 0
63 77 194574 0
103 46 194662 1
61 61 194665 0
55 87 194685 1
46 109 194687 0
91 70 194745 0
69 35 194772 1
56 61 194789 1
63 85 194820 0
38 95 194824 0
55 32 194835 1
63 72 194859 0
72 40 194897 1
106 20 194921 1
105 17 194932 1
64 86 194943 0
90 34 194982 0
38 69 194996 0
37 84 195006 0
40 106 195022 0
38 87 195030 0
55 76 195048 1
104 41 195052 1
75 89 195118 0
40 57 195120 0
40 55 195127 0
66 90 195136 0
45 108 195143 0
91 35 195164 0
74 52 195179 1
96 63 195189 1
77 58 195192 1
94 20 195193 0
96 68 195214 1
43 106 195270 0
38 91 195270 0
107 27 195284 1
74 45 195287 1
68 36 195289 1
105 41 195289 1
72 41 195329 1
39 63 195363 0
63 96 195367 1
55 69 195431 1
59 58 195447 0
34 83 195454 0
55 70 195457 1
107 24 195573 1
64 30 195579 1
55 81 195657 1
102 47 195707 1
65 89 195721 0
90 35 195742 0
44 109 195856 0
71 41 195894 1
52 110 195897 0
69 91 195910 0
40 56 195911 0
73 47 195933 1
87 47 195934 0
92 27 195964 0
61 63 195987 0
63 78 196026 0
62 79 196052 0
108 28 196077 1
41 101 196087 0
107 26 196098 1
103 16 196098 1
56 68 196169 1
55 82 196176 1
57 90 196191 1
73 46 196201 1
71 40 196210 1
72 43 196213 1
75 53 196293 1
100 52 196352 1
66 34 196363 1
74 48 196363 1
103 44 196375 1
67 35 196384 1
102 15 196458 1
55 71 196461 1
63 93 196492 1
53 110 196498 0
65 32 196510 1
75 55 196523 1
65 35 196524 1
59 32 196554 1
77 86 196561 1
107 22 196573 1
41 56 196595 0
76 58 196625 1
37 90 196650 0
64 33 196660 1
55 77 196707 1
92 25 196716 0
37 87 196735 0
38 70 196750 0
65 33 196781 1
101 49 196848 1
107 25 196853 1
87 45 196913 0
66 89 196930 0
66 33 196953 1
61 33 196966 1
45 44 196985 0
74 50 197015 1
55 83 197024 1
62 92 197024 1
56 64 197057 1
42 52 197069 0
106 36 197132 1
37 89 197155 0
38 77 197156 0
85 48 197204 0
63 87 197382 0
59 57 197456 0
62 91 197457 1
108 29 197530 1
37 95 197532 0
58 33 197634 1
108 26 197634 1
55 78 197643 1
62 70 197667 0
39 65 197714 0
39 72 197824 0
38 71 197841 0
68 90 197904 0
39 64 197977 0
62 65 197991 0
76 53 198059 1
38 100 198106 0
63 31 198174 1
78 59 198212 1
62 80 198288 0
59 89 198299 1
75 56 198388 1
62 31 198418 1
98 16 198433 1
38 81 198453 0
99 57 198453 1
95 101 198455 1
36 88 198462 0
96 65 198487 1
107 23 198579 1
70 39 198604 1
62 77 198702 0
90 37 198791 0
38 76 198818 0
71 92 198826 0
93 23 198869 0
97 15 198879 1
105 20 198886 1
38 96 198893 0
65 91 198932 0
43 47 198974 0
56 69 199033 1
63 86 199087 0
65 34 199108 1
38 78 199120 0
63 95 199177 1
39 80 199308 0
38 64 199355 0
60 103 199378 1
34 81 199417 0
38 69 199494 0
55 68 199517 1
81 82 199544 1
59 103 199546 1
39 97 199588 0
55 88 199647 1
39 94 199665 0
104 43 199667 1
72 90 199705 0
100 15 199899 1
0 0 200010 0
