67 58 0 1
67 60 1034 1
57 46 1157 1
28 84 1548 0
7 77 2100 1
109 53 2145 1
24 125 2762 1
110 46 3241 1
105 41 3449 1
51 45 3455 1
95 8 3715 1
42 101 3785 0
102 41 3838 1
110 51 4212 1
68 57 4319 1
26 81 4946 0
104 41 4952 1
103 41 4972 1
106 41 5008 1
20 88 5676 1
60 46 5681 1
107 42 5728 1
64 48 5739 1
64 49 5779 1
67 55 5832 1
103 42 5866 1
68 53 5873 1
68 55 6051 1
56 45 6054 1
109 43 6253 1
55 44 6259 1
65 49 6271 1
80 58 6414 1
110 46 6428 1
84 56 6680 1
66 49 6718 1
68 54 6741 1
67 51 6794 1
108 43 6801 1
65 50 6985 1
57 77 7056 1
26 76 7174 0
45 101 7176 0
110 47 7245 1
50 101 7245 0
67 53 7343 1
63 49 7434 1
54 46 7500 1
32 91 7516 0
34 94 7522 0
27 74 7524 0
68 58 7542 1
15 76 7558 1
54 99 7592 0
61 47 7614 1
36 97 7633 0
33 93 7681 0
27 76 7752 0
65 48 7786 1
107 43 7807 1
42 100 7808 0
52 100 7828 0
53 45 7880 1
68 60 7933 1
53 100 7941 0
48 101 7946 0
27 77 7969 0
31 92 8050 0
105 41 8092 1
101 41 8128 1
68 56 8167 1
108 42 8191 1
109 45 8344 1
49 101 8365 0
52 45 8576 1
30 87 8585 0
110 53 8623 1
64 48 8676 1
74 87 8736 0
27 71 8826 0
58 45 8863 1
46 101 8874 0
62 47 8952 1
49 47 8968 1
5 86 9027 1
36 98 9042 0
27 82 9064 0
59 47 9084 1
57 44 9108 1
32 92 9110 0
109 63 9143 1
28 83 9189 0
30 65 9194 0
27 79 9195 0
61 46 9197 1
34 96 9261 0
63 72 9263 1
106 41 9296 1
79 83 9347 0
78 83 9523 0
63 48 9620 1
104 41 9667 1
57 45 9733 1
37 97 9746 0
67 52 9807 1
27 72 9865 0
30 66 9870 0
47 47 9939 1
66 50 10031 1
28 87 10052 0
55 45 10200 1
30 88 10215 0
65 50 10247 1
38 98 10435 0
107 42 10544 1
102 41 10690 1
31 91 10698 0
103 41 10708 1
28 86 10772 0
65 49 10796 1
31 65 10868 0
92 49 10899 1
60 46 10926 1
27 81 10980 0
60 45 11016 1
69 57 11037 1
28 70 11144 0
44 49 11223 1
29 110 11379 1
29 86 11425 0
49 45 11474 1
33 92 11505 0
27 73 11638 0
63 47 11644 1
31 93 11657 0
41 99 11752 0
34 94 11762 0
28 81 11801 0
27 83 11931 0
27 78 11956 0
27 75 11959 0
68 55 12129 1
30 86 12156 0
68 59 12157 1
60 96 12300 0
33 94 12303 0
68 53 12346 1
35 96 12490 0
110 46 12491 1
109 44 12492 1
32 91 12504 0
73 87 12522 0
48 102 12541 0
27 77 12846 0
30 68 12854 0
33 60 12894 0
33 93 13086 0
28 88 13127 0
56 62 13131 0
56 45 13131 1
105 60 13140 0
33 95 13165 0
38 99 13233 0
28 84 13388 0
27 76 13403 0
30 91 13436 0
109 43 13477 1
54 44 13517 1
42 100 13647 0
30 87 13674 0
34 95 13685 0
66 49 13805 1
32 92 14148 0
27 84 14427 0
29 68 14571 0
51 44 14697 1
39 99 14726 0
50 101 14855 0
46 47 14960 1
29 88 15103 0
74 63 15372 1
67 51 15396 1
80 82 15515 0
65 92 15522 0
45 101 15534 0
67 53 15733 1
64 48 15888 1
62 46 16305 1
61 47 16553 1
68 57 16780 1
68 52 16925 1
67 59 17241 1
55 44 17414 1
67 61 17530 1
27 86 17635 0
53 44 17815 1
68 54 18277 1
36 95 18326 0
45 47 18379 1
36 97 18399 0
102 42 18481 1
44 101 18504 0
108 43 18577 1
74 86 18628 0
28 83 19106 0
32 93 19285 0
52 100 19362 0
62 94 20289 0
59 45 20312 1
27 79 20333 0
107 41 20494 1
105 41 20863 1
59 96 20939 0
62 47 21033 1
30 86 21151 0
31 64 21222 0
46 101 21343 0
66 51 21812 1
33 92 21838 0
31 94 21847 0
91 73 21968 0
49 101 22194 0
27 74 22244 0
37 97 22782 0
29 85 22880 0
108 42 22999 1
27 81 23010 0
40 98 23189 0
56 44 23541 1
34 95 23999 0
51 45 24670 1
48 100 24734 0
63 48 25028 1
53 45 25120 1
110 54 25171 1
105 42 25265 1
67 50 25285 1
23 117 25381 1
104 41 25580 1
110 51 25665 1
68 58 25673 1
17 80 25740 1
100 41 25936 1
57 45 26088 1
68 56 26257 1
66 50 26275 1
48 46 26316 1
31 87 26558 0
65 48 26646 1
52 44 26773 1
107 42 26986 1
100 42 27161 1
30 88 28455 0
67 91 28956 0
41 99 29049 0
34 94 29057 0
103 41 29228 1
59 46 29321 1
48 101 29825 0
106 41 30430 1
57 46 30685 1
78 84 30839 0
43 101 31369 0
44 101 31431 0
27 78 31679 0
38 60 31814 1
85 55 32124 1
68 51 32207 1
58 45 32669 1
39 97 33053 0
111 47 33122 1
109 43 33144 1
75 85 33421 0
65 47 33646 1
55 45 33683 1
42 101 33819 0
27 75 33877 0
65 49 33942 1
36 95 33954 0
48 47 34055 1
28 81 34060 0
27 82 34082 0
32 91 34152 0
29 85 34184 0
61 46 34206 1
50 101 34288 0
34 92 34424 0
67 52 34453 1
28 77 34505 0
60 46 34644 1
64 48 34707 1
68 55 34770 1
29 86 34780 0
111 48 34838 1
30 87 34878 0
111 49 34920 1
28 71 34932 0
29 69 35065 0
106 59 35148 0
31 88 35339 0
50 44 35341 1
27 72 35481 0
38 97 35570 0
70 89 35689 0
63 47 35737 1
111 51 35890 1
109 56 35947 1
68 53 36071 1
66 49 36325 1
104 40 36338 1
109 55 36362 1
69 54 36472 1
79 59 36486 1
57 75 36489 1
52 45 36594 1
28 84 36744 0
27 76 36781 0
30 86 36824 0
27 73 37011 0
108 42 37083 1
27 77 37141 0
28 73 37466 0
110 55 37592 1
68 54 37644 1
95 70 37655 0
58 44 37805 1
29 70 37849 0
59 44 37852 1
56 45 37864 1
26 77 37910 0
57 44 37960 1
81 57 38053 1
51 101 38058 0
49 46 38197 1
48 100 38259 0
111 50 38279 1
31 63 38678 0
68 61 38721 1
77 61 38723 1
107 41 38756 1
69 89 38947 0
111 52 38990 1
105 40 39037 1
40 98 39091 0
33 92 39320 0
56 75 39345 1
67 51 39347 1
69 67 39457 1
29 81 39519 0
62 47 39744 1
44 48 39842 1
27 79 39875 0
68 68 39899 1
32 92 40081 0
90 74 40112 0
46 79 40192 1
32 63 40226 0
110 53 40366 1
108 41 40488 1
38 97 40585 0
60 45 41082 1
101 41 41134 1
68 57 41151 1
53 100 41204 0
55 44 41221 1
68 60 41511 1
68 52 41658 1
109 42 41696 1
77 84 41714 0
106 41 41872 1
69 59 42059 1
84 55 42086 1
79 46 42099 1
54 44 42112 1
69 52 42315 1
37 98 42626 0
47 46 42877 1
65 66 42913 1
73 92 42924 1
39 18 42930 1
111 46 43388 1
110 46 43459 1
52 100 44037 0
102 41 44116 1
47 47 44329 1
30 127 44347 1
45 48 44423 1
101 13 44435 1
89 94 44759 1
29 87 44767 0
104 41 45101 1
69 56 45487 1
66 62 45715 1
83 55 45761 1
64 48 45825 1
11 108 45961 1
104 40 46077 1
56 44 46093 1
58 45 46194 1
65 48 46195 1
60 96 46272 0
42 100 46395 0
62 46 46600 1
111 47 46811 1
90 73 46874 0
92 73 47105 0
38 98 47135 0
110 43 47352 1
51 100 47459 0
54 99 47504 0
68 90 47554 0
58 96 47610 0
57 77 47742 1
34 92 47752 0
50 45 47785 1
31 91 47828 0
68 58 47928 1
78 83 47981 0
59 45 47991 1
65 71 47993 1
31 88 48057 0
63 47 48094 1
66 48 48133 1
66 50 48135 1
53 45 48182 1
69 53 48205 1
37 96 48262 0
53 44 48262 1
109 43 48277 1
119 62 48339 1
67 50 48417 1
28 73 48508 0
107 41 48530 1
65 49 48536 1
63 93 48548 0
89 74 48556 0
36 95 48580 0
60 46 48644 1
39 97 48648 0
34 59 48703 0
31 65 48725 0
31 87 48769 0
34 94 48820 0
108 42 49088 1
69 57 49202 1
28 74 49283 0
111 49 49328 1
69 55 49357 1
40 100 49404 0
108 41 49422 1
61 95 49423 0
28 81 49528 0
41 99 49580 0
61 46 49682 1
66 49 49697 1
27 71 49932 0
30 66 49987 0
105 41 50050 1
28 83 50056 0
68 59 50103 1
68 51 50111 1
103 40 50111 1
35 58 50223 0
65 93 50319 0
63 46 50484 1
68 53 50485 1
94 71 50490 0
30 86 50501 0
104 60 50515 0
91 49 50766 1
68 54 50894 1
111 45 50955 1
61 45 51115 1
77 60 51134 1
31 89 51145 0
38 97 51204 0
30 68 51276 0
64 48 51282 1
67 49 51288 1
55 45 51699 1
28 77 51710 0
69 58 51717 1
111 50 51952 1
52 99 51971 0
65 47 51987 1
28 79 52013 0
46 47 52234 1
67 62 52489 1
48 100 52669 0
37 96 52784 0
66 92 52906 0
106 41 53100 1
62 45 53108 1
62 7 53227 1
82 57 53379 1
125 101 53461 1
105 40 53489 1
27 78 53519 0
67 51 53662 1
31 73 53752 1
44 100 53825 0
64 47 53825 1
51 45 53902 1
80 58 53923 1
30 87 53972 0
68 55 53999 1
72 88 54036 0
53 99 54042 0
55 43 54056 1
32 91 54224 0
57 44 54413 1
72 87 54671 0
27 74 54787 0
45 99 54790 0
69 54 54835 1
33 92 55070 0
27 75 55357 0
28 70 55438 0
28 72 55651 0
68 56 55772 1
111 51 56023 1
27 81 56063 0
104 40 56073 1
7 109 56143 1
51 44 56278 1
109 42 56509 1
52 44 56605 1
111 46 56678 1
94 6 56717 0
84 56 56792 1
29 81 57095 0
31 89 57184 0
110 54 57215 1
47 100 57603 0
27 76 57957 0
51 100 58028 0
33 93 58077 0
111 47 58091 1
111 48 58098 1
107 40 58163 1
109 41 58239 1
110 42 58276 1
108 41 58429 1
73 86 58542 0
87 76 58600 0
35 96 58696 0
69 90 58792 0
110 43 58815 1
68 52 58855 1
93 71 58866 0
30 90 58869 0
106 40 59042 1
89 75 59108 0
44 100 59159 0
57 45 59165 1
102 41 59171 1
68 50 59234 1
102 40 59256 1
69 56 59340 1
78 59 59496 1
60 45 59523 1
65 48 59566 1
104 40 59650 1
28 79 59674 0
58 45 59706 1
105 40 59712 1
82 80 59716 0
58 97 59739 0
55 44 59739 1
111 46 59750 1
62 46 59806 1
29 83 59871 0
111 45 59934 1
111 52 59954 1
85 55 59960 1
64 72 59984 1
58 44 60007 1
111 44 60019 1
29 85 60083 0
63 47 60098 1
43 48 60123 1
93 72 60163 0
34 92 60295 0
68 57 60325 1
111 50 60374 1
81 81 60408 0
40 98 60434 0
59 44 60467 1
101 41 60590 1
51 43 60642 1
33 115 60643 1
107 41 60775 1
111 49 60797 1
65 92 60808 0
66 48 60878 1
31 87 60890 0
69 52 60926 1
71 66 60981 1
79 83 61003 0
68 51 61017 1
34 93 61017 0
80 82 61053 0
64 94 61068 0
34 58 61337 0
36 95 61339 0
68 58 61356 1
91 73 61421 0
41 98 61495 0
71 88 61586 0
28 69 61630 0
70 66 61631 1
27 77 61632 0
69 55 61650 1
73 87 61669 0
28 73 61687 0
37 97 61721 0
39 97 61721 0
86 77 61728 0
63 46 61749 1
54 44 61777 1
68 49 61779 1
31 88 61793 0
53 44 61822 1
52 100 61857 0
52 45 61867 1
32 94 61870 0
31 64 61894 0
37 96 61947 0
28 74 61954 0
65 47 61983 1
57 97 62007 0
43 50 62009 1
26 80 62099 0
52 99 62101 0
28 81 62164 0
41 97 62186 0
103 40 62223 1
79 82 62227 0
47 100 62232 0
29 67 62253 0
56 44 62287 1
67 50 62300 1
69 53 62367 1
59 43 62447 1
69 60 62447 1
64 46 62452 1
35 92 62459 0
108 41 62465 1
61 46 62530 1
30 86 62530 0
104 40 62580 1
69 57 62597 1
13 39 62598 1
28 71 62623 0
68 60 62644 1
47 99 62659 0
48 100 62667 0
90 75 62768 0
67 49 62787 1
29 72 62802 0
29 81 62887 0
69 50 62889 1
32 90 62903 0
54 99 62930 0
28 77 62935 0
55 98 62999 0
48 46 63043 1
109 42 63177 1
45 99 63419 0
67 61 63432 1
47 46 63451 1
57 44 63496 1
74 86 63498 0
53 98 63507 0
29 83 63581 0
70 54 63591 1
60 45 63605 1
34 92 63617 0
67 48 63654 1
32 64 63663 0
30 65 63694 0
43 98 63713 0
61 45 63719 1
33 89 63720 0
31 67 63741 0
69 51 63760 1
38 96 63804 0
62 72 63824 1
66 65 63891 1
58 45 63913 1
87 53 63917 1
106 40 63965 1
27 79 63966 0
84 54 63971 1
60 44 64017 1
27 73 64049 0
67 91 64084 0
107 40 64096 1
46 46 64119 1
49 46 64139 1
82 56 64140 1
55 44 64191 1
62 71 64197 1
59 45 64274 1
76 61 64280 1
26 72 64346 0
44 100 64369 0
69 54 64453 1
109 41 64523 1
63 45 64575 1
65 70 64633 1
111 51 64673 1
28 79 64674 0
111 47 64800 1
57 43 64831 1
62 46 64841 1
110 42 64881 1
64 71 64895 1
65 46 64900 1
31 87 64914 0
33 92 64925 0
29 86 65063 0
26 79 65080 0
41 98 65243 0
45 100 65247 0
31 65 65272 0
62 94 65274 0
31 89 65280 0
30 82 65317 0
111 45 65392 1
34 93 65400 0
53 99 65438 0
29 70 65505 0
32 63 65636 0
67 47 65778 1
59 96 65795 0
58 75 65831 1
65 48 65970 1
53 45 65970 1
64 48 65995 1
54 43 65996 1
68 50 66050 1
71 89 66093 0
47 47 66102 1
57 75 66207 1
58 44 66246 1
111 46 66272 1
68 51 66490 1
56 43 66607 1
38 96 66619 0
32 90 66732 0
28 80 66772 0
29 68 66850 0
81 57 66883 1
59 44 66911 1
45 47 66958 1
32 89 67076 0
30 64 67113 0
66 48 67141 1
29 76 67153 0
55 43 67311 1
37 95 67406 0
52 101 67410 0
30 85 67428 0
35 98 67453 0
28 72 67493 0
28 74 67965 0
59 95 68124 0
29 81 68145 0
29 87 68260 0
29 83 68434 0
31 85 68491 0
46 100 68639 0
68 53 68784 1
28 68 68828 0
28 76 69119 0
28 73 69322 0
57 74 69393 1
51 100 69751 0
27 72 69776 0
32 89 70280 0
62 45 70314 1
105 40 70427 1
47 100 70430 0
28 80 70572 0
26 78 70597 0
26 74 70693 0
29 69 70942 0
37 95 71013 0
35 92 71037 0
68 91 71048 0
69 59 71070 1
75 85 71236 0
38 96 71245 0
60 96 71412 0
111 44 71444 1
30 85 71623 0
107 58 72086 0
74 87 72110 0
90 73 72114 0
45 100 72156 0
66 47 72209 1
63 94 72285 0
95 71 72286 0
39 95 72600 0
68 90 72640 0
53 43 72836 1
111 43 72898 1
46 100 72943 0
69 89 73328 0
28 76 73465 0
47 101 73516 0
70 55 73552 1
63 46 73602 1
32 90 73616 0
47 99 73751 0
65 47 73754 1
30 81 73763 0
63 47 73809 1
49 45 73921 1
61 44 74127 1
69 58 74245 1
41 97 74254 0
57 105 74426 1
52 44 74832 1
111 50 74856 1
69 56 74981 1
56 98 75151 0
45 46 75290 1
62 93 75441 0
108 41 75478 1
33 89 75767 0
69 53 75804 1
92 49 75909 1
102 40 75916 1
29 84 75988 0
69 55 75989 1
104 40 76104 1
34 92 76149 0
42 97 76171 0
29 75 76190 0
43 98 76279 0
64 46 76295 1
28 80 76350 0
41 98 76488 0
31 62 76769 0
30 84 76789 0
45 99 76855 0
52 99 76973 0
119 62 77008 0
37 95 77064 0
32 89 77103 0
67 49 77104 1
41 99 77109 0
33 60 77147 0
30 82 77223 0
29 72 77359 0
50 99 77404 0
106 40 77512 1
99 43 77784 1
76 84 77813 0
69 52 77932 1
43 99 78215 0
54 44 78257 1
67 51 79324 1
47 102 79554 0
95 70 79594 0
31 88 79737 0
35 91 80263 0
30 84 80266 0
29 82 80375 0
44 47 80517 1
106 59 80541 0
29 77 80810 0
30 88 81222 0
58 96 81250 0
39 52 81408 1
30 85 81670 0
30 87 81677 0
34 93 81715 0
34 95 81754 0
85 77 82272 0
29 84 82299 0
103 40 82362 1
43 100 82469 0
69 54 82538 1
48 100 82590 0
28 76 82657 0
43 99 82707 0
36 95 82817 0
34 94 82843 0
46 100 83332 0
75 86 83334 0
30 69 83541 0
28 77 83608 0
107 40 83798 1
111 45 83892 1
109 40 84043 1
36 93 84294 0
61 45 84357 1
27 69 84358 0
76 85 84632 0
97 95 85243 0
97 60 85243 1
29 89 85336 0
28 79 85583 0
29 82 85704 0
109 41 85708 1
30 84 85732 0
61 83 85740 1
77 85 86149 0
31 90 86387 0
60 45 86431 1
68 49 86458 1
111 52 86473 1
72 87 86518 0
57 44 86568 1
110 42 86621 1
60 44 86668 1
80 57 86719 1
38 97 86921 0
105 40 87056 1
86 53 87131 1
111 44 87151 1
118 87 87235 1
31 66 87314 0
62 46 87380 1
64 45 87404 1
53 44 87406 1
70 56 87451 1
45 98 87624 0
46 47 87758 1
69 57 87785 1
67 48 87941 1
31 85 88105 0
110 41 88109 1
37 94 88214 0
41 97 88227 0
58 44 88316 1
65 64 88441 1
47 99 88501 0
36 57 88504 0
112 48 88687 1
30 68 88708 0
70 52 88743 1
73 86 88820 0
68 61 88855 1
36 93 88889 0
55 44 89055 1
66 48 89090 1
49 100 89227 0
29 81 89453 0
79 59 89566 1
29 76 89573 0
111 54 89595 1
70 54 89747 1
51 45 89769 1
70 53 89833 1
65 47 89859 1
58 43 89937 1
52 43 89940 1
65 46 89940 1
63 46 90025 1
67 63 90033 1
43 97 90042 0
69 50 90078 1
68 51 90236 1
18 106 90292 1
68 48 90386 1
59 44 90449 1
69 51 90514 1
31 87 90583 0
32 87 90593 0
63 72 90594 1
53 99 90845 0
68 50 90938 1
28 78 91061 0
62 70 91190 1
108 40 91287 1
39 95 91398 0
35 94 91416 0
111 43 91427 1
57 43 91457 1
33 88 91520 0
101 40 91562 1
104 40 91757 1
33 89 91887 0
111 53 91960 1
38 96 92156 0
54 43 92184 1
42 97 92259 0
59 43 92331 1
37 94 92345 0
5 116 92493 1
59 75 92494 1
38 94 92680 0
105 39 92781 1
53 98 92942 0
29 83 92960 0
56 43 93003 1
51 44 93139 1
38 53 93166 1
39 98 93225 0
31 63 93491 0
40 98 93564 0
35 92 93617 0
69 52 93649 1
63 45 93664 1
64 46 93687 1
33 90 93695 0
29 75 93844 0
50 99 93903 0
38 95 93915 0
28 72 93959 0
62 45 94090 1
40 99 94210 0
43 99 94227 0
30 81 94302 0
30 66 94637 0
67 47 94801 1
30 86 94878 0
30 82 94903 0
43 100 95115 0
94 47 95235 1
43 98 95541 0
28 71 95626 0
93 71 95704 0
30 80 95716 0
39 97 95895 0
32 87 95904 0
36 78 95996 1
35 91 96122 0
35 93 96269 0
28 78 96307 0
35 95 96326 0
36 93 96461 0
32 64 96626 0
50 44 96631 1
107 40 96812 1
94 71 96927 0
34 61 97103 0
28 83 97237 0
112 50 97617 1
109 41 97665 1
29 78 97941 0
110 42 98504 1
111 44 98564 1
38 95 98851 0
68 49 98857 1
55 43 98895 1
107 39 98983 1
33 90 99081 0
69 53 99123 1
113 55 99392 1
48 46 99435 1
70 89 99546 0
106 40 99686 1
62 44 99715 1
109 40 99730 1
111 46 99773 1
63 93 99786 0
47 46 99788 1
79 82 99834 0
60 45 100136 1
32 85 100148 0
52 99 100241 0
29 71 100242 0
112 45 100296 1
96 70 100309 0
31 67 100346 0
87 52 100402 1
103 40 100571 1
61 44 100676 1
84 55 100755 1
45 99 100770 0
31 90 100818 0
100 42 100818 1
112 49 100863 1
70 51 100870 1
77 83 100991 0
32 61 101014 0
30 84 101057 0
35 94 101102 0
32 88 101167 0
67 48 101198 1
40 97 101235 0
29 82 101355 0
27 83 101368 0
49 100 101430 0
107 57 101449 0
29 70 101527 0
68 60 101534 1
70 55 101546 1
41 97 101613 0
29 77 101752 0
55 99 101780 0
29 79 101820 0
29 72 101828 0
31 85 101865 0
104 39 101893 1
70 58 101947 1
81 81 101970 0
106 39 101991 1
37 94 102021 0
45 98 102094 0
34 60 102096 0
80 82 102151 0
89 74 102167 0
105 40 102175 1
66 46 102175 1
87 75 102205 0
32 63 102223 0
111 45 102288 1
110 41 102336 1
111 43 102349 1
54 99 102371 0
31 64 102371 0
29 84 102446 0
29 78 102520 0
47 99 102564 0
43 102 102750 0
61 45 102838 1
35 93 102912 0
61 96 102918 0
43 97 103057 0
35 58 103105 0
110 54 103200 1
39 95 103260 0
52 98 103268 0
36 96 103333 0
33 59 103353 0
29 76 103361 0
112 51 103396 1
37 95 103409 0
112 48 103489 1
112 52 103500 1
60 43 103552 1
65 46 103555 1
37 96 103615 0
60 75 103706 1
33 88 103859 0
29 81 104009 0
28 74 104078 0
91 73 104121 0
65 92 104167 0
31 92 104319 0
32 89 104356 0
87 76 104411 0
30 69 104472 0
30 82 104539 0
28 73 104580 0
30 63 104621 0
104 40 104661 1
55 98 104685 0
54 98 104735 0
34 92 104741 0
60 44 104823 1
111 42 104840 1
42 97 104841 0
107 40 104843 1
32 88 104995 0
65 47 105024 1
66 92 105063 0
102 40 105286 1
69 52 105396 1
28 78 105420 0
69 57 105421 1
56 97 105455 0
44 76 105549 1
62 73 105590 1
63 46 105619 1
101 41 105636 1
70 54 105778 1
59 74 105932 1
38 95 105965 0
59 44 106053 1
50 99 106098 0
69 49 106103 1
29 79 106120 0
69 50 106284 1
69 59 106312 1
69 51 106419 1
105 39 106475 1
35 91 106516 0
58 75 106644 1
70 57 106820 1
29 66 106846 0
32 87 106893 0
38 94 107091 0
111 52 107250 1
40 97 107332 0
58 44 107418 1
51 99 107438 0
70 53 107766 1
64 46 107773 1
83 55 107948 1
46 46 107964 1
48 45 107992 1
79 58 107992 1
29 78 108209 0
30 80 108475 0
53 43 108495 1
69 58 109023 1
109 41 109039 1
39 98 109190 0
28 89 109236 0
59 95 109268 0
27 85 109375 0
57 44 109513 1
35 92 109603 0
44 99 109670 0
69 90 109741 0
32 85 109783 0
82 81 109822 0
60 95 109828 0
33 89 109877 0
29 75 109900 0
35 90 110159 0
54 80 110169 1
30 81 110190 0
39 94 110350 0
40 99 110459 0
87 53 110460 1
29 71 110464 0
70 56 110729 1
64 45 110823 1
68 90 111153 0
32 88 111339 0
33 90 111448 0
28 84 111642 0
29 85 111662 0
90 73 111904 0
68 50 112009 1
64 92 112553 0
78 83 112664 0
70 52 112746 1
39 71 112766 1
30 83 112969 0
53 98 113248 0
46 98 113267 0
42 98 113468 0
62 45 114376 1
68 49 114383 1
74 86 114435 0
36 97 114683 0
53 44 114694 1
104 60 114766 0
68 48 114825 1
29 77 114919 0
83 79 115061 0
58 43 115948 1
82 80 116072 0
28 80 116288 0
55 44 116396 1
44 99 116586 0
44 98 116760 0
31 83 116906 0
59 43 117280 1
51 99 117331 0
53 42 117441 1
67 47 117614 1
112 50 117955 1
63 45 118223 1
52 44 118293 1
80 58 118329 1
44 49 118337 1
57 75 118441 1
58 42 118553 1
30 83 118977 0
98 43 119433 1
56 42 119441 1
65 45 119596 1
57 43 119866 1
56 43 120016 1
58 45 120032 1
49 45 121224 1
52 100 121613 0
28 81 122529 0
42 98 122749 0
88 52 122778 1
29 79 122811 0
67 48 122844 1
43 98 122891 0
107 39 124620 1
112 45 124849 1
78 59 124979 1
109 40 125064 1
111 43 125241 1
111 44 125475 1
110 41 125708 1
112 43 125757 1
110 42 126538 1
37 92 126548 0
42 100 126582 0
53 99 126720 0
69 89 126844 0
36 93 127019 0
111 42 127116 1
68 47 127194 1
28 76 127437 0
54 98 127716 0
62 93 127790 0
61 43 127797 1
103 39 127889 1
37 94 127890 0
112 48 128051 1
65 46 128064 1
62 44 128085 1
69 60 128160 1
61 44 128202 1
108 39 128211 1
66 46 128293 1
45 98 128299 0
28 70 128326 0
54 43 128410 1
99 42 128428 1
41 95 128447 0
52 99 128652 0
96 69 128701 0
47 47 128713 1
32 65 128759 0
43 97 128858 0
31 65 128978 0
33 88 128978 0
62 94 129040 0
29 69 129053 0
35 91 129159 0
29 76 129200 0
47 98 129217 0
29 73 129325 0
31 85 129339 0
49 99 129346 0
39 95 129385 0
41 98 129416 0
52 98 129533 0
54 100 129542 0
85 78 129634 0
70 50 129639 1
47 99 129671 0
75 85 129683 0
29 78 129687 0
60 74 129735 1
44 98 129881 0
31 81 129903 0
63 44 129927 1
82 56 130006 1
69 48 130252 1
30 85 130404 0
55 43 130441 1
42 97 130450 0
55 42 130533 1
29 72 130550 0
53 56 130638 1
34 90 130724 0
30 83 130734 0
46 98 130749 0
35 90 130773 0
32 85 130826 0
67 62 130836 1
72 64 130877 1
31 83 130947 0
105 39 131068 1
106 39 131266 1
41 97 131450 0
69 52 131521 1
69 50 131733 1
69 51 131855 1
104 39 131892 1
70 55 131909 1
32 91 131957 0
67 46 132042 1
59 42 132188 1
51 43 132208 1
32 90 132262 0
31 66 132370 0
68 49 132394 1
38 94 132421 0
48 99 132551 0
42 50 132648 1
47 45 132717 1
77 60 132897 1
57 74 132930 1
69 57 132956 1
71 65 133094 1
30 80 133175 0
70 54 133512 1
59 44 133550 1
26 76 133720 0
60 43 133986 1
111 41 134027 1
45 48 134181 1
70 51 134191 1
88 75 134305 0
31 68 134350 0
52 43 134381 1
70 88 134774 0
93 47 134940 1
29 73 135222 0
43 49 135234 1
67 65 135334 1
49 99 135376 0
40 96 135523 0
89 51 135584 1
30 67 135945 0
109 40 136551 1
39 94 136797 0
70 53 136802 1
112 45 137345 1
91 72 137449 0
50 99 137630 0
109 39 137677 1
92 71 137774 0
34 90 137990 0
107 39 138038 1
64 45 138280 1
69 49 138429 1
92 72 138507 0
67 47 138595 1
29 80 138680 0
80 81 138862 0
112 43 138863 1
29 75 139008 0
53 98 139076 0
112 42 139180 1
103 40 139241 1
59 43 139306 1
27 75 139355 0
54 42 139389 1
77 84 139508 0
63 45 139552 1
93 71 139594 0
111 42 139826 1
70 52 139861 1
112 50 140034 1
86 53 140060 1
112 51 140139 1
62 43 140213 1
29 77 140320 0
58 73 140324 1
95 70 140472 0
81 57 140571 1
107 58 140577 0
68 48 140639 1
65 46 140698 1
32 87 141032 0
30 82 141078 0
41 96 141089 0
73 86 141093 0
108 39 141146 1
109 40 141214 1
47 98 141232 0
57 43 141340 1
37 92 141573 0
111 43 141574 1
64 44 141592 1
33 89 141713 0
34 59 142053 0
30 68 142060 0
32 88 142147 0
48 99 142188 0
30 81 142307 0
41 95 142517 0
62 44 142594 1
76 84 142613 0
45 99 142639 0
26 83 142641 0
61 44 142657 1
71 88 142668 0
31 67 142735 0
29 76 142761 0
40 97 142852 0
105 39 142874 1
65 45 142877 1
56 98 142891 0
47 46 143049 1
33 60 143188 0
49 44 143282 1
59 73 143320 1
70 57 143331 1
68 47 143380 1
58 42 143423 1
70 58 143479 1
68 62 143481 1
40 96 143538 0
69 50 143570 1
33 88 143627 0
43 97 143713 0
29 70 143748 0
32 85 143767 0
66 45 143899 1
69 66 143960 1
102 39 143962 1
45 98 144108 0
46 99 144125 0
69 51 144127 1
87 52 144217 1
69 47 144227 1
29 71 144268 0
66 69 144517 1
70 49 144534 1
75 61 144548 1
107 39 144549 1
61 43 144637 1
44 99 144680 0
68 61 144735 1
66 46 144797 1
62 42 144879 1
60 45 144969 1
30 69 144971 0
60 42 144975 1
49 46 145069 1
70 56 145076 1
67 48 145086 1
77 59 145147 1
30 84 145151 0
111 41 145193 1
31 81 145257 0
32 64 145278 0
35 90 145310 0
52 98 145330 0
65 70 145348 1
63 44 145441 1
51 44 145481 1
29 81 145617 0
29 73 145700 0
35 91 145701 0
31 86 145709 0
51 99 145757 0
59 75 145847 1
46 98 145881 0
32 86 145991 0
85 53 146239 1
63 92 146283 0
29 80 146694 0
29 68 146868 0
29 78 146938 0
28 75 146941 0
110 40 146996 1
57 41 147054 1
41 96 147123 0
30 80 147288 0
102 40 147346 1
79 81 147546 0
54 98 147662 0
33 63 147742 0
36 58 148126 0
37 94 148183 0
32 65 148248 0
71 52 148356 1
63 69 148770 1
69 48 148860 1
59 43 148942 1
59 74 148978 1
55 43 149042 1
67 47 149085 1
40 94 149136 0
70 50 149431 1
68 60 149496 1
104 39 149865 1
64 70 149909 1
67 46 149926 1
70 51 149930 1
112 43 150015 1
55 42 150504 1
68 49 150550 1
31 82 150599 0
69 49 150609 1
111 42 150624 1
109 39 150633 1
113 46 150970 1
71 50 151000 1
108 39 151539 1
103 39 151708 1
94 70 151726 0
36 92 151763 0
114 107 151785 1
39 93 152237 0
64 45 152408 1
50 44 152463 1
113 45 152514 1
46 99 152586 0
109 40 152629 1
67 91 152794 0
65 71 152812 1
68 48 152832 1
112 45 152876 1
72 87 153194 0
107 57 153227 0
49 45 153293 1
68 46 153304 1
105 39 153395 1
50 1 153454 1
38 93 153481 0
70 54 153505 1
43 96 153631 0
53 98 153740 0
112 50 153748 1
31 83 153917 0
69 50 153995 1
32 86 154000 0
112 42 154004 1
70 55 154014 1
37 92 154062 0
59 41 154107 1
39 94 154123 0
29 72 154180 0
30 71 154217 0
63 43 154258 1
36 56 154272 0
67 45 154287 1
92 72 154289 0
70 53 154311 1
44 98 154316 0
65 46 154337 1
65 44 154428 1
60 43 154558 1
29 75 154560 0
43 98 154634 0
29 79 154654 0
42 97 154728 0
49 99 154772 0
48 98 154889 0
56 43 154937 1
84 54 154964 1
61 42 155009 1
47 98 155058 0
112 43 155117 1
111 41 155151 1
107 39 155262 1
36 91 155324 0
38 95 155380 0
32 63 155393 0
70 52 155441 1
71 54 155464 1
62 44 155476 1
41 95 155534 0
39 95 155650 0
33 86 155773 0
69 59 155773 1
59 42 155796 1
42 95 155820 0
35 57 155869 0
38 94 155956 0
31 82 156020 0
35 93 156455 0
65 45 156455 1
112 52 156470 1
111 40 156474 1
110 39 156814 1
71 53 156845 1
31 80 156919 0
34 90 156982 0
61 73 157016 1
29 77 157017 0
58 42 157059 1
81 56 157062 1
56 97 157074 0
100 41 157478 1
38 93 157516 0
106 38 157614 1
36 92 157676 0
68 47 157685 1
45 47 157750 1
44 48 157763 1
30 67 157784 0
57 43 157969 1
55 97 157993 0
35 90 158174 0
55 98 158219 0
32 82 158340 0
34 61 158350 0
35 92 158457 0
31 81 158544 0
48 98 158805 0
63 44 158860 1
56 41 158894 1
52 98 158908 0
32 66 158932 0
30 82 158948 0
34 60 159109 0
36 93 159147 0
39 53 159190 1
43 97 159242 0
32 85 159345 0
63 45 159426 1
36 91 159446 0
109 39 159501 1
40 94 159548 0
58 47 159670 1
61 44 159683 1
70 88 159774 0
71 55 159798 1
29 76 159907 0
29 82 159922 0
37 92 160252 0
108 39 160269 1
33 86 160279 0
51 69 160331 1
51 98 160347 0
64 92 160502 0
70 49 160690 1
34 88 160778 0
81 82 160792 0
38 92 160932 0
39 94 160945 0
90 50 161248 1
63 93 161326 0
31 86 161432 0
56 42 161437 1
39 96 161540 0
28 77 161790 0
31 85 161844 0
66 45 161903 1
56 99 161966 0
28 75 162022 0
41 96 162158 0
36 89 162159 0
53 42 162205 1
33 87 162206 0
61 43 162226 1
42 98 162783 0
32 83 162967 0
64 71 163144 1
62 43 163194 1
113 44 163374 1
113 47 163417 1
112 51 163492 1
67 46 163565 1
83 55 163600 1
60 41 163646 1
80 2 164086 1
45 101 164397 0
32 60 164420 0
35 89 164508 0
97 68 164738 0
34 88 164750 0
60 74 164788 1
96 46 164828 1
113 46 164863 1
70 50 164926 1
46 98 164936 0
112 42 165167 1
112 41 165220 1
83 80 165228 0
70 51 165282 1
104 39 165317 1
112 43 165406 1
69 89 165596 0
82 80 165631 0
69 49 165712 1
69 48 165772 1
111 53 165791 1
62 95 165797 0
32 62 165814 0
31 82 165828 0
59 43 165897 1
36 57 165924 0
81 81 165949 0
111 39 165954 1
109 38 165960 1
54 42 165962 1
109 39 166021 1
111 41 166045 1
43 96 166113 0
107 38 166156 1
77 83 166255 0
68 46 166260 1
69 47 166270 1
54 97 166415 0
113 45 166452 1
51 98 166524 0
113 47 166551 1
48 98 166602 0
68 68 166611 1
76 85 166633 0
111 40 166664 1
105 38 166732 1
36 91 166746 0
70 57 166774 1
62 93 166863 0
39 93 166889 0
60 42 166893 1
67 68 166973 1
50 43 167081 1
76 61 167097 1
58 96 167100 0
92 71 167110 0
33 87 167133 0
64 45 167160 1
110 39 167160 1
71 52 167187 1
67 45 167193 1
80 57 167430 1
64 44 167443 1
68 47 167512 1
68 90 167540 0
32 81 167553 0
42 95 167559 0
111 52 167561 1
35 88 167621 0
95 46 167635 1
108 38 167647 1
111 42 167668 1
94 46 167694 1
59 73 167744 1
52 43 167784 1
30 81 167791 0
47 45 167833 1
80 81 167846 0
61 42 167872 1
30 80 167937 0
41 95 168011 0
29 73 168012 0
32 83 168065 0
113 43 168065 1
80 58 168066 1
75 85 168095 0
67 44 168168 1
64 43 168179 1
37 93 168185 0
59 42 168240 1
35 89 168280 0
63 43 168323 1
70 48 168343 1
47 97 168455 0
38 93 168481 0
30 71 168488 0
62 44 168520 1
58 41 168572 1
35 91 168600 0
113 48 168620 1
113 44 168652 1
60 43 168660 1
30 69 168677 0
53 98 168694 0
70 56 168695 1
103 39 168702 1
47 98 168720 0
70 58 168721 1
31 68 168730 0
82 56 168775 1
112 42 168792 1
57 41 168860 1
71 51 168895 1
68 45 168908 1
58 73 168966 1
58 42 168977 1
113 46 168992 1
34 88 169035 0
33 86 169095 0
31 80 169161 0
69 50 169165 1
55 43 169185 1
32 82 169263 0
63 44 169271 1
29 71 169334 0
69 47 169350 1
68 46 169376 1
59 43 169381 1
68 67 169421 1
33 88 169458 0
29 75 169472 0
49 44 169475 1
91 50 169476 1
46 97 169485 0
79 82 169504 0
45 98 169532 0
37 92 169603 0
65 45 169615 1
66 44 169685 1
29 80 169690 0
40 94 169708 0
31 79 169714 0
70 49 169733 1
67 46 169747 1
57 97 169748 0
70 55 169779 1
31 81 169799 0
54 98 169808 0
70 89 169811 0
55 42 169825 1
51 43 169847 1
38 92 169885 0
94 70 169905 0
61 43 169943 1
70 54 169949 1
36 92 169977 0
34 58 170016 0
30 68 170110 0
72 64 170155 1
33 63 170190 0
71 54 170214 1
45 97 170291 0
43 95 170342 0
36 90 170400 0
82 55 170408 1
71 50 170452 1
96 69 170455 0
36 89 170470 0
44 100 170500 0
43 96 170534 0
78 82 170574 0
87 52 170665 1
87 75 170706 0
32 86 170712 0
51 44 170759 1
89 51 170760 1
104 38 170768 1
31 83 170830 0
104 40 170869 1
71 53 171002 1
67 47 171017 1
32 92 171062 0
106 38 171095 1
65 44 171102 1
112 41 171162 1
52 98 171168 0
55 97 171175 0
35 89 171190 0
60 95 171271 0
66 45 171296 1
86 53 171339 1
32 66 171409 0
32 81 171430 0
31 67 171531 0
35 88 171541 0
70 50 171565 1
39 93 171570 0
61 94 171591 0
103 38 171606 1
69 48 171711 1
46 45 171894 1
48 44 171896 1
72 53 171911 1
55 41 171921 1
53 41 171947 1
31 84 172004 0
109 39 172046 1
36 91 172056 0
71 64 172079 1
30 78 172126 0
96 45 172139 1
46 97 172255 0
62 42 172427 1
62 43 172427 1
69 46 172493 1
79 59 172521 1
32 83 172534 0
51 98 172589 0
33 87 172618 0
42 95 172681 0
113 49 172685 1
52 41 172808 1
36 90 172827 0
83 54 172834 1
54 97 172860 0
41 51 172925 1
57 96 172927 0
69 49 172962 1
113 45 172962 1
46 46 173065 1
49 43 173103 1
107 38 173168 1
31 66 173191 0
52 42 173197 1
52 44 173207 1
105 39 173217 1
65 69 173265 1
60 42 173315 1
49 45 173315 1
70 51 173360 1
73 63 173377 1
29 78 173415 0
93 70 173490 0
71 56 173502 1
48 98 173562 0
45 97 173596 0
85 77 173600 0
90 74 173633 0
82 79 173691 0
32 82 173737 0
35 90 173825 0
30 66 173936 0
67 45 174066 1
29 72 174103 0
34 88 174173 0
31 82 174225 0
68 47 174245 1
71 52 174350 1
70 65 174526 1
71 49 174603 1
35 56 174745 0
65 43 174898 1
112 43 175115 1
37 93 175136 0
32 65 175289 0
59 41 175363 1
30 78 175404 0
36 94 175424 0
50 44 175563 1
56 97 175584 0
70 66 175599 1
79 58 175648 1
56 41 175839 1
74 62 175986 1
59 42 176223 1
36 90 176317 0
95 69 176329 0
86 52 176339 1
110 39 176349 1
111 40 176370 1
113 47 176471 1
46 97 176500 0
39 94 176544 0
77 60 176677 1
70 59 176857 1
47 97 176862 0
101 40 176868 1
41 95 177194 0
89 74 177224 0
58 42 177571 1
108 56 177964 0
56 118 178240 1
91 72 178338 0
67 63 178503 1
60 41 178577 1
108 38 178704 1
50 98 179076 0
109 38 179142 1
61 42 179206 1
81 57 179470 1
112 38 179631 1
105 38 179698 1
30 78 179775 0
76 84 180133 0
62 41 180251 1
68 58 180269 1
74 63 180283 1
90 73 180640 0
54 42 180697 1
45 97 180821 0
38 92 180844 0
70 49 180878 1
112 40 180887 1
33 86 180972 0
31 79 181370 0
31 69 181429 0
31 80 181434 0
104 12 181442 1
97 67 181477 0
69 59 181492 1
62 73 181685 1
111 39 181775 1
111 41 181799 1
53 42 181802 1
112 42 181909 1
31 73 182102 0
112 67 182114 1
44 5 182160 1
61 43 182261 1
43 95 182348 0
66 125 182449 1
113 44 182486 1
112 50 182714 1
30 83 182742 0
69 60 182827 1
66 53 182842 1
45 96 182888 0
63 92 182915 0
40 94 183017 0
70 48 183143 1
36 89 183147 0
30 71 183540 0
30 76 183552 0
92 48 183591 1
113 42 183625 1
96 89 183639 1
116 74 183688 1
113 5 183711 1
79 57 183787 1
65 42 183793 1
64 43 183836 1
41 93 183967 0
50 98 183983 0
69 47 184045 1
40 51 184055 1
70 57 184099 1
31 84 184138 0
67 55 184209 1
58 41 184343 1
110 124 184402 1
102 40 184496 1
66 44 184588 1
120 73 184725 1
78 58 184821 1
54 41 184938 1
71 51 184952 1
47 46 184958 1
95 45 185071 1
8 117 185141 1
61 49 185148 1
67 44 185291 1
32 81 185447 0
38 93 185865 0
102 38 185900 1
30 70 186022 0
71 55 186238 1
30 80 186478 0
35 88 186677 0
32 84 186687 0
112 41 186957 1
107 37 187130 1
30 76 187253 0
56 123 187675 1
93 71 187902 0
63 43 187989 1
32 85 188392 0
36 90 188450 0
4 96 188636 1
33 62 189691 0
73 87 190564 0
41 50 190990 1
30 77 191020 0
90 94 191163 1
68 46 191302 1
106 38 191606 1
32 84 191990 0
44 96 192013 0
71 53 192785 1
67 46 193018 1
113 46 193662 1
19 120 193836 1
99 122 193838 1
30 70 194061 0
40 93 194275 0
37 55 194415 0
113 50 194497 1
61 94 194818 0
30 76 194943 0
113 43 194979 1
49 97 195025 0
65 44 195047 1
66 68 195305 1
33 61 195322 0
33 64 195393 0
34 61 195434 0
30 77 195673 0
41 94 195731 0
30 65 195799 0
113 48 196098 1
40 95 196382 0
30 78 196620 0
29 74 196884 0
35 89 197032 0
37 91 197136 0
59 72 197150 1
52 99 197239 0
47 54 197481 1
34 86 197712 0
30 69 197881 0
112 52 198115 1
0 3 198346 1
0 0 198394 0
57 41 198589 1
40 52 198626 1
106 106 198666 1
37 56 198702 0
113 45 198923 1
83 79 199381 0
69 67 199501 1
0 0 200010 0
