99 48 0 1
78 29 109 1
56 114 194 0
85 64 249 0
105 54 367 1
97 47 617 1
79 32 750 1
106 54 800 1
103 50 928 1
55 113 932 0
73 50 977 1
101 48 1168 1
72 53 1271 1
49 85 1467 1
51 81 1475 1
72 21 1513 1
99 47 1532 1
109 45 1545 1
59 67 1552 0
52 91 1627 1
74 49 1748 1
106 57 1995 1
105 53 2053 1
50 112 2086 0
106 59 2183 1
73 48 2256 1
78 35 2332 1
52 71 2364 1
67 16 2435 1
62 93 2475 1
88 90 2514 1
40 104 2786 0
52 72 2874 1
36 63 2932 0
104 66 2941 1
44 109 3353 0
66 17 3502 1
96 48 3513 1
50 91 3584 1
53 104 3628 1
77 28 3774 1
104 50 3961 1
34 71 3996 0
79 33 4144 1
33 76 4155 0
33 90 4377 0
65 17 4465 1
49 34 4540 0
52 77 4718 1
53 112 4747 0
105 51 4791 1
105 65 4876 1
54 94 4936 1
46 109 4960 0
76 26 4974 1
71 19 4977 1
54 113 4979 0
74 45 5017 1
39 103 5102 0
77 29 5186 1
73 22 5245 1
73 20 5276 1
90 48 5410 0
40 52 5549 0
72 20 5550 1
36 69 5583 0
49 88 5601 1
52 92 5603 1
35 68 5648 0
102 48 5712 1
44 118 6163 1
37 63 6210 0
37 60 6741 0
32 89 6822 0
61 113 6844 0
105 61 6914 1
98 48 7329 1
77 26 7370 1
33 88 7413 0
33 78 7591 0
41 106 7746 0
103 67 7775 1
74 21 7971 1
44 44 8047 0
94 6 8052 1
61 112 8173 0
98 47 8285 1
66 16 8300 1
62 66 9001 0
52 79 9261 1
44 107 9327 0
34 93 9858 0
39 105 10371 0
78 38 10610 1
70 18 11141 1
35 92 11209 0
105 64 11382 1
109 45 11678 0
68 17 11871 1
36 99 12122 0
36 66 12138 0
33 81 12171 0
106 55 12314 1
106 61 12622 1
54 113 12782 0
52 76 12865 1
62 17 12910 1
69 18 13003 1
76 25 13119 1
78 32 13300 1
103 49 13315 1
75 25 13416 1
39 104 13450 0
102 49 13496 1
106 60 13649 1
74 22 14282 1
51 92 14326 1
72 19 14418 1
57 113 14572 0
44 109 14654 0
65 16 14679 1
35 96 14683 0
71 18 14694 1
58 94 14745 1
36 61 14803 0
78 34 14873 1
105 52 14875 1
55 112 14883 0
48 111 14902 0
99 48 15021 1
74 23 15046 1
73 21 15087 1
62 113 15115 0
63 113 15185 0
32 81 15226 0
53 74 15326 1
50 84 15357 1
39 103 15443 0
49 33 15477 0
45 108 15508 0
61 66 15587 0
52 113 15600 0
32 82 15612 0
33 77 15638 0
74 47 15646 1
101 48 15657 1
53 95 15667 1
37 99 15703 0
70 19 15847 1
100 48 15860 1
36 98 15862 0
70 17 15864 1
40 53 15956 0
38 102 15972 0
87 90 16027 1
36 60 16076 0
74 48 16145 1
40 103 16298 0
34 92 16300 0
45 41 16444 0
38 101 16465 0
50 88 16466 1
49 86 16488 1
78 30 16506 1
43 106 16524 0
107 58 16550 1
55 94 16564 1
75 24 16577 1
79 36 16580 1
53 92 16604 1
51 91 16676 1
63 112 16699 0
58 93 16781 1
36 65 16830 0
48 88 16832 1
33 89 16863 0
36 64 16961 0
64 113 17000 0
78 28 17005 1
34 72 17018 0
35 70 17114 0
36 95 17144 0
32 84 17155 0
78 29 17167 1
55 67 17175 0
67 111 17178 0
33 86 17243 0
45 110 17251 0
35 98 17410 0
41 47 17431 0
104 50 17438 1
79 31 17530 1
41 105 17535 0
41 49 17619 0
51 83 17713 1
57 94 17769 1
69 17 17847 1
60 68 17878 0
41 50 17918 0
50 85 17930 1
76 26 18088 1
57 68 18346 0
75 23 18347 1
106 54 18390 1
51 78 18393 1
68 16 18452 1
71 110 18459 0
71 19 18556 1
44 43 18721 0
35 91 18885 0
52 29 18986 0
56 94 18999 1
53 71 19086 1
53 70 19133 1
36 67 19241 0
42 106 19340 0
77 39 19360 1
36 66 19434 0
57 113 19443 0
41 48 19550 0
58 112 19569 0
77 27 19599 1
79 35 19726 1
63 17 19887 1
53 72 19890 1
52 92 20295 1
64 16 20310 1
50 89 20340 1
72 20 20353 1
78 40 20420 1
64 17 20431 1
53 93 20648 1
40 104 20858 0
79 34 20955 1
54 93 20955 1
79 32 21317 1
107 56 21532 1
67 17 21863 1
51 112 22285 0
51 90 22322 1
47 109 22385 0
88 57 22603 0
49 88 22792 1
59 113 22856 0
46 109 23015 0
59 67 23385 0
70 21 23493 1
43 48 23654 0
42 106 23654 0
77 28 23703 1
44 44 23704 0
33 87 23860 0
55 114 23900 0
38 104 23990 0
78 31 24078 1
49 110 24177 0
44 107 24190 0
37 101 24234 0
37 100 24390 0
34 96 24441 0
106 53 24779 1
36 68 24850 0
76 24 24881 1
32 74 24996 0
107 59 25178 1
105 51 25190 1
103 49 25487 1
107 57 25538 1
102 48 25771 1
85 62 25888 0
35 99 25902 0
71 109 25936 0
32 77 25938 0
101 48 25989 1
75 78 25992 0
39 104 26004 0
43 107 26049 0
107 55 26049 1
76 25 26084 1
64 91 26121 1
67 110 26152 0
99 47 26240 1
104 50 26422 1
106 52 26439 1
102 49 26456 1
60 113 26586 0
56 113 26587 0
105 50 26681 1
73 21 26702 1
31 82 26718 0
74 22 26805 1
71 17 26807 1
75 45 26829 1
70 55 26843 1
71 18 26880 1
103 50 26915 1
49 87 26931 1
73 51 26968 1
33 82 27036 0
75 22 27095 1
56 67 27102 0
107 53 27163 1
105 52 27197 1
72 19 27242 1
55 113 27259 0
77 26 27327 1
73 20 27330 1
85 63 27339 0
78 29 27353 1
52 74 27375 1
53 112 27422 0
67 16 27435 1
72 108 27441 0
96 48 27474 1
74 21 27486 1
71 54 27560 1
73 50 27641 1
106 55 27666 1
99 74 27727 1
100 47 27730 1
76 42 27736 1
36 64 27789 0
87 59 27792 0
75 24 27797 1
75 44 27807 1
75 23 27816 1
78 28 27827 1
59 93 27840 1
51 80 27905 1
98 47 27916 1
44 108 27930 0
53 73 27979 1
103 49 28017 1
70 18 28043 1
104 49 28092 1
70 17 28094 1
52 91 28133 1
55 67 28152 0
51 92 28173 1
71 19 28177 1
66 16 28222 1
72 18 28233 1
55 93 28298 1
58 94 28330 1
77 25 28332 1
39 57 28334 0
51 91 28356 1
72 21 28358 1
68 17 28373 1
55 94 28417 1
69 16 28417 1
79 32 28484 1
88 58 28490 0
52 72 28522 1
79 33 28554 1
35 92 28557 0
45 108 28558 0
45 42 28584 0
56 93 28585 1
78 27 28617 1
53 75 28651 1
40 103 28666 0
85 94 28708 1
55 112 28722 0
76 23 28770 1
35 72 28785 0
41 52 28798 0
57 93 28800 1
33 75 28802 0
50 87 28812 1
106 54 28896 1
37 63 28903 0
35 90 28908 0
52 78 28915 1
85 64 28940 0
43 106 28945 0
38 101 28945 0
37 62 28964 0
45 40 28981 0
69 17 28999 1
74 49 28999 1
43 46 29010 0
71 17 29051 1
74 48 29055 1
103 48 29058 1
50 86 29082 1
71 18 29099 1
97 47 29104 1
99 75 29124 1
63 16 29133 1
50 84 29166 1
101 48 29177 1
42 106 29179 0
66 111 29185 0
100 49 29200 1
106 51 29237 1
64 111 29260 0
37 99 29326 0
65 16 29330 1
33 78 29338 0
52 90 29353 1
33 88 29373 0
51 89 29435 1
45 39 29454 0
79 31 29466 1
101 70 29477 1
62 92 29482 1
50 88 29493 1
68 16 29495 1
53 92 29504 1
105 51 29508 1
64 112 29518 0
57 94 29525 1
33 83 29550 0
61 112 29569 0
38 57 29596 0
32 75 29598 0
36 95 29621 0
106 62 29635 1
106 61 29657 1
74 23 29662 1
99 73 29671 1
113 5 29685 1
32 80 29713 0
72 19 29718 1
73 21 29765 1
99 47 29830 1
33 74 29834 0
50 89 29856 1
100 73 29860 1
79 30 29868 1
58 112 29871 0
78 30 29871 1
72 20 29888 1
74 47 29896 1
102 48 29897 1
107 58 29939 1
53 37 29957 1
74 20 29989 1
33 81 29990 0
54 113 30001 0
52 76 30085 1
75 23 30093 1
78 39 30121 1
65 15 30135 1
36 64 30159 0
43 45 30281 0
49 86 30314 1
76 25 30340 1
52 92 30361 1
51 90 30398 1
70 16 30401 1
35 91 30414 0
39 103 30422 0
49 110 30445 0
36 98 30449 0
74 22 30470 1
53 69 30502 1
75 21 30518 1
78 26 30518 1
33 76 30522 0
56 94 30601 1
47 109 30611 0
68 110 30620 0
57 113 30648 0
41 51 30665 0
104 50 30686 1
79 36 30759 1
107 55 30763 1
71 16 30822 1
36 69 30831 0
32 85 30839 0
73 52 30943 1
77 24 30955 1
79 46 30958 1
5 41 30985 1
78 28 31023 1
67 16 31036 1
107 57 31071 1
45 41 31086 0
52 71 31091 1
51 81 31115 1
33 87 31147 0
74 19 31165 1
106 52 31222 1
39 55 31230 0
75 22 31285 1
107 56 31345 1
75 43 31381 1
51 77 31407 1
78 29 31431 1
50 85 31495 1
56 67 31576 0
85 95 31637 1
95 49 31639 1
103 66 31641 1
33 77 31686 0
103 107 31712 1
79 35 31719 1
54 92 31724 1
37 101 31732 0
59 105 31780 1
63 112 31788 0
46 109 31800 0
105 50 31840 1
77 40 31940 1
74 21 31950 1
32 87 31951 0
36 66 31986 0
84 96 32017 1
34 70 32037 0
34 92 32074 0
58 93 32075 1
33 86 32094 0
53 70 32114 1
52 91 32172 1
38 58 32207 0
33 82 32239 0
50 112 32248 0
56 113 32278 0
84 64 32315 0
79 37 32328 1
37 100 32384 0
37 60 32401 0
103 49 32441 1
37 83 32461 1
58 22 32468 0
70 17 32511 1
53 112 32525 0
59 67 32546 0
77 72 32601 1
77 26 32601 1
35 92 32640 0
43 44 32643 0
32 79 32647 0
35 67 32733 0
48 110 32734 0
35 69 32734 0
61 67 32767 0
39 100 32783 0
32 78 32982 0
79 32 33000 1
35 97 33016 0
76 24 33072 1
53 76 33155 1
51 31 33429 0
59 66 33437 0
55 93 33465 1
44 107 33466 0
35 66 33479 0
71 19 33484 1
34 84 33560 0
62 65 33683 0
107 61 33705 1
86 61 33720 0
80 71 33783 0
36 65 33816 0
79 29 33907 1
36 63 33923 0
50 32 33999 0
72 18 34079 1
32 73 34096 0
73 20 34102 1
53 91 34116 1
51 91 34185 1
75 46 34186 1
36 95 34340 0
33 89 34346 0
36 99 34347 0
40 52 34404 0
40 103 34426 0
106 2 34446 1
104 40 34523 1
79 28 34523 1
36 100 34623 0
53 113 34626 0
69 18 34636 1
67 15 34666 1
35 90 34736 0
40 104 34802 0
100 72 34810 1
79 34 34850 1
55 68 34871 0
104 48 34877 1
49 111 34907 0
35 91 34957 0
49 112 35047 0
32 81 35050 0
55 112 35113 0
36 68 35233 0
33 83 35238 0
60 113 35257 0
33 93 35261 0
33 90 35371 0
104 49 35393 1
31 87 35421 0
107 54 35437 1
36 64 35527 0
109 45 35569 1
55 94 35599 1
52 112 35729 0
77 25 35756 1
36 67 35802 0
109 45 35833 0
105 64 35861 1
42 106 36016 0
50 87 36055 1
32 76 36089 0
32 83 36201 0
73 107 36314 0
53 71 36324 1
53 92 36345 1
48 110 36448 0
35 96 36691 0
37 99 36712 0
76 23 36749 1
100 47 36763 1
50 111 36813 0
64 16 36836 1
37 63 36916 0
50 86 36926 1
87 58 36942 0
37 58 36951 0
51 110 37055 0
65 17 37055 1
66 62 37107 1
56 67 37139 0
100 48 37152 1
32 82 37166 0
33 73 37195 0
50 113 37280 0
109 45 37376 1
45 108 37514 0
95 48 37543 1
61 92 37661 1
52 80 37700 1
109 45 37706 0
119 62 37806 1
38 98 38008 0
49 34 38055 0
34 94 38148 0
33 84 38267 0
79 31 38614 1
54 112 38692 0
34 90 38966 0
53 111 39067 0
66 16 39232 1
72 19 39482 1
51 90 39491 1
43 47 39589 0
43 106 39758 0
52 112 40054 0
91 54 40098 0
49 111 40135 0
43 109 40304 0
73 109 40386 0
38 102 40547 0
103 48 40565 1
63 92 40592 1
34 88 40616 0
78 27 40724 1
75 24 40886 1
65 112 40889 0
49 85 41058 1
107 59 41103 1
38 101 41139 0
58 94 41266 1
69 17 41294 1
40 51 41395 0
50 111 41451 0
75 23 41475 1
107 60 41478 1
57 24 41568 0
45 42 41591 0
69 16 41632 1
61 66 41666 0
37 97 41676 0
51 112 41723 0
73 21 41777 1
68 15 41848 1
66 112 41912 0
73 19 41920 1
59 21 41929 0
101 48 41957 1
38 56 41987 0
32 91 42026 0
44 44 42098 0
32 86 42099 0
58 112 42112 0
76 26 42138 1
38 58 42277 0
62 66 42282 0
71 18 42610 1
43 42 42678 0
33 87 42797 0
53 74 42826 1
37 62 42827 0
48 36 42876 0
33 84 42923 0
48 110 42974 0
33 78 43068 0
51 78 43195 1
102 48 43245 1
79 30 43335 1
54 112 43381 0
50 88 43391 1
71 108 43448 0
36 64 43482 0
51 111 43488 0
68 16 43518 1
78 28 43599 1
37 57 43642 0
57 94 43698 1
50 31 43701 0
74 48 44060 1
106 52 44223 1
33 82 44276 0
34 90 44291 0
33 81 44323 0
119 62 44393 0
52 79 44421 1
63 66 44482 0
34 88 44522 0
40 53 44646 0
57 67 44661 0
32 88 44692 0
56 113 44775 0
58 114 44983 0
56 93 45001 1
105 51 45028 1
49 110 45283 0
41 105 45310 0
71 17 45454 1
46 38 45512 0
39 105 45924 0
33 76 46660 0
52 112 46744 0
34 98 46772 0
52 92 46863 1
52 90 46895 1
86 62 46972 0
37 56 47172 0
75 19 47265 1
31 85 47281 0
50 89 47309 1
57 93 47382 1
34 84 47402 0
31 90 47490 0
44 43 47520 0
57 112 47530 0
59 93 47632 1
72 108 47671 0
36 95 47714 0
35 70 47914 0
71 75 48557 0
98 47 48579 1
48 111 48661 0
59 66 48710 0
53 113 48850 0
47 109 48907 0
36 93 49305 0
35 93 49317 0
74 21 49434 1
62 18 49476 1
55 69 49506 0
54 114 49555 0
74 20 49556 1
39 101 49711 0
70 17 49893 1
75 19 49907 1
37 97 50066 0
33 75 50626 0
46 108 50753 0
34 85 50805 0
57 67 50839 0
35 68 50843 0
35 90 50854 0
35 88 50869 0
77 41 50952 1
91 53 50987 0
41 50 51051 0
101 47 51144 1
59 114 51145 0
46 110 51195 0
87 80 51253 1
58 66 51434 0
99 47 51477 1
50 84 51662 1
74 50 52122 1
33 79 52187 0
34 88 52335 0
36 62 52339 0
107 53 52794 1
85 63 52932 0
75 22 53005 1
107 56 53357 1
74 49 53512 1
107 55 53513 1
105 50 53763 1
102 47 53780 1
106 51 53914 1
105 49 53922 1
96 48 54034 1
61 112 54062 0
35 94 54102 0
104 66 54138 1
73 50 54212 1
51 89 54237 1
52 91 54280 1
64 111 54348 0
72 81 54431 0
65 16 54504 1
51 80 54539 1
72 53 54563 1
78 25 54587 1
78 26 54605 1
75 44 54640 1
105 65 54661 1
107 58 54680 1
35 93 54787 0
79 32 54892 1
86 60 54899 0
33 84 54919 0
46 108 54928 0
67 16 54929 1
75 77 55000 0
34 86 55001 0
42 104 55049 0
107 57 55069 1
64 17 55093 1
66 15 55142 1
75 45 55150 1
58 66 55237 0
96 47 55300 1
55 93 55341 1
70 16 55367 1
36 93 55408 0
103 48 55421 1
50 111 55436 0
41 52 55451 0
35 91 55469 0
106 50 55501 1
39 100 55561 0
36 69 55571 0
69 15 55664 1
35 92 55701 0
43 104 55803 0
88 58 55807 0
53 73 55869 1
41 53 55875 0
39 101 55920 0
34 72 55952 0
44 42 56008 0
33 86 56041 0
51 111 56097 0
73 108 56103 0
45 40 56175 0
86 62 56200 0
35 72 56225 0
34 85 56246 0
57 112 56287 0
38 98 56288 0
46 107 56311 0
39 57 56386 0
51 84 56386 1
75 21 56397 1
45 107 56508 0
53 92 56526 1
85 64 56527 0
85 62 56559 0
76 23 56561 1
43 48 56612 0
97 47 56640 1
53 112 56673 0
72 18 56678 1
72 19 56700 1
45 44 56731 0
77 24 56783 1
33 83 56813 0
38 99 56853 0
89 56 56973 0
57 22 56973 0
38 100 57001 0
58 93 57048 1
71 18 57078 1
53 69 57193 1
69 109 57268 0
69 110 57274 0
33 77 57348 0
80 32 57383 1
71 17 57396 1
88 59 57421 0
74 47 57431 1
89 88 57444 1
89 89 57444 1
75 19 57449 1
52 76 57476 1
33 79 57480 0
73 18 57531 1
62 67 57599 0
54 92 57619 1
76 22 57619 1
55 112 57619 0
50 85 57626 1
45 41 57741 0
79 36 57742 1
77 25 57756 1
33 88 57910 0
76 44 58042 1
51 110 58043 0
54 112 58257 0
35 89 58271 0
35 73 58346 0
42 104 58457 0
58 66 58470 0
79 29 58604 1
51 83 58737 1
97 78 58737 1
51 88 58868 1
50 87 58905 1
60 112 59002 0
101 71 59037 1
52 74 59054 1
34 71 59057 0
50 86 59069 1
100 47 59286 1
53 70 59329 1
65 15 59338 1
59 112 59484 0
75 19 59505 1
39 54 59535 0
98 76 59574 1
73 51 59621 1
53 72 59700 1
104 48 59724 1
67 110 59813 0
38 99 59834 0
119 62 59857 1
44 41 59964 0
108 55 60041 1
37 63 60171 0
53 111 60185 0
63 114 60207 0
43 107 60226 0
53 91 60323 1
74 22 60345 1
49 111 60366 0
34 86 60434 0
36 66 60444 0
46 108 60456 0
79 30 60475 1
102 68 60495 1
35 64 60715 0
58 67 60817 1
43 46 60905 0
36 97 61004 0
37 67 61048 0
71 92 61096 1
99 47 61105 1
79 28 61124 1
44 106 61143 0
46 37 61155 0
58 112 61272 0
37 99 61299 0
35 95 61369 0
103 49 61533 1
38 100 61560 0
34 93 61640 0
33 74 61714 0
51 90 61736 1
45 107 61966 0
52 78 62044 1
88 91 62044 1
75 19 62091 1
79 35 62124 1
53 78 62307 1
68 15 62318 1
75 22 62367 1
53 77 62490 1
78 27 62649 1
35 94 62708 0
75 23 62745 1
79 37 62872 1
107 54 62882 1
54 72 62942 1
105 66 63124 1
51 89 63436 1
100 74 63437 1
74 20 63455 1
51 81 63495 1
30 82 63537 0
44 45 63738 0
87 92 63836 1
45 33 63990 0
37 97 64278 0
75 19 64500 1
38 63 64787 0
73 20 64834 1
31 80 64856 0
87 60 65025 0
72 54 65104 1
59 112 65185 0
67 15 65232 1
37 98 65277 0
73 19 65323 1
76 42 65351 1
35 93 65384 0
86 94 65608 1
16 7 65638 1
100 45 65863 1
44 107 66080 0
88 90 66443 1
56 93 66493 1
106 60 66547 1
68 16 66761 1
44 42 66881 0
52 90 66951 1
105 50 67073 1
37 61 67204 0
42 44 67345 0
51 76 67471 1
33 79 67590 0
62 92 67650 1
49 84 67652 1
102 46 67668 1
105 53 67682 1
22 49 67902 1
53 75 67920 1
79 25 67933 1
75 19 68106 1
36 97 68245 0
33 80 68256 0
77 23 68379 1
34 90 68491 0
77 39 68576 1
40 103 68860 0
36 93 69087 0
41 51 69580 0
38 99 69624 0
43 108 69635 0
73 80 69656 0
52 91 69683 1
38 58 69778 0
74 21 69797 1
62 112 70209 0
41 104 70545 0
80 27 70640 1
75 19 70651 1
107 62 70852 1
107 59 70923 1
37 98 70970 0
44 106 70983 0
50 33 71052 0
35 95 71549 0
60 112 71723 0
75 46 71996 1
35 90 72698 0
75 19 72720 1
103 47 72969 1
34 79 73120 0
80 35 73152 1
43 104 73254 0
75 47 73288 1
39 59 73380 0
57 93 73403 1
109 45 74274 1
41 49 74363 0
41 103 74458 0
109 45 74495 0
38 59 74672 0
37 61 74981 0
34 73 75313 0
43 47 75383 0
80 34 75389 1
56 66 75545 0
75 19 75673 1
72 17 75861 1
76 23 75969 1
37 64 76341 0
70 16 76602 1
49 33 76786 0
66 16 76808 1
38 62 77456 0
72 80 77519 0
59 67 77659 0
36 68 77694 0
38 98 77748 0
33 71 77837 0
59 66 77842 0
34 85 77936 0
107 53 77982 1
41 75 77998 1
106 51 78090 1
42 57 78125 1
47 38 78142 0
33 72 78197 0
34 88 78291 0
105 49 78338 1
57 23 78402 0
37 66 78600 0
87 79 78700 1
36 67 78757 0
42 104 78907 0
56 112 78968 0
107 55 79086 1
35 88 79180 0
76 21 79209 1
101 47 79213 1
107 52 79329 1
103 48 79401 1
63 111 79479 0
107 60 79606 1
108 58 79697 1
106 64 79731 1
79 26 79735 1
102 47 79800 1
37 96 79819 0
80 30 79877 1
77 24 79954 1
100 46 79968 1
72 18 79971 1
78 26 79975 1
36 64 79991 0
89 55 80009 0
101 46 80012 1
98 47 80015 1
87 59 80037 0
71 17 80058 1
61 68 80063 0
78 25 80094 1
75 19 80112 1
38 57 80125 0
71 16 80132 1
108 54 80163 1
80 31 80165 1
106 50 80178 1
61 111 80180 0
74 48 80270 1
105 48 80377 1
108 59 80436 1
107 57 80530 1
74 19 80550 1
57 65 80641 0
73 107 80665 0
79 32 80814 1
67 16 80906 1
44 45 80973 0
55 92 80978 1
107 53 80984 1
58 66 80989 0
106 51 81021 1
88 57 81023 0
61 66 81039 0
108 56 81046 1
34 77 81109 0
33 82 81112 0
39 100 81162 0
63 65 81163 0
35 91 81181 0
75 20 81199 1
69 109 81228 0
62 65 81275 0
70 15 81355 1
49 110 81398 0
107 51 81414 1
45 42 81418 0
37 62 81427 0
77 25 81453 1
75 21 81511 1
39 101 81543 0
63 112 81575 0
54 92 81600 1
76 22 81638 1
34 84 81665 0
46 107 81682 0
41 103 81721 0
64 111 81742 0
33 81 81785 0
37 60 81844 0
80 33 81884 1
51 110 81885 0
47 19 81893 1
47 107 81893 0
61 92 81937 1
74 20 81952 1
35 89 81970 0
104 48 81981 1
54 73 81992 1
71 108 82027 0
53 71 82052 1
79 28 82064 1
34 79 82075 0
50 84 82089 1
106 49 82116 1
58 17 82124 1
32 84 82158 0
107 58 82202 1
55 93 82204 1
33 92 82237 0
38 61 82284 0
79 29 82301 1
33 78 82301 0
80 29 82303 1
52 111 82322 0
105 49 82338 1
75 22 82367 1
72 18 82371 1
55 66 82390 0
104 47 82406 1
58 65 82413 0
36 95 82417 0
35 74 82432 0
45 108 82472 0
54 70 82478 1
43 106 82479 0
59 112 82487 0
108 53 82493 1
51 85 82493 1
36 69 82521 0
72 108 82536 0
53 111 82680 0
51 88 82682 1
37 98 82708 0
77 24 82729 1
86 62 82733 0
69 15 82766 1
68 110 82769 0
33 80 82813 0
35 92 82827 0
39 103 82854 0
75 19 82877 1
75 45 82894 1
48 108 82943 0
51 89 82947 1
107 56 82950 1
53 76 82952 1
41 104 82977 0
38 100 83004 0
51 87 83010 1
38 53 83018 0
38 63 83034 0
43 104 83133 0
44 104 83147 0
76 23 83151 1
99 74 83179 1
66 111 83186 0
33 76 83192 0
75 44 83207 1
78 24 83221 1
78 28 83250 1
64 65 83287 0
59 65 83333 0
76 77 83348 0
56 92 83434 1
49 34 83446 0
41 102 83458 0
53 91 83465 1
79 27 83472 1
81 69 83478 0
74 49 83502 1
43 45 83552 0
73 18 83617 1
56 93 83669 1
38 98 83684 0
103 47 83709 1
37 97 83730 0
62 66 83742 0
60 67 83775 0
98 46 83796 1
32 80 83799 0
65 16 83820 1
34 86 83864 0
51 111 83900 0
74 19 83909 1
52 90 83924 1
70 16 83925 1
36 98 83991 0
62 112 84013 0
78 25 84042 1
79 36 84050 1
35 90 84066 0
37 61 84066 0
38 99 84070 0
45 38 84095 0
45 39 84095 0
86 61 84103 0
57 112 84134 0
37 96 84134 0
41 109 84142 0
42 45 84159 0
57 66 84201 0
59 20 84202 0
79 30 84226 1
102 70 84238 1
37 63 84243 0
75 19 84276 1
37 64 84293 0
55 24 84328 0
53 72 84363 1
36 65 84378 0
45 107 84418 0
54 71 84466 1
68 15 84479 1
77 23 84539 1
38 62 84543 0
46 24 84547 0
18 117 84558 0
33 84 84562 0
45 82 84602 1
45 44 84624 0
38 101 84681 0
50 111 84682 0
35 65 84691 0
73 19 84709 1
51 86 84739 1
36 93 84779 0
97 47 84822 1
72 107 84845 0
54 74 84876 1
46 108 84913 0
56 112 84943 0
45 41 84956 0
47 108 84978 1
56 67 85144 0
32 93 85170 0
39 53 85209 0
71 16 85237 1
55 112 85251 0
56 66 85255 0
35 62 85260 0
52 89 85294 1
67 79 85323 0
37 35 85333 0
37 66 85334 0
100 27 85346 0
66 15 85349 1
37 67 85370 0
35 69 85371 0
34 85 85384 0
35 73 85386 0
41 101 85402 0
58 112 85447 0
46 106 85501 0
75 19 85508 1
52 112 85516 0
83 67 85520 0
98 56 85530 1
78 91 85530 1
55 92 85635 1
37 95 85662 0
35 88 85672 0
39 100 85729 0
41 52 85769 0
48 68 85805 1
45 106 85829 0
58 66 85836 0
106 50 85851 1
33 77 85865 0
67 29 85869 1
44 108 85911 0
34 77 85924 0
53 92 85977 1
51 32 85986 0
62 114 85997 0
42 47 86024 0
36 97 86087 0
61 113 86103 0
72 17 86123 1
35 72 86157 0
56 17 86212 0
45 33 86222 0
51 29 86249 0
63 111 86255 0
34 84 86264 0
70 111 86292 0
39 57 86362 0
61 111 86410 0
42 51 86411 0
39 55 86422 0
80 30 86447 1
48 108 86543 0
52 30 86557 0
80 32 86566 1
47 98 86576 1
42 104 86631 0
75 48 86652 1
79 35 86762 1
52 88 86792 1
33 79 86813 0
51 84 86853 1
53 70 86863 1
106 62 86897 1
59 66 86918 0
74 20 86927 1
78 27 86927 1
44 106 87050 0
41 53 87053 0
41 103 87068 0
34 76 87082 0
75 19 87088 1
54 72 87111 1
47 107 87122 0
47 37 87193 0
45 42 87197 0
38 104 87201 0
47 110 87222 0
50 85 87268 1
46 38 87272 0
51 83 87397 1
50 86 87412 1
57 92 87424 1
80 31 87424 1
38 103 87636 0
35 89 87694 0
53 90 87789 1
47 113 87808 0
37 94 87811 0
39 102 87819 0
54 92 87842 1
51 30 87861 0
107 52 87986 1
38 59 88001 0
75 46 88024 1
76 22 88105 1
34 68 88116 0
33 83 88145 0
52 111 88150 0
75 21 88166 1
72 19 88171 1
34 79 88172 0
36 103 88218 0
72 16 88256 1
41 102 88309 0
100 46 88323 1
75 19 88327 1
51 80 88333 1
79 28 88333 1
99 46 88335 1
57 67 88436 0
45 45 88560 0
78 39 88577 1
34 74 88590 0
77 42 88591 1
107 53 88768 1
107 61 88780 1
37 59 88793 0
65 15 88800 1
59 92 88809 1
99 47 89020 1
108 55 89134 1
103 48 89206 1
52 80 89226 1
71 17 89356 1
75 19 89358 1
75 47 89362 1
67 61 89375 1
74 50 89445 1
79 26 89446 1
58 65 89463 0
52 81 89551 1
77 24 89580 1
71 54 89582 1
73 17 89647 1
102 69 89670 1
68 16 89673 1
63 16 89736 1
69 15 89860 1
98 77 89874 1
105 48 89994 1
76 21 90008 1
51 81 90014 1
67 16 90018 1
64 16 90168 1
72 18 90230 1
57 66 90282 0
51 110 90618 0
105 64 90673 1
70 15 90850 1
75 20 90858 1
51 87 90918 1
45 106 91032 0
36 90 91131 0
78 26 91191 1
37 96 91195 0
67 15 91286 1
54 75 91318 1
45 109 91378 0
38 61 91774 0
52 79 91776 1
80 34 91828 1
37 92 91841 0
59 111 92070 0
34 75 92298 0
35 83 92324 0
85 64 92557 0
119 62 92662 1
75 19 92764 1
39 59 92828 0
34 76 93063 0
88 58 93090 0
76 42 93192 1
106 51 93448 1
51 89 93465 1
58 93 93688 1
76 44 93691 1
73 18 93715 1
52 90 93761 1
54 70 93817 1
57 93 93940 1
80 33 93983 1
69 108 94034 0
70 16 94242 1
79 38 94484 1
71 18 94494 1
52 82 94624 1
75 22 94643 1
101 46 94723 1
37 95 94783 0
101 70 94807 1
78 25 94855 1
79 37 94875 1
107 55 94914 1
63 92 95048 1
105 49 95064 1
75 19 95140 1
61 92 95269 1
79 27 95415 1
58 92 95419 1
46 107 95486 0
63 91 95612 1
36 89 95623 0
57 65 95693 0
97 46 95889 1
36 90 95894 0
68 15 95994 1
80 35 96016 1
38 99 96166 0
59 65 96516 0
36 91 96653 0
43 48 96789 0
62 92 96816 1
35 82 96950 0
76 20 96964 1
44 104 97096 0
71 107 97130 0
108 54 97237 1
104 47 97292 1
44 42 97297 0
66 88 97319 1
35 91 97337 0
35 84 97341 0
109 45 97506 1
43 104 97534 0
38 63 97580 0
109 45 97591 0
53 69 97786 1
80 29 98009 1
76 76 98050 0
48 110 98100 0
47 109 98108 0
60 92 98313 1
74 80 98330 0
33 86 98444 0
53 111 98546 0
56 92 98554 1
53 75 98739 1
64 15 98780 1
39 102 98839 0
38 62 98998 0
41 51 99084 0
85 63 99122 0
51 85 99266 1
78 24 99616 1
52 89 99659 1
49 109 99928 0
35 86 100071 0
108 56 100283 1
38 98 100307 0
61 91 100430 1
55 23 100537 1
55 92 100537 1
34 75 100638 0
51 86 100794 1
63 17 100954 1
80 36 101026 1
42 48 101357 0
37 42 101518 0
57 111 101900 0
34 80 102086 0
36 92 102478 0
107 51 102636 1
40 102 102805 0
60 67 102951 0
60 66 102994 0
72 17 103005 1
77 40 103197 1
80 30 103300 1
74 19 103539 1
37 65 103749 0
35 75 104372 0
107 60 104454 1
75 45 104546 1
75 19 104591 1
71 16 104936 1
36 91 105018 0
103 47 105258 1
106 49 105641 1
34 74 105811 0
88 59 105840 0
100 73 105918 1
102 46 106012 1
108 53 106109 1
49 109 106332 0
107 50 106545 1
36 64 106573 0
77 23 106727 1
106 50 106740 1
107 52 107057 1
74 107 107080 0
47 111 107261 0
43 103 107271 0
33 49 107276 0
70 56 107330 1
37 94 107344 0
71 55 107377 1
74 18 107380 1
80 28 107459 1
48 108 107630 0
66 110 107726 0
48 107 107816 0
44 44 107876 0
41 101 107928 0
76 22 108024 1
33 75 108041 0
80 31 108101 1
86 63 108116 0
77 24 108119 1
46 106 108164 0
62 65 108191 0
74 20 108311 1
105 48 108425 1
54 71 108488 1
96 47 108547 1
64 111 108591 0
35 74 108593 0
35 86 108605 0
36 92 108680 0
47 107 108684 0
98 46 108734 1
36 96 108792 0
38 97 108812 0
36 90 108962 0
79 25 108962 1
108 59 109031 1
75 19 109042 1
79 36 109194 1
37 66 109212 0
52 88 109232 1
77 22 109255 1
108 55 109335 1
98 47 109384 1
58 65 109417 0
100 46 109552 1
69 14 109603 1
38 58 109707 0
54 73 109719 1
53 77 109735 1
71 15 109753 1
55 91 109891 1
61 111 109897 0
34 76 109982 0
105 65 109996 1
53 90 110045 1
66 14 110062 1
76 21 110072 1
35 71 110082 0
69 15 110086 1
71 17 110150 1
35 88 110279 0
62 91 110301 1
52 29 110309 0
61 65 110351 0
41 102 110464 0
39 101 110566 0
101 46 110669 1
35 70 110715 0
76 45 110731 1
73 18 110734 1
34 77 110752 0
103 68 110753 1
54 68 110791 1
75 20 110862 1
40 102 110885 0
72 16 110896 1
53 89 111034 1
34 85 111108 0
79 26 111137 1
93 83 111175 1
61 112 111239 0
78 25 111270 1
37 97 111319 0
101 71 111334 1
51 86 111392 1
79 28 111405 1
43 103 111491 0
80 29 111566 1
107 53 111573 1
75 21 111615 1
44 104 111632 0
53 72 111645 1
75 46 111653 1
75 106 111687 0
68 87 111790 1
68 14 111790 1
73 17 111808 1
74 19 111829 1
36 87 111835 0
29 20 111840 1
70 16 111854 1
104 47 111874 1
74 49 111899 1
51 84 111907 1
57 92 111922 1
75 47 111938 1
36 89 112021 0
34 79 112029 0
56 93 112031 1
70 15 112061 1
60 66 112092 0
54 72 112238 1
96 48 112255 1
37 92 112398 0
34 78 112410 0
75 18 112415 1
101 73 112427 1
53 76 112460 1
37 64 112502 0
52 76 112544 1
47 39 112694 0
75 19 112748 1
57 111 112831 0
45 106 112903 0
106 49 113064 1
81 30 113071 1
72 53 113222 1
36 68 113286 0
42 50 113326 0
73 52 113388 1
59 111 113392 0
44 45 113415 0
36 93 113655 0
77 23 113674 1
37 65 113902 0
34 86 114031 0
72 107 114120 0
34 73 114182 0
59 65 114208 0
37 67 114228 0
50 33 114266 0
34 88 114276 0
33 87 114425 0
64 110 114571 0
35 80 114631 0
105 50 114690 1
73 51 114763 1
90 88 114772 1
50 32 114982 0
34 72 115036 0
80 33 115055 1
54 90 115101 1
52 83 115108 1
78 24 115251 1
38 97 115280 0
34 89 115322 0
34 82 115407 0
60 111 115491 0
34 84 115642 0
42 105 115836 0
108 58 116011 1
54 112 116094 0
35 78 116110 0
77 41 116148 1
39 99 116206 0
47 108 116386 0
79 27 116401 1
103 47 116724 1
53 78 116729 1
35 85 116784 0
71 16 117008 1
35 89 117024 0
37 62 117076 0
57 66 117125 0
86 62 117132 0
56 112 117152 0
69 25 117259 1
99 46 117627 1
108 54 117861 1
46 40 117874 0
43 44 118079 0
87 60 118083 0
89 88 118094 1
37 95 118220 0
37 94 118322 0
37 96 118450 0
43 47 118591 0
38 61 118657 0
107 51 119000 1
108 56 119051 1
54 76 119101 1
68 15 119289 1
102 46 119317 1
80 34 119326 1
67 14 119567 1
106 64 119585 1
92 52 119693 0
105 48 119709 1
34 75 119714 0
38 96 119751 0
43 105 119754 0
34 80 119762 0
65 15 119794 1
80 30 119874 1
104 46 119944 1
76 22 119953 1
99 75 120039 1
107 61 120106 1
80 27 120114 1
54 70 120235 1
78 40 120236 1
65 110 120251 0
108 52 120251 1
109 45 120361 1
53 79 120404 1
59 92 120472 1
66 12 120522 1
51 83 120537 1
39 56 120571 0
54 74 120575 1
80 71 120603 0
106 48 120641 1
81 34 120647 1
57 65 120661 0
38 63 120666 0
51 85 120666 1
81 29 120705 1
90 54 120953 0
58 92 121031 1
100 46 121031 1
52 87 121054 1
61 92 121108 1
109 45 121110 0
108 53 121110 1
35 82 121178 0
47 38 121195 0
34 78 121202 0
107 52 121311 1
107 50 121347 1
75 19 121381 1
55 92 121564 1
75 48 121585 1
63 111 121587 0
52 88 121636 1
80 35 121644 1
80 31 121665 1
101 46 121669 1
35 83 121722 0
79 25 121737 1
35 90 121783 0
41 101 121796 0
75 49 121844 1
77 24 121877 1
80 29 121892 1
77 22 121953 1
77 43 122002 1
36 90 122102 0
97 47 122211 1
51 110 122235 0
39 97 122252 0
105 47 122267 1
89 89 122279 1
73 107 122293 0
35 86 122295 0
43 102 122312 0
64 110 122325 0
40 53 122358 0
35 84 122371 0
60 111 122398 0
80 91 122404 0
80 28 122404 1
49 109 122452 0
36 69 122564 0
46 39 122567 0
104 47 122600 1
74 18 122641 1
43 110 122685 0
43 103 122698 0
48 107 122704 0
36 92 122714 0
45 104 122732 0
103 46 122748 1
106 49 122789 1
56 92 122790 1
35 73 122812 0
39 99 122824 0
39 59 122859 0
38 62 122934 0
108 55 123016 1
46 106 123032 0
55 110 123048 0
69 108 123123 0
93 51 123148 0
74 19 123248 1
76 20 123261 1
37 61 123357 0
81 31 123365 1
55 69 123388 1
62 110 123461 0
71 108 123470 0
77 21 123575 1
53 111 123657 0
100 45 123680 1
63 65 123721 0
71 107 123751 0
78 23 123758 1
43 46 123776 0
46 109 123780 0
47 107 123799 0
75 20 123816 1
61 66 123828 0
51 31 123835 0
38 96 123858 0
39 100 123868 0
61 65 123905 0
37 92 124029 0
40 52 124039 0
51 86 124058 1
43 104 124065 0
60 112 124096 0
108 51 124164 1
45 44 124261 0
57 92 124292 1
52 80 124304 1
73 17 124311 1
79 26 124338 1
55 91 124388 1
72 16 124493 1
58 65 124521 0
71 15 124543 1
33 80 124545 0
76 44 124549 1
89 56 124615 0
78 25 124642 1
34 82 124650 0
42 51 124679 0
49 107 124683 0
69 15 124729 1
78 24 124732 1
36 89 124741 0
38 99 124764 0
38 98 124808 0
77 23 125047 1
59 65 125086 0
36 87 125132 0
81 32 125146 1
45 40 125219 0
44 30 125320 0
47 108 125388 0
40 58 125669 0
63 90 125726 1
38 94 125744 0
52 86 125821 1
70 15 125936 1
59 22 125992 0
80 36 126308 1
64 64 126413 0
68 60 126429 1
50 109 126485 0
69 14 126564 1
109 55 126595 1
52 81 126625 1
73 18 126668 1
54 71 126712 1
75 19 126748 1
106 47 126944 1
65 89 127038 1
65 14 127038 1
76 21 127061 1
53 90 127097 1
65 16 127286 1
102 70 127387 1
68 108 127528 0
64 112 127534 0
108 54 127558 1
101 72 127606 1
38 56 127686 0
107 51 127846 1
41 48 127876 0
74 51 127930 1
38 59 127938 0
35 85 127951 0
71 16 128003 1
58 67 128008 0
33 82 128098 0
41 50 128196 0
57 111 128254 0
47 40 128265 0
72 55 128305 1
46 40 128343 0
69 109 128389 0
39 57 128405 0
54 77 128580 1
59 21 128635 0
35 75 128844 0
41 52 128869 0
34 92 128912 0
67 110 128917 0
35 88 128946 0
33 81 128962 0
62 65 128982 0
65 90 129029 1
35 74 129059 0
34 79 129068 0
37 66 129068 0
32 92 129200 0
29 89 129268 0
61 111 129458 0
39 63 129531 0
80 26 129560 1
38 106 129596 0
55 72 129649 1
73 80 129928 0
70 14 129947 1
54 90 129964 1
51 87 129966 1
38 97 130019 0
79 37 130107 1
35 79 130155 0
40 105 130266 0
73 16 130476 1
54 75 130626 1
102 46 130670 1
77 42 130717 1
41 54 130745 0
45 33 130960 0
70 109 130983 0
34 78 131006 0
79 39 131236 1
72 15 131289 1
79 24 131301 1
119 62 131345 1
38 55 132133 0
109 45 132204 1
58 113 132314 0
53 75 132332 1
108 56 132361 1
34 76 132486 0
105 48 132645 1
43 48 132666 0
48 108 132700 0
80 27 132745 1
107 50 133046 1
101 46 133286 1
52 82 133488 1
108 53 133571 1
80 29 133572 1
59 111 133577 0
50 109 133611 0
58 92 133662 1
98 46 133672 1
80 34 133744 1
39 56 133760 0
61 110 133774 0
57 110 133775 0
59 92 133862 1
56 91 134055 1
104 46 134093 1
107 62 134110 1
75 47 134117 1
101 45 134173 1
55 90 134327 1
52 88 134354 1
107 49 134394 1
68 14 134404 1
77 22 134425 1
51 84 134427 1
75 19 134457 1
67 14 134481 1
53 80 134508 1
54 72 134561 1
100 46 134563 1
106 48 134619 1
73 17 134654 1
54 70 134715 1
51 108 134759 0
106 49 134906 1
51 85 134945 1
79 25 134951 1
78 22 134999 1
44 104 135002 0
78 24 135057 1
108 59 135150 1
52 87 135160 1
38 95 135162 0
55 68 135195 1
105 47 135216 1
108 60 135258 1
80 37 135265 1
107 57 135351 1
73 79 135370 0
58 64 135414 0
90 25 135439 1
43 49 135510 0
76 46 135519 1
37 94 135534 0
55 71 135665 1
37 89 135683 0
80 28 135693 1
35 80 135772 0
54 68 135810 1
38 63 135840 0
61 91 135844 1
74 19 135846 1
75 48 135886 0
75 45 135886 1
78 23 135948 1
35 83 135956 0
34 77 135959 0
55 111 135990 0
38 96 136011 0
76 20 136011 1
74 18 136119 1
49 108 136130 0
41 53 136143 0
65 110 136180 0
45 104 136192 0
62 91 136199 1
39 97 136216 0
35 82 136253 0
66 110 136281 0
75 46 136285 1
45 45 136292 0
43 102 136330 0
41 101 136336 0
43 103 136344 0
35 72 136479 0
55 110 136510 0
108 52 136511 1
35 86 136542 0
37 92 136627 0
51 86 136657 1
99 74 136661 1
77 74 136672 0
35 71 136713 0
53 29 136720 0
98 76 136777 1
35 78 136782 0
102 45 136851 1
41 102 136853 0
48 106 136891 0
53 77 136908 1
104 47 136909 1
42 50 136914 0
79 26 136965 1
71 15 137004 1
44 43 137007 0
102 46 137029 1
75 20 137043 1
64 110 137108 0
36 90 137178 0
47 105 137260 0
57 92 137281 1
73 53 137318 1
62 110 137396 0
90 56 137416 0
88 59 137424 0
60 111 137446 0
81 30 137473 1
49 107 137486 0
77 21 137509 1
86 63 137542 0
76 47 137625 1
72 16 137645 1
48 107 137651 0
38 62 137775 0
76 45 137821 1
41 100 137834 1
39 99 137886 0
72 107 137887 0
63 91 137889 1
53 109 138019 0
52 111 138115 0
52 84 138237 1
97 46 138285 1
36 87 138304 0
80 27 138308 1
38 94 138332 0
38 57 138357 0
75 18 138364 1
59 91 138468 1
72 14 138542 1
55 73 138548 1
80 35 138682 1
35 84 138686 0
55 91 138692 1
74 17 138729 1
66 14 138749 1
108 51 138767 1
36 74 138791 0
104 67 138834 1
34 85 138835 0
61 92 138923 1
51 83 138978 1
71 14 138988 1
103 47 139027 1
38 95 139129 0
99 45 139190 1
55 70 139195 1
69 13 139220 1
100 45 139273 1
52 86 139494 1
80 25 139551 1
55 69 139718 1
105 46 139725 1
98 45 139726 1
68 13 139784 1
76 19 139877 1
64 90 139881 1
37 98 139892 0
53 89 139929 1
103 46 140090 1
52 83 140101 1
70 15 140264 1
107 50 140377 1
53 88 140696 1
75 19 140697 1
77 23 140823 1
69 14 140945 1
69 15 140969 1
37 67 141127 0
61 65 141127 0
97 78 141156 1
49 108 141237 0
79 23 141272 1
108 55 141500 1
74 50 141503 1
77 19 141512 1
107 58 141570 1
77 41 141750 1
80 29 141871 1
54 73 141930 1
42 100 142041 0
27 108 142047 0
39 59 142077 0
36 94 142077 0
46 39 142280 0
81 29 142323 1
36 89 142450 0
80 26 142666 1
33 78 142681 0
76 44 143328 1
109 45 143450 0
72 15 143556 1
47 39 143739 0
37 65 143751 0
40 98 144069 0
46 107 144206 0
107 51 144256 1
38 92 144375 0
65 89 144505 1
75 48 144742 1
54 111 144789 0
55 111 145195 0
108 54 145319 1
69 57 145457 1
77 22 145540 1
54 89 145619 1
70 14 145633 1
35 73 146042 0
46 106 146117 0
34 82 146150 0
39 95 146179 0
109 54 146325 1
35 79 146596 0
54 90 146674 1
34 80 146826 0
45 42 146955 0
31 78 146984 0
47 37 146999 0
54 28 147008 0
45 103 147222 0
35 100 147498 0
38 61 147557 0
58 65 147565 0
41 99 147566 0
33 69 147587 0
77 76 147605 0
31 88 147626 0
109 45 147640 1
86 62 147767 0
38 95 147768 0
109 45 147827 0
77 75 147870 0
48 36 147922 0
60 65 148006 0
57 110 148063 0
51 109 148138 0
47 68 148222 0
47 106 148222 0
57 91 148245 1
33 73 148326 0
35 87 148330 0
35 85 148466 0
46 40 148493 0
37 63 148636 0
87 61 148800 0
87 59 149149 0
51 113 149160 0
34 74 149343 0
78 24 149353 1
38 96 149386 0
57 65 149538 0
38 64 149912 0
54 71 149995 1
59 65 150007 0
119 62 150040 1
71 107 150186 0
35 82 150265 0
37 95 150401 0
75 78 150401 0
45 106 150710 0
37 89 151081 0
47 38 151124 0
34 81 151148 0
74 106 151366 1
43 50 151373 0
78 39 151426 1
40 57 151537 0
73 16 151539 1
45 46 151618 0
58 92 151776 1
37 93 151869 0
42 106 152121 0
37 68 152131 0
51 108 152209 0
51 32 152702 0
52 85 152897 1
41 103 153139 0
52 88 153441 1
81 31 153651 1
52 87 153751 1
51 109 153811 0
51 85 153936 1
60 65 154049 0
79 38 154100 1
52 109 154134 0
35 76 154346 0
77 40 154352 1
40 100 154471 0
71 16 154588 1
35 77 154849 0
101 46 154905 1
79 24 154910 1
106 48 155024 1
37 90 155048 0
102 69 155094 1
37 92 155409 0
122 77 155515 1
38 93 155606 0
108 61 155977 1
22 49 156107 0
61 110 156337 0
35 87 156372 0
68 14 156562 1
107 61 156810 1
54 110 156927 0
44 45 157061 0
37 104 157238 0
43 43 157246 0
105 47 157415 1
45 41 157473 0
37 44 157492 0
37 99 157518 0
64 14 157759 1
107 49 157832 1
38 64 158072 0
109 56 158233 1
104 46 158304 1
37 91 158312 0
106 47 158318 1
103 68 158446 1
108 50 158578 1
89 57 158587 0
56 90 158648 1
81 32 158655 1
103 69 158733 1
55 90 158733 1
73 17 158794 1
87 92 158802 1
65 15 159051 1
79 25 159107 1
108 51 159144 1
81 34 159277 1
78 23 159362 1
52 80 159381 1
101 45 159442 1
76 42 159466 1
76 20 159547 1
103 45 159686 1
71 15 159739 1
80 31 159865 1
78 22 159951 1
80 27 159951 1
88 90 159989 1
80 36 160012 1
78 41 160158 1
77 21 160172 1
77 20 160183 1
81 33 160211 1
102 46 160276 1
74 17 160282 1
59 92 160326 1
109 55 160358 1
108 49 160394 1
73 15 160461 1
89 58 160490 0
81 30 160497 1
104 46 160500 1
62 64 160588 0
75 47 160599 1
58 64 160601 0
106 47 160602 1
100 45 160606 1
36 64 160656 0
109 53 160719 1
107 49 160733 1
52 109 160785 0
100 74 160813 1
45 43 160835 0
44 102 160846 0
75 18 160914 1
55 110 160942 0
75 19 160952 1
37 93 161027 0
109 51 161090 1
107 50 161134 1
62 110 161146 0
108 52 161315 1
35 80 161340 0
48 106 161356 0
45 104 161394 0
77 44 161403 1
40 58 161430 0
53 79 161456 1
52 82 161490 1
105 46 161525 1
108 59 161533 1
54 70 161534 1
81 35 161589 1
80 25 161649 1
65 13 161751 1
102 45 161772 1
69 14 161783 1
54 76 161808 1
43 102 161830 0
80 26 161835 1
73 16 161842 1
100 73 161862 1
55 68 161868 1
76 46 161906 1
67 14 161906 1
98 46 161923 1
40 98 161944 0
53 78 161970 1
49 107 162047 0
50 109 162202 0
52 86 162221 1
43 47 162244 0
80 27 162249 1
81 29 162258 1
35 83 162267 0
47 106 162286 0
47 105 162292 0
79 25 162293 1
77 43 162392 1
76 18 162393 1
64 110 162397 0
77 42 162397 1
34 75 162420 0
57 92 162442 1
62 65 162444 0
79 23 162455 1
54 78 162467 1
74 52 162476 1
37 90 162489 0
81 31 162559 1
75 49 162565 1
53 109 162566 0
47 40 162582 0
38 94 162583 0
39 97 162602 0
70 14 162612 1
44 48 162648 0
99 76 162666 1
38 93 162684 0
66 89 162702 1
55 74 162706 1
80 35 162706 1
54 72 162735 1
88 58 162765 0
79 35 162769 1
73 17 162776 1
54 110 162789 0
35 78 162834 0
81 28 162847 1
77 21 162848 1
78 73 162902 0
46 41 162929 0
35 74 162932 0
39 63 162953 0
42 100 162969 0
109 58 162981 1
41 54 162989 0
108 51 162990 1
103 45 163011 1
42 52 163042 0
98 77 163044 1
78 22 163046 1
53 87 163052 1
74 16 163068 1
69 108 163106 0
78 21 163124 1
36 87 163137 0
35 86 163156 0
77 22 163246 1
74 80 163257 0
72 16 163276 1
72 15 163336 1
108 56 163357 1
54 74 163400 1
35 75 163431 0
52 84 163450 1
101 45 163471 1
76 22 163568 1
42 51 163626 0
38 92 163627 0
69 13 163637 1
42 46 163660 1
42 53 163660 0
54 88 163676 1
61 91 163676 1
106 64 163704 1
80 23 163724 1
77 20 163732 1
107 47 163749 1
72 54 163755 1
71 14 163758 1
37 91 163761 0
81 27 163778 1
107 48 163784 1
53 89 163812 1
51 84 163812 1
34 84 163830 0
52 83 163830 1
79 22 163834 1
71 15 163849 1
47 107 163889 0
57 91 163900 1
55 69 163954 1
88 91 164028 1
55 71 164042 1
57 110 164046 0
45 103 164072 0
105 47 164076 1
76 44 164104 1
76 19 164132 1
102 70 164139 1
35 84 164209 0
38 63 164216 0
79 24 164217 1
35 76 164298 0
81 7 164343 1
108 48 164358 1
75 17 164359 1
55 72 164370 1
70 58 164421 1
41 99 164484 0
52 85 164597 1
78 23 164599 1
53 77 164602 1
82 30 164647 1
37 89 164648 0
76 45 164698 1
81 26 164713 1
56 91 164737 1
48 105 164821 0
75 18 164842 1
67 13 164843 1
60 65 164868 0
79 36 164913 1
74 17 164948 1
87 60 164956 0
68 108 164979 0
58 91 164991 1
59 91 164992 1
68 13 165034 1
39 95 165056 0
76 47 165057 1
43 49 165105 0
56 90 165161 1
55 70 165224 1
106 47 165230 1
75 50 165263 1
79 37 165285 1
55 90 165493 1
35 77 165502 0
53 80 165504 1
34 81 165556 0
102 71 165565 1
107 49 165621 1
48 106 165638 0
81 30 165656 1
109 52 165668 1
71 13 165781 1
103 67 165832 1
81 32 165870 1
36 74 165905 0
62 91 165925 1
57 111 165928 0
36 91 166048 0
64 63 166068 0
75 19 166179 1
37 92 166247 0
39 56 166280 0
52 109 166368 0
69 59 166432 1
61 110 166445 0
108 50 166499 1
109 57 166538 1
65 14 166568 1
49 108 166601 0
73 16 166655 1
44 102 166706 0
45 44 166900 0
80 26 166931 1
59 92 167006 1
63 90 167011 1
62 64 167015 0
44 49 167016 0
35 79 167017 0
38 95 167115 0
109 54 167123 1
70 13 167138 1
69 14 167142 1
51 109 167180 0
41 101 167226 0
39 59 167255 0
77 41 167296 1
54 75 167301 1
99 45 167321 1
72 14 167398 1
80 25 167496 1
75 105 167533 0
55 67 167593 1
39 94 167615 0
38 93 167710 0
57 64 167794 0
55 73 167831 1
37 90 167877 0
70 57 167966 1
77 19 168013 1
43 48 168108 0
76 20 168167 1
108 49 168242 1
42 100 168247 0
51 108 168276 0
50 108 168472 0
68 14 168662 1
35 80 168808 0
60 19 168812 0
43 101 168867 0
34 79 168873 0
40 100 168975 0
77 21 168978 1
104 45 169124 1
53 108 169172 0
55 109 169271 0
108 60 169402 1
73 15 169404 1
94 50 169489 0
58 110 169490 0
34 78 169496 0
38 64 169611 0
41 51 169728 0
78 22 169758 1
35 82 169794 0
40 98 169851 0
78 40 170142 1
109 56 170234 1
53 86 170291 1
76 105 170427 0
64 89 170454 1
33 125 170490 1
37 91 170516 0
105 46 170517 1
73 52 170664 1
36 90 171131 0
67 108 171167 0
55 68 171284 1
52 82 171327 1
88 92 171333 1
52 110 171339 0
102 45 171367 1
66 13 171395 1
53 87 171429 1
80 24 171450 1
96 80 171507 1
64 111 171555 0
83 66 171675 0
64 64 171942 0
36 89 171971 0
40 55 172202 0
48 107 172342 0
39 57 172364 0
73 14 172402 1
56 110 172709 0
36 82 172846 0
52 86 173002 1
80 27 173436 1
119 62 173452 1
53 79 173463 1
108 51 173483 1
60 110 173580 0
59 111 173799 0
58 64 173993 0
81 28 174034 1
47 39 174061 0
37 94 174064 0
79 23 174083 1
81 33 174134 1
36 69 174287 0
54 89 174295 1
81 29 174296 1
62 110 174297 0
38 62 174560 0
38 97 174779 0
72 107 174785 0
44 44 174786 0
35 83 174922 0
53 109 174924 0
90 56 174979 0
72 15 175011 1
46 41 175048 0
36 87 175055 0
34 71 175074 0
64 109 175146 0
45 45 175417 0
63 63 175423 0
38 92 175432 0
43 101 175497 0
61 65 175518 0
76 18 175554 1
45 104 175688 0
109 45 175771 1
47 105 175804 0
58 110 175923 0
55 89 175994 1
52 85 176015 1
45 103 176178 0
109 45 176184 0
52 30 176283 0
81 34 176338 1
69 58 176482 1
109 53 176582 1
100 45 176696 1
36 78 176714 0
41 99 176794 0
54 110 176955 0
107 62 177028 1
36 67 177107 0
39 93 177114 0
50 108 177272 0
109 55 177306 1
39 95 177406 0
40 57 177433 0
87 61 177655 0
60 110 177703 0
39 63 177949 0
80 37 177953 1
90 88 178009 1
52 84 178022 1
43 102 178097 0
71 14 178199 1
36 82 178209 0
63 110 178250 0
70 14 178375 1
42 52 178403 0
48 105 178574 0
74 16 178733 1
74 17 178841 1
71 107 178858 0
78 21 179153 1
105 45 179192 1
67 14 179215 1
56 110 179494 0
75 48 179608 1
35 87 179687 0
57 91 179748 1
65 110 179764 0
38 68 179768 0
35 85 179883 0
37 89 180038 0
69 13 180376 1
76 46 180618 1
62 90 180671 1
79 24 180738 1
55 110 180921 0
43 50 180993 0
40 58 181947 0
37 86 182072 0
35 72 182208 0
35 77 182323 0
45 33 182405 0
54 109 182421 0
59 64 182464 0
49 110 182473 0
103 45 182576 1
50 106 182784 0
35 78 182820 0
49 107 182865 0
37 68 182964 0
56 111 183187 0
101 71 183323 1
54 88 184224 1
98 45 184509 1
109 45 184518 1
39 64 184678 0
65 111 184698 0
76 19 184807 1
70 107 184920 0
109 45 185171 0
101 45 185589 1
107 48 185781 1
104 46 185791 1
81 27 185798 1
74 106 185898 0
53 78 186138 1
67 88 186370 1
37 87 186494 0
82 29 186598 1
79 25 186604 1
75 47 186626 1
81 31 186662 1
91 54 186783 0
106 47 186858 1
75 16 186982 1
75 18 186985 1
54 77 187128 1
80 36 187139 1
81 30 187214 1
77 20 187233 1
40 56 187422 0
52 108 187431 0
83 13 187441 1
73 16 187487 1
81 25 187547 1
38 94 187723 0
107 61 187761 1
53 81 187796 1
59 64 187828 0
34 77 187874 0
55 69 187913 1
62 109 188127 0
80 25 188202 1
44 102 188289 0
78 22 188350 1
52 83 188365 1
98 46 188366 1
102 44 188486 1
76 48 188517 1
108 50 188562 1
60 110 188577 0
56 90 188657 1
66 110 188660 0
106 46 188771 1
105 46 188896 1
39 97 188908 0
75 17 188935 1
88 59 188940 0
89 57 188946 0
59 91 188979 1
37 71 188982 0
50 107 189042 0
42 100 189071 0
57 109 189077 0
109 51 189102 1
39 94 189107 0
61 91 189146 1
62 64 189164 0
44 48 189165 0
47 40 189188 0
66 14 189203 1
37 90 189246 0
41 97 189319 0
72 106 189353 0
36 74 189369 0
35 73 189382 0
56 67 189424 1
66 62 189520 0
77 42 189545 1
81 29 189547 1
53 108 189549 0
48 106 189565 0
35 76 189583 0
35 75 189639 0
107 49 189692 1
41 56 189731 0
55 109 189732 0
72 53 189828 1
46 105 189938 0
79 22 189981 1
54 76 190029 1
81 26 190234 1
38 93 190361 0
109 52 190384 1
37 66 190422 0
104 45 190426 1
41 53 190451 0
79 23 190468 1
67 12 190476 1
35 74 190539 0
71 15 190558 1
60 64 190578 0
107 47 190626 1
56 70 190691 1
55 70 190732 1
69 14 190798 1
56 89 190829 1
67 13 190888 1
108 49 190926 1
73 15 190966 1
74 78 191044 0
56 69 191065 1
41 106 191086 0
55 75 191130 1
103 45 191154 1
80 23 191241 1
58 90 191243 1
57 90 191328 1
46 38 191442 0
76 18 191507 1
47 38 191552 0
55 90 191720 1
74 15 191741 1
81 28 191910 1
54 109 191926 0
44 45 191939 0
63 110 191953 0
98 78 192043 1
38 92 192091 0
75 106 192097 0
52 108 192148 0
36 82 192159 0
37 67 192234 0
109 56 192274 1
43 103 192334 0
100 44 192362 1
61 19 192372 0
41 98 192377 0
42 53 192405 0
61 110 192476 0
109 53 192544 1
81 32 192583 1
56 71 192616 1
55 88 192621 1
36 78 192717 0
102 45 192793 1
77 19 192912 1
43 101 192923 0
39 62 192941 0
72 14 193151 1
109 54 193258 1
77 21 193275 1
52 109 193357 0
74 16 193515 1
76 47 193568 1
68 13 193591 1
53 86 193595 1
82 31 193679 1
52 110 193694 0
81 35 193740 1
103 70 193777 1
99 75 193859 1
53 84 193969 1
51 31 194239 0
39 98 194246 0
101 72 194309 1
97 46 194336 1
37 87 194428 0
103 68 194469 1
72 13 194481 1
70 13 194563 1
78 21 194596 1
61 90 194604 1
53 87 194777 1
70 14 194809 1
108 59 194823 1
79 21 194872 1
47 106 194906 0
50 107 195000 0
91 86 195066 1
108 48 195151 1
38 91 195375 0
76 45 195442 1
60 90 195454 1
78 42 195460 1
55 66 195465 1
55 74 195603 1
76 17 195655 1
109 50 195719 1
99 101 196072 1
80 35 196086 1
35 79 196109 0
51 86 196200 1
35 71 196328 0
107 64 196501 1
100 45 196665 1
35 89 197002 0
101 44 197018 1
77 44 197092 1
39 65 197265 0
78 39 197316 1
74 88 197449 0
74 106 197449 0
109 55 197473 1
55 72 197506 1
82 30 197569 1
46 105 197584 0
45 102 197595 0
77 43 197977 1
38 96 198040 0
81 27 198062 1
63 109 198295 0
60 64 198414 0
42 50 198452 0
100 71 198536 1
59 64 198720 0
59 63 199074 0
77 20 199199 1
54 87 199314 1
80 25 199592 1
107 63 199623 1
39 61 199737 0
55 68 199751 1
64 110 199759 0
105 45 199858 1
106 47 199924 1
0 0 200010 0
