56 93 0 0
63 93 443 0
41 91 474 0
62 49 500 0
79 89 706 0
27 69 756 0
81 90 829 0
28 81 882 0
62 94 1025 0
73 64 1043 0
90 85 1142 0
63 38 1173 1
29 81 1306 0
96 65 1449 0
41 90 1507 0
98 63 1758 0
68 92 2424 0
59 50 2755 0
88 87 2912 0
119 62 3227 1
37 88 3275 0
58 59 3482 1
38 89 3910 0
59 72 3920 0
75 76 3948 1
49 56 3989 0
84 75 3990 1
57 73 4016 0
47 62 4400 1
59 80 4713 1
58 51 4776 0
81 76 4905 1
58 72 4987 0
85 89 5047 0
39 90 5233 0
50 94 5277 0
79 45 5394 1
102 59 5512 1
27 71 5560 0
44 45 5721 0
28 74 5948 0
62 73 6235 0
28 73 6501 0
28 80 6773 0
75 39 6787 1
78 42 6914 1
26 70 7090 0
63 37 7101 1
67 38 7189 1
80 89 7412 0
80 44 7570 1
110 63 8129 1
71 38 8176 1
109 61 8239 1
60 94 8566 0
101 59 8874 1
37 87 8904 0
110 62 8911 1
51 79 9023 1
54 80 9184 1
108 59 9189 1
67 39 9216 1
108 60 9476 1
111 64 9491 1
106 58 9518 1
103 58 9646 1
69 78 9657 1
55 79 9797 1
109 60 9899 1
66 37 9931 1
78 76 10047 1
95 81 10189 0
71 91 10200 0
71 77 10254 1
77 58 10276 1
33 84 10380 0
90 70 10428 1
59 73 10545 0
65 94 10566 0
77 59 10703 1
64 38 10740 1
47 42 10763 1
76 76 10814 1
62 93 10830 0
77 90 10859 0
76 90 10911 0
66 38 11000 1
79 43 11060 1
80 46 11172 1
96 80 11187 0
65 79 11220 1
55 93 11281 0
61 38 11302 1
77 40 11360 1
118 28 11409 1
89 71 11439 1
31 80 11490 0
78 41 11528 1
57 38 11541 1
49 93 11597 0
66 93 11606 0
65 37 11634 1
43 91 11667 0
60 72 11690 0
63 49 11724 0
80 51 11811 1
78 40 11856 1
110 62 11879 1
105 58 11883 1
77 41 11942 1
79 55 11977 1
53 39 12003 1
50 62 12032 1
73 77 12046 1
96 81 12055 0
68 78 12059 1
61 80 12149 1
34 85 12156 0
93 83 12202 0
42 90 12216 0
29 76 12227 0
46 62 12318 1
46 61 12366 1
69 37 12372 1
61 71 12374 0
32 81 12377 0
80 47 12439 1
75 90 12484 0
85 88 12505 0
57 50 12510 0
57 80 12526 1
65 93 12532 0
110 64 12608 1
65 38 12609 1
67 79 12613 1
33 88 12620 0
81 89 12625 0
67 78 12631 1
36 87 12633 0
68 38 12636 1
108 59 12640 1
28 73 12679 0
64 80 12686 1
74 76 12705 1
79 44 12706 1
54 40 12706 1
79 42 12719 1
72 38 12737 1
78 42 12761 1
32 82 12804 0
60 50 12809 0
61 92 12835 0
63 79 12836 1
27 71 12837 0
72 64 12841 0
110 60 12881 1
29 77 12925 0
31 81 12936 0
64 79 12944 1
65 49 12973 0
50 40 12998 1
56 59 13048 1
67 92 13146 0
28 69 13154 1
28 68 13154 0
58 73 13158 0
58 93 13167 0
69 38 13223 1
45 62 13285 1
107 58 13286 1
79 75 13328 1
32 83 13342 0
76 39 13372 1
38 89 13429 0
75 39 13439 1
64 37 13476 1
53 79 13488 1
61 49 13520 0
51 62 13579 1
109 61 13580 1
54 53 13586 0
35 86 13622 0
80 75 13625 1
34 84 13678 0
30 59 13723 0
51 53 13744 0
49 61 13764 1
107 59 13795 1
34 86 13859 0
54 79 13872 1
37 87 13887 0
110 63 13896 1
106 59 13924 1
28 69 13948 0
59 72 14008 0
110 61 14013 1
31 58 14018 0
109 60 14039 1
73 38 14040 1
45 91 14054 0
58 50 14066 0
80 48 14109 1
81 47 14193 1
79 76 14203 1
88 71 14205 1
62 72 14220 0
28 65 14235 0
52 94 14265 0
55 60 14348 1
29 75 14352 0
50 93 14356 0
47 94 14367 0
106 73 14398 0
60 80 14400 1
31 79 14473 0
61 37 14529 1
69 91 14551 0
33 87 14560 0
79 50 14638 1
48 61 14655 1
28 67 14671 0
76 38 14691 1
35 87 14715 0
28 70 14730 0
54 39 14777 1
77 39 14843 1
77 76 14900 1
27 66 14937 0
27 72 14952 0
75 38 15025 1
55 38 15089 1
82 89 15091 0
56 51 15105 0
77 40 15146 1
80 49 15190 1
53 61 15246 1
62 71 15246 0
63 92 15252 0
59 38 15301 1
33 84 15338 0
32 81 15353 0
55 39 15410 1
49 56 15483 0
26 74 15486 0
62 49 15502 0
79 43 15505 1
31 80 15522 0
29 76 15548 0
74 39 15585 1
79 53 15628 1
82 75 15649 1
106 58 15650 1
68 37 15701 1
61 95 15710 0
71 38 15743 1
60 38 15759 1
39 92 15762 0
104 58 15816 1
78 54 15837 1
51 78 15837 1
37 86 15882 0
58 52 15902 0
36 89 15934 0
45 61 15961 1
80 43 15991 1
87 71 16005 1
57 79 16032 1
49 62 16050 1
64 49 16090 0
61 38 16091 1
76 90 16135 0
64 48 16138 0
79 90 16203 0
32 57 16222 0
66 79 16237 1
57 94 16256 0
51 41 16280 1
47 62 16394 1
41 90 16421 0
42 90 16437 0
28 73 16451 0
103 59 16501 1
60 37 16598 1
63 71 16732 0
70 91 16738 0
28 68 16761 0
103 75 16773 0
94 67 16809 1
27 64 16910 0
109 68 16944 1
61 72 16973 0
83 88 17026 0
70 92 17042 0
51 94 17053 0
28 71 17101 0
89 70 17112 1
80 45 17200 1
53 75 17208 0
61 94 17236 0
78 41 17237 1
100 78 17269 0
59 57 17311 1
44 61 17369 1
59 92 17427 0
78 75 17473 1
102 58 17559 1
45 90 17582 0
69 93 17598 0
78 58 17674 1
52 79 17676 1
37 87 17747 0
63 94 17750 0
33 83 17803 0
47 61 17839 1
42 91 17871 0
49 93 17916 0
67 38 17973 1
90 69 18008 1
56 80 18122 1
46 58 18185 0
80 89 18188 0
57 80 18193 1
68 51 18279 0
66 37 18282 1
56 79 18332 1
34 85 18352 0
68 38 18387 1
82 90 18409 0
37 52 18478 1
41 47 18490 1
75 89 18503 0
32 82 18635 0
72 65 18721 0
52 54 18856 0
79 89 19019 0
61 80 19035 1
66 50 19134 0
55 79 19141 1
109 59 19147 1
94 83 19173 0
79 54 19175 1
65 79 19234 1
73 90 19266 0
60 72 19267 0
28 74 19267 0
80 44 19292 1
75 76 19343 1
49 42 19433 1
34 84 19451 0
59 51 19495 0
53 79 19516 1
29 78 19558 0
32 87 19615 0
37 91 19618 0
67 37 19641 1
74 38 19720 1
30 80 19921 0
57 93 19972 0
52 61 19974 1
49 94 20006 0
45 91 20027 0
31 82 20110 0
51 92 20136 0
38 64 20140 1
51 61 20277 1
93 68 20286 1
64 38 20346 1
43 61 20421 1
53 95 20439 0
28 64 20473 0
56 52 20537 0
64 49 20712 0
30 78 20721 0
28 69 20761 0
58 53 20769 0
58 74 20772 0
29 75 20774 0
56 60 20839 1
97 80 20882 0
30 82 20942 0
28 63 20948 0
54 60 21067 1
74 63 21104 0
28 71 21150 0
44 62 21154 1
32 84 21171 0
77 41 21201 1
68 49 21263 0
31 79 21302 0
33 61 21331 1
79 44 21341 1
28 70 21377 0
70 38 21418 1
87 86 21461 0
29 77 21573 0
29 62 21579 0
57 38 21662 1
72 91 21678 0
40 92 21680 0
50 62 21687 1
58 72 21712 0
79 41 21805 1
57 50 21873 0
35 85 21916 0
64 95 21922 0
99 79 21931 0
72 38 21940 1
102 76 21964 0
59 50 21998 0
33 92 22099 0
33 89 22100 0
88 86 22139 0
52 95 22169 0
35 86 22193 0
35 87 22259 0
36 87 22293 0
26 69 22422 0
65 37 22776 1
49 76 22814 0
59 96 22845 0
111 63 22850 1
30 58 22988 0
83 89 23003 0
57 51 23079 0
27 71 23096 0
58 38 23178 1
83 90 23280 0
75 92 23321 0
33 83 23376 0
78 42 23452 1
63 49 23533 0
63 93 23567 0
27 68 23574 0
96 64 23660 0
27 67 23685 0
101 77 23728 0
68 68 23759 0
92 83 23849 0
65 95 23872 0
28 62 23876 0
31 46 23977 0
82 77 24116 1
30 78 24207 0
46 62 24315 1
97 64 24412 0
78 90 24626 0
61 71 24643 0
73 90 24727 0
58 95 24752 0
35 84 24784 0
56 38 24843 1
57 73 25030 0
32 50 25096 0
45 25 25256 0
33 84 25270 0
58 79 25284 1
65 52 25344 0
34 89 25399 0
50 94 25405 0
61 57 25461 1
70 37 25508 1
63 37 25717 1
105 58 25834 1
68 92 25873 0
57 92 25987 0
35 85 26045 0
110 62 26047 1
72 77 26049 1
79 42 26055 1
70 91 26175 0
58 37 26265 1
32 81 26283 0
67 51 26294 0
59 93 26409 0
59 37 26474 1
46 61 26476 1
80 52 26557 1
78 40 26604 1
103 58 26667 1
80 50 26726 1
43 91 26863 0
52 93 26974 0
78 59 27054 1
27 70 27143 0
52 39 27217 1
108 59 27316 1
78 57 27484 1
45 60 27490 1
76 90 27528 0
76 76 27576 1
60 79 27749 1
48 41 27763 1
78 39 27779 1
64 49 27795 0
75 59 27805 1
75 39 27805 1
80 47 27880 1
33 81 28044 0
80 46 28091 1
69 67 28096 0
105 73 28121 0
66 49 28207 0
37 86 28328 0
38 87 28375 0
64 79 28485 1
77 61 28571 1
73 77 28601 1
74 64 28775 0
86 73 28916 1
73 76 28997 1
50 61 29413 1
61 92 29535 0
30 78 29666 0
56 93 29699 0
76 39 30078 1
73 38 30112 1
61 79 30324 1
49 78 30379 1
70 78 30438 1
78 56 30471 1
110 67 30517 1
28 73 30565 0
28 71 30611 0
69 38 30678 1
46 91 31273 0
37 87 31380 0
81 46 31427 1
54 79 31432 1
47 41 31595 1
111 64 31853 1
53 80 32029 1
48 92 32139 0
80 42 32224 1
49 41 32287 1
63 79 32619 1
82 74 32633 1
62 79 32639 1
53 93 32934 0
83 75 32978 1
80 75 32996 1
73 37 33238 1
47 93 33675 0
106 58 33745 1
79 75 34024 1
64 71 34243 0
64 53 34377 0
55 93 34434 0
66 49 34568 0
41 93 34580 0
29 79 34709 0
35 85 34726 0
65 38 34848 1
107 58 34999 1
37 88 35259 0
67 91 35359 0
62 93 35443 0
61 50 35510 0
9 10 35548 0
64 70 35607 0
57 93 35622 0
84 89 35633 0
65 70 35945 0
27 76 35966 0
59 72 35978 0
42 90 36007 0
60 50 36113 0
28 67 36163 0
78 91 36186 0
43 90 36480 0
89 85 36491 0
109 60 36512 1
68 49 36555 0
110 60 36832 1
59 93 36878 0
59 94 37116 0
71 91 37244 0
69 91 37354 0
71 37 37441 1
57 58 37897 1
68 78 38005 1
77 90 38147 0
86 87 38168 0
79 55 38192 1
79 43 38202 1
38 87 38206 0
77 40 38254 1
39 88 38374 0
46 91 38384 0
64 48 38393 0
78 89 38561 0
53 76 38599 0
71 38 38764 1
75 90 38783 0
27 70 38784 0
63 92 38821 0
54 92 38831 0
78 41 38935 1
69 37 39010 1
38 88 39057 0
77 39 39103 1
69 78 39143 1
74 76 39213 1
40 89 39322 0
60 80 39339 1
59 38 39365 1
71 77 39372 1
55 78 39374 1
39 89 39452 0
98 63 39583 0
81 88 39757 0
63 36 39807 1
57 79 39898 1
77 75 39910 1
28 68 39978 0
49 61 40148 1
53 79 40165 1
61 49 40242 0
84 73 40254 1
104 58 40272 1
61 37 40310 1
53 38 40370 1
30 62 40378 0
29 76 40442 0
85 73 40444 1
45 90 40494 0
99 78 40515 0
93 67 40554 1
108 59 40609 1
74 37 40635 1
76 38 40654 1
91 84 40661 0
59 79 40684 1
61 38 40703 1
75 38 40737 1
29 67 40820 0
56 79 40831 1
80 43 40942 1
48 61 40962 1
67 50 41074 0
65 37 41125 1
60 57 41228 1
110 68 41237 1
109 59 41258 1
68 38 41295 1
66 37 41339 1
111 65 41371 1
51 60 41456 1
51 78 41457 1
58 50 41474 0
72 38 41492 1
31 80 41521 0
80 44 41585 1
80 49 41617 1
68 37 41657 1
47 62 41678 1
79 42 41743 1
43 90 41882 0
80 45 41931 1
70 77 41989 1
47 61 42011 1
105 58 42168 1
60 37 42280 1
29 75 42330 0
28 65 42400 0
34 84 42423 0
75 75 42525 1
78 75 42525 1
78 40 42572 1
51 54 42633 0
51 92 42689 0
77 60 42694 1
72 37 42751 1
55 79 42769 1
108 58 42934 1
101 58 42941 1
94 82 42949 0
28 72 42952 0
67 78 43059 1
80 51 43143 1
57 80 43273 1
90 70 43366 1
29 72 43377 0
48 56 43394 0
35 84 43410 0
50 78 43421 1
37 86 43473 0
31 79 43502 0
39 50 43522 1
46 57 43527 0
55 60 43598 1
33 82 43669 0
41 89 43865 0
52 78 43945 1
61 56 43947 1
79 40 43967 1
107 58 44017 1
44 60 44178 1
33 81 44301 0
72 76 44488 1
39 88 44512 0
65 92 44608 0
75 89 44689 0
59 37 44851 1
81 48 44908 1
48 92 44923 0
59 92 44940 0
54 38 45012 1
38 50 45100 1
58 79 45151 1
111 61 45376 1
76 39 45446 1
75 76 45468 1
81 45 45588 1
79 41 45681 1
40 89 45774 0
65 78 45852 1
79 53 45894 1
65 79 45911 1
33 83 46005 0
46 91 46020 0
45 91 46115 0
38 88 46235 0
49 93 46399 0
49 56 46442 0
45 61 46475 1
67 37 46510 1
42 47 46522 1
62 71 46609 0
31 81 46616 0
81 89 47082 0
53 94 47112 0
64 37 47233 1
53 53 47274 0
111 63 47461 1
64 50 47517 0
66 49 47776 0
72 64 47847 0
29 61 47930 0
55 51 48046 0
39 89 48088 0
73 90 48144 0
57 38 48199 1
79 54 48245 1
97 63 48502 0
51 75 48741 0
43 46 48803 1
46 60 48872 1
89 86 48966 0
95 81 48993 0
30 60 49136 0
78 89 49183 0
74 89 49373 0
28 72 49621 0
77 40 49734 1
110 60 49795 1
102 58 50091 1
79 56 50111 1
70 37 50152 1
81 88 50343 0
67 92 50443 0
77 76 50450 1
91 69 50469 1
109 58 50556 1
62 92 50654 0
64 79 50669 1
50 93 50770 0
62 49 50812 0
55 52 50951 0
33 82 51069 0
71 90 51106 0
95 82 51126 0
57 37 51141 1
96 80 51222 0
61 71 51247 0
80 89 51297 0
29 70 51343 0
86 87 51543 0
69 77 51543 1
79 43 51543 1
57 59 51544 1
60 79 51655 1
73 64 51664 0
103 58 51750 1
35 83 51788 0
91 83 51821 0
80 47 51855 1
51 76 51873 0
57 92 51879 0
50 41 51884 1
28 69 51928 0
60 72 51931 0
52 93 51972 0
105 58 52030 1
81 47 52031 1
77 39 52040 1
80 74 52059 1
58 37 52096 1
58 72 52147 0
44 91 52239 0
66 78 52254 1
68 49 52425 0
71 37 52452 1
80 50 52453 1
61 79 52474 1
71 65 52511 0
79 42 52548 1
83 88 52554 0
30 78 52590 0
58 93 52627 0
75 91 52660 0
63 71 52699 0
106 58 52717 1
54 92 52731 0
69 38 52771 1
111 62 52849 1
47 60 52883 1
80 42 52885 1
79 89 52905 0
56 38 52907 1
87 86 52920 0
51 53 52925 0
54 39 52948 1
100 59 52964 1
28 70 53089 0
53 92 53098 0
78 41 53131 1
61 37 53189 1
68 50 53199 0
82 59 53259 1
82 89 53259 0
55 38 53264 1
67 79 53342 1
65 92 53401 0
45 90 53416 0
107 58 53426 1
81 44 53461 1
53 78 53486 1
75 39 53490 1
55 39 53517 1
32 81 53528 0
56 74 53584 0
63 79 53693 1
41 89 53723 0
49 78 53776 1
109 59 53781 1
74 37 53785 1
66 37 53785 1
70 91 53827 0
56 37 53892 1
73 37 53942 1
64 48 53994 0
65 48 54056 0
65 47 54068 0
62 79 54123 1
38 87 54210 0
55 74 54213 0
78 39 54242 1
57 79 54309 1
80 44 54349 1
73 38 54407 1
43 90 54430 0
65 37 54483 1
46 61 54492 1
71 38 54558 1
82 74 54561 1
67 91 54564 0
69 37 54591 1
90 84 54768 0
75 38 54775 1
63 37 54815 1
80 52 54866 1
59 79 54866 1
54 60 54895 1
80 43 54920 1
28 74 54966 0
51 78 55042 1
46 62 55080 1
35 85 55090 0
51 40 55244 1
56 79 55291 1
80 53 55384 1
71 76 55454 1
92 68 55474 1
107 57 55475 1
54 78 55483 1
77 38 55543 1
53 93 55565 0
61 92 55635 0
30 61 55659 0
110 59 55707 1
45 60 55734 1
30 77 55849 0
64 36 56014 1
78 40 56023 1
87 87 56058 0
29 72 56167 0
50 62 56193 1
81 46 56212 1
35 84 56360 0
77 75 56471 1
76 38 56557 1
62 55 56692 1
67 50 56743 0
37 86 56778 0
72 38 56820 1
48 61 56898 1
55 78 56901 1
79 75 56920 1
33 81 57040 0
67 69 57054 0
68 78 57074 1
105 57 57354 1
93 68 57392 1
66 70 57534 0
79 41 57686 1
29 67 57764 0
50 40 57823 1
71 77 57908 1
72 37 58113 1
65 48 58187 0
59 58 58243 1
68 37 58265 1
49 61 58363 1
37 87 58443 0
29 75 58578 0
30 76 58584 0
28 71 58602 0
34 85 58821 0
79 55 58861 1
58 79 58912 1
89 85 58950 0
60 56 58960 1
38 89 59029 0
33 86 59118 0
39 86 59174 0
73 76 59299 1
59 94 59445 0
58 73 59449 0
74 38 59464 1
29 62 59789 0
35 83 59809 0
68 50 59817 0
40 89 59838 0
55 73 59929 0
32 80 59953 0
54 94 59964 0
30 77 60208 0
47 61 60567 1
38 88 60569 0
94 67 60765 1
101 59 60927 1
79 54 61016 1
58 92 61312 0
51 39 61397 1
93 82 61610 0
29 76 61713 0
29 70 61716 0
39 88 62011 0
44 91 62024 0
78 58 62045 1
66 48 62149 0
106 57 62172 1
52 53 62350 0
109 63 62381 1
30 76 62501 0
52 92 62526 0
78 75 62632 1
69 92 62676 0
78 57 62766 1
111 63 62858 1
74 63 62897 0
97 62 62918 0
50 92 63009 0
111 64 63091 1
69 91 63276 0
67 78 63284 1
32 79 63312 0
85 72 63347 1
60 79 63367 1
64 92 63587 0
111 66 63624 1
77 77 63634 1
67 37 63700 1
32 80 63883 0
61 91 64045 0
110 62 64065 1
59 37 64071 1
71 37 64074 1
77 39 64171 1
89 70 64248 1
109 58 64264 1
74 76 64275 1
79 40 64379 1
52 78 64387 1
85 86 64457 0
75 37 64503 1
80 49 64506 1
43 89 64562 0
70 76 64632 1
63 92 64654 0
81 7 64665 1
65 48 64918 0
74 89 64925 0
79 42 64932 1
64 79 64977 1
61 80 65099 1
61 71 65130 0
65 36 65188 1
70 37 65210 1
90 69 65254 1
49 40 65332 1
75 89 65371 0
80 42 65374 1
111 65 65406 1
62 36 65473 1
72 90 65546 0
68 91 65576 0
75 75 65636 1
80 51 65649 1
68 38 65692 1
80 43 65693 1
56 78 65717 1
76 39 65753 1
63 36 65766 1
45 90 65787 0
61 37 65830 1
67 48 65864 0
51 92 65925 0
67 49 65939 0
66 37 66176 1
53 60 66282 1
46 91 66404 0
78 74 66522 1
61 49 66539 0
49 56 66556 0
61 79 66566 1
79 74 66639 1
54 40 66737 1
111 61 66772 1
33 82 66795 0
38 52 66859 1
53 78 66919 1
59 92 67026 0
40 50 67043 1
65 47 67044 0
49 54 67045 0
55 92 67066 0
64 70 67093 0
75 38 67101 1
66 48 67103 0
74 37 67176 1
55 60 67226 1
49 55 67302 0
32 79 67325 0
65 78 67333 1
57 50 67341 0
110 60 67357 1
53 52 67446 0
88 70 67551 1
79 37 67584 1
79 39 67584 1
57 79 67595 1
51 78 67599 1
59 50 67687 0
73 36 67707 1
62 92 67717 0
50 55 67736 0
52 92 67758 0
78 39 67833 1
76 38 67842 1
32 57 67857 0
57 92 67922 0
71 90 67943 0
30 76 67955 0
60 37 67979 1
103 58 67982 1
47 62 67992 1
49 41 67995 1
64 78 68010 1
58 78 68035 1
81 45 68041 1
31 79 68293 0
34 84 68309 0
81 88 68343 0
79 41 68405 1
50 60 68497 1
73 37 68514 1
29 72 68693 0
32 80 68735 0
57 37 68800 1
39 86 68918 0
61 94 69072 0
43 89 69081 0
58 92 69107 0
79 56 69218 1
110 23 69248 1
38 85 69265 0
84 73 69291 1
80 44 69316 1
59 79 69357 1
50 92 69416 0
71 36 69494 1
35 82 69499 0
107 57 69522 1
80 50 69626 1
81 48 69638 1
47 60 69666 1
49 60 69676 1
29 69 69679 0
81 50 69681 1
111 59 69710 1
47 57 69710 0
81 44 69767 1
30 62 69808 0
58 37 69811 1
102 58 69832 1
52 39 69992 1
32 82 70058 0
91 69 70088 1
81 43 70089 1
87 71 70111 1
78 40 70119 1
80 74 70155 1
85 73 70155 1
77 39 70155 1
70 66 70193 0
77 58 70248 1
69 37 70289 1
103 57 70299 1
64 111 70354 1
79 57 70405 1
81 49 70415 1
59 59 70421 1
77 89 70465 0
63 78 70525 1
110 59 70582 1
46 60 70750 1
70 77 70778 1
115 115 70799 1
45 89 70811 0
105 108 70852 1
111 60 70902 1
95 66 70963 1
107 58 70989 1
56 73 71008 0
55 78 71086 1
66 80 71098 1
30 77 71111 0
52 60 71128 1
53 37 71201 1
51 60 71312 1
77 38 71420 1
54 78 71454 1
70 36 71455 1
73 75 71463 1
80 54 71594 1
67 48 71697 0
63 55 71704 1
59 57 71715 1
106 57 71743 1
72 90 71808 0
69 78 71808 1
110 58 71873 1
68 49 71991 0
81 42 72123 1
63 79 72167 1
77 75 72184 1
60 36 72483 1
105 57 72585 1
64 55 72600 1
63 48 72609 0
28 68 72632 0
29 64 72708 0
32 79 72875 0
64 92 73022 0
55 37 73528 1
119 62 73599 1
78 89 73606 0
111 62 73698 1
29 73 73722 0
118 100 73753 1
93 67 73844 1
48 61 73866 1
76 75 73869 1
82 74 73884 1
80 52 74003 1
79 40 74088 1
81 47 74233 1
53 92 74320 0
58 51 74622 0
45 92 74833 0
54 60 74890 1
111 63 74933 1
109 59 75103 1
67 49 75123 0
81 46 75124 1
54 92 75195 0
59 72 75218 0
28 72 75225 0
98 79 75236 0
65 93 75298 0
29 70 75300 0
35 84 75375 0
48 92 75424 0
39 87 75448 0
29 67 75460 0
72 37 75490 1
94 82 75586 0
41 87 75697 0
67 70 75704 0
56 79 75729 1
74 75 75767 1
35 83 75824 0
37 86 75829 0
62 71 75857 0
33 81 75970 0
28 75 76066 0
64 48 76141 0
80 42 76273 1
28 76 76302 0
68 91 76355 0
109 58 76390 1
80 41 76604 1
90 85 76790 0
51 91 76818 0
88 86 76839 0
78 59 76893 1
77 37 77069 1
40 90 77076 0
71 37 77235 1
56 59 77445 1
52 91 77491 0
60 79 77491 1
31 85 77509 0
80 43 77541 1
83 87 77550 0
98 63 77600 0
58 72 77697 0
67 93 77765 0
67 91 77765 0
41 89 77768 0
74 89 77820 0
68 36 77832 1
111 64 77913 1
83 73 77954 1
112 63 78059 1
66 36 78081 1
74 37 78159 1
64 36 78308 1
59 37 78322 1
29 73 78360 0
48 91 78439 0
66 48 78477 0
72 36 78504 1
67 36 78533 1
104 74 78670 0
86 71 78687 1
75 37 78847 1
45 90 78866 0
29 69 78870 0
86 86 78871 0
50 39 78919 1
49 56 78983 0
45 59 78991 1
55 59 78994 1
57 78 79027 1
68 92 79053 0
65 47 79065 0
62 70 79119 0
79 54 79119 1
86 88 79120 0
65 92 79137 0
63 48 79193 0
52 92 79289 0
82 73 79302 1
47 91 79311 0
79 55 79376 1
75 38 79536 1
76 90 79578 0
48 93 79585 0
29 71 79613 0
61 92 79658 0
65 48 79662 0
30 66 79669 0
77 89 79685 0
29 64 79749 0
59 93 79767 0
32 80 79778 0
47 61 79801 1
46 90 79832 0
76 38 79874 1
75 89 79888 0
52 53 79903 0
56 38 79907 1
96 80 79955 0
39 86 79992 0
73 90 80019 0
98 62 80027 0
38 87 80128 0
55 94 80204 0
79 53 80252 1
87 86 80381 0
61 91 80417 0
57 93 80465 0
43 89 80521 0
80 53 80547 1
79 41 80563 1
56 78 80581 1
69 77 80647 1
66 93 80682 0
78 39 80719 1
65 36 80751 1
35 82 80792 0
39 87 80876 0
30 64 80885 0
38 85 80934 0
68 68 80961 0
51 92 81002 0
111 61 81078 1
85 86 81082 0
67 37 81121 1
56 73 81175 0
61 70 81189 0
30 76 81300 0
53 60 81334 1
53 77 81354 1
45 60 81401 1
49 91 81435 0
77 74 81453 1
71 77 81458 1
67 92 81534 0
53 52 81552 0
29 72 81569 0
63 36 81576 1
86 87 81584 0
61 37 81629 1
94 66 81638 1
79 74 81773 1
55 92 81881 0
99 77 81952 0
76 125 81960 1
45 89 82025 0
28 73 82051 0
69 66 82207 0
52 38 82209 1
56 37 82212 1
55 78 82216 1
53 78 82217 1
63 92 82228 0
112 62 82244 1
68 77 82247 1
67 78 82280 1
75 76 82320 1
62 36 82380 1
69 49 82479 0
92 83 82485 0
69 36 82589 1
65 78 82598 1
61 56 82707 1
63 93 82905 0
54 38 82907 1
29 71 82960 0
46 90 83000 0
85 88 83015 0
61 78 83037 1
57 73 83049 0
48 60 83105 1
32 79 83134 0
106 78 83222 1
106 57 83222 1
107 57 83282 1
42 90 83458 0
83 87 83463 0
46 61 83517 1
51 77 83600 1
49 61 83604 1
81 45 83759 1
72 90 83772 0
71 90 83827 0
41 87 83844 0
43 47 83871 1
93 82 83908 0
48 91 83970 0
28 66 83990 0
80 40 84039 1
110 67 84159 1
35 86 84170 0
100 77 84225 0
29 73 84276 0
47 91 84337 0
67 48 84547 0
103 75 84550 0
47 92 84641 0
29 77 84657 0
66 37 84690 1
61 36 84743 1
80 74 84753 1
103 58 84766 1
109 57 84860 1
78 38 85080 1
67 77 85169 1
62 93 85335 0
79 40 85600 1
61 71 85744 0
56 51 85842 0
28 78 85912 0
59 78 86022 1
80 42 86032 1
29 68 86233 0
35 83 86314 0
52 91 86368 0
58 50 86608 0
83 88 86807 0
29 63 86811 0
70 37 86979 1
111 60 86982 1
53 75 86992 0
44 45 87047 1
80 43 87065 1
109 58 87182 1
78 74 87372 1
75 74 87395 1
29 70 87465 0
58 92 87512 0
51 40 87539 1
49 56 87670 0
91 83 87699 0
55 93 87781 0
39 85 87896 0
79 89 87899 0
79 39 87917 1
97 80 87968 0
29 64 87977 0
50 92 88113 0
29 71 88222 0
30 62 88425 0
37 89 88427 0
55 73 88427 0
28 67 88466 0
75 75 88554 1
71 76 88554 1
29 67 88586 0
45 95 88647 0
64 78 88733 1
49 92 88828 0
77 38 88968 1
110 58 89076 1
55 95 89102 0
29 75 89135 0
74 37 89188 1
47 59 89189 1
58 94 89223 0
111 65 89299 1
91 68 89385 1
89 85 89430 0
68 47 89434 0
90 70 89447 1
111 59 89822 1
80 55 89949 1
27 73 89953 0
65 37 89986 1
90 84 90307 0
73 37 90308 1
99 61 90410 0
105 57 90528 1
29 61 90555 0
46 89 90578 0
80 90 90609 0
65 47 90628 0
51 75 90716 0
81 44 90807 1
29 68 90856 0
65 70 90916 0
60 57 90979 1
55 51 90987 0
51 91 91010 0
32 88 91042 0
77 39 91142 1
57 92 91175 0
75 37 91176 1
94 67 91236 1
59 36 91330 1
45 91 91371 0
46 90 91389 0
81 48 91488 1
76 74 91508 1
68 48 91537 0
69 67 91586 0
64 70 91592 0
38 85 91593 0
69 37 91630 1
49 91 91649 0
28 75 91690 0
110 57 91691 1
80 52 91705 1
68 36 91717 1
81 46 91755 1
62 78 91798 1
71 37 91881 1
74 36 92020 1
81 88 92026 0
81 47 92068 1
57 78 92113 1
62 92 92149 0
54 59 92155 1
76 38 92181 1
57 37 92205 1
81 43 92265 1
47 60 92286 1
63 78 92375 1
39 86 92396 0
29 69 92400 0
101 76 92401 0
57 58 92485 1
81 42 92541 1
60 36 92616 1
51 78 92686 1
29 63 92769 0
51 53 92786 0
73 36 92798 1
35 82 92812 0
26 68 92821 0
49 56 92827 0
107 57 92842 1
102 58 92932 1
54 78 92971 1
31 74 93012 0
30 61 93025 0
52 60 93074 1
50 60 93094 1
30 66 93144 0
67 91 93160 0
60 78 93246 1
90 69 93252 1
40 88 93279 0
78 39 93316 1
63 47 93326 0
77 37 93347 1
81 51 93396 1
111 63 93452 1
45 89 93481 0
56 78 93484 1
80 54 93493 1
82 46 93514 1
50 40 93514 1
59 37 93539 1
57 49 93566 0
71 36 93576 1
102 57 93577 1
82 48 93636 1
53 38 93641 1
57 59 93657 1
74 76 93667 1
46 59 93705 1
62 55 93721 1
55 78 93741 1
65 77 93840 1
70 77 93878 1
102 76 93879 0
79 56 93881 1
112 60 93930 1
62 70 93964 0
106 57 93970 1
75 63 94012 0
63 54 94067 1
58 37 94106 1
92 68 94170 1
68 47 94182 0
49 60 94198 1
72 36 94274 1
30 60 94327 0
63 36 94368 1
84 73 94440 1
76 37 94531 1
30 64 94552 0
40 49 94563 1
53 60 94649 1
74 89 94901 0
112 61 94920 1
82 45 94966 1
40 48 94978 1
29 62 95000 0
62 36 95106 1
65 36 95177 1
58 78 95188 1
82 44 95217 1
69 49 95246 0
70 36 95304 1
67 47 95317 0
53 92 95360 0
110 58 95381 1
45 59 95384 1
111 64 95403 1
68 48 95508 0
51 60 95543 1
50 41 95564 1
84 87 95858 0
101 58 95928 1
79 58 95933 1
109 55 96021 1
109 58 96022 1
64 36 96067 1
67 36 96101 1
49 92 96114 0
39 50 96220 1
61 78 96382 1
33 78 96397 0
41 87 96407 0
79 74 96421 1
72 75 96492 1
39 87 96565 0
105 58 96622 1
45 90 96791 0
111 60 96839 1
31 58 96960 0
44 88 96995 0
59 92 97027 0
92 54 97075 1
53 59 97098 1
54 92 97238 0
57 91 97253 0
111 58 97435 1
29 68 97436 0
79 88 97449 0
111 59 97509 1
61 70 97516 0
50 91 97527 0
81 50 97568 1
74 63 97582 0
99 62 97604 0
79 40 97664 1
95 81 97875 0
53 77 97918 1
54 52 97944 0
39 49 97981 1
74 37 98155 1
63 48 98208 0
81 49 98302 1
66 36 98330 1
112 63 98556 1
38 86 98616 0
79 39 98782 1
74 75 98914 1
83 87 98915 0
77 75 98957 1
80 41 98984 1
54 77 99003 1
30 68 99008 0
69 36 99055 1
29 63 99143 0
68 91 99176 0
46 89 99187 0
51 93 99187 0
51 77 99198 1
52 92 99207 0
48 60 99287 1
28 66 99466 0
112 62 99743 1
112 64 99890 1
85 72 99891 1
67 47 99911 0
64 92 100005 0
81 45 100030 1
35 84 100035 0
29 65 100041 0
77 74 100096 1
80 40 100235 1
68 36 100433 1
79 38 100484 1
29 71 100646 0
78 38 101198 1
109 57 101728 1
79 87 101777 0
50 91 101781 0
56 59 102016 1
83 73 102174 1
103 57 102353 1
26 73 102420 0
75 37 102546 1
93 68 102584 1
60 48 102663 0
86 86 102810 0
64 54 102916 1
81 44 103308 1
65 78 103437 1
40 88 103467 0
84 87 103783 0
107 57 103948 1
38 86 103993 0
48 61 104059 1
67 67 104258 0
65 35 104268 1
59 78 104294 1
61 91 104378 0
80 56 104396 1
74 74 104458 1
69 77 104492 1
72 89 104525 0
47 92 104574 0
81 73 104658 1
68 77 104695 1
52 59 104718 1
63 47 104764 0
75 36 104764 1
74 36 104769 1
81 41 104806 1
57 91 104834 0
82 73 104835 1
81 43 104898 1
66 35 104900 1
110 58 104943 1
93 67 105234 1
89 69 105268 1
77 38 105273 1
96 65 105274 1
69 47 105278 0
81 42 105280 1
63 78 105401 1
89 70 105403 1
79 57 105412 1
81 48 105484 1
35 82 105510 0
60 36 105522 1
34 82 105530 0
68 48 105552 0
103 74 105562 0
68 90 105563 0
57 39 105611 1
60 56 105611 1
61 36 105641 1
39 85 105652 0
65 47 105662 0
95 66 105748 1
112 65 105821 1
111 66 105822 1
42 88 105851 0
38 85 105854 0
81 46 105872 1
100 77 105878 0
81 47 105922 1
56 38 105927 1
106 57 105999 1
81 52 106002 1
59 56 106034 1
73 36 106156 1
60 49 106202 0
80 53 106289 1
101 59 106298 1
69 76 106315 1
69 35 106373 1
111 59 106417 1
51 39 106448 1
63 36 106519 1
45 89 106539 0
68 47 106550 0
49 40 106565 1
67 77 106642 1
57 78 106683 1
30 66 106721 0
47 60 106729 1
77 37 106752 1
29 65 106774 0
89 84 106834 0
55 37 106849 1
96 80 106861 0
46 60 106866 1
35 83 106868 0
82 43 106880 1
105 57 106961 1
31 73 106973 0
71 36 106973 1
58 36 106987 1
52 91 106996 0
59 36 107027 1
60 79 107047 1
33 81 107135 0
44 88 107209 0
55 78 107256 1
30 64 107262 0
29 73 107273 0
78 74 107290 1
85 86 107318 0
79 88 107361 0
33 57 107448 0
73 75 107475 1
31 74 107493 0
58 78 107502 1
62 36 107510 1
67 47 107521 0
102 8 107523 1
43 89 107582 0
45 60 107684 1
80 52 107730 1
14 113 107892 1
47 89 107898 0
61 78 107903 1
54 37 107950 1
50 60 108003 1
30 62 108024 0
91 84 108056 0
48 91 108143 0
39 86 108208 0
87 71 108228 1
46 58 108274 1
62 70 108278 0
51 91 108314 0
52 39 108317 1
56 78 108358 1
50 91 108391 0
33 78 108404 0
72 36 108410 1
94 66 108613 1
29 70 108666 0
65 54 108699 1
82 47 108847 1
46 89 108858 0
80 54 109015 1
47 59 109022 1
37 83 109027 0
64 48 109030 0
70 76 109050 1
68 35 109064 1
41 87 109096 0
46 90 109099 0
31 77 109125 0
29 72 109148 0
30 71 109192 0
107 71 109326 0
58 72 109474 0
70 36 109552 1
65 36 109618 1
108 56 109633 1
81 44 109706 1
49 60 109750 1
6 88 109777 1
64 35 109856 1
74 88 109945 0
51 38 109966 1
59 77 110043 1
81 53 110057 1
111 34 110165 1
38 50 110199 1
30 68 110252 0
52 74 110342 0
32 56 110385 0
68 36 110418 1
52 77 110559 1
42 88 110601 0
72 64 110610 0
70 35 110829 1
79 74 110897 1
80 55 110903 1
42 86 110982 0
38 86 111039 0
68 46 111080 0
69 50 111098 0
80 74 111185 1
110 57 111191 1
32 81 111315 0
81 40 111362 1
53 52 111403 0
55 60 111411 1
66 92 111490 0
30 59 111583 0
71 37 111763 1
45 59 112002 1
57 37 112052 1
53 77 112080 1
47 91 112126 0
39 85 112169 0
75 89 112353 0
29 63 112489 0
60 48 112697 0
30 71 112853 0
38 85 112887 0
34 82 112900 0
79 39 113070 1
80 39 113139 1
93 81 113233 0
82 49 113238 1
69 47 113326 0
47 90 113331 0
33 80 113366 0
111 67 113613 1
35 82 113637 0
69 36 113814 1
57 72 113863 0
74 36 113877 1
70 77 114005 1
70 66 114118 0
31 77 114202 0
61 70 114474 0
70 91 114756 0
48 59 114772 1
69 91 114906 0
56 90 114961 0
52 93 115039 0
49 39 115095 1
27 75 115177 0
60 49 115294 0
66 48 115309 0
82 45 115416 1
30 65 115488 0
57 77 115516 1
80 40 115702 1
55 77 115834 1
33 55 115978 0
43 92 115987 0
27 63 115995 0
55 92 116109 0
29 69 116244 0
112 60 116429 1
67 36 116465 1
65 46 116468 0
40 87 116496 0
75 75 116577 1
30 66 116627 0
56 58 116678 1
46 92 116695 0
29 64 116915 0
49 91 117085 0
84 72 117171 1
31 57 117204 0
109 57 117238 1
60 18 117410 0
71 90 117504 0
63 71 117615 0
112 62 117626 1
54 59 117744 1
112 61 117857 1
35 80 117984 0
16 11 118063 1
31 61 118258 0
51 59 118509 1
80 89 118577 0
54 52 118827 0
64 55 118852 1
51 77 118855 1
53 60 118855 1
64 70 118952 0
33 80 118959 0
85 87 119025 0
47 90 119132 0
75 37 119211 1
77 74 119249 1
54 75 119252 0
36 82 119444 0
32 77 119775 0
30 65 119779 0
112 63 120217 1
78 39 120273 1
85 73 120316 1
61 48 120336 0
30 64 120424 0
73 89 120460 0
40 86 120531 0
112 59 120562 1
75 74 120717 1
49 59 120719 1
111 58 120744 1
79 56 121093 1
63 35 121114 1
31 77 121235 0
57 58 121577 1
111 65 121595 1
29 65 121630 0
61 35 121632 1
32 78 121953 0
74 37 121961 1
31 74 122042 0
40 87 122423 0
23 3 122450 1
81 43 122622 1
81 42 122628 1
84 87 122802 0
47 61 122869 1
57 91 123004 0
29 68 123107 0
44 88 123149 0
79 87 123228 0
66 92 123321 0
57 50 123429 0
29 67 123652 0
33 78 123662 0
52 94 123666 0
30 69 123763 0
56 37 123839 1
36 82 123862 0
47 89 123880 0
59 48 123980 0
49 56 124205 0
52 53 124219 0
41 90 124225 0
41 49 124316 1
32 57 124380 0
31 73 124456 0
32 77 124910 0
68 67 124938 0
41 88 125060 0
65 71 125098 0
49 55 125240 0
38 90 125285 0
33 77 125304 0
45 88 125317 0
37 83 125348 0
28 64 125500 0
79 38 125636 1
79 37 125765 1
82 44 126293 1
61 48 126475 0
62 35 126568 1
64 91 126628 0
78 88 126930 0
46 59 127504 1
78 37 127958 1
73 89 128126 0
56 92 128169 0
40 86 128284 0
67 35 128289 1
53 59 128503 1
100 76 128591 0
29 74 128729 0
33 80 128776 0
51 60 128780 1
51 90 128911 0
88 70 128951 1
33 79 128958 0
32 78 129016 0
42 88 129368 0
41 41 129478 0
99 77 129539 0
62 48 129791 0
65 49 129835 0
111 59 129842 1
34 80 129980 0
107 56 129980 1
105 73 130035 0
110 58 130138 1
82 88 130284 0
81 41 130323 1
111 58 130350 1
39 89 130394 0
63 47 130528 0
90 69 130592 1
68 90 130657 0
77 37 130763 1
110 57 130791 1
83 72 130885 1
106 56 130956 1
60 36 130995 1
78 87 131002 0
82 42 131018 1
72 89 131055 0
65 77 131072 1
82 48 131079 1
54 38 131085 1
63 36 131091 1
45 88 131179 0
91 68 131183 1
81 50 131183 1
27 69 131189 0
68 47 131215 0
91 83 131275 0
30 63 131290 0
99 78 131295 0
83 87 131337 0
48 90 131343 0
75 36 131393 1
87 86 131416 0
82 73 131449 1
68 49 131485 0
63 77 131486 1
75 61 131491 0
81 51 131514 1
51 76 131518 1
71 76 131525 1
69 66 131531 0
63 69 131540 0
67 93 131573 0
46 88 131574 0
78 73 131586 1
53 76 131593 1
65 47 131594 0
51 92 131605 0
108 56 131668 1
56 49 131672 0
74 35 131693 1
92 68 131717 1
30 69 131723 0
63 78 131739 1
73 36 131788 1
67 47 131880 0
81 39 131887 1
30 65 131916 0
65 35 131935 1
45 89 131939 0
59 91 131948 0
46 89 131967 0
64 77 132019 1
72 36 132022 1
86 71 132024 1
68 77 132024 1
71 35 132030 1
82 46 132058 1
54 76 132106 1
94 81 132113 0
30 61 132144 0
71 36 132171 1
55 36 132171 1
72 35 132262 1
44 90 132264 0
112 60 132275 1
52 91 132284 0
48 60 132285 1
68 46 132298 0
76 36 132302 1
65 92 132321 0
57 92 132342 0
74 88 132361 0
112 64 132366 1
67 91 132393 0
40 87 132394 0
30 68 132425 0
42 86 132427 0
73 62 132434 0
81 42 132450 1
33 77 132493 0
75 35 132523 1
68 36 132570 1
58 77 132631 1
112 59 132643 1
92 67 132665 1
35 85 132689 0
89 84 132690 0
77 87 132693 0
90 84 132696 0
61 78 132740 1
84 73 132781 1
81 48 132788 1
31 71 132824 0
62 36 132877 1
61 91 132889 0
74 75 132907 1
66 35 132907 1
99 62 132910 0
36 82 132915 0
73 74 132923 1
50 59 132938 1
62 55 132967 1
30 71 133023 0
102 58 133068 1
51 40 133074 1
32 77 133102 0
64 94 133140 0
77 36 133173 1
42 87 133189 0
103 57 133198 1
74 89 133223 0
81 49 133262 1
69 47 133267 0
74 36 133305 1
73 35 133317 1
51 90 133320 0
85 86 133361 0
28 77 133382 0
86 86 133419 0
75 62 133484 0
47 89 133498 0
30 62 133536 0
76 61 133604 0
56 36 133629 1
85 72 133641 1
59 77 133674 1
79 38 133786 1
57 36 133789 1
62 70 133793 0
55 51 133798 0
109 56 133840 1
81 43 133852 1
49 76 133852 1
78 88 133886 0
33 79 133919 0
30 77 133973 0
53 77 133995 1
30 66 133999 0
82 43 134020 1
70 75 134033 1
47 60 134038 1
39 85 134050 0
61 92 134059 0
67 77 134092 1
59 36 134093 1
62 91 134122 0
52 59 134140 1
83 47 134179 1
35 80 134180 0
50 39 134183 1
81 47 134221 1
63 91 134255 0
81 40 134259 1
71 75 134300 1
41 87 134427 0
77 37 134447 1
60 49 134495 0
69 76 134510 1
58 78 134589 1
63 54 134634 1
65 78 134702 1
81 41 134741 1
34 80 134774 0
65 46 134800 0
57 77 134803 1
47 58 134804 1
30 64 134807 0
69 89 134811 0
80 38 134879 1
98 62 134916 0
45 88 134927 0
69 35 134929 1
111 58 134948 1
31 75 134954 0
58 92 134987 0
68 35 134995 1
52 76 135003 1
49 56 135010 0
50 40 135080 1
50 91 135140 0
112 63 135163 1
59 57 135187 1
61 77 135190 1
57 35 135252 1
105 72 135318 0
47 59 135325 1
81 73 135365 1
69 36 135395 1
76 87 135410 0
35 82 135434 0
34 55 135467 0
93 67 135495 1
51 91 135498 0
48 90 135574 0
37 83 135600 0
80 54 135601 1
74 35 135614 1
64 91 135654 0
60 35 135682 1
55 76 135722 1
65 77 135724 1
81 54 135748 1
62 48 135775 0
61 48 135785 0
63 77 135798 1
31 74 135858 0
81 52 135876 1
110 57 135878 1
77 73 135883 1
82 45 135898 1
60 36 135909 1
49 60 135939 1
81 44 136055 1
30 69 136094 0
77 74 136115 1
49 59 136143 1
59 37 136144 1
62 54 136174 1
44 45 136197 1
31 73 136249 0
51 59 136252 1
56 73 136274 0
58 57 136276 1
46 93 136284 0
82 44 136366 1
33 78 136452 0
95 66 136467 1
73 36 136553 1
70 36 136558 1
65 35 136641 1
81 42 136642 1
59 90 136686 0
102 57 136723 1
30 63 136752 0
72 75 136799 1
33 77 136807 0
34 79 136829 0
60 48 136897 0
81 50 136902 1
46 58 136979 1
83 46 137005 1
36 82 137070 0
75 36 137098 1
111 57 137153 1
82 42 137163 1
59 70 137185 0
82 49 137210 1
76 74 137226 1
66 69 137298 0
40 85 137312 0
63 69 137334 0
50 60 137338 1
63 35 137362 1
107 56 137369 1
46 88 137463 0
51 76 137485 1
99 61 137508 0
70 76 137516 1
79 37 137605 1
73 75 137638 1
30 65 137642 0
42 87 137708 0
57 57 137753 1
45 45 137794 1
53 91 137802 0
56 90 137959 0
31 61 137967 0
51 90 137970 0
79 39 137987 1
79 73 137987 1
36 86 137989 0
64 54 138006 1
82 50 138108 1
63 50 138195 0
80 55 138216 1
54 76 138227 1
55 91 138229 0
63 36 138308 1
42 86 138313 0
65 50 138432 0
78 73 138443 1
52 92 138464 0
30 68 138538 0
74 74 138614 1
53 37 138653 1
61 69 138707 0
72 36 138709 1
48 59 138790 1
30 75 138794 0
43 86 138795 0
50 59 138956 1
61 70 139002 0
68 46 139027 0
57 72 139072 0
74 36 139262 1
44 88 139290 0
95 65 139349 1
67 76 139394 1
48 76 139405 1
106 56 139433 1
58 77 139437 1
53 38 139446 1
61 35 139675 1
31 75 139750 0
64 35 139764 1
62 77 139816 1
83 44 139861 1
111 59 139887 1
68 36 139925 1
70 35 139981 1
34 79 140037 0
51 39 140057 1
71 36 140260 1
81 46 140336 1
41 48 140361 1
80 73 140470 1
60 77 140531 1
85 71 140575 1
93 66 140679 1
40 49 140735 1
64 77 140775 1
43 45 140803 1
63 92 140837 0
110 56 140903 1
36 84 140951 0
52 38 140995 1
54 51 141016 0
57 58 141028 1
58 36 141131 1
113 67 141168 1
78 57 141194 1
20 9 141221 1
79 36 141258 1
107 57 141271 1
91 69 141516 1
76 35 141604 1
81 51 141607 1
77 36 141611 1
108 56 141813 1
79 57 142009 1
33 82 142072 0
57 49 142087 0
82 41 142115 1
57 90 142189 0
76 36 142335 1
40 85 142418 0
49 90 142428 0
43 46 142472 1
61 55 142530 1
96 65 142580 1
71 35 142635 1
62 35 142688 1
62 48 142773 0
45 88 142917 0
30 60 142986 0
48 90 143044 0
68 90 143251 0
30 72 143283 0
40 86 143291 0
82 47 143342 1
31 71 143440 0
79 87 143624 0
33 79 143664 0
101 76 143726 0
112 60 143768 1
59 49 143989 0
67 67 144023 0
67 35 144054 1
73 89 144074 0
37 86 144138 0
67 68 144278 0
57 37 144423 1
78 36 144487 1
104 74 144495 0
51 53 144599 0
69 47 144638 0
34 80 144651 0
46 89 144750 0
62 47 144751 0
106 72 144765 0
72 89 144769 0
43 87 144773 0
47 90 144831 0
35 80 144895 0
55 77 144935 1
98 80 145054 0
78 87 145439 0
94 67 145483 1
37 81 145575 0
47 89 145719 0
94 81 145759 0
59 48 145862 0
99 60 145937 0
70 89 145965 0
63 95 146005 0
74 88 146187 0
49 56 146239 0
60 94 146312 0
30 69 146390 0
62 92 146516 0
76 38 146528 1
53 91 146693 0
49 54 146695 0
66 35 146895 1
30 71 146921 0
55 58 146927 1
42 87 146928 0
56 51 146967 0
34 79 146982 0
42 89 147021 0
71 77 147089 1
53 76 147252 1
49 90 147360 0
78 88 147381 0
31 67 147462 0
73 35 147599 1
79 38 147803 1
31 75 147820 0
62 36 147854 1
38 85 147923 0
82 86 147959 0
63 47 148132 0
30 66 148169 0
77 37 148221 1
87 70 148337 1
30 72 148445 0
81 40 148495 1
30 76 148620 0
61 78 148843 1
94 66 148856 1
33 77 149222 0
49 41 149464 1
30 63 149531 0
82 43 149576 1
81 39 149611 1
83 45 149669 1
109 56 149791 1
48 88 150021 0
53 92 150039 0
26 72 150077 0
44 90 150081 0
59 91 150083 0
36 84 150151 0
65 46 150172 0
37 87 150188 0
81 41 150245 1
85 85 150281 0
103 75 150287 0
43 87 150318 0
77 87 150395 0
34 56 150404 0
48 94 150475 0
34 81 150512 0
54 92 150517 0
55 91 150527 0
30 73 150723 0
41 88 150744 0
59 90 150753 0
56 58 150764 1
42 86 150769 0
41 85 150783 0
80 56 151055 1
84 72 151096 1
37 83 151328 0
48 56 151438 0
62 91 151581 0
28 69 151804 0
80 38 151821 1
65 68 151936 0
112 59 151947 1
30 75 152116 0
82 88 152381 0
40 84 152498 0
48 89 152622 0
32 76 152899 0
62 47 152973 0
57 77 153175 1
69 68 153297 0
67 46 153650 0
81 89 153674 0
32 74 153907 0
54 51 153943 0
65 53 154017 1
80 87 154051 0
31 77 154235 0
33 76 154268 0
93 82 154737 0
66 76 154849 1
110 57 154982 1
69 90 155127 0
35 90 155132 0
69 35 155218 1
81 53 155712 1
66 34 155829 1
48 58 155996 1
31 72 156037 0
80 37 156103 1
113 61 156154 1
72 35 156169 1
83 72 156349 1
82 48 156398 1
111 58 156448 1
113 60 156588 1
30 70 156686 0
88 84 156920 0
68 35 157043 1
99 108 157189 1
59 77 157209 1
38 84 157293 0
55 37 157310 1
111 56 157345 1
52 76 157533 1
75 74 157533 1
48 89 157546 0
59 35 157713 1
79 37 157783 1
69 48 157897 0
111 57 157916 1
107 56 157958 1
60 93 157999 0
90 68 158042 1
65 35 158195 1
71 76 158244 1
49 90 158301 0
32 76 158360 0
64 53 158467 1
61 77 158498 1
113 59 158615 1
87 71 158634 1
43 86 158657 0
0 0 158668 0
71 65 158740 0
108 56 158769 1
82 86 158770 0
75 36 158950 1
69 89 158963 0
107 55 158973 1
31 78 159017 0
75 35 159297 1
73 36 159400 1
53 77 159474 1
46 88 159494 0
55 76 159512 1
57 90 159555 0
60 36 159559 1
75 73 159562 1
82 72 159572 1
119 56 159669 1
123 85 159671 1
103 74 159675 0
89 69 159699 1
60 123 159715 1
63 77 159745 1
82 45 159801 1
63 78 159819 1
51 90 159863 0
63 91 159897 0
60 35 159901 1
82 40 159988 1
69 76 160013 1
67 46 160067 0
32 74 160099 0
65 77 160116 1
59 36 160124 1
110 68 160151 1
47 58 160182 1
82 42 160536 1
36 83 160536 0
112 59 160610 1
82 44 160614 1
33 76 160615 0
40 85 160715 0
109 68 160768 1
77 36 160787 1
63 35 160923 1
51 59 161054 1
49 59 161068 1
74 35 161100 1
52 90 161221 0
47 60 161295 1
31 65 161506 0
76 87 161516 0
30 72 161525 0
41 85 161709 0
68 46 161717 0
31 73 161813 0
79 74 161828 1
58 49 161933 0
50 59 161959 1
51 89 161992 0
49 58 161994 1
63 69 162016 0
35 80 162030 0
39 86 162031 0
36 82 162099 0
31 71 162114 0
100 76 162218 0
65 34 162259 1
109 56 162264 1
47 59 162274 1
81 52 162285 1
32 58 162327 0
61 35 162333 1
91 68 162424 1
54 76 162501 1
72 34 162525 1
85 72 162737 1
31 72 162742 0
93 81 162799 0
81 50 162846 1
33 125 162987 1
106 56 163183 1
39 85 163250 0
30 65 163360 0
38 84 163365 0
78 73 163369 1
58 77 163441 1
111 102 163442 1
28 126 163465 1
75 123 163480 1
30 70 163497 0
62 77 163506 1
79 56 163545 1
74 36 163563 1
49 56 163565 1
60 77 163566 1
59 77 163579 1
81 41 163633 1
81 55 163671 1
79 73 163803 1
66 35 163804 1
65 76 163807 1
71 64 163820 0
110 56 163850 1
96 64 163857 1
52 59 163994 1
46 58 164001 1
57 91 164007 0
80 87 164030 0
112 57 164040 1
30 64 164066 0
36 85 164086 0
60 56 164097 1
113 62 164153 1
83 42 164192 1
71 35 164224 1
31 61 164235 0
104 73 164320 0
76 88 164323 0
82 51 164373 1
59 70 164388 0
40 48 164438 1
81 40 164472 1
68 47 164503 0
89 84 164541 0
32 77 164630 0
64 77 164630 1
76 36 164663 1
37 81 164678 0
56 76 164734 1
51 76 164967 1
62 48 164969 0
71 32 164970 1
40 84 164995 0
32 76 165017 0
48 88 165028 0
48 89 165080 0
89 85 165122 0
76 73 165457 1
30 73 165491 0
106 55 165520 1
112 63 165641 1
83 48 165641 1
75 88 165713 0
81 42 165761 1
72 36 165761 1
79 38 165823 1
50 39 165823 1
31 74 165892 0
70 89 165894 0
56 90 165924 0
54 37 165984 1
73 35 166006 1
56 36 166019 1
79 58 166331 1
68 34 166531 1
81 39 166563 1
34 79 166675 0
47 77 166718 1
39 84 166739 0
54 58 166905 1
35 79 167010 0
103 57 167204 1
74 90 167248 0
52 90 167323 0
103 56 167343 1
45 59 167371 1
54 74 167421 0
70 35 167444 1
80 38 167475 1
31 67 167520 0
34 81 167592 0
33 58 167655 0
45 88 167867 0
112 65 167880 1
52 91 167913 0
43 87 168059 0
33 78 168193 0
30 68 168506 0
79 88 168508 0
59 49 168520 0
61 69 168873 0
108 55 168873 1
62 35 169072 1
41 84 169157 0
55 73 169396 0
92 83 169404 0
36 83 169997 0
79 87 170214 0
82 41 170306 1
45 44 170333 1
96 80 170613 0
80 88 170639 0
48 59 170669 1
69 90 170717 0
111 57 170727 1
69 48 170776 0
82 43 170795 1
91 83 170823 0
81 38 170835 1
69 66 171053 0
66 89 171071 0
63 46 171204 0
83 87 171220 0
77 73 171298 1
70 76 171325 1
56 49 171469 0
87 84 171500 0
58 76 171516 1
70 66 171555 0
98 79 171572 0
78 87 171639 0
93 67 171700 1
79 37 171797 1
61 48 171832 0
65 90 171884 0
86 71 171963 1
78 36 171977 1
30 62 171996 0
108 56 172012 1
52 74 172018 0
80 55 172025 1
109 56 172028 1
33 76 172031 0
79 41 172045 1
75 61 172115 0
39 84 172161 0
49 88 172226 0
82 87 172268 0
68 35 172287 1
35 78 172310 0
65 35 172320 1
67 46 172337 0
34 82 172345 0
57 77 172387 1
92 67 172415 1
58 90 172458 0
77 87 172460 0
32 74 172525 0
42 86 172543 0
74 88 172575 0
46 88 172601 0
77 74 172607 1
69 35 172646 1
72 90 172650 0
47 126 172680 1
76 35 172681 1
53 52 172730 0
82 49 172757 1
67 45 172792 0
69 47 172847 0
85 87 172856 0
83 49 172944 1
37 84 172965 0
82 42 173019 1
63 54 173035 1
61 77 173132 1
31 70 173212 0
53 58 173224 1
105 55 173277 1
63 77 173296 1
81 51 173324 1
43 86 173336 0
82 38 173345 1
71 43 173398 1
71 36 173399 1
79 36 173400 1
72 35 173486 1
88 70 173489 1
31 64 173503 0
83 41 173519 1
53 53 173543 0
65 46 173545 0
72 75 173644 1
52 76 173678 1
62 47 173692 0
75 35 173724 1
73 74 173738 1
50 58 173745 1
112 59 173761 1
68 93 173766 0
33 74 173772 0
69 89 173791 0
80 37 173794 1
55 76 173958 1
81 72 173984 1
77 36 174108 1
48 88 174302 0
84 87 174303 0
35 79 174506 0
51 89 174559 0
59 90 174766 0
31 72 174782 0
37 90 174819 0
51 54 174881 0
55 58 174889 1
47 87 174898 0
61 90 174959 0
31 65 174968 0
31 71 174979 0
68 91 174981 0
67 76 174986 1
85 85 175029 0
77 88 175074 0
62 55 175091 1
57 51 175222 0
68 90 175280 0
56 91 175294 0
66 53 175308 1
112 58 175311 1
47 57 175349 1
110 55 175374 1
82 48 175395 1
31 68 175405 0
113 58 175426 1
83 72 175554 1
75 88 175566 0
88 84 175592 0
61 76 175617 1
113 61 175664 1
51 90 175674 0
64 34 175751 1
83 47 175903 1
67 34 175913 1
91 67 175921 1
74 35 176026 1
59 56 176081 1
56 92 176140 0
60 55 176153 1
59 35 176166 1
110 56 176184 1
48 58 176198 1
50 38 176217 1
66 76 176224 1
33 77 176286 0
90 69 176346 1
59 77 176408 1
81 53 176442 1
31 69 176461 0
62 54 176488 1
98 78 176492 0
51 58 176536 1
65 77 176610 1
109 55 176669 1
47 84 176688 0
47 96 176688 0
30 69 176689 0
73 75 176732 1
72 74 176733 1
37 81 176747 0
97 79 176830 0
41 85 176928 0
81 39 176964 1
61 47 177144 0
107 55 177178 1
49 59 177178 1
55 36 177212 1
51 38 177317 1
59 76 177490 1
54 76 177503 1
96 65 177544 1
78 35 177556 1
31 70 177628 0
57 58 177657 1
58 35 177683 1
71 75 177729 1
111 56 177734 1
57 57 177814 1
34 55 177979 0
69 76 178023 1
61 34 178098 1
31 67 178100 0
121 51 178146 1
53 93 178182 0
83 86 178201 0
81 40 178322 1
77 35 178406 1
71 34 178425 1
50 59 178685 1
42 89 178928 0
60 35 178974 1
61 35 179252 1
49 60 179551 1
82 40 179603 1
46 57 179648 1
57 35 179699 1
80 58 179817 1
82 44 179926 1
92 68 180045 1
65 90 180117 0
84 71 180376 1
31 68 180458 0
52 90 180504 0
82 45 180523 1
38 84 180582 0
73 35 180633 1
87 85 180668 0
59 71 180680 0
82 86 180696 0
80 38 180801 1
82 87 181025 0
30 70 181155 0
41 84 181167 0
82 50 181254 1
59 47 181413 0
66 34 181770 1
79 37 181953 1
74 74 181975 1
31 69 182034 0
88 86 182122 0
63 68 182141 0
90 83 182194 0
51 59 182322 1
81 38 182339 1
56 57 182372 1
54 72 182569 1
37 83 182576 0
82 72 182702 1
68 46 182738 0
55 52 182767 0
32 78 182857 0
31 61 182861 0
57 76 182976 1
39 84 183007 0
43 90 183033 0
37 85 183174 0
39 49 183244 1
31 64 183287 0
66 89 183496 0
66 35 183496 1
76 88 183535 0
32 55 183550 0
35 83 183560 0
63 35 183593 1
47 58 183601 1
111 57 183694 1
65 52 183777 1
47 89 183866 0
100 77 183984 0
29 66 184017 0
37 82 184055 0
35 78 184164 0
63 70 184214 0
78 73 184427 1
49 88 184546 0
34 78 184575 0
71 89 184580 0
61 47 184696 0
81 52 184710 1
32 76 184716 0
99 77 184989 0
64 91 185199 0
83 85 185216 0
59 57 185289 1
113 60 185421 1
30 66 185528 0
61 90 185638 0
66 91 185673 0
33 74 185683 0
109 56 185831 1
83 46 185883 1
81 54 186030 1
95 66 186062 1
33 57 186177 0
58 90 186223 0
49 56 186223 1
65 34 186548 1
71 35 186701 1
83 86 186720 0
34 77 186900 0
48 88 186910 0
85 86 186925 0
76 87 187138 0
41 86 187184 0
83 44 187292 1
88 85 187383 0
61 70 187514 0
36 81 187661 0
64 77 188094 1
53 91 188102 0
69 46 188114 0
56 91 188186 0
54 93 188301 0
76 61 188358 0
37 82 188431 0
61 91 188634 0
41 87 188678 0
37 84 188746 0
31 66 189025 0
55 72 189281 0
106 55 189474 1
60 70 189598 0
57 90 189731 0
113 63 189943 1
34 78 189977 0
65 68 190191 0
82 85 190505 0
60 48 190600 0
64 47 190608 1
73 64 190672 0
33 76 190809 0
112 57 190927 1
68 48 191043 0
32 79 191230 0
70 90 191240 0
83 45 191271 1
34 77 191331 0
68 67 191874 0
52 58 192267 1
82 42 192362 1
29 71 192856 0
60 90 192971 0
31 120 193002 1
70 75 193074 1
80 57 193107 1
53 36 193140 1
97 64 193202 1
51 39 193394 1
33 75 193551 0
74 73 193665 1
58 91 193806 0
36 81 194002 0
64 76 194015 1
82 41 194126 1
94 66 194145 1
49 58 194353 1
58 76 194901 1
68 34 194994 1
108 55 194994 1
88 69 195209 1
48 89 195733 0
41 86 195811 0
32 73 196332 0
30 67 196681 0
75 35 196755 1
69 46 196985 0
101 57 196988 1
103 74 197145 0
85 71 197198 1
95 65 197232 1
113 59 197350 1
63 76 197379 1
65 53 197385 1
66 89 197390 0
107 71 197540 0
81 37 197551 1
67 45 197569 0
74 35 197642 1
77 36 197642 1
107 55 197653 1
74 34 197693 1
107 70 197708 0
102 58 197742 1
80 69 197759 1
80 72 197759 1
80 87 197774 0
76 35 197790 1
65 35 197822 1
93 81 197877 0
68 75 197928 1
87 85 197944 0
87 84 197957 0
65 76 197994 1
62 76 198052 1
55 90 198053 0
50 89 198067 0
81 87 198080 0
62 34 198084 1
112 56 198086 1
60 76 198114 1
76 73 198120 1
61 77 198121 1
109 55 198167 1
52 38 198292 1
79 87 198301 0
67 67 198308 0
100 76 198314 0
63 46 198339 0
77 87 198342 0
54 51 198344 0
102 57 198344 1
75 87 198345 0
70 89 198363 0
63 34 198376 1
110 56 198396 1
55 76 198396 1
72 64 198401 0
63 77 198401 1
35 80 198412 0
73 62 198426 0
89 84 198427 0
51 75 198448 1
61 69 198468 0
90 84 198488 0
108 70 198507 0
54 58 198517 1
71 89 198529 0
59 70 198591 0
104 73 198600 0
52 37 198601 1
81 72 198605 1
105 72 198629 0
106 55 198637 1
40 85 198642 0
93 66 198689 1
80 37 198833 1
73 73 198843 1
86 71 198925 1
69 34 198950 1
63 69 198998 0
110 55 199013 1
94 65 199036 1
102 56 199038 1
37 82 199039 0
36 88 199066 0
71 74 199086 1
69 89 199119 0
53 38 199154 1
47 87 199202 0
82 39 199247 1
87 70 199274 1
85 85 199289 0
56 49 199329 0
79 36 199389 1
28 70 199440 0
73 87 199457 0
98 78 199467 0
69 65 199487 0
69 75 199502 1
91 68 199509 1
105 55 199553 1
54 75 199558 1
58 49 199564 0
61 76 199581 1
108 55 199584 1
103 56 199594 1
57 71 199613 0
72 65 199616 0
51 89 199621 0
56 90 199631 0
75 73 199639 1
56 76 199647 1
65 46 199652 0
66 76 199671 1
54 36 199685 1
44 44 199694 1
63 54 199710 1
35 79 199718 0
98 63 199796 1
53 58 199797 1
60 36 199806 1
72 89 199861 0
72 34 199866 1
67 34 199871 1
86 86 199882 0
55 71 199919 0
43 86 199929 0
64 34 199981 1
0 0 200010 0
