39 57 0 0
61 75 39 1
41 91 109 0
91 84 162 0
67 39 176 1
64 67 259 1
106 49 336 1
57 33 368 1
68 99 484 0
37 87 560 0
43 46 597 0
57 98 600 0
38 89 627 0
87 68 664 1
58 34 690 1
71 98 702 0
68 56 718 1
62 99 738 0
63 69 792 1
114 58 997 1
105 71 1092 0
64 99 1142 0
114 56 1272 1
69 57 1326 1
89 69 1511 1
84 67 1512 1
111 49 1680 1
66 38 1680 1
93 66 1685 0
98 56 1747 1
42 90 1799 0
37 64 1829 0
61 79 2095 1
41 90 2122 0
35 86 2275 0
32 82 2313 0
67 40 2359 1
63 36 2455 1
68 78 2461 1
32 81 2520 0
36 65 2537 0
101 77 2545 1
65 66 2926 1
69 43 2952 1
67 60 2980 1
65 80 3222 1
62 71 3357 1
65 37 3488 1
60 33 3596 1
69 56 3611 1
68 80 3651 1
98 6 3836 1
110 44 4059 0
62 36 4098 1
69 49 4253 1
69 51 4327 1
55 97 4712 0
47 93 4715 0
69 55 5089 1
68 42 5586 1
34 85 5647 0
40 92 5671 0
62 98 5704 0
69 53 5905 1
32 85 5946 0
44 93 6148 0
31 74 6401 0
56 97 6407 0
35 87 6677 0
49 95 6791 0
114 57 6838 1
112 50 6944 1
71 99 7411 0
63 80 7526 1
113 55 7754 1
108 48 7812 1
66 39 7971 1
109 48 8060 1
69 78 8112 1
69 47 8334 1
37 89 8629 0
101 79 8631 1
108 70 8852 0
71 97 8937 0
114 54 8985 1
107 71 9230 0
93 83 9233 0
90 84 9272 0
62 80 9315 1
113 51 9319 1
60 76 9397 1
68 41 9466 1
58 33 9609 1
60 79 9643 1
96 82 9679 0
73 97 9735 0
91 83 9744 0
37 87 9985 0
70 49 10039 1
83 67 10089 1
70 45 10093 1
69 44 10123 1
51 96 10168 0
103 76 10223 1
85 68 10304 1
50 95 10443 0
57 99 10455 0
88 68 10539 1
114 55 10566 1
61 98 10606 0
62 34 10618 1
59 34 10621 1
113 52 10697 1
66 80 10698 1
41 53 10769 0
36 87 10782 0
114 58 10831 1
67 79 10875 1
87 68 10964 1
70 48 10982 1
37 86 10985 0
69 52 11030 1
58 99 11060 0
39 59 11136 0
37 61 11139 0
61 80 11181 1
114 60 11194 1
69 45 11407 1
114 56 11410 1
70 78 11422 1
69 41 11423 1
77 96 11521 0
69 50 11665 1
70 46 11772 1
61 33 11836 1
51 95 11837 0
61 34 11891 1
65 64 11922 1
38 62 11929 0
114 59 11974 1
41 50 12036 0
59 33 12062 1
114 62 12175 1
34 84 12203 0
55 33 12246 1
67 39 12297 1
53 96 12301 0
42 91 12364 0
70 77 12372 1
67 40 12441 1
114 61 12463 1
83 68 12514 1
90 69 12514 1
39 56 12524 0
110 48 12621 1
45 93 12632 0
95 83 12793 0
103 51 12802 0
79 95 12824 0
89 69 12850 1
42 90 12870 0
31 75 12873 0
56 97 12926 0
57 97 13026 0
113 53 13032 1
112 50 13066 1
87 67 13100 1
63 35 13142 1
65 37 13144 1
70 51 13171 1
31 79 13283 0
86 67 13288 1
103 74 13348 1
37 63 13387 0
86 68 13424 1
114 57 13442 1
66 37 13463 1
111 49 13663 1
85 67 13793 1
31 80 13863 0
43 45 13868 0
45 91 13926 0
97 83 14065 0
65 67 14132 1
69 54 14165 1
48 94 14201 0
114 53 14211 1
70 99 14287 0
65 99 14330 0
38 90 14356 0
78 96 14475 0
64 35 14477 1
44 92 14477 0
42 51 14750 0
35 86 14852 0
32 81 14887 0
32 71 14933 0
66 38 15009 1
103 52 15120 0
69 42 15249 1
32 74 15347 0
72 98 15357 0
76 96 15517 0
41 90 15520 0
33 84 15554 0
58 97 15740 0
78 95 15839 0
58 98 15907 0
68 40 16128 1
43 47 16203 0
65 36 16222 1
64 98 16261 0
103 75 16373 1
57 33 16490 1
68 41 16524 1
33 81 16720 0
43 91 16740 0
101 54 16751 1
98 82 16829 0
64 80 16858 1
65 35 16971 1
66 75 17025 0
37 87 17283 0
32 83 17394 0
68 58 17416 1
94 63 17445 0
67 61 17619 1
81 69 17621 1
80 94 17981 0
70 43 18025 1
106 72 18296 0
69 43 18449 1
68 60 18466 1
93 66 18600 0
32 72 18657 0
74 70 18794 0
109 48 18824 1
38 63 19029 0
40 51 19042 0
61 79 19089 1
68 57 19129 1
66 63 19541 1
104 73 19673 1
53 34 19994 1
49 94 20351 0
66 62 20662 1
37 86 20791 0
55 34 20860 1
63 34 21020 1
31 73 21088 0
32 84 21121 0
60 33 21147 1
107 72 21152 0
38 87 21234 0
33 83 21273 0
44 92 21401 0
87 68 21440 1
36 64 21685 0
62 73 21718 1
53 95 21742 0
33 84 21744 0
114 63 22073 1
114 54 22191 1
113 51 22212 1
113 64 22265 1
45 94 22330 0
107 70 22351 0
114 55 22363 1
44 45 22420 0
114 56 22449 1
107 48 22548 1
60 32 22737 1
53 2 22806 1
93 65 22848 0
62 34 22850 1
81 93 22867 0
69 51 22919 1
70 50 22935 1
108 47 23003 1
96 82 23152 0
111 48 23234 1
109 47 23390 1
108 48 23402 1
88 68 23416 1
70 45 23425 1
72 76 23468 1
64 34 23507 1
63 36 23655 1
61 80 23661 1
69 44 23740 1
99 55 23791 1
114 58 23796 1
82 20 23814 1
67 39 23859 1
70 49 23879 1
114 57 23936 1
113 52 23948 1
61 76 23990 1
19 2 24019 1
67 62 24092 1
65 37 24094 1
31 8 24147 1
84 67 24195 1
34 85 24214 0
70 44 24263 1
56 32 24285 1
94 62 24332 0
91 79 24373 1
74 75 24384 1
108 70 24450 0
59 33 24493 1
59 97 24524 0
68 39 24526 1
112 50 24579 1
66 37 24589 1
43 91 24610 0
69 53 24626 1
70 46 24645 1
110 47 24676 1
60 79 24756 1
89 68 24789 1
32 82 24911 0
69 52 24953 1
61 78 24974 1
61 98 25018 0
114 61 25080 1
114 60 25263 1
57 32 25280 1
61 33 25395 1
44 44 25409 0
34 84 25419 0
77 95 25510 0
71 76 25527 1
35 84 25599 0
67 40 25655 1
91 83 25699 0
58 33 25722 1
70 53 25724 1
62 80 25773 1
45 91 25777 0
119 114 25778 1
49 94 25781 0
69 56 25857 1
47 93 25883 0
107 49 25891 1
108 71 26028 0
113 50 26086 1
41 52 26104 0
65 66 26159 1
38 61 26167 0
65 65 26237 1
62 98 26245 0
63 80 26298 1
65 80 26387 1
88 67 26465 1
55 97 26492 0
52 94 26507 0
56 97 26548 0
53 95 26577 0
31 77 26621 0
42 90 26653 0
38 87 26680 0
69 57 26738 1
59 32 26755 1
32 73 26882 0
43 92 26903 0
69 55 26948 1
86 67 26971 1
70 48 26976 1
92 83 27080 0
67 38 27085 1
65 79 27088 1
33 83 27175 0
83 67 27240 1
35 85 27327 0
69 41 27473 1
40 58 27477 0
57 98 27479 0
66 36 27691 1
61 75 27843 1
87 67 27902 1
32 79 27913 0
106 48 27922 1
90 69 28048 1
55 33 28067 1
114 59 28068 1
102 78 28093 1
111 50 28314 1
110 48 28430 1
57 97 28534 0
68 41 28642 1
32 74 28673 0
40 52 28790 0
64 80 29102 1
57 33 29519 1
65 36 29538 1
70 51 29657 1
43 48 29693 0
66 79 29823 1
114 53 29845 1
37 86 30067 0
58 97 30115 0
37 87 30224 0
34 86 30227 0
69 40 30251 1
45 44 30582 0
33 81 30731 0
36 87 30738 0
68 40 30741 1
61 79 30904 1
100 55 30969 1
40 53 31026 0
90 68 31172 1
60 99 31220 0
32 79 31737 0
31 77 31739 0
67 97 31827 0
38 91 31898 0
59 99 31913 0
82 92 31949 0
33 84 31995 0
39 59 32003 0
74 97 32091 0
92 84 32192 0
32 81 32198 0
68 38 32336 1
41 51 32425 0
102 52 32440 0
49 96 32550 0
41 48 32602 0
92 66 32663 0
93 83 32733 0
35 85 32771 0
36 63 32939 0
111 49 32978 1
114 62 33104 1
109 70 33553 0
75 96 33591 0
37 88 33922 0
92 83 34143 0
56 98 34207 0
39 90 34611 0
114 54 34675 1
113 51 34899 1
95 60 34986 0
114 52 34991 1
114 55 35199 1
67 68 35582 1
67 39 35582 1
114 56 35968 1
85 67 36092 1
67 79 36249 1
66 37 36276 1
62 34 36386 1
70 45 36408 1
71 77 36455 1
66 80 36475 1
32 73 36499 0
70 49 36548 1
61 77 36577 1
70 52 36695 1
69 97 36802 0
65 35 36836 1
71 97 36847 0
62 79 36903 1
60 33 36916 1
32 80 37057 0
70 50 37066 1
70 43 37128 1
67 37 37129 1
70 44 37228 1
103 76 37334 1
41 53 37355 0
79 46 37451 1
53 95 37471 0
91 69 37485 1
59 33 37495 1
94 65 37604 0
42 47 37809 0
59 97 37814 0
103 75 37854 1
81 68 37890 1
89 67 37922 1
96 82 37947 0
91 68 38079 1
38 87 38162 0
113 50 38323 1
52 94 38353 0
108 70 38376 0
45 91 38454 0
49 94 38488 0
64 34 38542 1
34 84 38543 0
38 62 38607 0
61 33 38653 1
61 32 38671 1
35 84 38685 0
43 46 38691 0
41 90 38696 0
107 70 38767 0
32 79 38777 0
64 97 38781 0
75 96 38813 0
42 90 38843 0
70 46 38906 1
59 98 38939 0
112 48 39008 1
46 94 39067 0
44 43 39108 0
47 94 39108 0
110 47 39145 1
61 78 39272 1
33 82 39381 0
90 83 39418 0
51 95 39422 0
38 88 39449 0
45 42 39468 0
43 91 39523 0
33 83 39695 0
113 49 39712 1
14 64 39796 1
52 95 39823 0
60 32 39846 1
65 68 39885 1
35 86 40037 0
67 38 40067 1
82 68 40113 1
71 98 40132 0
77 72 40224 1
68 78 40226 1
69 59 40234 1
32 80 40321 0
68 39 40324 1
70 42 40340 1
66 99 40361 0
88 67 40365 1
63 99 40606 0
69 41 40698 1
64 98 40748 0
42 48 40824 0
54 33 40879 1
113 62 40935 1
59 32 41197 1
37 86 41216 0
44 45 41220 0
39 88 41361 0
63 35 41380 1
35 83 41424 0
94 63 41443 0
31 74 41662 0
85 66 41750 1
82 67 41767 1
66 65 41799 1
84 67 41988 1
33 71 42245 0
32 72 42300 0
39 57 42340 0
63 33 42353 1
31 75 42385 0
62 33 42387 1
42 51 42462 0
68 58 42525 1
63 34 42525 1
65 36 42538 1
61 98 42551 0
50 93 42774 0
67 98 42857 0
70 55 42985 1
86 67 42987 1
101 54 42999 1
70 48 43081 1
33 82 43159 0
66 37 43181 1
64 80 43189 1
34 85 43307 0
40 89 43347 0
61 73 43448 1
86 66 43459 1
58 33 43470 1
70 45 43552 1
114 53 43610 1
68 98 43638 0
65 67 43790 1
67 78 43821 1
32 80 43827 0
114 54 43915 1
51 94 44178 0
70 41 44213 1
109 47 44255 1
33 81 44281 0
63 79 44316 1
32 74 44372 0
65 37 44399 1
65 98 44409 0
69 78 44599 1
87 67 44754 1
64 70 44930 1
114 57 44945 1
31 77 45002 0
70 51 45143 1
52 95 45469 0
70 98 45783 0
38 63 45984 0
112 66 46138 1
70 44 46263 1
76 95 46307 0
38 88 46426 0
70 53 46663 1
39 89 46733 0
65 34 46794 1
40 57 47017 0
111 47 47449 1
89 12 47468 1
69 98 47594 0
114 52 47643 1
69 58 47697 1
104 73 47793 1
80 93 47965 0
39 88 48097 0
35 85 48161 0
73 97 48226 0
107 71 48248 0
68 59 48331 1
40 89 48379 0
41 89 48563 0
66 98 48690 0
87 68 48868 1
75 96 49015 0
39 63 49040 0
96 58 49247 0
113 50 49261 1
114 51 49285 1
37 64 49306 0
40 58 49338 0
39 53 49353 0
69 40 49362 1
68 38 49474 1
90 68 49517 1
103 54 49550 1
50 93 49628 0
59 98 49693 0
70 54 49746 1
66 36 49746 1
65 80 49780 1
58 97 49785 0
91 83 49786 0
61 99 49851 0
62 99 49927 0
100 54 49931 1
46 91 50005 0
114 63 50052 1
65 35 50063 1
51 94 50213 0
70 43 50345 1
70 49 50562 1
57 97 50632 0
57 32 50728 1
61 76 50734 1
67 97 50755 0
67 37 50756 1
103 74 50778 1
109 46 50823 1
52 94 50843 0
64 79 50863 1
70 77 50894 1
56 96 50902 0
54 96 50928 0
113 51 50998 1
61 33 51068 1
115 58 51150 1
62 79 51184 1
69 97 51208 0
65 66 51213 1
70 78 51215 1
56 32 51233 1
33 82 51316 0
63 98 51400 0
70 50 51419 1
115 56 51484 1
69 39 51558 1
62 73 51612 1
83 67 51619 1
64 34 51627 1
114 61 51658 1
67 99 51686 0
88 66 51699 1
70 40 51724 1
43 47 51724 0
66 35 51761 1
68 98 51795 0
112 48 51847 1
67 38 51886 1
58 96 51890 0
32 73 51893 0
90 67 51894 1
66 66 51894 1
67 98 52165 0
89 67 52191 1
49 93 52231 0
45 91 52237 0
70 52 52475 1
45 90 52512 0
61 78 52516 1
52 96 52520 0
60 32 52534 1
35 84 52627 0
69 56 52643 1
67 79 52691 1
33 69 52697 0
62 98 52709 0
69 57 52728 1
54 95 52792 0
38 87 52810 0
41 89 52823 0
57 33 52894 1
69 41 52944 1
67 63 53044 1
32 71 53051 0
31 81 53087 0
104 74 53102 1
115 59 53127 1
59 33 53155 1
41 54 53276 0
73 75 53284 1
115 61 53423 1
110 47 53475 1
32 80 53582 0
61 32 53660 1
46 91 53673 0
65 98 53683 0
85 67 53716 1
65 79 53729 1
59 97 53792 0
99 54 53843 1
88 67 53844 1
43 90 53846 0
44 92 54000 0
61 75 54007 1
32 81 54033 0
69 77 54100 1
59 32 54106 1
68 38 54116 1
95 82 54244 0
114 64 54253 1
66 98 54336 0
108 47 54453 1
35 83 54501 0
50 77 54579 1
50 94 54579 0
56 96 54748 0
33 70 54783 0
32 79 54783 0
95 60 54815 0
67 61 54830 1
39 59 54883 0
32 82 54910 0
41 52 54916 0
34 84 55014 0
115 55 55062 1
37 86 55196 0
76 96 55272 0
39 86 55291 0
40 89 55324 0
53 95 55560 0
64 33 55575 1
37 87 55749 0
55 33 55994 1
107 47 56046 1
92 83 56072 0
67 39 56216 1
64 97 56221 0
76 73 56362 1
113 49 56443 1
66 37 56454 1
62 34 56501 1
42 90 56581 0
101 53 56628 1
69 98 56645 0
28 120 56669 1
103 77 56671 1
110 46 56707 1
63 33 56916 1
62 74 56959 1
106 49 56978 1
48 92 57090 0
33 78 57124 0
77 95 57171 0
70 45 57538 1
70 56 57662 1
114 52 57694 1
54 95 57901 0
49 93 58082 0
114 58 58257 1
98 55 58279 1
32 77 58357 0
63 79 58552 1
69 40 58566 1
43 90 58660 0
41 53 58737 0
70 51 58881 1
63 100 58904 0
54 96 58918 0
109 48 58955 1
42 50 59143 0
70 41 59299 1
72 96 59464 0
74 75 59525 1
70 44 59542 1
95 61 59588 0
39 52 59668 0
56 97 59755 0
70 53 60124 1
68 37 60138 1
58 98 60219 0
38 61 60317 0
65 35 60423 1
41 89 60879 0
70 54 60900 1
31 72 60938 0
67 36 60951 1
114 55 61046 1
95 82 61086 0
78 95 61205 0
50 94 61209 0
70 55 61221 1
95 62 61638 0
109 69 61797 0
108 70 62073 0
96 82 62215 0
39 89 62286 0
37 62 62488 0
94 83 62499 0
94 65 62567 0
84 53 62618 0
98 82 62662 0
63 98 62989 0
31 85 63153 0
64 99 63203 0
46 91 63208 0
69 49 63333 1
50 93 63354 0
62 32 63479 1
48 92 63552 0
50 95 63578 0
59 96 63665 0
42 91 63711 0
30 81 63816 0
76 95 63819 0
33 81 63915 0
53 96 63916 0
113 64 63940 1
56 96 64047 0
33 74 64168 0
32 77 64272 0
97 82 65108 0
113 50 65139 1
39 87 65326 0
66 79 65406 1
114 50 65804 1
41 51 65868 0
115 54 65909 1
45 44 66101 0
86 66 66110 1
64 80 66236 1
53 97 66414 0
60 31 66688 1
103 76 67131 1
115 57 67252 1
111 47 67345 1
62 78 67429 1
105 104 67457 1
61 33 67564 1
43 48 68430 0
109 45 68559 1
109 45 68616 0
40 55 68803 0
67 37 69302 1
66 65 69405 1
99 55 69449 1
40 57 69732 0
84 67 69818 1
87 66 69884 1
112 109 69901 1
43 49 70194 0
39 87 70424 0
60 32 70498 1
64 34 70522 1
65 34 70536 1
66 98 70559 0
44 44 71243 0
85 66 71523 1
106 70 71836 0
32 70 72645 0
44 45 72720 0
44 91 72777 0
114 51 72958 1
60 98 73143 0
89 67 73568 1
95 59 73743 0
109 47 73783 1
91 68 74037 1
112 48 74142 1
107 70 74432 0
115 56 74572 1
98 81 74573 0
104 75 74776 1
38 62 74875 0
109 70 74878 0
115 58 74947 1
32 76 74972 0
115 60 75084 1
94 64 75191 0
102 53 75243 1
96 81 75286 0
40 56 75304 0
106 71 75519 0
71 97 75543 0
113 49 75621 1
95 61 75761 0
58 96 75929 0
63 32 75967 1
68 38 76115 1
60 97 76158 0
61 78 76226 1
69 39 76244 1
115 53 76256 1
114 50 76344 1
104 73 76372 1
66 34 76377 1
90 67 76388 1
91 67 76477 1
115 55 76523 1
71 46 76568 1
64 79 76583 1
71 47 76589 1
67 97 76688 0
51 94 76707 0
68 78 76751 1
39 86 76791 0
45 90 76804 0
71 77 76807 1
88 66 76884 1
62 97 76912 0
110 38 76971 1
110 47 76972 1
99 80 77011 0
71 96 77022 0
62 77 77023 1
32 74 77027 0
71 45 77045 1
115 59 77060 1
41 54 77078 0
114 63 77080 1
41 56 77100 0
72 97 77106 0
61 32 77110 1
36 64 77111 0
58 97 77118 0
75 74 77187 1
69 97 77224 0
37 63 77231 0
70 40 77239 1
52 94 77253 0
66 35 77334 1
63 71 77350 1
43 50 77356 0
33 77 77404 0
63 78 77460 1
89 66 77486 1
65 35 77486 1
67 62 77621 1
61 76 77721 1
115 56 77748 1
115 54 77800 1
78 71 77837 1
57 95 77864 0
32 78 77875 0
59 32 77890 1
71 48 77908 1
104 51 78005 0
68 60 78048 1
66 36 78134 1
69 40 78195 1
43 89 78197 0
71 50 78231 1
55 32 78255 1
103 75 78281 1
40 58 78313 0
33 82 78378 0
83 91 78386 0
38 85 78392 0
54 95 78394 0
64 33 78439 1
35 83 78459 0
50 94 78524 0
43 90 78529 0
97 82 78530 0
93 81 78572 0
33 78 78585 0
82 92 78595 0
63 79 78608 1
35 84 78654 0
111 47 78663 1
70 39 78670 1
68 38 78702 1
41 87 78744 0
39 87 78767 0
81 93 78773 0
40 90 78799 0
59 97 78803 0
41 50 78961 0
95 82 79011 0
61 31 79011 1
80 94 79021 0
45 91 79023 0
63 33 79025 1
65 79 79026 1
109 46 79068 1
61 77 79163 1
45 45 79209 0
64 34 79219 1
33 71 79239 0
32 72 79345 0
42 53 79358 0
51 92 79428 0
95 62 79437 0
71 44 79526 1
67 37 79602 1
70 41 79620 1
38 58 79722 0
71 76 79723 1
63 96 79809 0
46 91 79860 0
59 31 79893 1
59 96 79913 0
45 90 79958 0
64 32 79980 1
69 39 80040 1
114 51 80045 1
96 60 80069 0
68 97 80116 0
58 96 80203 0
89 67 80239 1
96 81 80295 0
93 82 80306 0
32 76 80317 0
42 51 80321 0
39 86 80392 0
72 96 80410 0
68 61 80447 1
115 57 80472 1
32 77 80510 0
56 32 80531 1
110 46 80594 1
71 42 80722 1
68 37 80764 1
115 61 80811 1
61 32 80812 1
44 91 80839 0
60 97 80843 0
64 79 80856 1
62 76 80879 1
35 82 80932 0
98 81 80963 0
86 66 80980 1
60 32 81001 1
62 75 81028 1
71 47 81033 1
87 66 81033 1
111 46 81087 1
64 97 81094 0
67 36 81173 1
58 31 81179 1
71 49 81222 1
65 34 81259 1
33 74 81333 0
75 96 81361 0
70 98 81366 0
71 51 81428 1
68 98 81449 0
57 96 81504 0
63 32 81511 1
81 92 81513 0
66 66 81586 1
113 48 81655 1
62 96 81742 0
115 58 81768 1
62 73 81792 1
104 74 81847 1
69 41 82032 1
41 49 82090 0
37 86 82130 0
49 93 82194 0
93 64 82211 0
66 35 82284 1
90 67 82321 1
66 62 82321 1
33 83 82338 0
35 85 82359 0
61 97 82368 0
52 95 82433 0
69 57 82530 1
115 52 82532 1
43 49 82576 0
33 77 82578 0
70 54 82585 1
38 85 82723 0
65 35 82748 1
61 96 82770 0
69 78 82817 1
71 46 82830 1
68 38 82916 1
61 75 82935 1
62 97 83003 0
70 53 83066 1
62 32 83075 1
67 96 83086 0
54 97 83139 0
59 32 83153 1
84 66 83164 1
115 60 83196 1
33 72 83249 0
70 40 83275 1
67 78 83290 1
43 89 83406 0
57 95 83408 0
113 65 83411 1
35 83 83542 0
115 55 83606 1
41 55 83798 0
68 36 83861 1
41 87 83861 0
39 88 84208 0
72 75 84220 1
71 45 84266 1
69 38 84269 1
91 68 84335 1
79 94 84443 0
94 64 84448 0
48 92 84536 0
85 66 84609 1
100 54 84749 1
66 34 84782 1
109 69 84847 0
32 78 84890 0
57 32 84902 1
88 66 85121 1
33 78 85154 0
47 93 85348 0
40 56 85448 0
70 77 85472 1
112 67 85670 1
40 55 85755 0
64 33 85764 1
113 49 85787 1
63 72 85838 1
57 31 85860 1
70 57 86046 1
69 76 86051 1
42 52 86101 0
67 35 86125 1
57 96 86258 0
69 40 86594 1
60 31 87037 1
33 81 87176 0
92 68 87180 1
74 74 87284 1
68 97 87396 0
93 82 87412 0
70 55 87416 1
32 76 87558 0
42 50 87719 0
34 70 87817 0
114 50 87926 1
71 43 87941 1
63 79 88059 1
33 76 88190 0
68 96 88192 0
43 44 88208 0
115 59 88227 1
97 81 88266 0
75 97 88396 0
62 77 88567 1
99 82 89170 0
80 93 89288 0
61 97 89676 0
65 67 89839 1
101 80 89898 0
114 54 90186 1
71 96 90207 0
115 53 90213 1
63 33 90466 1
109 45 90905 1
71 48 90977 1
41 53 91064 0
71 50 91065 1
40 88 91076 0
55 94 91117 0
65 66 91370 1
38 86 91535 0
68 37 91562 1
66 65 91660 1
101 53 91816 1
39 85 91838 0
113 47 91853 1
102 53 91913 1
45 92 91955 0
108 70 92070 0
108 47 92122 1
95 81 92164 0
115 56 92272 1
53 94 92287 0
38 59 92296 0
51 92 92353 0
33 76 92451 0
35 82 92474 0
45 89 92563 0
38 63 92675 0
45 43 92704 0
39 86 92709 0
60 97 92828 0
97 81 92939 0
96 60 92940 0
39 59 93129 0
71 44 93177 1
69 39 93213 1
83 68 93238 1
96 81 93269 0
33 72 93343 0
61 76 93363 1
45 46 93386 0
83 66 93386 1
68 58 93511 1
67 61 93515 1
64 34 93595 1
101 54 93662 1
97 57 93764 0
41 55 93879 0
33 74 93897 0
63 78 94025 1
45 90 94047 0
42 52 94113 0
64 67 94764 1
47 91 94818 0
94 62 94876 0
76 95 94918 0
70 56 95056 1
45 44 95173 0
67 36 95187 1
70 41 95295 1
99 80 95455 0
33 73 95458 0
66 96 95535 0
64 98 95587 0
69 58 95632 1
74 96 95663 0
65 97 95668 0
32 73 95710 0
39 63 95943 0
33 70 96325 0
46 90 96344 0
48 93 96514 0
111 47 96891 1
38 86 97173 0
42 53 97261 0
53 94 97338 0
50 92 97347 0
109 45 97710 0
55 94 97779 0
41 56 98330 0
41 89 98370 0
103 76 98462 1
83 67 98601 1
60 32 98649 1
68 99 98721 0
33 77 98765 0
70 39 98865 1
41 54 98946 0
65 34 98974 1
40 88 99296 0
48 91 99582 0
105 118 99713 1
55 33 99805 1
87 66 99822 1
91 67 99850 1
54 33 99865 1
65 68 99972 1
94 82 99990 0
47 91 100091 0
41 57 100156 0
62 31 100233 1
115 54 100641 1
123 102 100649 1
114 49 101090 1
61 32 101105 1
73 75 101175 1
89 66 101194 1
44 45 101251 0
61 31 101834 1
68 78 102255 1
64 79 102349 1
90 67 102366 1
93 81 102374 0
88 66 102479 1
68 38 102506 1
70 96 102548 0
71 47 102624 1
86 66 102714 1
65 79 102892 1
98 80 102911 0
41 52 102967 0
65 33 102991 1
84 67 103010 1
110 69 103114 0
65 78 103195 1
33 80 103237 0
115 52 103297 1
22 19 103364 1
67 59 103368 1
67 37 103475 1
71 46 103616 1
50 92 103655 0
71 49 103817 1
46 90 103850 0
68 77 103911 1
63 32 103938 1
70 40 104021 1
7 125 104076 1
114 50 104160 1
114 59 104178 1
66 35 104203 1
31 78 104263 0
67 63 104354 1
115 53 104399 1
95 61 104417 0
63 96 104430 0
57 95 104437 0
38 85 104496 0
9 12 104545 1
62 76 104710 1
69 38 104712 1
108 48 104773 1
41 87 104809 0
110 46 104819 1
59 96 104821 0
108 46 104898 1
33 73 104915 0
64 71 104979 1
69 97 105012 0
66 39 105151 1
71 45 105168 1
35 84 105270 0
111 46 105326 1
68 36 105337 1
71 40 105369 1
67 97 105388 0
33 79 105401 0
104 76 105403 1
64 33 105404 1
69 77 105425 1
58 96 105465 0
61 78 105659 1
67 62 105809 1
97 81 105847 0
95 62 105868 0
98 81 105870 0
62 96 105946 0
95 60 106026 0
95 81 106074 0
45 41 106147 0
44 49 106184 0
33 76 106204 0
71 41 106298 1
33 71 106308 0
71 42 106311 1
49 91 106319 0
71 52 106389 1
40 58 106416 0
34 69 106433 0
43 50 106447 0
45 45 106482 0
44 48 106531 0
67 34 106558 1
74 96 106619 0
52 94 106669 0
39 87 106679 0
79 94 106771 0
64 32 106775 1
34 82 106907 0
94 82 107014 0
53 94 107025 0
52 93 107094 0
48 91 107097 0
43 89 107147 0
104 75 107170 1
30 78 107209 0
58 31 107224 1
115 55 107270 1
61 96 107291 0
33 78 107308 0
67 96 107338 0
39 85 107414 0
45 42 107438 0
47 91 107663 0
36 82 107667 1
65 97 107738 0
94 63 107768 0
36 67 107904 0
38 89 107923 0
41 91 107948 0
115 51 107977 1
40 57 108015 0
43 48 108113 0
69 39 108198 1
48 94 108260 0
71 97 108281 0
35 82 108306 0
37 83 108467 0
7 28 108473 0
51 91 108484 0
68 96 108489 0
69 96 108554 0
115 60 108658 1
57 96 108738 0
59 31 108796 1
33 75 108865 0
81 94 108876 0
66 34 108901 1
59 32 109067 1
56 32 109125 1
35 80 109159 0
115 58 109194 1
46 89 109278 0
63 78 109279 1
62 75 109534 1
71 50 109691 1
33 79 109747 0
67 35 109798 1
71 44 109814 1
116 58 109970 1
112 46 110071 1
71 51 110160 1
35 83 110284 0
71 48 110304 1
33 80 110323 0
33 74 110370 0
69 98 110586 0
38 86 110717 0
70 54 110878 1
68 60 111257 1
40 90 111860 0
69 37 111901 1
114 63 112020 1
59 30 112122 1
3 60 112229 1
0 40 112880 1
102 52 112929 1
70 97 112959 0
39 62 113033 0
79 70 113081 1
64 78 113150 1
45 89 113158 0
32 80 113621 0
61 98 113635 0
115 61 113652 1
109 46 113856 1
115 62 113923 1
115 56 114131 1
85 66 114226 1
90 66 114304 1
70 39 114380 1
49 91 114406 0
91 67 114494 1
42 88 114525 0
105 71 114598 1
55 93 114626 0
33 75 114638 0
69 59 114644 1
89 66 114658 1
113 47 114672 1
47 92 114680 0
70 58 114703 1
40 87 115039 0
40 86 115104 0
78 94 115358 0
104 73 115565 1
68 37 115629 1
57 33 115631 1
115 52 115710 1
115 50 115729 1
55 94 115743 0
115 54 115820 1
62 74 115853 1
96 60 115875 0
88 65 116114 1
92 82 116209 0
63 32 116262 1
88 66 116277 1
105 72 116475 1
70 40 116603 1
72 96 116696 0
51 92 116714 0
71 96 116728 0
60 31 116823 1
71 47 116860 1
45 16 116876 1
115 53 116904 1
67 65 116917 1
113 46 116923 1
103 78 116994 1
68 35 117118 1
63 77 117119 1
71 77 117167 1
93 81 117181 0
116 53 117365 1
71 53 117386 1
70 96 117430 0
66 66 117448 1
93 82 117448 0
70 38 117449 1
68 36 117526 1
49 92 117542 0
111 52 117552 1
119 62 117585 1
103 77 117594 1
7 0 117642 1
69 38 117680 1
61 31 117856 1
46 90 117872 0
54 121 117880 1
71 40 117896 1
41 87 117919 0
111 46 117956 1
68 62 117967 1
65 32 117988 1
87 65 117999 1
38 85 118002 0
44 88 118090 0
91 77 118101 1
67 80 118126 1
57 94 118128 0
50 92 118132 0
107 47 118132 1
92 67 118186 1
52 93 118353 0
65 33 118401 1
50 93 118435 0
66 96 118503 0
61 32 118546 1
64 33 118554 1
71 54 118583 1
99 80 118610 0
71 46 118618 1
57 95 118628 0
71 49 118648 1
72 45 118667 1
72 48 118743 1
69 57 118790 1
86 66 118803 1
33 79 118817 0
42 52 118879 0
66 35 118888 1
33 72 118901 0
70 55 119065 1
34 82 119066 0
69 96 119084 0
57 31 119094 1
55 32 119177 1
109 69 119272 0
69 36 119287 1
46 41 119290 0
90 67 119304 1
42 51 119365 0
40 86 119389 0
71 45 119397 1
94 82 119488 0
43 51 119543 0
64 32 119547 1
33 77 119560 0
98 80 119562 0
63 73 119575 1
64 79 119590 1
65 78 119641 1
55 95 119811 0
63 78 119852 1
68 61 120033 1
109 45 120128 1
104 74 120130 1
33 73 120224 0
72 46 120297 1
34 70 120321 0
62 97 120366 0
66 34 120389 1
43 47 120404 0
105 50 120439 0
71 76 120463 1
71 41 120523 1
66 33 120557 1
33 76 120612 0
42 88 120641 0
96 81 120687 0
39 86 120702 0
67 78 120797 1
115 8 120835 1
58 30 120903 1
89 66 121037 1
63 71 121068 1
62 76 121139 1
71 44 121147 1
67 64 121163 1
45 90 121188 0
64 70 121358 1
63 96 121487 0
71 39 121560 1
110 46 121563 1
37 83 121637 0
46 89 121834 0
34 79 121855 0
104 40 121910 1
56 31 121910 1
45 89 121968 0
75 73 122214 1
40 87 122393 0
62 31 122410 1
70 76 122440 1
35 82 122442 0
36 82 122485 0
43 49 122532 0
71 52 122662 1
96 58 122707 0
63 97 122743 0
91 67 122770 1
107 46 122788 1
71 50 122863 1
86 65 122892 1
55 31 122990 1
66 78 123044 1
51 91 123186 0
42 53 123226 0
39 85 123357 0
66 65 123543 1
33 87 123685 0
63 31 123707 1
113 47 123826 1
116 54 123940 1
35 80 124408 0
66 97 124420 0
41 58 124424 0
77 71 124562 1
63 32 124578 1
12 105 124588 1
92 66 124712 1
32 75 124731 0
115 52 124936 1
65 79 125001 1
67 34 125044 1
58 31 125156 1
72 97 125227 0
39 60 125315 0
69 37 125495 1
90 66 125538 1
38 60 125549 0
92 82 125776 0
34 80 125813 0
68 36 125991 1
40 86 126053 0
71 48 126076 1
41 56 126152 0
62 96 126185 0
34 79 126236 0
36 86 126356 0
115 51 126364 1
41 88 126630 0
49 92 126696 0
36 82 126707 0
80 104 126929 1
38 88 127212 0
70 39 127242 1
114 47 127268 1
91 66 127395 1
116 57 127451 1
77 94 127820 0
33 75 127947 0
62 73 127948 1
41 57 127954 0
96 80 127988 0
115 49 128010 1
33 78 128059 0
44 88 128126 0
94 65 128137 0
116 55 128151 1
65 98 128196 0
46 91 128212 0
105 49 128532 0
42 54 128590 0
59 95 128633 0
78 94 128647 0
116 58 128698 1
39 61 128843 0
95 81 128873 0
35 67 129000 0
70 40 129191 1
71 51 129202 1
31 82 129268 0
109 68 129330 0
106 49 129330 0
35 87 129368 0
41 55 129452 0
44 48 129453 0
67 96 129460 0
107 70 129479 0
64 97 129498 0
96 60 129506 0
111 45 129559 1
63 72 129621 1
70 97 129669 0
68 97 129711 0
68 96 129725 0
71 38 129764 1
67 98 129810 0
55 93 129816 0
57 94 129914 0
42 86 129955 0
52 92 130045 0
56 93 130050 0
45 46 130076 0
53 93 130153 0
116 56 130224 1
69 38 130287 1
59 96 130319 0
69 95 130396 0
97 81 130440 0
68 35 130442 1
88 65 130454 1
47 89 130517 0
67 63 130604 1
70 77 130609 1
115 50 130634 1
55 94 130658 0
61 96 130724 0
71 47 130743 1
101 79 130775 0
85 66 130793 1
81 92 130841 0
64 32 130924 1
109 46 130996 1
48 91 131018 0
80 93 131019 0
61 97 131034 0
60 30 131070 1
45 44 131085 0
64 78 131142 1
113 47 131234 1
111 46 131257 1
60 31 131260 1
71 40 131280 1
33 74 131301 0
61 31 131349 1
38 62 131380 0
52 91 131455 0
95 64 131467 0
72 47 131502 1
114 50 131503 1
54 96 131570 0
66 32 131580 1
72 44 131589 1
62 75 131612 1
63 77 131621 1
110 68 131628 0
51 92 131636 0
34 71 131664 0
103 52 131729 1
34 80 131793 0
56 94 131806 0
73 97 131820 0
80 92 131871 0
65 33 131905 1
59 31 131920 1
95 62 131956 0
101 53 131967 1
68 34 131972 1
45 45 132069 0
116 53 132124 1
36 82 132374 0
70 56 132376 1
35 69 132507 0
66 34 132623 1
34 79 132690 0
69 97 132719 0
98 80 132744 0
93 81 132814 0
100 80 132819 0
89 66 132828 1
39 56 132842 0
71 96 132901 0
100 53 132928 1
68 36 132977 1
58 94 133000 0
72 43 133026 1
41 87 133052 0
47 41 133281 0
49 91 133289 0
115 61 133345 1
94 64 133354 0
70 96 133522 0
34 68 133594 0
65 78 133595 1
60 96 133611 0
46 89 133668 0
33 71 133751 0
52 92 133752 0
99 79 133781 0
71 49 133815 1
35 68 133829 0
77 95 133834 0
37 83 133846 0
96 61 133942 0
63 78 134038 1
43 50 134048 0
87 65 134101 1
114 48 134119 1
73 96 134191 0
59 97 134202 0
50 91 134321 0
38 85 134347 0
71 41 134351 1
67 35 134360 1
47 90 134399 0
55 95 134491 0
59 95 134494 0
70 37 134535 1
46 90 134642 0
72 51 134715 1
65 32 134726 1
53 93 134851 0
51 91 134979 0
70 38 135039 1
74 96 135050 0
110 69 135088 0
34 84 135135 0
32 79 135192 0
85 65 135202 1
74 74 135297 1
72 75 135335 1
66 33 135418 1
65 96 135432 0
60 97 135465 0
33 80 135491 0
36 88 135498 0
37 48 135505 0
84 91 135529 0
42 88 135542 0
40 59 135615 0
66 96 135640 0
95 63 135649 0
56 94 135665 0
69 37 135728 1
55 93 135781 0
72 45 135892 1
89 65 135922 1
116 54 135969 1
40 85 135999 0
69 77 136183 1
72 46 136220 1
63 32 136229 1
63 31 136255 1
90 83 136291 0
43 46 136307 0
113 46 136321 1
72 49 136325 1
72 42 136435 1
42 86 136441 0
53 92 136442 0
35 80 136731 0
69 60 136913 1
57 94 137032 0
68 60 137078 1
72 48 137263 1
115 52 137290 1
76 73 137365 1
70 39 137488 1
71 50 137700 1
60 96 137933 0
42 54 138019 0
45 43 138089 0
62 76 138153 1
40 61 138192 0
34 71 138223 0
44 49 138255 0
80 70 138257 1
57 31 138644 1
58 95 138719 0
67 34 138724 1
42 52 138921 0
114 64 138985 1
71 52 139042 1
69 96 139121 0
105 73 139138 1
45 89 139161 0
100 54 139178 1
67 33 139212 1
67 62 139252 1
42 87 139256 0
39 59 139367 0
69 36 139501 1
77 94 139567 0
50 91 139711 0
33 73 139742 0
39 85 139893 0
47 90 140004 0
70 57 140011 1
72 41 140062 1
64 32 140221 1
71 53 140234 1
40 54 140313 0
71 54 140534 1
35 82 140625 0
77 93 141053 0
56 96 141165 0
33 69 141345 0
116 55 141357 1
40 85 141393 0
42 48 141399 0
39 60 141422 0
107 69 141476 0
99 80 141611 0
56 93 141644 0
63 97 141763 0
96 61 141806 0
31 79 141838 0
116 57 141906 1
33 76 142018 0
91 66 142174 1
34 70 142413 0
72 96 142475 0
39 62 142497 0
34 69 142529 0
64 33 142639 1
33 77 142827 0
40 88 142917 0
36 82 143092 0
66 97 143359 0
44 59 143418 1
90 66 143464 1
36 84 143509 0
65 96 143922 0
42 87 144258 0
52 91 144396 0
52 92 144402 0
58 95 144734 0
33 72 144801 0
44 88 144859 0
46 88 144956 0
60 96 145045 0
63 96 145076 0
68 35 145153 1
40 86 145325 0
105 72 145352 1
96 80 145609 0
58 94 145657 0
110 46 145689 1
47 89 145854 0
57 95 146125 0
69 38 146136 1
46 92 146154 0
84 90 146361 0
45 88 146368 0
109 68 146409 0
79 93 146418 0
95 63 146489 0
44 45 146641 0
42 50 146734 0
33 79 146819 0
34 79 146991 0
40 56 146994 0
65 69 147020 1
40 87 147407 0
41 51 147551 0
64 96 147728 0
53 92 147795 0
34 80 147848 0
60 99 147866 0
41 58 148027 0
97 57 148051 0
36 89 148055 0
67 65 148210 1
71 39 148315 1
1 4 148359 0
65 97 148484 0
41 88 148567 0
43 51 148716 0
70 95 148726 0
41 85 148737 0
34 81 149248 0
71 40 149609 1
48 93 149626 0
63 76 149723 1
64 31 149838 1
116 52 149896 1
41 54 149920 0
56 32 150158 1
93 83 150426 0
42 53 150536 0
43 89 150887 0
40 89 150915 0
68 36 150946 1
40 58 150957 0
1 43 150965 0
53 64 150981 1
44 66 151018 1
45 88 151045 0
72 44 151128 1
53 98 151412 0
94 81 151440 0
60 98 151615 0
63 95 151725 0
88 65 151817 1
20 16 151973 0
61 30 152704 1
58 96 152877 0
53 93 152892 0
55 99 152962 0
32 75 153182 0
114 47 153276 1
116 58 153379 1
34 77 153478 0
36 84 153491 0
82 91 153567 0
115 49 153580 1
58 31 153896 1
38 84 153989 0
115 50 154006 1
115 60 154156 1
102 52 154247 1
116 51 154302 1
113 47 154389 1
116 53 154409 1
115 48 154409 1
88 66 154538 1
116 60 154594 1
114 46 154724 1
111 45 154999 1
113 46 155073 1
112 45 155315 1
61 31 155368 1
68 61 155375 1
116 54 155480 1
82 92 155545 0
107 69 155671 0
100 80 155808 0
97 59 155867 0
96 60 155902 0
51 93 155979 0
86 65 156171 1
92 66 156211 1
64 77 156226 1
59 30 156320 1
63 77 156371 1
116 56 156395 1
72 47 156452 1
69 95 156506 0
48 90 156543 0
54 92 156660 0
38 87 156662 0
72 43 156665 1
90 65 156714 1
91 66 156730 1
72 95 156738 0
34 72 156756 0
99 79 156865 0
72 40 156867 1
68 77 156932 1
116 58 157068 1
37 61 157095 0
73 75 157101 1
67 96 157143 0
98 80 157160 0
62 30 157188 1
87 65 157203 1
41 56 157222 0
114 47 157250 1
60 31 157266 1
109 46 157271 1
71 75 157297 1
72 48 157299 1
63 75 157301 1
115 49 157321 1
115 53 157341 1
89 65 157345 1
67 78 157379 1
62 96 157382 0
110 68 157447 0
66 33 157473 1
65 78 157484 1
71 51 157485 1
67 63 157486 1
56 94 157516 0
81 69 157523 1
43 87 157560 0
57 30 157598 1
70 37 157625 1
116 53 157641 1
116 52 157659 1
66 32 157691 1
63 74 157703 1
68 34 157738 1
93 80 157765 0
65 32 157836 1
64 96 157840 0
71 40 157891 1
46 89 157908 0
72 46 157973 1
69 36 157975 1
69 37 158023 1
105 71 158029 1
63 31 158060 1
72 45 158130 1
58 94 158137 0
109 69 158169 0
72 50 158191 1
71 41 158241 1
67 34 158249 1
42 87 158262 0
66 31 158303 1
68 96 158322 0
53 34 158328 1
60 30 158398 1
42 86 158403 0
59 95 158423 0
69 76 158455 1
34 77 158487 0
64 32 158545 1
40 84 158548 0
57 94 158560 0
56 93 158599 0
116 51 158610 1
63 72 158622 1
89 64 158629 1
63 30 158665 1
72 42 158665 1
41 57 158667 0
63 77 158682 1
40 59 158695 0
36 85 158712 0
58 30 158794 1
85 64 158803 1
68 35 158812 1
72 41 158841 1
71 38 158842 1
88 64 158846 1
38 84 158959 0
113 46 158959 1
43 86 158978 0
37 83 158985 0
41 85 158994 0
47 89 158998 0
94 81 159030 0
34 81 159036 0
87 64 159079 1
40 85 159079 0
83 90 159086 0
115 48 159092 1
43 49 159097 0
65 77 159149 1
71 96 159159 0
45 88 159219 0
62 95 159256 0
88 65 159323 1
35 78 159331 0
63 73 159453 1
105 75 159464 1
52 91 159501 0
62 6 159550 1
47 40 159553 0
73 74 159635 1
60 96 159698 0
83 91 159736 0
63 95 159765 0
67 64 159796 1
51 91 159823 0
96 80 159828 0
35 80 159929 0
108 69 159996 0
64 77 160006 1
34 71 160030 0
105 72 160055 1
116 61 160085 1
55 93 160092 0
72 43 160113 1
35 79 160115 0
61 29 160134 1
114 63 160151 1
46 88 160169 0
70 55 160242 1
35 70 160272 0
68 63 160309 1
116 50 160489 1
115 63 160509 1
69 35 160521 1
47 90 160536 0
68 62 160555 1
116 54 160618 1
72 44 160673 1
91 67 160745 1
63 76 160752 1
66 34 160812 1
69 59 160828 1
48 90 160881 0
72 49 160984 1
59 30 161021 1
91 65 161033 1
72 39 161052 1
43 48 161108 0
72 53 161120 1
70 96 161136 0
62 75 161147 1
96 61 161156 0
36 82 161219 0
70 36 161220 1
50 91 161300 0
71 55 161315 1
64 76 161332 1
34 72 161341 0
67 32 161348 1
64 71 161365 1
67 33 161440 1
71 56 161445 1
80 92 161520 0
65 31 161541 1
91 66 161577 1
109 68 161626 0
43 87 161643 0
69 57 161643 1
37 81 161651 0
71 76 161698 1
61 96 161713 0
92 66 161733 1
72 47 161767 1
33 75 161839 0
53 92 161880 0
70 95 161934 0
115 50 161974 1
44 48 162029 0
93 81 162042 0
42 51 162058 0
109 45 162090 1
45 89 162098 0
54 92 162123 0
45 45 162129 0
61 31 162133 1
69 36 162284 1
50 92 162348 0
71 40 162365 1
39 84 162383 0
64 30 162385 1
77 93 162406 0
44 88 162408 0
43 50 162419 0
43 53 162458 0
66 67 162464 1
34 77 162514 0
112 45 162547 1
72 51 162556 1
86 64 162562 1
114 46 162571 1
116 55 162619 1
45 46 162627 0
96 82 162674 0
66 66 162765 1
108 46 162767 1
66 33 162791 1
90 65 162818 1
72 48 162900 1
34 70 163119 0
85 65 163147 1
67 77 163203 1
111 45 163244 1
95 61 163260 0
65 95 163264 0
42 86 163271 0
62 30 163274 1
70 76 163322 1
70 37 163478 1
72 40 163722 1
68 34 163738 1
63 31 163782 1
113 45 163867 1
105 73 163979 1
115 62 164071 1
40 84 164085 0
114 47 164121 1
38 84 164293 0
52 34 164304 1
65 78 164304 1
67 34 164305 1
57 31 164323 1
36 66 164326 0
66 32 164336 1
64 70 164383 1
63 75 164442 1
65 32 164496 1
71 39 164587 1
54 94 164626 0
42 54 164741 0
67 67 164745 1
68 33 164840 1
72 41 164874 1
113 66 165122 1
104 15 165167 1
34 78 165178 0
72 52 165248 1
65 68 165272 1
70 77 165293 1
115 47 165294 1
116 60 165397 1
72 46 165417 1
79 70 165453 1
5 13 165513 1
60 30 165560 1
68 61 165615 1
92 65 165621 1
53 33 165657 1
71 54 165677 1
71 37 165707 1
7 53 165791 1
121 90 165809 1
89 65 165809 1
22 0 165870 1
71 125 165902 1
60 31 165919 1
56 31 165933 1
68 36 165970 1
7 105 166185 1
121 68 166226 1
69 50 166256 1
67 65 166265 1
113 64 166277 1
121 10 166326 1
51 35 166498 1
42 89 166521 0
69 39 166556 1
103 52 166697 1
85 66 166698 1
39 84 166784 0
115 49 166795 1
41 85 167113 0
65 96 167441 0
44 90 167540 0
48 90 167581 0
116 52 167590 1
68 64 167776 1
70 54 167821 1
63 71 167868 1
35 79 167950 0
35 69 168172 0
71 52 168189 1
58 94 168392 0
36 83 168575 0
72 45 168598 1
72 42 168657 1
34 72 168770 0
61 30 168792 1
62 95 169173 0
78 94 169343 0
45 88 169557 0
70 75 169740 1
58 95 169847 0
43 51 169943 0
33 74 170039 0
39 85 170124 0
34 78 170128 0
43 86 170139 0
40 83 170139 1
34 79 170143 0
108 69 170177 0
41 58 170260 0
68 35 170360 1
71 38 170371 1
46 89 170375 0
96 59 170495 0
52 92 170571 0
35 78 170625 0
66 96 170690 0
51 92 170776 0
34 76 170870 0
33 70 171021 0
69 95 171029 0
72 95 171048 0
33 82 171305 0
43 87 171320 0
99 79 171483 0
72 50 171498 1
37 84 171531 0
44 49 171544 0
40 61 171573 0
51 90 171621 0
35 83 171790 0
46 41 171796 0
79 93 171913 0
116 53 172163 1
39 61 172276 0
47 89 172455 0
77 94 172530 0
99 80 172536 0
81 92 172771 0
67 66 173300 1
49 90 173342 0
72 43 173694 1
44 47 173709 0
41 84 173729 0
51 105 173840 0
35 86 173941 0
81 91 174052 0
83 92 174057 0
37 81 174071 0
11 35 174078 0
34 77 174294 0
87 65 174332 1
39 84 174393 0
35 80 174443 0
57 94 174527 0
76 93 174564 0
46 88 174611 0
63 30 174612 1
34 76 174876 0
52 91 174907 0
41 59 175242 0
64 77 175373 1
82 91 175374 0
40 60 175386 0
47 41 175774 0
32 71 175972 0
101 52 176278 1
69 35 176420 1
48 89 176462 0
63 74 176919 1
75 73 177385 1
63 77 177489 1
37 85 177682 0
116 58 177769 1
105 74 177920 1
79 69 178072 1
106 83 178090 1
111 44 178225 1
116 51 178434 1
88 64 178641 1
75 95 179068 0
104 77 179451 1
67 97 179480 0
113 46 179779 1
36 83 179839 0
49 90 180099 0
66 68 180720 1
115 48 180859 1
72 49 180892 1
48 89 181517 0
92 66 181527 1
97 59 181531 0
116 49 181658 1
34 76 181691 0
69 36 181760 1
37 83 181939 0
93 80 182132 0
69 77 182246 1
116 50 182425 1
56 93 182500 0
68 77 182584 1
88 65 182637 1
112 45 182732 1
89 64 182866 1
37 84 182900 0
101 79 183184 0
63 95 183190 0
72 47 183478 1
12 16 183498 1
72 48 183512 1
102 52 183577 1
51 90 183624 0
66 31 183723 1
70 36 183923 1
65 77 184041 1
63 76 184049 1
96 80 184091 0
67 63 184091 1
58 30 184093 1
91 65 184116 1
92 82 184158 0
91 66 184169 1
72 38 184211 1
90 65 184282 1
66 32 184317 1
72 41 184318 1
72 40 184476 1
63 72 184512 1
87 86 184512 1
114 46 184520 1
67 33 184597 1
68 34 184680 1
110 68 184726 0
65 31 184768 1
40 84 184850 0
72 75 185037 1
115 61 185141 1
79 92 185181 0
62 30 185217 1
59 30 185228 1
111 45 185320 1
70 37 185321 1
70 35 185350 1
37 92 185363 0
34 78 185389 0
63 96 185404 0
68 60 185566 1
54 92 185611 0
35 72 185810 0
62 29 185943 1
72 39 186054 1
69 34 186144 1
64 76 186193 1
65 95 186219 0
106 49 186283 0
48 88 186292 0
43 86 186341 0
115 47 186415 1
34 71 186417 0
32 76 186522 0
35 73 186557 0
73 96 186657 0
59 29 186698 1
39 82 186714 0
60 96 186746 0
47 91 186824 0
45 44 186847 0
59 95 186959 0
42 53 186999 0
37 82 187038 0
42 86 187074 0
64 72 187235 1
73 45 187379 1
63 31 187469 1
41 86 187631 0
58 94 187658 0
71 38 187691 1
71 40 187820 1
51 91 187978 0
35 70 188081 0
48 89 188094 0
35 79 188173 0
106 72 188179 1
74 74 188244 1
35 78 188255 0
114 47 188377 1
72 51 188477 1
66 33 188518 1
41 85 188596 0
74 48 188766 1
67 32 188801 1
60 30 188881 1
113 45 188883 1
40 85 188946 0
35 75 188960 0
93 66 188963 1
63 73 189114 1
41 84 189153 0
41 57 189208 0
103 51 189225 1
116 54 189227 1
76 94 189398 0
69 96 189442 0
95 62 189482 0
63 75 189675 1
70 95 189865 0
64 96 189889 0
104 51 189975 1
36 82 189981 0
54 94 190067 0
40 57 190118 0
35 68 190124 0
35 74 190140 0
41 55 190189 0
64 30 190230 1
77 93 190293 0
34 69 190347 0
38 61 190461 0
62 95 190751 0
71 37 190752 1
55 92 190778 0
48 44 190801 1
69 35 190850 1
34 72 190894 0
62 96 190947 0
37 82 190983 0
72 96 191046 0
49 88 191123 0
41 87 191124 0
43 45 191134 0
34 75 191253 0
64 100 191312 0
94 80 191429 0
37 81 191431 0
65 43 191545 1
40 40 191705 0
97 57 191754 0
38 64 191790 0
44 47 191806 0
38 81 191956 0
45 88 191994 0
94 81 192671 0
37 60 192684 0
72 46 192729 1
62 47 192773 1
52 93 192774 0
76 73 192802 1
115 49 193008 1
58 93 193048 0
34 76 193069 0
64 95 193105 0
65 30 193162 1
90 64 193465 1
116 51 193470 1
34 74 194094 0
36 81 194166 0
96 60 194176 0
66 98 194208 0
115 48 194219 1
96 81 194332 0
43 49 194387 0
53 92 194434 0
76 95 194536 0
98 80 194649 0
32 78 194836 0
87 64 194885 1
49 92 194933 0
104 49 194976 0
41 86 195022 0
55 92 195187 0
91 83 195292 0
96 61 195374 0
80 92 195489 0
116 50 195711 1
67 77 195773 1
69 94 195917 0
59 98 196012 0
106 48 196043 0
41 90 196136 0
117 55 196286 1
72 41 196310 1
73 41 196334 1
89 64 196335 1
68 33 196495 1
116 52 196552 1
117 64 196571 1
117 53 196571 1
68 62 196691 1
92 66 196692 1
108 69 196749 0
99 79 196764 0
57 93 196796 0
93 80 196815 0
57 92 196897 0
70 57 196942 1
114 46 197013 1
44 44 197044 0
116 49 197077 1
69 95 197285 0
109 46 197289 1
51 90 197303 0
63 98 197339 0
68 63 197364 1
92 65 197398 1
64 77 197422 1
37 82 197428 0
43 53 197431 0
69 60 197455 1
69 59 197471 1
97 59 197589 0
60 95 197596 0
43 50 197675 0
71 94 197691 0
106 70 197757 1
96 59 197785 0
117 57 197802 1
48 88 197839 0
72 48 197865 1
65 77 197867 1
34 75 197870 0
36 69 197886 0
63 30 197893 1
95 81 197935 0
41 58 198059 0
114 45 198114 1
43 51 198121 0
49 90 198121 0
70 36 198185 1
34 73 198187 0
42 87 198280 0
91 64 198290 1
117 56 198306 1
117 58 198307 1
46 88 198308 0
95 64 198339 0
72 53 198351 1
68 34 198365 1
58 93 198496 0
66 31 198504 1
70 58 198518 1
68 61 198573 1
115 47 198579 1
65 31 198598 1
91 65 198604 1
61 29 198675 1
111 67 198716 0
72 52 198833 1
69 76 198854 1
106 71 198864 1
73 43 198918 1
64 73 198948 1
67 31 198990 1
72 40 199029 1
88 64 199041 1
67 64 199065 1
73 48 199106 1
72 37 199135 1
71 38 199168 1
35 69 199215 0
63 74 199309 1
72 38 199349 1
105 72 199418 1
67 33 199464 1
44 48 199485 0
72 95 199533 0
65 70 199541 1
40 84 199641 0
72 43 199650 1
39 84 199663 0
95 63 199728 0
94 80 199735 0
109 45 199806 1
36 81 199808 0
36 67 199810 0
64 76 199872 1
34 74 199953 0
112 45 199964 1
0 0 200010 0
