30 35 0 1
62 34 178 1
99 54 216 0
105 41 577 1
99 55 701 0
98 86 897 0
100 49 938 0
70 77 1089 1
32 49 1114 0
78 76 1300 1
108 70 1302 1
99 51 1324 0
62 43 1398 1
77 96 1595 0
106 41 1651 1
86 73 1662 1
61 98 1690 0
76 76 1726 1
70 96 1736 0
70 97 1747 0
72 96 1867 0
100 44 2009 0
60 30 2013 1
61 31 2050 1
59 29 2077 1
99 50 2096 0
76 77 2113 1
110 58 2212 1
111 52 2219 1
62 39 2230 1
89 92 2238 0
30 55 2345 0
99 52 2346 0
73 77 2357 1
110 54 2364 1
83 95 2374 0
47 97 2403 0
69 97 2451 0
100 45 2471 0
57 98 2494 0
62 35 2500 1
107 42 2681 1
54 98 2765 0
110 47 2807 1
54 99 2815 0
99 49 2922 0
53 77 2935 1
65 99 2945 0
41 95 2953 0
66 98 2964 0
44 68 2966 1
111 54 3012 1
109 43 3016 1
66 99 3019 0
84 94 3034 0
57 79 3055 1
97 86 3124 0
55 25 3167 1
59 20 3176 0
63 100 3187 0
27 77 3191 0
62 44 3201 1
85 94 3209 0
42 95 3214 0
92 90 3235 0
95 64 3238 0
27 68 3303 0
33 47 3328 0
59 27 3358 1
38 94 3361 0
43 97 3368 0
28 70 3397 0
61 32 3406 1
52 76 3438 1
88 72 3445 1
60 29 3492 1
109 69 3509 1
84 95 3518 0
58 99 3538 0
111 58 3543 1
111 51 3565 1
29 62 3569 0
53 25 3589 1
80 96 3601 0
110 51 3613 1
99 53 3614 0
104 40 3657 1
99 54 3669 0
56 26 3702 1
47 96 3740 0
81 76 3755 1
61 49 3793 1
111 50 3810 1
28 74 3861 0
57 78 3885 1
51 98 3901 0
75 76 3906 1
32 52 3930 0
80 76 3935 1
91 71 3966 1
71 96 3973 0
78 96 3992 0
57 27 3995 1
31 53 4018 0
52 25 4034 1
51 76 4064 1
99 56 4081 0
55 78 4081 1
68 98 4106 0
61 30 4120 1
55 26 4141 1
41 94 4145 0
27 72 4161 0
65 78 4177 1
62 36 4185 1
59 28 4255 1
38 93 4259 0
51 25 4264 1
33 46 4275 0
35 92 4289 0
41 30 4299 0
55 98 4305 0
61 33 4325 1
99 55 4345 0
30 91 4379 0
81 95 4388 0
58 27 4446 1
63 39 4446 1
110 46 4460 1
28 67 4477 0
60 79 4477 1
26 80 4477 0
59 79 4478 1
64 99 4491 0
110 63 4510 1
34 92 4518 0
37 92 4595 0
27 73 4601 0
31 56 4640 0
53 26 4656 1
94 88 4681 0
28 65 4683 0
107 41 4721 1
54 68 4725 1
61 78 4766 1
59 29 4787 1
65 98 4862 0
43 95 4865 0
98 55 4885 0
41 31 4931 0
27 69 4934 0
27 86 4939 0
56 78 4946 1
27 74 4977 0
108 42 5000 1
27 71 5014 0
54 66 5019 1
71 77 5022 1
56 25 5033 1
62 45 5037 1
63 78 5050 1
111 59 5050 1
56 27 5050 1
68 97 5064 0
40 94 5092 0
39 93 5092 0
33 49 5107 0
62 41 5190 1
77 76 5204 1
62 47 5213 1
52 98 5255 0
40 96 5261 0
31 57 5271 0
45 96 5303 0
58 56 5335 1
89 91 5352 0
59 99 5380 0
48 97 5403 0
27 84 5423 0
57 59 5453 1
44 96 5462 0
27 64 5478 0
46 97 5503 0
27 78 5528 0
27 82 5541 0
28 90 5589 0
27 91 5610 0
57 26 5688 1
33 93 5713 0
95 65 5723 0
34 47 5729 0
60 31 5752 1
72 76 5760 1
57 60 5762 1
34 45 5766 0
51 75 5777 1
53 98 5865 0
57 25 5872 1
32 92 5892 0
31 93 5911 0
36 93 5918 0
85 73 5936 1
42 96 5979 0
74 76 6030 1
61 29 6035 1
53 76 6049 1
39 34 6080 0
53 69 6142 1
27 85 6190 0
26 88 6194 0
58 98 6197 0
111 47 6207 1
61 31 6233 1
105 78 6238 1
82 75 6302 1
48 96 6434 0
97 61 6437 0
111 49 6457 1
43 96 6458 0
27 79 6499 0
50 97 6568 0
32 48 6616 0
69 77 6727 1
52 99 6739 0
71 76 6747 1
79 76 6763 1
52 74 6787 1
53 77 6801 1
57 58 6909 1
75 97 6933 0
73 76 6942 1
33 92 6961 0
62 42 6963 1
103 42 6970 1
77 96 6992 0
49 97 7028 0
60 30 7038 1
52 76 7062 1
61 32 7084 1
58 78 7100 1
29 91 7175 0
27 83 7179 0
40 93 7179 0
38 92 7204 0
62 34 7251 1
106 41 7264 1
28 89 7283 0
56 63 7289 1
62 98 7301 0
111 48 7361 1
28 68 7398 0
29 60 7407 0
36 38 7470 0
41 93 7489 0
72 96 7507 0
28 69 7519 0
33 45 7520 0
57 100 7543 0
87 73 7602 1
58 79 7623 1
100 49 7657 0
56 79 7673 1
32 94 7673 0
51 24 7747 1
52 24 7896 1
76 76 7991 1
56 98 8136 0
27 81 8174 0
31 91 8234 0
27 66 8308 0
29 61 8349 0
53 25 8368 1
28 70 8390 0
60 29 8452 1
33 48 8545 0
58 26 8564 1
47 96 8598 0
30 93 8653 0
27 87 8672 0
106 77 8678 1
62 36 8714 1
96 65 8906 0
100 46 8921 0
52 73 8987 1
56 26 9061 1
110 64 9185 1
27 75 9189 0
28 81 9249 0
53 24 9250 1
97 60 9254 0
35 42 9268 0
31 92 9370 0
35 43 9449 0
52 75 9480 1
27 89 9510 0
50 25 9513 1
36 41 9536 0
74 77 9774 1
67 77 9789 1
77 95 9814 0
33 51 9876 0
37 93 9902 0
63 37 9925 1
27 76 9926 0
58 27 9960 1
57 27 9974 1
50 24 10022 1
58 54 10048 1
51 25 10176 1
90 71 10215 1
30 91 10294 0
45 97 10296 0
51 97 10343 0
49 24 10401 1
109 43 10408 1
40 92 10485 0
62 46 10535 1
61 51 10590 1
30 60 10627 0
111 57 10643 1
105 41 10769 1
109 68 10946 1
32 51 11069 0
59 27 11101 1
62 44 11158 1
73 77 11193 1
50 97 11302 0
61 33 11344 1
47 25 11435 1
62 33 11451 1
70 77 11499 1
87 72 11507 1
28 63 11514 0
60 28 11535 1
54 25 11613 1
53 71 11776 1
56 62 11892 1
55 26 11937 1
59 28 12077 1
28 73 12129 0
110 62 12222 1
59 29 12291 1
111 55 12299 1
28 91 12337 0
48 25 12355 1
103 41 12381 1
110 43 12407 1
41 32 12424 0
62 39 12438 1
70 78 12440 1
59 30 12508 1
55 78 12571 1
55 65 12693 1
28 79 12840 0
55 25 12930 1
30 61 12937 0
104 41 12946 1
61 50 13053 1
70 96 13347 0
27 86 13356 0
69 96 13407 0
64 78 13504 1
68 77 13585 1
26 82 13722 0
54 77 13722 1
75 76 13803 1
27 84 13909 0
107 42 13910 1
46 96 13916 0
99 45 14051 0
27 68 14133 0
49 25 14283 1
39 94 14307 0
64 98 14383 0
35 93 14418 0
32 52 14715 0
83 94 14803 0
87 92 14832 0
28 74 14838 0
46 25 14840 1
97 62 14940 0
29 63 15074 1
45 95 15084 0
82 95 15205 0
67 97 15223 0
31 58 15225 0
34 92 15244 0
41 94 15336 0
96 63 15376 0
79 95 15382 0
111 52 15517 1
95 88 15642 0
60 99 15669 0
25 84 15843 0
61 98 15930 0
78 76 15934 1
29 59 16025 0
32 93 16142 0
32 47 16413 0
88 92 16616 0
71 96 16681 0
51 97 16774 0
27 72 16835 0
27 65 16939 0
35 40 16984 0
62 99 17029 0
111 51 17060 1
36 40 17065 0
28 77 17067 0
37 92 17072 0
26 78 17085 0
48 96 17145 0
54 98 17167 0
56 25 17204 1
28 73 17226 0
28 71 17372 0
92 91 17498 0
29 92 17524 0
27 71 17551 0
46 96 17686 0
63 40 17819 1
62 35 17821 1
62 32 17842 1
91 90 17872 0
99 56 17884 0
35 92 17940 0
27 81 17968 0
40 32 18083 0
108 42 18127 1
49 96 18147 0
32 92 18158 0
38 36 18231 0
108 72 18239 1
48 26 18269 1
56 78 18530 1
88 93 18545 0
87 65 18578 0
99 57 18650 0
99 52 18689 0
30 89 18689 0
30 62 18690 0
45 27 18749 1
99 48 18796 0
57 79 19081 1
31 55 19097 0
94 89 19129 0
40 93 19164 0
63 43 19217 1
62 43 19330 1
57 57 19491 1
63 38 19534 1
63 39 19573 1
27 70 19588 0
60 78 19599 1
28 89 19839 0
70 76 19943 1
58 57 20142 1
99 53 20458 0
105 40 20494 1
26 87 20532 0
33 92 20790 0
57 61 20946 1
31 54 20958 0
42 95 21077 0
97 59 21288 0
68 96 21303 0
96 64 21344 0
34 44 21421 0
27 77 21467 0
57 98 21677 0
63 98 21941 0
57 78 21946 1
53 76 21956 1
27 83 22076 0
62 48 22318 1
73 97 22450 0
61 30 22679 1
77 76 22796 1
107 41 22851 1
28 71 23014 0
31 52 23097 0
45 96 23262 0
61 31 23383 1
34 46 23516 0
30 90 23598 0
109 42 23632 1
43 95 24107 0
28 76 24301 0
46 96 24525 0
55 77 25025 1
40 31 25233 0
26 71 25301 0
75 96 25371 0
83 75 25716 1
111 56 25801 1
34 42 26113 0
108 41 26312 1
111 60 26399 1
91 91 26515 0
111 50 26689 1
111 54 27112 1
39 95 27135 0
31 51 27178 0
107 74 27405 1
53 70 27733 1
56 64 27761 1
27 63 27827 0
111 53 27898 1
110 57 28100 1
54 24 28192 1
71 77 28334 1
111 58 28475 1
99 54 28627 0
95 66 28732 0
106 41 28740 1
99 55 28763 0
60 29 28821 1
81 95 28914 0
98 58 28940 0
98 59 28957 0
57 99 29062 0
111 49 29099 1
100 49 29199 0
61 29 29261 1
100 45 29341 0
111 46 29443 1
60 30 29535 1
84 94 29577 0
50 97 29605 0
27 82 29636 0
80 76 29646 1
74 76 29662 1
88 72 29668 1
63 36 29745 1
99 57 29753 0
62 34 29762 1
57 26 29891 1
62 45 29925 1
32 91 29934 0
89 91 29947 0
72 96 29948 0
61 32 29963 1
61 49 29965 1
92 90 29969 0
54 67 30065 1
65 78 30075 1
76 76 30100 1
54 97 30122 0
111 47 30124 1
111 61 30146 1
31 91 30233 0
53 77 30321 1
111 59 30359 1
85 74 30427 1
47 97 30444 0
38 92 30491 0
98 86 30564 0
28 67 30604 0
79 95 30613 0
56 99 30617 0
72 76 30674 1
99 51 30676 0
111 55 30702 1
69 97 30747 0
41 93 30775 0
33 47 30841 0
47 96 30857 0
87 79 30864 1
35 41 30872 0
62 47 31023 1
28 79 31069 0
28 64 31135 0
27 85 31155 0
53 98 31177 0
28 73 31200 0
32 49 31224 0
45 95 31227 0
32 50 31240 0
34 49 31257 0
27 73 31310 0
30 59 31322 0
61 78 31391 1
54 76 31423 1
63 44 31452 1
75 96 31455 0
58 97 31513 0
28 69 31517 0
59 97 31559 0
28 70 31612 0
53 25 31663 1
31 57 31710 0
59 78 31712 1
28 86 31727 0
107 73 31755 1
111 52 31788 1
47 24 31800 1
70 96 31842 0
29 91 31856 0
78 95 31973 0
58 27 32006 1
57 25 32048 1
28 68 32073 0
52 76 32090 1
63 98 32093 0
104 79 32137 1
31 56 32157 0
64 97 32177 0
52 24 32234 1
100 48 32246 0
101 45 32258 0
73 76 32298 1
27 69 32336 0
56 26 32464 1
28 81 32675 0
40 92 32701 0
99 50 32744 0
79 66 32796 0
30 91 32911 0
57 60 32917 1
110 43 32951 1
27 67 33009 0
57 59 33152 1
86 73 33223 1
55 78 33240 1
30 64 33247 0
69 77 33369 1
52 72 33451 1
63 35 33525 1
51 97 33644 0
48 96 33650 0
111 57 33652 1
63 77 33772 1
50 24 33872 1
111 56 33913 1
55 98 33918 0
65 77 33958 1
44 96 34019 0
69 96 34040 0
51 24 34166 1
51 25 34220 1
59 54 34228 1
64 77 34283 1
104 40 34305 1
62 36 34425 1
54 70 34439 1
77 95 34699 0
109 70 34703 1
34 92 34719 0
27 70 34822 0
76 96 34838 0
44 95 34989 0
110 67 35139 1
27 87 35194 0
52 74 35207 1
59 28 35213 1
63 78 35214 1
60 28 35241 1
82 75 35248 1
106 40 35404 1
36 39 35407 0
70 77 35408 1
111 48 35413 1
28 90 35449 0
75 76 35523 1
53 75 35618 1
62 31 35638 1
35 45 35777 0
53 24 35836 1
111 50 35891 1
29 89 35903 0
55 67 35962 1
27 84 36315 0
60 79 36402 1
59 27 36474 1
59 98 36539 0
50 25 36575 1
84 73 36656 1
49 24 36800 1
63 37 36850 1
28 74 36918 0
28 76 37058 0
27 79 37165 0
111 51 37202 1
81 96 37226 0
28 65 37290 0
27 78 37339 0
32 92 37340 0
54 68 37367 1
26 79 37531 0
28 71 37645 0
110 46 37672 1
61 31 37689 1
89 71 37867 1
58 26 37954 1
100 48 38002 0
96 88 38060 0
37 92 38259 0
79 76 38277 1
61 77 38472 1
109 69 38506 1
51 75 38588 1
56 25 38812 1
59 53 38865 1
62 41 38911 1
77 76 39020 1
32 56 39057 0
31 92 39336 0
47 95 39343 0
111 54 39376 1
71 76 39451 1
55 99 39573 0
30 58 39659 0
42 94 39774 0
107 41 39816 1
57 62 39860 1
100 52 39903 0
62 98 39910 0
32 93 40041 0
66 98 40108 0
49 96 40167 0
83 95 40170 0
93 90 40187 0
111 45 40190 1
27 74 40283 0
29 67 40420 0
44 95 40437 0
26 89 40443 0
33 49 40485 0
108 41 40542 1
34 93 40551 0
107 40 40643 1
111 46 40706 1
111 58 40712 1
111 60 40778 1
59 77 40810 1
83 94 40931 0
31 54 41043 0
97 86 41055 0
32 51 41067 0
67 77 41071 1
61 99 41085 0
78 96 41119 0
99 56 41216 0
111 59 41241 1
111 64 41270 1
62 46 41283 1
101 44 41301 0
84 93 41313 0
99 47 41315 0
60 53 41346 1
100 46 41442 0
109 42 41491 1
71 96 41517 0
62 32 41551 1
111 55 41617 1
111 47 41638 1
63 39 41674 1
100 49 41697 0
27 88 41719 0
69 76 41741 1
111 44 41821 1
111 49 41823 1
80 75 41826 1
62 34 41951 1
108 42 42083 1
61 28 42147 1
58 78 42157 1
100 51 42172 0
65 98 42173 0
99 85 42189 0
56 78 42224 1
109 41 42304 1
60 77 42338 1
62 49 42439 1
62 30 42504 1
58 59 42528 1
111 56 42554 1
111 57 42554 1
111 63 42563 1
55 24 42583 1
29 63 42585 0
105 40 42635 1
63 36 42657 1
68 97 42702 0
75 96 42765 0
104 41 42791 1
52 98 42800 0
57 26 42803 1
100 44 42860 0
55 25 42892 1
63 38 42948 1
90 71 42962 1
91 71 43001 1
49 97 43060 0
62 44 43064 1
51 98 43074 0
53 99 43077 0
56 98 43079 0
111 56 43088 1
99 57 43145 0
100 53 43148 0
87 92 43227 0
110 42 43258 1
74 76 43267 1
55 66 43295 1
70 97 43338 0
33 92 43346 0
111 52 43369 1
36 41 43482 0
60 29 43498 1
68 96 43515 0
40 94 43519 0
28 86 43519 0
29 64 43523 0
91 90 43525 0
56 65 43525 1
111 45 43540 1
34 47 43580 0
58 98 43583 0
33 51 43590 0
27 81 43595 0
39 93 43621 0
78 95 43637 0
108 41 43637 1
61 29 43639 1
54 97 43648 0
68 77 43662 1
58 58 43670 1
57 24 43671 1
88 72 43711 1
107 75 43746 1
50 98 43836 0
67 76 43880 1
54 76 43889 1
111 46 43921 1
70 76 43923 1
41 94 43937 0
84 94 43993 0
41 93 44038 0
100 48 44049 0
79 95 44059 0
33 48 44063 0
111 58 44067 1
48 24 44086 1
111 61 44087 1
76 96 44108 0
36 40 44121 0
57 25 44140 1
96 65 44159 0
30 90 44165 0
53 72 44167 1
54 98 44183 0
63 43 44183 1
111 62 44199 1
67 97 44226 0
60 27 44229 1
85 94 44271 0
53 25 44276 1
57 58 44288 1
28 89 44298 0
57 77 44315 1
29 75 44316 0
31 91 44317 0
33 94 44317 0
28 77 44327 0
104 36 44341 0
100 52 44385 0
56 24 44406 1
47 96 44412 0
106 40 44415 1
54 24 44420 1
40 92 44429 0
32 91 44430 0
72 96 44441 0
104 40 44443 1
95 87 44474 0
27 86 44490 0
37 37 44495 0
92 70 44518 1
27 83 44518 0
97 87 44552 0
42 94 44555 0
59 26 44564 1
58 25 44612 1
45 95 44637 0
57 78 44641 1
61 98 44661 0
29 72 44683 0
55 76 44704 1
57 61 44733 1
28 81 44818 0
32 52 44829 0
31 58 44842 0
35 92 44845 0
29 76 44872 0
38 92 44902 0
52 24 44938 1
62 47 44994 1
90 91 45009 0
28 68 45010 0
76 76 45048 1
40 93 45067 0
83 94 45072 0
63 39 45096 1
34 45 45100 0
111 54 45133 1
110 43 45149 1
33 46 45181 0
76 95 45183 0
48 25 45190 1
63 36 45190 1
111 59 45242 1
63 35 45254 1
35 43 45255 0
72 95 45295 0
28 73 45380 0
60 52 45425 1
75 76 45431 1
45 94 45452 0
60 28 45457 1
55 77 45458 1
29 62 45487 0
62 33 45517 1
59 27 45545 1
50 24 45552 1
58 27 45592 1
29 89 45604 0
29 77 45618 0
53 24 45649 1
28 69 45684 0
92 90 45691 0
58 77 45695 1
63 40 45719 1
28 79 45723 0
108 72 45785 1
61 30 45789 1
58 26 45798 1
70 96 45822 0
35 42 45825 0
63 33 45882 1
48 97 45895 0
87 71 45921 1
43 95 45940 0
89 91 45998 0
100 51 46014 0
28 70 46014 0
46 96 46019 0
107 40 46048 1
51 97 46085 0
61 78 46086 1
77 95 46088 0
27 82 46103 0
90 92 46128 0
47 95 46169 0
58 97 46176 0
41 31 46197 0
71 76 46223 1
39 35 46259 0
56 25 46285 1
87 72 46342 1
104 80 46347 1
77 76 46347 1
58 78 46353 1
59 97 46387 0
30 60 46433 0
30 91 46436 0
52 74 46607 1
65 77 46617 1
65 76 46620 1
61 31 46638 1
57 97 46659 0
111 50 46669 1
34 92 46681 0
30 62 46699 0
48 96 46776 0
63 34 46787 1
51 24 46800 1
63 45 46807 1
100 53 46856 0
85 73 46868 1
63 44 46920 1
26 68 46950 0
61 32 46993 1
53 75 46993 1
41 95 47003 0
56 100 47042 0
44 95 47057 0
62 48 47152 1
101 45 47273 0
80 78 47287 1
30 61 47312 0
67 96 47346 0
101 46 47374 0
77 96 47396 0
61 29 47398 1
64 97 47477 0
73 76 47534 1
27 85 47569 0
62 100 47578 0
57 26 47580 1
29 70 47615 0
31 50 47617 0
83 74 47649 1
29 90 47670 0
31 53 47671 0
28 86 47699 0
26 83 47711 0
33 51 47735 0
78 75 47762 1
64 98 47771 0
75 75 47777 1
79 75 47780 1
27 72 47798 0
55 24 47834 1
34 46 47900 0
33 84 47942 1
62 30 47975 1
66 76 48068 1
111 60 48131 1
63 99 48140 0
61 50 48147 1
38 93 48151 0
47 25 48152 1
69 96 48177 0
34 49 48245 0
36 43 48250 0
27 76 48268 0
54 97 48292 0
63 47 48303 1
60 26 48342 1
69 76 48400 1
54 76 48471 1
62 77 48472 1
34 94 48547 0
35 91 48798 0
77 75 48911 1
109 68 48957 1
57 60 49049 1
61 28 49106 1
31 57 49147 0
28 88 49149 0
63 42 49183 1
31 94 49219 0
55 97 49293 0
43 60 49363 1
59 98 49368 0
41 30 49413 0
36 92 49465 0
54 99 49500 0
83 96 49517 0
62 50 49539 1
80 75 49552 1
57 63 49577 1
61 49 49586 1
63 78 49663 1
76 95 49751 0
28 67 49823 0
63 77 49829 1
98 59 49927 0
30 64 49928 0
57 25 49939 1
103 41 49992 1
33 92 50050 0
56 77 50061 1
100 47 50069 0
64 76 50072 1
54 75 50085 1
99 55 50151 0
31 91 50209 0
35 46 50239 0
50 97 50265 0
57 98 50372 0
107 44 50404 1
107 74 50404 1
62 31 50497 1
27 90 50594 0
28 71 50712 0
30 90 50734 0
64 77 50799 1
82 95 50837 0
70 95 50877 0
108 41 50980 1
49 24 51016 1
45 95 51038 0
32 92 51061 0
28 72 51067 0
92 64 51076 0
56 97 51082 0
74 75 51109 1
111 55 51155 1
110 68 51192 1
29 63 51201 0
112 48 51258 1
64 41 51449 1
32 56 51482 0
94 88 51620 0
111 45 51637 1
111 47 51711 1
59 77 51727 1
63 36 51792 1
33 54 51901 0
74 96 51932 0
34 43 52042 0
100 51 52053 0
28 76 52072 0
97 63 52102 0
54 24 52204 1
28 74 52256 0
30 88 52258 0
29 90 52264 0
111 65 52319 1
32 91 52400 0
59 78 52411 1
33 47 52421 0
90 91 52469 0
36 38 52483 0
107 41 52565 1
37 36 52577 0
53 24 52610 1
36 37 52732 0
109 42 52760 1
63 46 52954 1
63 32 52991 1
62 46 53045 1
33 49 53061 0
53 74 53083 1
29 72 53110 0
72 95 53408 0
39 92 53478 0
37 92 53526 0
100 53 53655 0
42 94 53769 0
29 75 53859 0
89 71 53908 1
58 25 54030 1
111 57 54065 1
27 88 54084 0
82 74 54103 1
53 73 54178 1
28 88 54219 0
52 24 54274 1
59 25 54281 1
29 86 54315 0
28 83 54406 0
60 28 54518 1
53 98 54595 0
101 43 54804 0
63 38 54902 1
73 96 55054 0
59 55 55107 1
63 37 55129 1
84 93 55140 0
97 62 55162 0
100 52 55170 0
60 98 55277 0
74 76 55383 1
100 47 55401 0
112 52 55517 1
81 95 55764 0
59 26 55777 1
63 35 55838 1
30 56 55931 0
100 49 56199 0
68 96 56292 0
40 92 56296 0
60 27 56419 1
26 84 56497 0
94 73 56535 1
47 37 56547 1
88 92 56784 0
35 45 56784 0
28 72 56893 0
45 94 56919 0
25 87 56947 0
60 100 56954 0
48 38 56991 1
33 93 57006 0
29 76 57017 0
56 26 57047 1
47 95 57088 0
41 32 57105 0
36 41 57145 0
34 47 57157 0
89 92 57225 0
28 80 57277 0
71 96 57397 0
28 89 57435 0
37 33 57461 0
29 91 57574 0
86 94 57592 0
59 27 57740 1
63 39 57780 1
28 83 57860 0
29 67 57921 0
46 71 58006 1
66 96 58099 0
52 97 58113 0
74 96 58255 0
82 75 58355 1
111 46 58385 1
36 92 58408 0
100 48 58452 0
109 41 58520 1
27 75 58523 0
41 93 58527 0
55 97 58584 0
110 67 58602 1
29 89 58699 0
56 24 58717 1
54 68 58902 1
111 56 59021 1
43 94 59141 0
29 77 59297 0
56 25 59304 1
49 23 59674 1
55 76 59700 1
62 76 59817 1
78 95 59871 0
28 81 59978 0
58 61 60020 1
111 64 60095 1
28 78 60320 0
36 40 60415 0
57 59 60454 1
39 92 60512 0
58 26 60633 1
108 73 60697 1
112 56 60699 1
51 96 60740 0
53 23 60783 1
64 43 60844 1
106 40 60953 1
109 69 60960 1
39 91 61057 0
63 98 61101 0
50 25 61128 1
58 59 61226 1
64 36 61359 1
62 97 61551 0
88 71 61585 1
90 71 61686 1
50 24 61806 1
30 57 61900 0
60 76 62059 1
53 71 62064 1
111 63 62385 1
28 80 62475 0
29 69 62626 0
63 43 62641 1
29 70 62797 0
53 96 62823 0
62 29 62913 1
73 96 62932 0
57 77 63052 1
64 34 63090 1
100 47 64054 0
103 40 64071 1
64 39 64307 1
43 94 64384 0
61 29 64493 1
67 77 64615 1
31 55 64780 0
63 33 64849 1
61 52 64920 1
98 85 65017 0
32 55 65038 0
62 49 65084 1
51 96 65100 0
53 70 65312 1
58 60 65977 1
109 70 66004 1
55 24 66137 1
110 42 66267 1
29 88 66300 0
100 54 66412 0
96 64 66419 0
112 51 66448 1
112 49 66462 1
53 75 67013 1
111 61 67290 1
60 98 67419 0
38 91 67530 0
111 59 67580 1
62 47 67707 1
51 24 67721 1
101 46 67891 0
63 34 67918 1
111 43 68027 1
105 40 68028 1
101 44 68048 0
62 34 68096 1
112 50 68121 1
99 57 68335 0
64 35 68355 1
107 40 68356 1
109 40 68427 1
48 24 68427 1
87 93 68475 0
54 70 68571 1
69 95 68626 0
65 97 68636 0
39 91 68693 0
112 53 68716 1
91 70 68831 1
111 58 68895 1
70 76 68926 1
112 59 69000 1
62 30 69103 1
47 24 69223 1
76 95 69314 0
97 61 69476 0
111 44 69761 1
64 38 69872 1
82 94 69917 0
35 91 69980 0
110 55 70065 1
61 78 70105 1
54 76 70118 1
76 75 70125 1
71 77 70127 1
57 24 70151 1
61 96 70175 0
111 45 70304 1
62 97 70320 0
63 36 70420 1
110 41 70421 1
109 71 70600 1
61 77 70607 1
55 66 70670 1
60 97 70687 0
28 78 70711 0
56 97 70790 0
58 77 70803 1
64 42 71103 1
29 61 71176 0
100 54 71198 0
109 41 71230 1
28 73 71234 0
55 78 71257 1
29 64 71298 0
59 29 71302 1
60 77 71517 1
77 75 71524 1
28 79 71585 0
67 96 71617 0
112 55 71619 1
105 39 71628 1
57 25 71672 1
72 75 71673 1
57 62 71721 1
83 94 71805 0
54 97 71884 0
72 95 71926 0
67 76 71927 1
110 69 72014 1
104 40 72015 1
29 63 72018 0
61 27 72134 1
59 97 72192 0
38 91 72293 0
35 44 72305 0
58 78 72373 1
79 95 72384 0
28 68 72422 0
29 90 72454 0
71 76 72469 1
61 28 72470 1
64 40 72486 1
101 45 72538 0
63 44 72548 1
79 75 72572 1
28 86 72602 0
33 55 72641 0
78 75 72644 1
112 48 72650 1
63 45 72657 1
28 83 72677 0
63 32 72697 1
29 88 72767 0
52 96 72785 0
88 72 72890 1
64 37 73008 1
52 72 73027 1
45 26 73035 1
75 75 73054 1
100 51 73101 0
57 61 73128 1
38 35 73280 0
28 77 73345 0
33 48 73366 0
68 75 73448 1
55 67 73484 1
87 92 73565 0
29 86 73600 0
52 97 73606 0
32 53 73652 0
100 53 73656 0
34 49 73665 0
58 97 73767 0
65 77 73843 1
97 64 73859 0
56 64 73866 1
30 88 73882 0
73 75 73919 1
59 26 74107 1
98 61 74130 0
29 72 74239 0
60 54 74247 1
74 75 74252 1
51 23 74280 1
112 54 74386 1
69 76 74402 1
61 80 74416 1
28 88 74481 0
29 69 74483 0
51 96 74518 0
80 75 74663 1
77 95 74809 0
58 25 74828 1
61 29 74897 1
60 26 74983 1
86 73 75150 1
53 24 75184 1
37 91 75204 0
83 75 75239 1
108 40 75288 1
59 56 75302 1
110 42 75348 1
48 95 75383 0
53 72 75396 1
29 78 75410 0
112 52 75551 1
45 93 75561 0
82 94 75609 0
55 76 75685 1
62 96 75741 0
54 24 75973 1
81 7 76004 1
63 39 76013 1
48 25 76036 1
32 55 76252 0
28 80 76293 0
105 78 76426 1
45 25 76451 1
65 76 76456 1
65 97 76577 0
60 97 76618 0
54 75 76619 1
106 21 76695 1
28 84 76727 0
79 74 76771 1
13 35 76772 1
111 42 76954 1
77 77 77066 1
105 79 77095 1
108 15 77297 1
61 51 77351 1
59 25 77452 1
52 23 77782 1
66 76 77825 1
36 91 78176 0
29 65 78180 0
52 96 78217 0
63 35 78254 1
52 74 78273 1
49 96 78422 0
49 24 78523 1
56 76 78676 1
63 31 78677 1
28 72 78718 0
29 75 78912 0
30 66 78995 0
98 60 79146 0
0 0 79316 0
50 24 79398 1
89 71 79652 1
85 72 79856 1
112 60 79863 1
111 52 79873 1
62 28 79893 1
56 65 80014 1
55 68 80062 1
11 120 80305 1
64 41 80358 1
8 50 80586 1
57 76 80643 1
61 97 80701 0
70 77 80849 1
62 77 81090 1
111 63 81126 1
57 23 81189 1
32 53 81238 0
62 29 81274 1
37 91 81652 0
16 11 81701 1
54 71 81729 1
92 70 81800 1
111 54 81972 1
63 33 82153 1
30 90 82329 0
57 80 82375 1
104 41 82412 1
111 60 82413 1
106 55 82414 1
106 40 82429 1
111 83 82548 1
43 92 82734 0
28 84 82816 0
28 66 83068 0
91 90 83082 0
45 94 83183 0
29 68 83321 0
53 25 83377 1
58 26 83486 1
38 91 83637 0
52 24 83644 1
70 95 83762 0
51 95 83828 0
38 36 83925 0
112 57 84019 1
28 70 84047 0
55 24 84074 1
43 94 84295 0
34 92 84311 0
31 58 84532 0
62 42 84672 1
33 54 84710 0
41 91 84753 0
59 27 84939 1
100 54 85018 0
30 92 85026 0
110 63 85110 1
36 43 85454 0
30 64 85546 0
31 56 85626 0
29 81 85794 0
33 45 85809 0
33 51 85874 0
62 30 85987 1
34 44 86002 0
28 87 86018 0
29 71 86093 0
39 34 86281 0
30 62 86357 0
32 91 86442 0
81 94 86459 0
48 95 86524 0
63 43 86767 1
100 55 87318 0
36 39 87334 0
97 86 87358 0
40 92 87503 0
56 78 87773 1
59 96 87952 0
47 95 88165 0
58 96 88226 0
29 76 88569 0
64 36 88597 1
56 24 88603 1
26 86 88649 0
99 56 88861 0
30 65 89753 0
28 69 89755 0
99 49 90054 0
39 91 90337 0
80 95 90560 0
112 51 90633 1
27 84 90775 0
60 25 90907 1
66 97 91445 0
63 30 91895 1
112 56 92993 1
112 50 93055 1
107 40 93064 1
55 99 93607 0
111 64 93697 1
101 48 93773 0
99 85 94272 0
111 44 94386 1
111 43 94533 1
32 57 94600 0
82 94 95188 0
57 97 95281 0
97 63 95358 0
82 74 95576 1
98 60 95665 0
101 51 95721 0
107 39 95736 1
50 95 95824 0
112 45 95844 1
38 37 95846 0
109 40 96097 1
64 97 96134 0
53 96 96145 0
61 26 96221 1
28 87 96296 0
66 96 96412 0
84 93 96427 0
55 98 96437 0
30 91 96468 0
101 46 96470 0
32 53 96509 0
57 25 96567 1
110 41 96572 1
81 94 96845 0
59 77 96959 1
106 39 96964 1
112 55 97036 1
53 23 97075 1
77 75 97076 1
69 75 97097 1
80 74 97115 1
53 73 97120 1
57 77 97122 1
48 94 97160 0
29 73 97180 0
110 68 97183 1
31 61 97210 0
30 87 97212 0
84 94 97295 0
50 99 97300 0
29 89 97328 0
69 95 97344 0
35 91 97383 0
33 50 97386 0
29 65 97573 0
58 99 97579 0
98 61 97583 0
35 44 97594 0
62 98 97612 0
31 91 97618 0
100 85 97645 0
64 39 97736 1
29 68 97777 0
100 55 97916 0
61 96 97922 0
112 48 97941 1
29 70 97959 0
28 84 98005 0
53 75 98008 1
37 52 98036 0
37 37 98036 0
29 77 98058 0
57 52 98061 0
57 24 98061 1
112 52 98072 1
64 38 98097 1
32 56 98132 0
99 84 98225 0
34 47 98251 0
63 46 98269 1
59 55 98349 1
28 81 98457 0
29 71 98470 0
50 96 98503 0
89 91 98504 0
34 45 98522 0
68 96 98550 0
41 31 98627 0
71 75 98641 1
109 41 98643 1
90 91 98726 0
112 54 98734 1
54 97 98758 0
37 91 98763 0
63 48 98821 1
29 78 98858 0
63 32 98922 1
92 90 98961 0
52 96 99016 0
29 67 99023 0
70 75 99056 1
37 74 99091 1
63 77 99162 1
29 88 99197 0
35 43 99229 0
62 27 99266 1
28 92 99302 0
70 96 99424 0
56 23 99428 1
60 97 99505 0
64 34 99539 1
67 75 99550 1
29 79 99798 0
55 97 99931 0
30 59 99999 0
64 42 100062 1
30 88 100066 0
38 92 100076 0
54 98 100100 0
29 86 100109 0
35 46 100128 0
45 93 100154 0
62 97 100208 0
105 40 100210 1
78 95 100219 0
35 45 100224 0
55 75 100247 1
59 24 100398 1
46 94 100503 0
36 91 100512 0
59 26 100588 1
64 77 100596 1
111 65 100616 1
61 28 100739 1
30 60 100751 0
58 59 100771 1
84 73 100792 1
107 75 100819 1
108 39 100925 1
112 59 100946 1
63 76 100984 1
61 100 101047 0
35 48 101227 0
64 35 101260 1
85 93 101298 0
63 47 101424 1
61 27 101611 1
56 97 101741 0
50 95 101811 0
64 76 101811 1
63 36 102142 1
58 77 102152 1
56 98 102219 0
63 96 102294 0
75 75 102299 1
61 29 102418 1
55 76 102616 1
32 57 102649 0
64 43 102850 1
80 94 102882 0
60 26 103167 1
110 42 103182 1
58 25 103357 1
29 69 103380 0
69 96 103439 0
34 49 103465 0
55 23 103498 1
34 50 103542 0
88 71 103555 1
102 43 103600 0
78 75 103739 1
63 29 103821 1
30 65 103831 0
58 62 103853 1
27 68 103864 0
54 74 103904 1
43 92 104017 0
45 94 104042 0
70 76 104063 1
51 23 104068 1
35 41 104217 0
34 46 104544 0
100 46 104563 0
30 63 104573 0
44 95 104709 0
29 72 104721 0
31 57 104722 0
35 90 104739 0
42 28 104749 0
49 23 104797 1
73 75 104948 1
36 41 104980 0
31 92 105093 0
42 91 105131 0
63 97 105210 0
37 94 105223 0
72 75 105256 1
62 96 105407 0
99 54 105417 0
90 90 105438 1
74 75 105483 1
51 95 105599 0
29 81 105853 0
33 53 105885 0
101 48 106129 0
28 83 106174 0
47 94 106211 0
87 71 106317 1
112 53 106338 1
53 97 106344 1
112 50 106607 1
112 43 106610 1
100 84 106838 0
112 56 106961 1
111 43 107016 1
79 75 107041 1
107 40 107143 1
93 69 107143 1
47 23 107329 1
63 31 107331 1
62 50 107453 1
35 38 107486 0
63 45 107487 1
46 25 107570 1
85 73 107734 1
59 59 107777 1
90 71 107795 1
48 23 107814 1
50 23 107816 1
63 44 107873 1
62 51 107925 1
112 57 108047 1
101 45 108244 0
99 60 108245 0
44 93 108253 0
108 74 108456 1
111 42 108459 1
71 97 108607 0
102 44 108637 0
98 85 108714 0
76 95 108732 0
72 95 108776 0
46 94 108791 0
32 90 108794 0
94 88 108927 0
54 23 109010 1
39 36 109027 0
101 46 109118 0
64 33 109236 1
101 51 109245 0
67 97 109347 0
109 40 109368 1
33 55 109387 0
91 70 109436 1
94 89 109438 0
61 77 109452 1
67 96 109521 0
111 64 109553 1
88 91 109611 0
29 85 109639 0
47 25 109755 1
112 45 109791 1
63 33 109828 1
111 41 109853 1
59 25 109853 1
112 51 109856 1
69 76 109863 1
101 49 109936 0
109 70 109939 1
60 77 109966 1
75 74 109981 1
58 76 109997 1
101 44 110169 0
71 95 110243 0
63 32 110322 1
66 97 110337 0
57 64 110393 1
112 60 110416 1
60 53 110461 1
39 90 110466 0
52 23 110517 1
28 75 110620 0
41 91 110626 0
61 76 110634 1
58 60 110669 1
53 22 110670 1
62 49 110692 1
59 57 110707 1
48 94 110783 0
62 29 110841 1
112 63 110871 1
59 58 110871 1
52 22 110895 1
112 55 110988 1
29 75 111009 0
100 56 111230 0
77 74 111234 1
60 76 111305 1
83 94 111321 0
53 24 111411 1
70 95 111418 0
112 61 111421 1
109 71 111457 1
53 23 111460 1
29 76 111465 0
64 34 111504 1
62 28 111561 1
107 39 111584 1
110 41 111584 1
55 66 111600 1
33 49 111609 0
38 37 111619 0
55 24 111721 1
112 52 111802 1
57 24 111804 1
111 44 111815 1
81 93 111846 0
101 43 111854 0
93 89 111869 0
29 73 111879 0
111 66 111954 1
41 90 111957 0
51 96 112050 0
84 93 112083 0
98 63 112112 0
30 66 112121 0
112 59 112200 1
30 87 112238 0
30 68 112321 0
33 54 112333 0
79 74 112459 1
60 52 112500 1
37 38 112523 0
38 91 112573 0
58 96 112671 0
53 96 112731 0
58 61 112774 1
33 51 112780 0
64 32 112785 1
65 97 112924 0
59 96 112959 0
61 97 112973 0
89 71 113034 1
61 28 113046 1
112 54 113146 1
59 56 113154 1
62 76 113155 1
30 64 113196 0
101 52 113200 0
45 95 113244 0
57 61 113355 1
57 77 113368 1
54 70 113370 1
33 92 113408 0
30 86 113539 0
33 50 113677 0
32 55 113770 0
93 88 113788 0
63 30 113883 1
64 38 113899 1
44 93 113905 0
48 95 114016 0
30 61 114084 0
29 86 114093 0
61 98 114151 0
59 77 114171 1
64 41 114219 1
106 77 114259 1
55 75 114274 1
77 75 114325 1
112 48 114343 1
42 13 114362 0
111 63 114476 1
95 88 114492 0
29 78 114521 0
64 44 114615 1
29 77 114727 0
58 98 114728 0
76 74 114734 1
95 87 114806 0
59 97 114856 0
45 93 114883 0
29 70 114885 0
80 94 115080 0
60 26 115192 1
29 85 115196 0
29 71 115201 0
29 79 115222 0
81 94 115244 0
29 81 115253 0
29 62 115279 0
29 64 115383 0
101 49 115420 0
59 26 115578 1
56 96 115586 0
50 95 115627 0
39 91 115661 0
42 95 115669 0
51 97 115778 0
35 91 115791 0
50 96 115793 0
101 48 115830 0
95 89 115868 0
80 74 115883 1
34 53 115888 0
47 94 115931 0
98 87 116004 0
95 63 116070 0
80 96 116170 0
78 74 116264 1
29 68 116337 0
85 93 116492 0
64 40 116505 1
33 53 116601 0
30 90 116633 0
36 43 116639 0
30 88 116644 0
64 36 116750 1
32 90 116873 0
39 92 116909 0
112 62 116964 1
79 65 116998 0
40 91 117087 0
59 99 117167 0
56 76 117271 1
33 52 117395 0
43 92 117401 0
27 71 117462 0
74 95 117494 0
28 78 117535 0
60 25 117746 1
61 26 117774 1
112 56 117841 1
54 72 117952 1
66 96 118056 0
65 96 118106 0
82 74 118130 1
53 72 118418 1
57 63 118553 1
55 23 118652 1
109 69 118848 1
36 90 118869 0
50 24 118872 1
105 39 119028 1
56 23 119205 1
65 77 119223 1
68 75 119251 1
57 25 119292 1
63 31 119299 1
61 27 119425 1
63 46 119518 1
64 33 119524 1
56 66 119879 1
108 39 120005 1
75 95 120019 0
59 76 120353 1
74 74 120385 1
55 67 120585 1
70 75 120632 1
55 74 120668 1
57 23 120694 1
73 95 120695 0
64 42 120820 1
64 39 120925 1
57 76 121221 1
100 56 121519 0
71 95 121793 0
65 76 122029 1
59 55 122269 1
111 43 122340 1
109 39 122450 1
48 24 122477 1
63 32 122593 1
37 90 122756 0
54 73 122825 1
82 94 123102 0
49 95 123194 0
112 50 123354 1
34 50 123369 0
29 83 123589 0
62 27 123868 1
37 39 123886 0
100 54 123936 0
71 75 123982 1
33 90 123991 0
63 43 124137 1
59 24 124148 1
57 60 124347 1
59 25 124509 1
69 75 124722 1
109 40 124906 1
35 90 124938 0
57 62 125074 1
112 57 125091 1
39 33 125160 0
42 91 125192 0
46 94 125242 0
48 94 125435 0
89 70 125892 1
111 42 126013 1
30 71 126036 0
42 29 126183 0
66 76 126293 1
61 96 126383 0
63 97 126472 0
28 75 126498 0
74 95 126684 0
74 75 127032 1
30 62 127046 0
27 81 127116 0
104 40 127190 1
51 95 127542 0
29 63 127935 0
32 57 128125 0
74 97 128154 0
32 54 128172 0
41 94 128559 0
33 52 128788 0
112 45 128913 1
63 77 129675 1
58 97 129681 0
109 72 129716 1
51 23 129842 1
63 49 129938 1
83 73 129940 1
73 75 130273 1
64 45 130276 1
71 76 130289 1
28 86 130518 0
30 35 130609 0
110 68 130653 1
90 70 130795 1
44 93 130885 0
63 29 131322 1
58 59 131428 1
56 64 131682 1
29 82 131866 0
100 55 132131 0
32 52 132348 0
112 43 132748 1
75 76 132896 1
64 43 133166 1
111 65 133313 1
63 47 133581 1
32 89 133654 0
106 39 133951 1
107 39 134191 1
111 41 134436 1
101 51 134598 0
72 75 134674 1
101 49 134801 0
102 43 134812 0
66 75 134817 1
69 95 134826 0
102 42 134888 0
112 60 135017 1
113 47 135092 1
102 44 135279 0
101 46 135359 0
101 83 135441 0
101 45 135457 0
112 59 135472 1
34 51 135513 0
105 40 135576 1
109 40 135661 1
91 69 135710 1
99 84 135760 0
64 34 135770 1
101 52 135807 0
49 95 135810 0
77 94 135827 0
108 39 135852 1
110 69 135898 1
81 93 135931 0
53 23 135994 1
112 43 135996 1
63 96 136022 0
55 69 136023 1
56 75 136086 1
53 95 136122 0
77 74 136221 1
47 93 136323 0
80 93 136365 0
57 24 136386 1
65 37 136439 1
113 55 136461 1
79 74 136492 1
52 23 136517 1
64 32 136518 1
55 68 136539 1
64 76 136589 1
62 28 136593 1
30 87 136727 0
112 55 136736 1
111 42 136772 1
63 28 136773 1
109 39 136834 1
64 46 136838 1
91 70 136883 1
62 96 136883 0
61 26 136885 1
63 48 136890 1
92 69 136890 1
60 26 136894 1
60 54 136972 1
112 42 136984 1
111 64 137099 1
67 75 137122 1
41 90 137135 0
31 89 137135 0
41 91 137142 0
73 74 137163 1
111 40 137180 1
65 35 137225 1
35 48 137243 0
39 90 137255 0
60 55 137268 1
59 77 137279 1
71 94 137299 0
75 95 137317 0
56 96 137322 0
56 65 137413 1
75 74 137445 1
30 65 137490 0
30 86 137543 0
29 67 137560 0
36 90 137587 0
59 60 137620 1
86 71 137652 1
97 64 137653 0
57 23 137714 1
55 22 137718 1
38 36 137731 0
78 74 137731 1
55 75 137742 1
64 33 137753 1
102 46 137813 0
63 31 137864 1
64 42 137904 1
31 61 137957 0
61 27 137973 1
99 59 137977 0
30 68 138017 0
34 49 138048 0
33 89 138056 0
31 88 138062 0
90 90 138093 0
84 73 138117 1
99 57 138119 0
29 75 138145 0
65 36 138174 1
39 35 138201 0
31 87 138224 0
33 54 138246 0
29 72 138265 0
45 93 138301 0
29 69 138307 0
55 23 138309 1
57 97 138324 0
113 52 138345 1
59 57 138348 1
40 91 138383 0
29 81 138405 0
29 83 138419 0
30 66 138421 0
65 38 138447 1
63 76 138450 1
29 85 138460 0
113 49 138464 1
91 90 138481 0
113 46 138481 1
58 76 138481 1
37 90 138485 0
64 30 138487 1
85 73 138510 1
63 30 138518 1
111 41 138518 1
49 23 138528 1
61 77 138541 1
65 34 138558 1
53 22 138574 1
71 74 138591 1
63 75 138593 1
29 76 138598 0
33 55 138604 0
43 28 138616 0
87 92 138617 0
56 23 138617 1
64 34 138679 1
62 76 138681 1
41 32 138686 0
64 96 138694 0
93 88 138704 0
29 88 138705 0
87 71 138745 1
29 65 138780 0
30 69 138797 0
43 92 138828 0
107 39 138830 1
80 74 138838 1
64 38 138914 1
67 96 138915 0
48 94 138917 0
57 96 138919 0
112 56 138957 1
47 94 138957 0
61 25 138965 1
65 96 139035 0
43 29 139061 0
101 48 139064 0
65 39 139102 1
112 61 139117 1
60 76 139149 1
112 63 139185 1
58 96 139285 0
109 71 139309 1
59 24 139317 1
45 94 139364 0
64 41 139369 1
35 46 139373 0
30 64 139377 0
63 46 139411 1
40 35 139436 0
37 38 139438 0
35 45 139469 0
33 90 139487 0
61 76 139497 1
37 39 139518 0
35 90 139553 0
40 32 139556 0
65 41 139559 1
29 86 139573 0
100 57 139608 0
111 45 139612 1
52 22 139617 1
30 63 139682 0
59 58 139691 1
64 32 139712 1
42 92 139717 0
32 56 139791 0
36 91 139802 0
34 47 139806 0
52 96 139815 0
105 78 139822 1
54 71 139900 1
53 72 139927 1
63 45 139976 1
56 22 140036 1
29 82 140045 0
90 70 140092 1
29 78 140164 0
59 23 140178 1
32 89 140197 0
62 27 140218 1
60 24 140237 1
37 91 140249 0
60 25 140315 1
61 75 140382 1
112 62 140396 1
56 75 140415 1
101 51 140488 0
74 74 140519 1
59 56 140521 1
41 90 140544 0
61 26 140678 1
100 53 140709 0
55 73 140718 1
56 67 140871 1
29 77 140904 0
47 93 140940 0
58 75 140962 1
64 75 141192 1
59 96 141228 0
61 53 141228 1
54 72 141233 1
55 74 141297 1
64 48 141306 1
78 94 141358 0
53 23 141375 1
112 43 141407 1
58 23 141419 1
59 25 141466 1
77 74 141471 1
111 67 141487 1
65 42 141552 1
68 75 141581 1
42 91 141606 0
71 75 141614 1
34 51 141778 0
57 75 141781 1
98 86 141813 0
77 94 141951 0
65 75 142005 1
62 75 142008 1
88 70 142072 1
64 29 142084 1
63 29 142088 1
79 74 142095 1
36 40 142159 0
50 22 142205 1
70 75 142234 1
64 43 142256 1
57 24 142264 1
46 24 142321 1
92 70 142388 1
47 24 142413 1
64 33 142444 1
30 81 142461 0
112 64 142535 1
29 79 142558 0
30 86 142592 0
59 59 142625 1
53 95 142657 0
68 74 142683 1
107 76 142691 1
58 63 142696 1
34 53 142755 0
62 25 142756 1
30 71 142859 0
30 88 142969 0
34 50 143013 0
63 32 143036 1
29 73 143167 0
108 39 143270 1
42 90 143392 0
62 26 143401 1
54 73 143426 1
36 90 143661 0
59 75 143681 1
30 87 143718 0
30 82 143724 0
94 88 143788 0
35 42 143845 0
35 44 143905 0
83 92 143978 0
38 37 144018 0
113 50 144085 1
85 72 144170 1
60 96 144280 0
33 57 144284 0
88 91 144442 0
68 96 144506 0
30 69 144518 0
56 74 144594 1
98 63 144805 0
112 41 144897 1
82 73 144955 1
66 76 145071 1
51 23 145170 1
89 90 145172 0
52 23 145181 1
76 93 145201 0
63 28 145226 1
33 53 145358 0
64 45 145599 1
79 94 145640 0
100 84 145680 0
112 52 145743 1
55 23 145780 1
54 70 145793 1
89 70 145886 1
57 23 145915 1
59 76 145955 1
60 26 146003 1
32 90 146017 0
53 22 146024 1
70 74 146118 1
82 74 146125 1
65 76 146168 1
109 40 146243 1
78 94 146287 0
112 54 146290 1
69 75 146356 1
31 89 146374 0
98 61 146487 0
35 40 146632 0
112 45 146712 1
42 92 146906 0
32 91 147058 0
106 78 147070 1
65 37 147076 1
55 97 147220 0
43 93 147356 0
52 95 147594 0
107 38 147721 1
56 23 148075 1
111 42 148077 1
110 68 148105 1
101 49 148292 0
111 66 148546 1
63 31 148672 1
30 80 148701 0
99 58 148776 0
61 28 148861 1
86 92 148897 0
55 75 148972 1
64 77 148997 1
57 22 149010 1
64 31 149044 1
105 77 149069 1
34 90 149132 0
108 38 149143 1
77 93 149218 0
31 64 149288 0
111 65 149317 1
50 23 149337 1
102 46 149424 0
90 90 149520 0
63 77 149625 1
60 97 149702 0
28 80 149716 0
64 34 149768 1
41 92 149853 0
105 39 149933 1
29 84 149952 0
30 68 149974 0
61 96 150082 0
81 93 150122 0
50 95 150124 0
29 83 150182 0
26 90 150191 0
101 52 150228 0
57 95 150443 0
63 95 150729 0
112 59 150862 1
51 22 150953 1
73 75 150968 1
64 96 151011 0
30 66 151021 0
33 58 151034 0
33 89 151112 0
70 95 151184 0
64 42 151207 1
112 60 151269 1
80 93 151370 0
109 39 151398 1
31 87 151480 0
66 96 151574 0
57 26 151711 1
30 65 151806 0
102 44 151841 0
39 90 152085 0
71 94 152177 0
100 57 152226 0
37 90 152244 0
60 96 152440 0
84 93 152475 0
52 94 152573 0
83 73 152675 1
56 96 152712 0
64 97 152714 0
29 71 152769 0
58 62 152787 1
32 89 152864 0
113 47 152874 1
80 94 152985 0
55 22 153002 1
63 47 153019 1
48 94 153073 0
65 36 153145 1
110 70 153187 1
75 74 153297 1
54 96 153360 0
78 74 153406 1
52 95 153468 0
58 61 153519 1
100 56 153536 0
73 95 153623 0
79 94 153708 0
51 95 153855 0
97 62 154185 0
89 71 154202 1
102 43 154262 0
69 76 154329 1
53 96 154354 0
48 23 154363 1
76 74 154468 1
36 44 154492 0
108 75 154775 1
76 94 154804 0
54 95 154928 0
35 48 154988 0
61 27 155005 1
108 74 155148 1
59 24 155167 1
112 42 155361 1
34 90 155544 0
65 40 155606 1
78 94 155614 0
28 71 155779 0
65 35 155792 1
113 54 155854 1
43 91 156046 0
56 75 156070 1
57 96 156075 0
72 74 156189 1
106 38 156381 1
37 89 156511 0
64 30 156784 1
29 82 156815 0
62 27 156870 1
29 84 156888 0
63 27 156973 1
31 90 157346 0
63 49 157719 1
30 76 157735 0
56 97 157762 0
61 25 158000 1
42 90 158256 0
60 54 158303 1
113 56 158308 1
49 94 158441 0
110 69 158616 1
62 76 158626 1
60 76 158842 1
60 23 158870 1
65 34 159083 1
35 50 159152 0
108 43 159458 1
29 85 159527 0
113 53 159631 1
111 41 159674 1
64 46 159715 1
110 39 159826 1
101 50 159905 0
29 81 160268 0
35 47 160284 0
97 63 160285 0
80 74 160323 1
48 25 160381 1
59 95 160470 0
119 76 160511 1
119 56 160511 1
64 32 160556 1
60 24 160987 1
91 89 161369 0
65 95 161399 0
64 44 161424 1
113 58 161700 1
32 54 161730 0
102 45 161913 0
77 74 161953 1
44 92 161963 0
72 75 162029 1
112 43 162079 1
62 95 162211 0
75 93 162267 0
74 93 162282 0
98 85 162574 0
113 46 162625 1
54 95 162640 0
69 25 162678 1
52 22 162682 1
69 74 162729 1
61 26 162893 1
62 49 162983 1
89 90 163096 0
91 70 163111 1
113 51 163210 1
56 66 163227 1
113 49 163354 1
59 57 163356 1
67 75 163453 1
39 36 163510 0
63 96 163526 0
43 91 163575 0
111 40 163616 1
74 74 163760 1
62 96 163780 0
49 94 163838 0
99 61 163851 0
60 56 163915 1
73 74 163940 1
29 70 164055 0
41 30 164063 0
47 93 164096 0
61 52 164111 1
34 51 164233 0
99 59 164248 0
29 89 164258 0
69 95 164298 0
30 86 164361 0
91 69 164365 1
103 42 164376 0
33 54 164471 0
41 90 164486 0
55 74 164519 1
69 94 164558 0
33 88 164582 0
45 93 164595 0
49 22 164644 1
34 49 164646 0
31 67 164661 0
32 92 164697 0
30 85 164743 0
33 55 164753 0
97 85 164766 0
113 52 164787 1
63 29 164791 1
60 55 164797 1
36 43 164851 0
82 92 164852 0
35 90 164911 0
64 33 164943 1
90 89 164982 0
112 63 165028 1
42 30 165070 0
30 81 165081 0
66 75 165178 1
31 61 165223 0
29 87 165315 0
55 70 165316 1
42 94 165348 0
113 55 165375 1
74 96 165380 0
86 92 165407 0
31 58 165441 0
65 33 165463 1
59 23 165540 1
30 82 165621 0
76 93 165777 0
85 92 165783 0
30 69 165805 0
101 54 165842 0
30 76 165904 0
55 73 165919 1
39 34 165956 0
77 93 165963 0
65 32 166012 1
65 38 166031 1
44 93 166037 0
37 92 166042 0
101 50 166073 0
65 39 166092 1
28 76 166098 0
63 76 166231 1
61 76 166311 1
54 72 166345 1
34 53 166489 0
99 60 166527 0
113 50 166573 1
113 45 166611 1
113 44 166644 1
71 74 166645 1
30 64 166689 0
59 55 166697 1
57 23 166786 1
102 45 166788 0
113 47 166809 1
56 22 166816 1
113 43 166836 1
61 24 166924 1
30 80 166988 0
109 39 167106 1
43 92 167202 0
79 74 167266 1
32 57 167340 0
75 94 167398 0
63 28 167466 1
64 29 167485 1
29 74 167539 0
33 90 167570 0
41 91 167583 0
53 22 167752 1
60 57 167774 1
30 71 167789 0
46 95 167819 0
55 23 167900 1
102 46 167957 0
64 43 167994 1
57 75 167996 1
31 65 168067 0
62 50 168152 1
59 58 168174 1
64 47 168190 1
63 48 168212 1
55 68 168434 1
57 74 168446 1
113 48 168460 1
35 91 168505 0
29 80 168522 0
53 23 168664 1
93 88 168741 0
57 63 168790 1
73 94 168833 0
60 96 168899 0
64 32 168916 1
57 62 168965 1
31 87 169048 0
58 23 169072 1
57 64 169090 1
56 65 169128 1
36 89 169139 0
52 94 169216 0
78 73 169273 1
38 40 169484 0
65 37 169557 1
58 75 169649 1
55 69 169807 1
70 75 169823 1
112 41 169845 1
44 92 169955 0
35 89 169995 0
30 85 170091 0
90 70 170243 1
49 23 170244 1
112 42 170246 1
83 93 170249 0
53 97 170362 0
58 22 170363 1
106 77 170475 1
31 90 170668 0
31 73 170805 0
56 74 170999 1
34 46 171001 0
36 41 171051 0
54 71 171337 1
31 74 171364 0
113 59 171515 1
30 84 171602 0
65 41 171608 1
36 90 171708 0
35 47 171733 0
61 31 171945 1
65 43 171991 1
102 49 172159 0
64 30 172351 1
93 89 172360 0
35 94 172438 0
42 90 172542 0
84 73 172652 1
33 52 172663 0
84 72 172665 1
30 68 172666 0
101 55 172682 0
31 71 172795 0
51 94 172923 0
76 94 172987 0
42 91 173240 0
30 63 173286 0
65 96 173336 0
30 66 173343 0
53 95 173578 0
66 37 173592 1
37 40 173636 0
46 94 173711 0
98 60 173762 0
63 95 173785 0
26 70 173893 0
29 60 173904 0
33 89 173929 0
34 50 173984 0
94 68 173999 1
29 68 174224 0
56 23 174478 1
77 94 174513 0
38 35 174551 0
75 73 174555 1
101 52 174572 0
68 97 174643 0
95 87 174687 0
101 54 175070 0
59 24 175084 1
75 94 175183 0
58 59 175493 1
30 72 175745 0
35 45 175854 0
29 78 175854 0
52 95 175874 0
67 98 175998 0
102 45 176158 0
73 93 176256 0
34 90 176282 0
42 92 176394 0
32 58 176400 0
99 84 176522 0
27 86 176643 0
96 65 176768 0
101 50 176798 0
29 66 177053 0
27 77 177058 0
65 35 177063 1
73 94 177083 0
54 96 177178 0
37 43 177203 0
107 75 177343 1
29 80 177433 0
108 39 177489 1
58 96 177490 0
61 26 177547 1
107 39 177738 1
71 75 177863 1
62 95 177863 0
57 95 178253 0
90 69 178388 1
107 74 178404 1
66 35 178526 1
102 49 178702 0
64 45 178718 1
49 94 178787 0
30 70 178868 0
59 61 178869 1
110 39 179058 1
30 87 179194 0
109 71 179310 1
41 33 179623 0
38 91 179852 0
56 75 179946 1
30 84 180051 0
33 47 180076 0
35 48 180113 0
30 62 180120 0
100 45 180167 0
29 75 180233 0
36 44 180548 0
99 52 180566 0
51 99 180722 0
82 73 180855 1
74 93 181460 0
113 53 181780 1
31 85 181830 0
57 22 181834 1
81 73 181856 1
55 22 181884 1
62 97 182041 0
30 78 182088 0
68 75 182220 1
69 75 182278 1
31 64 182384 0
30 72 182768 0
109 72 182773 1
101 48 183272 0
37 39 183667 0
72 97 183811 0
50 93 183979 0
101 55 184002 0
38 60 184236 1
48 43 184329 1
108 38 184481 1
32 48 184573 0
29 79 184845 0
65 34 185102 1
59 60 185152 1
65 36 185196 1
93 68 185285 1
111 41 185786 1
62 25 185961 1
28 66 186214 0
113 46 186359 1
76 15 186612 1
30 77 187117 0
109 38 187266 1
62 26 187417 1
61 25 187504 1
112 43 187640 1
63 46 187788 1
53 72 187942 1
112 64 187943 1
30 70 187945 0
113 57 188070 1
56 67 188084 1
101 47 188132 0
98 57 188197 0
113 49 188209 1
65 75 188590 1
102 44 188596 0
111 40 188684 1
70 74 188716 1
65 76 188722 1
113 47 188754 1
107 38 188950 1
113 55 189017 1
83 92 189039 0
80 93 189186 0
111 39 189383 1
113 51 189400 1
113 56 189444 1
64 42 189572 1
57 61 189660 1
60 75 189694 1
63 27 189933 1
113 52 190073 1
113 58 190094 1
50 24 190115 1
59 22 190187 1
31 60 190211 0
48 22 190243 1
113 50 190250 1
109 39 190281 1
51 94 190309 0
64 28 190430 1
102 52 190459 0
50 22 190467 1
52 22 190570 1
113 44 190845 1
54 21 190906 1
38 8 190914 1
56 68 190999 1
60 76 191000 1
43 91 191002 0
84 98 191043 1
65 40 191050 1
81 93 191058 0
113 45 191216 1
52 23 191255 1
75 93 191272 0
55 73 191274 1
32 59 191279 0
35 46 191303 0
59 23 191360 1
63 28 191380 1
89 70 191397 1
63 75 191435 1
71 94 191446 0
45 91 191505 0
76 73 191609 1
55 72 191628 1
64 48 191664 1
88 90 191682 0
30 65 191729 0
56 22 191758 1
30 82 191760 0
50 94 191835 0
54 95 191857 0
47 93 191908 0
112 40 191910 1
33 88 191947 0
60 23 191964 1
64 75 191981 1
57 23 192031 1
37 89 192097 0
54 72 192118 1
79 93 192207 0
35 89 192430 0
34 51 192467 0
60 54 192516 1
103 41 192565 0
101 51 192636 0
32 89 192653 0
38 90 192676 0
31 68 192686 0
60 24 192690 1
31 88 192763 0
65 31 192783 1
30 81 192786 0
112 42 192871 1
113 61 192945 1
64 95 192993 0
33 57 193104 0
64 29 193171 1
30 85 193223 0
73 74 193224 1
66 74 193226 1
38 38 193292 0
112 41 193300 1
62 24 193388 1
52 94 193435 0
65 74 193471 1
63 26 193508 1
102 49 193528 0
65 33 193621 1
30 86 193632 0
92 69 193649 1
62 75 193651 1
67 95 193734 0
112 63 193814 1
65 42 193848 1
64 30 193896 1
62 76 193937 1
111 66 193955 1
53 21 194050 1
78 73 194102 1
53 22 194115 1
64 27 194120 1
65 95 194280 0
30 80 194344 0
74 73 194355 1
57 65 194437 1
59 95 194452 0
64 46 194462 1
79 73 194512 1
102 42 194646 0
65 38 194669 1
66 39 194731 1
65 39 194873 1
36 89 194952 0
31 67 195077 0
65 32 195142 1
82 92 195153 0
61 75 195187 1
32 63 195294 0
29 66 195358 0
38 37 195416 0
89 69 195567 1
57 75 195593 1
33 58 195600 0
113 43 195684 1
113 54 195692 1
85 72 195711 1
88 70 195718 1
56 73 195817 1
101 53 195865 0
74 74 195915 1
30 76 195997 0
36 45 196106 0
65 37 196124 1
91 69 196368 1
63 47 196368 1
64 32 196456 1
66 34 196499 1
77 74 196507 1
68 95 196512 0
1 48 196515 1
60 56 196551 1
68 74 196581 1
87 71 196660 1
59 59 196684 1
80 73 196724 1
122 38 196857 1
61 24 196983 1
60 55 197016 1
61 76 197080 1
113 46 197095 1
50 93 197168 0
59 75 197174 1
61 53 197202 1
56 125 197278 1
65 35 197413 1
32 87 197550 0
59 24 197861 1
91 86 197930 1
15 115 198051 1
61 26 198118 1
113 60 198136 1
60 22 198182 1
58 22 198214 1
49 60 198231 1
32 88 198251 0
55 66 198268 1
105 79 198301 1
61 54 198324 1
111 113 198348 1
51 68 198492 1
40 112 198497 1
67 32 198509 1
111 67 198511 1
86 71 198513 1
58 75 198571 1
9 12 198651 1
59 43 198920 1
62 25 199049 1
51 59 199130 1
105 66 199159 1
69 89 199175 1
76 77 199198 1
119 79 199484 1
109 66 199506 1
63 50 199534 1
53 45 199563 1
113 53 199604 1
57 74 199692 1
112 66 199853 1
112 65 199960 1
0 0 200010 0
