35 65 0 0
108 32 89 0
66 82 140 1
46 91 142 0
75 97 146 0
76 44 172 1
110 35 185 0
83 99 195 0
85 80 235 1
36 73 317 0
65 30 333 1
48 56 427 1
98 74 468 1
116 27 535 1
36 91 618 0
51 32 619 1
54 95 627 0
74 39 696 1
73 36 696 1
36 64 722 0
35 54 735 0
53 60 748 0
58 50 749 0
77 45 816 1
67 97 890 0
59 30 958 1
35 63 1014 0
36 51 1036 0
62 30 1066 1
57 31 1101 1
52 30 1194 1
59 96 1267 0
37 89 1269 0
108 30 1286 0
110 36 1293 0
37 71 1316 0
70 32 1324 1
72 81 1335 1
69 97 1346 0
77 46 1346 1
58 30 1378 1
92 72 1381 1
66 30 1406 1
50 93 1428 0
81 98 1434 0
36 69 1442 0
56 96 1465 0
63 30 1466 1
36 62 1476 0
80 80 1543 1
84 80 1602 1
55 30 1661 1
37 78 1728 0
83 79 1732 1
71 34 1773 1
97 73 1793 1
49 56 1796 1
35 61 1823 0
39 91 1832 0
99 76 1893 1
64 97 1918 0
62 80 2122 1
65 31 2154 1
84 79 2259 1
66 31 2260 1
49 63 2295 1
99 77 2313 1
76 42 2315 1
69 81 2385 1
72 34 2391 1
66 81 2400 1
36 57 2442 0
99 75 2443 1
35 62 2572 0
75 38 2593 1
73 82 2689 1
71 97 2766 0
37 91 2817 0
52 94 2853 0
60 80 2864 1
94 72 2943 1
42 91 2981 0
100 82 2987 1
36 53 2994 0
49 55 3052 1
73 98 3061 0
79 80 3104 1
58 96 3155 0
43 39 3165 0
48 92 3182 0
36 58 3213 0
41 91 3232 0
45 91 3236 0
82 80 3241 1
36 55 3268 0
74 82 3324 1
75 81 3332 1
49 64 3346 1
76 45 3367 1
36 90 3383 0
49 54 3387 1
75 53 3421 1
49 59 3448 1
36 63 3558 0
37 77 3564 0
64 30 3628 1
36 67 3630 0
54 47 3655 0
67 98 3663 0
99 82 3743 1
67 31 3764 1
74 37 3779 1
67 81 3819 1
36 56 3825 0
48 57 3844 1
49 57 3853 1
37 48 3981 0
43 91 4006 0
77 44 4059 1
54 46 4080 0
100 77 4100 1
55 47 4147 0
67 32 4149 1
74 55 4166 1
48 61 4223 1
36 68 4235 0
49 52 4269 1
36 64 4307 0
35 58 4324 0
48 94 4328 0
69 98 4423 0
77 49 4504 1
100 81 4512 1
110 35 4599 0
38 91 4611 0
46 91 4637 0
86 71 4686 0
68 32 4910 1
60 30 4916 1
60 29 4920 1
68 98 5004 0
77 51 5042 1
49 58 5049 1
72 36 5105 1
73 57 5136 1
64 81 5137 1
98 75 5164 1
61 80 5249 1
35 55 5250 0
49 94 5305 0
70 33 5396 1
35 69 5457 0
63 31 5550 1
61 73 5660 1
49 61 5669 1
69 33 5676 1
41 90 5698 0
109 33 5712 0
71 82 5749 1
58 47 5764 0
71 35 5799 1
116 33 5845 1
68 81 5856 1
76 50 5960 1
74 36 6015 1
48 58 6085 1
49 56 6127 1
42 92 6184 0
37 73 6206 0
57 30 6293 1
100 80 6300 1
63 81 6330 1
77 47 6368 1
37 50 6565 0
35 56 6712 0
49 93 6747 0
73 58 6823 1
59 30 6964 1
59 97 7062 0
59 79 7092 1
61 30 7411 1
57 97 7445 0
37 83 7460 0
76 41 7545 1
35 67 7564 0
81 99 7577 0
76 49 7606 1
58 78 7608 1
115 25 7705 1
39 90 7723 0
36 62 7811 0
37 51 7826 0
85 99 7963 0
62 99 8232 0
76 51 8316 1
57 51 8562 0
112 25 8621 1
52 31 8669 1
75 39 8680 1
36 52 8879 0
60 79 9000 1
73 35 9266 1
54 95 9310 0
77 43 9351 1
113 25 9427 1
85 98 9560 0
59 50 9576 0
70 81 9610 1
90 96 9644 0
85 79 9659 1
96 73 9667 1
37 75 9988 0
39 92 10018 0
43 91 10239 0
77 98 10305 0
71 81 10311 1
88 97 10323 0
36 69 10380 0
77 42 10436 1
108 36 10503 0
100 79 10662 1
72 35 10665 1
54 29 10734 1
110 35 10765 0
60 76 10820 1
60 78 10993 1
51 31 11047 1
92 73 11289 1
56 48 11401 0
61 98 11475 0
36 58 11498 0
37 90 11767 0
74 81 11861 1
50 64 12127 1
73 81 12484 1
108 28 12535 0
109 36 12550 0
37 89 12562 0
65 98 12648 0
53 47 12782 0
61 31 13074 1
63 98 13076 0
66 98 13190 0
76 40 13208 1
37 86 13727 0
36 64 13956 0
69 97 14240 0
62 30 14257 1
95 72 14348 1
36 63 14590 0
38 77 14794 0
74 98 14842 0
111 25 15266 1
116 25 15358 1
48 93 15377 0
36 57 15445 0
79 99 15470 0
113 36 15736 0
37 80 15899 0
35 70 15913 0
61 79 16060 1
107 33 16190 0
57 29 16228 1
46 91 16540 0
49 53 16583 1
56 96 16661 0
90 73 16704 1
58 30 16709 1
112 24 16922 1
49 51 16933 1
90 74 17126 1
49 62 17169 1
23 104 17394 1
58 29 17425 1
73 36 17771 1
99 85 17813 1
37 81 17865 0
65 30 17905 1
54 31 17971 1
40 91 17993 0
93 72 18049 1
49 60 18094 1
37 71 19597 0
59 96 19629 0
69 32 19778 1
99 84 19807 1
78 80 20330 1
73 97 20555 0
112 36 20560 0
108 34 20665 0
57 48 20915 0
58 96 21409 0
68 31 21454 1
36 75 21505 0
37 87 22024 0
66 31 22219 1
34 61 22506 0
75 97 22649 0
36 61 22739 0
100 83 22856 1
37 79 22935 0
86 77 23328 0
66 30 23358 1
35 68 23458 0
60 97 23786 0
36 50 23848 0
73 37 24078 1
74 97 24104 0
108 32 24264 0
99 76 24433 1
114 24 24483 1
36 56 24493 0
50 63 24493 1
100 78 24597 1
98 74 24963 1
71 98 24973 0
58 51 25105 0
40 91 25297 0
77 46 25479 1
72 81 25886 1
83 98 26006 0
78 98 26134 0
97 73 26264 1
77 80 26286 1
57 52 26339 0
80 99 26379 0
45 90 26379 0
82 79 26443 1
76 42 26466 1
77 99 26485 0
108 33 26496 0
110 35 26541 0
42 90 26557 0
67 30 26601 1
71 34 26692 1
67 97 26790 0
81 98 26857 0
36 65 27121 0
74 37 27127 1
53 95 27198 0
36 89 27286 0
36 55 27309 0
64 80 27310 1
77 45 27317 1
62 98 27328 0
36 87 27354 0
69 81 27397 1
80 79 27417 1
77 97 27453 0
64 30 27470 1
58 47 27500 0
67 81 27553 1
52 94 27633 0
117 29 27695 1
111 36 27756 0
59 29 27875 1
36 67 27896 0
79 79 27898 1
71 33 27908 1
108 30 27909 0
45 38 27965 0
36 53 27965 0
70 32 28024 1
64 97 28049 0
48 92 28174 0
49 56 28247 1
96 72 28320 1
36 82 28339 0
63 80 28342 1
109 33 28358 0
115 35 28436 0
37 76 28601 0
35 64 28655 0
36 61 28678 0
70 98 28706 0
61 29 28707 1
77 50 28708 1
115 25 28717 1
36 68 28758 0
41 90 28789 0
62 80 28876 1
45 91 28922 0
36 64 28962 0
66 81 28991 1
60 97 29080 0
59 77 29119 1
54 30 29153 1
91 72 29217 1
37 75 29305 0
100 77 29358 1
37 52 29400 0
53 30 29523 1
69 31 29633 1
72 34 29647 1
117 30 29742 1
49 63 29816 1
65 31 29838 1
99 75 29920 1
67 31 29966 1
68 81 30022 1
61 80 30063 1
49 54 30172 1
50 62 30210 1
81 81 30420 1
59 30 30599 1
60 29 30602 1
83 79 30631 1
100 76 30669 1
109 32 30679 0
49 59 30817 1
76 52 30977 1
81 79 30985 1
75 39 30985 1
117 28 30998 1
79 80 31112 1
51 92 31193 0
64 29 31262 1
109 45 31265 1
109 45 31330 0
51 94 31331 0
49 55 31376 1
36 65 31477 0
98 74 31632 1
80 80 31652 1
45 92 31664 0
36 62 31683 0
42 91 31852 0
37 73 31917 0
74 36 32035 1
73 36 32152 1
60 77 32157 1
77 47 32166 1
36 81 32192 0
57 96 32230 0
71 96 32360 0
36 66 32557 0
68 97 32607 0
77 44 32646 1
77 48 32651 1
36 83 32713 0
39 90 32732 0
38 48 32783 0
62 71 32808 1
100 82 32879 1
44 38 33193 0
36 58 33247 0
38 81 33254 0
57 95 33321 0
62 97 33653 0
41 91 33801 0
36 51 33824 0
54 58 33831 0
111 36 33864 0
35 73 33944 0
36 63 33977 0
39 46 34043 0
50 93 34058 0
74 97 34115 0
57 30 34124 1
50 52 34193 1
113 37 34297 0
54 46 34510 0
58 97 34591 0
75 81 34896 1
62 29 35175 1
74 57 35227 1
117 27 35374 1
100 81 35400 1
49 57 35625 1
73 35 35697 1
76 53 35767 1
95 72 35871 1
60 79 36023 1
50 32 36079 1
117 31 36122 1
49 61 36173 1
74 80 36358 1
52 61 36520 0
117 29 36616 1
49 52 36650 1
116 25 36870 1
36 71 36910 0
99 77 36987 1
63 29 37027 1
72 60 37162 1
72 96 37170 0
114 36 37316 0
94 72 37395 1
77 49 37445 1
91 73 37474 1
99 74 37613 1
36 66 37620 0
58 30 37755 1
85 79 38388 1
100 78 38403 1
97 73 38509 1
66 31 38641 1
59 48 38738 0
76 42 38767 1
71 81 38773 1
77 97 39055 0
57 96 39064 0
77 46 39149 1
86 97 39160 0
71 97 39225 0
74 37 39312 1
37 87 39333 0
71 34 39389 1
117 32 39464 1
61 97 39499 0
77 43 39586 1
83 99 39596 0
99 73 39680 1
75 38 39682 1
70 81 39729 1
114 24 39763 1
76 40 39796 1
57 47 39829 0
49 58 39842 1
117 30 39872 1
78 79 39897 1
59 96 39914 0
79 97 39927 0
99 76 40014 1
58 96 40036 0
38 78 40051 0
111 24 40072 1
91 95 40099 0
84 99 40113 0
37 82 40116 0
76 44 40166 1
86 98 40219 0
55 29 40242 1
77 42 40264 1
96 72 40373 1
115 25 40458 1
59 29 40534 1
64 80 40538 1
77 45 40576 1
49 56 40761 1
72 35 40767 1
116 24 40848 1
65 80 40903 1
36 64 40919 0
76 39 40928 1
68 97 40981 0
69 81 40986 1
67 96 41005 0
92 72 41025 1
83 81 41037 1
36 57 41056 0
64 30 41065 1
42 90 41213 0
74 56 41218 1
82 79 41224 1
37 88 41231 0
66 80 41239 1
68 96 41252 0
43 91 41333 0
68 31 41357 1
70 32 41393 1
36 61 41400 0
117 28 41501 1
74 35 41549 1
58 29 41592 1
36 52 41613 0
37 51 41626 0
66 29 41657 1
71 33 41686 1
77 41 41733 1
85 98 41747 0
100 77 41782 1
72 34 41812 1
61 79 41823 1
37 86 41863 0
61 29 41866 1
36 65 41902 0
37 89 41903 0
53 60 41934 0
109 32 41998 0
84 79 42035 1
45 90 42055 0
111 36 42088 0
36 69 42200 0
117 27 42208 1
75 39 42226 1
59 47 42227 0
117 29 42253 1
64 98 42256 0
117 31 42311 1
37 50 42369 0
72 80 42411 1
83 79 42426 1
5 109 42454 1
59 50 42470 0
58 48 42533 0
46 91 42605 0
115 24 42607 1
41 90 42678 0
67 30 42703 1
38 77 42730 0
58 47 42730 0
37 83 42738 0
37 71 42782 0
69 31 42799 1
57 29 42810 1
67 80 42876 1
62 79 42963 1
96 39 42967 1
62 97 43054 0
97 72 43154 1
73 36 43157 1
36 74 43205 0
100 84 43273 1
81 98 43315 0
53 29 43348 1
49 63 43510 1
50 51 43539 1
49 60 43542 1
68 30 43607 1
36 71 43618 0
62 96 43722 0
93 72 43728 1
77 1 43774 1
62 73 43775 1
117 32 43776 1
74 37 43894 1
64 29 43912 1
61 96 43934 0
0 126 44001 1
71 32 44043 1
60 97 44066 0
65 88 44131 1
36 67 44205 0
38 30 44217 1
38 71 44218 0
51 92 44258 0
66 30 44276 1
77 44 44285 1
100 76 44342 1
64 32 44346 1
110 35 44492 0
80 79 44507 1
37 52 44581 0
74 36 44642 1
55 94 44659 0
50 92 44678 0
117 33 44770 1
60 29 44772 1
14 113 44796 1
99 75 44805 1
36 56 44889 0
63 80 44915 1
52 29 44943 1
55 56 45027 0
66 81 45161 1
36 64 45255 0
36 66 45379 0
69 80 45432 1
70 31 45547 1
54 29 45690 1
49 54 45781 1
116 25 45856 1
69 97 45945 0
49 59 45983 1
36 55 46105 0
83 98 46164 0
57 46 46265 0
113 36 46284 0
56 29 46383 1
53 94 46457 0
73 35 46468 1
98 87 46486 1
48 91 46513 0
50 61 46608 1
72 59 46649 1
37 88 46874 0
47 91 46902 0
117 26 47243 1
50 62 47259 1
109 33 47267 0
53 59 47516 0
98 73 47562 1
36 84 47643 0
61 78 47705 1
101 80 47758 1
77 51 47758 1
54 47 47777 0
36 62 47916 0
77 47 47960 1
85 79 48186 1
100 83 48448 1
68 81 48503 1
25 88 48553 1
71 96 48611 0
72 33 49042 1
112 36 49119 0
78 47 49159 1
36 58 49282 0
97 73 49303 1
57 47 49390 0
66 96 49407 0
62 29 49493 1
48 56 49545 1
108 31 49609 0
77 80 49639 1
117 27 49641 1
99 74 49876 1
35 84 49948 0
37 56 50017 0
117 31 50107 1
36 73 50135 0
37 55 50162 0
84 98 50185 0
81 99 50231 0
57 95 50259 0
111 34 50276 0
37 60 50813 0
49 55 50823 1
50 92 50907 0
37 62 51067 0
108 32 51087 0
107 32 51098 0
42 90 51139 0
59 48 51272 0
108 30 51273 0
95 72 51314 1
57 46 51451 0
58 48 51571 0
95 71 51626 1
70 96 51644 0
49 32 51648 1
48 91 51849 0
47 91 52006 0
35 72 52048 0
61 97 52142 0
71 31 52181 1
79 79 52223 1
72 81 52244 1
75 97 52246 0
114 23 52270 1
114 24 52348 1
75 38 52408 1
78 45 52465 1
117 29 52465 1
72 96 52527 0
38 76 52564 0
36 71 52627 0
101 79 52795 1
73 97 52803 0
53 94 52853 0
114 35 52990 0
77 43 52993 1
79 97 53064 0
64 80 53115 1
96 72 53147 1
77 40 53187 1
37 82 53227 0
70 32 53340 1
73 80 53344 1
100 75 53347 1
94 71 53360 1
117 32 53452 1
64 97 53472 0
70 80 53538 1
77 42 53610 1
37 58 53637 0
77 45 53669 1
46 90 53671 1
117 26 53694 1
100 74 53717 1
117 28 53739 1
80 98 53761 0
85 78 53772 1
77 49 53786 1
63 29 53872 1
63 96 53989 0
109 32 53997 0
59 96 54034 0
77 50 54038 1
68 96 54044 0
65 29 54078 1
49 91 54109 0
99 73 54142 1
39 78 54195 0
60 79 54198 1
67 29 54234 1
98 74 54243 1
45 90 54257 0
72 34 54269 1
61 29 54270 1
59 29 54280 1
37 87 54299 0
75 37 54303 1
52 47 54339 0
113 62 54384 1
65 80 54384 1
60 76 54392 1
73 34 54465 1
54 95 54496 0
61 80 54594 1
72 97 54687 0
67 96 54720 0
71 33 54745 1
98 72 54826 1
67 97 54841 0
58 96 54846 0
68 80 54861 1
109 30 54890 0
38 90 54935 0
36 63 55054 0
77 96 55057 0
49 56 55063 1
38 78 55108 0
61 75 55164 1
89 95 55174 0
36 68 55211 0
115 36 55229 0
76 40 55244 1
50 53 55266 1
59 47 55399 0
62 96 55471 0
84 98 55506 0
75 39 55526 1
37 63 55531 0
117 30 55601 1
55 94 55620 0
112 24 55641 1
69 30 55672 1
66 80 55702 1
100 76 55720 1
83 78 55729 1
74 80 55750 1
52 93 55797 0
78 48 55812 1
77 97 55837 0
74 36 55927 1
41 90 55956 0
37 51 55987 0
61 96 56027 0
37 73 56049 0
53 96 56062 0
81 78 56070 1
36 64 56097 0
63 79 56116 1
38 71 56197 0
17 67 56273 1
64 79 56323 1
74 37 56323 1
61 76 56397 1
58 49 56407 0
99 85 56407 1
101 77 56515 1
76 39 56586 1
71 34 56627 1
58 52 56657 0
52 48 56667 0
66 29 56721 1
65 97 56731 0
69 31 56738 1
77 44 56750 1
36 53 56822 0
71 80 56825 1
50 60 56841 1
78 44 56930 1
58 47 56951 0
36 60 56963 0
108 31 57005 0
44 91 57054 0
39 90 57057 0
74 35 57113 1
49 58 57180 1
59 97 57202 0
73 35 57211 1
37 52 57222 0
39 45 57243 0
57 46 57247 0
58 29 57368 1
60 29 57379 1
50 54 57389 1
64 29 57401 1
49 92 57417 0
113 23 57421 1
51 92 57557 0
117 31 57564 1
57 95 57597 0
36 61 57657 0
36 87 57678 0
51 91 57704 0
99 74 57705 1
49 52 57707 1
36 65 57753 0
77 41 57772 1
50 55 57848 1
77 39 57918 1
37 67 57937 0
37 50 57942 0
67 30 57959 1
45 91 58136 0
57 53 58137 0
116 25 58137 1
37 86 58175 0
49 91 58232 0
37 48 58280 0
53 48 58291 0
50 59 58347 1
70 96 58451 0
61 77 58456 1
61 79 58473 1
50 52 58584 1
111 35 58619 0
77 46 58641 1
67 80 58649 1
49 61 58665 1
38 76 58748 0
62 79 58749 1
117 25 58758 1
97 72 58951 1
35 60 58970 0
50 49 59062 1
59 77 59077 1
37 88 59081 0
71 96 59082 0
75 38 59096 1
69 81 59213 1
57 96 59315 0
66 96 59318 0
37 81 59327 0
100 78 59527 1
71 81 59586 1
55 29 59747 1
37 77 59758 0
55 47 59879 0
80 98 59893 0
35 66 59940 0
64 80 60004 1
48 91 60051 0
47 92 60084 0
84 78 60110 1
57 29 60206 1
36 64 60215 0
36 84 60302 0
47 93 60408 0
68 99 60516 0
37 71 60554 0
112 35 60577 0
49 57 60582 1
54 96 60616 0
117 27 60623 1
38 81 60668 0
99 68 60685 0
37 56 60744 0
45 39 60775 0
37 83 60808 0
55 55 60917 0
54 48 60983 0
53 94 60985 0
36 57 60990 0
115 24 61232 1
108 28 61342 0
68 31 61426 1
82 79 61505 1
37 62 61510 0
42 90 61515 0
100 77 61579 1
38 70 61684 0
68 30 61788 1
37 67 62110 0
38 90 62151 0
68 97 62275 0
58 50 62302 0
47 91 62432 0
36 60 62554 0
77 52 62999 1
117 26 63207 1
39 76 63385 0
111 34 63490 0
70 31 63666 1
49 92 63684 0
56 98 63746 0
49 60 63805 1
46 90 63847 0
117 32 63994 1
54 46 64068 0
47 94 64152 0
110 34 64169 0
19 27 64404 0
112 35 64445 0
58 48 64589 0
80 79 64677 1
37 60 64692 0
111 35 64751 0
36 59 64877 0
114 35 64943 0
40 44 65105 0
109 33 65128 0
40 91 65301 0
70 97 65307 0
37 57 65419 0
60 98 65447 0
71 61 65636 1
86 97 65738 0
62 97 65969 0
73 36 65982 1
51 32 65994 1
117 29 66210 1
37 75 66221 0
84 98 66432 0
49 54 66625 1
52 93 66699 0
62 29 66752 1
45 92 66860 0
76 38 66975 1
72 96 67055 0
37 72 67136 0
70 81 67218 1
117 33 67227 1
71 32 67301 1
50 58 67371 1
50 92 67402 0
70 32 67512 1
37 70 67538 0
69 96 67549 0
64 99 67559 0
61 73 67663 1
62 72 67691 1
43 90 68173 0
72 97 68219 0
46 90 68251 0
45 93 68264 0
74 97 68342 0
37 55 68468 0
78 43 68484 1
56 54 68577 0
37 58 68638 0
48 44 68796 1
72 32 68929 1
72 34 68998 1
45 90 69092 0
49 56 69131 1
110 34 69276 0
37 63 69318 0
72 80 69564 1
111 36 69803 0
43 40 69818 0
77 43 69976 1
78 42 70152 1
37 82 70378 0
45 38 70581 0
38 68 70703 0
39 91 70821 0
112 35 70866 0
63 96 71017 0
56 96 71100 0
90 96 71339 0
49 59 71374 1
38 87 71758 0
36 59 71801 0
44 91 72223 0
34 57 72683 0
55 95 72791 0
37 53 72839 0
52 94 72852 0
58 45 72863 0
52 30 72876 1
53 30 72893 1
37 57 72921 0
61 29 72946 1
36 77 73019 0
39 76 73029 0
35 74 73085 0
46 91 73090 0
82 99 73157 0
35 65 73354 0
60 77 73386 1
68 96 73399 0
51 91 73542 0
49 95 73580 0
42 19 73621 0
43 90 73709 0
36 60 73741 0
45 56 73868 1
63 29 73886 1
108 35 74019 0
38 80 74499 0
50 51 74998 1
101 82 75072 1
38 89 75152 0
96 72 75482 1
59 29 75585 1
93 71 76171 1
78 96 76211 0
36 49 76250 0
75 37 76275 1
50 62 76405 1
49 55 76426 1
77 42 76461 1
72 33 76577 1
59 48 76842 0
116 24 77193 1
71 33 77357 1
110 34 77656 0
109 32 77973 0
114 24 78204 1
101 78 78222 1
69 80 78756 1
49 91 78790 0
74 36 78804 1
100 75 78883 1
70 30 79041 1
50 91 79075 0
75 36 79127 1
61 78 79147 1
83 98 79287 0
65 29 79387 1
96 71 79400 1
109 30 79445 0
60 96 79512 0
65 80 79635 1
99 73 79861 1
78 47 79952 1
37 74 79977 0
94 71 79994 1
78 79 80010 1
69 31 80114 1
78 49 80148 1
59 95 80293 0
95 71 80323 1
111 34 80367 0
115 25 80395 1
67 96 80666 0
55 94 80710 0
117 25 80803 1
55 93 80817 0
100 74 80845 1
66 80 80877 1
114 23 80969 1
70 80 80971 1
38 49 81004 0
100 76 81026 1
81 98 81056 0
115 35 81077 0
99 74 81115 1
37 70 81259 0
73 34 81260 1
65 79 81282 1
36 66 81285 0
38 85 81336 0
111 35 81339 0
77 96 81413 0
76 39 81434 1
61 96 81474 0
37 53 81491 0
73 80 81499 1
74 35 81541 1
52 92 81632 0
115 24 81646 1
38 48 81690 0
98 72 81794 1
77 49 81830 1
37 87 81853 0
59 47 81870 0
74 80 81927 1
62 96 82032 0
53 93 82083 0
64 29 82084 1
66 97 82095 0
117 26 82156 1
57 46 82301 0
64 79 82379 1
46 90 82382 0
50 56 82486 1
101 76 82505 1
68 80 82512 1
73 33 82634 1
69 30 82650 1
86 78 82689 1
63 97 82952 0
37 76 82991 0
50 91 83023 0
37 51 83033 0
67 29 83078 1
38 71 83087 0
37 54 83128 0
63 79 83174 1
77 40 83176 1
75 38 83195 1
37 52 83218 0
68 29 83248 1
73 35 83248 1
60 29 83347 1
79 23 83349 1
79 97 83349 0
66 29 83364 1
37 72 83513 0
60 96 83596 0
50 53 83660 1
55 95 83694 0
37 67 83699 0
38 76 83731 0
101 79 83764 1
117 30 83808 1
77 41 84023 1
37 66 84134 0
83 79 84236 1
79 80 84253 1
79 79 84268 1
67 30 84328 1
64 80 84411 1
77 80 84556 1
78 44 84927 1
57 94 84969 0
71 32 85005 1
50 57 85058 1
59 28 85069 1
77 50 85110 1
36 64 85211 0
101 80 85223 1
78 48 85224 1
37 62 85242 0
70 96 85251 0
113 35 85361 0
60 48 85365 0
52 31 85526 1
70 31 85570 1
76 38 85685 1
83 77 85732 1
59 50 85801 0
117 31 86071 1
48 57 86573 1
78 96 86654 0
97 71 86655 1
36 59 86722 0
101 77 86954 1
62 28 86984 1
49 58 87474 1
76 52 87515 1
52 91 87572 0
50 60 87592 1
52 92 87595 0
51 62 87615 1
112 38 87680 0
67 80 87861 1
37 68 87885 0
78 45 87905 1
38 89 87946 0
50 55 88000 1
72 80 88037 1
83 78 88107 1
50 52 88115 1
39 78 88205 0
64 28 88342 1
71 31 88374 1
61 29 88820 1
59 29 89001 1
53 93 89211 0
58 28 89373 1
53 60 89397 0
37 66 89698 0
66 79 89744 1
75 37 89979 1
69 97 90029 0
60 96 90079 0
37 56 90114 0
41 90 90176 0
85 78 90332 1
65 97 90365 0
57 95 90456 0
37 54 90487 0
53 92 90538 0
101 81 90568 1
116 24 90707 1
49 92 90781 0
71 96 90787 0
51 31 90820 1
50 91 90965 0
108 29 90993 0
81 78 91187 1
109 34 91256 0
54 29 91345 1
113 35 91558 0
50 59 91632 1
100 75 91710 1
55 120 91726 1
46 37 91741 0
99 73 91760 1
38 70 91771 0
117 25 92006 1
74 34 92072 1
70 32 92083 1
58 95 92140 0
87 96 92141 0
101 78 92173 1
60 28 92316 1
78 43 92325 1
112 35 92456 0
79 78 92524 1
66 96 92553 0
65 80 92688 1
78 42 92759 1
61 78 92759 1
100 74 92937 1
77 51 92991 1
100 73 93023 1
108 31 93050 0
75 96 93051 0
75 35 93110 1
113 23 93112 1
77 42 93152 1
111 33 93184 0
74 36 93232 1
74 35 93276 1
37 60 93314 0
69 96 93478 0
66 80 93479 1
56 94 93486 0
63 78 93491 1
108 30 93517 0
71 80 93522 1
72 32 93559 1
51 92 93625 0
96 71 93638 1
65 29 93721 1
80 78 93728 1
37 63 93795 0
59 95 93811 0
60 76 93842 1
117 24 93899 1
72 96 93981 0
61 28 93998 1
37 86 94002 0
74 56 94038 1
42 90 94084 0
56 28 94113 1
38 87 94140 0
69 31 94148 1
45 90 94151 0
37 57 94168 0
38 52 94212 0
77 43 94251 1
115 34 94261 0
37 69 94310 0
58 45 94312 0
37 50 94343 0
49 56 94401 1
114 35 94412 0
109 30 94447 0
37 58 94458 0
64 29 94516 1
51 91 94530 0
114 23 94548 1
75 36 94588 1
73 79 94597 1
37 53 94608 0
38 68 94647 0
78 41 94690 1
50 62 94700 1
116 25 94708 1
56 93 94734 0
73 34 94754 1
59 96 94758 0
78 50 94772 1
70 80 94775 1
38 77 94795 0
55 93 94857 0
76 39 94871 1
63 96 94878 0
111 34 94931 0
115 24 95063 1
37 55 95119 0
71 97 95129 0
68 96 95178 0
114 34 95212 0
85 98 95213 0
89 95 95236 0
77 39 95247 1
56 47 95306 0
50 58 95311 1
58 94 95346 0
64 79 95432 1
55 45 95470 0
77 41 95496 1
37 68 95531 0
58 51 95562 0
63 28 95576 1
78 40 95602 1
75 55 95615 1
82 97 95682 0
99 72 95743 1
66 29 95784 1
69 30 95828 1
47 90 95894 0
51 30 96053 1
65 96 96333 0
65 79 96439 1
57 94 96516 0
73 80 96593 1
70 95 96663 0
50 51 96675 1
95 71 96713 1
71 32 96727 1
38 71 96879 0
78 97 96959 0
55 29 97030 1
77 40 97067 1
101 80 97102 1
76 38 97129 1
101 79 97197 1
94 71 97213 1
67 29 97243 1
68 80 97245 1
38 85 97269 0
37 59 97278 1
37 83 97278 0
70 31 97287 1
73 58 97293 1
67 79 97359 1
73 33 97392 1
74 80 97404 1
116 24 97458 1
39 76 97470 0
37 80 97503 0
70 30 97593 1
63 79 97593 1
110 35 97609 0
99 73 97614 1
118 26 97628 1
101 82 97655 1
100 84 97701 1
37 66 97706 0
78 44 97707 1
57 28 97831 1
113 35 97898 0
63 71 97968 1
37 47 97984 0
116 23 97993 1
78 51 97994 1
52 91 98072 0
53 47 98105 0
101 76 98296 1
75 96 98358 0
43 90 98398 0
37 67 98402 0
49 55 98468 1
37 62 98476 0
61 77 98528 1
60 96 98676 0
36 64 98733 0
58 95 98739 0
46 90 98816 0
53 92 98848 0
101 77 98980 1
52 92 99012 0
37 52 99142 0
47 89 99269 0
70 97 99340 0
61 76 99619 1
39 77 99640 0
56 94 99643 0
81 96 99706 0
99 86 99769 1
78 79 99889 1
57 47 100050 0
82 77 100168 1
37 82 100203 0
36 63 100234 0
54 58 100334 0
35 83 100349 0
45 89 100366 0
67 96 100407 0
81 97 100544 0
37 54 100582 0
37 87 100612 0
84 98 100660 0
37 56 100666 0
37 63 100681 0
38 49 100688 0
36 69 100689 0
37 78 100751 0
64 97 100804 0
62 96 100808 0
75 37 101149 1
37 89 101181 0
37 88 101210 0
58 47 101242 0
35 82 101323 0
68 29 101345 1
50 54 101413 1
78 96 101443 0
37 73 101573 0
38 50 101735 0
38 81 101822 0
37 69 101888 0
100 85 102004 1
115 23 102059 1
51 93 102110 0
55 94 102182 0
36 83 102206 0
35 75 102306 0
75 97 102361 0
35 59 102434 0
77 97 102501 0
97 88 102613 1
49 54 102699 1
53 93 102733 0
109 32 102741 0
72 60 102774 1
112 24 102917 1
91 95 102948 0
35 87 102953 0
110 34 103005 0
55 28 103009 1
46 89 103013 0
47 90 103132 0
37 71 103179 0
62 73 103316 1
76 97 103340 0
118 30 103622 1
36 56 103732 0
109 28 103791 0
111 33 104029 0
36 67 104030 0
38 68 104342 0
78 47 104380 1
109 35 104475 0
65 96 104498 0
100 74 104662 1
92 72 104683 1
59 28 104800 1
38 80 104817 0
59 47 104902 0
118 28 105028 1
41 89 105073 0
78 43 105107 1
80 98 105136 0
53 29 105298 1
38 75 105378 0
37 70 105378 0
101 81 105616 1
60 48 105675 0
38 70 105717 0
74 35 105779 1
118 25 105830 1
78 42 105859 1
101 78 105941 1
67 80 105950 1
77 96 105954 0
118 27 106016 1
38 53 106076 0
77 95 106146 0
114 36 106299 0
93 71 106345 1
74 33 106522 1
37 60 106545 0
97 71 106550 1
72 80 106576 1
71 31 106684 1
86 77 106707 1
60 45 106728 0
96 71 106814 1
69 79 106817 1
117 25 106851 1
50 59 106889 1
118 29 106898 1
82 97 107011 0
58 94 107048 0
74 34 107061 1
57 54 107086 0
77 38 107088 1
88 97 107119 0
69 29 107221 1
70 96 107227 0
66 80 107235 1
61 78 107289 1
36 86 107290 0
72 32 107323 1
86 97 107457 0
78 48 107497 1
114 23 107507 1
64 79 107548 1
69 95 107558 0
112 23 107580 1
61 75 107623 1
54 92 107632 0
99 73 107685 1
37 57 107750 0
75 96 107761 0
116 24 107770 1
38 87 107805 0
100 73 107812 1
62 28 107814 1
77 39 107825 1
109 30 107880 0
51 50 107883 1
50 57 107906 1
117 24 107912 1
79 44 107923 1
77 41 107980 1
66 29 107998 1
59 95 108032 0
69 30 108051 1
50 91 108071 0
75 36 108088 1
98 71 108147 1
101 77 108153 1
73 32 108195 1
60 28 108207 1
50 53 108207 1
38 52 108223 0
51 53 108225 1
63 72 108230 1
109 45 108232 1
83 78 108298 1
77 44 108315 1
99 72 108324 1
76 38 108355 1
56 93 108364 0
109 45 108369 0
85 79 108411 1
64 28 108413 1
64 29 108447 1
75 35 108454 1
118 26 108474 1
81 97 108511 0
77 40 108530 1
51 49 108588 1
38 47 108637 0
70 31 108646 1
58 45 108674 0
50 55 108697 1
85 78 108704 1
117 29 108705 1
101 80 108714 1
73 34 108729 1
37 51 108796 0
63 78 108871 1
71 96 108907 0
51 91 109011 0
65 79 109018 1
63 28 109028 1
101 76 109055 1
114 34 109119 0
65 29 109165 1
61 28 109166 1
81 78 109255 1
78 44 109256 1
58 28 109300 1
50 60 109302 1
67 29 109324 1
37 58 109371 0
55 93 109371 0
73 33 109373 1
74 57 109375 1
56 45 109548 0
38 88 109641 0
66 79 109684 1
75 56 109726 1
100 74 109782 1
51 61 109800 1
118 28 109809 1
78 49 109847 1
57 94 109860 0
117 32 109897 1
37 53 109942 0
71 79 109942 1
118 32 109963 1
50 52 110022 1
52 91 110041 0
39 74 110053 0
71 32 110053 1
70 95 110160 0
38 48 110244 0
40 89 110435 0
70 80 110504 1
73 59 110556 1
78 39 110556 1
118 31 110582 1
51 62 110594 1
36 85 110620 0
38 50 110637 0
73 79 110644 1
72 79 110663 1
66 96 110665 0
37 55 110692 0
75 79 110692 1
67 28 110709 1
40 78 110720 0
68 80 110743 1
77 37 110789 1
119 56 110790 1
41 89 110833 0
49 60 110875 1
39 72 110900 0
118 30 110915 1
118 27 111018 1
50 31 111291 1
67 79 111340 1
70 30 111440 1
75 34 111552 1
117 23 111575 1
74 80 111645 1
81 96 111655 0
37 68 111721 0
76 96 111889 0
85 77 111899 1
64 96 111922 0
100 72 111928 1
50 62 112047 1
109 31 112067 0
73 80 112114 1
68 79 112116 1
38 68 112216 0
50 58 112229 1
61 96 112289 0
55 45 112444 0
37 81 112575 0
47 89 112629 0
64 78 112818 1
112 33 113005 0
54 92 113118 0
37 66 113121 0
65 28 113182 1
115 23 113294 1
101 75 113493 1
46 89 113536 0
80 78 113826 1
37 62 113868 0
71 30 113879 1
45 89 113964 0
53 92 113982 0
108 29 114049 0
74 35 114190 1
66 28 114205 1
37 63 114377 0
78 41 114453 1
38 85 114489 0
87 96 114593 0
83 97 114638 0
48 90 114648 0
76 37 114677 1
50 51 114677 1
76 36 114700 1
38 71 114718 0
85 97 114966 0
113 23 114979 1
58 94 115025 0
118 29 115109 1
71 62 115131 1
62 77 115179 1
71 31 115314 1
51 54 115523 1
39 88 115546 0
43 89 115624 0
68 29 115698 1
37 64 115864 0
101 79 115936 1
71 61 115989 1
56 27 116025 1
70 29 116144 1
113 35 116145 0
84 77 116282 1
118 25 116359 1
55 56 116367 0
101 83 116454 1
60 97 116882 0
36 62 116888 0
114 35 117176 0
111 32 117231 0
62 95 117248 0
57 28 117290 1
40 89 117314 0
63 95 117342 0
111 34 117676 0
110 31 117816 0
109 31 117859 0
111 33 118017 0
97 71 118023 1
35 86 118055 0
39 89 118111 0
118 26 118217 1
49 15 118242 1
72 95 118386 0
64 79 118454 1
99 71 118457 1
116 23 118480 1
78 42 118560 1
38 88 118573 0
115 34 118856 0
74 34 118996 1
78 43 119097 1
101 73 119275 1
65 78 119417 1
101 82 119514 1
59 28 119533 1
72 32 119666 1
78 79 119696 1
117 24 119755 1
114 24 119817 1
56 28 119827 1
54 29 119829 1
64 96 120104 0
48 90 120114 0
77 39 120122 1
69 30 120170 1
99 72 120267 1
118 28 120273 1
101 76 120284 1
57 27 120293 1
78 40 120318 1
79 46 120323 1
83 77 120339 1
78 48 120479 1
116 24 120480 1
77 50 120558 1
39 73 120576 0
72 80 120627 1
56 93 120659 0
61 29 120679 1
73 33 120723 1
118 25 120726 1
51 52 120845 1
100 73 120852 1
60 27 120872 1
60 45 120872 0
76 96 120909 0
59 27 120927 1
59 29 120982 1
76 38 120982 1
61 77 121035 1
65 79 121063 1
61 27 121067 1
75 36 121074 1
38 53 121109 0
68 96 121121 0
79 78 121128 1
45 90 121166 0
102 79 121171 1
74 33 121171 1
102 81 121172 1
39 74 121177 0
109 28 121220 0
51 51 121235 1
79 42 121267 1
102 80 121349 1
66 29 121358 1
64 28 121404 1
51 60 121405 1
118 27 121413 1
84 97 121457 0
79 43 121473 1
67 80 121478 1
63 78 121496 1
75 35 121564 1
110 31 121584 0
57 46 121633 0
76 35 121690 1
118 30 121769 1
60 28 121842 1
63 79 121851 1
101 77 121886 1
77 95 121891 0
38 52 121895 0
74 96 121924 0
50 59 121958 1
114 23 121978 1
79 79 121982 1
77 40 121991 1
101 81 122006 1
67 29 122087 1
37 64 122107 0
98 71 122112 1
59 44 122185 0
73 32 122201 1
62 95 122234 0
62 28 122353 1
94 71 122353 1
101 74 122400 1
63 95 122462 0
112 33 122526 0
63 96 122532 0
39 78 122537 0
51 58 122547 1
95 70 122579 1
69 95 122593 0
37 49 122629 0
87 78 122664 1
56 94 122666 0
72 31 122701 1
38 72 122781 0
114 34 122789 0
37 60 122798 0
37 54 122808 0
77 38 122879 1
39 76 122925 0
37 86 122940 0
118 31 122946 1
50 55 122963 1
72 96 123004 0
63 28 123027 1
52 92 123095 0
69 29 123127 1
111 32 123252 0
92 93 123253 0
58 45 123265 0
47 89 123265 0
37 67 123292 0
109 33 123317 0
37 79 123334 0
43 89 123345 0
38 70 123345 0
39 77 123348 0
39 80 123368 0
39 46 123379 0
65 96 123400 0
37 56 123408 0
89 95 123455 0
38 68 123457 0
69 96 123481 0
38 78 123489 0
51 59 123536 1
81 77 123560 1
37 74 123621 0
38 49 123647 0
54 92 123716 0
81 96 123731 0
67 97 123778 0
61 28 123822 1
83 97 123832 0
69 79 123902 1
79 47 123967 1
97 70 123973 1
85 97 124013 0
62 74 124085 1
56 45 124104 0
37 52 124114 0
39 86 124131 0
45 89 124177 0
66 79 124264 1
78 42 124264 1
46 89 124304 0
39 88 124332 0
52 91 124332 0
39 72 124337 0
38 50 124420 0
58 94 124473 0
39 73 124566 0
61 78 124608 1
59 48 124617 0
73 96 124624 0
41 89 124710 0
45 38 124731 0
86 98 124758 0
67 96 124768 0
38 46 124771 0
79 45 124775 1
114 37 124841 0
46 37 124869 0
38 75 124946 0
40 46 124987 0
38 81 125092 0
72 95 125132 0
71 79 125235 1
118 26 125265 1
63 97 125270 0
36 52 125285 0
40 45 125333 0
38 74 125393 0
70 95 125467 0
45 39 125471 0
51 90 125494 0
110 28 125527 0
70 30 125611 1
39 85 125718 0
37 48 125792 0
39 81 125811 0
46 92 125820 0
37 57 125868 0
112 35 125872 0
40 75 125889 0
60 96 125905 0
79 44 125950 1
37 65 125965 0
57 94 126165 0
61 76 126183 1
35 63 126191 0
102 78 126249 1
39 49 126265 0
96 70 126282 1
76 95 126290 0
68 28 126303 1
76 39 126358 1
45 36 126391 0
37 69 126466 0
35 88 126476 0
78 78 126532 1
91 72 126599 1
110 33 126648 0
110 31 126699 0
38 87 126753 0
116 33 126792 0
73 79 126831 1
49 90 126858 0
60 48 126933 0
66 97 126935 0
109 31 126976 0
75 98 127085 0
68 79 127169 1
71 31 127307 1
116 34 127413 0
35 57 127455 0
115 23 127528 1
79 97 127760 0
54 46 127909 0
101 75 127920 1
84 97 127988 0
42 90 128064 0
38 90 128128 0
78 95 128175 0
111 33 128187 0
67 79 128255 1
77 98 128264 0
67 28 128309 1
78 41 128403 1
37 82 128467 0
100 74 128490 1
58 49 128518 0
47 35 128520 0
86 77 128591 1
57 99 128601 0
63 77 128668 1
78 96 128698 0
36 70 128727 0
110 26 128809 0
65 95 128861 0
38 63 129046 0
51 50 129122 1
70 31 129161 1
51 90 129356 0
77 39 129817 1
81 78 129821 1
65 28 129917 1
101 80 130048 1
55 28 130057 1
71 29 130192 1
51 49 130332 1
118 29 130398 1
39 75 130516 0
58 28 130569 1
114 22 130669 1
100 72 130777 1
74 96 130852 0
116 23 130945 1
60 46 130995 0
49 90 131150 0
118 25 131368 1
78 50 131442 1
63 27 131443 1
115 24 131546 1
117 24 131606 1
74 32 131652 1
55 29 131694 1
66 28 131712 1
38 84 131748 0
54 28 131820 1
51 57 131833 1
72 79 131934 1
75 34 131946 1
55 96 132035 0
74 58 132119 1
110 29 132182 0
121 51 132307 1
117 23 132332 1
71 30 132452 1
48 90 132469 0
87 77 132490 1
75 79 132604 1
99 72 132621 1
64 78 132635 1
68 29 132664 1
78 40 132675 1
73 33 132699 1
76 36 132731 1
78 44 132850 1
74 34 132981 1
100 73 132998 1
79 48 133020 1
78 95 133024 0
97 71 133218 1
38 63 133253 0
85 77 133293 1
37 84 133411 0
60 45 133534 0
51 62 133596 1
37 65 133776 0
55 93 133783 0
64 28 133840 1
115 35 133896 0
38 52 133930 0
77 37 134031 1
99 71 134061 1
51 53 134061 1
38 57 134160 0
78 39 134222 1
118 32 134237 1
72 30 134239 1
38 53 134260 0
75 35 134271 1
109 30 134383 0
63 95 134443 0
62 95 134462 0
59 95 134478 0
75 55 134533 1
114 34 134611 0
62 76 134644 1
76 95 134701 0
63 78 134730 1
65 27 134842 1
63 28 134855 1
50 57 134957 1
74 33 134964 1
82 97 135025 0
118 28 135098 1
38 85 135165 0
37 64 135268 0
37 62 135268 0
39 73 135274 0
111 32 135369 0
65 78 135377 1
60 46 135438 0
81 97 135483 0
62 27 135505 1
97 70 135520 1
59 44 135537 0
70 80 135551 1
73 32 135562 1
61 75 135632 1
56 93 135637 0
38 71 135703 0
51 91 135706 0
112 33 135740 0
47 89 135822 0
70 29 135823 1
79 43 135909 1
115 34 135929 0
67 79 135975 1
92 94 136058 0
79 41 136119 1
40 75 136128 0
82 77 136156 1
58 52 136262 0
110 33 136359 0
39 75 136428 0
39 89 136434 0
37 83 136444 0
38 68 136451 0
101 74 136452 1
94 70 136503 1
35 50 136516 0
58 95 136520 0
87 96 136530 0
38 55 136543 0
81 96 136553 0
36 82 136587 0
38 86 136667 0
51 90 136753 0
61 28 136757 1
69 95 136761 0
58 27 136762 1
40 78 136776 0
35 85 136858 0
37 90 136925 0
38 84 136935 0
77 51 136967 1
93 71 136982 1
38 57 137097 0
66 99 137148 0
51 89 137173 0
49 90 137182 0
38 63 137187 0
73 79 137197 1
39 86 137285 0
38 48 137309 0
62 77 137326 1
110 28 137335 0
79 46 137383 1
43 89 137404 0
55 58 137418 0
45 89 137458 0
59 28 137528 1
38 72 137531 0
53 92 137595 0
58 94 137733 0
38 74 137767 0
38 69 137778 0
40 89 137784 0
39 82 137909 0
55 44 137914 0
37 50 138028 0
44 88 138065 0
75 33 138119 1
78 41 138121 1
40 90 138124 0
59 27 138154 1
110 32 138181 0
79 42 138185 1
100 71 138191 1
79 40 138194 1
51 52 138212 1
39 74 138216 0
115 22 138219 1
77 38 138260 1
60 27 138271 1
39 71 138276 0
62 75 138281 1
65 95 138488 0
51 51 138499 1
98 70 138553 1
52 61 138554 1
65 79 138571 1
67 29 138608 1
71 79 138613 1
48 89 138619 0
80 78 138738 1
22 0 138792 1
46 89 138828 0
102 76 138830 1
113 23 138915 1
48 88 138927 0
76 35 139076 1
67 28 139101 1
77 95 139158 0
77 78 139177 1
51 54 139189 1
57 44 139251 0
69 29 139309 1
78 42 139348 1
71 31 139579 1
79 95 139586 0
38 55 139598 0
61 27 139613 1
118 27 139641 1
50 49 139714 1
68 28 139757 1
77 39 139822 1
61 77 139824 1
55 45 139869 0
54 94 139902 0
118 30 139948 1
60 28 140033 1
86 96 140059 0
60 46 140136 0
39 72 140177 0
54 92 140233 0
35 62 140287 0
78 48 140310 1
70 30 140355 1
39 87 140454 0
102 77 140489 1
79 78 140700 1
38 53 140728 0
64 96 140744 0
100 72 140744 1
62 73 140772 1
75 96 140806 0
78 38 140840 1
61 97 140880 0
102 79 140883 1
39 44 140884 0
46 88 140900 0
34 71 140939 0
39 50 141050 0
38 62 141596 0
51 58 141621 1
78 95 141929 0
48 89 142055 0
38 54 142154 0
38 86 142189 0
50 55 142222 1
112 34 142301 0
37 49 142426 0
37 53 142447 0
34 69 142590 0
37 58 142600 0
60 95 142667 0
110 31 142670 0
38 69 142900 0
101 73 143044 1
38 52 143125 0
96 70 143147 1
38 80 143257 0
57 27 143361 1
73 31 143522 1
56 56 143556 0
110 32 143624 0
38 57 143708 0
38 50 143806 0
39 71 143808 0
51 56 143858 1
37 66 143917 0
40 77 143958 0
55 46 143988 0
98 71 143989 1
65 28 144021 1
75 34 144078 1
38 55 144090 0
95 70 144100 1
64 27 144129 1
57 53 144166 0
86 77 144222 1
36 64 144241 0
49 91 144298 0
79 45 144337 1
99 73 144338 1
57 28 144356 1
74 32 144419 1
79 44 144437 1
57 44 144532 0
59 47 144602 0
101 82 144606 1
71 30 144685 1
79 95 144712 0
80 96 144807 0
102 78 144808 1
38 62 144834 0
117 33 144862 0
110 29 144912 0
57 92 145019 0
39 87 145111 0
37 61 145191 0
43 33 145358 0
81 95 145378 0
73 97 145444 0
116 23 145559 1
55 92 145566 0
35 61 145707 0
111 33 145721 0
32 63 145728 0
91 94 145779 0
102 80 145795 1
39 85 145818 0
38 54 145827 0
118 23 145850 1
47 90 145863 0
66 28 145910 1
66 98 145911 0
72 95 145937 0
85 97 146004 0
69 79 146103 1
117 23 146103 1
84 76 146114 1
83 77 146129 1
67 78 146258 1
64 28 146385 1
76 34 146425 1
51 60 146435 1
109 28 146468 0
51 59 146641 1
67 27 146685 1
114 33 146690 0
63 77 146705 1
86 96 146755 0
117 24 146804 1
60 45 146814 0
73 78 146814 1
68 79 146817 1
92 71 146956 1
93 93 146960 0
111 32 146989 0
76 36 146989 1
78 40 147074 1
77 37 147129 1
77 36 147184 1
38 45 147378 0
116 33 147499 0
70 95 147558 0
61 76 147596 1
84 97 147681 0
38 63 147735 0
72 61 147740 1
63 95 147769 0
38 49 147775 0
39 81 147792 0
62 96 147797 0
65 78 147828 1
113 34 147831 0
41 87 147834 0
39 75 147910 0
102 75 147915 1
59 44 147924 0
38 84 147926 0
69 94 147986 0
112 34 148029 0
38 62 148051 0
86 97 148059 0
78 39 148092 1
63 28 148092 1
58 45 148195 0
72 79 148209 1
99 71 148283 1
51 55 148321 1
72 60 148346 1
48 89 148347 0
64 77 148413 1
72 30 148432 1
73 79 148464 1
92 93 148564 0
70 96 148584 0
72 78 148594 1
110 28 148601 0
79 47 148641 1
56 27 148680 1
118 25 148703 1
51 89 148740 0
110 32 148805 0
102 81 148819 1
39 49 148841 0
58 93 148914 0
40 74 148932 0
60 95 148939 0
38 81 148968 0
37 63 149005 0
112 33 149026 0
67 28 149081 1
71 96 149116 0
73 32 149143 1
87 77 149156 1
63 27 149186 1
74 33 149217 1
55 92 149241 0
39 80 149257 0
40 71 149347 0
66 96 149363 0
39 86 149392 0
45 37 149434 0
52 48 149496 1
75 35 149519 1
40 73 149536 0
71 29 149539 1
51 50 149585 1
55 27 149586 1
66 78 149633 1
39 88 149637 0
68 78 149743 1
102 74 149760 1
97 70 149770 1
40 47 149809 0
69 78 149811 1
85 77 149814 1
63 78 149827 1
51 53 149899 1
61 95 149942 0
38 54 149981 0
48 88 150080 0
44 88 150155 0
52 30 150165 1
101 72 150188 1
85 76 150208 1
64 95 150233 0
57 45 150275 0
70 29 150286 1
116 22 150304 1
79 43 150358 1
67 79 150431 1
52 29 150507 1
71 78 150582 1
51 49 150599 1
99 70 150618 1
74 78 150619 1
51 57 150668 1
79 42 150706 1
80 43 150707 1
65 77 150794 1
40 79 150873 0
62 27 151007 1
69 27 151117 1
81 77 151146 1
77 49 151207 1
83 96 151225 0
76 55 151314 1
101 83 151320 1
38 70 151423 0
39 69 151432 0
74 32 151453 1
100 71 151525 1
37 61 151559 0
62 76 151559 1
79 41 151572 1
55 57 151573 0
38 69 151648 0
58 27 151681 1
102 76 151746 1
74 56 151746 1
40 75 151755 0
102 78 151814 1
82 96 151842 0
80 96 151874 0
118 26 151954 1
69 28 152013 1
38 55 152026 0
68 27 152045 1
53 29 152155 1
66 27 152210 1
38 62 152235 0
71 79 152249 1
101 73 152316 1
59 27 152377 1
38 47 152406 0
65 27 152474 1
51 90 152492 0
40 74 152601 0
84 77 152779 1
52 49 152791 1
113 34 152841 0
62 95 152843 0
68 28 152894 1
52 91 153267 0
79 48 153297 1
76 78 153477 1
79 46 153518 1
40 73 153601 0
39 87 153654 0
96 70 153743 1
73 30 153813 1
61 27 153847 1
75 33 153870 1
51 51 153909 1
114 22 154103 1
35 90 154223 0
102 79 154225 1
38 86 154242 0
39 82 154387 0
38 61 154526 0
58 93 154539 0
83 96 154565 0
49 88 154659 0
100 72 154710 1
52 59 154771 1
58 44 154802 0
63 76 154822 1
79 44 154854 1
46 88 154888 0
75 78 154958 1
79 95 155072 0
91 94 155086 0
57 44 155089 0
64 95 155114 0
98 70 155214 1
86 76 155292 1
81 78 155318 1
57 93 155338 0
51 54 155346 1
114 34 155412 0
40 70 155560 0
45 88 155822 0
51 52 155827 1
60 50 155893 0
100 73 155991 1
52 60 155995 1
80 77 156096 1
63 72 156399 1
76 35 156447 1
4 28 156466 1
77 96 156496 0
102 80 156504 1
52 90 156649 0
39 71 156808 0
82 96 156863 0
112 34 156964 0
59 49 156978 0
40 77 157123 0
115 22 157239 1
110 49 157310 1
78 78 157377 1
67 99 157539 0
60 27 157617 1
38 83 157625 0
61 95 157759 0
47 89 157815 0
86 77 157969 1
57 45 157977 0
50 89 157988 0
38 63 157992 0
55 92 158025 0
38 57 158096 0
73 31 158180 1
79 49 158336 1
58 53 158464 0
117 26 158465 1
78 38 158717 1
60 46 158930 0
61 28 158978 1
75 34 158986 1
46 90 158991 0
40 74 159035 0
38 61 159062 0
110 32 159621 0
117 23 159657 1
73 96 160055 0
83 96 160072 0
45 88 160463 0
39 73 160569 0
56 45 160640 0
57 92 160710 0
63 71 160782 1
57 93 160874 0
37 61 161065 0
53 91 161183 0
38 54 161344 0
39 53 161353 0
82 77 161485 1
52 90 161521 0
39 57 161814 0
39 50 162008 0
57 54 162159 0
50 89 162415 0
81 95 162453 0
110 26 162506 0
41 87 162587 0
76 96 162816 0
38 68 162830 0
34 65 162876 0
39 59 163033 0
58 44 163122 0
113 34 163159 0
100 76 163295 1
55 28 163457 1
71 94 163499 0
38 85 163648 0
59 43 164078 0
77 38 164222 1
78 51 164277 1
85 96 164398 0
38 83 164412 0
88 96 164530 0
40 76 164555 0
78 40 164610 1
95 69 164611 1
82 98 164624 0
65 78 164627 1
77 37 164655 1
39 46 164712 0
40 72 165083 0
40 88 165205 0
63 73 165250 1
42 88 165261 0
63 77 165274 1
77 53 165504 1
77 36 165562 1
66 28 165762 1
79 45 165795 1
77 52 165955 1
76 34 166155 1
67 28 166193 1
111 31 166252 0
54 29 166266 1
78 41 166359 1
51 58 166741 1
51 89 166785 0
56 46 167007 0
38 53 167072 0
64 28 167134 1
95 70 167183 1
71 30 167353 1
37 55 167590 0
62 94 167764 0
48 88 167823 0
79 40 167905 1
39 84 167953 0
38 64 168053 0
110 30 168180 0
83 97 168427 0
40 73 168437 0
37 85 168743 0
76 95 168752 0
39 78 168967 0
64 95 169224 0
38 58 169391 0
83 98 169453 0
54 60 169741 0
58 46 169844 0
114 33 170021 0
38 52 170083 0
46 89 170315 0
71 95 170494 0
110 29 170600 0
118 23 170661 1
38 89 170898 0
53 91 170899 0
61 83 170916 1
55 46 171084 0
67 78 171336 1
111 31 171493 0
67 95 171601 0
83 77 171661 1
38 51 171663 0
117 22 171687 1
97 70 171762 1
42 88 171897 0
52 50 172020 1
119 27 172077 1
101 73 172091 1
112 31 172107 0
98 69 172107 1
100 71 172195 1
64 27 172287 1
115 34 172334 0
72 30 172346 1
85 96 172363 0
86 96 172375 0
78 39 172414 1
117 32 172436 0
78 50 172450 1
39 69 172452 0
110 28 172469 0
77 78 172502 1
81 96 172621 0
73 79 172626 1
101 72 172630 1
79 78 172654 1
87 96 172705 0
111 37 172720 0
70 28 172840 1
73 29 172886 1
99 71 172895 1
110 31 172956 0
65 95 172969 0
87 95 172985 0
38 79 172986 0
78 95 173033 0
111 32 173065 0
74 32 173087 1
82 96 173158 0
110 30 173218 0
70 78 173333 1
102 74 173339 1
36 70 173352 0
79 42 173398 1
57 27 173447 1
50 89 173451 0
68 95 173455 0
38 64 173499 0
59 44 173501 0
69 94 173516 0
73 78 173528 1
82 76 173576 1
79 43 173597 1
98 70 173620 1
40 88 173656 0
44 88 173732 0
60 45 173743 0
67 27 173768 1
96 69 173795 1
99 70 173808 1
75 33 173814 1
114 33 173826 0
119 29 173857 1
74 78 173866 1
71 29 173867 1
100 70 173881 1
103 76 173884 1
38 59 173903 0
119 24 173956 1
61 47 173989 0
116 33 173990 0
79 38 174021 1
51 59 174032 1
39 52 174040 0
89 95 174041 0
64 77 174054 1
68 78 174054 1
83 96 174072 0
51 55 174103 1
45 88 174105 0
51 56 174151 1
64 94 174164 0
119 30 174166 1
55 44 174190 0
52 93 174210 0
119 26 174249 1
77 37 174287 1
39 72 174289 0
87 77 174352 1
79 39 174369 1
51 57 174379 1
41 76 174394 0
58 93 174400 0
62 75 174407 1
39 85 174410 0
48 89 174415 0
118 23 174428 1
116 22 174470 1
74 31 174470 1
102 75 174477 1
107 34 174545 0
46 37 174572 0
57 92 174574 0
119 27 174575 1
40 71 174584 0
94 70 174607 1
80 44 174630 1
79 41 174638 1
63 27 174648 1
69 78 174676 1
79 77 174678 1
39 49 174780 0
65 27 174821 1
49 88 174902 0
38 62 174914 0
70 29 174940 1
38 61 174959 0
68 28 174989 1
39 81 174999 0
38 58 175099 0
62 27 175111 1
67 28 175145 1
83 76 175175 1
40 78 175184 0
62 76 175208 1
64 76 175248 1
76 34 175262 1
65 99 175277 0
69 95 175279 0
102 81 175280 1
58 27 175305 1
61 75 175305 1
51 53 175412 1
63 77 175463 1
44 90 175474 0
51 89 175536 0
39 63 175543 0
40 70 175550 0
62 94 175557 0
79 47 175565 1
87 76 175571 1
39 86 175643 0
68 27 175650 1
77 36 175662 1
85 78 175698 1
73 76 175699 1
73 30 175699 1
41 87 175719 0
74 32 175726 1
46 88 175731 0
101 71 175734 1
84 76 175734 1
111 31 175799 0
74 30 175804 1
102 78 175811 1
66 27 175856 1
100 71 175858 1
72 29 175976 1
48 88 176088 0
40 72 176098 0
61 27 176167 1
97 70 176202 1
65 77 176296 1
97 69 176310 1
102 80 176325 1
79 40 176343 1
63 75 176377 1
80 46 176397 1
39 84 176401 0
52 90 176455 0
59 27 176485 1
115 21 176527 1
80 43 176549 1
76 78 176650 1
81 77 176701 1
103 78 176709 1
39 50 176745 0
39 80 176763 0
40 46 176764 0
80 45 176772 1
72 30 176792 1
75 78 176804 1
39 82 176852 0
56 27 176864 1
52 47 176941 1
101 73 176948 1
39 43 177067 0
39 65 177067 0
67 78 177076 1
39 57 177102 0
59 26 177130 1
79 42 177146 1
119 29 177185 1
39 53 177194 0
76 33 177246 1
74 57 177263 1
39 45 177272 0
103 77 177318 1
59 43 177394 0
92 94 177405 0
73 31 177405 1
119 26 177437 1
110 25 177440 0
112 31 177457 0
37 22 177458 1
37 65 177458 0
51 54 177462 1
73 26 177479 1
73 59 177479 1
59 50 177519 0
102 76 177571 1
51 51 177652 1
80 42 177665 1
65 78 177677 1
41 73 177695 0
63 98 177709 0
40 74 177720 0
110 28 177730 0
60 26 177763 1
71 78 177779 1
38 51 177785 0
72 28 177821 1
39 70 177842 0
79 44 177908 1
77 35 177910 1
101 72 177946 1
64 70 178136 1
51 50 178172 1
112 33 178178 0
39 59 178201 0
82 77 178237 1
52 55 178295 1
77 95 178313 0
57 26 178392 1
55 58 178394 0
67 27 178420 1
61 76 178514 1
75 33 178592 1
69 28 178680 1
83 77 178681 1
63 76 178690 1
39 52 178700 0
71 94 178744 0
116 34 178781 0
61 47 178789 0
93 70 178846 1
61 46 178923 0
79 46 178926 1
119 28 178954 1
71 29 178999 1
78 39 179068 1
75 56 179097 1
85 77 179140 1
63 94 179141 0
52 48 179153 1
70 54 179154 1
70 78 179154 1
38 59 179220 0
40 76 179310 0
69 27 179359 1
103 80 179360 1
51 58 179437 1
119 25 179444 1
81 95 179504 0
52 49 179517 1
85 96 179527 0
52 51 179605 1
39 71 179655 0
38 55 179655 0
68 78 179659 1
78 37 179701 1
51 52 179718 1
63 95 179836 0
45 88 179844 0
40 71 179855 0
64 71 179886 1
73 60 179910 1
44 88 179987 0
37 84 180055 0
38 64 180103 0
119 27 180104 1
119 30 180109 1
79 43 180408 1
119 23 180410 1
52 57 180479 1
38 67 180550 0
78 36 180587 1
102 74 180663 1
61 26 180671 1
64 77 180675 1
110 30 180743 0
50 89 180847 0
79 41 180856 1
59 46 180893 0
68 95 180945 0
74 31 181019 1
65 27 181031 1
67 28 181164 1
55 92 181233 0
42 88 181262 0
73 78 181565 1
74 78 181577 1
51 55 181796 1
62 73 182016 1
51 49 182024 1
98 70 182027 1
49 88 182093 0
40 73 182157 0
40 79 182221 0
80 47 182279 1
103 79 182284 1
52 50 182450 1
38 56 182488 0
74 32 182576 1
38 57 182578 0
49 89 182710 0
80 77 182729 1
52 59 182775 1
98 69 182826 1
86 76 182910 1
77 78 182992 1
69 78 183004 1
119 24 183226 1
57 55 183471 0
77 36 183513 1
70 28 183583 1
52 60 183584 1
76 34 183625 1
38 63 183649 0
39 76 183737 0
75 32 183746 1
63 94 183810 0
42 86 183844 0
38 58 183917 0
40 75 183923 0
84 96 183962 0
79 48 183967 1
73 95 184040 0
80 2 184044 1
39 63 184077 0
60 94 184178 0
40 47 184193 0
96 69 184272 1
119 26 184303 1
51 59 184426 1
59 92 184499 0
71 28 184540 1
72 95 184722 0
61 46 184745 0
118 23 184946 1
57 45 184960 0
51 57 184973 1
67 95 184989 0
117 23 185694 1
41 77 185799 0
63 28 185838 1
59 45 185888 0
114 22 185989 1
71 95 186044 0
80 41 186049 1
39 74 186148 0
114 33 186306 0
64 94 186363 0
52 58 186388 1
95 69 186402 1
57 44 186442 0
40 84 186519 0
52 52 186612 1
88 96 186650 0
85 95 186673 0
119 29 186701 1
61 49 186718 0
93 92 186812 0
75 55 186997 1
36 50 187034 0
87 97 187051 0
57 92 187055 0
71 79 187159 1
39 64 187209 0
39 65 187242 0
100 70 187265 1
39 69 187286 0
99 70 187361 1
52 53 187504 1
52 88 187631 0
87 95 187726 0
57 93 187826 0
80 44 187830 1
72 36 187852 1
39 70 187868 0
100 71 187918 1
110 29 187948 0
38 56 187969 0
40 70 188040 0
40 86 188066 0
78 38 188205 1
68 28 188294 1
79 39 188346 1
66 27 188364 1
58 44 188471 0
70 95 188627 0
73 30 188704 1
48 88 188859 0
77 37 189032 1
58 27 189074 1
39 85 189118 0
38 67 189136 0
63 77 189250 1
119 27 189262 1
39 53 189362 0
38 51 189386 0
92 93 189448 0
47 35 189644 0
41 87 189691 0
61 48 189731 0
64 76 189875 1
39 83 189948 0
61 47 190015 0
119 25 190158 1
39 49 190365 0
57 27 190483 1
48 35 190495 0
38 83 190532 0
62 94 190535 0
39 77 190629 0
53 28 190675 1
62 44 190742 0
62 93 190787 0
84 96 190839 0
39 57 191020 0
74 95 191087 0
45 59 191089 0
45 89 191089 0
78 79 191105 1
36 71 191271 0
79 40 191410 1
95 70 191442 1
109 29 191469 0
40 85 191513 0
79 78 191564 1
103 76 191584 1
72 29 191743 1
65 80 191839 1
72 30 191849 1
119 24 191916 1
65 77 191949 1
60 94 192073 0
41 88 192147 0
49 89 192578 0
51 53 192689 1
38 59 192727 0
98 87 192886 1
61 27 192944 1
65 76 193144 1
40 87 193215 0
46 88 193228 0
83 95 193350 0
39 64 193405 0
38 50 194013 0
67 78 194151 1
62 76 194240 1
75 78 194415 1
48 34 194622 0
62 75 194663 1
94 69 194698 1
59 93 195119 0
59 44 195150 0
97 69 195229 1
72 78 195261 1
56 90 195392 0
67 66 195426 0
68 96 195442 0
52 56 195505 1
101 72 195878 1
41 73 196001 0
60 45 196153 0
39 50 196329 0
40 86 196355 0
119 30 196798 1
39 47 196812 0
116 21 196959 1
39 84 197074 0
102 72 197225 1
63 96 197420 0
51 89 197437 0
38 56 197462 0
65 96 197661 0
58 51 197732 0
55 27 197745 1
38 73 197772 0
111 31 197829 0
112 31 197881 0
58 92 198179 0
99 69 198193 1
42 91 198263 0
55 91 198278 0
79 95 198341 0
39 87 198362 0
63 94 198377 0
117 22 198459 1
61 44 198590 0
40 45 198639 0
116 33 198747 0
83 95 198748 0
73 95 198827 0
70 27 198843 1
77 94 198956 0
110 28 199066 0
77 35 199142 1
114 32 199168 0
76 93 199193 0
69 94 199256 0
38 54 199294 0
62 93 199297 0
119 23 199383 1
83 96 199387 0
101 71 199421 1
118 22 199606 1
68 27 199820 1
54 57 199821 0
103 75 199827 1
39 81 199856 0
85 76 199896 1
87 76 199912 1
77 34 199921 1
71 78 199953 1
51 54 199985 1
0 0 200010 0
