85 102 0 1
89 72 68 1
69 102 86 0
22 86 105 0
90 31 124 1
72 121 138 0
74 122 167 0
87 90 170 1
85 27 191 1
93 44 191 1
88 75 193 1
76 50 222 0
92 38 228 1
70 115 246 0
45 49 292 1
87 78 298 1
86 107 310 1
86 83 332 1
81 26 378 1
87 86 390 1
92 51 398 1
61 61 415 0
71 76 421 0
72 26 422 0
87 28 433 1
68 93 438 0
7 28 448 0
84 26 457 1
92 39 468 1
68 94 493 0
87 29 513 1
72 29 530 1
73 121 531 0
92 60 548 1
91 61 554 1
85 100 573 1
93 46 583 1
91 36 598 1
52 69 598 0
92 54 608 1
66 33 648 1
91 34 670 1
73 29 702 1
80 27 715 1
69 95 738 0
50 69 750 0
31 86 750 0
68 98 751 0
21 86 795 0
72 119 797 0
88 78 808 1
86 88 882 1
86 87 923 1
69 111 926 0
41 77 933 0
23 87 973 0
85 101 980 1
86 27 986 1
93 42 986 1
86 103 987 1
68 107 1055 0
91 60 1117 1
92 55 1129 1
93 47 1149 1
70 83 1160 0
89 31 1168 1
75 50 1177 0
86 102 1184 1
89 29 1203 1
76 26 1235 1
68 97 1235 0
84 99 1250 1
19 86 1267 0
70 81 1319 0
39 78 1343 0
69 96 1365 0
18 84 1382 0
69 103 1388 0
68 96 1414 0
86 104 1426 1
93 45 1441 1
72 71 1443 0
90 65 1466 1
92 40 1476 1
89 71 1485 1
67 90 1527 0
85 94 1591 1
77 26 1595 1
21 87 1604 0
68 91 1614 0
92 57 1619 1
86 86 1625 1
72 69 1663 0
50 70 1679 0
91 62 1696 1
69 101 1704 0
88 77 1761 1
92 61 1768 1
44 49 1784 1
14 83 1788 0
69 97 1789 0
76 52 1815 0
71 81 1818 0
93 49 1848 1
87 91 1878 1
78 26 1879 1
79 122 1903 0
72 70 1944 0
85 114 1954 1
73 65 1972 0
68 89 2019 0
18 85 2026 0
64 34 2027 1
92 54 2031 1
75 54 2032 0
86 84 2039 1
67 105 2041 0
70 114 2043 0
69 94 2058 0
13 72 2096 0
87 83 2118 1
13 83 2199 0
30 86 2214 0
13 77 2214 0
58 61 2222 0
58 64 2222 0
37 56 2231 1
71 120 2244 0
17 85 2265 0
71 117 2285 0
76 122 2317 0
26 86 2319 0
67 88 2321 0
70 54 2352 0
77 121 2365 0
92 59 2370 1
90 67 2396 1
80 26 2406 1
70 111 2422 0
68 103 2431 0
16 83 2452 0
93 43 2465 1
72 72 2469 0
31 85 2474 0
27 62 2486 1
85 117 2548 1
68 90 2601 0
68 92 2626 0
75 27 2628 1
91 37 2645 1
29 86 2667 0
85 99 2677 1
84 27 2696 1
69 85 2700 0
83 27 2701 1
24 62 2715 1
89 73 2759 1
69 108 2808 0
30 62 2812 1
68 55 2836 0
82 27 2871 1
85 96 2882 1
71 119 2892 0
92 53 2908 1
87 28 2935 1
90 33 2971 1
79 26 2998 1
46 116 2999 1
88 29 3004 1
93 40 3004 1
92 37 3005 1
83 26 3007 1
69 105 3049 0
46 48 3060 1
76 56 3089 0
47 48 3106 1
17 84 3107 0
87 81 3107 1
32 85 3111 0
70 110 3115 0
90 32 3151 1
14 82 3210 0
70 117 3211 0
86 113 3226 1
24 64 3238 1
87 104 3244 1
72 78 3252 0
68 108 3262 0
13 80 3275 0
79 27 3300 1
86 109 3301 1
76 50 3315 0
18 86 3316 0
40 78 3329 0
87 108 3332 1
12 79 3363 0
16 82 3371 0
13 81 3391 0
71 74 3395 0
16 84 3457 0
37 82 3504 1
62 34 3507 1
86 94 3527 1
87 80 3530 1
69 89 3543 0
81 26 3558 1
92 62 3565 1
93 90 3596 1
53 42 3609 1
23 86 3651 0
67 106 3724 0
91 35 3727 1
85 27 3752 1
74 61 3752 0
76 55 3764 0
13 76 3765 0
85 100 3767 1
68 102 3776 0
70 116 3820 0
88 28 3830 1
86 110 3841 1
11 75 3846 0
26 63 3847 1
92 39 3847 1
28 62 3850 1
20 86 3870 0
68 106 3886 0
67 31 3886 1
71 70 3887 0
69 112 3934 0
93 41 3988 1
93 39 4023 1
84 26 4040 1
36 56 4045 1
52 68 4054 0
72 119 4083 0
68 104 4104 0
80 121 4115 0
12 75 4116 0
89 70 4133 1
86 82 4134 1
68 95 4161 0
27 86 4168 0
92 52 4169 1
22 64 4186 1
89 69 4195 1
71 79 4218 0
85 97 4235 1
28 86 4272 0
88 76 4274 1
89 32 4307 1
89 30 4339 1
13 79 4354 0
13 78 4375 0
77 27 4377 1
21 85 4391 0
34 85 4414 0
17 83 4434 0
11 77 4441 0
20 85 4487 0
42 77 4491 0
12 73 4501 0
87 106 4516 1
70 111 4546 0
78 27 4555 1
86 91 4567 1
75 49 4585 0
16 83 4607 0
73 121 4623 0
70 29 4634 1
92 54 4656 1
92 56 4665 1
87 90 4703 1
92 58 4720 1
87 85 4729 1
86 27 4738 1
85 101 4738 1
90 69 4739 1
66 31 4761 1
65 32 4771 1
73 122 4774 0
87 88 4778 1
69 95 4803 0
82 26 4806 1
98 80 4820 1
87 77 4824 1
88 27 4830 1
3 85 4852 1
92 38 4874 1
86 92 4890 1
48 47 4937 1
91 33 4946 1
32 86 4951 0
30 86 4956 0
72 121 4965 0
71 78 4987 0
85 103 5003 1
27 85 5018 0
25 86 5034 0
78 122 5035 0
51 70 5037 0
69 102 5043 0
21 64 5062 1
29 62 5120 1
91 36 5136 1
92 40 5148 1
84 97 5203 1
76 27 5266 1
85 84 5278 1
89 31 5311 1
85 102 5318 1
36 57 5319 1
35 57 5324 1
90 31 5344 1
91 34 5350 1
85 98 5365 1
19 85 5374 0
66 32 5403 1
90 34 5445 1
90 68 5503 1
12 74 5574 0
87 92 5589 1
84 98 5589 1
27 39 5589 1
27 63 5589 1
65 33 5598 1
91 54 5599 1
88 30 5599 1
12 77 5637 0
26 62 5647 1
19 86 5691 0
59 63 5703 0
86 101 5710 1
73 28 5744 1
68 99 5753 0
53 69 5788 0
21 86 5789 0
51 9 5799 0
74 122 5802 0
24 36 5802 0
93 44 5807 1
13 77 5850 0
87 86 5877 1
24 63 5893 1
72 120 5895 0
18 84 5897 0
12 71 5906 0
71 121 5928 0
12 78 5929 0
81 122 5936 0
11 76 5941 0
66 107 5948 0
87 79 5966 1
87 89 5976 1
67 109 6026 0
41 78 6080 0
51 105 6145 1
51 69 6145 0
73 66 6148 0
87 29 6152 1
17 85 6184 0
71 29 6185 1
26 86 6212 0
88 78 6227 1
75 61 6263 0
21 63 6322 1
70 115 6366 0
80 27 6376 1
86 90 6401 1
52 69 6470 0
87 87 6481 1
86 105 6482 1
13 80 6504 0
76 122 6506 0
22 86 6612 0
86 112 6612 1
68 88 6649 0
20 64 6723 1
75 59 6744 0
71 119 6762 0
86 100 6766 1
71 117 6784 0
93 46 6793 1
72 67 6808 0
72 68 6958 0
70 111 6972 0
17 66 6994 1
92 60 7108 1
21 65 7124 1
69 96 7127 0
18 85 7147 0
46 49 7150 1
93 48 7151 1
91 66 7223 1
75 57 7350 0
85 115 7406 1
74 27 7410 1
87 82 7492 1
69 97 7497 0
74 28 7513 1
86 108 7570 1
37 81 7599 1
72 72 7605 0
28 87 7633 0
14 82 7647 0
70 110 7680 0
68 100 7693 0
93 42 7711 1
16 82 7714 0
92 36 7721 1
73 120 7767 0
93 43 7827 1
69 106 7918 0
92 57 7948 1
86 83 7955 1
86 102 7973 1
30 87 8016 0
87 112 8022 1
67 103 8058 0
69 30 8109 1
88 75 8165 1
68 101 8216 0
69 88 8272 0
56 90 8293 1
63 32 8323 1
49 47 8385 1
87 107 8440 1
90 30 8442 1
38 55 8462 1
96 2 8479 0
68 107 8520 0
69 108 8557 0
87 78 8571 1
75 26 8618 1
87 84 8623 1
87 109 8649 1
37 82 8683 1
86 103 8707 1
80 26 8707 1
68 86 8739 0
25 63 8776 1
86 114 8821 1
90 66 8838 1
33 86 8874 0
76 50 8895 0
20 86 8926 0
69 86 8955 0
91 38 9041 1
86 115 9173 1
68 87 9183 0
27 62 9234 1
72 120 9240 0
74 60 9246 0
68 93 9283 0
91 61 9313 1
86 104 9321 1
72 78 9350 0
15 81 9366 0
41 52 9430 1
85 95 9485 1
28 86 9515 0
87 102 9525 1
15 67 9533 1
56 90 9570 0
16 84 9581 0
69 54 9681 0
93 50 9740 1
94 44 9753 1
85 26 9780 1
75 50 9945 0
25 62 9951 1
19 84 9954 0
92 41 10048 1
67 32 10049 1
69 101 10138 0
19 66 10206 1
27 86 10235 0
16 83 10266 0
72 73 10266 0
92 55 10277 1
70 118 10300 0
29 86 10422 0
13 76 10435 0
23 86 10456 0
72 71 10520 0
13 78 10524 0
73 62 10533 0
60 63 10583 0
70 114 10633 0
67 87 10674 0
32 53 10700 0
86 86 10766 1
17 84 10784 0
20 85 10796 0
69 91 10854 0
87 110 10951 1
36 82 11068 1
90 32 11184 1
41 76 11257 0
25 87 11303 0
93 45 11368 1
68 85 11536 0
27 87 11568 0
11 78 11587 0
68 91 11588 0
93 47 11626 1
91 63 11635 1
92 54 11641 1
86 84 11704 1
92 35 11754 1
70 82 11868 0
81 121 11934 0
69 31 11956 1
70 100 11992 0
85 99 11995 1
71 81 12101 0
93 27 12149 1
13 79 12178 0
83 26 12238 1
92 39 12246 1
70 111 12293 0
77 121 12314 0
71 119 12390 0
64 63 12489 1
69 109 12548 0
10 76 12607 0
89 29 12708 1
74 63 12753 0
75 60 12780 0
64 33 12857 1
74 62 12864 0
85 116 12869 1
78 26 12883 1
88 29 12903 1
15 101 12905 1
68 94 13082 0
85 27 13115 1
76 123 13187 0
72 70 13187 0
50 69 13267 0
91 37 13305 1
68 98 13346 0
43 50 13387 1
87 28 13407 1
72 120 13435 0
61 62 13455 0
67 93 13459 0
15 81 13472 0
70 116 13484 0
76 56 13562 0
76 26 13568 1
92 37 13675 1
37 57 13715 1
69 55 13731 0
89 72 13736 1
92 59 13746 1
77 26 13765 1
68 95 13817 0
89 30 13831 1
73 121 13855 0
82 26 13888 1
69 111 13920 0
74 67 13983 0
72 73 14019 0
69 94 14092 0
22 86 14098 0
91 62 14122 1
28 63 14127 1
92 53 14128 1
31 86 14130 0
79 26 14171 1
76 52 14247 0
68 92 14470 0
84 27 14537 1
89 109 14691 1
69 84 14753 0
69 105 14794 0
74 59 14876 0
13 73 14922 0
72 119 14992 0
25 86 15041 0
92 38 15063 1
80 121 15192 0
86 116 15200 1
84 26 15238 1
20 87 15251 0
69 109 15349 0
41 77 15388 0
91 35 15400 1
17 83 15466 0
75 56 15512 0
18 84 15532 0
82 120 15567 0
91 60 15645 1
71 71 15657 0
78 122 15679 0
71 120 15728 0
69 89 15741 0
15 84 15782 0
42 76 15822 0
19 85 15853 0
69 103 15872 0
80 122 15885 0
13 104 15995 0
21 85 16001 0
75 58 16003 0
71 75 16037 0
69 83 16064 0
17 86 16088 0
21 86 16099 0
52 70 16127 0
48 70 16171 0
76 122 16228 0
67 55 16332 0
17 85 16346 0
68 110 16347 0
12 81 16347 0
42 78 16357 0
43 77 16364 0
69 95 16392 0
67 100 16417 0
51 68 16604 0
70 112 16623 0
15 79 16631 0
88 76 16688 1
73 65 16854 0
70 83 17019 0
68 96 17061 0
13 80 17091 0
12 75 17104 0
70 110 17111 0
13 81 17118 0
88 28 17125 1
76 55 17132 0
71 78 17154 0
67 107 17155 0
67 92 17156 0
39 78 17159 0
97 104 17172 0
69 113 17174 0
16 82 17175 0
68 90 17177 0
31 85 17199 0
73 120 17298 0
70 99 17337 0
74 64 17354 0
67 97 17366 0
12 73 17396 0
92 61 17573 1
72 73 17579 0
68 89 17602 0
60 62 17610 0
71 72 17641 0
93 41 17664 1
61 8 17674 0
28 62 17735 1
15 81 17743 0
71 117 17801 0
76 53 17860 0
90 70 17881 1
72 78 18138 0
71 112 18189 0
81 26 18200 1
91 32 18245 1
85 100 18391 1
13 77 18499 0
69 109 18545 0
74 121 18555 0
68 97 18597 0
70 111 18613 0
75 51 18646 0
91 36 18721 1
94 46 18761 1
11 74 18899 0
70 86 18909 0
93 44 18992 1
77 50 19040 0
70 112 19225 0
24 62 19285 1
69 88 19315 0
67 86 19578 0
11 73 19673 0
93 56 19677 1
29 87 19685 0
69 114 19763 0
71 77 19774 0
68 106 19840 0
72 69 19841 0
19 84 19957 0
40 78 20014 0
70 120 20037 0
86 87 20084 1
73 64 20115 0
27 85 20248 0
69 91 20378 0
88 78 20441 1
91 34 20443 1
12 74 20449 0
10 77 20494 0
26 86 20566 0
32 46 20610 0
78 123 20627 0
13 72 20661 0
30 86 20676 0
16 85 20707 0
93 40 21077 1
86 27 21317 1
72 120 21326 0
86 113 21416 1
69 106 21421 0
74 121 21499 0
24 87 21575 0
87 80 21610 1
68 104 21921 0
19 87 21947 0
93 49 22009 1
29 61 22113 1
56 90 22139 1
40 79 22214 0
70 112 22215 0
87 103 22338 1
18 86 22345 0
71 122 22443 0
14 82 22448 0
86 101 22500 1
30 61 22553 1
58 36 22640 0
68 109 22740 0
56 90 22934 0
69 93 22981 0
34 57 23053 1
20 65 23071 1
18 65 23082 1
88 77 23403 1
89 71 23423 1
87 104 23714 1
37 82 23762 1
30 85 24082 0
27 61 24117 1
74 50 24257 0
69 109 24262 0
76 53 24287 0
18 85 24322 0
71 76 24423 0
93 46 24634 1
26 87 24657 0
71 73 24659 0
68 103 24825 0
74 121 25029 0
89 74 25032 1
85 101 25116 1
96 44 25152 0
93 43 25189 1
74 64 25320 0
87 88 25382 1
91 65 25499 1
91 64 25552 1
90 31 25582 1
72 73 25669 0
76 51 25787 0
93 42 25897 1
69 86 25913 0
87 108 25981 1
71 82 26000 0
93 48 26044 1
13 78 26139 0
69 108 26177 0
70 112 26257 0
85 97 26281 1
86 102 26366 1
63 33 26479 1
90 65 26482 1
71 79 26542 0
92 58 26544 1
69 96 26547 0
43 76 26550 0
93 55 26633 1
87 106 26661 1
72 72 26731 0
89 31 26769 1
69 97 26804 0
87 81 27018 1
71 68 27036 0
75 49 27048 0
85 98 27073 1
92 63 27154 1
87 105 27197 1
75 61 27251 0
93 39 27301 1
86 100 27312 1
87 27 27379 1
19 86 27416 0
85 9 27447 0
68 93 27469 0
68 107 27484 0
89 70 27499 1
70 30 27543 1
77 121 27560 0
85 94 27563 1
79 121 27627 0
76 62 27636 1
76 50 27636 0
92 36 27662 1
93 54 27715 1
71 119 27747 0
90 32 27766 1
19 67 27832 1
85 99 27858 1
10 75 27907 0
69 93 27929 0
22 86 28015 0
72 119 28091 0
69 102 28092 0
80 26 28154 1
18 66 28174 1
85 96 28181 1
79 122 28196 0
14 85 28206 0
86 110 28234 1
73 121 28262 0
62 62 28300 0
69 107 28313 0
87 28 28341 1
61 61 28388 0
22 87 28417 0
26 61 28447 1
90 67 28454 1
87 85 28479 1
77 122 28502 0
70 110 28513 0
70 111 28525 0
67 106 28549 0
84 99 28555 1
75 64 28556 0
86 112 28565 1
12 80 28571 0
73 122 28605 0
87 83 28647 1
87 91 28675 1
89 73 28687 1
74 121 28760 0
37 7 28761 0
86 92 28789 1
92 38 28795 1
72 71 28804 0
83 26 28820 1
86 103 28863 1
86 26 28898 1
71 117 28954 0
71 118 28959 0
85 26 28974 1
91 35 29037 1
54 68 29041 0
69 109 29112 0
88 29 29115 1
87 111 29153 1
84 26 29156 1
93 38 29180 1
87 90 29225 1
73 72 29227 0
68 55 29270 0
20 85 29289 0
72 80 29303 0
73 27 29309 1
87 86 29311 1
90 68 29338 1
76 27 29356 1
92 37 29409 1
91 33 29435 1
72 28 29443 1
28 86 29482 0
32 85 29498 0
69 101 29505 0
68 105 29521 0
16 83 29523 0
15 81 29537 0
26 62 29538 1
69 105 29539 0
68 108 29548 0
70 100 29578 0
68 54 29583 0
13 76 29614 0
93 47 29670 1
90 69 29710 1
76 51 29822 0
93 57 29858 1
75 27 29882 1
77 55 29916 0
92 57 29982 1
73 120 29999 0
92 40 30003 1
42 77 30011 0
93 40 30057 1
49 46 30062 1
29 62 30075 1
74 122 30146 0
13 75 30171 0
72 121 30176 0
69 94 30194 0
67 98 30221 0
52 68 30242 0
81 25 30255 1
85 100 30270 1
85 25 30270 1
16 84 30284 0
37 56 30292 1
12 77 30340 0
69 89 30380 0
87 107 30410 1
93 53 30440 1
50 70 30481 0
87 87 30513 1
70 82 30519 0
87 77 30523 1
72 78 30524 0
54 42 30584 1
27 86 30677 0
69 85 30694 0
67 90 30712 0
77 123 30805 0
23 86 30824 0
16 82 30848 0
29 86 30862 0
12 79 30886 0
88 28 30917 1
64 32 30933 1
17 83 31089 0
34 84 31097 0
68 6 31098 0
86 91 31098 1
13 71 31100 0
72 73 31106 0
69 98 31108 0
69 115 31117 0
77 50 31127 0
70 112 31152 0
21 85 31152 0
21 84 31156 0
87 79 31182 1
70 79 31202 0
69 107 31297 0
86 84 31336 1
54 20 31362 0
87 89 31372 1
18 84 31393 0
92 60 31467 1
81 26 31496 1
93 51 31527 1
74 63 31580 0
86 27 31591 1
13 79 31608 0
92 59 31669 1
91 34 31678 1
17 85 31686 0
87 78 31686 1
71 81 31689 0
14 71 31698 0
30 85 31707 0
71 118 31729 0
72 120 31786 0
77 52 31819 0
80 121 31826 0
71 28 31833 1
71 112 31864 0
89 28 31889 1
76 53 31892 0
88 27 31965 1
28 61 31996 1
89 30 32027 1
70 99 32163 0
86 83 32171 1
17 84 32195 0
69 118 32308 0
11 79 32366 0
81 121 32406 0
79 121 32483 0
51 69 32485 0
18 87 32505 0
21 88 32505 0
25 86 32544 0
40 77 32546 0
69 95 32646 0
14 70 32658 0
82 26 32670 1
87 84 32796 1
13 73 32860 0
22 64 32959 1
90 30 33002 1
69 106 33028 0
76 51 33130 0
89 29 33160 1
71 82 33220 0
51 70 33255 0
12 72 33302 0
13 70 33419 0
70 114 33513 0
77 122 33514 0
77 26 33667 1
69 97 33790 0
78 27 33807 1
20 86 33839 0
74 121 33853 0
87 109 33906 1
69 54 33926 0
11 75 33943 0
21 86 33947 0
88 75 33968 1
93 41 33971 1
79 26 34020 1
12 78 34125 0
14 81 34130 0
13 75 34157 0
75 59 34208 0
77 52 34277 0
37 55 34381 1
16 86 34407 0
87 82 34500 1
89 109 34525 1
93 43 34650 1
69 110 34711 0
19 85 34800 0
15 82 34831 0
71 118 34835 0
32 86 34934 0
85 27 35033 1
47 49 35082 1
69 107 35129 0
67 91 35150 0
72 75 35260 0
78 26 35279 1
89 69 35400 1
86 82 35493 1
68 102 35552 0
88 79 35771 1
69 87 35790 0
69 98 35811 0
15 81 35817 0
87 104 35854 1
13 78 35860 0
92 62 35908 1
22 63 35992 1
16 66 35996 1
46 48 36155 1
68 30 36231 1
86 95 36232 1
62 33 36298 1
93 46 36344 1
90 31 36497 1
87 110 36533 1
69 100 36632 0
29 85 36667 0
93 42 36848 1
67 104 36860 0
69 108 36867 0
68 31 36900 1
68 91 36900 0
76 51 37273 0
27 62 37285 1
23 62 37320 1
13 74 37385 0
68 88 37392 0
93 52 37424 1
3 85 37599 0
15 79 37680 0
45 48 37699 1
93 50 37726 1
91 62 37859 1
66 33 37898 1
68 86 38057 0
70 116 38279 0
76 121 38370 0
77 52 38435 0
69 93 38453 0
25 62 38565 1
86 101 38602 1
24 61 38677 1
93 45 38715 1
68 87 38735 0
15 82 38746 0
87 106 38767 1
87 103 38925 1
86 99 38947 1
78 81 39049 0
72 75 39049 0
82 121 39086 0
87 101 39118 1
87 28 39143 1
85 98 39160 1
87 102 39186 1
86 114 39213 1
71 118 39237 0
85 97 39249 1
92 35 39263 1
68 105 39276 0
82 25 39331 1
85 99 39341 1
76 56 39383 0
77 122 39399 0
73 28 39417 1
75 60 39452 0
72 119 39479 0
89 71 39479 1
90 66 39532 1
94 44 39541 1
93 39 39541 1
86 100 39545 1
72 72 39551 0
84 26 39565 1
91 32 39586 1
92 58 39607 1
74 67 39645 0
85 95 39649 1
70 110 39664 0
48 71 39783 0
74 64 39843 0
70 95 39860 0
77 121 39908 0
73 29 39940 1
70 111 40049 0
69 91 40080 0
71 111 40092 0
59 62 40107 0
88 78 40120 1
76 122 40171 0
68 92 40175 0
76 50 40177 0
87 27 40200 1
69 110 40210 0
70 86 40305 0
92 36 40329 1
31 86 40363 0
93 40 40364 1
80 25 40408 1
74 62 40429 0
69 88 40501 0
83 26 40551 1
87 108 40560 1
71 119 40583 0
68 106 40599 0
36 56 40633 1
91 35 40675 1
69 96 40708 0
86 26 40715 1
88 87 40830 1
68 109 40839 0
27 85 40897 0
93 49 40920 1
88 76 41014 1
94 43 41015 1
94 48 41026 1
85 26 41032 1
37 7 41058 1
80 26 41064 1
88 86 41070 1
90 71 41077 1
69 98 41097 0
69 103 41116 0
87 105 41133 1
53 19 41140 1
79 25 41145 1
69 87 41168 0
86 98 41190 1
89 72 41239 1
91 34 41255 1
67 94 41276 0
69 100 41315 0
73 120 41321 0
86 115 41324 1
41 77 41343 0
76 121 41366 0
77 55 41389 0
77 50 41389 0
71 117 41408 0
74 61 41410 0
88 28 41492 1
77 49 41496 0
71 112 41526 0
19 84 41527 0
68 94 41566 0
50 69 41573 0
29 85 41582 0
69 86 41668 0
93 47 41705 1
69 107 41705 0
77 52 41780 0
91 33 41796 1
89 27 41799 1
87 86 41837 1
94 46 41917 1
87 113 41959 1
13 75 41962 0
79 121 41982 0
76 49 41998 0
66 32 42000 1
19 64 42003 1
93 56 42095 1
87 112 42144 1
92 61 42148 1
75 53 42169 0
86 113 42191 1
73 72 42224 0
69 109 42282 0
83 25 42346 1
72 75 42381 0
74 27 42389 1
70 96 42392 0
13 76 42425 0
20 85 42439 0
88 77 42483 1
86 27 42489 1
90 70 42495 1
25 85 42498 0
92 34 42505 1
88 80 42524 1
72 78 42527 0
69 102 42548 0
93 58 42624 1
84 25 42687 1
93 37 42718 1
87 88 42746 1
88 81 42781 1
90 30 42781 1
92 37 42786 1
72 122 42794 0
25 61 42842 1
93 38 42847 1
70 99 42868 0
88 29 42908 1
77 56 42949 0
82 120 42975 0
76 51 42989 0
71 29 43011 1
93 50 43029 1
27 61 43034 1
88 88 43038 1
89 29 43045 1
90 67 43108 1
94 49 43144 1
87 115 43178 1
16 82 43188 0
33 84 43196 0
94 42 43206 1
69 89 43206 0
13 77 43207 0
31 85 43223 0
88 27 43296 1
87 85 43314 1
93 55 43340 1
74 121 43364 0
16 83 43368 0
30 85 43396 0
95 11 43441 1
45 49 43447 1
26 86 43460 0
69 97 43464 0
70 69 43471 0
70 100 43471 0
93 54 43479 1
15 82 43499 0
87 80 43526 1
90 31 43555 1
13 74 43587 0
86 102 43632 1
69 94 43678 0
71 114 43762 0
24 63 43783 1
73 66 43783 0
87 109 43933 1
18 83 43938 0
40 77 43949 0
87 90 43969 1
15 81 43983 0
71 118 44017 0
18 84 44037 0
51 68 44054 0
87 81 44057 1
47 48 44078 1
72 70 44107 0
14 81 44114 0
89 28 44182 1
72 80 44215 0
87 83 44234 1
81 26 44257 1
23 88 44289 0
92 33 44330 1
93 42 44341 1
93 53 44360 1
93 52 44381 1
22 86 44440 0
73 121 44442 0
12 73 44467 0
87 103 44469 1
70 87 44543 0
17 67 44579 1
93 41 44633 1
87 84 44633 1
76 121 44645 0
75 64 44656 0
81 25 44675 1
68 104 44779 0
21 85 44784 0
14 86 44814 0
14 69 44823 0
21 84 44864 0
13 80 44876 0
18 85 44908 0
15 85 44946 0
72 120 44957 0
41 76 44977 0
17 83 44986 0
69 110 45033 0
91 61 45042 1
63 60 45050 0
85 99 45123 1
12 75 45133 0
70 83 45145 0
69 108 45153 0
109 45 45170 1
12 74 45255 0
109 45 45277 0
21 64 45302 1
90 69 45323 1
85 96 45327 1
90 29 45361 1
30 61 45374 1
87 93 45375 1
89 73 45397 1
87 111 45416 1
90 68 45463 1
75 26 45467 1
30 86 45495 0
69 84 45595 0
69 100 45647 0
87 107 45653 1
76 49 45667 0
93 57 45672 1
75 61 45767 0
91 67 45781 1
75 122 45825 0
86 94 45854 1
73 67 45905 0
98 31 45980 1
73 50 45981 0
87 104 45981 1
72 73 46001 0
93 51 46046 1
25 84 46205 0
70 117 46209 0
71 114 46235 0
13 78 46240 0
14 77 46307 0
84 26 46324 1
86 100 46349 1
70 96 46354 0
76 26 46357 1
78 25 46498 1
87 89 46498 1
85 100 46519 1
42 76 46524 0
84 117 46545 1
77 26 46554 1
25 85 46592 0
20 64 46628 1
29 85 46640 0
65 32 46681 1
71 111 46728 0
72 75 46797 0
91 31 46833 1
93 40 46879 1
67 31 46926 1
91 63 46928 1
85 97 46951 1
32 85 46979 0
26 84 47041 0
17 66 47089 1
64 34 47101 1
70 95 47148 0
1 27 47163 1
17 87 47168 0
29 61 47200 1
93 39 47255 1
69 104 47268 0
69 87 47301 0
69 98 47382 0
69 105 47453 0
87 106 47486 1
91 64 47588 1
21 65 47588 1
70 113 47631 0
68 90 47676 0
11 72 47687 0
18 83 47690 0
87 87 47714 1
29 86 47732 0
94 41 47766 1
68 105 47789 0
71 82 47805 0
89 75 47907 1
89 109 47917 1
85 98 48071 1
69 106 48169 0
33 10 48176 1
76 59 48208 0
87 92 48325 1
89 74 48420 1
25 63 48482 1
79 26 48498 1
86 112 48539 1
86 99 48577 1
28 86 48587 0
19 118 48604 1
28 62 48620 1
93 46 48643 1
31 61 48668 1
26 61 48682 1
88 90 48696 1
29 62 48707 1
92 36 48967 1
35 56 48974 1
69 82 49019 0
71 114 49095 0
70 115 49128 0
70 29 49137 1
70 84 49187 0
28 87 49252 0
68 95 49284 0
23 63 49317 1
62 61 49322 0
28 61 49325 1
23 87 49370 0
26 62 49438 1
27 86 49518 0
65 33 49553 1
79 123 49558 0
92 59 49560 1
69 93 49611 0
70 110 49631 0
77 122 49654 0
15 82 49660 0
86 26 49671 1
86 101 49671 1
94 44 49712 1
91 34 49722 1
87 78 49770 1
87 110 49970 1
67 108 50008 0
92 38 50064 1
70 111 50124 0
92 35 50136 1
68 89 50184 0
76 49 50207 0
52 69 50259 0
69 110 50316 0
87 79 50355 1
12 82 50424 0
15 81 50797 0
38 55 50827 1
50 68 50955 0
73 69 50994 0
85 26 51052 1
83 26 51124 1
67 95 51140 0
75 122 51141 0
87 26 51227 1
87 101 51332 1
14 81 51457 0
91 35 51472 1
87 28 51584 1
91 32 51620 1
92 57 51621 1
76 121 51682 0
93 43 51777 1
71 116 51844 0
14 77 51844 0
72 28 51922 1
36 55 52021 1
92 60 52068 1
91 33 52199 1
86 0 52234 1
85 95 52235 1
94 34 52237 1
87 102 52238 1
80 121 52253 0
80 120 52287 0
54 41 52306 1
87 91 52350 1
25 85 52371 0
75 27 52382 1
77 52 52406 0
17 85 52428 0
69 100 52445 0
86 114 52458 1
69 104 52463 0
87 27 52528 1
56 90 52550 1
77 121 52614 0
82 119 52615 0
66 93 52628 0
5 61 52653 0
88 28 52668 1
69 101 52706 0
93 59 52735 1
37 82 52766 1
72 77 52780 0
12 76 52831 0
77 49 52837 0
70 54 52852 0
71 114 52876 0
93 56 52882 1
72 119 52930 0
49 69 52931 0
64 11 52936 0
85 25 52995 1
93 48 53000 1
87 108 53011 1
69 95 53031 0
77 50 53078 0
91 65 53083 1
13 74 53155 0
69 91 53160 0
13 75 53174 0
12 85 53177 0
20 85 53209 0
13 72 53252 0
52 68 53284 0
73 120 53287 0
69 96 53287 0
89 76 53287 1
94 47 53288 1
91 66 53385 1
90 30 53405 1
93 49 53515 1
70 112 53594 0
76 120 53638 0
87 105 53702 1
89 29 53714 1
93 113 53717 0
93 55 53717 1
88 78 53771 1
15 79 53863 0
88 89 53947 1
71 81 53956 0
87 86 53960 1
93 38 53987 1
90 31 53994 1
92 63 54030 1
82 25 54034 1
93 39 54078 1
76 27 54079 1
73 72 54093 0
75 60 54159 0
69 107 54164 0
80 25 54202 1
64 33 54219 1
92 58 54262 1
87 82 54322 1
70 96 54336 0
87 103 54446 1
94 40 54446 1
94 43 54446 1
88 106 54472 1
94 46 54483 1
30 62 54503 1
71 112 54688 0
77 55 54721 0
89 71 54730 1
16 26 54786 1
16 82 54787 0
71 118 54807 0
88 27 54846 1
87 85 54896 1
86 97 54913 1
71 53 54980 0
86 98 54987 1
72 111 55008 0
72 78 55008 0
72 71 55015 0
78 122 55029 0
73 73 55058 0
69 88 55099 0
19 84 55143 0
21 110 55161 1
93 54 55178 1
93 52 55216 1
86 100 55220 1
79 25 55273 1
93 36 55292 1
91 68 55303 1
30 85 55306 0
71 116 55345 0
71 113 55356 0
27 85 55380 0
75 50 55430 0
88 86 55443 1
84 25 55462 1
13 76 55477 0
97 35 55485 1
76 59 55492 0
89 28 55571 1
88 83 55591 1
93 47 55615 1
69 89 55617 0
71 109 55644 0
18 83 55660 0
86 27 55672 1
93 53 55688 1
69 97 55762 0
80 26 55774 1
73 67 55775 0
87 109 55794 1
88 108 55803 1
68 54 55815 0
93 37 55822 1
93 58 55871 1
75 49 55899 0
93 57 55920 1
70 86 55931 0
13 77 55932 0
83 25 55936 1
70 84 55974 0
71 117 55992 0
69 105 55998 0
73 74 56019 0
87 99 56101 1
77 56 56108 0
70 99 56121 0
42 77 56136 0
66 31 56160 1
78 121 56162 0
72 75 56165 0
87 83 56181 1
87 84 56194 1
71 17 56245 1
95 11 56257 0
81 26 56266 1
87 113 56268 1
94 42 56276 1
76 49 56305 0
87 100 56314 1
87 90 56316 1
26 85 56317 0
85 97 56331 1
74 67 56411 0
13 73 56426 0
93 50 56449 1
89 27 56468 1
54 67 56474 0
69 104 56476 0
94 41 56515 1
17 84 56524 0
43 76 56533 0
37 56 56539 1
86 26 56566 1
87 112 56640 1
90 71 56683 1
71 114 56685 0
34 85 56710 0
67 32 56718 1
72 77 56729 0
77 51 56735 0
94 40 56736 1
49 47 56742 1
86 96 56793 1
81 25 56809 1
91 32 56822 1
84 26 56822 1
24 62 56831 1
27 61 56934 1
75 122 56969 0
47 47 56978 1
88 84 57025 1
92 36 57052 1
85 96 57100 1
69 87 57122 0
93 51 57148 1
31 85 57172 0
90 67 57174 1
68 93 57176 0
27 62 57202 1
64 32 57220 1
87 104 57273 1
65 31 57279 1
29 85 57318 0
15 81 57361 0
77 49 57369 0
92 62 57375 1
90 69 57384 1
48 47 57386 1
87 106 57478 1
91 69 57481 1
68 103 57482 0
85 117 57485 1
88 79 57522 1
18 84 57532 0
90 29 57593 1
94 39 57616 1
79 121 57650 0
21 84 57672 0
69 54 57746 0
85 86 57819 1
93 52 57835 0
88 87 57835 1
85 116 57918 1
69 30 57937 1
46 49 57966 1
86 116 57971 1
70 95 58065 0
90 70 58154 1
90 28 58157 1
89 31 58195 1
13 78 58198 0
68 105 58230 0
20 65 58373 1
92 33 58386 1
88 77 58400 1
85 101 58445 1
70 113 58456 0
87 111 58490 1
71 113 58497 0
73 63 58499 0
92 34 58527 1
80 27 58583 1
55 41 58585 1
88 85 58650 1
73 28 58659 1
87 89 58687 1
69 86 58700 0
86 99 58728 1
69 85 58842 0
87 81 58875 1
76 121 59019 0
91 31 59052 1
91 62 59092 1
74 121 59111 0
77 50 59112 0
17 83 59121 0
87 88 59149 1
71 116 59156 0
70 100 59279 0
54 68 59326 0
88 26 59335 1
89 109 59379 1
14 71 59477 0
75 121 59491 0
89 73 59492 1
86 20 59616 1
91 30 59679 1
85 26 59702 1
18 65 59732 1
69 110 59767 0
95 46 59790 1
73 65 59810 0
19 85 59828 0
88 102 59875 1
25 85 59896 0
69 29 59910 1
19 82 59937 0
14 77 59943 0
87 26 59956 1
17 65 59965 1
69 106 59994 0
72 80 60014 0
69 98 60025 0
60 62 60098 0
68 107 60114 0
63 32 60134 1
94 44 60182 1
15 79 60224 0
86 92 60258 1
78 121 60278 0
91 67 60298 1
72 77 60355 0
91 55 60414 1
77 51 60429 0
73 68 60465 0
22 64 60484 1
65 90 60523 0
85 98 60550 1
13 79 60559 0
68 111 60559 0
69 95 60578 0
91 34 60586 1
70 82 60590 0
87 87 60618 1
26 85 60623 0
73 73 60674 0
53 69 60754 0
14 79 60880 0
62 108 60896 0
41 77 60901 0
19 83 60902 0
71 80 60905 0
74 68 60933 0
30 61 61001 1
36 57 61037 1
44 75 61059 0
16 82 61062 0
15 82 61097 0
69 90 61152 0
73 70 61220 0
74 123 61300 0
76 58 61306 0
69 100 61381 0
16 83 61397 0
25 84 61418 0
87 102 61448 1
69 83 61491 0
93 56 61557 1
23 86 61573 0
25 86 61586 0
21 85 61601 0
73 69 61647 0
74 63 61650 0
15 71 61683 0
74 64 61709 0
72 119 61719 0
56 90 61788 0
68 98 61797 0
70 110 61799 0
69 103 61818 0
71 113 61864 0
15 81 61865 0
72 79 61924 0
61 61 62003 0
51 69 62032 0
68 100 62080 0
89 29 62087 1
92 61 62090 1
85 25 62301 1
90 68 62318 1
32 87 62386 0
86 113 62454 1
21 83 62457 0
68 55 62461 0
73 64 62526 0
3 6 62529 0
12 77 62550 0
0 44 62608 0
13 82 62665 0
76 120 62667 0
94 48 62683 1
14 78 62697 0
69 104 62721 0
91 33 62747 1
89 74 62964 1
26 84 62980 0
69 107 63062 0
70 53 63225 0
67 30 63232 1
22 84 63262 0
76 55 63727 0
13 74 63739 0
69 108 63808 0
12 73 63847 0
67 116 63884 0
72 68 63921 0
56 8 63979 0
70 113 63985 0
78 121 64003 0
71 116 64021 0
73 120 64048 0
14 70 64088 0
13 60 64150 0
73 71 64158 0
13 76 64173 0
77 110 64192 0
77 121 64192 0
76 53 64214 0
5 102 64215 0
69 111 64241 0
50 47 64317 1
87 108 64328 1
29 61 64405 1
63 61 64409 0
86 25 64441 1
27 85 64487 0
12 76 64488 0
77 51 64496 0
26 44 64509 0
75 121 64559 0
25 88 64586 0
19 83 64649 0
11 81 64651 0
41 55 64685 1
72 72 64762 0
67 99 64781 0
47 11 64786 0
14 81 64835 0
72 77 64863 0
85 99 64900 1
7 34 64908 0
21 63 64969 1
75 122 65052 0
72 27 65085 1
69 90 65212 0
69 93 65238 0
14 79 65255 0
25 62 65289 1
90 30 65534 1
25 61 65620 1
73 72 65727 0
121 98 65742 0
71 120 65754 0
80 120 65765 0
73 70 65778 0
93 9 65854 0
20 63 65913 1
73 68 66009 0
19 64 66103 1
92 35 66167 1
70 87 66183 0
70 119 66210 0
76 58 66211 0
29 60 66260 1
70 89 66360 0
70 96 66520 0
71 112 66598 0
71 114 66607 0
71 113 66610 0
18 83 66647 0
80 25 66650 1
26 85 66691 0
72 79 66699 0
82 120 66704 0
23 84 66714 0
69 94 66780 0
13 71 66826 0
14 83 66826 0
71 82 66946 0
14 78 67047 0
19 84 67064 0
87 86 67096 1
5 61 67097 0
87 107 67128 1
40 77 67192 0
75 64 67299 0
86 115 67387 1
75 48 67454 0
93 53 67455 1
88 103 67470 1
74 68 67513 0
22 84 67648 0
71 111 67953 0
88 27 67994 1
93 38 68001 1
79 26 68050 1
87 80 68076 1
78 121 68143 0
71 80 68203 0
20 85 68286 0
73 71 68313 0
76 49 68320 0
55 11 68329 0
76 57 68387 0
69 109 68469 0
14 68 68476 0
69 91 68527 0
23 61 68743 1
30 85 68824 0
51 68 68894 0
69 90 68936 0
40 78 68968 0
75 121 69046 0
60 63 69183 0
11 82 69232 0
14 79 69235 0
75 63 69365 0
82 25 69454 1
77 26 69604 1
87 110 69776 1
87 101 70159 1
29 85 70191 0
14 75 70196 0
13 75 70287 0
15 81 70443 0
14 78 70687 0
70 107 70711 0
75 61 71227 0
93 55 71338 1
86 100 71406 1
73 70 71587 0
70 113 71706 0
77 25 71738 1
87 27 71803 1
87 94 71849 1
19 83 71900 0
76 26 71929 1
83 24 72005 1
92 32 72059 1
88 105 72081 1
93 60 72086 1
22 62 72115 1
73 74 72144 0
12 75 72585 0
87 103 72609 1
21 84 72736 0
71 109 72928 0
73 68 72930 0
19 66 72947 1
28 61 73165 1
70 89 73217 0
21 86 73243 0
97 35 73373 1
94 46 73407 1
87 105 73426 1
86 26 73593 1
61 62 73736 0
89 75 73831 1
87 114 73869 1
14 60 73977 0
94 47 74185 1
27 84 74283 0
89 28 74298 1
73 67 74320 0
24 85 74328 0
93 35 74385 1
72 79 74429 0
84 25 74655 1
93 39 74845 1
74 120 74892 0
71 28 74933 1
14 79 75029 0
75 121 75200 0
70 107 75559 0
76 57 75604 0
34 53 75618 1
77 54 75648 0
105 8 75663 1
87 85 75708 1
93 40 75821 1
74 27 75864 1
93 37 75985 1
71 80 76022 0
88 88 76035 1
94 43 76035 1
93 49 76307 1
93 42 76319 1
37 80 76414 1
88 107 76431 1
92 64 76509 1
43 51 76514 1
14 75 76587 0
88 78 76603 1
70 92 76624 0
88 72 76709 1
94 42 76778 1
70 93 76810 0
69 90 76914 0
37 55 76956 1
94 49 77035 1
24 61 77108 1
76 58 77210 0
83 25 77240 1
88 80 77319 1
27 106 77457 1
89 109 77610 1
114 11 77682 1
7 28 77687 1
75 63 77737 0
78 121 77850 0
85 95 77893 1
88 110 78083 1
86 95 78121 1
53 67 78134 0
76 25 78177 1
90 29 78241 1
92 60 78333 1
94 41 78467 1
91 32 78647 1
93 52 78659 1
86 98 78674 1
72 76 78678 0
7 28 78733 0
77 51 78757 0
92 33 78791 1
87 79 78823 1
93 51 78836 1
14 78 78858 0
88 104 78894 1
86 97 79012 1
87 82 79228 1
92 36 79249 1
94 40 79256 1
85 97 79259 1
71 116 79279 0
87 17 79342 1
88 109 79375 1
73 71 79418 0
93 59 79419 1
72 77 79470 0
74 120 79532 0
93 36 79539 1
77 49 79614 0
87 109 79642 1
77 55 79698 0
87 84 79821 1
87 91 79846 1
78 25 79848 1
93 54 79955 1
88 86 80009 1
89 27 80022 1
93 50 80098 1
81 25 80354 1
91 64 80396 1
91 66 80419 1
93 57 80486 1
73 73 80536 0
92 59 80571 1
13 78 80593 0
71 113 80594 0
77 50 80671 0
24 63 80690 1
16 84 80847 0
70 99 80913 0
71 79 80950 0
87 90 80967 1
94 44 80968 1
91 65 80986 1
69 89 81000 0
12 76 81008 0
87 106 81100 1
87 83 81137 1
78 50 81175 0
71 81 81198 0
70 84 81267 0
46 48 81286 1
73 77 81297 0
71 111 81308 0
12 71 81308 0
95 43 81341 1
87 104 81342 1
42 76 81350 0
93 38 81377 1
77 54 81383 0
73 27 81424 1
21 64 81560 1
29 62 81619 1
91 31 81622 1
70 95 81694 0
71 112 81743 0
86 99 81756 1
94 58 81770 1
93 56 81783 1
93 58 81812 1
79 25 81823 1
52 68 81876 0
24 85 81975 0
89 76 81978 1
87 100 81978 1
92 34 81996 1
70 92 82062 0
69 102 82068 0
76 120 82133 0
72 78 82146 0
22 84 82175 0
77 53 82215 0
90 27 82223 1
88 106 82243 1
70 107 82251 0
88 81 82255 1
97 35 82394 1
71 29 82395 1
93 23 82398 1
85 96 82410 1
70 93 82425 0
69 105 82433 0
73 72 82495 0
70 86 82584 0
82 119 82611 0
88 89 82654 1
41 76 82662 0
33 84 82686 0
68 105 82695 0
32 85 82698 0
92 31 82702 1
77 56 82717 0
15 79 82729 0
95 41 82732 1
85 25 82758 1
69 88 82766 0
72 117 82786 0
94 50 82799 1
77 52 82809 0
91 30 82817 1
88 27 82839 1
25 85 82878 0
23 84 82896 0
76 59 82913 0
86 94 82932 1
88 82 83050 1
93 55 83053 1
90 28 83107 1
93 27 83123 1
34 84 83186 0
17 85 83197 0
90 69 83201 1
87 112 83239 1
87 26 83280 1
88 90 83336 1
27 60 83343 1
16 81 83360 0
78 54 83367 0
90 30 83495 1
72 73 83594 0
90 73 83664 1
88 87 83714 1
88 112 83718 1
14 77 83724 0
86 25 83724 1
7 28 83830 1
87 102 83845 1
77 49 83852 0
21 87 83860 0
88 79 83871 1
87 103 83917 1
69 101 83928 0
74 120 83948 0
20 64 83953 1
75 59 83954 0
69 104 83977 0
86 100 83988 1
15 81 84011 0
75 119 84048 0
61 60 84172 0
30 60 84196 1
31 60 84199 1
75 26 84297 1
86 96 84311 1
55 67 84372 0
26 85 84374 0
49 46 84382 1
25 84 84444 0
86 26 84455 1
70 98 84475 0
87 101 84498 1
94 39 84521 1
28 60 84582 1
92 66 84585 1
19 82 84617 0
86 114 84643 1
70 100 84649 0
13 77 84659 0
71 109 84707 0
89 26 84729 1
90 72 84771 1
76 57 84785 0
70 104 84801 0
84 25 84806 1
74 68 84847 0
73 70 84856 0
70 101 84924 0
69 87 84956 0
93 53 84993 1
80 25 85009 1
7 28 85022 0
69 97 85042 0
70 83 85082 0
88 83 85147 1
22 63 85164 1
69 106 85193 0
27 61 85193 1
72 76 85199 0
95 45 85199 1
33 86 85207 0
71 96 85239 0
70 77 85259 0
87 89 85287 1
26 62 85573 1
30 62 85595 1
72 80 85704 0
70 96 85752 0
63 33 85811 1
81 121 85813 0
82 25 85825 1
13 73 85843 0
66 32 85852 1
21 83 85856 0
30 86 85877 0
14 79 85887 0
27 84 85912 0
21 85 85930 0
26 61 85953 1
13 72 85956 0
53 19 85988 0
31 85 86012 0
71 52 86057 0
75 121 86080 0
65 32 86106 1
69 100 86146 0
87 25 86181 1
69 96 86183 0
83 26 86238 1
89 77 86263 1
69 93 86378 0
50 69 86412 0
87 86 86490 1
75 122 86566 0
72 117 86636 0
73 74 86691 0
88 26 86848 1
72 4 86887 0
73 120 86909 0
73 73 86984 0
16 81 87024 0
26 86 87034 0
54 69 87035 0
68 31 87053 1
94 41 87149 1
88 91 87153 1
55 68 87158 0
76 51 87239 0
67 31 87351 1
77 54 87369 0
71 108 87378 0
68 30 87421 1
19 104 87459 0
77 53 87477 0
11 77 87491 0
67 102 87502 0
60 61 87547 0
73 66 87576 0
80 121 87599 0
68 106 87627 0
21 84 87641 0
71 114 87671 0
16 82 87683 0
56 104 87692 0
73 68 87771 0
71 80 87773 0
67 101 87779 0
89 28 87803 1
93 39 87824 1
19 83 87845 0
92 63 87896 1
77 121 87995 0
18 84 87996 0
13 78 88007 0
73 121 88012 0
19 86 88026 0
19 88 88146 0
73 51 88197 0
79 38 88235 1
80 120 88243 0
50 68 88512 0
26 60 88566 1
14 82 88663 0
14 75 88712 0
14 78 88720 0
12 74 88775 0
72 66 88780 0
18 91 88816 0
18 83 88816 0
91 32 88837 1
17 83 89033 0
19 84 89053 0
72 28 89092 1
79 122 89162 0
72 74 89240 0
87 108 89253 1
81 26 89265 1
87 81 89300 1
89 29 89326 1
73 123 89357 0
73 69 89378 0
88 85 89406 1
14 74 89460 0
88 108 89551 1
18 85 89588 0
30 50 89660 0
70 89 89718 0
69 90 89811 0
87 113 89824 1
89 75 89897 1
70 98 89946 0
66 30 89954 1
65 123 90040 0
89 73 90140 1
77 122 90174 0
69 112 90178 0
49 69 90305 0
20 24 90315 0
88 105 90344 1
90 71 90401 1
87 92 90609 1
73 75 90610 0
13 74 90733 0
71 119 90805 0
93 37 90872 1
44 49 90936 1
16 81 90993 0
87 111 91025 1
70 109 91029 0
86 97 91069 1
44 76 91110 0
93 52 91113 1
91 68 91126 1
24 85 91182 0
72 117 91268 0
72 76 91358 0
18 82 91371 0
94 46 91404 1
70 104 91422 0
71 98 91665 0
90 70 91766 1
88 77 91917 1
93 54 91938 1
93 35 92002 1
74 120 92018 0
83 119 92037 0
83 25 92044 1
94 54 92078 1
87 98 92083 1
33 83 92105 0
15 80 92161 0
70 97 92181 0
72 79 92191 0
88 84 92192 1
78 121 92195 0
94 40 92210 1
89 71 92223 1
76 50 92273 0
69 92 92347 0
49 70 92360 0
70 92 92431 0
90 67 92448 1
86 98 92537 1
76 120 92565 0
74 67 92627 0
14 80 92674 0
87 84 92688 1
75 58 92706 0
78 26 92740 1
69 86 92755 0
72 123 92760 0
91 29 92818 1
70 107 92851 0
92 71 92867 0
92 33 92867 1
70 87 92871 0
93 36 92892 1
94 48 92912 1
31 86 92920 0
88 103 92943 1
95 36 92994 1
94 49 93058 1
78 50 93078 0
49 71 93082 0
93 51 93092 1
73 77 93106 0
71 111 93160 0
87 83 93165 1
87 99 93182 1
94 38 93185 1
85 25 93186 1
87 82 93225 1
93 38 93226 1
88 104 93290 1
81 25 93290 1
70 101 93308 0
88 102 93325 1
69 54 93351 0
88 107 93354 1
75 63 93406 0
73 72 93418 0
75 64 93460 0
89 111 93491 1
93 33 93516 1
94 37 93590 1
70 91 93621 0
77 55 93642 0
70 93 93698 0
54 67 93747 0
93 50 93759 1
27 62 93813 1
89 74 93835 1
83 120 93853 0
89 27 93866 1
64 59 93924 0
75 27 93996 1
97 35 94030 1
71 115 94078 0
63 59 94080 0
69 84 94106 0
94 55 94116 1
30 84 94153 0
87 103 94174 1
92 32 94205 1
31 61 94216 1
88 86 94248 1
93 61 94256 1
69 91 94302 0
93 57 94311 1
25 60 94342 1
72 120 94374 0
93 55 94384 1
69 103 94416 0
91 31 94428 1
87 109 94438 1
88 27 94455 1
68 91 94459 0
22 84 94467 0
26 84 94467 0
87 100 94482 1
87 105 94503 1
82 120 94537 0
94 44 94573 1
93 56 94642 1
73 75 94663 0
87 90 94665 1
92 62 94685 1
93 34 94696 1
91 30 94705 1
79 25 94733 1
77 50 94773 0
78 25 94811 1
94 56 94874 1
87 102 94918 1
70 99 94979 0
15 81 94993 0
71 109 95012 0
95 42 95018 1
77 51 95043 0
71 107 95067 0
76 56 95163 0
70 95 95177 0
27 85 95178 0
88 106 95216 1
69 105 95273 0
69 98 95290 0
86 99 95292 1
15 79 95296 0
30 85 95321 0
94 47 95332 1
69 89 95351 0
74 62 95363 0
91 64 95388 1
75 119 95410 0
91 32 95424 1
70 98 95465 0
88 88 95489 1
77 49 95512 0
70 106 95555 0
70 30 95558 1
70 109 95562 0
38 55 95584 1
77 53 95592 0
23 62 95628 1
75 60 95791 0
78 54 95802 0
76 121 95838 0
73 28 95843 1
94 41 95846 1
77 54 95856 0
13 76 95860 0
76 58 95863 0
68 96 95897 0
23 84 95913 0
26 90 95915 0
15 72 95979 0
47 48 95992 1
12 72 96033 0
18 82 96048 0
93 37 96069 1
14 71 96076 0
30 61 96082 1
68 29 96107 1
70 53 96170 0
71 97 96178 0
90 28 96179 1
70 86 96182 0
87 26 96188 1
88 109 96196 1
71 82 96232 0
14 76 96257 0
32 84 96260 0
69 94 96336 0
55 66 96369 0
56 65 96417 0
68 54 96428 0
39 54 96469 1
84 25 96499 1
86 25 96528 1
14 74 96529 0
15 75 96580 0
93 52 96582 1
87 101 96657 1
73 73 96662 0
77 57 96707 0
94 51 96739 1
71 96 96759 0
94 39 96818 1
86 26 96818 1
72 117 96828 0
73 118 96839 0
15 70 96889 0
43 76 96906 0
70 97 96916 0
71 74 96937 0
72 74 96949 0
72 58 96971 0
81 119 97003 0
71 108 97020 0
37 54 97043 1
86 97 97125 1
15 83 97163 0
16 81 97209 0
71 113 97259 0
91 66 97265 1
74 68 97267 0
69 95 97279 0
53 67 97323 0
15 80 97328 0
15 81 97349 0
25 85 97355 0
25 104 97371 0
88 78 97374 1
73 74 97394 0
69 107 97399 0
76 120 97441 0
71 112 97481 0
86 96 97501 1
25 84 97577 0
89 109 97597 1
13 75 97614 0
70 91 97655 0
29 61 97670 1
69 92 97674 0
21 83 97718 0
88 101 97746 1
68 99 97769 0
29 85 98005 0
14 77 98030 0
66 31 98041 1
98 31 98043 1
78 28 98155 1
78 48 98155 0
70 80 98168 0
88 111 98170 1
70 96 98213 0
26 85 98226 0
93 59 98236 1
94 40 98251 1
94 52 98278 1
14 80 98287 0
70 104 98303 0
76 26 98318 1
19 82 98319 0
93 60 98323 1
15 71 98356 0
94 57 98384 1
85 25 98400 1
94 38 98406 1
32 53 98438 1
88 80 98509 1
93 53 98528 1
91 65 98528 1
87 112 98532 1
78 52 98625 0
88 110 98649 1
94 46 98682 1
30 84 98712 0
38 54 98714 1
70 88 98855 0
88 108 98920 1
109 45 99082 1
109 45 99133 0
77 56 99181 0
90 69 99187 1
80 25 99191 1
29 60 99213 1
87 110 99223 1
67 89 99225 0
14 73 99267 0
27 84 99281 0
73 75 99347 0
74 64 99419 0
76 52 99419 0
73 70 99466 0
21 84 99502 0
19 81 99554 0
72 76 99572 0
38 80 99603 1
77 58 99641 0
72 110 99775 0
70 106 99785 0
77 25 99786 1
89 27 99849 1
71 115 99877 0
70 29 99879 1
94 49 99882 1
77 120 99889 0
69 104 99938 0
88 81 100083 1
47 47 100198 1
86 62 100291 1
86 95 100291 1
33 85 100301 0
90 29 100411 1
69 116 100411 0
73 118 100429 0
68 112 100447 0
41 76 100494 0
15 79 100510 0
72 75 100532 0
93 58 100535 1
22 85 100559 0
93 36 100581 1
79 121 100589 0
13 70 100617 0
74 120 100621 0
87 78 100623 1
72 119 100701 0
18 82 100713 0
70 109 100817 0
69 85 100850 0
94 50 100887 1
11 76 100900 0
12 46 100901 0
70 113 100940 0
14 76 100945 0
70 81 100956 0
70 75 100959 0
71 111 100975 0
9 85 101011 0
42 76 101011 0
14 72 101038 0
54 68 101046 0
82 25 101095 1
76 119 101135 0
1 93 101142 0
13 71 101159 0
74 26 101182 1
70 89 101229 0
72 80 101324 0
93 35 101347 1
41 77 101376 0
71 118 101381 0
25 63 101415 1
35 83 101419 0
19 83 101497 0
87 111 101505 1
69 108 101532 0
15 80 101533 0
80 24 101538 1
88 87 101584 1
40 77 101661 0
70 92 101717 0
68 101 101850 0
16 103 101856 0
32 85 101879 0
51 68 101881 0
13 76 101891 0
68 104 101923 0
69 97 101940 0
52 68 102043 0
98 38 102176 1
92 33 102176 1
67 105 102209 0
22 86 102345 0
71 98 102433 0
69 102 102456 0
70 110 102469 0
70 98 102478 0
32 84 102507 0
78 50 102532 0
78 110 102763 1
50 71 102854 0
14 78 103059 0
77 52 103070 0
88 26 103078 1
69 92 103083 0
78 52 103094 0
88 102 103106 1
70 84 103179 0
87 84 103184 1
15 69 103262 0
89 26 103352 1
28 61 103362 1
87 99 103387 1
93 54 103536 1
87 93 103574 1
93 32 103595 1
14 74 103595 0
95 40 103610 1
88 83 103768 1
18 83 103858 0
70 88 103884 0
14 80 104020 0
16 80 104236 0
68 109 104242 0
19 64 104252 1
81 25 104273 1
90 27 104377 1
83 25 104530 1
92 31 104588 1
88 105 104606 1
70 97 104613 0
14 70 104637 0
69 31 104673 1
88 104 104677 1
88 85 104707 1
91 67 104807 1
69 121 104857 0
14 73 104882 0
89 78 105107 1
91 29 105116 1
70 108 105119 0
91 69 105229 1
94 36 105254 1
70 106 105319 0
91 31 105325 1
73 77 105337 0
73 118 105345 0
70 93 105360 0
22 84 105368 0
77 120 105439 0
76 57 105467 0
81 120 105597 0
72 74 105598 0
72 117 105609 0
74 63 105619 0
15 81 105622 0
28 86 105634 0
70 101 105650 0
77 57 105655 0
88 84 105663 1
87 100 105705 1
73 71 105714 0
88 107 105734 1
88 27 105741 1
26 84 105778 0
90 74 105781 1
80 120 105825 0
94 53 105870 1
18 81 105870 0
85 24 105876 1
87 83 105892 1
87 106 105898 1
93 51 105951 1
71 115 105964 0
87 25 105999 1
93 38 106041 1
87 91 106047 1
14 76 106060 0
89 76 106060 1
88 103 106071 1
28 60 106093 1
27 60 106106 1
87 82 106108 1
71 107 106115 0
91 30 106219 1
18 64 106225 1
87 114 106251 1
15 80 106269 0
93 55 106300 1
89 27 106300 1
89 84 106300 1
89 77 106308 1
72 112 106315 0
98 38 106335 1
94 48 106336 1
16 81 106382 0
70 107 106386 0
89 75 106416 1
92 32 106431 1
30 60 106441 1
88 89 106451 1
95 44 106455 1
75 119 106494 0
71 109 106531 0
86 97 106534 1
82 119 106554 0
94 41 106598 1
72 116 106645 0
87 102 106660 1
87 89 106663 1
63 60 106704 0
86 94 106730 1
90 71 106738 1
93 37 106754 1
88 100 106764 1
94 59 106780 1
79 120 106783 0
91 28 106819 1
70 100 106835 0
86 115 106866 1
92 64 106958 1
22 85 106964 0
89 73 106990 1
94 54 106994 1
93 57 106995 1
42 51 106999 1
93 56 107021 1
64 32 107022 1
90 26 107092 1
89 87 107109 1
90 70 107141 1
89 86 107145 1
74 65 107155 1
74 49 107155 0
87 103 107182 1
70 91 107189 0
73 72 107213 0
87 98 107215 1
87 101 107229 1
86 25 107255 1
90 73 107257 1
90 72 107268 1
97 35 107279 1
14 75 107293 0
88 25 107371 1
86 96 107376 1
70 87 107379 0
75 61 107436 0
18 65 107449 1
76 59 107452 0
94 39 107484 1
95 43 107498 1
88 86 107509 1
91 70 107520 1
55 40 107555 1
71 108 107555 0
88 106 107585 1
33 84 107597 0
89 109 107663 1
85 25 107720 1
78 54 107725 0
86 98 107725 1
84 25 107751 1
73 75 107808 0
88 90 107810 1
69 90 107811 0
79 24 107822 1
82 24 107824 1
89 85 107835 1
88 99 107843 1
94 51 107845 1
90 28 107870 1
76 120 107893 0
14 72 107928 0
75 25 107945 1
94 40 107952 1
93 34 107971 1
91 32 107996 1
87 113 108036 1
92 29 108045 1
69 106 108076 0
94 37 108080 1
69 87 108108 0
69 88 108108 0
73 79 108192 0
73 115 108217 0
73 74 108228 0
89 27 108271 1
78 52 108289 0
72 79 108315 0
94 55 108336 1
89 82 108352 1
88 82 108359 1
71 96 108380 0
71 94 108483 0
23 84 108498 0
94 44 108511 1
72 110 108514 0
37 79 108518 1
87 26 108527 1
78 24 108552 1
87 90 108557 1
71 81 108631 0
16 80 108660 0
79 25 108668 1
78 48 108688 0
78 25 108710 1
24 85 108738 0
92 60 108741 1
94 38 108756 1
70 109 108763 0
18 66 108789 1
72 112 108802 0
74 67 108823 0
70 82 108851 0
50 70 108858 0
15 75 108910 0
93 36 108935 1
70 28 108937 1
95 42 108985 1
18 82 109048 0
30 84 109068 0
75 63 109069 0
73 73 109091 0
74 68 109107 0
31 85 109198 0
93 50 109201 1
91 66 109262 1
77 49 109389 0
61 61 109420 0
13 73 109463 0
70 88 109561 0
88 109 109593 1
49 47 109619 1
91 68 109632 1
88 79 109722 1
73 118 109752 0
67 32 109752 1
39 53 109824 1
93 33 109880 1
89 74 109887 1
18 81 109991 0
93 39 110080 1
70 108 110083 0
70 95 110133 0
72 78 110198 0
91 27 110200 1
69 91 110216 0
70 99 110224 0
94 56 110226 1
70 106 110227 0
68 113 110253 0
88 112 110275 1
71 78 110285 0
88 77 110289 1
69 92 110306 0
54 67 110326 0
81 24 110355 1
64 33 110390 1
29 62 110391 1
13 74 110393 0
31 60 110402 1
68 92 110415 0
88 88 110499 1
15 78 110517 0
15 68 110544 0
47 46 110564 1
93 52 110601 1
27 61 110606 1
69 30 110658 1
19 82 110663 0
94 46 110674 1
77 120 110699 0
71 107 110706 0
72 51 110737 0
88 102 110760 1
21 83 110766 0
83 24 110825 1
75 64 110825 0
84 24 110837 1
78 50 110886 0
94 49 110886 1
76 119 110904 0
72 112 110905 0
25 84 110965 0
72 115 111003 0
81 120 111062 0
72 116 111118 0
27 84 111123 0
35 82 111125 0
15 84 111132 0
70 92 111133 0
13 86 111168 0
48 47 111170 1
71 53 111177 0
86 97 111231 1
94 50 111258 1
71 97 111260 0
93 35 111293 1
77 54 111362 0
87 99 111368 1
91 29 111368 1
26 60 111374 1
92 30 111409 1
74 73 111464 0
77 56 111498 0
73 77 111542 0
14 69 111573 0
64 31 111600 1
91 65 111614 1
73 69 111630 0
81 119 111647 0
71 95 111656 1
75 120 111732 0
19 84 111748 0
69 105 111752 0
77 26 111763 1
74 25 111766 1
73 27 111767 1
15 83 111774 0
70 83 111779 0
4 85 111794 0
89 66 111845 0
89 26 111845 1
94 52 111903 1
70 86 111961 0
88 104 111962 1
14 79 112033 0
24 63 112034 1
73 114 112083 0
19 81 112103 0
80 25 112115 1
16 80 112146 0
32 83 112152 0
16 83 112156 0
70 89 112195 0
71 93 112238 0
88 101 112262 1
70 85 112268 0
14 73 112304 0
32 84 112312 0
14 80 112378 0
93 58 112378 1
42 52 112444 1
77 55 112445 0
69 120 112451 0
14 76 112475 0
71 102 112494 0
20 84 112520 0
15 79 112523 0
21 84 112586 0
71 98 112593 0
74 60 112593 0
75 119 112683 0
92 32 112695 1
70 111 112715 0
71 109 112731 0
91 67 112753 1
72 112 112763 0
26 62 112772 1
88 108 112838 1
17 91 112873 0
13 72 112892 0
15 81 112978 0
70 104 113105 0
88 83 113192 1
70 102 113221 0
54 66 113239 0
89 24 113240 1
71 110 113250 0
15 72 113280 0
86 25 113495 1
24 84 113498 0
17 81 113646 0
15 80 113666 0
92 31 113674 1
71 82 113679 0
31 87 113716 0
89 104 113727 1
67 30 113731 1
45 49 113737 1
86 96 113761 1
33 83 113823 0
88 110 113850 1
1 48 113856 1
71 105 113922 0
79 120 113922 0
95 45 113934 1
92 63 113936 1
18 81 113992 0
87 25 114002 1
71 115 114015 0
88 111 114096 1
71 108 114106 0
14 77 114141 0
22 85 114184 0
98 38 114188 1
69 110 114241 0
18 84 114283 0
72 115 114334 0
62 61 114374 0
70 93 114412 0
86 117 114473 1
15 78 114489 0
75 26 114505 1
95 41 114508 1
87 92 114537 1
21 62 114686 1
72 110 114696 0
86 95 114711 1
66 99 114713 0
93 59 114776 1
94 53 114780 1
93 61 114836 1
70 108 114855 0
69 93 114885 0
87 24 114911 1
15 82 114944 0
19 83 114966 0
91 30 114978 1
72 116 115020 0
30 61 115083 1
14 72 115112 0
13 78 115166 0
11 89 115242 0
22 84 115260 0
71 117 115265 0
30 85 115302 0
43 77 115403 0
75 66 115429 0
14 71 115506 0
74 50 115590 0
59 37 115660 1
16 82 115697 0
21 63 115702 1
10 78 115742 0
70 97 115748 0
72 112 115768 0
29 60 115869 1
88 91 115895 1
21 91 115904 0
71 28 115921 1
92 66 116011 1
87 100 116027 1
70 96 116072 0
25 61 116079 1
93 62 116096 1
72 27 116102 1
88 84 116270 1
75 120 116274 0
88 107 116301 1
88 26 116365 1
87 115 116428 1
13 77 116470 0
72 52 116482 0
76 25 116482 1
78 52 116486 0
88 78 116522 1
94 54 116528 1
88 87 116552 1
92 62 116603 1
44 75 116747 0
87 112 116807 1
23 84 116826 0
71 110 116873 0
105 40 116925 1
73 75 117008 0
16 80 117042 0
44 48 117079 1
18 82 117119 0
27 59 117162 1
88 103 117245 1
97 70 117386 1
65 31 117411 1
14 74 117471 0
93 60 117653 1
15 75 117692 0
20 64 117712 1
17 81 117769 0
81 120 117785 0
98 38 117871 1
70 107 117893 0
88 115 117956 1
26 61 117990 1
12 73 118010 0
55 41 118140 1
89 27 118144 1
20 84 118278 0
87 109 118472 1
74 66 118498 0
73 118 118500 0
87 101 118527 1
20 82 118537 0
28 84 118540 0
24 84 118554 0
94 48 118671 1
70 85 118688 0
24 61 118783 1
89 75 118811 1
90 27 118848 1
97 41 118930 1
89 106 118947 1
73 67 118957 0
96 41 118966 1
83 25 119065 1
88 105 119097 1
37 55 119097 1
88 80 119101 1
72 115 119125 0
88 85 119136 1
48 46 119212 1
15 78 119293 0
16 81 119359 0
73 73 119415 0
34 84 119464 0
81 25 119477 1
40 53 119526 1
20 85 119672 0
67 85 119703 0
70 98 119758 0
10 74 119767 0
93 37 119796 1
29 61 119823 1
17 84 119845 0
82 120 119949 0
22 63 120092 1
94 47 120103 1
88 86 120133 1
80 120 120199 0
78 54 120249 0
71 99 120252 0
72 116 120279 0
85 25 120282 1
69 104 120347 0
76 122 120372 0
84 25 120515 1
32 60 120544 1
70 91 120564 0
71 110 120591 0
20 86 120601 0
70 102 120837 0
73 115 120950 0
71 83 120961 0
78 48 121118 0
72 112 121166 0
94 38 121168 1
90 28 121183 1
77 57 121256 0
85 24 121307 1
94 39 121355 1
75 120 121478 0
87 82 121482 1
95 38 121708 1
88 23 121751 1
111 64 121767 1
20 63 121873 1
23 85 121903 0
31 83 122006 0
73 28 122153 1
72 117 122161 0
29 86 122388 0
26 84 122469 0
62 32 122571 1
70 108 122629 0
30 84 122652 0
89 79 122728 1
20 82 122774 0
99 64 122932 1
87 111 122957 1
91 28 123017 1
31 61 123073 1
91 31 123074 1
75 66 123177 0
94 57 123190 1
73 68 123350 0
28 60 123360 1
93 34 123368 1
17 81 123463 0
77 58 123567 0
71 96 123604 0
28 84 123622 0
93 36 123688 1
79 23 124048 1
73 72 124063 0
20 84 124244 0
73 76 124248 0
18 80 124275 0
95 68 124293 1
15 71 124304 0
14 75 124378 0
53 67 124381 0
93 54 124504 1
15 78 124609 0
67 114 124626 0
71 91 124685 0
16 80 124726 0
77 53 124769 0
15 81 124774 0
29 84 124845 0
72 113 124877 0
94 51 124900 1
96 46 124937 1
82 25 124945 1
93 47 125005 1
76 58 125040 0
73 117 125061 0
77 25 125098 1
71 94 125140 0
95 46 125160 1
100 72 125215 1
27 58 125345 1
5 61 125355 1
24 84 125367 0
89 76 125529 1
71 110 125620 0
72 115 125717 0
69 99 125811 0
98 38 125867 1
94 36 125894 1
24 86 125924 0
26 83 126127 0
72 28 126303 1
84 23 126353 1
70 85 126365 0
94 34 126473 1
94 37 126500 1
77 120 126550 0
94 32 126622 1
16 11 126743 1
87 108 127112 1
72 80 127176 0
68 30 127222 1
39 54 127282 1
69 89 127366 0
14 76 127426 0
18 81 127593 0
89 109 127610 1
88 25 127650 1
27 83 127821 0
29 59 127885 1
29 85 127938 0
72 116 127975 0
72 113 128164 0
75 65 128218 0
74 66 128368 0
67 31 128431 1
76 120 128473 0
65 32 128549 1
87 98 128600 1
13 75 128622 0
88 100 128646 1
71 106 128667 0
97 35 128727 1
49 46 128765 1
72 76 128975 0
73 76 128982 0
14 80 128992 0
94 58 129015 1
66 31 129042 1
93 35 129063 1
17 85 129086 0
70 78 129096 0
93 57 129126 1
70 106 129147 0
30 60 129177 1
13 69 129223 0
73 120 129233 0
73 117 129303 0
21 64 129324 1
70 109 129351 0
75 55 129439 0
75 62 129462 0
1 26 129481 0
64 111 129630 0
28 84 129649 0
25 60 129792 1
88 81 129793 1
70 88 130007 0
90 72 130007 1
88 106 130125 1
69 103 130207 0
72 77 130228 0
29 84 130275 0
22 85 130301 0
52 67 130660 0
75 120 130719 0
18 80 130778 0
69 92 130811 0
73 113 130813 0
69 29 130913 1
97 28 131070 1
94 55 131115 1
7 28 131155 1
55 67 131437 0
89 88 131442 1
90 24 131468 1
95 43 131497 1
29 16 131507 1
95 42 131558 1
87 95 131572 1
23 61 131603 1
15 77 131606 0
95 40 131612 1
86 116 131675 1
90 73 131682 1
95 44 131716 1
95 53 131735 1
93 31 131813 1
71 84 131843 0
91 69 131844 1
88 89 131844 1
116 76 131879 1
92 32 131913 1
93 27 131985 1
87 96 132038 1
20 84 132045 0
91 29 132045 1
86 114 132081 1
88 109 132098 1
93 56 132116 1
71 110 132118 0
76 49 132157 0
92 31 132163 1
94 49 132174 1
87 99 132211 1
72 113 132267 0
90 71 132288 1
91 66 132294 1
94 50 132399 1
74 68 132406 0
74 70 132415 0
71 99 132468 0
89 108 132480 1
89 26 132494 1
86 25 132505 1
76 119 132533 0
88 102 132535 1
91 30 132546 1
94 35 132563 1
72 110 132676 0
93 33 132685 1
74 65 132693 0
45 48 132769 1
99 42 132772 1
71 107 132774 0
77 47 132799 0
90 70 132818 1
73 74 132845 0
75 119 132849 0
83 119 132890 0
88 104 132913 1
89 27 132914 1
89 86 132960 1
89 84 132981 1
89 77 133008 1
74 73 133033 0
87 97 133063 1
76 26 133084 1
86 97 133084 1
77 24 133089 1
49 45 133094 1
79 25 133110 1
73 114 133144 0
83 24 133147 1
23 85 133165 0
95 41 133173 1
111 118 133241 1
82 119 133300 0
78 50 133313 0
87 113 133327 1
71 83 133371 0
90 74 133386 1
97 9 133387 1
71 104 133388 0
85 25 133422 1
72 112 133423 0
93 55 133435 1
95 39 133461 1
96 47 133473 1
89 83 133474 1
82 24 133481 1
80 24 133518 1
89 107 133521 1
94 51 133539 1
88 103 133551 1
86 96 133561 1
94 52 133605 1
88 90 133626 1
87 25 133631 1
94 38 133640 1
59 38 133641 1
94 56 133645 1
88 108 133690 1
94 54 133733 1
93 34 133740 1
88 83 133750 1
90 69 133750 1
89 90 133755 0
89 78 133755 1
86 24 133775 1
91 68 133788 1
88 88 133823 1
89 25 133826 1
84 24 133841 1
73 76 133850 0
92 65 133852 1
70 87 133931 0
80 22 133964 1
91 25 133980 1
92 28 133980 1
92 30 133980 1
88 101 133981 1
92 64 133987 1
94 37 133992 1
71 108 134003 0
88 92 134004 1
91 67 134017 1
90 26 134025 1
73 117 134034 0
19 85 134061 0
72 108 134073 0
78 25 134117 1
70 101 134119 0
76 61 134168 0
93 58 134178 1
87 94 134191 1
73 115 134227 0
92 67 134231 1
71 97 134280 0
71 98 134284 0
87 102 134303 1
88 87 134306 1
94 36 134316 1
70 92 134316 0
89 87 134321 1
81 119 134332 0
73 70 134338 0
86 94 134351 1
89 85 134352 1
78 54 134375 0
88 111 134388 1
78 119 134406 0
83 118 134441 0
88 84 134498 1
89 81 134498 1
53 66 134502 0
94 53 134520 1
74 67 134522 0
73 77 134534 0
81 24 134596 1
88 112 134597 1
87 100 134604 1
95 45 134623 1
91 29 134625 1
71 52 134629 0
71 93 134633 0
55 66 134653 0
73 71 134687 0
20 82 134689 0
71 106 134697 0
78 48 134698 0
79 120 134706 0
93 32 134714 1
81 120 134722 0
88 106 134734 1
70 53 134761 0
61 60 134769 0
25 84 134777 0
72 74 134778 0
88 99 134800 1
50 68 134800 0
92 29 134820 1
72 110 134835 0
70 84 134857 0
92 32 134862 1
90 27 134879 1
70 89 134936 0
70 91 134962 0
73 79 134975 0
95 40 134985 1
70 100 134992 0
89 109 135004 1
75 63 135013 0
70 95 135014 0
94 57 135071 1
36 82 135103 0
85 24 135108 1
89 104 135110 1
88 25 135113 1
88 102 135179 1
87 74 135181 1
15 81 135194 0
71 107 135215 0
87 93 135235 1
94 59 135248 1
88 81 135257 1
71 105 135284 0
87 99 135315 1
81 25 135353 1
109 45 135354 1
78 120 135366 0
89 26 135375 1
71 96 135381 0
32 84 135403 0
76 62 135406 0
87 98 135412 1
88 110 135463 1
27 60 135467 1
71 109 135477 0
21 83 135490 0
91 30 135492 1
17 81 135498 0
89 89 135510 1
109 45 135510 0
88 82 135581 1
31 83 135596 0
75 27 135608 1
93 59 135610 1
74 68 135614 0
90 75 135619 1
74 120 135651 0
26 83 135687 0
79 24 135700 1
85 114 135722 1
84 119 135743 0
76 119 135757 0
71 111 135772 0
70 104 135782 0
50 45 135794 1
90 73 135801 1
86 25 135813 1
19 81 135813 0
75 48 135825 0
27 84 135837 0
19 82 135854 0
94 50 135869 1
93 33 135878 1
75 65 135880 0
91 70 135901 1
88 98 135906 1
75 119 135913 0
78 52 135926 0
95 42 135964 1
75 64 136004 0
7 82 136028 0
90 76 136032 1
22 82 136044 0
73 118 136052 0
72 113 136067 0
70 86 136077 0
89 27 136114 1
70 93 136114 0
91 71 136128 1
15 70 136159 0
91 65 136161 1
74 73 136163 0
7 97 136183 0
92 31 136197 1
29 84 136211 0
88 86 136212 1
95 43 136221 1
72 109 136256 0
73 113 136278 0
14 73 136330 0
76 59 136345 0
71 102 136348 0
71 94 136360 0
15 83 136363 0
41 76 136401 0
32 83 136423 0
71 85 136424 0
33 84 136452 0
73 114 136458 0
84 118 136466 0
74 70 136479 0
94 55 136490 1
70 102 136502 0
15 80 136510 0
19 90 136510 0
68 84 136511 0
77 56 136518 0
22 84 136518 0
88 100 136530 1
93 107 136564 1
93 60 136564 1
82 119 136576 0
21 84 136576 0
12 76 136600 0
93 35 136618 1
30 59 136689 1
75 62 136703 0
94 49 136738 1
77 47 136740 0
88 109 136753 1
23 84 136768 0
33 85 136773 0
71 70 136801 0
72 80 136812 0
95 47 136829 1
72 112 136841 0
46 49 136843 1
15 75 136857 0
54 67 136940 0
20 65 136966 1
19 80 136997 0
75 60 137006 0
70 85 137014 0
72 65 137028 0
93 63 137038 1
89 91 137061 1
87 25 137091 1
89 105 137097 1
15 77 137116 0
51 67 137147 0
15 79 137163 0
24 62 137174 1
15 72 137182 0
42 76 137191 0
73 117 137192 0
69 86 137209 0
19 83 137249 0
73 115 137263 0
27 83 137321 0
83 24 137354 1
33 60 137360 1
73 75 137430 0
72 108 137437 0
89 75 137465 1
71 84 137506 0
15 78 137530 0
72 110 137548 0
96 42 137562 1
75 68 137579 0
14 72 137594 0
18 80 137603 0
26 84 137607 0
91 66 137652 1
71 104 137652 0
94 35 137660 1
68 29 137665 1
95 41 137677 1
24 84 137690 0
67 96 137698 0
28 84 137702 0
94 51 137715 1
24 86 137751 0
94 58 137751 1
89 80 137753 1
20 82 137757 0
94 54 137767 1
30 84 137811 0
89 74 137866 1
60 62 137870 0
71 110 137880 0
90 71 137881 1
93 108 137885 1
23 62 137908 1
72 96 137929 0
78 119 137961 0
53 68 137983 0
66 30 138000 1
71 91 138005 0
93 30 138025 1
95 44 138061 1
109 45 138070 1
91 28 138073 1
28 59 138081 1
88 104 138082 1
93 61 138136 1
73 76 138141 0
71 99 138165 0
90 26 138182 1
89 82 138191 1
94 34 138257 1
70 88 138264 0
77 58 138270 0
90 25 138271 1
109 45 138272 0
87 114 138291 1
38 54 138299 1
87 24 138302 1
92 66 138307 1
72 109 138350 0
89 84 138355 1
94 48 138367 1
72 79 138376 0
93 34 138393 1
32 59 138413 1
18 82 138423 0
84 106 138459 0
84 24 138459 1
25 84 138484 0
79 50 138494 0
71 107 138516 0
26 82 138550 0
75 66 138570 0
87 90 138571 1
102 37 138612 1
86 23 138622 1
31 84 138627 0
5 61 138636 1
89 106 138645 1
18 81 138648 0
72 81 138652 0
94 37 138674 1
94 52 138688 1
78 24 138695 1
54 66 138696 0
38 55 138704 1
11 74 138709 0
19 64 138730 1
47 47 138736 1
31 60 138747 1
63 59 138765 0
78 48 138783 0
71 115 138788 0
35 84 138868 0
89 103 138880 1
91 29 138897 1
70 97 138904 0
73 112 138917 0
43 76 138917 0
77 57 138952 0
78 120 138971 0
15 81 138975 0
14 71 139018 0
70 96 139024 0
14 74 139047 0
77 120 139050 0
29 60 139051 1
70 108 139059 0
17 80 139062 0
87 97 139066 1
70 106 139109 0
43 49 139114 1
75 49 139122 0
91 69 139146 1
37 56 139181 1
87 95 139217 1
44 75 139220 0
71 80 139224 0
88 113 139228 1
74 76 139233 0
22 62 139269 1
70 118 139304 0
71 27 139330 1
56 67 139364 0
87 83 139395 1
87 96 139410 1
73 78 139425 0
86 96 139456 1
94 56 139463 1
86 95 139480 1
19 82 139527 0
21 83 139557 0
43 50 139565 1
10 76 139566 0
30 61 139580 1
95 46 139607 1
87 101 139660 1
82 24 139667 1
81 119 139694 0
73 26 139852 1
87 92 139871 1
92 28 139883 1
82 118 139895 0
26 85 139928 0
15 67 139941 0
89 101 139952 1
74 66 139969 0
87 112 140015 1
15 71 140026 0
34 84 140049 0
19 81 140073 0
88 103 140115 1
74 70 140160 0
95 39 140186 1
75 57 140214 0
95 37 140286 1
89 109 140293 1
94 36 140299 1
71 90 140350 0
34 85 140366 0
38 53 140366 1
77 50 140408 0
71 98 140414 0
53 66 140424 0
14 75 140466 0
94 38 140469 1
14 70 140486 0
98 38 140518 1
88 25 140541 1
86 24 140558 1
26 83 140594 0
72 109 140618 0
71 93 140669 0
72 115 140677 0
14 78 140679 0
85 24 140686 1
72 113 140726 0
88 80 140782 1
16 80 140796 0
33 83 140918 0
60 61 140964 0
64 59 140977 0
25 85 140991 0
70 99 140999 0
83 23 141010 1
95 48 141032 1
29 84 141072 0
89 77 141092 1
92 63 141094 1
85 25 141104 1
74 73 141114 0
13 71 141182 0
95 38 141201 1
88 83 141241 1
71 108 141252 0
76 61 141303 0
14 77 141373 0
15 77 141382 0
15 75 141389 0
70 87 141393 0
76 62 141417 0
83 119 141424 0
91 27 141433 1
92 62 141485 1
74 71 141556 0
80 23 141601 1
91 26 141604 1
46 48 141624 1
71 85 141661 0
91 68 141670 1
17 64 141685 1
88 108 141768 1
16 79 141855 0
91 25 141884 1
89 100 141890 1
28 83 141905 0
94 46 141985 1
73 117 141989 0
69 99 142049 0
71 105 142120 0
29 83 142206 0
72 108 142244 0
90 86 142253 1
18 80 142256 0
53 67 142258 0
17 80 142275 0
31 59 142282 1
89 86 142308 1
87 98 142315 1
105 25 142318 1
20 84 142329 0
90 27 142387 1
89 73 142422 1
80 120 142423 0
35 58 142563 1
73 27 142566 1
94 53 142574 1
89 85 142839 0
89 85 142840 1
18 83 142850 0
92 30 142878 1
97 35 142927 1
23 60 142930 1
88 91 143015 1
87 99 143101 1
91 64 143144 1
78 120 143177 0
89 102 143195 1
111 82 143197 1
74 65 143222 0
92 29 143243 1
70 94 143279 0
88 84 143305 1
27 61 143341 1
77 47 143350 0
88 99 143360 1
76 47 143386 0
89 26 143446 1
88 88 143466 1
22 82 143476 0
26 60 143585 1
95 62 143594 1
72 26 143620 1
94 33 143620 1
72 109 143759 0
31 84 143807 0
22 61 143813 1
36 55 143863 1
91 100 143928 1
90 75 143999 1
92 32 144055 1
75 62 144096 0
17 78 144107 0
73 113 144142 0
92 68 144148 1
31 83 144152 0
4 8 144211 1
19 63 144304 1
85 23 144338 1
77 23 144561 1
89 76 144575 1
13 73 144575 0
91 99 144611 1
28 60 144639 1
87 17 144640 1
88 102 144667 1
86 25 144704 1
88 89 144710 1
14 76 144721 0
72 81 144727 0
75 26 144743 1
81 24 144747 1
95 11 144818 1
74 71 144827 0
79 25 144861 1
88 106 144865 1
88 101 144908 1
37 54 144945 1
17 81 144962 0
80 24 144974 1
90 74 145074 1
70 89 145082 0
73 78 145301 0
95 42 145317 1
71 29 145322 1
88 114 145344 1
16 79 145457 0
94 50 145524 1
0 119 145563 1
77 14 145570 1
90 77 145685 1
77 25 145722 1
89 25 145730 1
30 60 145806 1
73 76 145885 0
92 31 145893 1
89 27 145893 1
86 100 145925 1
70 29 145926 1
87 25 146070 1
20 82 146104 0
95 40 146113 1
76 119 146138 0
79 120 146201 0
94 55 146207 1
74 70 146282 0
96 48 146284 1
17 80 146372 0
69 90 146414 0
93 32 146426 1
78 25 146504 1
70 91 146553 0
95 51 146609 1
73 114 146674 0
76 25 146719 1
27 84 146731 0
23 84 146766 0
92 65 146839 1
72 110 146856 0
78 54 146861 0
13 76 146902 0
29 83 146985 0
30 35 146993 1
21 82 147010 0
71 83 147091 0
93 31 147277 1
52 67 147309 0
28 83 147317 0
78 119 147337 0
74 72 147371 0
91 67 147393 1
89 87 147393 1
89 109 147393 1
89 87 147396 1
91 28 147521 1
88 97 147593 1
95 43 147690 1
69 30 147734 1
73 73 147816 0
73 115 147883 0
17 82 147967 0
32 84 147981 0
83 24 148042 1
71 97 148046 0
94 49 148070 1
91 30 148110 1
46 47 148119 1
15 81 148144 0
21 63 148145 1
75 120 148275 0
80 119 148323 0
86 97 148336 1
78 51 148358 0
51 45 148360 1
77 119 148376 0
73 118 148445 0
78 120 148451 0
65 30 148494 1
14 73 148530 0
90 26 148533 1
73 112 148610 0
89 108 148656 1
70 92 148720 0
49 70 148808 0
74 71 148823 0
27 83 148866 0
72 116 148873 0
75 119 148898 0
88 111 148909 1
71 82 148958 0
89 88 148967 1
94 60 149022 1
28 84 149067 0
73 77 149202 0
74 26 149216 1
52 68 149225 0
71 94 149275 0
78 50 149340 0
15 69 149343 0
16 50 149374 1
16 79 149374 0
35 82 149383 0
88 81 149539 1
18 81 149544 0
95 45 149590 1
15 73 149598 0
13 72 149663 0
70 94 149691 0
19 80 149769 0
84 24 149821 1
31 84 149844 0
94 51 149933 1
14 72 150010 0
89 104 150020 1
27 59 150027 1
89 83 150082 1
21 81 150156 0
91 79 150167 1
72 109 150228 0
15 78 150232 0
89 16 150244 1
39 53 150332 1
70 103 150339 0
93 33 150345 1
96 43 150397 1
11 39 150403 1
53 68 150461 0
67 30 150560 1
88 100 150657 1
93 57 150752 1
95 41 150775 1
15 68 150837 0
76 54 150855 0
71 106 150890 0
75 65 150988 0
30 82 151007 0
71 96 151155 0
74 72 151254 0
13 78 151338 0
30 84 151377 0
71 84 151387 0
66 31 151432 1
92 36 151465 1
86 24 151569 1
75 121 151625 0
85 40 151634 1
15 77 151674 0
95 44 151684 1
72 96 151706 0
56 40 151745 1
40 52 151777 1
29 59 151835 1
77 119 151841 0
96 34 151943 1
17 80 152084 0
26 61 152247 1
13 74 152257 0
80 119 152285 0
80 25 152312 1
76 26 152318 1
95 47 152346 1
87 94 152360 1
29 83 152367 0
25 61 152459 1
72 112 152476 0
70 98 152500 0
88 112 152500 1
98 98 152530 1
74 69 152538 0
88 109 152582 1
71 107 152603 0
94 57 152655 1
21 82 152657 0
93 34 152690 1
30 59 152743 1
29 84 152768 0
94 54 152885 1
94 35 152891 1
89 107 152968 1
95 39 153003 1
93 58 153111 1
76 120 153172 0
90 117 153223 1
18 64 153239 1
24 86 153240 0
97 44 153269 1
71 100 153391 0
88 90 153477 1
94 37 153525 1
72 108 153539 0
94 59 153567 1
94 61 153665 1
85 24 153695 1
93 62 153709 1
71 91 153746 0
87 97 153811 1
88 110 153849 1
94 36 153899 1
70 104 153907 0
32 82 153988 0
32 83 154023 0
23 85 154150 0
16 79 154227 0
74 68 154272 0
24 84 154295 0
26 84 154358 0
24 61 154449 1
17 78 154455 0
30 108 154626 1
78 51 154649 0
26 62 154813 1
79 50 154876 0
72 113 154963 0
15 73 155197 0
70 117 155313 0
18 80 155328 0
15 81 155332 0
72 27 155396 1
6 83 155744 0
15 72 155827 0
25 60 155939 1
70 90 156025 0
17 82 156040 0
63 106 156175 0
94 34 156294 1
78 120 156401 0
70 94 156455 0
73 113 156486 0
74 72 156585 0
71 81 157068 0
74 69 157447 0
70 103 157607 0
94 52 157647 1
70 101 157653 0
77 119 157824 0
91 24 157942 1
70 85 158109 0
48 46 158262 1
89 79 158297 1
93 59 158309 1
92 64 158364 1
95 40 158372 1
39 54 158411 1
35 83 158423 0
71 104 158432 0
90 73 158432 1
95 42 158467 1
95 46 158587 1
95 28 158601 1
77 24 158705 1
88 98 158707 1
95 11 158715 0
76 63 158740 0
88 25 158798 1
73 110 158799 0
95 52 158825 1
76 62 158833 0
95 38 158858 1
87 96 158858 1
98 38 158862 1
83 118 158863 0
89 78 158882 1
96 40 158884 1
96 24 158901 1
95 54 158910 1
13 60 158918 1
91 29 158934 1
87 24 158950 1
82 24 159022 1
91 28 159032 1
74 71 159039 0
74 76 159064 0
29 3 159066 1
78 48 159071 0
41 53 159081 1
71 90 159090 0
79 24 159095 1
78 119 159097 0
122 11 159146 1
87 95 159185 1
80 119 159241 0
78 52 159262 0
91 70 159301 1
89 101 159352 1
73 117 159384 0
93 33 159410 1
89 105 159447 1
73 78 159448 0
73 114 159457 0
72 81 159461 0
92 67 159471 1
88 99 159499 1
94 56 159522 1
69 101 159532 0
89 26 159532 1
86 115 159551 1
90 72 159553 1
73 79 159570 0
82 119 159623 0
72 111 159626 0
89 103 159691 1
91 27 159720 1
93 60 159785 1
71 102 159796 0
75 68 159800 0
75 62 159802 0
74 73 159810 0
92 66 159815 1
75 66 159832 0
89 81 159839 1
92 29 159884 1
73 112 159895 0
95 43 159901 1
89 106 159919 1
71 100 159922 0
89 82 159939 1
91 69 159975 1
89 99 159976 1
75 25 159989 1
89 109 159992 1
95 39 160042 1
72 110 160057 0
69 100 160066 0
71 101 160088 0
75 63 160123 0
81 119 160126 0
87 113 160171 1
70 107 160196 0
95 49 160226 1
93 32 160249 1
94 58 160263 1
71 105 160325 0
90 26 160387 1
87 93 160395 1
73 115 160411 0
90 76 160428 1
89 104 160458 1
91 71 160467 1
87 98 160473 1
74 70 160486 0
65 31 160493 1
75 64 160495 0
70 102 160506 0
96 41 160511 1
33 84 160532 0
72 109 160538 0
76 61 160547 0
95 40 160549 1
31 84 160575 0
89 111 160578 1
71 85 160607 0
82 23 160612 1
89 75 160642 1
89 84 160664 1
73 113 160689 0
92 28 160714 1
71 95 160729 0
90 27 160754 1
89 89 160756 1
22 63 160778 1
95 36 160828 1
72 108 160831 0
71 52 160854 0
71 116 160858 0
93 31 160859 1
81 23 160886 1
47 48 160887 1
94 50 160898 1
72 118 160899 0
77 58 160935 0
89 110 160938 1
89 25 160961 1
55 66 160993 0
95 41 160997 1
96 45 161016 1
89 77 161019 1
28 83 161023 0
88 102 161024 1
93 83 161042 1
92 27 161043 1
77 61 161044 0
84 23 161058 1
94 35 161066 1
78 24 161070 1
71 98 161086 0
88 100 161096 1
88 81 161102 1
90 71 161106 1
70 93 161131 0
89 86 161146 1
76 119 161175 0
95 44 161199 1
91 28 161207 1
71 93 161210 0
74 72 161231 0
88 97 161252 1
89 85 161277 1
83 24 161289 1
70 90 161292 0
94 33 161317 1
94 36 161318 1
50 69 161319 0
73 110 161332 0
78 119 161360 0
91 67 161412 1
70 86 161458 0
92 24 161465 1
95 37 161534 1
71 99 161541 0
92 30 161555 1
24 60 161588 1
42 77 161589 0
87 25 161602 1
73 114 161604 0
57 39 161630 1
77 119 161633 0
95 53 161662 1
94 34 161673 1
95 45 161677 1
91 68 161687 1
14 84 161688 0
73 50 161783 0
73 116 161790 0
89 100 161808 1
93 61 161811 1
49 46 161813 1
27 82 161815 0
73 74 161824 0
71 96 161844 0
71 104 161869 0
33 58 161874 1
91 86 161877 1
79 50 161883 0
89 90 161889 1
90 84 161891 1
91 72 161903 1
93 33 161922 1
121 51 161925 1
103 118 161963 0
103 34 161963 1
69 53 161978 0
94 57 161987 1
56 65 161991 0
85 24 161993 1
78 54 161997 0
81 24 162004 1
94 54 162012 1
21 83 162024 0
90 23 162037 1
71 97 162044 0
90 106 162066 1
94 32 162075 1
74 74 162082 0
89 102 162089 1
19 81 162096 0
87 96 162112 1
79 23 162122 1
87 24 162150 1
16 78 162159 0
90 25 162162 1
26 83 162214 0
78 51 162220 0
88 25 162230 1
70 88 162257 0
92 64 162270 1
91 26 162276 1
89 83 162295 1
72 96 162303 0
52 44 162315 1
74 65 162328 0
26 82 162354 0
95 57 162355 1
71 94 162370 0
84 24 162405 1
28 59 162405 1
94 55 162408 1
72 107 162428 0
96 42 162444 1
54 66 162449 0
97 38 162510 1
95 48 162510 1
19 80 162526 0
71 91 162555 0
87 95 162556 1
89 88 162556 1
75 70 162563 0
74 69 162573 0
76 24 162575 1
89 24 162591 1
94 51 162613 1
15 75 162617 0
95 38 162638 1
96 50 162642 1
87 94 162649 1
86 21 162663 1
88 24 162673 1
15 70 162710 0
75 119 162723 0
56 66 162754 0
29 83 162782 0
83 23 162805 1
27 60 162821 1
22 82 162887 0
89 80 162909 1
89 109 162909 1
40 53 162914 1
32 59 162916 1
79 53 162919 0
20 81 162966 0
74 76 162966 0
89 87 162966 1
95 39 162966 1
71 90 163034 0
15 71 163058 0
90 73 163064 1
74 121 163083 0
53 66 163087 0
86 24 163104 1
88 96 163106 1
73 113 163108 0
20 82 163113 0
80 119 163121 0
29 60 163122 1
68 122 163131 0
72 108 163138 0
92 65 163165 1
51 68 163172 0
31 83 163177 0
70 91 163180 0
16 79 163181 0
25 84 163191 0
71 106 163192 0
73 115 163205 0
21 81 163239 0
95 42 163240 1
89 104 163251 1
19 82 163311 0
20 81 163314 1
14 74 163316 0
33 83 163324 0
54 67 163330 0
41 76 163340 0
70 103 163352 0
17 82 163384 0
69 96 163390 0
17 80 163399 0
49 47 163416 1
74 73 163430 0
89 26 163435 1
13 80 163443 0
89 101 163457 1
19 83 163483 0
84 118 163528 0
17 79 163566 0
59 62 163569 0
58 39 163582 1
90 87 163584 1
93 30 163596 1
75 61 163614 0
89 108 163678 1
95 47 163687 1
102 21 163698 1
90 26 163708 1
74 71 163718 0
91 75 163722 1
77 47 163753 0
78 121 163764 0
90 74 163766 1
87 92 163800 1
72 111 163805 0
72 51 163808 0
94 59 163855 1
21 82 163857 0
85 23 163894 1
45 74 163898 0
75 65 163931 0
70 53 163944 0
15 73 163948 0
91 27 163977 1
51 67 163995 0
89 106 164008 1
78 119 164045 0
48 47 164060 1
92 66 164072 1
73 110 164074 0
94 53 164075 1
27 83 164100 0
33 59 164122 1
89 105 164138 1
76 63 164141 0
12 78 164166 0
72 28 164174 1
11 78 164184 0
71 84 164185 0
22 84 164218 0
72 109 164222 0
66 108 164228 0
88 86 164230 1
79 25 164251 1
90 75 164253 1
89 82 164281 1
71 108 164282 0
92 68 164293 1
74 67 164311 0
83 118 164328 0
89 84 164328 1
89 81 164339 1
72 107 164344 0
70 27 164356 1
72 92 164385 0
89 107 164398 1
22 81 164416 0
88 111 164431 1
80 23 164444 1
30 82 164452 0
51 44 164476 1
90 79 164487 1
95 40 164504 1
86 23 164525 1
20 63 164539 1
95 35 164562 1
71 102 164576 0
80 24 164603 1
71 101 164621 0
93 32 164621 1
88 109 164635 1
47 46 164664 1
15 75 164679 0
17 78 164679 0
70 89 164682 0
95 51 164683 1
82 119 164685 0
94 31 164714 1
23 83 164721 0
92 0 164724 1
18 80 164733 0
69 29 164749 1
79 54 164808 0
71 95 164822 0
92 29 164825 1
93 63 164854 1
14 71 164862 0
71 107 164901 0
19 81 164907 0
95 50 164919 1
95 46 164922 1
16 75 164937 0
81 119 164951 0
74 74 164954 0
30 59 164962 1
87 23 165056 1
95 34 165077 1
71 100 165094 0
15 72 165112 0
93 34 165116 1
89 23 165135 1
73 78 165148 0
83 22 165157 1
88 58 165161 1
88 88 165161 1
91 29 165292 1
89 25 165302 1
50 45 165343 1
16 71 165361 0
64 60 165361 0
88 99 165379 1
70 28 165395 1
91 28 165415 1
21 62 165416 1
87 99 165437 1
19 80 165467 0
63 60 165482 0
74 78 165490 0
92 28 165601 1
31 59 165608 1
23 62 165629 1
88 92 165648 1
82 23 165679 1
32 58 165691 1
16 78 165697 0
94 56 165754 1
68 30 165781 1
98 38 165797 1
90 92 165803 1
78 57 165827 0
18 81 165829 0
72 110 165896 0
90 86 165941 1
64 31 165955 1
70 90 165988 0
77 57 166027 0
71 105 166048 0
49 45 166053 1
76 124 166086 0
93 66 166112 1
18 82 166154 0
28 83 166161 0
73 116 166189 0
88 112 166199 1
93 31 166209 1
73 109 166242 0
89 103 166249 1
96 43 166264 1
93 67 166281 1
32 83 166302 0
109 45 166309 1
61 61 166311 0
79 119 166316 0
24 62 166316 1
96 30 166331 1
89 78 166332 1
72 107 166377 0
67 29 166420 1
91 73 166424 1
94 35 166439 1
15 81 166443 0
73 76 166446 0
77 119 166451 0
84 117 166453 0
64 32 166541 1
72 106 166556 0
52 66 166564 0
67 31 166573 1
71 28 166606 1
88 104 166626 1
74 64 166650 0
73 117 166662 0
17 76 166665 0
32 84 166683 0
78 25 166713 1
87 24 166720 1
74 72 166733 0
17 79 166738 0
27 84 166802 0
75 66 166810 0
20 82 166831 0
92 67 166857 1
14 73 166900 0
75 26 166919 1
69 78 166925 0
75 68 166943 0
94 58 166953 1
88 91 166957 1
44 74 166959 0
70 94 166964 0
71 98 166986 0
109 45 167003 0
53 68 167011 0
89 109 167059 1
91 70 167110 1
65 103 167175 0
68 107 167176 0
70 84 167182 0
95 43 167189 1
14 69 167197 0
67 92 167210 0
79 124 167210 0
21 66 167210 1
21 65 167210 1
43 75 167212 0
29 83 167220 0
36 82 167227 0
70 104 167242 0
72 69 167270 0
70 95 167327 0
22 82 167351 0
79 50 167356 0
28 84 167393 0
29 89 167397 0
21 85 167400 0
78 48 167409 0
77 77 167409 0
77 62 167410 0
71 112 167434 0
73 65 167576 0
69 91 167593 0
80 99 167594 1
113 74 167620 0
74 61 167625 0
32 82 167637 0
83 24 167648 1
72 108 167726 0
82 24 167731 1
91 69 167787 1
14 72 167807 0
71 104 167808 0
108 16 167848 1
26 82 167848 0
72 111 167870 0
18 63 167874 1
26 83 167900 0
16 75 167902 0
29 59 167965 1
15 71 167965 0
89 85 167980 1
87 96 168023 1
77 60 168058 0
73 79 168062 0
90 102 168099 1
90 85 168121 1
91 76 168193 1
90 88 168214 1
69 95 168218 0
88 90 168236 1
66 30 168330 1
29 84 168400 0
71 83 168422 0
74 74 168443 0
21 81 168458 0
73 114 168476 0
71 93 168494 0
85 24 168498 1
37 82 168507 0
31 84 168510 0
65 57 168512 0
73 112 168512 0
77 49 168515 0
5 91 168537 0
14 75 168544 0
74 68 168563 0
72 70 168572 0
13 70 168574 0
65 112 168579 0
75 123 168619 0
14 70 168621 0
17 81 168622 0
71 95 168654 0
31 83 168657 0
72 114 168668 0
84 23 168671 1
22 62 168737 1
93 60 168754 1
23 83 168829 0
79 120 168869 0
73 72 168875 0
74 70 168912 0
20 84 168927 0
16 78 168982 0
27 82 169038 0
68 97 169118 0
70 122 169180 0
79 119 169238 0
72 107 169253 0
81 120 169272 0
88 100 169288 1
75 118 169339 0
93 29 169410 1
75 70 169411 0
74 119 169414 0
51 69 169458 0
94 34 169472 1
93 64 169657 1
96 41 169707 1
37 7 169773 1
15 76 169788 0
95 38 169818 1
70 103 169928 0
91 26 169936 1
73 80 169975 0
17 79 169979 0
78 49 169997 0
89 79 169997 1
23 61 170000 1
95 37 170037 1
35 82 170044 0
74 69 170094 0
72 106 170104 0
88 98 170129 1
89 86 170212 1
24 83 170332 0
69 83 170336 0
73 116 170396 0
27 83 170403 0
53 22 170404 0
70 87 170511 0
82 118 170542 0
70 100 170568 0
22 93 170573 0
77 25 170589 1
10 80 170608 0
13 79 170622 0
69 102 170634 0
28 85 170637 0
13 81 170645 0
88 25 170654 1
68 88 170669 0
77 120 170675 0
11 80 170690 0
95 55 170761 1
90 26 170817 1
88 97 170827 1
97 30 170845 1
22 81 170845 0
90 104 170925 1
92 69 171116 1
95 41 171156 1
88 94 171157 1
19 64 171207 1
72 118 171216 0
17 82 171233 0
87 95 171289 1
74 75 171306 0
95 52 171361 1
95 58 171364 1
29 58 171406 1
39 78 171432 1
55 66 171446 0
30 84 171509 0
15 73 171524 0
88 113 171524 1
72 67 171543 0
76 26 171546 1
80 119 171551 0
90 25 171554 1
44 36 171574 1
44 49 171574 1
89 102 171584 1
17 78 171621 0
87 93 171721 1
81 22 171751 1
95 44 171824 1
31 58 171892 1
16 75 171949 0
94 33 172023 1
27 59 172051 1
81 25 172121 1
96 35 172133 1
79 119 172150 0
79 24 172194 1
95 36 172204 1
72 52 172246 0
95 39 172289 1
75 118 172311 0
70 116 172414 0
68 29 172426 1
28 60 172460 1
76 62 172489 0
96 40 172509 1
70 90 172586 0
65 59 172608 0
75 71 172650 0
32 86 172656 0
21 82 172670 0
18 80 172679 0
72 81 172681 0
16 80 172689 0
95 56 172750 1
72 111 172848 0
81 23 172880 1
25 59 172888 1
53 67 172907 0
30 83 172909 0
16 78 172915 0
108 16 172978 1
71 101 173125 0
15 86 173148 0
71 110 173189 0
71 85 173197 0
77 60 173249 0
73 77 173423 0
72 96 173445 0
72 87 173486 0
72 64 173540 0
76 119 173545 0
94 49 173566 1
73 110 173620 0
15 81 173625 0
21 83 173695 0
71 91 173708 0
15 76 173724 0
38 54 173798 1
77 61 173811 0
71 95 173854 0
72 80 173857 0
4 88 173877 0
61 60 173888 0
10 79 173889 0
16 79 173902 0
116 76 173934 0
71 90 173955 0
16 87 174032 0
36 83 174046 0
92 27 174145 1
74 76 174157 0
73 113 174216 0
16 77 174244 0
65 58 174250 0
71 82 174320 0
79 53 174351 0
69 105 174364 0
27 86 174410 0
11 90 174458 0
57 101 174475 0
72 95 174482 0
74 74 174586 0
30 60 174640 1
24 83 174643 0
80 123 174660 0
71 94 174695 0
73 109 174724 0
69 89 174811 0
1 78 174841 0
74 75 174844 0
30 82 174874 0
74 66 174879 0
65 120 174892 0
79 119 174893 0
32 59 174914 1
58 63 174978 0
21 84 174997 0
71 106 175015 0
23 83 175040 0
74 71 175046 0
35 83 175049 0
73 75 175053 0
43 75 175173 0
5 88 175193 0
28 83 175206 0
76 63 175250 0
84 24 175287 1
36 81 175383 0
75 118 175435 0
104 0 175436 0
76 59 175472 0
17 79 175520 0
95 45 175544 1
73 116 175562 0
72 92 175565 0
54 66 175610 0
17 80 175625 0
73 112 175648 0
71 99 175729 0
68 95 175782 0
2 71 175783 0
78 119 175784 0
4 90 175791 0
73 108 175818 0
73 115 175822 0
15 70 175828 0
7 88 175833 0
74 73 175907 0
72 107 176023 0
52 67 176142 0
77 58 176148 0
78 49 176158 0
15 75 176191 0
74 119 176193 0
53 66 176228 0
56 65 176264 0
30 83 176326 0
73 118 176334 0
64 108 176337 0
72 106 176377 0
14 68 176432 0
64 58 176507 0
16 78 176577 0
71 100 176581 0
71 88 176599 0
91 27 176687 1
5 71 176689 0
63 59 176733 0
77 55 176779 0
73 80 176849 0
13 83 176877 0
70 92 176891 0
14 76 176908 0
24 82 176918 0
71 121 176950 0
90 77 176958 1
77 48 176996 0
72 114 177091 0
89 101 177121 1
76 54 177139 0
92 29 177163 1
89 110 177281 1
88 24 177330 1
18 86 177375 0
22 83 177460 0
70 106 177481 0
77 56 177495 0
5 61 177500 0
95 30 177576 1
89 83 177598 1
16 77 177633 0
15 76 177640 0
65 90 177644 0
81 24 177681 1
33 83 177848 0
70 105 177970 0
17 77 177987 0
89 108 178025 1
87 114 178059 1
72 95 178096 0
89 98 178169 1
89 100 178202 1
52 69 178301 0
95 49 178411 1
30 58 178502 1
98 40 178538 1
96 39 178680 1
26 60 178731 1
74 75 178735 0
71 86 178797 0
16 71 178900 0
91 28 178953 1
89 89 178999 1
78 51 179067 0
95 48 179084 1
79 119 179095 0
89 111 179118 1
95 54 179188 1
89 99 179258 1
97 74 179357 1
94 60 179501 1
24 83 179572 0
40 78 179590 1
87 25 179634 1
93 33 179755 1
83 23 180024 1
78 24 180042 1
92 119 180183 1
28 59 180247 1
66 31 180254 1
101 28 180280 1
96 42 180287 1
68 55 180343 1
41 52 180354 1
97 104 180363 1
69 28 180428 1
38 53 180464 1
30 83 180492 0
74 25 180512 1
87 115 180537 1
89 25 180552 1
95 11 180561 1
75 67 180622 0
107 68 180659 1
72 111 180676 0
15 81 180696 0
88 81 180752 1
90 70 180767 1
76 25 180850 1
77 119 180869 0
89 105 180916 1
77 24 180951 1
93 32 181079 1
94 32 181082 1
19 81 181095 0
95 47 181096 1
70 103 181147 0
90 76 181200 1
16 75 181209 0
73 26 181353 1
17 77 181556 0
73 25 181645 1
73 27 181677 1
94 50 181687 1
68 86 181724 0
55 40 181768 1
16 77 181775 0
76 61 181848 0
94 57 181968 1
69 97 182095 0
89 103 182112 1
28 81 182324 0
74 119 182362 0
71 88 182365 0
16 78 182395 0
24 82 182493 0
78 49 182503 0
17 82 182570 0
69 81 182610 0
89 109 182633 1
92 28 182655 1
89 107 182706 1
85 23 182728 1
78 57 182787 0
98 31 182795 1
96 36 182859 1
97 53 182909 1
93 26 182918 1
71 103 182963 0
22 83 182984 0
39 52 183183 1
95 53 183298 1
15 76 183344 0
93 62 183558 1
90 109 183642 1
29 83 183670 0
89 112 183686 1
91 68 183730 1
71 87 183771 0
96 51 183916 1
77 124 183919 0
92 65 184085 1
71 86 184134 0
69 87 184173 0
21 64 184184 1
75 118 184267 0
32 53 184382 1
70 105 184453 0
14 74 184510 0
93 30 184581 1
89 104 184648 1
87 94 184714 1
76 65 184786 0
15 81 184793 0
89 77 184823 1
95 38 184918 1
87 24 185021 1
95 46 185034 1
95 50 185037 1
67 88 185068 0
13 78 185079 0
88 99 185131 1
95 40 185298 1
89 82 185300 1
88 96 185375 1
93 31 185389 1
86 23 185390 1
89 106 185433 1
96 38 185438 1
28 85 185441 0
13 84 185446 0
25 83 185475 0
68 90 185509 0
90 82 185518 1
97 35 185534 1
70 96 185548 0
81 119 185604 0
75 62 185615 0
73 116 185618 0
95 51 185636 1
75 67 185684 0
93 61 185687 1
89 87 185706 1
89 84 185724 1
90 78 185764 1
95 37 185854 1
89 24 185857 1
76 66 185860 0
91 71 185891 1
96 40 185930 1
96 41 185977 1
95 36 185977 1
88 23 186002 1
72 118 186005 0
94 34 186048 1
92 66 186064 1
73 110 186065 0
75 64 186077 0
83 118 186082 0
90 105 186098 1
75 70 186098 0
95 52 186120 1
78 23 186128 1
79 50 186132 0
75 66 186139 0
95 35 186152 1
73 109 186196 0
89 81 186204 1
89 80 186247 1
69 69 186254 0
79 119 186314 0
88 97 186329 1
71 95 186344 0
90 73 186353 1
89 104 186356 1
87 95 186362 1
90 42 186421 1
90 24 186421 1
87 96 186429 1
90 83 186444 1
79 54 186447 0
92 64 186457 1
91 26 186458 1
73 88 186474 1
73 51 186474 0
71 104 186499 0
90 103 186500 1
80 23 186501 1
90 84 186562 1
88 20 186562 1
96 43 186566 1
94 31 186594 1
75 68 186605 0
75 71 186636 0
71 105 186653 0
91 72 186664 1
73 114 186683 0
89 101 186684 1
71 102 186690 0
71 84 186692 0
68 94 186732 0
73 112 186741 0
74 75 186761 0
77 48 186785 0
82 23 186796 1
77 60 186807 0
91 70 186829 1
64 76 186901 0
92 27 186907 1
96 46 186910 1
94 59 186911 1
98 38 186924 1
91 69 186946 1
83 21 186953 1
90 26 186999 1
82 118 187005 0
28 58 187016 1
72 107 187021 0
95 33 187042 1
91 74 187067 1
84 23 187074 1
95 49 187121 1
91 25 187122 1
72 95 187133 0
90 74 187144 1
89 97 187182 1
121 98 187235 1
87 94 187241 1
94 33 187246 1
39 53 187260 1
94 35 187289 1
67 30 187308 1
89 100 187328 1
94 58 187358 1
74 72 187388 0
73 108 187394 0
104 0 187409 1
90 101 187416 1
70 90 187431 0
71 90 187450 0
89 85 187455 1
95 57 187469 1
96 37 187470 1
75 69 187490 0
89 102 187496 1
71 103 187500 0
90 75 187530 1
77 62 187535 0
73 78 187539 0
72 96 187572 0
95 34 187634 1
90 89 187679 1
87 23 187712 1
88 93 187726 1
33 82 187732 0
93 27 187751 1
75 116 187765 0
88 95 187813 1
80 119 187823 0
83 24 187834 1
74 77 187846 0
75 65 187850 0
32 83 187866 0
92 28 187872 1
91 27 187896 1
71 91 187902 0
73 110 187910 0
78 119 187913 0
87 22 187923 1
72 109 187953 0
90 25 187962 1
92 68 187968 1
22 83 187974 0
72 92 187981 0
89 105 188061 1
79 53 188061 0
89 106 188084 1
74 83 188097 0
74 78 188097 0
76 58 188153 0
71 97 188182 0
72 106 188220 0
73 113 188222 0
72 108 188228 0
71 87 188233 0
71 71 188234 0
30 83 188244 0
90 86 188255 1
25 87 188266 0
74 119 188269 0
57 64 188270 0
95 53 188292 1
70 102 188296 0
43 75 188302 0
82 120 188302 0
19 80 188333 0
32 82 188334 0
92 26 188340 1
89 83 188384 1
74 69 188387 0
84 45 188399 1
84 118 188399 0
95 36 188437 1
93 29 188445 1
44 74 188479 0
30 59 188484 1
72 87 188498 0
89 25 188502 1
88 111 188503 1
15 72 188509 0
73 109 188544 0
86 23 188546 1
17 76 188570 0
93 63 188571 1
16 77 188574 0
85 23 188577 1
72 84 188597 0
31 61 188605 0
31 59 188605 1
26 82 188614 0
95 50 188615 1
89 109 188618 1
95 55 188639 1
17 77 188640 0
71 52 188649 0
93 31 188650 1
22 82 188665 0
25 61 188688 1
92 67 188697 1
20 82 188710 0
67 90 188746 0
71 88 188760 0
92 70 188761 1
89 108 188764 1
71 93 188778 0
93 30 188785 1
94 32 188785 1
26 83 188786 0
21 81 188795 0
89 111 188796 1
95 51 188826 1
71 81 188842 0
94 30 188857 1
89 99 188860 1
90 100 188860 1
89 78 188870 1
75 70 188887 0
9 123 188906 0
87 93 188935 1
83 119 188948 0
22 81 188953 0
93 65 188968 1
94 61 188970 1
89 84 189001 1
15 81 189017 0
90 107 189039 1
78 56 189065 0
96 41 189087 1
94 54 189093 1
84 117 189099 0
93 46 189099 1
56 39 189108 1
83 23 189122 1
72 27 189125 1
89 98 189137 1
89 22 189138 1
89 24 189138 1
18 77 189206 0
71 86 189240 0
72 114 189248 0
69 104 189269 0
96 42 189281 1
81 23 189281 1
17 79 189325 0
97 43 189355 1
87 92 189357 1
75 67 189382 0
93 24 189390 1
24 83 189397 0
15 69 189409 0
89 110 189422 1
19 63 189425 1
96 40 189426 1
40 52 189426 1
79 47 189427 1
79 23 189427 1
75 73 189436 0
71 85 189446 0
89 107 189466 1
79 55 189467 0
88 112 189490 1
87 24 189491 1
41 51 189496 1
71 98 189497 0
96 45 189507 1
89 104 189510 1
88 92 189511 1
87 95 189511 1
89 82 189533 1
80 50 189534 0
95 32 189547 1
91 26 189560 1
76 65 189582 0
31 83 189609 0
95 35 189619 1
88 97 189626 1
95 54 189657 1
92 25 189657 1
27 82 189664 0
97 36 189681 1
90 81 189736 1
17 78 189753 0
30 82 189781 0
20 81 189798 0
74 74 189811 0
95 37 189818 1
89 77 189828 1
94 57 189837 1
93 56 189839 1
90 85 189906 1
89 81 189939 1
18 80 189953 0
94 63 189954 1
75 118 189976 0
89 101 189978 1
14 71 189981 0
88 23 189984 1
45 49 190004 1
46 73 190024 0
26 59 190025 1
93 28 190026 1
72 51 190028 0
15 73 190044 0
16 67 190057 0
29 59 190076 1
21 80 190094 0
88 96 190125 1
96 39 190126 1
74 76 190131 0
64 59 190135 0
71 94 190157 0
15 71 190166 0
91 73 190172 1
76 123 190173 0
33 58 190184 1
68 87 190185 0
95 39 190226 1
71 104 190233 0
92 27 190279 1
24 61 190315 1
25 83 190332 0
75 25 190342 1
90 99 190348 1
71 27 190382 1
92 80 190390 1
89 86 190410 1
93 84 190423 1
95 56 190426 1
95 48 190465 1
92 66 190478 1
82 118 190574 0
32 58 190577 1
66 29 190603 1
84 23 190634 1
95 91 190641 1
95 52 190641 1
73 108 190670 0
89 79 190671 1
47 47 190699 1
83 118 190718 0
89 89 190739 1
15 75 190758 0
19 80 190788 0
75 69 190808 0
77 57 190840 0
82 23 190868 1
75 71 190873 0
15 76 190892 0
15 78 190898 0
75 68 190910 0
90 24 190911 1
14 72 190914 0
31 58 190923 1
32 81 190939 0
61 59 190941 0
44 75 190952 0
78 54 190992 0
87 94 191043 1
90 104 191046 1
35 82 191056 0
15 68 191138 0
71 103 191143 0
72 107 191147 0
26 87 191151 0
17 83 191171 0
24 82 191174 0
90 106 191177 1
67 109 191195 0
95 38 191231 1
75 63 191276 0
27 60 191291 1
17 93 191296 0
16 75 191300 0
90 80 191316 1
95 46 191321 1
19 82 191357 0
63 114 191392 0
90 102 191447 1
17 68 191458 0
75 52 191469 0
91 71 191478 1
21 82 191485 0
77 61 191503 0
80 23 191516 1
96 38 191532 1
52 43 191564 1
23 82 191571 0
16 78 191574 0
74 77 191584 0
29 81 191585 0
75 66 191599 0
17 77 191618 0
78 80 191629 0
78 57 191629 0
26 82 191663 0
71 101 191677 0
73 115 191708 0
62 60 191709 0
79 54 191772 0
90 103 191804 1
85 24 191804 1
25 60 191820 1
72 81 191857 0
90 83 191869 1
68 108 191919 0
70 105 191928 0
97 26 191950 1
91 72 191964 1
90 88 191969 1
73 109 191979 0
94 29 191979 1
94 31 192010 1
90 98 192047 1
17 76 192086 0
68 93 192099 0
51 67 192101 0
54 66 192106 0
27 83 192119 0
92 23 192120 1
89 90 192144 1
96 43 192200 1
92 69 192203 1
89 87 192203 1
41 53 192210 1
52 66 192217 0
76 62 192288 0
69 99 192298 0
90 87 192309 1
93 32 192310 1
90 76 192324 1
89 80 192393 1
30 58 192402 1
71 87 192408 0
75 24 192431 1
73 79 192435 0
94 26 192464 1
89 100 192468 1
21 81 192475 0
36 82 192496 0
29 83 192507 0
93 60 192508 1
74 116 192547 0
88 22 192600 1
78 120 192617 0
77 63 192620 0
88 94 192689 1
79 50 192724 0
85 21 192770 1
75 116 192787 0
18 77 192822 0
87 23 192843 1
28 83 192865 0
73 82 192866 0
90 105 192905 1
85 23 192967 1
22 81 192995 0
93 64 193019 1
33 82 193024 0
62 59 193030 0
71 100 193080 0
73 110 193081 0
72 84 193097 0
69 92 193106 0
95 53 193128 1
32 82 193158 0
71 106 193197 0
22 82 193206 0
22 83 193266 0
96 55 193316 1
96 47 193321 1
96 53 193341 1
91 70 193391 1
71 89 193430 0
16 77 193431 0
48 46 193446 1
20 87 193457 0
89 24 193474 1
89 88 193475 1
94 32 193516 1
92 28 193522 1
81 24 193577 1
92 71 193593 1
79 24 193612 1
87 113 193633 1
76 63 193650 0
72 106 193680 0
30 82 193689 0
20 81 193729 0
16 71 193760 0
93 97 193795 1
56 65 193910 0
95 45 193922 1
49 45 193963 1
92 65 193967 1
79 48 193987 0
76 66 193992 0
87 21 194038 1
90 84 194054 1
94 59 194065 1
20 63 194086 1
72 95 194118 0
76 47 194140 0
27 58 194151 1
71 90 194211 0
15 70 194252 0
57 38 194322 1
94 27 194353 1
82 18 194363 1
78 56 194371 0
28 81 194402 0
32 59 194418 1
69 30 194439 1
21 62 194464 1
95 81 194487 1
18 81 194520 0
75 67 194529 0
23 82 194563 0
75 26 194590 1
40 53 194688 1
74 119 194728 0
95 50 194744 1
72 26 194746 1
75 69 194753 0
90 77 194809 1
23 84 194852 0
86 23 194894 1
87 96 194896 1
30 83 194899 0
78 49 194925 0
26 84 194946 0
72 92 195060 0
77 23 195080 1
51 45 195085 1
89 102 195096 1
72 96 195117 0
88 114 195129 1
90 25 195214 1
78 22 195338 1
25 83 195356 0
17 77 195371 0
21 80 195385 0
58 38 195396 1
83 23 195405 1
92 76 195434 1
28 59 195465 1
32 83 195555 0
89 101 195581 1
74 116 195739 0
15 71 195864 0
93 30 195901 1
90 78 195978 1
76 68 195983 0
70 99 196013 0
75 73 196021 0
88 95 196022 1
31 81 196095 0
93 29 196106 1
89 105 196132 1
94 33 196185 1
88 90 196185 1
22 90 196203 0
74 75 196230 0
80 50 196232 0
84 20 196232 1
77 117 196241 0
71 96 196241 0
70 94 196258 0
71 86 196259 0
37 82 196362 0
97 40 196428 1
95 49 196523 1
23 62 196538 1
17 78 196565 0
15 73 196576 0
89 83 196595 1
96 44 196602 1
31 82 196617 0
90 97 196648 1
53 66 196655 0
72 78 196703 0
94 60 196727 1
71 83 196751 0
70 91 196795 0
71 103 196796 0
15 72 196824 0
19 81 196827 0
57 65 196846 0
94 28 196862 1
45 74 196917 0
79 48 196960 0
91 77 196976 1
94 62 196993 1
20 62 197002 1
75 117 197063 0
89 82 197106 1
93 31 197124 1
30 59 197143 1
20 81 197147 0
32 0 197188 0
93 61 197210 1
15 81 197213 0
78 24 197298 1
73 119 197391 0
72 79 197391 0
98 38 197453 1
97 35 197469 1
50 44 197619 1
70 29 197625 1
33 59 197636 1
79 119 197646 0
90 88 197663 0
90 82 197663 1
90 79 197672 1
72 89 197683 0
71 84 197687 0
52 44 197743 1
94 34 197745 1
17 85 197766 0
73 78 197769 0
106 77 197907 1
91 26 197925 1
89 108 197945 1
95 58 197994 1
29 58 198021 1
79 53 198023 0
21 63 198101 1
23 82 198152 0
89 25 198166 1
88 97 198199 1
71 89 198240 0
75 70 198252 0
82 20 198418 1
91 27 198427 1
94 58 198443 1
45 48 198519 1
70 101 198526 0
76 64 198581 0
95 31 198639 1
89 109 198684 1
69 29 198689 1
96 40 198752 1
89 99 198839 1
49 46 198875 1
15 75 198882 0
20 54 198917 1
95 104 198927 1
66 30 198950 1
24 86 198962 0
89 23 199144 1
81 23 199194 1
95 36 199210 1
64 58 199217 0
79 51 199257 0
76 26 199286 1
74 116 199304 0
72 98 199307 0
74 77 199367 0
17 69 199387 0
93 27 199410 1
70 83 199499 0
76 65 199532 0
91 69 199568 1
89 84 199629 1
96 42 199652 1
77 60 199698 0
27 59 199699 1
27 82 199754 0
71 87 199782 0
72 87 199872 0
80 118 199955 0
87 15 199974 1
0 0 200010 0
