78 32 0 1
80 62 25 0
79 113 46 0
88 46 81 1
93 70 87 1
92 60 89 1
94 101 135 1
82 34 137 1
82 82 174 0
93 74 188 1
93 73 198 1
90 53 205 1
66 32 207 1
71 30 226 1
78 57 408 0
94 110 465 1
84 38 472 1
94 104 486 1
79 59 491 0
67 31 500 1
92 62 503 1
82 97 516 0
93 77 518 1
91 56 519 1
90 52 549 1
10 83 568 0
81 33 584 1
80 65 605 0
80 115 630 0
74 32 655 1
75 49 664 0
84 118 665 0
92 57 666 1
94 90 682 1
72 30 737 1
95 85 738 1
94 109 764 1
82 92 767 0
79 60 778 0
81 77 813 0
10 84 828 0
11 82 838 0
81 67 872 0
92 59 873 1
67 32 898 1
79 32 921 1
95 97 926 1
80 67 989 0
93 78 1010 1
95 99 1011 1
76 50 1021 0
91 53 1035 1
94 108 1050 1
68 33 1063 1
93 67 1092 1
81 34 1093 1
90 51 1126 1
83 36 1146 1
95 81 1181 1
77 32 1217 1
90 50 1220 1
94 106 1229 1
88 45 1275 1
72 48 1282 0
94 92 1282 1
93 79 1283 1
11 91 1300 0
69 31 1306 1
10 87 1307 0
76 52 1323 0
82 118 1375 0
82 56 1378 1
82 94 1378 0
6 79 1389 1
49 65 1444 0
91 61 1455 1
82 91 1463 0
94 84 1469 1
82 79 1508 0
90 49 1508 1
94 98 1512 1
68 49 1512 0
94 93 1527 1
11 81 1588 0
79 61 1608 0
95 11 1610 1
23 87 1611 0
93 75 1612 1
80 113 1623 0
74 49 1636 0
70 30 1687 1
71 49 1689 0
95 87 1691 1
82 106 1693 0
82 101 1701 0
75 30 1810 1
31 82 1832 0
13 92 1851 0
81 78 1866 0
82 105 1900 0
10 86 1911 0
93 76 1915 1
79 115 2049 0
10 91 2059 0
94 102 2078 1
84 40 2089 1
80 71 2098 0
79 114 2102 0
81 107 2123 0
73 30 2209 1
83 88 2243 0
82 77 2244 0
92 55 2272 1
82 84 2288 0
15 92 2297 0
83 118 2302 0
86 41 2321 1
93 65 2336 1
92 66 2340 1
83 85 2348 0
91 52 2359 1
78 33 2363 1
80 112 2366 0
82 85 2415 0
78 54 2433 0
89 47 2443 1
11 92 2469 0
91 57 2498 1
87 43 2505 1
83 92 2508 0
77 54 2513 0
82 87 2542 0
15 95 2546 0
17 93 2555 0
80 72 2556 0
86 42 2602 1
83 94 2633 0
94 83 2657 1
80 111 2683 0
92 63 2684 1
30 82 2702 0
11 87 2720 0
86 40 2741 1
81 79 2747 0
94 79 2752 1
10 80 2756 0
78 66 2773 0
13 91 2785 0
77 55 2827 0
17 92 2862 0
73 48 2870 0
11 90 2875 0
71 47 2888 0
94 81 2898 1
91 54 2917 1
71 31 2921 1
72 49 2934 0
90 48 2956 1
51 9 2959 0
85 39 2989 1
93 68 3047 1
85 40 3094 1
16 93 3122 0
81 72 3129 0
83 120 3139 0
68 31 3140 1
88 119 3145 0
66 50 3180 0
80 62 3182 0
11 83 3191 0
60 36 3285 1
94 111 3312 1
87 42 3332 1
69 30 3376 1
70 31 3389 1
82 102 3394 0
82 80 3418 0
13 94 3424 0
94 85 3426 1
93 66 3521 1
94 88 3549 1
81 110 3554 0
11 89 3584 0
93 72 3657 1
93 80 3658 1
20 70 3671 1
94 82 3714 1
10 81 3717 0
94 97 3740 1
73 31 3771 1
83 81 3776 0
94 94 3791 1
77 31 3830 1
81 105 3840 0
76 50 3842 0
78 112 3843 0
95 94 3859 1
61 34 3876 1
70 32 3922 1
79 62 3926 0
83 82 3948 0
17 91 3995 0
82 95 3997 0
15 91 4025 0
94 80 4042 1
82 88 4111 0
82 33 4167 1
10 83 4179 0
92 61 4208 1
82 82 4232 0
14 92 4243 0
30 81 4247 0
78 32 4319 1
80 33 4324 1
82 96 4364 0
12 92 4391 0
92 65 4428 1
83 38 4454 1
83 105 4499 0
93 81 4504 1
79 59 4513 0
81 35 4533 1
94 96 4542 1
79 60 4547 0
89 48 4565 1
15 94 4580 0
9 84 4617 0
62 53 4632 0
10 84 4643 0
79 67 4689 0
10 88 4696 0
81 69 4703 0
92 64 4743 1
11 78 4796 0
12 93 4806 0
75 49 4806 0
80 118 4819 0
10 86 4842 0
13 92 4846 0
88 43 4871 1
81 115 4880 0
77 56 4881 0
93 70 4894 1
82 35 4897 1
94 107 4916 1
76 32 5066 1
90 52 5067 1
63 33 5125 1
85 41 5159 1
10 82 5183 0
16 92 5183 0
79 61 5193 0
95 101 5235 1
93 69 5325 1
81 66 5364 0
84 37 5380 1
84 38 5455 1
87 44 5554 1
91 55 5574 1
91 58 5597 1
14 93 5653 0
94 70 5661 1
94 78 5674 1
62 34 5750 1
82 34 5776 1
81 71 5777 0
11 93 5799 0
88 44 5807 1
74 51 5862 0
109 45 5871 1
12 77 5886 0
109 45 5929 0
81 117 5950 0
64 34 5974 1
92 60 5978 1
83 85 6000 0
89 117 6004 0
71 32 6006 1
15 93 6184 0
10 79 6189 0
87 118 6332 0
13 93 6438 0
77 52 6445 0
81 118 6465 0
83 35 6497 1
83 89 6545 0
94 89 6566 1
42 51 6567 1
82 90 6615 0
10 87 6635 0
74 31 6648 1
119 56 6655 1
83 98 6662 0
90 50 6738 1
92 62 6764 1
77 54 6767 0
81 114 6783 0
75 51 6851 0
78 56 6859 0
93 112 6898 1
94 71 7004 1
9 88 7032 0
75 31 7032 1
80 115 7094 0
83 37 7120 1
92 58 7126 1
81 34 7127 1
29 62 7133 1
95 100 7189 1
93 67 7212 1
13 20 7250 0
71 50 7252 0
81 83 7256 0
82 79 7257 0
84 118 7277 0
70 48 7359 0
9 85 7369 0
93 74 7454 1
90 54 7458 1
69 7 7503 0
82 118 7525 0
92 75 7562 1
86 118 7571 0
94 101 7633 1
55 39 7639 1
80 34 7771 1
83 101 7803 0
88 45 7916 1
80 74 7929 0
75 52 7975 0
8 82 7984 0
94 108 7992 1
84 117 8045 0
82 82 8045 0
87 123 8052 0
82 86 8060 0
83 117 8092 0
73 49 8228 0
82 77 8297 0
10 90 8307 0
81 80 8420 0
94 105 8429 1
79 56 8460 0
11 87 8472 0
87 41 8528 1
78 31 8554 1
103 49 8615 0
93 75 8640 1
90 51 8687 1
35 78 8712 0
94 77 8804 1
77 52 8864 0
76 50 8866 0
85 38 8939 1
81 33 9021 1
90 117 9022 0
80 110 9044 0
79 65 9046 0
15 92 9061 0
80 65 9067 0
79 71 9081 0
82 103 9085 0
82 76 9105 0
80 73 9111 0
12 94 9118 0
9 87 9125 0
65 12 9147 0
83 90 9173 0
40 24 9185 0
80 113 9192 0
82 104 9197 0
11 79 9198 0
91 59 9205 1
53 18 9215 0
35 9 9229 0
80 70 9301 0
16 94 9319 0
11 90 9321 0
84 36 9323 1
11 91 9329 0
94 86 9357 1
11 89 9494 0
80 76 9498 0
20 65 9513 0
81 100 9514 0
82 81 9527 0
49 40 9578 0
82 71 9641 0
93 71 9682 1
58 30 9727 0
78 54 9741 0
66 51 9761 0
80 79 9766 0
82 97 9776 0
46 37 9779 0
65 50 9779 0
91 95 9779 1
65 18 9790 0
74 34 9802 1
66 34 9802 1
17 92 9818 0
81 67 9880 0
18 28 9891 0
80 116 9894 0
52 63 9997 0
81 117 10013 0
61 55 10062 0
10 86 10100 0
33 79 10277 0
91 23 10353 0
91 56 10435 1
79 61 10446 0
29 61 10461 1
78 56 10512 0
80 62 10698 0
29 82 10790 0
95 86 10910 1
95 83 10990 1
95 11 11076 0
82 94 11274 0
83 85 11279 0
92 59 11292 1
77 52 11302 0
83 88 11366 0
78 61 11401 0
83 82 11598 0
93 78 11706 1
82 76 11709 0
82 101 11794 0
83 117 11851 0
77 54 11911 0
11 82 11945 0
91 60 11975 1
83 94 11987 0
75 50 12033 0
95 104 12038 1
82 82 12172 0
87 43 12180 1
19 71 12265 1
90 53 12337 1
88 118 12389 0
24 92 12530 1
59 55 12537 0
47 67 12650 0
90 49 12765 1
28 62 12866 1
12 92 12879 0
79 32 12885 1
89 46 12896 1
93 76 12914 1
86 41 12932 1
65 33 13045 1
80 32 13056 1
80 67 13169 0
78 58 13187 0
80 109 13235 0
94 95 13282 1
79 63 13374 0
56 38 13575 1
81 77 13579 0
93 79 13595 1
79 59 13622 0
89 45 13634 1
82 81 13648 0
81 72 13857 0
10 83 13888 0
80 112 13935 0
11 92 13970 0
83 81 14028 0
83 118 14048 0
18 92 14078 0
80 35 14123 1
89 47 14173 1
81 66 14223 0
66 33 14235 1
79 60 14288 0
82 76 14325 0
82 91 14337 0
77 52 14352 0
83 92 14367 0
91 53 14381 1
94 73 14407 1
77 19 14457 0
81 117 14466 0
78 56 14502 0
94 98 14526 1
83 36 14591 1
69 49 14635 0
94 93 14644 1
67 50 14646 0
82 92 14661 0
95 103 14871 1
93 91 14942 1
10 88 15022 0
75 49 15095 0
86 40 15231 1
81 115 15283 0
72 30 15367 1
11 81 15397 0
94 109 15579 1
72 31 15633 1
64 33 15640 1
73 48 15695 0
87 42 15703 1
82 96 15759 0
60 54 15959 0
11 83 15982 0
93 66 16029 1
91 51 16114 1
77 32 16137 1
34 57 16137 1
92 57 16298 1
83 90 16321 0
75 50 16323 0
78 60 16384 0
79 56 16402 0
88 117 16433 0
79 112 16442 0
80 111 16443 0
83 117 16451 0
10 85 16458 0
13 91 16586 0
9 92 16614 0
83 84 16651 0
50 64 16683 0
86 120 16729 0
74 32 16789 1
93 64 16790 1
72 48 16805 0
89 119 16826 0
28 61 16848 1
7 82 16990 0
55 20 17000 0
71 48 17040 0
92 61 17054 1
62 54 17164 0
94 110 17214 1
94 104 17272 1
79 113 17332 0
76 50 17405 0
91 54 17431 1
91 52 17533 1
94 81 17571 1
93 68 17735 1
76 54 17774 0
94 84 17785 1
10 87 17895 0
82 76 17912 0
81 76 17918 0
59 35 18036 1
83 87 18094 0
93 111 18124 1
87 119 18158 0
14 92 18181 0
82 81 18304 0
10 78 18332 0
85 39 18332 1
83 98 18355 0
34 78 18379 0
79 55 18395 0
80 33 18465 1
80 64 18539 0
95 84 18836 1
86 119 18866 0
78 57 19063 0
10 92 19107 0
79 111 19123 0
80 63 19123 0
93 72 19125 1
109 45 19137 1
10 82 19167 0
75 53 19195 0
109 45 19221 0
80 62 19238 0
94 74 19354 1
82 82 19433 0
61 35 19444 1
71 47 19559 0
81 113 19617 0
79 64 19660 0
81 114 19662 0
51 63 19685 0
83 101 19944 0
34 79 20049 0
95 88 20173 1
83 84 20207 0
82 117 20292 0
35 56 20341 1
85 34 20408 1
76 30 20433 1
92 56 20437 1
71 30 20509 1
11 77 20511 0
81 117 20535 0
49 64 20567 0
82 99 20743 0
75 47 21140 0
75 50 21151 0
78 56 21351 0
10 85 21410 0
10 84 21452 0
74 30 21478 1
61 54 21747 0
82 90 21759 0
16 92 21774 0
11 56 21890 0
41 51 21899 1
82 95 21997 0
11 87 22008 0
93 73 22078 1
83 87 22218 0
64 52 22320 0
33 78 22386 0
80 64 22461 0
88 44 22551 1
80 63 22554 0
94 92 22601 1
73 30 22665 1
77 54 22952 0
93 113 22955 1
44 48 23229 1
69 31 23324 1
90 50 23434 1
95 95 23496 1
95 82 23500 1
95 11 23520 1
125 111 23531 1
94 94 23567 1
94 82 23617 1
10 81 23697 0
38 91 23750 1
82 105 23775 0
82 117 23804 0
93 65 23898 1
84 37 23966 1
95 91 24111 1
88 43 24129 1
98 31 24144 0
82 81 24245 0
95 105 24250 1
79 58 24301 0
81 69 24307 0
30 61 24319 1
85 40 24388 1
95 85 24404 1
87 118 24509 0
95 102 24566 1
84 38 24579 1
82 35 24581 1
95 99 24660 1
80 69 24673 0
60 35 24738 1
74 48 24742 0
71 31 24755 1
84 118 24785 0
94 79 24800 1
87 43 24808 1
92 55 24819 1
94 75 25011 1
94 68 25012 1
83 91 25087 0
94 67 25092 1
70 48 25162 0
83 82 25198 0
90 47 25203 1
83 85 25216 0
81 67 25263 0
90 48 25306 1
73 31 25336 1
95 81 25360 1
83 89 25402 0
95 90 25406 1
94 88 25409 1
95 96 25441 1
93 67 25453 1
90 49 25466 1
82 77 25505 0
81 34 25508 1
81 71 25584 0
12 90 25617 0
77 52 25621 0
80 63 25670 0
84 117 25732 0
78 54 25777 0
91 55 25796 1
83 84 25822 0
83 94 25871 0
94 69 25896 1
94 80 25947 1
82 76 25948 0
94 85 26055 1
89 47 26106 1
95 107 26114 1
95 101 26120 1
83 105 26129 0
82 106 26145 0
5 74 26147 1
93 69 26154 1
92 60 26194 1
91 56 26241 1
80 115 26279 0
92 62 26312 1
80 64 26319 0
83 117 26414 0
95 106 26443 1
94 108 26462 1
85 38 26493 1
86 118 26504 0
83 88 26509 0
93 70 26521 1
93 102 26532 1
79 110 26577 0
95 93 26652 1
89 118 26658 0
82 34 26662 1
83 79 26691 0
79 31 26708 1
10 85 26736 0
93 68 26763 1
78 32 26763 1
83 87 26777 0
83 36 26819 1
89 45 26823 1
95 98 26832 1
70 31 26887 1
77 31 26941 1
79 59 26954 0
75 31 27010 1
80 68 27010 0
94 89 27011 1
95 89 27014 1
93 75 27043 1
87 41 27053 1
80 71 27064 0
80 58 27115 0
93 71 27123 1
82 99 27125 0
81 110 27144 0
83 35 27187 1
92 58 27207 1
82 84 27218 0
83 34 27240 1
94 78 27265 1
86 40 27265 1
93 74 27299 1
88 45 27299 1
86 39 27318 1
44 49 27318 1
109 45 27341 1
79 58 27401 0
94 72 27424 1
95 97 27448 1
19 70 27461 1
87 42 27462 1
91 53 27473 1
90 52 27482 1
94 96 27575 1
82 117 27583 0
109 45 27586 0
74 31 27632 1
93 86 27676 1
92 59 27718 1
83 81 27736 0
67 32 27747 1
84 35 27837 1
77 13 27854 0
80 62 27869 0
66 32 27869 1
80 114 28048 0
74 48 28079 0
95 100 28103 1
85 39 28120 1
93 66 28199 1
95 104 28266 1
95 103 28340 1
45 47 28426 1
15 91 28437 0
82 80 28449 0
89 46 28486 1
84 119 28497 0
93 76 28563 1
81 66 28584 0
80 113 28600 0
82 74 28614 0
76 32 28656 1
11 89 28693 0
88 117 28740 0
78 59 28746 0
76 50 28785 0
80 65 28861 0
82 71 28897 0
82 79 28902 0
81 101 28954 0
11 51 28967 0
11 90 28967 0
79 61 28985 0
81 108 28987 0
13 92 28989 0
10 93 29008 0
84 36 29021 1
12 92 29049 0
9 69 29055 0
93 64 29070 1
75 30 29092 1
31 81 29161 0
94 77 29169 1
79 56 29188 0
95 87 29200 1
80 63 29202 0
81 33 29297 1
79 32 29410 1
79 55 29417 0
83 90 29431 0
83 91 29459 0
83 92 29468 0
83 98 29594 0
17 91 29687 0
77 55 29706 0
92 114 29718 1
29 83 29780 0
94 70 29942 1
95 92 29963 1
82 33 30078 1
85 37 30100 1
39 73 30191 0
82 87 30212 0
12 90 30312 0
32 81 30398 0
9 83 30408 0
91 54 30434 1
75 50 30455 0
83 82 30478 0
75 49 30528 0
81 117 30564 0
80 64 30606 0
78 113 30726 0
94 95 30829 1
90 50 30919 1
83 101 30930 0
83 84 31016 0
87 43 31065 1
79 58 31075 0
11 91 31094 0
10 83 31123 0
1 103 31148 0
65 51 31278 0
78 54 31303 0
92 57 31405 1
77 53 31425 0
83 117 31473 0
83 85 31546 0
72 47 31567 0
74 48 31632 0
82 117 31646 0
35 77 31674 0
11 82 31685 0
70 49 31704 0
40 73 31757 0
94 71 31777 1
78 31 31781 1
69 47 31868 0
74 49 31877 0
70 30 31885 1
82 74 31901 0
10 80 32075 0
68 49 32080 0
94 76 32111 1
77 50 32146 0
93 67 32170 1
14 94 32214 0
15 92 32250 0
90 51 32315 1
76 51 32317 0
28 83 32349 0
75 48 32351 0
80 68 32366 0
11 83 32396 0
93 65 32453 1
10 85 32511 0
10 86 32521 0
80 114 32526 0
85 36 32544 1
83 99 32579 0
95 94 32624 1
82 102 32716 0
81 115 32790 0
77 52 32888 0
82 115 32900 0
23 87 32941 0
91 52 33034 1
109 68 33080 1
27 62 33177 1
68 31 33330 1
69 30 33345 1
95 83 33452 1
80 33 33484 1
80 63 33535 0
94 93 33608 1
95 105 33614 1
82 99 33786 0
80 110 33881 0
80 69 33899 0
15 90 33987 0
79 60 34008 0
26 84 34154 0
79 54 34165 0
90 49 34288 1
93 63 34307 1
17 92 34417 0
10 88 34591 0
67 31 34743 1
79 64 34767 0
61 34 34931 1
80 32 34955 1
12 90 34962 0
81 72 34988 0
83 104 35008 0
76 53 35047 0
72 30 35084 1
83 103 35254 0
12 91 35379 0
84 117 35480 0
75 48 35566 0
82 89 35628 0
92 53 35719 1
82 81 35730 0
93 78 35739 1
81 34 35892 1
82 74 35898 0
92 55 35907 1
76 51 36022 0
83 87 36076 0
83 99 36089 0
77 53 36118 0
13 93 36241 0
94 94 36250 1
94 109 36320 1
60 34 36333 1
73 30 36424 1
88 44 36441 1
63 33 36477 1
94 79 36580 1
94 111 36583 1
95 86 36626 1
92 56 36773 1
79 57 36786 0
72 47 36965 0
92 60 37043 1
89 116 37096 0
86 40 37113 1
87 118 37176 0
89 47 37197 1
95 80 37227 1
95 81 37235 1
95 102 37262 1
88 43 37290 1
30 62 37295 1
15 93 37405 0
81 114 37434 0
90 48 37534 1
94 81 37638 1
83 94 37734 0
94 65 37735 1
75 47 37759 0
83 79 37791 0
62 34 37796 1
9 78 37811 0
80 114 37835 0
83 81 37856 0
85 38 37864 1
23 38 37891 0
82 76 37897 0
73 48 37901 0
95 99 37946 1
91 51 37984 1
80 68 38007 0
83 36 38149 1
94 73 38160 1
81 78 38173 0
84 37 38177 1
48 65 38187 0
83 91 38225 0
89 117 38238 0
81 68 38281 0
79 58 38347 0
65 32 38404 1
74 48 38406 0
81 71 38433 0
83 88 38469 0
89 45 38475 1
83 82 38482 0
81 69 38499 0
95 101 38507 1
87 40 38537 1
24 87 38561 0
94 74 38565 1
93 61 38571 1
81 67 38574 0
90 47 38591 1
83 89 38622 0
80 112 38625 0
82 34 38701 1
93 68 38731 1
80 58 38745 0
85 39 38789 1
80 64 38821 0
94 75 38830 1
94 80 38837 1
94 68 38845 1
83 104 38854 0
87 42 38909 1
83 98 38923 0
83 103 38976 0
74 30 38987 1
95 85 39033 1
95 106 39060 1
94 78 39069 1
79 55 39083 0
75 48 39106 0
91 53 39126 1
91 55 39127 1
63 32 39164 1
78 56 39194 0
81 113 39217 0
93 66 39254 1
94 67 39256 1
80 111 39263 0
88 42 39266 1
78 32 39273 1
83 99 39298 0
87 41 39370 1
95 98 39374 1
94 108 39377 1
82 98 39379 0
71 30 39452 1
82 77 39456 0
90 49 39514 1
11 87 39517 0
83 94 39527 0
86 38 39527 1
79 115 39558 0
79 56 39673 0
94 69 39682 1
95 95 39688 1
95 100 39725 1
83 117 39760 0
95 89 39774 1
86 39 39791 1
11 79 39832 0
91 50 39842 1
81 66 39855 0
79 7 39872 0
83 35 39896 1
81 32 39955 1
82 117 39969 0
79 57 39979 0
76 51 39984 0
88 118 39990 0
77 50 40043 0
92 59 40050 1
92 58 40064 1
80 62 40066 0
93 64 40092 1
95 103 40126 1
77 31 40128 1
7 28 40129 1
83 92 40143 0
83 101 40214 0
82 71 40240 0
81 116 40272 0
76 50 40280 0
66 50 40333 0
64 33 40342 1
77 69 40361 0
95 84 40384 1
91 54 40413 1
95 97 40417 1
76 30 40420 1
81 110 40436 0
84 35 40476 1
80 63 40484 0
27 61 40504 1
11 89 40514 0
77 30 40544 1
95 82 40547 1
12 91 40551 0
82 74 40629 0
83 105 40658 0
86 40 40664 1
75 31 40665 1
86 118 40698 0
63 53 40702 0
95 90 40776 1
79 32 40797 1
93 67 40833 1
83 33 40838 1
95 66 40914 1
95 104 40918 1
93 112 40933 1
93 75 40933 1
95 91 40979 1
94 77 41000 1
95 88 41005 1
95 87 41012 1
95 96 41013 1
60 55 41025 0
83 84 41047 0
84 117 41077 0
16 92 41093 0
93 112 41124 1
78 30 41125 1
88 117 41132 0
77 53 41176 0
95 107 41211 1
83 85 41272 0
83 34 41295 1
83 90 41350 0
8 117 41379 1
40 51 41454 1
13 91 41459 0
85 118 41463 0
96 99 41488 1
61 59 41508 1
13 20 41551 1
93 57 41577 1
76 29 41632 1
81 115 41633 0
71 47 41669 0
108 16 41670 1
81 68 41686 0
12 14 41710 1
71 31 41720 1
11 81 41724 0
93 65 41822 1
82 115 41870 0
81 33 41878 1
81 62 41949 0
84 36 41982 1
72 47 41988 0
95 93 41989 1
65 50 42006 0
83 81 42016 0
62 33 42029 1
57 37 42035 1
32 53 42065 1
83 79 42065 0
79 54 42077 0
83 104 42167 0
94 110 42171 1
70 32 42188 1
19 92 42206 0
11 78 42232 0
93 63 42351 1
36 78 42375 0
79 31 42413 1
92 61 42497 1
10 85 42537 0
85 119 42541 0
79 59 42543 0
90 48 42567 1
89 44 42611 1
83 99 42664 0
91 52 42688 1
81 114 42708 0
83 82 42758 0
18 92 42764 0
83 103 42773 0
84 38 42780 1
83 87 42794 0
46 47 42805 1
87 42 42816 1
95 108 42826 1
11 85 42842 0
12 90 42952 0
95 81 42988 1
79 57 43010 0
1 103 43042 1
61 53 43104 0
95 99 43115 1
95 83 43136 1
74 31 43154 1
109 68 43164 1
37 86 43169 1
82 33 43172 1
70 31 43203 1
93 59 43204 1
90 47 43255 1
18 93 43255 0
95 94 43256 1
66 33 43291 1
75 56 43344 1
75 48 43344 0
94 79 43359 1
80 115 43382 0
78 54 43396 0
80 114 43457 0
69 31 43472 1
94 72 43514 1
95 105 43518 1
85 38 43555 1
14 92 43631 0
14 93 43633 0
10 84 43637 0
82 75 43697 0
10 91 43744 0
75 30 43807 1
80 69 43858 0
59 36 43891 1
79 70 43893 0
11 83 43911 0
80 58 43942 0
89 45 43986 1
92 57 44035 1
73 31 44052 1
83 96 44054 0
81 67 44099 0
89 47 44165 1
82 32 44259 1
78 31 44278 1
75 47 44292 0
13 92 44295 0
80 68 44323 0
87 43 44349 1
76 52 44365 0
11 90 44367 0
80 60 44368 0
81 116 44388 0
82 82 44451 0
64 32 44482 1
69 50 44630 0
79 62 44666 0
15 91 44786 0
88 43 44856 1
83 91 44882 0
85 37 44924 1
10 82 44929 0
83 117 44948 0
77 52 44956 0
65 33 44966 1
95 102 44981 1
88 42 45015 1
83 86 45032 0
94 70 45092 1
33 57 45107 1
33 58 45118 1
81 68 45119 0
12 91 45142 0
17 91 45211 0
81 69 45352 0
11 82 45373 0
11 87 45417 0
93 62 45517 1
14 91 45578 0
96 89 45610 1
10 87 45640 0
87 41 45715 1
67 49 45737 0
82 99 45745 0
30 38 45753 0
45 48 45798 1
47 47 45854 1
82 98 45890 0
76 51 45903 0
79 55 46004 0
11 89 46053 0
10 89 46086 0
79 116 46096 0
80 113 46109 0
83 118 46110 0
11 85 46169 0
95 101 46223 1
94 71 46357 1
83 89 46371 0
16 93 46393 0
79 114 46445 0
83 98 46533 0
82 101 46540 0
77 59 46541 0
89 46 46623 1
91 51 46635 1
95 86 46719 1
90 49 46746 1
80 60 46798 0
93 58 46821 1
12 78 46876 0
39 110 46908 0
77 54 46949 0
66 31 46955 1
83 96 46964 0
79 58 47029 0
85 118 47049 0
83 95 47097 0
72 30 47097 1
92 55 47103 1
82 75 47196 0
93 56 47246 1
82 88 47313 0
68 30 47353 1
58 36 47443 1
92 60 47453 1
80 57 47455 0
77 50 47489 0
73 30 47573 1
79 57 47714 0
91 53 47756 1
11 88 47763 0
86 39 48033 1
84 118 48045 0
78 52 48066 0
17 93 48081 0
72 48 48134 0
83 37 48159 1
83 36 48254 1
35 57 48308 1
78 73 48412 0
78 62 48453 0
30 60 48479 1
83 75 48553 0
81 116 48608 0
83 86 48668 0
74 48 48746 0
95 92 48826 1
81 68 48976 0
73 47 49187 0
71 29 49221 1
90 46 49365 1
83 88 49421 0
95 75 49476 1
94 75 49481 1
83 104 49534 0
64 34 49658 1
82 76 49681 0
77 51 49737 0
94 78 49829 1
77 53 49868 0
93 64 49949 1
95 104 49951 1
93 60 49955 1
36 56 49979 1
83 96 50002 0
95 103 50026 1
73 29 50053 1
83 30 50092 1
81 73 50107 0
93 111 50120 1
94 68 50123 1
92 56 50150 1
94 74 50174 1
95 98 50199 1
95 100 50207 1
74 30 50220 1
81 66 50229 0
95 81 50288 1
50 42 50293 1
86 40 50316 1
80 60 50318 0
83 94 50329 0
83 95 50341 0
93 66 50375 1
94 88 50443 1
83 103 50478 0
94 76 50520 1
95 85 50529 1
93 61 50602 1
79 56 50673 0
92 58 50735 1
95 106 50742 1
94 109 50748 1
94 80 50808 1
90 48 50823 1
77 31 50855 1
95 97 50859 1
77 49 50891 0
87 40 50894 1
94 69 50895 1
94 67 50983 1
95 79 50995 1
80 32 51002 1
84 117 51021 0
76 49 51038 0
95 95 51051 1
82 83 51059 0
83 99 51067 0
78 32 51099 1
89 45 51114 1
79 32 51131 1
14 91 51136 0
82 115 51152 0
12 91 51158 0
83 35 51165 1
11 85 51166 0
93 63 51227 1
82 74 51239 0
88 117 51250 0
94 73 51254 1
71 48 51266 0
92 53 51270 1
84 35 51304 1
70 48 51324 0
81 62 51343 0
82 75 51359 0
75 48 51368 0
85 39 51375 1
109 45 51418 1
92 59 51418 1
90 47 51443 1
83 82 51453 0
95 105 51454 1
83 85 51462 0
83 79 51465 0
83 92 51475 0
78 52 51486 0
92 52 51510 1
83 101 51522 0
95 107 51522 1
88 41 51531 1
81 115 51540 0
81 71 51550 0
89 43 51584 1
94 65 51615 1
94 77 51626 1
85 36 51628 1
95 99 51644 1
61 54 51681 0
81 113 51688 0
80 58 51696 0
109 45 51702 0
83 81 51715 0
95 84 51716 0
95 82 51716 1
80 31 51717 1
80 57 51730 0
86 38 51738 1
83 117 51782 0
91 50 51788 1
88 42 51806 1
81 114 51812 0
95 80 51816 1
87 41 51819 1
91 89 51841 1
91 49 51841 1
81 32 51842 1
95 101 51855 1
82 34 51882 1
79 54 51888 0
95 90 51906 1
83 94 51928 0
95 87 51932 1
95 77 51933 1
95 78 51943 1
83 34 51963 1
95 93 51979 1
82 71 52013 0
81 61 52026 0
91 52 52031 1
83 90 52036 0
76 30 52045 1
92 57 52056 1
95 96 52067 1
91 51 52092 1
93 64 52094 1
81 72 52105 0
81 33 52114 1
12 92 52213 0
83 96 52215 0
86 37 52216 1
83 86 52235 0
89 116 52235 0
82 33 52237 1
87 39 52256 1
83 33 52319 1
93 65 52324 1
82 96 52328 0
82 98 52357 0
93 70 52390 1
95 94 52452 1
85 38 52516 1
95 103 52533 1
83 98 52534 0
83 95 52559 0
69 30 52566 1
60 54 52575 0
89 44 52587 1
93 71 52617 1
95 102 52621 1
95 100 52622 1
94 68 52629 1
80 62 52656 0
91 54 52658 1
77 51 52703 0
83 87 52711 0
94 71 52715 1
77 50 52740 0
11 88 52741 0
75 47 52744 0
94 74 52758 1
62 52 52762 0
80 60 52790 0
25 86 52821 0
79 55 52822 0
75 31 52835 1
80 114 52850 0
79 53 52890 0
94 70 52899 1
67 32 52902 1
95 109 52904 1
87 42 52943 1
81 110 52965 0
95 68 52971 1
94 79 52974 1
96 97 52982 1
90 49 52998 1
95 91 53008 1
94 67 53057 1
95 104 53095 1
95 108 53116 1
89 45 53117 1
93 61 53128 1
94 64 53140 1
81 67 53158 0
95 60 53190 1
90 97 53190 1
81 66 53228 0
85 116 53257 0
54 40 53313 1
73 47 53335 0
83 91 53335 0
85 37 53337 1
72 47 53375 0
81 68 53386 0
71 30 53395 1
83 105 53397 0
95 106 53400 1
94 69 53403 1
87 40 53404 1
95 98 53426 1
70 30 53430 1
83 97 53431 0
94 75 53467 1
95 88 53471 1
84 35 53491 1
77 30 53498 1
79 31 53506 1
66 32 53508 1
80 68 53508 0
31 82 53521 0
75 49 53544 0
95 83 53547 1
73 50 53553 0
80 112 53606 0
95 86 53622 1
82 115 53623 0
77 49 53640 0
94 72 53644 1
75 30 53651 1
93 59 53652 1
93 55 53668 1
74 47 53674 0
61 33 53693 1
83 89 53735 0
93 62 53746 1
76 49 53760 0
85 35 53762 1
96 82 53778 1
84 34 53786 1
109 45 53791 1
89 117 53795 0
96 83 53799 1
85 118 53804 0
78 31 53817 1
78 116 53829 0
96 84 53848 1
64 33 53853 1
96 86 53853 1
95 85 53859 1
79 32 53861 1
95 105 53863 1
78 52 53865 0
109 45 53882 0
80 117 53941 0
83 104 53949 0
91 53 53956 1
78 54 53965 0
83 75 53970 0
82 117 53976 0
90 47 54021 1
80 57 54031 0
69 47 54040 0
83 88 54046 0
81 81 54047 0
95 95 54061 1
93 63 54061 1
95 81 54083 1
92 58 54092 1
95 99 54092 1
42 71 54102 0
83 99 54109 0
91 49 54118 1
84 36 54123 1
87 41 54130 1
81 62 54134 0
94 65 54145 1
85 36 54157 1
62 53 54169 0
83 79 54181 0
79 57 54184 0
96 102 54243 1
91 48 54244 1
26 86 54247 0
13 91 54289 0
71 47 54305 0
71 31 54327 1
84 117 54344 0
88 40 54345 1
81 116 54402 0
95 73 54410 1
96 81 54430 1
79 54 54433 0
88 42 54467 1
83 33 54468 1
95 84 54470 1
87 117 54470 0
82 32 54500 1
83 96 54505 0
76 55 54521 0
12 90 54524 0
92 64 54536 1
80 58 54537 0
80 111 54537 0
81 69 54541 0
15 92 54546 0
96 85 54568 1
77 31 54578 1
83 103 54602 0
81 61 54605 0
11 81 54619 0
89 42 54626 1
83 117 54675 0
82 75 54690 0
93 57 54700 1
17 92 54710 0
83 82 54728 0
30 82 54733 0
93 56 54734 1
83 95 54735 0
84 99 54813 0
11 79 54833 0
81 114 54837 0
95 107 54843 1
94 78 54847 1
11 80 54848 0
82 33 54850 1
36 57 54874 1
78 30 54908 1
96 95 54937 1
11 83 54945 0
42 51 54982 1
90 117 55008 0
13 77 55009 0
93 64 55016 1
71 70 55021 0
85 33 55079 1
94 73 55084 1
87 39 55087 1
29 81 55095 0
36 77 55095 0
79 56 55107 0
91 51 55109 1
10 86 55119 0
65 31 55122 1
86 39 55170 1
12 83 55208 0
89 40 55210 1
15 90 55223 0
76 50 55226 0
83 86 55243 0
83 94 55245 0
41 73 55247 0
73 30 55279 1
95 92 55285 1
34 56 55305 1
65 32 55334 1
90 44 55367 1
83 81 55370 0
93 58 55408 1
11 85 55443 0
95 96 55451 1
70 31 55472 1
94 111 55481 1
92 57 55483 1
81 102 55499 0
92 53 55499 1
83 92 55512 0
91 50 55558 1
95 103 55575 1
68 31 55586 1
82 79 55599 0
64 32 55602 1
81 115 55606 0
77 50 55629 0
92 55 55629 1
80 66 55630 0
69 31 55633 1
74 30 55652 1
67 30 55662 1
83 34 55667 1
93 61 55675 1
16 92 55678 0
81 73 55678 0
63 33 55703 1
11 82 55739 0
92 51 55747 1
72 30 55778 1
12 77 55782 0
94 74 55806 1
72 28 55861 1
87 37 55865 1
77 49 55883 0
77 51 55884 0
94 95 55909 1
81 31 55920 1
81 111 55930 0
87 118 56020 0
95 89 56036 1
12 84 56064 0
94 77 56081 1
32 80 56103 0
95 101 56159 1
95 78 56161 1
96 103 56192 1
83 101 56194 0
90 46 56195 1
1 106 56236 1
79 55 56245 0
79 53 56249 0
80 60 56253 0
82 71 56259 0
75 48 56286 0
95 100 56295 1
73 29 56316 1
88 117 56327 0
42 19 56340 1
80 31 56357 1
95 94 56360 1
89 43 56362 1
86 38 56375 1
83 97 56378 0
81 32 56381 1
20 69 56387 1
76 68 56393 1
76 30 56393 1
19 91 56401 0
94 67 56458 1
37 56 56490 1
80 57 56504 0
75 47 56515 0
76 49 56532 0
23 86 56549 0
80 110 56551 0
11 87 56597 0
95 79 56609 1
3 63 56612 1
78 52 56617 0
109 45 56673 1
83 98 56694 0
10 89 56708 0
93 54 56709 1
81 33 56754 1
109 45 56761 0
80 116 56859 0
84 33 56901 1
95 90 56912 1
34 58 56939 1
83 31 56944 1
93 67 56945 1
94 71 56948 1
29 61 56979 1
82 107 57018 0
96 104 57049 1
77 29 57067 1
74 47 57083 0
41 52 57097 1
95 82 57136 1
88 43 57173 1
12 82 57181 0
17 91 57193 0
11 88 57219 0
94 70 57233 1
30 81 57236 0
14 91 57277 0
82 74 57302 0
12 91 57348 0
89 45 57366 1
96 90 57383 1
87 40 57385 1
79 74 57387 0
87 116 57388 0
92 52 57394 1
93 76 57395 1
73 47 57408 0
43 49 57451 1
95 106 57468 1
95 87 57581 1
93 53 57589 1
36 55 57591 1
95 104 57617 1
11 89 57633 0
83 35 57650 1
87 117 57668 0
90 48 57691 1
27 83 57695 0
83 95 57714 0
70 29 57811 1
83 90 57817 0
95 93 57837 1
86 37 57847 1
11 83 57862 0
84 35 57873 1
72 29 57877 1
83 96 57890 0
93 60 57953 1
13 92 58039 0
12 79 58054 0
90 47 58128 1
94 63 58146 1
94 64 58146 1
95 70 58163 1
94 69 58167 1
81 62 58172 0
82 115 58237 0
95 80 58278 1
67 31 58279 1
79 30 58351 1
90 45 58370 1
83 32 58379 1
74 14 58400 0
15 91 58531 0
80 63 58532 0
83 75 58544 0
85 37 58568 1
95 76 58662 1
80 58 58670 0
85 38 58676 1
52 63 58682 0
13 91 58683 0
78 50 58732 0
89 44 58776 1
81 68 58785 0
82 94 58786 0
81 108 58802 0
77 30 58863 1
93 59 58866 1
75 30 58868 1
84 94 58884 0
96 96 58894 1
95 97 58899 1
39 74 58933 0
95 98 58937 1
60 36 58950 1
83 79 58954 0
82 77 58964 0
88 42 58989 1
83 77 59005 0
14 92 59006 0
92 56 59010 1
11 81 59011 0
90 83 59016 0
82 97 59017 0
23 88 59026 0
80 69 59026 0
81 110 59029 0
30 61 59030 1
81 113 59050 0
81 66 59051 0
81 111 59053 0
10 81 59084 0
87 41 59111 1
25 65 59115 1
80 113 59126 0
82 75 59136 0
93 88 59147 1
78 31 59191 1
31 81 59198 0
31 80 59208 0
93 68 59241 1
79 32 59244 1
11 85 59245 0
95 102 59280 1
88 41 59336 1
83 97 59350 0
94 108 59370 1
95 105 59388 1
124 9 59429 1
66 50 59430 0
69 48 59440 0
29 82 59443 0
81 67 59457 0
96 101 59476 1
62 34 59492 1
77 51 59492 0
93 63 59500 1
94 75 59630 1
82 106 59636 0
80 32 59641 1
11 78 59663 0
46 46 59686 1
85 116 59696 0
96 91 59700 1
95 81 59712 1
12 81 59761 0
76 49 59778 0
94 66 59779 1
96 100 59802 1
79 31 59809 1
83 104 59809 0
83 117 59845 0
11 90 59894 0
85 117 59903 0
94 66 59926 1
84 117 59946 0
83 85 59969 0
12 83 59992 0
83 87 60004 0
62 33 60029 1
12 90 60030 0
11 82 60038 0
86 40 60059 1
94 66 60081 1
83 91 60107 0
86 36 60168 1
80 30 60202 1
94 66 60238 1
95 108 60353 1
94 66 60384 1
11 80 60414 0
83 86 60487 0
84 99 60496 0
94 66 60521 1
93 57 60602 1
79 54 60623 0
82 93 60655 0
27 84 60666 0
94 66 60667 1
20 70 60680 1
17 72 60740 1
61 34 60754 1
32 59 60758 1
94 66 60812 1
18 92 60912 0
94 66 60962 1
95 91 60965 1
97 70 60979 1
77 52 61010 0
91 51 61014 1
95 77 61021 1
87 117 61027 0
74 47 61062 0
95 67 61076 1
81 61 61098 0
94 66 61116 1
83 77 61126 0
77 50 61127 0
12 93 61164 0
15 73 61172 1
82 80 61232 0
78 52 61256 0
77 58 61319 0
94 66 61333 1
83 99 61376 0
82 76 61384 0
82 32 61404 1
82 98 61412 0
94 66 61497 1
83 95 61533 0
94 72 61600 1
94 66 61666 1
93 62 61671 1
89 42 61674 1
84 34 61757 1
95 83 61781 1
83 82 61790 0
11 87 61834 0
80 57 61847 0
80 67 61877 0
96 99 61887 1
94 66 61907 1
9 79 61977 0
15 92 61999 0
15 90 62008 0
56 38 62016 1
15 93 62024 0
80 64 62036 0
78 114 62040 0
83 96 62057 0
20 91 62068 0
11 91 62081 0
25 87 62086 0
94 66 62112 1
79 112 62121 0
89 116 62130 0
84 91 62229 0
95 75 62247 1
9 84 62267 0
94 66 62270 1
45 68 62303 0
81 114 62377 0
93 112 62388 1
71 30 62399 1
11 88 62402 0
32 81 62423 0
94 66 62489 1
81 73 62520 0
80 70 62540 0
68 54 62544 0
51 64 62597 0
90 49 62684 1
26 63 62705 1
12 78 62719 0
91 50 62720 1
12 84 62725 0
94 66 62755 1
27 85 62784 0
85 117 62788 0
17 92 62807 0
77 49 62816 0
77 63 62831 0
79 60 62841 0
9 78 62887 0
83 97 62972 0
10 79 63011 0
94 66 63032 1
79 53 63046 0
19 90 63075 0
60 35 63116 1
80 60 63146 0
92 53 63147 1
81 91 63175 0
67 49 63262 0
29 60 63318 1
94 66 63355 1
81 111 63421 0
12 82 63433 0
69 30 63452 1
83 77 63471 0
54 32 63605 1
54 39 63605 1
81 59 63695 0
94 66 63741 1
84 93 63769 0
73 48 63824 0
10 85 63922 0
23 42 63952 0
80 65 63957 0
73 47 63958 0
21 37 63975 0
95 88 64000 1
77 31 64047 1
81 107 64057 0
11 94 64077 0
10 90 64081 0
81 71 64107 0
16 74 64107 1
80 66 64130 0
79 57 64159 0
11 83 64182 0
86 118 64219 0
80 114 64224 0
82 75 64234 0
75 31 64279 1
95 85 64286 1
94 66 64351 1
82 107 64390 0
78 50 64393 0
76 49 64399 0
108 16 64441 1
83 103 64451 0
81 76 64463 0
94 65 64514 1
7 28 64558 0
94 79 64566 1
91 49 64568 1
51 62 64633 0
94 73 64639 1
85 118 64754 0
83 78 64805 0
68 49 64812 0
63 32 64908 1
95 69 64924 1
85 36 65002 1
50 64 65008 0
95 99 65033 1
67 32 65037 1
76 29 65154 1
79 69 65176 0
44 69 65177 0
13 94 65207 0
90 116 65221 0
11 85 65287 0
95 107 65294 1
94 66 65329 1
76 57 65446 0
69 49 65530 0
77 51 65535 0
83 101 65616 0
87 117 65637 0
91 48 65652 1
12 79 65691 0
95 86 65706 1
82 33 65827 1
85 117 65890 0
93 55 65895 1
80 77 65918 0
83 94 65926 0
83 100 65963 0
81 69 66027 0
83 77 66038 0
81 62 66089 0
83 92 66109 0
81 116 66120 0
14 91 66134 0
68 50 66139 0
51 63 66140 0
12 91 66147 0
79 111 66161 0
79 55 66298 0
87 39 66399 1
76 51 66409 0
80 57 66453 0
73 30 66465 1
11 80 66496 0
83 34 66594 1
94 66 66639 1
82 115 66640 0
90 46 66688 1
74 47 66688 0
81 117 66746 0
86 38 66827 1
76 30 66938 1
69 48 66963 0
68 48 66986 0
95 71 66998 1
96 97 67016 1
83 88 67057 0
83 78 67231 0
83 95 67275 0
87 40 67325 1
81 84 67470 0
10 89 67512 0
94 109 67512 1
74 29 67521 1
82 104 67566 0
83 75 67681 0
94 68 67724 1
82 69 67871 0
84 99 67871 0
83 97 67908 0
63 52 67958 0
84 94 67988 0
93 61 68037 1
91 47 68069 1
83 117 68123 0
72 47 68161 0
93 64 68165 1
79 56 68196 0
25 85 68277 0
88 117 68343 0
85 35 68350 1
13 76 68371 0
78 30 68460 1
32 79 68560 0
96 75 68600 1
75 48 68699 0
96 88 68786 1
66 32 68790 1
89 43 68984 1
85 25 68997 1
94 66 69029 1
101 116 69064 1
82 93 69199 0
83 78 69343 0
26 85 69483 0
95 103 69537 1
83 116 69592 0
77 49 69615 0
83 100 69670 0
70 30 69681 1
74 30 69755 1
11 77 69756 0
96 86 69772 1
96 89 69864 1
91 53 69894 1
81 61 69967 0
93 113 70027 1
80 58 70044 0
85 116 70045 0
35 56 70080 1
79 64 70274 0
83 96 70300 0
92 51 70387 1
95 100 70517 1
82 120 70595 0
85 117 70596 0
83 84 70711 0
70 48 70726 0
82 69 70754 0
81 68 70802 0
96 80 70863 1
83 77 70880 0
90 44 70909 1
86 37 70917 1
17 71 70969 1
11 79 71128 0
94 62 71224 1
95 109 71224 1
75 29 71248 1
96 84 71254 1
88 40 71368 1
55 38 71409 1
89 39 71417 1
93 58 71539 1
52 41 71561 1
72 30 71564 1
91 42 71592 1
96 71 71666 1
96 83 71666 1
83 78 71717 0
93 52 71943 1
59 35 71945 1
96 102 71982 1
83 90 72006 0
95 95 72015 1
81 111 72160 0
47 46 72180 1
81 59 72257 0
87 38 72289 1
94 57 72317 1
95 110 72323 1
84 82 72334 0
27 32 72344 1
96 125 72387 1
81 32 72435 1
68 29 72437 1
96 85 72477 1
43 50 72549 1
85 34 72601 1
95 101 72627 1
95 74 72627 1
97 118 72635 1
88 42 72685 1
61 53 72703 0
82 73 72735 0
83 116 72783 0
73 52 72836 0
19 91 72837 0
92 52 72916 1
83 86 72940 0
95 92 72947 1
94 64 72956 1
56 37 73197 1
95 82 73206 1
11 88 73277 0
94 74 73352 1
91 116 73430 0
88 41 73451 1
84 81 73574 0
84 91 73589 0
81 114 73610 0
90 45 73673 1
82 72 73785 0
64 33 73839 1
96 87 73966 1
16 92 73972 0
81 73 73991 0
79 58 74032 0
60 34 74152 1
81 35 74219 1
96 82 74292 1
82 85 74329 0
44 70 74390 0
91 55 74449 1
80 66 74478 0
83 100 74479 0
82 69 74494 0
82 74 74559 0
77 53 74616 0
82 75 74696 0
41 72 74817 0
83 78 74910 0
81 75 74985 0
95 81 75098 1
14 93 75160 0
93 60 75202 1
92 54 75293 1
65 32 75364 1
83 76 75364 0
95 80 75373 1
92 54 75403 1
92 54 75503 1
93 56 75533 1
82 92 75574 0
77 56 75584 0
92 54 75612 1
92 54 75704 1
76 49 75724 0
87 117 75797 0
92 54 75815 1
92 54 75928 1
71 29 75963 1
92 54 76027 1
94 112 76040 1
28 61 76123 1
83 116 76131 0
92 54 76146 1
94 67 76155 1
41 50 76208 1
89 42 76226 1
83 98 76234 0
68 48 76239 0
84 120 76241 0
84 82 76250 0
84 116 76259 0
92 54 76266 1
49 65 76357 0
92 54 76370 1
92 54 76484 1
95 79 76520 1
77 30 76526 1
89 117 76542 0
83 89 76545 0
29 62 76580 1
92 54 76599 1
30 45 76642 0
97 118 76648 0
92 54 76704 1
5 96 76773 0
94 66 76791 1
92 54 76830 1
84 81 76838 0
82 116 76840 0
92 54 76947 1
92 54 77079 1
95 96 77172 1
92 54 77244 1
78 50 77303 0
84 35 77402 1
92 54 77422 1
87 116 77437 0
96 94 77600 1
83 33 77627 1
82 73 77632 0
92 54 77653 1
81 60 77678 0
90 47 77784 1
82 72 77789 0
95 106 77827 1
96 98 77888 1
84 93 77889 0
77 50 77931 0
92 54 77954 1
93 59 78029 1
91 49 78100 1
94 58 78160 1
95 89 78217 1
80 109 78218 0
95 90 78220 1
78 52 78227 0
75 47 78270 0
85 117 78284 0
68 31 78298 1
96 105 78301 1
95 78 78301 1
96 107 78301 1
92 54 78337 1
82 71 78375 0
53 19 78378 1
80 31 78380 1
74 14 78476 1
83 76 78493 0
86 35 78494 1
94 70 78526 1
92 58 78586 1
95 87 78592 1
13 74 78617 1
95 68 78619 1
95 97 78621 1
81 62 78686 0
91 50 78775 1
79 31 78796 1
79 54 78846 0
92 54 78874 1
75 30 78928 1
66 31 78954 1
83 95 79021 0
95 94 79046 1
84 116 79104 0
48 71 79123 1
83 105 79229 0
94 65 79254 1
84 20 79307 1
30 60 79329 1
82 69 79381 0
93 61 79433 1
87 39 79500 1
91 44 79502 1
78 29 79526 1
81 31 79531 1
95 98 79562 1
81 113 79566 0
83 78 79605 0
96 93 79665 1
70 31 79728 1
84 82 79746 0
92 54 79771 1
94 63 79780 1
81 110 79785 0
95 93 79785 1
88 39 79788 1
78 31 79796 1
84 81 79828 0
84 117 79835 0
85 36 79844 1
96 92 79845 1
83 116 79896 0
96 101 79901 1
17 91 79965 0
96 103 79971 1
37 55 80062 1
96 95 80077 1
81 61 80078 0
81 66 80100 0
89 116 80108 0
84 34 80126 1
91 48 80129 1
82 31 80141 1
96 100 80155 1
77 49 80179 0
79 30 80193 1
85 35 80197 1
82 93 80205 0
96 106 80225 1
79 53 80249 0
83 79 80256 0
82 107 80259 0
73 47 80296 0
96 104 80364 1
84 99 80371 0
109 45 80399 1
93 90 80483 1
109 45 80531 0
81 60 80550 0
82 32 80552 1
83 81 80604 0
82 118 80673 0
80 57 80732 0
83 77 80788 0
96 90 80806 1
69 48 80811 0
82 116 80819 0
7 28 80829 1
95 85 80831 1
95 75 80847 1
93 57 80880 1
83 104 80982 0
94 69 80983 1
82 115 81019 0
11 82 81030 0
92 57 81080 1
96 99 81136 1
92 53 81161 1
90 44 81190 1
92 54 81241 1
12 83 81322 0
11 80 81326 0
12 81 81354 0
69 31 81364 1
82 33 81382 1
12 82 81393 0
84 94 81406 0
83 75 81461 0
96 97 81502 1
96 81 81516 1
83 76 81535 0
89 41 81539 1
88 40 81561 1
13 87 81622 0
71 47 81677 0
82 72 81730 0
95 77 81744 1
91 46 81749 1
94 34 81766 1
96 91 81785 1
93 53 81788 1
85 116 81796 0
93 54 81806 1
65 50 81831 0
64 32 81877 1
95 105 81904 1
12 84 81905 0
82 73 81923 0
94 66 81927 1
15 91 81962 0
84 116 81971 0
95 99 82004 1
95 91 82007 1
83 97 82031 0
93 60 82041 1
73 29 82064 1
95 76 82079 1
69 47 82098 0
91 47 82130 1
18 70 82187 1
68 30 82267 1
95 64 82270 1
87 40 82274 1
83 100 82337 0
96 78 82417 1
95 107 82469 1
81 59 82515 0
11 81 82518 0
96 96 82540 1
74 47 82566 0
95 95 82602 1
86 37 82671 1
63 33 82749 1
84 32 82799 1
37 54 82807 1
74 48 82833 0
80 58 82844 0
12 90 82845 0
83 82 82853 0
94 64 82873 1
84 33 82949 1
78 50 82977 0
11 89 83002 0
84 91 83009 0
1 100 83017 0
95 108 83022 1
40 73 83025 0
82 98 83064 0
13 78 83077 0
54 61 83082 0
94 67 83086 1
83 99 83103 0
84 81 83105 0
11 83 83106 0
83 117 83169 0
13 92 83177 0
80 112 83182 0
12 79 83183 0
89 42 83219 1
12 85 83226 0
12 77 83228 0
76 30 83239 1
13 91 83245 0
81 114 83246 0
89 45 83258 1
83 91 83305 0
48 66 83335 0
42 72 83347 0
94 74 83384 1
80 61 83420 0
80 72 83496 0
20 90 83498 0
80 115 83510 0
82 75 83519 0
83 96 83526 0
1 106 83550 0
6 86 83566 0
80 55 83639 0
89 43 83676 1
95 86 83767 1
94 62 83836 1
80 108 83851 0
71 71 83869 0
86 36 83913 1
9 90 83929 0
93 56 83933 1
93 55 83997 1
78 30 84008 1
14 90 84041 0
94 73 84042 1
81 115 84096 0
15 90 84133 0
94 111 84266 1
83 93 84290 0
11 85 84316 0
96 79 84351 1
91 49 84397 1
90 43 84408 1
84 35 84477 1
93 58 84493 1
10 89 84493 0
81 60 84494 0
94 61 84495 1
53 61 84533 0
80 111 84663 0
83 116 84664 0
10 56 84675 0
83 78 84698 0
95 96 84755 1
83 34 84768 1
81 96 84783 0
42 50 84798 1
81 32 84850 1
92 54 85027 1
82 116 85090 0
83 33 85092 1
84 82 85195 0
79 77 85217 0
13 90 85298 0
35 77 85336 0
27 63 85347 1
92 51 85424 1
96 102 85444 1
77 31 85502 1
81 99 85542 0
72 29 85708 1
83 76 85714 0
87 41 85743 1
62 54 85839 0
15 94 85844 0
40 44 85852 0
87 118 85884 0
92 49 85960 1
33 79 85986 0
87 38 86000 1
8 91 86002 0
83 94 86032 0
88 73 86039 1
11 87 86076 0
81 62 86081 0
84 93 86082 0
80 82 86110 0
16 72 86110 1
82 65 86125 0
81 70 86141 0
23 87 86145 0
12 85 86232 0
32 80 86382 0
12 78 86467 0
62 33 86468 1
89 37 86712 1
80 55 86733 0
95 81 86794 1
96 82 86848 1
82 72 86866 0
83 80 86928 0
84 116 86972 0
70 49 87118 0
40 72 87133 0
53 62 87189 0
57 37 87398 1
78 54 87417 0
82 91 87418 0
14 91 87419 0
79 55 87420 0
82 73 87434 0
74 52 87474 0
79 122 87477 0
62 52 87480 0
29 81 87502 0
81 75 87513 0
77 78 87531 0
96 86 87547 1
81 112 87547 0
33 80 87552 0
75 29 87669 1
82 81 87703 0
82 114 87712 0
81 92 87745 0
73 30 87772 1
14 92 87783 0
81 109 87785 0
76 29 87851 1
82 95 87962 0
14 90 88082 0
71 49 88102 0
9 81 88142 0
12 83 88186 0
17 38 88209 0
81 85 88209 0
71 31 88210 1
81 111 88223 0
12 88 88231 0
4 90 88258 0
84 44 88258 1
25 86 88259 0
39 60 88259 1
78 87 88260 0
9 82 88353 0
80 73 88392 0
53 60 88449 0
77 49 88456 0
107 5 88491 0
81 67 88497 0
83 93 88590 0
81 119 88667 0
92 52 88687 1
84 105 88740 0
18 91 88755 0
54 60 88870 0
85 34 88874 1
83 32 88896 1
13 90 88922 0
49 64 89081 0
12 85 89085 0
95 78 89198 1
93 59 89270 1
14 88 89304 0
74 30 89426 1
82 65 89475 0
80 61 89609 0
82 116 89663 0
82 69 89707 0
80 30 89806 1
5 15 90217 0
71 30 90379 1
81 88 90429 0
13 89 90430 0
83 103 90523 0
76 47 90624 0
80 31 90698 1
80 59 90761 0
88 117 90852 0
78 63 90931 0
81 63 91160 0
82 114 91400 0
83 80 91436 0
76 56 91496 0
96 83 91547 1
81 64 91626 0
13 86 91671 0
81 112 91676 0
80 55 91749 0
109 45 91928 1
9 89 91945 0
12 82 91977 0
81 30 91988 1
95 92 91998 1
109 45 92024 0
90 116 92036 0
87 116 92067 0
12 88 92375 0
84 81 92448 0
83 71 92467 0
83 83 92489 0
95 88 92536 1
61 33 92736 1
79 53 92739 0
87 39 92779 1
82 64 92831 0
79 93 92931 0
81 61 93021 0
87 117 93125 0
81 70 93126 0
82 65 93147 0
84 80 93199 0
95 106 93238 1
12 81 93245 0
82 70 93475 0
62 53 93501 0
83 93 93512 0
13 90 93537 0
74 29 93752 1
95 66 93753 1
75 47 93754 0
76 47 93825 0
95 73 93881 1
96 77 93889 1
88 42 93936 1
91 45 93966 1
81 60 93984 0
11 84 94007 0
21 68 94205 1
94 59 94236 1
93 61 94252 1
96 89 94253 1
96 88 94268 1
12 85 94433 0
18 91 94439 0
81 109 94466 0
81 63 94555 0
88 41 94602 1
85 117 94602 0
83 95 94616 0
83 76 94632 0
14 90 94644 0
12 84 94652 0
95 11 94704 0
84 101 94866 0
109 45 94888 1
67 31 94890 1
13 89 94901 0
84 99 95101 0
82 114 95175 0
61 54 95183 0
94 63 95240 1
81 59 95272 0
80 78 95280 0
82 78 95353 0
91 48 95532 1
95 79 95590 1
80 61 95684 0
84 103 95809 0
94 65 95823 1
71 46 95859 0
82 116 95862 0
83 80 95879 0
81 112 95891 0
96 100 95961 1
80 81 95970 0
96 80 96031 1
82 115 96050 0
81 64 96066 0
95 67 96114 1
77 29 96192 1
86 117 96302 0
77 30 96505 1
72 46 96580 0
82 32 96716 1
80 59 96721 0
62 32 96801 1
43 48 96808 1
12 88 96811 0
45 47 96839 1
46 47 97025 1
69 30 97068 1
96 84 97098 1
95 68 97107 1
84 80 97171 0
83 92 97224 0
88 38 97261 1
82 64 97446 0
83 71 97579 0
84 87 97802 0
82 73 98016 0
109 45 98078 0
95 90 98099 1
82 70 98239 0
81 63 98620 0
90 44 98717 1
11 84 98761 0
84 101 98932 0
55 39 98984 1
84 34 98998 1
11 92 99101 0
96 101 99161 1
83 83 99165 0
88 40 99299 1
95 69 99314 1
63 53 99380 0
96 98 99443 1
82 66 99523 0
94 71 99539 1
95 97 99610 1
12 91 99670 0
76 47 99762 0
72 30 99891 1
86 37 100225 1
81 114 100234 0
95 80 100506 1
81 64 100790 0
95 72 100820 1
83 80 100955 0
18 91 100959 0
94 60 101107 1
83 115 101197 0
86 117 101218 0
81 70 101244 0
82 72 101347 0
13 90 101424 0
80 59 101990 0
34 78 102022 0
93 43 102067 1
83 72 102137 0
83 93 102236 0
78 58 102397 0
84 87 102486 0
93 114 102547 1
84 103 102584 0
84 84 102730 0
80 29 102959 1
82 70 103003 0
13 89 103035 0
16 11 103064 1
83 30 103075 1
96 105 103113 1
84 80 103141 0
96 87 103234 1
93 57 103240 1
85 36 103249 1
94 66 103295 1
89 42 103329 1
95 94 103402 1
40 52 103468 1
96 104 103594 1
95 70 103622 1
95 74 103651 1
96 85 103744 1
96 103 103814 1
96 99 103822 1
96 93 103833 1
102 52 103852 1
95 76 103875 1
96 97 103879 1
85 35 103894 1
11 84 103933 0
91 49 103944 1
84 94 103954 0
95 87 103970 1
95 89 104045 1
12 88 104068 0
82 114 104081 0
95 75 104179 1
85 116 104222 0
84 101 104253 0
79 54 104262 0
96 66 104274 0
96 90 104274 1
94 50 104278 1
94 64 104306 1
81 63 104325 0
79 50 104326 0
95 109 104356 1
91 47 104372 1
96 102 104381 1
81 112 104402 0
84 116 104412 0
95 82 104441 1
95 71 104468 1
89 116 104485 0
96 95 104555 1
84 75 104566 0
84 91 104587 0
93 60 104593 1
81 31 104640 1
95 93 104645 1
83 116 104649 0
80 57 104717 0
83 77 104731 0
71 46 104742 0
78 50 104773 0
75 30 104855 1
90 42 104869 1
83 33 104885 1
80 61 104895 0
93 52 104898 1
81 113 104924 0
87 39 104930 1
93 106 104960 1
93 54 104960 1
94 62 104981 1
93 43 104982 1
93 55 104982 1
95 77 105014 1
70 29 105070 1
82 65 105071 0
94 61 105082 1
96 81 105089 1
96 107 105106 1
95 107 105125 1
84 93 105125 0
95 78 105166 1
83 115 105175 0
96 94 105211 1
93 56 105262 1
96 96 105316 1
92 48 105321 1
93 53 105344 1
72 28 105403 1
96 91 105406 1
87 38 105423 1
79 30 105424 1
87 37 105428 1
77 26 105441 1
88 39 105446 1
80 55 105455 0
92 40 105464 1
69 29 105514 1
63 32 105522 1
94 63 105524 1
75 45 105552 0
81 61 105573 0
95 108 105575 1
91 48 105576 1
90 43 105595 1
94 65 105605 1
95 65 105606 1
82 64 105609 0
83 75 105633 0
86 36 105659 1
7 23 105673 1
92 51 105674 1
96 92 105674 1
83 31 105691 1
84 82 105692 0
95 95 105737 1
93 55 105757 1
93 58 105757 1
96 74 105777 1
81 59 105795 0
95 68 105803 1
95 66 105833 1
84 98 105846 0
92 49 105851 1
83 78 105865 0
96 101 105869 1
72 46 105871 0
93 46 105872 1
96 82 105901 1
88 40 105934 1
85 36 105970 1
90 44 106057 1
84 81 106072 0
81 110 106082 0
78 30 106098 1
84 99 106104 0
89 42 106118 1
96 99 106127 1
84 94 106134 0
87 116 106168 0
85 85 106175 0
85 34 106195 1
83 72 106204 0
85 35 106206 1
85 116 106216 0
96 80 106241 1
84 33 106248 1
82 31 106252 1
81 65 106319 0
95 79 106346 1
76 30 106359 1
83 68 106368 0
91 46 106370 1
86 34 106399 1
84 87 106405 0
95 110 106405 1
95 85 106408 1
83 71 106421 0
59 34 106448 1
96 103 106470 1
86 117 106495 0
91 49 106501 1
96 97 106513 1
95 75 106515 1
71 29 106568 1
81 32 106589 1
84 80 106612 0
12 86 106629 0
73 29 106635 1
86 35 106640 1
93 59 106669 1
78 29 106675 1
66 31 106688 1
93 51 106700 1
82 30 106708 1
96 86 106716 1
94 59 106733 1
81 60 106770 0
96 89 106804 1
97 78 106829 1
84 84 106833 0
70 30 106846 1
89 40 106852 1
81 109 106873 0
93 57 106889 1
91 47 106959 1
81 64 106985 0
75 29 107018 1
87 39 107088 1
84 103 107099 0
76 47 107099 0
89 41 107100 1
79 32 107120 1
82 33 107147 1
82 69 107167 0
95 63 107290 1
77 49 107323 0
82 78 107324 0
80 31 107342 1
96 98 107356 1
96 83 107362 1
83 33 107384 1
82 71 107388 0
76 29 107415 1
80 30 107423 1
96 102 107471 1
94 58 107516 1
94 56 107539 1
94 54 107564 1
96 100 107575 1
81 103 107619 0
74 28 107645 1
11 82 107667 0
96 104 107671 1
82 66 107681 0
84 101 107691 0
85 33 107698 1
67 32 107741 1
81 62 107742 0
84 91 107753 0
17 91 107755 0
95 90 107770 1
83 32 107774 1
84 75 107814 0
64 32 107829 1
65 31 107884 1
96 68 107926 1
84 93 107962 0
79 53 108022 0
83 79 108038 0
42 71 108050 0
94 61 108079 1
92 53 108114 1
95 73 108142 1
81 114 108161 0
78 52 108166 0
95 70 108170 1
68 48 108171 0
83 115 108186 0
93 50 108233 1
65 32 108265 1
94 60 108302 1
13 87 108302 0
95 76 108336 1
82 114 108363 0
94 62 108389 1
97 87 108411 1
89 116 108432 0
84 97 108451 0
93 56 108467 1
95 96 108488 1
95 67 108488 1
93 55 108488 1
84 32 108498 1
96 105 108509 1
81 31 108514 1
95 77 108605 1
88 40 108612 1
78 51 108614 0
95 78 108614 1
82 70 108623 0
97 85 108641 1
88 39 108648 1
95 69 108686 1
79 50 108715 0
83 83 108756 0
96 84 108759 1
12 89 108759 0
13 77 108760 0
94 57 108796 1
95 68 108797 1
91 45 108856 1
89 42 108868 1
96 73 108884 1
86 36 108898 1
12 85 108905 0
78 50 108918 0
12 83 108929 0
94 63 108931 1
95 94 108942 1
96 108 108947 1
85 35 108987 1
90 39 109003 1
87 36 109011 1
91 48 109028 1
96 88 109051 1
84 98 109052 0
19 90 109065 0
15 126 109070 1
96 93 109070 1
75 28 109085 1
87 38 109104 1
77 50 109115 0
81 55 109117 0
81 59 109129 0
84 116 109131 0
80 59 109132 0
84 94 109154 0
95 64 109184 1
96 77 109186 1
90 44 109199 1
72 29 109261 1
67 30 109269 1
88 38 109272 1
96 78 109338 1
84 90 109352 0
12 82 109375 0
82 32 109379 1
83 117 109383 0
15 91 109389 0
93 61 109403 1
85 34 109409 1
78 48 109446 0
81 30 109487 1
96 107 109508 1
82 64 109517 0
82 65 109532 0
77 29 109566 1
87 37 109595 1
96 96 109599 1
91 115 109614 0
95 74 109628 1
96 95 109655 1
96 101 109661 1
12 79 109693 0
84 34 109755 1
95 81 109758 1
83 72 109760 0
81 56 109814 0
83 80 109821 0
97 74 109885 1
93 52 109920 1
95 72 109948 1
87 31 109970 1
82 74 109971 0
14 88 109982 0
81 57 109983 0
96 90 109992 1
15 89 109995 0
93 58 110013 1
38 54 110045 1
96 106 110078 1
94 59 110116 1
15 90 110130 0
96 91 110133 1
85 116 110173 0
82 31 110214 1
12 84 110256 0
94 64 110256 1
11 84 110335 0
84 84 110336 0
18 92 110376 0
93 60 110389 1
14 90 110392 0
17 92 110398 0
59 36 110399 1
92 48 110421 1
47 45 110434 1
20 69 110448 1
95 66 110452 1
97 92 110473 1
18 91 110489 0
80 62 110498 0
18 35 110500 1
18 72 110501 1
12 81 110501 0
80 55 110505 0
95 101 110508 1
84 81 110576 0
80 110 110584 0
96 85 110589 1
19 91 110595 0
96 81 110643 1
13 86 110675 0
89 117 110684 0
79 30 110695 1
81 111 110707 0
12 86 110738 0
84 118 110751 0
80 54 110752 0
11 80 110764 0
92 49 110786 1
84 80 110787 0
93 54 110841 1
96 79 110853 1
93 53 110876 1
91 47 110892 1
95 92 110952 1
84 33 110959 1
38 53 111034 1
85 86 111065 0
96 92 111112 1
84 87 111157 0
33 78 111187 0
91 46 111226 1
96 76 111274 1
96 99 111291 1
67 49 111339 0
96 82 111369 1
83 76 111380 0
13 80 111386 0
13 89 111424 0
82 66 111468 0
12 78 111491 0
30 81 111495 0
12 87 111540 0
79 54 111558 0
69 31 111561 1
87 32 111577 1
85 36 111583 1
78 29 111592 1
84 98 111628 0
84 99 111640 0
70 31 111650 1
95 93 111657 1
15 92 111666 0
86 117 111669 0
16 91 111672 0
89 40 111679 1
46 46 111717 1
64 33 111718 1
83 115 111721 0
95 71 111739 1
81 60 111751 0
81 63 111776 0
84 97 111875 0
109 45 111942 1
97 98 111944 1
12 88 112010 0
13 90 112028 0
43 70 112074 0
75 29 112099 1
94 113 112101 1
83 71 112108 0
96 97 112142 1
90 43 112201 1
32 58 112204 1
93 57 112207 1
109 45 112217 0
89 34 112237 1
12 80 112261 0
13 85 112290 0
30 59 112331 1
84 90 112357 0
19 69 112381 1
78 30 112477 1
52 72 112519 1
83 68 112526 0
96 75 112567 1
24 87 112612 0
85 85 112620 0
75 45 112620 0
12 77 112663 0
84 101 112706 0
68 31 112707 1
12 83 112779 0
84 31 112800 1
13 87 112809 0
83 75 112853 0
11 78 112860 0
81 68 112882 0
96 80 112920 1
62 34 112921 1
17 73 112948 1
44 49 112969 1
90 116 112971 0
63 52 112982 0
98 80 113032 1
12 85 113049 0
94 53 113079 1
95 89 113081 1
81 57 113123 0
29 7 113162 1
79 29 113184 1
95 75 113190 1
0 0 113194 0
77 14 113270 1
41 72 113294 0
123 28 113347 1
89 31 113348 1
31 58 113353 1
96 103 113397 1
81 65 113413 0
96 94 113476 1
13 78 113495 0
95 40 113500 1
97 103 113505 1
95 108 113528 1
47 82 113529 1
12 82 113549 0
84 82 113561 0
12 94 113561 0
73 30 113563 1
92 51 113571 1
87 39 113575 1
81 75 113596 0
86 33 113626 1
93 112 113675 1
81 70 113685 0
34 79 113726 0
18 71 113756 1
19 89 113760 0
95 107 113760 1
79 50 113763 0
95 65 113811 1
78 51 113848 0
75 27 113918 1
56 36 113957 1
94 65 114039 1
89 41 114040 1
61 65 114051 1
86 35 114116 1
71 17 114123 1
80 30 114197 1
99 108 114453 1
95 76 114453 1
87 17 114476 1
80 54 114496 0
84 98 114506 0
84 103 114526 0
12 89 114563 0
25 85 114572 0
96 102 114587 1
89 42 114589 1
78 48 114595 0
102 38 114598 1
94 60 114618 1
45 46 114659 1
82 107 114665 0
25 84 114689 0
12 86 114768 0
87 117 114769 0
80 56 114780 0
95 100 114786 1
86 37 114794 1
11 83 114798 0
13 76 114804 0
10 86 114814 0
96 104 114864 1
84 84 114878 0
21 69 114912 1
32 59 114926 1
83 100 114945 0
11 81 114951 0
15 89 115149 0
84 97 115179 0
34 57 115236 1
82 116 115258 0
94 61 115305 1
77 60 115313 0
35 55 115365 1
83 32 115489 1
90 42 115537 1
96 98 115545 1
68 30 115567 1
88 40 115595 1
84 90 115635 0
84 96 115774 0
83 72 115793 0
81 64 115797 0
79 113 115833 0
80 31 115931 1
124 67 115940 1
92 47 115972 1
69 30 116025 1
67 23 116028 1
95 73 116105 1
96 109 116106 1
96 86 116131 1
82 70 116196 0
84 105 116236 0
81 56 116276 0
12 87 116294 0
20 90 116341 0
83 33 116412 1
87 38 116660 1
63 32 116666 1
81 108 116688 0
81 113 116715 0
36 55 116804 1
12 80 116847 0
75 46 116928 0
30 80 117012 0
5 85 117026 0
96 64 117044 1
14 91 117112 0
94 67 117163 1
95 78 117198 1
77 30 117239 1
72 28 117319 1
47 47 117346 1
76 47 117365 0
84 75 117483 0
86 36 117499 1
94 62 117523 1
95 86 117536 1
87 116 117549 0
83 115 117647 0
81 31 117733 1
95 109 117745 1
96 105 117761 1
82 75 117784 0
81 55 117862 0
83 73 117904 0
77 28 117905 1
99 65 117915 1
16 91 117980 0
100 72 118016 1
91 49 118120 1
95 62 118124 1
99 9 118179 1
93 55 118200 1
84 98 118213 0
85 84 118215 0
14 88 118275 0
71 47 118297 0
84 91 118307 0
81 59 118336 0
80 54 118476 0
95 79 118495 1
81 57 118512 0
94 55 118514 1
67 31 118556 1
12 84 118603 0
90 44 118610 1
84 32 118635 1
84 87 118647 0
88 39 118657 1
89 115 118729 0
85 35 118767 1
93 87 118812 1
87 37 118846 1
80 68 118863 0
95 67 118947 1
74 45 118969 0
85 89 118991 0
80 56 119093 0
81 74 119100 0
76 29 119145 1
96 83 119146 1
83 31 119166 1
16 73 119193 1
73 28 119260 1
63 33 119286 1
95 77 119331 1
84 97 119372 0
69 47 119400 0
96 100 119506 1
11 84 119507 0
61 34 119537 1
28 62 119559 1
82 64 119573 0
73 29 119642 1
66 126 119650 1
84 96 119694 0
14 98 119719 0
78 51 119798 0
69 48 119811 0
84 93 119819 0
84 90 119832 0
85 79 119859 0
84 80 119927 0
61 53 119944 0
83 105 119989 0
85 33 119997 1
82 114 120038 0
80 66 120129 0
82 93 120154 0
71 46 120186 0
78 108 120245 0
83 77 120278 0
82 65 120281 0
91 46 120329 1
95 69 120374 1
12 89 120409 0
95 103 120420 1
51 62 120435 0
31 80 120443 0
31 59 120452 1
94 63 120607 1
12 86 120709 0
74 29 120727 1
19 92 120731 0
81 32 120779 1
71 29 120810 1
95 106 120846 1
95 105 120887 1
81 110 120896 0
83 67 120920 0
96 87 120960 1
82 78 121083 0
18 91 121105 0
85 34 121127 1
72 46 121136 0
31 81 121212 0
12 81 121214 0
96 96 121217 1
93 98 121327 1
80 57 121350 0
12 79 121375 0
79 73 121414 0
35 78 121439 0
9 91 121441 0
75 46 121484 0
85 80 121621 0
95 74 121683 1
26 84 121763 0
12 87 121787 0
82 66 121788 0
15 90 121790 0
91 44 121896 1
72 47 121957 0
12 85 121964 0
76 54 121985 0
76 30 122014 1
82 72 122038 0
83 73 122051 0
86 117 122075 0
49 63 122086 0
20 91 122091 0
84 98 122104 0
91 45 122152 1
11 85 122157 0
77 29 122157 1
14 90 122169 0
10 88 122171 0
91 48 122177 1
73 78 122187 0
12 80 122251 0
13 92 122298 0
55 61 122409 0
13 85 122488 0
16 92 122534 0
66 50 122548 0
13 81 122667 0
88 117 122758 0
92 49 122807 1
83 68 122815 0
74 45 122823 0
81 61 122889 0
89 116 122911 0
81 54 122928 0
84 96 122951 0
10 56 123048 0
98 81 123079 1
95 66 123169 1
80 58 123201 0
83 78 123217 0
64 52 123235 0
13 77 123245 0
97 86 123283 1
83 71 123295 0
81 109 123334 0
80 54 123420 0
88 118 123423 0
84 84 123467 0
84 76 123529 0
47 46 123561 1
80 56 123566 0
79 59 123593 0
17 91 123603 0
78 57 123615 0
81 56 123650 0
96 89 123696 1
83 93 123737 0
13 86 123740 0
16 91 123818 0
55 60 123975 0
11 88 124015 0
77 51 124150 0
80 59 124478 0
13 84 124540 0
82 103 124597 0
96 90 124635 1
84 90 124644 0
96 84 124715 1
81 65 124868 0
75 48 124915 0
54 61 124965 0
84 97 125020 0
84 81 125041 0
13 90 125061 0
91 47 125085 1
78 48 125102 0
84 95 125141 0
83 87 125154 0
93 56 125157 1
13 89 125167 0
70 48 125168 0
71 48 125346 0
81 114 125367 0
81 79 125418 0
74 50 125431 0
12 90 125434 0
19 90 125441 0
83 85 125486 0
69 52 125558 0
96 88 125629 1
82 69 125654 0
82 86 125743 0
48 11 125900 0
82 115 125945 0
4 86 125947 0
84 100 125958 0
3 87 125971 0
30 82 125980 0
83 104 125999 0
80 52 126055 0
32 80 126063 0
28 84 126075 0
84 94 126088 0
84 99 126109 0
11 79 126109 0
81 80 126132 0
83 72 126160 0
93 53 126169 1
84 116 126208 0
81 98 126221 0
81 72 126285 0
0 105 126343 0
88 116 126395 0
84 96 126531 0
73 51 126583 0
80 61 126634 0
17 40 126645 0
75 64 126652 0
81 86 126653 0
75 46 126673 0
81 93 126701 0
61 119 126728 0
84 76 126733 0
83 90 126744 0
78 50 126789 0
80 102 126844 0
76 64 126868 0
87 72 126879 1
12 92 126897 0
12 89 126903 0
13 93 126917 0
5 74 126922 0
13 75 126925 0
31 79 126936 0
12 126 126968 0
26 49 126970 0
77 49 126972 0
11 100 126975 0
85 116 126998 0
62 52 127108 0
77 106 127128 0
60 15 127159 0
78 51 127197 0
12 87 127267 0
83 73 127284 0
81 89 127344 0
82 105 127446 0
93 51 127483 1
77 47 127557 0
83 106 127561 0
47 66 127568 0
80 75 127699 0
15 91 127764 0
79 53 127861 0
67 50 127977 0
79 72 127984 0
79 63 127993 0
12 82 128059 0
32 79 128060 0
83 98 128087 0
97 102 128091 1
85 86 128135 0
9 86 128162 0
10 87 128165 0
78 56 128267 0
90 43 128495 1
11 86 128533 0
96 101 128534 1
70 29 128665 1
12 80 128687 0
81 111 128761 0
57 36 128940 1
84 95 128972 0
75 47 129117 0
96 93 129174 1
12 88 129244 0
96 72 129268 1
79 30 129293 1
83 67 129428 0
80 92 129558 0
80 52 129600 0
80 56 129755 0
96 95 130177 1
88 116 130184 0
78 55 130187 0
81 57 130205 0
16 91 130288 0
84 100 130333 0
63 31 130367 1
68 47 130474 0
92 48 130550 1
81 112 130553 0
84 98 130611 0
94 58 130630 1
93 52 130674 1
95 72 130711 1
96 106 130733 1
95 68 130769 1
83 115 130782 0
77 47 130924 0
95 70 131195 1
85 85 131261 0
89 41 131283 1
84 76 131313 0
79 50 131342 0
94 56 131343 1
81 55 131368 0
88 37 131375 1
15 89 131379 0
94 54 131444 1
84 92 131481 0
96 85 131482 1
99 77 131486 1
96 99 131566 1
95 75 131576 1
88 38 131590 1
95 64 131633 1
85 84 131658 0
75 45 131725 0
84 101 131772 0
89 42 131821 1
94 59 131831 1
51 105 131911 1
84 75 131948 0
93 39 131986 1
92 46 131988 1
31 4 131992 1
82 31 132103 1
86 32 132104 1
96 97 132129 1
96 78 132130 1
97 81 132227 1
87 36 132235 1
62 53 132251 0
99 92 132289 1
18 90 132322 0
95 71 132335 1
96 81 132451 1
81 60 132470 0
84 86 132514 0
82 68 132579 0
84 95 132585 0
96 82 132608 1
84 103 132621 0
93 42 132622 1
93 54 132622 1
96 91 132643 1
84 96 132691 0
82 112 132778 0
84 33 132789 1
89 40 132793 1
74 45 132801 0
94 61 132835 1
95 65 132862 1
94 60 132873 1
95 76 132876 1
81 30 132920 1
85 101 132933 0
84 93 132983 0
84 91 132987 0
80 55 132990 0
83 80 132997 0
96 102 133035 1
96 79 133076 1
96 107 133145 1
82 64 133150 0
95 73 133186 1
72 48 133208 0
96 80 133258 1
58 36 133298 1
81 63 133311 0
93 58 133316 1
80 29 133346 1
94 57 133365 1
72 29 133377 1
95 63 133426 1
70 30 133426 1
86 34 133450 1
96 70 133463 1
96 103 133478 1
12 86 133487 0
75 28 133516 1
90 41 133550 1
80 52 133562 0
15 97 133564 0
81 66 133623 0
96 69 133633 1
43 49 133660 1
90 117 133662 0
73 78 133693 0
82 30 133698 1
96 92 133714 1
83 83 133734 0
96 76 133761 1
96 77 133803 1
78 29 133803 1
88 115 133828 0
77 47 133830 0
93 55 133849 1
86 35 133861 1
85 100 133870 0
93 50 133906 1
88 116 133953 0
84 85 133993 0
79 68 134041 0
88 39 134043 1
81 73 134055 0
62 32 134068 1
26 85 134077 0
81 74 134098 0
78 56 134108 0
78 95 134108 0
15 126 134114 0
64 32 134135 1
84 100 134210 0
95 66 134222 1
96 104 134246 1
87 116 134261 0
85 102 134266 0
65 51 134269 0
80 60 134289 0
91 46 134337 1
75 29 134355 1
37 76 134393 0
88 40 134397 1
85 80 134405 0
1 68 134405 0
80 54 134420 0
86 36 134428 1
87 37 134434 1
83 31 134448 1
80 30 134460 1
33 58 134461 1
81 62 134461 0
77 125 134501 0
85 79 134506 0
13 87 134512 0
83 97 134519 0
83 73 134520 0
81 54 134523 0
32 0 134524 0
78 48 134531 0
80 113 134532 0
67 48 134550 0
87 115 134632 0
83 94 134647 0
85 89 134689 0
90 116 134814 0
92 49 134828 1
13 80 134898 0
14 88 134932 0
43 71 134956 0
96 71 135006 1
84 90 135044 0
83 32 135216 1
84 97 135231 0
82 70 135252 0
81 123 135255 0
5 102 135265 0
82 106 135284 0
78 111 135310 0
84 92 135333 0
81 59 135341 0
28 83 135371 0
89 115 135382 0
82 65 135406 0
42 71 135408 0
94 59 135425 1
12 83 135451 0
79 61 135508 0
12 78 135516 0
75 51 135574 0
66 31 135605 1
96 94 135629 1
82 61 135653 0
75 46 135662 0
13 85 135676 0
91 45 135704 1
9 76 135710 0
20 89 135722 0
83 75 135749 0
95 67 135828 1
96 108 135837 1
84 76 135854 0
97 83 135860 1
85 35 135953 1
84 117 135999 0
79 56 136045 0
76 28 136069 1
83 68 136148 0
65 49 136192 0
12 81 136247 0
11 86 136309 0
81 31 136349 1
53 61 136382 0
93 49 136390 1
97 94 136426 1
73 80 136430 0
13 79 136468 0
84 95 136492 0
93 56 136499 1
12 84 136567 0
95 77 136583 1
96 96 136610 1
73 26 136639 1
81 55 136683 0
82 112 136701 0
85 86 136776 0
92 48 136873 1
13 78 136927 0
90 44 136949 1
12 76 136967 0
78 53 137076 0
46 67 137102 0
83 112 137108 0
97 95 137164 1
84 32 137248 1
95 74 137283 1
81 57 137364 0
95 68 137409 1
17 90 137480 0
91 115 137483 0
79 51 137513 0
78 30 137546 1
84 86 137560 0
80 69 137570 0
94 52 137627 1
79 50 137631 0
83 119 137645 0
82 68 137651 0
10 95 137702 0
85 34 137707 1
84 87 137764 0
73 47 137787 0
87 35 137822 1
79 52 137824 0
85 103 137843 0
18 90 137888 0
19 89 137978 0
97 100 138047 1
13 91 138124 0
93 57 138131 1
77 47 138151 0
82 61 138164 0
74 28 138245 1
96 86 138283 1
84 100 138312 0
12 82 138324 0
12 89 138333 0
77 65 138349 0
66 30 138360 1
81 125 138361 0
77 57 138371 0
84 83 138399 0
95 69 138400 1
76 47 138490 0
81 90 138492 0
96 83 138503 1
81 95 138507 0
29 82 138608 0
97 82 138615 1
97 99 138627 1
88 116 138630 0
51 63 138750 0
12 85 138816 0
13 76 138875 0
71 91 138879 0
83 88 138887 0
83 117 138892 0
81 78 138895 0
83 118 138948 0
85 85 138968 0
96 98 138988 1
91 47 139008 1
16 91 139013 0
79 46 139019 1
13 86 139029 0
84 92 139034 0
12 87 139079 0
92 47 139090 1
88 38 139097 1
89 39 139212 1
83 74 139216 0
83 106 139230 0
82 90 139273 0
94 55 139303 1
91 43 139312 1
13 84 139318 0
82 99 139328 0
84 85 139346 0
80 56 139376 0
83 95 139454 0
29 81 139500 0
81 29 139530 1
83 30 139689 1
96 67 139692 1
68 29 139718 1
96 105 139724 1
76 29 139735 1
30 60 139787 1
82 31 140031 1
85 118 140048 0
82 66 140068 0
97 80 140095 1
95 72 140253 1
85 84 140291 0
15 90 140338 0
65 31 140374 1
97 101 140422 1
68 48 140501 0
93 53 140540 1
95 64 140540 1
15 89 140662 0
95 78 140722 1
87 36 140766 1
95 61 140840 1
82 61 140854 0
91 116 140871 0
33 79 140888 0
84 80 140893 0
13 88 140904 0
95 75 141024 1
80 52 141061 0
79 51 141076 0
29 60 141097 1
85 33 141190 1
95 49 141229 1
79 29 141285 1
45 67 141424 0
78 55 141464 0
111 90 141506 1
79 28 141507 1
97 88 141594 1
17 89 141735 0
81 77 141793 0
94 62 141810 1
72 28 141857 1
82 112 141858 0
84 95 141884 0
89 118 141931 0
94 58 141942 1
96 90 142111 1
15 92 142173 0
83 96 142227 0
16 90 142228 0
84 94 142382 0
79 66 142560 0
96 106 142689 1
96 95 142766 1
94 111 142808 1
82 76 142837 0
42 49 142852 1
12 79 142866 0
82 68 142870 0
81 54 142905 0
13 81 143113 0
13 87 143136 0
84 104 143144 0
91 44 143266 1
95 60 143325 1
89 40 143382 1
96 93 143453 1
97 90 143495 1
71 46 143526 0
96 89 143539 1
79 52 143573 0
95 70 143609 1
77 52 143610 0
85 114 143628 0
62 33 143645 1
84 86 143667 0
84 92 143723 0
98 31 143787 1
83 74 143880 0
94 61 143943 1
83 72 143992 0
25 85 144003 0
84 73 144024 0
86 115 144041 0
93 51 144068 1
96 97 144085 1
17 90 144097 0
83 71 144104 0
84 91 144254 0
97 84 144287 1
84 100 144290 0
93 52 144405 1
85 101 144507 0
95 66 144534 1
97 85 144566 1
96 66 144630 1
18 90 144644 0
94 60 144699 1
81 56 144702 0
85 80 144707 0
80 50 144742 0
84 83 144743 0
83 67 144817 0
94 57 144819 1
84 98 144824 0
84 75 144845 0
95 73 144870 1
95 65 144902 1
20 92 144931 0
69 29 144946 1
77 29 144965 1
19 70 145005 1
86 35 145028 1
95 62 145039 1
84 96 145041 0
96 80 145044 1
76 46 145074 0
88 39 145075 1
96 84 145076 1
96 82 145083 1
83 65 145158 0
94 56 145164 1
84 85 145182 0
96 77 145183 1
78 48 145225 0
85 79 145237 0
16 93 145259 0
79 51 145264 0
12 80 145267 0
82 61 145289 0
96 99 145316 1
95 95 145321 1
97 97 145325 1
89 38 145357 1
84 33 145426 1
85 116 145430 0
92 49 145431 1
81 69 145435 0
89 116 145436 0
81 30 145455 1
13 89 145466 0
96 91 145495 1
95 71 145497 1
96 74 145505 1
85 100 145518 0
96 101 145539 1
83 91 145563 0
87 37 145619 1
94 53 145626 1
94 59 145634 1
87 115 145639 0
81 55 145671 0
83 110 145675 0
84 105 145768 0
96 78 145785 1
75 45 145795 0
78 29 145795 1
93 50 145799 1
93 54 145847 1
96 81 145849 1
97 96 145864 1
97 86 145923 1
83 109 145974 0
88 116 146039 0
91 45 146039 1
81 109 146052 0
73 28 146066 1
83 31 146086 1
96 75 146088 1
85 89 146089 0
92 46 146117 1
80 29 146135 1
72 46 146141 0
86 34 146212 1
88 115 146228 0
97 98 146243 1
13 88 146320 0
95 108 146320 1
87 34 146343 1
91 46 146343 1
94 112 146343 1
73 29 146357 1
85 102 146357 0
96 76 146400 1
88 37 146443 1
32 53 146458 1
11 86 146486 0
81 82 146566 0
27 84 146572 0
96 107 146576 1
75 44 146632 0
96 68 146657 1
93 55 146664 1
94 74 146676 1
71 28 146732 1
77 47 146756 0
82 30 146766 1
84 76 146785 0
95 63 146805 1
64 31 146805 1
89 39 146819 1
65 32 146835 1
84 73 146843 0
71 45 146857 0
88 38 146875 1
92 48 146890 1
90 40 146911 1
53 60 146922 0
85 32 146929 1
77 28 146946 1
95 110 147003 1
95 111 147004 1
19 91 147067 0
97 102 147075 1
13 85 147088 0
96 92 147120 1
90 41 147151 1
83 115 147168 0
90 42 147191 1
77 97 147236 0
70 28 147251 1
85 86 147290 0
69 47 147306 0
86 115 147323 0
14 88 147330 0
75 29 147335 1
94 54 147342 1
89 115 147409 0
95 64 147472 1
84 31 147473 1
89 40 147521 1
89 41 147543 1
97 104 147551 1
96 85 147551 1
91 42 147554 1
83 116 147586 0
79 30 147650 1
97 100 147674 1
78 53 147711 0
83 68 147756 0
86 116 147788 0
78 28 147791 1
81 57 147824 0
84 32 147847 1
74 45 147895 0
86 36 147900 1
87 36 147925 1
95 109 147964 1
82 114 147973 0
95 68 148041 1
18 91 148066 0
85 34 148124 1
80 30 148129 1
77 45 148176 0
83 65 148214 0
79 50 148232 0
109 68 148233 0
82 112 148237 0
97 83 148251 1
97 81 148262 1
14 90 148264 0
91 44 148287 1
10 83 148364 0
95 75 148378 1
16 90 148413 0
81 31 148516 1
97 93 148566 1
97 103 148588 1
97 76 148601 1
75 28 148635 1
17 89 148670 0
57 35 148704 1
69 30 148731 1
83 113 148786 0
81 25 148789 1
83 112 148871 0
80 52 148880 0
95 50 148882 1
81 54 148895 0
99 64 148927 1
13 80 148929 0
80 50 148932 0
97 99 148971 1
96 65 148971 1
83 74 149034 0
94 58 149036 1
71 29 149057 1
96 73 149091 1
91 43 149105 1
61 33 149128 1
96 109 149134 1
95 67 149142 1
66 31 149173 1
85 85 149174 0
85 31 149204 1
76 46 149266 0
56 125 149301 1
97 70 149321 1
97 79 149373 1
96 110 149423 1
82 29 149429 1
84 104 149436 0
92 47 149461 1
96 96 149512 1
85 84 149602 0
83 73 149660 0
95 66 149670 1
88 39 149682 1
87 35 149710 1
93 52 149799 1
84 95 149895 0
19 90 149900 0
79 51 149903 0
85 80 149910 0
13 79 149914 0
84 79 149986 0
94 51 150004 1
95 72 150011 1
95 51 150022 1
95 59 150022 1
97 87 150082 1
44 48 150122 1
94 55 150136 1
82 68 150166 0
20 90 150300 0
95 58 150302 1
13 85 150329 0
59 35 150338 1
74 46 150358 0
12 83 150371 0
103 65 150418 1
79 52 150430 0
82 31 150445 1
73 46 150476 0
15 87 150479 0
98 91 150487 1
97 89 150505 1
84 92 150531 0
29 59 150569 1
84 73 150587 0
85 99 150592 0
82 61 150614 0
35 57 150674 1
86 33 150767 1
92 45 150809 1
13 88 150856 0
13 86 150942 0
85 103 150954 0
34 79 151037 0
13 77 151069 0
95 69 151075 1
96 90 151097 1
82 109 151112 0
71 17 151171 1
13 84 151194 0
76 28 151195 1
95 62 151331 1
96 88 151332 1
96 72 151338 1
82 111 151465 0
83 114 151490 0
14 92 151490 0
82 71 151575 0
83 30 151627 1
96 89 151645 1
78 51 151722 0
83 113 151767 0
84 83 151794 0
83 32 151803 1
63 52 151935 0
85 33 151950 1
81 56 151988 0
85 79 151988 0
82 100 152041 0
13 83 152052 0
84 90 152164 0
53 41 152193 1
78 48 152197 0
85 81 152234 0
96 108 152238 1
86 115 152245 0
82 59 152258 0
85 101 152270 0
14 88 152285 0
84 89 152330 0
13 78 152619 0
95 61 152650 1
96 70 152656 1
67 30 152735 1
93 53 152743 1
83 65 152781 0
75 46 152787 0
84 86 152802 0
86 34 152834 1
53 39 152858 1
84 85 152871 0
98 31 152950 1
76 46 153091 0
86 116 153158 0
88 37 153188 1
96 24 153248 1
29 84 153258 0
74 28 153314 1
96 80 153345 1
82 89 153617 0
91 45 153631 1
95 70 153639 1
97 82 153656 1
88 38 153666 1
86 35 153666 1
76 29 153685 1
67 29 153691 1
79 57 153801 0
84 93 153820 0
67 31 153829 1
85 99 153842 0
93 48 153882 1
84 102 153919 0
94 57 153972 1
87 37 154100 1
87 115 154187 0
80 28 154230 1
95 65 154263 1
96 83 154316 0
96 69 154316 1
83 78 154342 0
83 29 154342 1
92 46 154343 1
93 113 154384 1
81 29 154502 1
89 40 154503 1
93 42 154522 1
17 90 154542 0
94 59 154563 1
93 50 154578 1
79 29 154729 1
81 30 154885 1
96 67 154944 1
108 93 154949 1
58 27 154971 1
96 75 154981 1
93 49 155019 1
96 77 155069 1
96 103 155071 1
96 82 155093 1
82 67 155118 0
90 41 155120 1
39 53 155164 1
78 29 155165 1
70 29 155175 1
68 30 155181 1
81 74 155218 0
88 33 155247 1
96 91 155256 1
87 33 155277 1
36 56 155347 1
99 51 155368 1
77 29 155379 1
30 61 155382 1
83 63 155385 0
83 113 155580 0
92 48 155694 1
96 76 155754 1
21 68 155780 1
93 56 155801 1
82 59 155868 0
87 36 155888 1
55 37 155939 1
72 28 155939 1
83 114 155979 0
84 79 156032 0
12 86 156043 0
82 111 156043 0
13 85 156045 0
82 60 156207 0
85 83 156209 0
85 81 156217 0
96 93 156338 1
56 37 156405 1
109 115 156431 1
96 106 156466 1
95 73 156466 1
83 67 156500 0
82 64 156520 0
96 71 156566 1
94 49 156599 1
94 56 156613 1
12 77 156642 0
26 18 156658 1
29 61 156740 1
19 71 156744 1
73 27 156753 1
84 67 156759 0
13 83 156773 0
21 89 156781 0
96 97 156803 1
83 74 156821 0
13 88 156823 0
82 109 156825 0
95 64 156838 1
73 45 156848 0
37 54 156863 1
64 32 156879 1
47 45 156882 1
88 115 157005 0
97 92 157062 1
97 80 157110 1
84 84 157113 0
83 31 157160 1
109 45 157177 1
97 85 157254 1
84 32 157283 1
17 72 157316 1
97 98 157330 1
97 97 157389 1
92 49 157389 1
95 63 157400 1
39 17 157446 1
97 101 157447 1
80 54 157498 0
97 95 157551 1
91 44 157589 1
85 76 157599 0
85 100 157660 0
81 55 157679 0
15 72 157703 1
85 89 157714 0
16 90 157717 0
87 116 157751 0
85 114 157752 0
74 46 157759 0
81 111 157822 0
109 45 157845 0
32 58 157855 1
96 66 157857 1
20 68 157958 1
96 78 158123 1
81 112 158144 0
80 50 158160 0
85 99 158180 0
91 114 158187 0
86 116 158276 0
82 107 158293 0
94 52 158308 1
84 75 158328 0
83 72 158342 0
82 113 158354 0
83 101 158373 0
76 46 158374 0
83 68 158409 0
96 107 158413 1
97 100 158451 1
89 39 158473 1
97 86 158515 1
83 71 158532 0
84 73 158548 0
97 105 158573 1
94 54 158591 1
66 49 158595 0
93 54 158619 1
14 91 158701 0
97 96 158703 1
94 58 158747 1
82 30 158750 1
82 112 158762 0
85 102 158764 0
78 53 158780 0
7 90 158802 0
84 76 158882 0
97 88 158887 1
89 115 158936 0
97 102 158957 1
62 12 158992 1
85 86 159040 0
77 45 159050 0
11 89 159060 0
88 116 159067 0
75 44 159122 0
97 103 159160 1
97 106 159168 1
94 53 159175 1
73 46 159196 0
76 49 159217 0
83 63 159223 0
91 42 159245 1
81 54 159248 0
84 89 159260 0
74 48 159280 0
97 78 159285 1
85 80 159292 0
83 108 159305 0
96 68 159316 1
86 115 159361 0
80 29 159379 1
82 60 159388 0
13 87 159397 0
85 79 159408 0
90 40 159412 1
73 28 159429 1
88 59 159429 1
88 36 159429 1
85 83 159442 0
83 89 159475 0
85 95 159516 0
85 73 159521 0
97 94 159527 1
79 81 159543 0
96 74 159547 1
82 59 159592 0
74 47 159592 0
85 81 159644 0
91 43 159651 1
97 91 159651 1
84 104 159682 0
83 110 159701 0
9 78 159705 0
81 110 159717 0
78 28 159742 1
91 40 159811 1
72 29 159862 1
96 64 159865 1
95 66 159865 1
85 75 159909 0
13 81 159947 0
79 55 159950 0
75 45 159952 0
12 81 159954 0
85 85 159959 0
82 111 159961 0
83 114 159967 0
97 104 159979 1
93 52 159985 1
71 47 160002 0
54 60 160013 0
83 76 160075 0
84 31 160079 1
83 113 160120 0
96 92 160154 1
85 74 160177 0
91 115 160184 0
83 109 160227 0
48 44 160253 1
97 84 160271 1
97 99 160417 1
79 28 160436 1
92 43 160439 1
77 46 160443 0
93 51 160464 1
36 77 160480 0
74 48 160523 0
87 115 160560 0
95 54 160572 1
92 44 160580 1
88 38 160591 1
83 112 160598 0
75 28 160605 1
80 53 160611 0
15 89 160647 0
16 91 160661 0
62 52 160675 0
83 65 160681 0
89 38 160741 1
85 84 160750 0
96 65 160763 1
79 52 160780 0
97 83 160798 1
95 60 160835 1
13 80 160847 0
77 28 160851 1
84 102 160863 0
81 56 160930 0
88 37 160932 1
18 90 160936 0
85 101 160944 0
79 51 160953 0
19 89 160979 0
89 40 160989 1
34 78 161043 0
79 83 161062 0
84 99 161100 0
92 47 161107 1
35 77 161137 0
25 84 161165 0
65 30 161169 1
75 29 161195 1
81 55 161202 0
82 61 161232 0
82 75 161255 0
84 81 161261 0
85 36 161294 1
85 99 161294 0
84 82 161306 0
81 114 161352 0
79 50 161362 0
10 84 161375 0
86 114 161397 0
97 90 161428 1
84 83 161449 0
84 103 161509 0
14 77 161513 0
43 70 161532 0
17 89 161544 0
40 71 161549 0
95 61 161637 1
94 57 161732 1
95 62 161738 1
74 48 161749 0
90 116 161777 0
73 29 161778 1
92 46 161831 1
20 89 161880 0
76 114 161885 0
85 89 161897 0
95 64 161901 1
60 34 161901 1
97 81 161914 1
82 60 161917 0
13 85 161926 0
95 57 161941 1
94 55 161947 1
73 45 161949 0
76 44 162001 0
51 62 162023 0
82 109 162035 0
84 79 162057 0
80 52 162079 0
85 83 162088 0
85 76 162171 0
80 50 162174 0
17 91 162272 0
89 42 162281 1
97 77 162300 1
97 93 162302 1
12 80 162313 0
85 95 162340 0
89 39 162365 1
88 115 162379 0
83 31 162397 1
85 33 162406 1
96 72 162427 1
83 30 162440 1
87 35 162454 1
96 77 162483 1
95 56 162527 1
33 78 162542 0
82 110 162545 0
84 29 162585 1
82 31 162632 1
85 114 162666 0
96 67 162675 1
85 100 162687 0
67 48 162703 0
80 63 162706 0
92 41 162713 1
92 48 162713 1
30 80 162721 0
97 95 162722 1
13 84 162724 0
85 34 162758 1
83 61 162771 0
15 90 162784 0
82 67 162833 0
70 30 162837 1
86 34 162894 1
69 48 162895 0
83 63 162903 0
84 30 162925 1
13 86 162934 0
78 55 162942 0
13 76 162960 0
13 83 162979 0
85 103 163019 0
85 32 163044 1
12 85 163047 0
34 58 163049 1
26 84 163060 0
65 31 163067 1
50 62 163144 0
77 45 163156 0
84 67 163166 0
96 73 163228 1
95 68 163242 1
12 82 163255 0
56 60 163279 0
81 30 163289 1
82 59 163304 0
74 48 163334 0
96 33 163420 1
96 75 163420 1
52 62 163471 0
109 45 163473 1
15 87 163488 0
81 54 163492 0
95 63 163501 1
77 47 163529 0
77 27 163544 1
91 44 163566 1
109 45 163607 0
77 46 163659 0
82 113 163710 0
96 50 163733 1
109 68 163742 1
84 101 163963 0
84 32 163992 1
86 33 163998 1
46 68 164083 0
71 46 164118 0
50 65 164138 0
14 88 164140 0
13 79 164145 0
13 78 164165 0
31 58 164179 1
94 56 164267 1
83 114 164308 0
75 60 164359 0
13 88 164402 0
86 115 164439 0
82 111 164440 0
96 95 164454 1
74 48 164457 0
84 100 164509 0
13 85 164510 0
31 80 164541 0
81 106 164542 0
82 60 164574 0
82 87 164593 0
96 76 164604 1
86 116 164610 0
12 84 164611 0
76 46 164616 0
82 65 164625 0
11 82 164656 0
76 28 164664 1
45 69 164687 0
70 51 164705 0
78 49 164710 0
88 119 164713 0
84 73 164714 0
3 86 164717 0
79 97 164724 0
85 81 164736 0
54 61 164791 0
85 80 164793 0
11 76 164802 0
74 45 164805 0
79 118 164813 0
5 98 164816 0
81 64 164825 0
81 87 164849 0
87 105 164852 1
85 102 164874 0
75 50 164988 0
65 50 165004 0
84 92 165009 0
8 93 165012 0
97 101 165016 1
78 48 165017 0
10 82 165025 0
37 124 165036 0
21 88 165039 0
6 83 165040 0
10 56 165041 0
44 25 165046 0
80 53 165055 0
83 99 165087 0
73 59 165190 0
13 80 165197 0
87 125 165208 0
78 70 165241 0
32 80 165245 0
89 116 165250 0
81 57 165253 0
77 74 165296 0
9 88 165305 0
85 116 165311 0
83 113 165330 0
57 92 165332 0
85 83 165340 0
11 93 165340 0
84 122 165342 0
19 91 165343 0
94 51 165366 1
92 45 165441 1
42 72 165449 0
76 45 165495 0
96 91 165516 1
84 89 165518 0
74 48 165524 0
97 98 165548 1
48 65 165645 0
66 31 165699 1
74 46 165744 0
13 81 165785 0
81 94 165799 0
82 80 165836 0
68 47 165883 0
77 48 165902 0
85 95 165939 0
45 68 166012 0
65 52 166020 0
73 55 166026 0
27 82 166108 0
83 108 166117 0
14 75 166146 0
10 89 166150 0
83 122 166177 0
11 73 166189 0
78 64 166193 0
78 61 166212 0
80 71 166236 0
96 90 166370 1
84 102 166438 0
94 50 166483 1
77 46 166506 0
82 84 166609 0
72 64 166614 0
87 34 166624 1
96 80 166661 1
97 102 166729 1
38 75 166796 0
78 29 166806 1
97 89 166844 1
74 48 166876 0
79 60 166908 0
85 75 167001 0
84 94 167005 0
13 77 167010 0
80 74 167027 0
11 86 167066 0
80 51 167095 0
93 50 167264 1
84 105 167462 0
84 112 167520 0
83 67 167562 0
66 30 167630 1
15 89 167636 0
82 110 167665 0
86 32 167724 1
13 74 167775 0
82 123 167811 0
84 95 167815 0
97 82 167931 1
94 54 167931 1
97 79 167989 1
98 74 168112 1
97 103 168278 1
61 32 168311 1
82 60 168379 0
14 89 168380 0
30 59 168476 1
97 100 168549 1
72 27 168565 1
91 41 168621 1
96 66 168649 1
74 48 168668 0
30 58 168673 1
71 28 168756 1
39 52 168862 1
45 48 168915 1
82 30 168923 1
61 31 168929 1
84 79 169009 0
82 109 169042 0
94 58 169081 1
14 87 169085 0
91 43 169178 1
76 45 169238 0
98 31 169264 1
19 68 169732 1
82 113 169766 0
74 48 169780 0
83 106 169852 0
96 89 169940 1
12 95 169997 0
80 53 170004 0
53 62 170079 0
97 92 170094 1
97 97 170119 1
97 87 170125 1
95 62 170166 1
93 49 170216 1
85 31 170227 1
74 28 170258 1
13 85 170268 0
78 49 170299 0
96 107 170354 1
96 70 170355 1
83 64 170357 0
82 111 170379 0
89 115 170392 0
76 29 170409 1
82 58 170434 0
87 36 170451 1
96 69 170474 1
69 30 170564 1
98 83 170572 1
33 80 170589 0
96 81 170619 1
97 96 170672 1
82 59 170676 0
95 61 170680 1
77 46 170681 0
89 39 170734 1
80 51 170748 0
83 114 170777 0
16 90 170817 0
96 63 170826 1
73 46 170827 0
97 85 170855 1
88 39 170906 1
106 77 170927 1
80 29 170991 1
85 79 171002 0
86 114 171013 0
74 48 171029 0
85 73 171050 0
93 48 171053 1
85 83 171060 0
44 47 171106 1
88 37 171112 1
85 99 171146 0
73 45 171180 0
92 46 171205 1
83 68 171243 0
85 86 171275 0
79 29 171299 1
82 67 171307 0
85 74 171373 0
71 29 171390 1
83 65 171406 0
91 114 171448 0
13 90 171518 0
93 51 171629 1
91 42 171644 1
87 115 171658 0
97 99 171682 1
96 65 171755 1
95 59 171766 1
88 115 171774 0
93 47 171804 1
80 50 171824 0
97 80 171841 1
83 30 171853 1
95 60 171866 1
88 36 171889 1
83 63 171910 0
97 44 171944 0
89 66 171944 1
89 38 171944 1
85 76 171961 0
82 56 171977 0
97 86 172020 1
83 61 172035 0
77 29 172074 1
83 31 172087 1
85 101 172117 0
87 28 172139 1
88 38 172144 1
85 84 172156 0
85 85 172158 0
96 71 172176 1
96 74 172178 1
97 74 172180 1
85 95 172190 0
89 40 172214 1
74 27 172246 1
98 82 172263 1
85 89 172263 0
96 108 172301 1
83 74 172332 0
96 68 172339 1
95 58 172346 1
83 112 172383 0
94 52 172390 1
90 40 172397 1
83 109 172431 0
71 45 172450 0
94 53 172450 1
97 88 172488 1
94 59 172517 1
82 112 172518 0
78 115 172522 0
90 41 172524 1
94 57 172527 1
15 86 172569 0
74 48 172584 0
47 67 172597 0
93 52 172607 1
93 44 172614 1
77 25 172637 1
76 44 172642 0
17 90 172653 0
96 77 172675 1
83 110 172677 0
97 104 172680 1
96 75 172714 1
81 29 172736 1
84 31 172798 1
86 34 172934 1
85 100 172941 0
97 98 172950 1
85 114 172978 0
82 60 172987 0
82 58 173000 0
83 82 173039 0
73 28 173044 1
96 64 173068 1
88 35 173082 1
78 60 173105 0
86 115 173144 0
87 35 173149 1
81 54 173172 0
90 39 173178 1
86 100 173223 0
58 35 173240 1
78 28 173253 1
95 55 173270 1
94 55 173322 1
80 28 173323 1
97 91 173335 1
96 67 173379 1
77 48 173410 0
97 83 173430 1
82 29 173432 1
84 67 173515 0
97 81 173519 1
95 63 173540 1
13 83 173559 0
93 50 173561 1
55 59 173574 0
79 65 173609 0
96 45 173629 0
96 62 173629 1
98 84 173642 1
82 110 173657 0
83 64 173661 0
14 89 173666 0
57 37 173704 1
97 94 173714 1
3 54 173721 0
69 29 173741 1
91 115 173742 0
96 73 173742 1
80 51 173747 0
89 37 173760 1
84 102 173771 0
85 80 173772 0
67 30 173784 1
85 79 173803 0
85 98 173823 0
85 81 173867 0
81 55 173875 0
81 116 173917 0
74 48 173930 0
19 89 173947 0
98 98 173952 1
76 27 173970 1
13 84 173974 0
82 56 173980 0
62 32 173981 1
64 31 173992 1
96 76 173995 1
95 64 174002 1
84 75 174005 0
72 49 174021 0
97 101 174032 1
15 91 174042 0
72 46 174067 0
96 72 174068 1
97 100 174075 1
76 45 174097 0
5 74 174114 0
11 83 174132 0
14 87 174156 0
13 87 174162 0
85 102 174178 0
73 78 174219 0
19 90 174233 0
83 113 174251 0
81 59 174318 0
51 105 174337 0
81 56 174338 0
72 28 174348 1
21 47 174352 0
77 53 174354 0
77 28 174355 1
95 53 174357 1
91 44 174378 1
75 28 174390 1
75 27 174391 1
95 110 174407 1
33 79 174415 0
94 51 174447 1
81 61 174456 0
78 76 174464 0
18 90 174480 0
8 87 174486 0
9 85 174512 0
81 101 174514 0
85 75 174519 0
84 89 174540 0
43 50 174548 1
81 30 174565 1
84 32 174597 1
89 39 174631 1
87 36 174766 1
92 45 174772 1
84 115 174796 0
97 78 174815 1
95 62 174892 1
82 100 174912 0
85 73 174918 0
68 48 174931 0
43 72 174968 0
84 20 175007 1
74 48 175036 0
87 115 175060 0
88 37 175064 1
97 102 175116 1
97 105 175149 1
32 79 175233 0
85 74 175243 0
95 109 175263 1
69 47 175276 0
79 28 175296 1
80 53 175381 0
95 61 175397 1
82 58 175403 0
85 99 175450 0
77 46 175455 0
85 33 175490 1
13 85 175493 0
96 66 175532 1
85 117 175542 0
86 33 175558 1
82 113 175567 0
95 70 175577 1
82 27 175623 1
14 77 175648 0
85 88 175691 0
95 75 175714 1
89 115 175738 0
97 84 175756 1
13 78 175825 0
37 75 175838 0
85 76 175843 0
101 48 175877 1
86 116 175880 0
17 89 175894 0
15 87 176006 0
94 56 176034 1
13 86 176042 0
85 96 176085 0
94 54 176090 1
20 89 176146 0
13 75 176149 0
18 91 176159 0
44 70 176167 0
87 34 176231 1
63 31 176231 1
97 93 176232 1
97 95 176239 1
82 56 176243 0
74 48 176269 0
97 90 176270 1
92 46 176270 1
80 114 176307 0
97 103 176375 1
15 75 176440 0
82 109 176573 0
33 57 176577 1
84 112 176640 0
13 81 176687 0
93 49 176694 1
13 80 176695 0
84 104 176703 0
97 97 176710 1
92 44 176759 1
83 64 176824 0
16 87 176840 0
30 81 176900 0
86 114 176917 0
91 43 176965 1
16 89 176976 0
81 65 177021 0
80 52 177024 0
68 29 177025 1
75 45 177099 0
83 108 177119 0
83 63 177129 0
88 115 177132 0
85 98 177139 0
81 105 177173 0
14 88 177191 0
79 117 177205 0
85 89 177215 0
13 85 177221 0
81 58 177238 0
17 71 177248 1
78 49 177286 0
80 51 177302 0
74 48 177330 0
83 61 177338 0
97 77 177359 1
95 52 177392 1
31 59 177433 1
13 76 177443 0
89 38 177454 1
82 30 177575 1
85 95 177611 0
96 109 177657 1
91 42 177666 1
92 43 177675 1
83 65 177690 0
52 33 177710 1
22 67 177754 1
80 50 177760 0
98 88 177764 1
64 30 177782 1
85 32 177792 1
97 76 177805 1
77 44 177817 0
81 28 177885 1
90 40 177909 1
95 57 177936 1
94 49 178006 1
13 79 178030 0
33 58 178039 1
76 48 178103 0
82 58 178207 0
98 102 178311 1
13 82 178312 0
95 42 178343 1
97 57 178354 1
94 50 178497 1
38 53 178551 1
80 29 178577 1
63 32 178582 1
14 89 178615 0
88 36 178638 1
13 84 178674 0
20 90 178712 0
68 25 178713 1
83 30 178826 1
83 21 178828 1
84 28 178829 1
85 96 178957 0
76 46 178979 0
14 87 178993 0
83 31 178998 1
14 86 179034 0
97 75 179037 1
90 38 179062 1
85 97 179063 0
97 82 179121 1
85 83 179121 0
84 85 179193 0
74 48 179200 0
38 54 179269 1
12 78 179276 0
97 99 179283 1
85 88 179291 0
85 92 179356 0
91 41 179427 1
92 115 179433 0
84 115 179440 0
94 58 179466 1
84 73 179480 0
82 63 179491 0
95 60 179492 1
90 39 179511 1
82 56 179563 0
96 63 179646 1
76 28 179701 1
37 55 179711 1
85 91 179946 0
98 87 179954 1
75 29 179972 1
96 61 179994 1
44 49 180022 1
97 96 180069 1
85 35 180069 1
96 65 180211 1
74 48 180311 0
13 85 180322 0
97 79 180339 1
98 86 180374 1
96 70 180377 1
85 98 180478 0
96 74 180489 1
99 60 180507 1
92 42 180525 1
93 48 180693 1
78 29 180701 1
97 73 180760 1
27 62 180858 1
21 67 180859 1
82 60 180873 0
83 66 180887 0
66 29 180980 1
70 46 181019 0
83 75 181042 0
91 38 181055 1
84 78 181146 0
100 102 181200 1
72 26 181204 1
97 62 181208 1
97 56 181279 1
96 75 181332 1
91 34 181413 1
41 51 181428 1
35 56 181550 1
86 31 181568 1
70 27 181596 1
109 68 181604 1
77 48 181626 0
97 86 181681 1
89 36 181782 1
65 31 181800 1
72 45 181800 0
83 64 181824 0
97 89 181862 1
13 82 181912 0
96 77 181956 1
85 96 182053 0
88 27 182096 1
93 47 182125 1
90 41 182187 1
74 48 182287 0
97 104 182313 1
16 89 182321 0
96 64 182337 1
21 89 182365 0
85 90 182406 0
85 97 182438 0
83 62 182478 0
97 85 182499 1
83 71 182499 0
96 69 182530 1
79 89 182536 0
74 46 182565 0
14 86 182610 0
97 80 182663 1
85 92 182721 0
76 45 182723 0
86 34 182723 1
76 44 182842 0
87 35 182884 1
64 32 182931 1
85 115 182947 0
93 46 182958 1
13 85 182980 0
68 30 182983 1
13 88 183100 0
86 32 183136 1
70 29 183170 1
74 48 183172 0
95 77 183214 1
85 88 183305 0
95 59 183312 1
15 89 183356 0
85 78 183386 0
85 91 183397 0
84 97 183398 0
82 111 183515 0
98 96 183577 1
82 58 183613 0
29 83 183617 0
96 71 183634 1
7 76 183647 0
81 29 183739 1
80 51 183796 0
96 58 183829 1
98 31 183833 1
82 110 183852 0
124 9 183874 0
98 97 183937 1
93 51 183957 1
92 114 184073 0
81 58 184098 0
84 115 184112 0
13 78 184145 0
17 92 184234 0
88 32 184468 1
85 103 184545 0
84 76 184551 0
13 89 184604 0
74 48 184629 0
14 90 184648 0
83 67 184678 0
96 73 184709 1
70 28 184955 1
85 98 184982 0
78 28 184999 1
98 85 185068 1
83 69 185172 0
83 62 185295 0
96 68 185298 1
83 66 185459 0
86 100 185490 0
84 70 185494 0
95 87 185584 1
85 97 185592 0
85 96 185610 0
73 45 185674 0
85 90 185735 0
32 53 185836 1
74 48 185850 0
14 89 185874 0
1 48 185885 1
97 67 185960 1
13 83 186027 0
84 69 186100 0
97 102 186105 1
97 106 186105 1
92 45 186111 1
80 53 186134 0
94 57 186210 1
81 53 186280 0
64 50 186329 0
94 48 186402 1
13 82 186435 0
82 113 186438 0
85 92 186486 0
50 64 186525 0
83 112 186679 0
85 78 186730 0
95 61 186781 1
97 72 186919 1
94 52 186985 1
77 45 187010 0
85 114 187029 0
82 61 187040 0
97 87 187115 1
82 63 187167 0
85 31 187173 1
84 79 187233 0
87 36 187241 1
74 48 187261 0
66 31 187290 1
84 78 187351 0
84 67 187357 0
85 115 187364 0
13 85 187413 0
85 94 187507 0
85 91 187538 0
90 115 187543 0
14 86 187555 0
49 44 187592 1
97 98 187648 1
84 77 187648 0
79 48 187691 0
85 73 187698 0
74 27 187712 1
89 39 187723 1
94 46 187724 1
84 30 187775 1
72 45 187791 0
85 86 187799 0
97 63 187902 1
93 50 188023 1
83 62 188113 0
44 69 188260 0
15 86 188326 0
14 76 188362 0
74 48 188453 0
85 85 188457 0
82 59 188513 0
80 28 188525 1
88 37 188531 1
85 88 188583 0
85 74 188584 0
85 101 188631 0
98 90 188663 1
73 29 188728 1
82 56 188729 0
94 53 188778 1
96 72 188888 1
95 43 188986 1
60 33 189205 1
16 89 189355 0
80 55 189365 0
95 58 189383 1
85 97 189413 0
90 35 189452 1
84 70 189461 0
93 55 189508 1
98 81 189595 1
97 101 189636 1
85 90 189676 0
26 83 189753 0
86 115 189796 0
85 77 189831 0
95 62 189892 1
97 83 189928 1
86 20 190009 1
81 53 190022 0
73 27 190041 1
90 36 190062 1
85 78 190094 0
88 23 190114 1
84 69 190118 0
87 30 190119 1
74 48 190334 0
81 31 190360 1
80 49 190481 0
96 110 190483 1
85 96 190508 0
63 14 190561 1
98 46 190632 1
109 11 190634 1
84 115 190643 0
86 82 190783 0
92 39 190806 1
98 103 190825 1
85 30 190876 1
97 92 190899 1
97 107 190910 1
79 48 191043 0
96 67 191093 1
83 66 191113 0
92 48 191151 1
84 31 191332 1
87 33 191353 1
81 54 191367 0
97 100 191376 1
85 94 191450 0
78 22 191453 1
92 46 191500 1
89 28 191599 1
74 48 191741 0
13 85 192004 0
85 115 192260 0
97 91 192437 1
85 75 192462 0
83 29 192499 1
83 69 192598 0
96 76 192606 1
85 98 192674 0
84 64 192692 1
83 62 192892 0
95 56 192910 1
32 58 192943 1
78 49 193153 0
81 30 193211 1
97 81 193221 1
97 103 193224 1
66 30 193276 1
54 40 193281 1
96 66 193305 1
81 58 193326 0
90 115 193333 0
96 107 193351 1
123 99 193368 1
85 92 193435 0
56 38 193511 1
83 114 193571 0
97 88 193697 1
81 53 193748 0
81 52 193759 0
82 57 193789 0
85 77 193896 0
74 28 193949 1
97 95 194013 1
80 27 194051 1
71 24 194055 1
13 82 194064 0
96 60 194086 1
84 78 194088 0
74 48 194091 0
77 28 194190 1
86 97 194251 0
97 94 194257 1
80 49 194450 0
76 48 194475 0
71 27 194515 1
98 31 194533 1
85 78 194606 0
79 48 194639 0
94 51 194703 1
84 70 195002 0
82 63 195008 0
94 55 195080 1
49 45 195089 1
85 97 195285 0
89 37 195318 1
78 26 195377 1
97 53 195551 1
79 23 195584 1
109 79 195639 1
44 48 195730 1
98 75 195743 1
96 59 195820 1
97 65 195822 1
69 18 195845 1
85 94 195872 0
92 44 195901 1
95 47 195941 1
77 48 196139 0
99 73 196146 1
85 82 196213 0
98 101 196216 1
56 90 196224 1
88 36 196228 1
97 108 196246 1
109 45 196303 1
86 30 196453 1
69 28 196525 1
102 112 196561 1
27 61 196562 1
109 45 196562 0
92 38 196675 1
75 28 196724 1
60 31 196744 1
84 27 196768 1
97 90 196823 1
75 26 196858 1
91 42 196863 1
96 65 196870 1
97 105 196877 1
78 27 196931 1
88 35 197037 1
84 77 197042 0
97 93 197042 1
98 100 197059 1
13 85 197063 0
97 74 197079 1
27 60 197182 1
87 34 197184 1
86 82 197190 0
95 90 197217 1
104 15 197306 1
98 72 197346 1
95 11 197360 1
83 28 197407 1
94 54 197440 1
91 114 197444 0
93 49 197494 1
85 100 197535 0
83 64 197542 0
77 44 197551 0
97 97 197555 1
96 70 197570 1
82 29 197588 1
86 33 197588 1
96 63 197590 1
84 69 197652 0
96 53 197653 1
95 60 197680 1
89 38 197712 1
97 99 197713 1
82 30 197718 1
93 80 197728 1
12 83 197751 0
83 110 197776 0
79 28 197777 1
82 58 197797 0
96 64 197801 1
97 104 197849 1
85 77 197860 0
43 48 197873 1
84 102 197901 0
86 114 197908 0
84 71 197939 0
94 50 197944 1
73 28 197997 1
97 78 198008 1
83 68 198012 0
75 44 198029 0
81 52 198039 0
97 96 198089 1
59 42 198113 1
90 40 198118 1
85 76 198162 0
85 99 198182 0
85 90 198200 0
82 57 198215 0
26 85 198217 0
85 69 198236 0
95 54 198274 1
80 49 198315 0
96 62 198318 1
80 29 198319 1
93 85 198328 1
83 105 198337 0
95 57 198363 1
83 81 198363 0
9 78 198367 0
84 72 198371 0
85 102 198373 0
83 109 198375 0
83 61 198377 0
83 30 198383 1
87 115 198384 0
96 75 198394 1
92 43 198397 1
56 90 198405 0
16 90 198414 0
89 115 198415 0
73 82 198422 0
79 74 198425 0
83 95 198454 0
96 71 198455 1
79 27 198461 1
85 91 198540 0
84 112 198542 0
91 40 198563 1
89 39 198574 1
97 86 198585 1
97 76 198614 1
8 86 198643 0
97 95 198655 1
83 77 198706 0
85 115 198710 0
85 80 198725 0
81 53 198735 0
98 98 198753 1
25 86 198755 0
98 79 198763 1
97 98 198779 1
77 27 198791 1
83 62 198804 0
95 58 198813 1
81 29 198814 1
98 83 198844 1
83 111 198859 0
87 35 198897 1
65 30 198903 1
98 80 198906 1
83 31 198919 1
94 49 198945 1
59 34 198960 1
75 27 199007 1
90 39 199024 1
95 55 199041 1
96 72 199052 1
93 43 199088 1
85 84 199131 0
79 48 199141 0
96 67 199155 1
97 84 199155 1
82 28 199197 1
97 82 199202 1
91 42 199215 1
98 78 199217 1
91 39 199218 1
93 47 199226 1
72 28 199283 1
96 69 199287 1
85 88 199295 0
98 92 199300 1
82 52 199310 0
96 108 199312 1
96 74 199314 1
81 27 199322 1
85 89 199325 0
85 95 199338 0
97 77 199341 1
76 27 199423 1
93 46 199441 1
71 28 199454 1
83 63 199486 0
97 100 199508 1
95 59 199509 1
89 40 199524 1
98 77 199556 1
97 31 199558 1
95 61 199594 1
91 41 199596 1
99 88 199604 1
96 68 199624 1
97 68 199681 1
85 74 199707 0
64 51 199709 0
89 38 199714 1
96 73 199730 1
85 73 199739 0
96 61 199754 1
85 78 199799 0
97 85 199800 1
72 45 199888 0
98 95 199903 1
94 51 199944 1
83 65 199949 0
93 48 199972 1
0 0 200010 0
