30 57 0 1
55 80 121 1
96 56 261 1
15 73 429 0
15 79 477 0
50 94 658 0
31 56 811 1
28 56 1128 1
59 104 1267 0
56 43 1400 1
21 55 1978 1
95 53 2012 1
82 90 2239 0
22 54 2298 1
107 110 2436 1
64 108 2508 1
100 67 2542 1
96 46 2592 1
99 72 2597 1
95 42 2648 1
95 54 2692 1
92 31 2737 1
100 66 2791 1
95 40 2830 1
98 38 2836 1
100 71 2867 1
74 32 2876 1
100 70 2883 1
92 32 3002 1
85 28 3005 1
95 47 3032 1
100 65 3113 1
15 58 3183 0
80 90 3188 0
90 30 3201 1
94 37 3270 1
94 34 3281 1
99 62 3283 1
97 57 3359 1
100 69 3415 1
99 60 3450 1
96 55 3464 1
98 58 3546 1
64 65 3584 0
95 52 3661 1
95 49 3682 1
94 44 3689 1
100 63 3760 1
88 28 3767 1
91 32 3768 1
96 41 3787 1
95 44 3799 1
98 59 3823 1
95 51 3823 1
14 62 3889 0
99 71 3922 1
100 68 3992 1
100 64 4028 1
93 34 4078 1
95 43 4101 1
51 99 4143 0
88 29 4144 1
79 30 4181 1
97 56 4235 1
53 103 4260 0
87 28 4287 1
50 89 4296 0
78 91 4333 0
99 61 4358 1
17 56 4382 1
91 30 4386 1
94 36 4400 1
80 31 4419 1
100 62 4456 1
96 43 4519 1
16 86 4531 0
92 33 4532 1
37 82 4535 0
41 52 4545 1
94 35 4547 1
51 86 4577 0
69 35 4582 1
51 92 4632 0
93 33 4636 1
50 96 4650 0
71 64 4653 1
35 56 4700 1
65 37 4711 1
81 30 4724 1
19 55 4761 1
52 99 4821 0
95 45 4839 1
60 68 4938 0
91 31 4956 1
55 104 4966 0
64 103 4987 0
56 104 4988 0
62 104 4993 0
59 39 5034 1
51 97 5110 0
51 100 5161 0
92 32 5179 1
95 39 5185 1
53 102 5206 0
26 87 5210 0
97 57 5221 1
77 30 5229 1
51 89 5229 0
109 45 5231 1
109 45 5261 0
14 80 5291 0
54 104 5325 0
63 103 5337 0
51 98 5383 0
95 50 5383 1
46 76 5384 0
67 65 5394 0
55 103 5399 0
47 49 5413 1
14 76 5422 0
57 104 5438 0
58 68 5448 0
53 104 5466 0
55 71 5479 0
50 86 5490 0
94 38 5499 1
61 104 5516 0
50 88 5570 0
51 87 5581 0
14 61 5584 0
16 89 5622 0
32 84 5641 0
100 66 5730 1
52 100 5756 0
99 60 5761 1
100 61 5795 1
25 55 5856 1
95 53 5891 1
85 29 5936 1
50 74 5944 0
58 41 5968 1
77 31 5975 1
52 101 6003 0
15 59 6018 0
15 66 6029 0
97 76 6053 1
89 30 6064 1
15 61 6077 0
87 29 6095 1
99 73 6104 1
21 87 6135 0
27 87 6157 0
89 29 6179 1
58 104 6188 0
51 73 6204 0
99 59 6216 1
100 65 6234 1
16 87 6296 0
95 41 6298 1
49 47 6302 1
40 78 6316 0
20 88 6332 0
28 59 6377 1
95 54 6377 1
22 55 6391 1
15 73 6424 0
95 40 6427 1
25 57 6442 1
28 58 6443 1
27 86 6446 0
23 54 6470 1
61 37 6515 1
95 42 6528 1
45 77 6563 0
71 34 6567 1
68 34 6579 1
62 67 6586 0
50 94 6609 0
93 32 6610 1
51 91 6622 0
100 67 6678 1
69 68 6694 0
45 49 6725 1
18 87 6757 0
32 83 6804 0
48 74 6810 0
14 82 6813 0
95 38 6813 1
59 41 6823 1
44 48 6865 1
77 92 6870 0
41 78 6892 0
72 34 6895 1
98 76 6907 1
76 93 6909 0
59 104 6950 0
15 60 6964 0
29 57 6990 1
93 34 7011 1
93 35 7015 1
15 86 7038 0
94 37 7040 1
15 72 7041 0
27 58 7077 1
53 102 7077 0
18 88 7086 0
45 29 7095 1
45 48 7095 1
100 63 7095 1
99 63 7137 1
54 103 7142 0
90 30 7148 1
69 66 7157 0
55 70 7174 0
81 90 7184 0
68 35 7196 1
95 46 7224 1
65 65 7237 0
56 104 7264 0
68 68 7284 0
30 59 7299 1
15 75 7309 0
52 72 7314 0
86 29 7335 1
50 92 7347 0
24 56 7375 1
49 74 7392 0
33 83 7402 0
100 64 7410 1
35 82 7419 0
43 50 7471 1
16 60 7485 0
30 56 7489 1
26 55 7542 1
66 35 7550 1
92 31 7571 1
28 57 7610 1
100 68 7613 1
15 79 7620 0
15 81 7667 0
62 73 7671 1
50 95 7683 0
14 71 7728 0
100 69 7736 1
15 69 7752 0
51 99 7766 0
22 89 7795 0
16 83 7797 0
15 71 7810 0
24 55 7813 1
96 47 7835 1
78 30 7873 1
91 32 7878 1
94 36 7892 1
68 67 7913 0
23 88 7920 0
82 29 7942 1
15 70 7960 0
57 104 7979 0
58 69 8040 0
20 53 8061 1
23 53 8068 1
45 76 8083 0
52 84 8105 0
66 71 8123 1
93 33 8123 1
98 58 8125 1
100 70 8148 1
99 62 8168 1
100 60 8180 1
51 90 8181 0
51 95 8194 0
32 56 8223 1
52 99 8224 0
51 97 8232 0
95 52 8258 1
80 30 8285 1
88 29 8294 1
31 58 8297 1
99 61 8303 1
15 66 8336 0
46 48 8349 1
27 85 8381 0
27 57 8393 1
40 50 8413 1
96 53 8425 1
97 56 8435 1
51 101 8460 0
60 103 8468 0
26 86 8488 0
65 102 8517 0
95 37 8542 1
34 55 8544 1
16 61 8548 0
72 33 8550 1
26 57 8552 1
90 31 8586 1
16 86 8596 0
15 84 8624 0
30 58 8640 1
51 85 8663 0
75 31 8663 1
51 98 8673 0
50 48 8733 1
26 56 8752 1
25 88 8797 0
41 77 8806 0
50 87 8813 0
64 65 8818 0
43 49 8843 1
51 100 8852 0
97 57 8860 1
52 100 8861 0
34 56 8884 1
50 93 8900 0
25 56 8907 1
20 89 8915 0
16 88 8940 0
47 75 8957 0
49 97 8982 0
61 67 8986 0
99 72 9008 1
96 45 9017 1
22 53 9106 1
16 82 9124 0
87 28 9134 1
98 75 9167 1
95 51 9214 1
92 32 9229 1
76 30 9234 1
44 49 9243 1
25 86 9280 0
95 47 9299 1
23 87 9308 0
24 54 9371 1
70 34 9380 1
96 55 9388 1
15 68 9398 0
50 91 9415 0
95 39 9433 1
91 31 9525 1
51 92 9552 0
20 54 9588 1
58 104 9589 0
42 78 9590 0
50 96 9600 0
94 35 9604 1
14 64 9610 0
109 68 9675 1
100 71 9694 1
19 54 9713 1
95 43 9717 1
66 65 9723 0
94 34 9755 1
99 74 9827 1
55 103 9857 0
52 98 9865 0
95 44 9872 1
95 48 9884 1
29 86 9892 0
61 103 9920 0
40 79 9924 0
15 75 9930 0
15 73 9977 0
41 51 10045 1
25 54 10057 1
79 30 10109 1
50 97 10132 0
84 28 10166 1
66 101 10261 0
14 78 10324 0
19 88 10329 0
51 89 10331 0
67 66 10333 0
18 89 10354 0
83 30 10405 1
52 103 10474 0
53 72 10486 0
79 91 10497 0
17 86 10510 0
50 102 10535 0
55 104 10541 0
15 72 10577 0
21 87 10591 0
28 37 10605 0
53 103 10669 0
21 88 10675 0
22 88 10705 0
72 96 10725 0
69 65 10748 0
25 55 10783 1
28 86 10788 0
98 74 10826 1
57 105 10884 0
80 90 10893 0
51 86 10893 0
13 70 10900 0
39 51 10926 1
51 72 10940 0
18 87 10965 0
15 85 10981 0
69 66 10999 0
15 81 11002 0
15 59 11051 0
84 29 11066 1
31 84 11070 0
46 49 11178 1
14 80 11201 0
21 53 11268 1
91 30 11332 1
77 30 11339 1
15 71 11440 0
16 83 11458 0
96 48 11470 1
63 67 11472 0
50 73 11502 0
109 45 11519 1
56 105 11551 0
95 53 11573 1
48 48 11597 1
63 104 11660 0
36 82 11672 0
54 104 11674 0
32 88 11702 0
109 45 11713 0
29 58 11721 1
15 60 11859 0
22 55 11910 1
32 115 11917 0
32 57 11917 1
100 65 11917 1
64 66 11970 0
49 94 11979 0
100 66 11985 1
52 101 12043 0
62 104 12044 0
99 60 12064 1
16 86 12065 0
83 90 12127 0
50 99 12143 0
45 78 12157 0
50 94 12169 0
51 97 12175 0
95 49 12196 1
15 79 12245 0
21 54 12255 1
30 84 12327 0
15 69 12410 0
43 77 12461 0
15 70 12486 0
38 51 12496 1
24 88 12544 0
15 61 12561 0
29 85 12632 0
56 70 12637 0
51 99 12643 0
27 86 12679 0
15 62 12687 0
92 82 12707 0
22 54 12814 1
51 98 12817 0
88 28 12870 1
83 89 12941 0
24 55 12951 1
71 96 13035 0
30 85 13038 0
58 104 13188 0
51 74 13231 0
98 46 13290 1
73 33 13340 1
9 78 13410 0
51 91 13413 0
27 56 13469 1
23 53 13471 1
51 102 13501 0
99 58 13508 1
55 33 13541 1
64 71 13546 1
100 62 13612 1
48 49 13704 1
16 59 13715 0
101 65 13795 1
51 101 13803 0
82 90 13807 0
23 54 13828 1
15 66 13853 0
86 28 13882 1
61 104 13961 0
67 67 14011 0
17 86 14062 0
59 103 14124 0
61 105 14145 0
87 29 14170 1
64 36 14210 1
100 63 14228 1
51 90 14363 0
95 45 14428 1
96 42 14434 1
83 28 14520 1
78 31 14664 1
31 57 14777 1
99 59 14777 1
15 73 14786 0
95 42 14816 1
44 77 14818 0
15 68 14922 0
18 54 14958 1
57 71 15062 0
59 104 15077 0
99 69 15088 1
90 30 15116 1
81 30 15140 1
100 67 15217 1
80 91 15256 0
33 84 15307 0
95 41 15466 1
21 55 15485 1
15 64 15493 0
15 65 15518 0
82 91 15527 0
72 95 15537 0
100 64 15564 1
96 56 15616 1
21 89 15645 0
25 87 15680 0
48 93 15686 0
47 77 15688 0
46 76 15697 0
93 34 15701 1
16 87 15729 0
63 73 15785 1
20 88 15836 0
57 69 15866 0
24 56 15875 1
16 60 15929 0
97 55 15950 1
95 40 15950 1
32 85 15962 0
16 67 15982 0
78 91 15995 0
95 50 16061 1
53 100 16103 0
89 29 16148 1
49 92 16167 0
68 66 16219 0
15 81 16298 0
16 86 16299 0
14 73 16318 0
94 36 16321 1
50 47 16322 1
16 82 16492 0
100 68 16517 1
100 61 16534 1
15 82 16556 0
67 35 16571 1
101 81 16594 1
93 81 16697 0
13 73 16722 0
100 69 16749 1
52 104 16778 0
20 90 16821 0
69 34 16826 1
86 87 16848 0
94 37 16873 1
65 35 16904 1
98 58 16963 1
73 32 17014 1
65 36 17032 1
15 62 17071 0
82 30 17134 1
14 83 17156 0
51 96 17161 0
58 105 17198 0
100 72 17277 1
96 43 17317 1
66 66 17361 0
95 52 17457 1
92 31 17507 1
97 57 17542 1
96 50 17610 1
48 47 17612 1
43 48 17696 1
95 36 17749 1
95 38 17790 1
57 104 17795 0
67 71 17815 1
99 60 17823 1
54 103 17828 0
37 82 17867 0
52 100 17876 0
69 66 17900 0
52 98 17910 0
95 46 17914 1
100 70 17923 1
17 55 17970 1
98 57 17970 1
52 99 17978 0
66 34 17999 1
67 65 18006 0
51 87 18011 0
97 56 18029 1
85 28 18032 1
51 95 18032 0
93 33 18033 1
88 29 18062 1
91 29 18079 1
78 30 18102 1
53 102 18119 0
55 69 18228 0
63 103 18252 0
85 29 18298 1
45 76 18363 0
58 104 18370 0
81 90 18404 0
14 80 18409 0
92 32 18490 1
67 64 18518 0
63 36 18519 1
26 56 18573 1
55 103 18601 0
109 68 18605 0
20 86 18606 0
81 92 18621 0
96 41 18636 1
96 46 18684 1
51 101 18712 0
64 65 18723 0
70 98 18726 0
94 35 18820 1
99 71 18872 1
94 34 18885 1
80 92 18890 0
56 104 18910 0
25 56 18915 1
91 30 18932 1
81 29 19013 1
91 31 19015 1
26 57 19017 1
51 97 19038 0
50 95 19066 0
100 63 19113 1
100 64 19115 1
64 72 19115 1
80 30 19122 1
97 54 19142 1
15 65 19158 0
69 67 19177 0
50 89 19180 0
58 68 19222 0
77 31 19223 1
37 80 19287 0
100 62 19296 1
69 68 19307 0
67 100 19314 0
69 65 19326 0
50 88 19326 0
50 104 19346 0
73 95 19347 0
50 96 19375 0
93 32 19382 1
15 84 19387 0
90 29 19449 1
96 53 19452 1
60 103 19494 0
65 72 19502 1
79 46 19513 1
97 53 19552 1
51 47 19558 1
61 103 19587 0
25 57 19602 1
59 69 19605 0
27 58 19617 1
18 88 19618 0
19 89 19624 0
51 92 19636 0
51 98 19677 0
100 65 19689 1
49 99 19705 0
15 113 19710 0
16 71 19725 0
19 90 19744 0
95 39 19760 1
13 69 19774 0
54 70 19781 0
16 88 19821 0
26 87 19821 0
100 66 19838 1
83 88 19841 0
89 28 19888 1
14 65 19900 0
73 11 19934 0
16 61 19935 0
26 55 19937 1
15 64 19954 0
99 61 19959 1
47 49 19966 1
42 77 19967 0
31 83 19991 0
16 58 19992 0
51 89 20013 0
15 75 20026 0
51 96 20045 0
51 99 20102 0
65 66 20145 0
51 100 20151 0
15 57 20174 0
28 73 20207 1
17 86 20219 0
60 68 20224 0
52 83 20253 0
16 83 20253 0
15 71 20348 0
52 99 20349 0
21 87 20487 0
100 68 20516 1
35 82 20517 0
57 104 20518 0
50 92 20525 0
96 40 20531 1
85 88 20539 0
15 82 20552 0
47 48 20552 1
59 103 20557 0
91 83 20558 0
16 102 20566 0
16 64 20566 0
95 66 20583 0
95 54 20583 1
65 65 20586 0
99 59 20620 1
93 34 20640 1
95 51 20642 1
49 73 20657 0
64 103 20668 0
28 56 20704 1
51 90 20773 0
55 104 20779 0
52 100 20833 0
99 64 20834 1
17 83 20846 0
87 28 20847 1
26 86 20879 0
45 75 20925 0
27 85 20943 0
49 47 20988 1
50 94 20998 0
96 55 21047 1
28 59 21068 1
53 102 21069 0
15 81 21097 0
52 101 21141 0
15 72 21176 0
31 56 21191 1
16 86 21199 0
25 55 21200 1
15 62 21237 0
38 101 21246 0
18 87 21260 0
51 85 21278 0
59 104 21283 0
89 29 21298 1
64 104 21324 0
74 95 21326 0
51 91 21337 0
23 87 21338 0
95 37 21349 1
49 90 21373 0
79 30 21415 1
68 34 21425 1
29 57 21482 1
28 58 21530 1
25 86 21554 0
52 73 21556 0
24 53 21631 1
96 51 21638 1
42 50 21639 1
40 78 21653 0
19 55 21659 1
100 67 21659 1
41 49 21659 1
15 70 21718 0
50 98 21731 0
31 85 21746 0
14 75 21752 0
83 29 21766 1
80 90 21767 0
15 79 21779 0
33 57 21827 1
61 38 21828 1
29 56 21861 1
90 30 21921 1
52 84 21930 0
41 50 21939 1
95 43 21942 1
27 57 21961 1
100 60 21977 1
65 71 21985 1
15 65 22055 0
15 73 22081 0
57 79 22143 1
95 44 22192 1
37 81 22205 0
95 47 22208 1
52 98 22239 0
24 54 22289 1
88 28 22402 1
28 57 22415 1
97 35 22427 1
15 68 22456 0
71 34 22564 1
45 49 22578 1
20 54 22655 1
59 40 22697 1
24 55 22698 1
52 71 22731 0
94 36 22780 1
58 104 22804 0
15 77 22805 0
94 33 22981 1
75 30 22994 1
86 29 23018 1
82 29 23032 1
47 47 23185 1
95 50 23304 1
15 66 23327 0
84 89 23417 0
99 73 23434 1
85 27 23447 1
20 55 23521 1
39 53 23530 1
51 95 23536 0
61 74 23620 1
16 82 23626 0
51 96 23650 0
69 67 23654 0
19 53 23684 1
35 55 23688 1
42 49 23731 1
71 33 23775 1
100 61 23779 1
33 55 23783 1
99 60 23829 1
36 81 23832 0
78 29 23842 1
44 48 23872 1
15 78 23942 0
16 67 23977 0
16 60 23988 0
15 69 24062 0
15 64 24108 0
15 67 24155 0
32 83 24198 0
26 56 24205 1
15 58 24225 0
95 53 24288 1
67 70 24318 1
50 93 24342 0
91 32 24383 1
95 40 24402 1
15 82 24492 0
36 55 24544 1
42 51 24552 1
27 55 24568 1
99 68 24586 1
67 34 24590 1
86 27 24598 1
97 55 24633 1
100 71 24663 1
68 35 24682 1
87 29 24746 1
53 100 24794 0
16 83 24798 0
15 75 24807 0
21 88 24828 0
77 30 24925 1
20 53 24937 1
20 86 25005 0
51 101 25006 0
23 54 25041 1
87 27 25071 1
44 49 25131 1
101 59 25166 1
95 52 25220 1
100 69 25226 1
92 31 25250 1
98 31 25255 1
109 45 25326 1
55 103 25359 0
20 87 25375 0
63 37 25378 1
32 82 25385 0
98 38 25411 1
42 77 25430 0
96 37 25488 1
73 113 25536 1
45 48 25550 1
92 107 25564 1
109 45 25635 0
95 48 25637 1
17 53 25642 1
21 53 25669 1
30 55 25712 1
76 30 25771 1
15 81 25815 0
51 84 25830 0
54 71 25835 0
46 77 25974 0
100 63 25989 1
61 104 26009 0
94 50 26010 1
15 65 26068 0
61 68 26178 0
15 61 26191 0
15 62 26256 0
109 45 26281 1
95 49 26294 1
22 55 26322 1
66 71 26325 1
16 84 26344 0
58 69 26386 0
15 77 26406 0
25 56 26428 1
22 54 26437 1
14 59 26450 0
25 54 26456 1
68 66 26494 0
95 41 26527 1
69 66 26547 0
51 46 26548 1
95 42 26555 1
109 45 26600 0
27 56 26663 1
14 74 26671 0
58 106 26756 0
25 55 26828 1
93 33 26919 1
84 28 26950 1
51 97 26955 0
93 31 26969 1
99 58 27054 1
32 56 27124 1
34 55 27134 1
101 68 27151 1
77 29 27229 1
66 65 27295 0
99 72 27308 1
95 45 27310 1
26 55 27369 1
43 50 27369 1
17 86 27439 0
99 55 27487 1
81 30 27490 1
89 27 27532 1
15 78 27588 0
26 57 27611 1
30 58 27630 1
22 88 27634 0
84 29 27648 1
88 29 27657 1
13 74 27667 0
99 70 27675 1
15 67 27773 0
40 51 27783 1
44 78 27900 0
50 91 27907 0
97 59 27909 1
1 26 28106 0
15 71 28133 0
95 38 28138 1
62 104 28169 0
78 30 28275 1
17 85 28364 0
33 82 28425 0
94 35 28486 1
14 72 28512 0
55 105 28721 0
53 73 28766 0
100 64 28848 1
22 53 28895 1
37 82 28934 0
46 48 29133 1
65 103 29185 0
51 98 29228 0
56 103 29261 0
60 105 29395 0
100 70 29525 1
20 87 29571 0
94 34 29640 1
97 56 29641 1
14 84 29648 0
23 53 29751 1
16 84 29913 0
51 94 30127 0
51 86 30181 0
15 82 30241 0
92 32 30283 1
30 56 30319 1
56 69 30323 0
16 86 30352 0
45 77 30354 0
98 57 30493 1
15 60 30614 0
14 80 30679 0
97 57 30836 1
21 54 30902 1
90 29 31152 1
15 67 31265 0
16 71 31313 0
26 54 31328 1
86 28 31347 1
96 42 31386 1
15 77 31397 0
15 78 31414 0
69 65 31439 0
16 61 31459 0
65 37 31537 1
67 64 31606 0
99 59 31655 1
95 34 31675 1
43 49 31786 1
15 64 32074 0
62 37 32252 1
96 45 32335 1
69 67 32340 0
17 85 32385 0
41 77 32436 0
82 90 32491 0
56 103 32529 0
56 104 32747 0
52 72 32830 0
62 38 32843 1
64 102 32878 0
49 88 32896 0
16 64 32917 0
51 87 32945 0
51 96 32985 0
12 75 32995 0
17 88 33122 0
52 99 33157 0
11 78 33177 0
52 94 33181 0
16 59 33232 0
69 33 33363 1
51 94 33393 0
32 84 33417 0
51 92 33417 0
80 30 33554 1
52 33 33587 1
100 62 33615 1
68 100 33770 0
55 70 33883 0
60 103 33932 0
16 84 33933 0
45 76 34124 0
91 30 34150 1
19 88 34226 0
51 90 34314 0
96 39 34407 1
101 67 34420 1
96 53 34511 1
14 70 34530 0
99 51 34597 1
15 73 34646 0
89 29 34775 1
80 29 34902 1
20 87 34919 0
95 36 34932 1
51 99 34976 0
109 68 35153 0
95 35 35240 1
100 72 35270 1
54 103 35363 0
120 117 35432 1
91 28 35461 1
40 52 35488 1
48 74 35556 0
52 100 35628 0
50 100 35688 0
55 42 35742 1
90 83 35800 0
27 60 35935 1
19 54 35935 1
51 101 36091 0
96 85 36161 1
91 31 36241 1
15 87 36394 0
48 48 36453 1
95 39 36489 1
56 103 36497 0
43 77 36528 0
70 66 36565 0
15 67 36694 0
99 53 36749 1
80 2 36766 1
50 47 36930 1
15 78 36943 0
34 56 36981 1
100 59 37042 1
22 87 37165 0
69 34 37210 1
96 41 37225 1
58 40 37341 1
17 85 37347 0
13 23 37365 1
96 50 37654 1
74 32 37665 1
25 53 37816 1
15 65 37889 0
24 56 37964 1
51 88 37971 0
50 90 38017 0
99 52 38138 1
51 94 38282 0
15 81 38282 0
95 46 38342 1
96 43 38590 1
96 47 38614 1
109 60 38628 1
19 87 38818 0
54 80 38963 1
94 32 38965 1
96 49 39241 1
32 53 39259 1
100 68 39367 1
28 86 39432 0
18 55 39557 1
93 32 39672 1
56 69 39815 0
16 88 40145 0
46 49 40173 1
52 102 40181 0
100 60 40341 1
109 68 40830 1
96 24 41261 1
96 48 41307 1
88 27 41327 1
98 56 41477 1
89 28 41524 1
16 84 41578 0
24 87 41603 0
72 33 41908 1
70 66 42203 0
96 52 42249 1
14 79 42256 0
79 30 42303 1
95 51 42368 1
15 80 42374 0
95 37 42559 1
50 85 42703 0
100 61 42730 1
85 28 42817 1
97 56 42878 1
87 28 42904 1
56 79 43093 1
94 33 43112 1
100 66 43125 1
101 66 43132 1
97 54 43142 1
95 50 43194 1
96 46 43211 1
24 55 43211 1
90 30 43222 1
101 63 43247 1
92 31 43256 1
95 38 43275 1
99 57 43370 1
95 40 43473 1
52 98 43481 0
97 55 43491 1
7 28 43500 1
13 78 43513 0
96 40 43522 1
21 90 43573 0
15 86 43587 0
122 21 43610 1
88 28 43627 1
93 33 43628 1
54 105 43634 0
96 38 43704 1
96 51 43729 1
14 86 43735 0
95 49 43785 1
100 69 43821 1
91 29 43825 1
61 103 43872 0
92 30 43931 1
68 66 43940 0
102 64 43971 1
66 35 43976 1
100 62 44016 1
51 88 44025 0
70 33 44027 1
22 87 44036 0
99 58 44051 1
94 34 44067 1
5 88 44101 0
81 91 44103 0
83 89 44122 0
91 30 44168 1
95 36 44193 1
101 64 44205 1
81 29 44214 1
47 76 44223 0
95 47 44244 1
52 88 44266 0
30 57 44406 1
15 62 44459 0
101 62 44492 1
101 65 44531 1
100 71 44603 1
59 103 44693 0
100 63 44736 1
16 58 44765 0
42 77 44806 0
56 103 44806 0
19 87 44807 0
61 67 44812 0
51 91 44815 0
81 90 44815 0
51 89 44824 0
51 103 44864 0
13 97 45018 0
67 63 45077 0
79 29 45126 1
51 97 45153 0
79 91 45170 0
58 104 45181 0
52 82 45206 0
38 80 45270 0
14 85 45288 0
83 28 45292 1
92 82 45302 0
69 65 45351 0
73 113 45365 0
97 53 45377 1
51 95 45395 0
29 85 45402 0
48 75 45405 0
57 70 45414 0
53 105 45422 0
100 73 45425 1
78 91 45425 0
63 66 45438 0
94 35 45441 1
27 58 45466 1
96 53 45466 1
57 104 45478 0
50 90 45487 0
97 41 45495 1
16 75 45544 0
39 78 45577 0
77 30 45588 1
71 96 45632 0
67 65 45659 0
57 41 45676 1
58 68 45689 0
97 56 45702 1
98 55 45718 1
33 83 45749 0
89 29 45750 1
60 68 45755 0
64 65 45764 0
93 34 45765 1
99 59 45776 1
83 88 45787 0
17 83 45797 0
96 36 45827 1
69 66 45846 0
53 100 45861 0
72 95 45882 0
59 104 45890 0
15 70 45892 0
16 82 45912 0
95 35 45933 1
42 76 45953 0
21 87 45966 0
50 73 45970 0
95 37 45996 1
24 54 45999 1
63 103 46015 0
57 69 46022 0
60 103 46043 0
53 102 46058 0
96 41 46109 1
53 99 46128 0
95 39 46231 1
33 82 46243 0
49 47 46253 1
106 55 46269 1
30 85 46272 0
52 99 46276 0
100 58 46279 1
15 68 46299 0
93 31 46309 1
86 86 46351 0
55 103 46372 0
26 56 46389 1
15 77 46392 0
31 84 46394 0
18 88 46407 0
51 94 46414 0
98 56 46414 1
27 86 46419 0
89 28 46421 1
51 92 46425 0
51 72 46426 0
53 103 46451 0
51 96 46455 0
82 29 46488 1
72 96 46492 0
46 76 46510 0
80 90 46513 0
29 89 46521 0
93 32 46553 1
16 67 46557 0
52 102 46567 0
15 79 46573 0
44 75 46595 0
92 32 46598 1
49 89 46624 0
75 31 46631 1
91 29 46633 1
27 57 46659 1
87 28 46667 1
65 64 46683 0
80 29 46711 1
16 60 46714 0
90 28 46727 1
15 75 46743 0
15 82 46744 0
68 67 46761 0
90 29 46800 1
52 98 46834 0
70 66 46835 0
15 80 46842 0
55 127 46864 0
97 54 46908 1
100 57 46913 1
30 84 46938 0
100 70 46941 1
76 29 46950 1
18 87 46985 0
96 42 46986 1
99 57 47007 1
16 83 47028 0
29 58 47043 1
11 77 47064 0
52 84 47070 0
20 88 47079 0
100 60 47089 1
54 106 47090 0
63 102 47096 0
20 86 47099 0
77 31 47113 1
100 59 47140 1
100 61 47140 1
96 45 47145 1
17 85 47153 0
47 75 47185 0
57 68 47187 0
83 29 47187 1
97 55 47250 1
91 30 47278 1
68 34 47280 1
24 53 47282 1
28 56 47284 1
59 103 47355 0
53 72 47373 0
61 103 47388 0
99 73 47397 1
52 101 47400 0
51 89 47413 0
67 64 47414 0
21 55 47422 1
17 86 47423 0
27 85 47433 0
15 67 47441 0
17 57 47445 0
23 87 47447 0
51 98 47455 0
51 73 47485 0
52 100 47490 0
73 96 47504 0
43 78 47515 0
95 50 47587 1
52 94 47597 0
16 57 47608 0
26 86 47617 0
84 28 47617 1
53 98 47659 0
15 66 47662 0
15 78 47666 0
15 84 47711 0
40 50 47728 1
100 101 47737 1
29 57 47745 1
16 71 47759 0
25 86 47781 0
101 67 47801 1
23 88 47820 0
25 55 47821 1
54 72 47880 0
100 67 47906 1
51 90 47924 0
94 32 47947 1
45 75 47994 0
20 87 48010 0
75 93 48037 0
62 67 48038 0
28 58 48103 1
15 72 48130 0
16 84 48147 0
14 87 48148 0
65 65 48161 0
29 56 48222 1
96 37 48251 1
59 67 48265 0
73 33 48271 1
15 76 48296 0
35 82 48304 0
16 61 48329 0
96 43 48337 1
16 64 48386 0
16 82 48406 0
25 54 48420 1
69 65 48459 0
17 87 48487 0
23 53 48488 1
26 55 48507 1
23 54 48514 1
78 30 48518 1
68 33 48529 1
27 56 48532 1
93 33 48532 1
88 28 48539 1
51 47 48566 1
94 34 48680 1
95 44 48690 1
16 75 48700 0
78 29 48719 1
71 33 48749 1
96 50 48750 1
28 55 48755 1
95 38 48765 1
92 31 48804 1
31 56 48846 1
50 46 48871 1
94 33 48872 1
15 81 48878 0
14 81 48935 0
27 54 48949 1
34 82 48963 0
51 88 48982 0
94 31 48985 1
95 36 48990 1
71 34 49013 1
47 48 49016 1
96 48 49204 1
28 57 49215 1
93 30 49272 1
16 59 49282 0
73 95 49286 0
27 55 49288 1
56 103 49335 0
19 87 49352 0
41 78 49406 0
96 47 49433 1
52 88 49438 0
48 47 49478 1
67 71 49520 1
16 83 49596 0
65 35 49597 1
95 51 49599 1
31 58 49611 1
22 87 49624 0
64 103 49659 0
72 32 49668 1
17 83 49694 0
62 116 49695 0
15 69 49763 0
51 91 49791 0
65 36 49793 1
52 99 49801 0
29 55 49806 1
98 54 49834 1
17 84 49886 0
96 51 49888 1
12 81 49931 0
99 58 49986 1
101 61 50021 1
101 66 50035 1
22 54 50041 1
24 54 50067 1
96 39 50069 1
12 77 50085 0
51 95 50104 0
51 46 50172 1
15 73 50213 0
55 69 50216 0
45 76 50225 0
64 36 50232 1
21 87 50252 0
50 96 50254 0
82 89 50255 0
81 29 50269 1
50 92 50337 0
14 76 50339 0
15 59 50401 0
95 49 50472 1
88 29 50477 1
15 80 50520 0
16 67 50522 0
24 87 50557 0
63 104 50596 0
16 60 50618 0
33 55 50677 1
31 57 50695 1
15 71 50747 0
32 55 50863 1
48 98 50871 0
46 74 50872 0
53 99 50882 0
50 88 50895 0
44 49 50901 1
35 83 50907 0
52 98 50943 0
95 41 50948 1
21 88 50957 0
17 85 50960 0
52 105 51005 0
31 83 51024 0
95 52 51095 1
53 100 51115 0
95 34 51133 1
52 91 51166 0
36 82 51187 0
100 62 51195 1
96 40 51202 1
50 95 51212 0
62 105 51214 0
24 55 51219 1
15 81 51229 0
37 82 51249 0
44 77 51253 0
92 30 51441 1
20 54 51449 1
63 72 51493 1
45 49 51512 1
67 70 51514 1
45 47 51532 1
20 86 51536 0
76 30 51551 1
53 84 51577 0
43 48 51606 1
41 50 51607 1
22 55 51616 1
25 56 51633 1
15 76 51777 0
79 90 51781 0
20 53 51783 1
26 54 51844 1
16 63 51878 0
98 56 51913 1
82 33 51985 1
82 28 51985 1
52 85 52066 0
50 100 52175 0
63 36 52177 1
51 94 52203 0
15 75 52210 0
60 38 52213 1
21 54 52218 1
52 83 52219 0
50 48 52294 1
101 68 52370 1
49 46 52599 1
16 58 52620 0
16 71 52643 0
16 75 52666 0
101 60 52724 1
45 48 52727 1
101 65 52757 1
26 56 52774 1
16 61 52802 0
88 27 52849 1
50 90 52900 0
75 94 52945 0
52 102 52971 0
109 68 53100 1
16 82 53163 0
100 72 53172 1
26 57 53173 1
65 64 53226 0
87 86 53270 0
95 37 53318 1
16 86 53362 0
25 87 53391 0
85 28 53391 1
15 64 53494 0
15 65 53500 0
96 53 53500 1
17 86 53512 0
51 100 53527 0
59 102 53605 0
65 72 53616 1
65 71 53721 1
87 27 53724 1
97 35 53732 1
86 27 53790 1
99 54 53832 1
22 53 53860 1
77 91 53872 0
93 26 53879 1
25 53 53946 1
19 86 53948 0
25 54 53949 1
25 55 53975 1
101 63 53988 1
17 84 54002 0
70 67 54017 0
109 45 54080 1
19 55 54088 1
96 46 54125 1
81 89 54191 0
93 31 54226 1
86 28 54268 1
60 39 54268 1
58 41 54298 1
31 55 54319 1
109 45 54373 0
47 47 54497 1
89 28 54521 1
50 89 54556 0
46 48 54557 1
21 53 54608 1
93 32 54684 1
26 55 54786 1
42 50 54901 1
60 103 54926 0
23 86 54939 0
19 87 54943 0
15 85 54955 0
16 64 54996 0
23 52 55065 1
16 88 55079 0
55 43 55096 1
17 87 55118 0
39 80 55226 0
50 47 55265 1
15 80 55294 0
37 7 55331 0
99 60 55340 1
16 63 55342 0
87 28 55446 1
24 53 55487 1
82 89 55521 0
27 57 55556 1
101 69 55566 1
16 85 55633 0
50 94 55658 0
30 58 55707 1
32 56 55789 1
44 48 55832 1
101 64 55849 1
96 38 55919 1
97 55 55939 1
15 79 55974 0
15 76 56038 0
95 40 56135 1
89 29 56180 1
51 96 56458 0
99 74 56542 1
101 62 56556 1
64 71 56562 1
54 104 56598 0
97 56 56891 1
54 70 56932 0
53 22 57011 0
13 76 57040 0
69 67 57072 0
16 83 57098 0
93 81 57130 0
64 102 57141 0
34 55 57161 1
64 72 57183 1
100 64 57184 1
77 92 57236 0
61 104 57243 0
22 87 57276 0
49 47 57318 1
68 64 57340 0
21 85 57348 0
51 97 57402 0
67 63 57427 0
32 82 57465 0
70 66 57511 0
37 79 57517 0
15 77 57520 0
59 67 57540 0
18 87 57550 0
79 30 57567 1
95 35 57637 1
56 68 57644 0
19 86 57663 0
77 29 57676 1
52 85 57741 0
16 56 57761 0
32 57 57820 1
52 46 57824 1
49 74 57850 0
17 89 57855 0
91 30 57912 1
51 86 57970 0
51 87 57971 0
51 90 57999 0
9 78 58016 0
18 85 58021 0
66 102 58054 0
57 103 58094 0
65 101 58142 0
27 56 58203 1
59 103 58282 0
13 75 58330 0
56 69 58344 0
95 43 58395 1
79 90 58412 0
15 68 58463 0
51 92 58473 0
29 85 58476 0
52 94 58605 0
70 67 58660 0
69 66 58674 0
52 96 58767 0
44 96 58780 0
34 82 58803 0
100 71 58815 1
54 99 58867 0
94 33 58885 1
41 51 58921 1
90 28 58991 1
53 98 58996 0
66 70 59025 1
51 88 59038 0
36 81 59058 0
63 103 59131 0
66 71 59147 1
100 68 59246 1
50 97 59276 0
81 89 59307 0
99 56 59324 1
18 53 59450 1
15 81 59483 0
38 81 59493 0
61 103 59662 0
100 59 59669 1
22 89 59677 0
86 87 59717 0
59 105 59735 0
52 71 59739 0
99 57 59756 1
57 78 59758 1
79 29 59775 1
97 53 59844 1
88 28 59867 1
41 77 59963 0
69 68 59984 0
95 31 60049 1
30 55 60062 1
66 65 60087 0
37 80 60123 0
101 70 60226 1
22 88 60401 0
52 72 60411 0
20 89 60413 0
15 70 60413 0
99 72 60419 1
63 113 60422 0
58 104 60432 0
56 103 60446 0
46 49 60446 1
16 84 60447 0
68 99 60459 0
96 42 60464 1
100 58 60560 1
98 55 60576 1
97 54 60604 1
35 55 60738 1
42 77 60781 0
55 102 60854 0
19 85 60894 0
96 49 60938 1
32 83 60964 0
67 34 61113 1
23 53 61140 1
91 29 61187 1
68 64 61265 0
18 85 61307 0
16 67 61327 0
95 46 61392 1
104 60 61417 1
15 62 61436 0
96 41 61504 1
19 86 61507 0
58 68 61532 0
52 96 61551 0
14 78 61567 0
28 56 61656 1
23 86 61727 0
100 69 61741 1
98 38 61776 1
57 103 61781 0
41 49 61950 1
15 76 62054 0
46 47 62062 1
25 86 62086 0
16 63 62100 0
43 50 62199 1
17 85 62247 0
16 85 62282 0
23 54 62389 1
95 28 62447 1
94 32 62494 1
20 87 62574 0
97 43 62625 1
47 74 62703 0
61 38 62737 1
17 84 62779 0
70 33 62800 1
71 67 62837 0
53 99 62850 0
101 67 62866 1
84 89 62878 0
58 78 62970 1
15 80 62989 0
53 71 63043 0
52 91 63074 0
30 56 63084 1
17 87 63141 0
99 75 63195 1
28 87 63362 0
16 75 63367 0
83 28 63514 1
57 68 63742 0
97 52 63780 1
92 27 63808 1
82 89 63936 0
98 56 64129 1
18 84 64189 0
54 71 64335 0
43 49 64457 1
95 39 64526 1
55 102 64611 0
50 87 64650 0
69 34 64899 1
47 93 65019 0
95 36 65065 1
93 80 65104 0
18 85 65170 0
16 81 65219 0
66 34 65221 1
52 102 65391 0
18 86 65463 0
57 103 65468 0
19 85 65546 0
24 87 65559 0
96 45 65637 1
19 53 65826 1
52 96 65874 0
56 70 65897 0
22 54 65939 1
53 101 66008 0
71 97 66101 0
69 65 66234 0
29 86 66235 0
14 60 66266 0
15 75 66307 0
73 32 66461 1
68 64 66477 0
92 30 66549 1
77 30 66561 1
23 87 66624 0
67 35 66665 1
49 73 66674 0
67 66 66727 0
53 102 66785 0
16 80 66839 0
96 40 66934 1
26 54 67064 1
105 25 67079 1
52 85 67498 0
49 86 67524 0
8 70 67529 0
87 80 67537 1
16 87 67552 0
52 97 67570 0
19 92 67588 0
68 82 67608 1
4 48 67669 0
55 79 67671 1
52 88 67755 0
24 52 67825 1
53 104 67981 0
94 34 68007 1
14 77 68156 0
15 78 68167 0
15 61 68298 0
62 65 68322 0
52 98 68392 0
16 57 68442 0
90 84 68447 0
50 90 68550 0
96 43 68689 1
56 106 68701 0
30 86 68758 0
96 39 68808 1
85 89 68820 0
101 66 68843 1
97 44 68852 1
17 83 68930 0
52 100 69011 0
18 84 69026 0
16 81 69114 0
16 85 69168 0
115 59 69241 1
96 51 69280 1
96 36 69315 1
96 47 69325 1
96 48 69400 1
15 67 69447 0
101 65 69575 1
84 28 69575 1
82 29 69575 1
101 64 69605 1
92 29 69650 1
91 28 69697 1
101 25 69726 1
89 27 69763 1
101 61 69813 1
97 40 69875 1
80 29 69919 1
97 47 69921 1
101 63 69954 1
96 50 70010 1
52 86 70023 0
95 96 70037 1
95 35 70037 1
95 34 70049 1
96 37 70075 1
93 31 70100 1
85 27 70103 1
64 64 70113 0
97 54 70181 1
99 57 70280 1
74 95 70337 0
55 102 70514 0
83 89 70535 0
101 62 70592 1
81 29 70627 1
91 29 70628 1
100 57 70661 1
98 55 70665 1
16 80 70687 0
78 29 70746 1
97 53 70750 1
101 68 70776 1
71 33 70780 1
96 38 70784 1
69 33 70795 1
94 31 70813 1
57 103 70819 0
84 27 70832 1
19 52 70858 1
101 66 70859 1
102 61 70891 1
43 47 70936 1
95 36 70960 1
97 49 70982 1
97 41 70998 1
87 17 71023 1
97 45 71036 1
18 86 71043 0
70 67 71056 0
68 34 71149 1
101 60 71168 1
81 89 71183 0
63 102 71195 0
96 41 71206 1
93 27 71207 1
124 73 71221 1
89 28 71262 1
37 96 71286 1
26 53 71289 1
95 50 71289 1
101 59 71310 1
83 88 71334 0
97 46 71381 1
100 59 71404 1
78 22 71424 1
1 13 71437 1
22 52 71438 1
71 17 71453 1
85 88 71458 0
72 95 71465 0
33 54 71469 1
96 46 71471 1
71 32 71498 1
93 32 71504 1
94 32 71523 1
97 39 71529 1
98 54 71537 1
97 30 71545 1
97 42 71545 1
115 109 71547 1
53 101 71549 0
99 56 71550 1
72 28 71557 1
96 34 71568 1
23 47 71570 1
34 53 71590 1
65 70 71601 1
88 27 71618 1
34 44 71647 1
90 27 71649 1
25 52 71711 1
53 100 71751 0
52 97 71758 0
90 28 71760 1
53 98 71804 0
51 89 71826 0
52 94 71891 0
27 55 71909 1
65 102 71976 0
80 90 71996 0
100 58 72007 1
52 99 72008 0
29 57 72042 1
24 54 72052 1
36 55 72056 1
60 103 72065 0
71 65 72091 0
61 67 72161 0
65 64 72189 0
96 51 72205 1
59 103 72217 0
96 40 72224 1
94 30 72224 1
100 71 72284 1
87 28 72299 1
91 28 72316 1
20 53 72368 1
99 73 72373 1
99 39 72373 1
95 35 72429 1
101 65 72488 1
45 75 72495 0
101 67 72496 1
97 54 72530 1
55 103 72544 0
67 64 72548 0
28 55 72592 1
98 45 72612 1
96 37 72614 1
44 75 72670 0
78 30 72693 1
45 76 72699 0
80 29 72739 1
29 56 72742 1
67 63 72745 0
51 94 72752 0
96 48 72773 1
99 57 72774 1
91 29 72775 1
52 84 72811 0
48 74 72811 0
15 81 72827 0
70 66 72833 0
51 91 72842 0
59 102 72853 0
86 27 72890 1
93 29 72898 1
19 86 72899 0
14 96 72903 0
14 66 72903 0
92 31 72931 1
98 75 72949 1
16 88 72971 0
97 48 72978 1
16 81 73002 0
97 55 73004 1
69 63 73005 0
42 76 73028 0
28 57 73053 1
96 36 73063 1
95 33 73070 1
101 64 73084 1
97 51 73086 1
18 85 73105 0
53 99 73114 0
75 30 73144 1
95 34 73157 1
19 87 73165 0
96 42 73203 1
27 54 73225 1
48 46 73229 1
96 50 73231 1
16 60 73238 0
91 30 73259 1
33 82 73259 0
59 41 73286 1
96 35 73314 1
51 46 73317 1
37 81 73321 0
47 75 73404 0
67 108 73417 0
74 32 73417 1
101 61 73419 1
35 54 73430 1
70 68 73432 0
101 70 73432 1
89 27 73440 1
93 31 73487 1
92 29 73550 1
101 62 73590 1
94 80 73598 0
54 99 73606 0
101 63 73646 1
101 66 73656 1
16 71 73717 0
98 55 73721 1
68 64 73727 0
50 46 73747 1
46 74 73802 0
100 72 73806 1
31 84 73832 0
53 98 73839 0
16 64 73843 0
32 88 73850 0
21 86 73859 0
27 85 73860 0
96 47 73871 1
20 86 73875 0
96 43 73888 1
61 66 73897 0
25 54 73948 1
67 70 73950 1
97 35 73971 1
52 86 73984 0
52 91 73994 0
61 37 74004 1
97 53 74004 1
101 69 74032 1
74 93 74050 0
30 84 74051 0
82 89 74054 0
16 74 74079 0
89 26 74079 1
101 71 74125 1
97 37 74232 1
51 95 74264 0
16 80 74363 0
53 82 74371 0
27 53 74407 1
19 85 74410 0
72 32 74439 1
88 25 74445 1
84 20 74450 1
21 125 74453 1
24 53 74463 1
16 77 74480 0
25 53 74518 1
100 74 74543 1
76 29 74544 1
16 59 74559 0
16 82 74569 0
69 65 74589 0
82 28 74613 1
27 84 74614 0
52 98 74619 0
17 57 74621 0
70 32 74625 1
79 29 74631 1
94 33 74681 1
20 54 74691 1
32 84 74719 0
79 90 74723 0
42 49 74725 1
23 45 74728 1
23 53 74739 1
94 32 74768 1
16 61 74795 0
61 103 74814 0
51 90 74827 0
47 49 74828 1
52 94 74841 0
59 67 74846 0
51 92 74854 0
32 55 74865 1
31 56 74877 1
25 55 74881 1
21 87 74888 0
84 28 74890 1
83 28 74893 1
16 75 74896 0
27 56 74960 1
52 97 74973 0
26 55 75016 1
17 76 75018 0
97 38 75029 1
63 37 75035 1
100 57 75039 1
63 65 75042 0
55 70 75059 0
21 53 75064 1
17 85 75065 0
75 95 75093 0
94 31 75171 1
17 55 75204 0
17 73 75207 0
66 35 75219 1
14 68 75239 0
18 84 75253 0
81 30 75267 1
87 27 75280 1
55 44 75292 1
57 41 75380 1
16 63 75445 0
53 84 75448 0
60 68 75456 0
103 83 75463 1
17 56 75483 0
15 76 75502 0
21 85 75512 0
47 48 75537 1
52 88 75542 0
41 76 75554 0
29 55 75573 1
18 86 75580 0
97 52 75688 1
81 29 75708 1
19 54 75716 1
33 55 75725 1
101 68 75726 1
48 75 75750 0
77 29 75766 1
16 67 75776 0
47 47 75819 1
62 73 75821 1
55 102 75840 0
16 81 75960 0
17 83 75969 0
57 60 75977 1
57 103 75977 0
21 54 76024 1
78 29 76033 1
43 77 76042 0
33 81 76072 0
64 65 76100 0
89 28 76102 1
15 72 76107 0
48 47 76156 1
59 40 76201 1
93 30 76205 1
74 31 76254 1
44 49 76255 1
53 101 76268 0
64 102 76324 0
5 71 76334 0
82 29 76346 1
51 85 76388 0
51 99 76397 0
67 100 76407 0
95 37 76417 1
96 45 76425 1
20 52 76433 1
30 85 76464 0
65 67 76479 0
22 90 76490 0
72 33 76504 1
17 69 76535 0
95 32 76557 1
22 53 76568 1
59 39 76609 1
30 55 76684 1
24 54 76689 1
17 84 76778 0
98 54 76779 1
26 86 76784 0
15 82 76790 0
37 82 76793 0
17 87 76794 0
16 74 76812 0
49 47 76902 1
18 85 76911 0
64 66 76950 0
50 91 76987 0
16 71 77012 0
22 93 77030 0
16 79 77033 0
13 84 77140 0
16 83 77144 0
27 55 77148 1
23 86 77186 0
55 71 77191 0
52 86 77196 0
27 54 77233 1
13 87 77242 0
51 96 77244 0
40 78 77255 0
90 28 77259 1
28 54 77342 1
77 86 77355 1
52 96 77357 0
79 28 77414 1
99 56 77428 1
21 86 77456 0
51 47 77558 1
46 46 77599 1
29 84 77607 0
38 80 77700 0
53 71 77750 0
70 33 77858 1
96 38 77863 1
53 99 77918 0
16 80 77927 0
49 101 77949 0
69 33 77997 1
16 77 78059 0
54 103 78070 0
73 95 78115 0
5 74 78138 0
59 103 78152 0
23 54 78162 1
28 56 78176 1
20 85 78181 0
47 46 78187 1
59 102 78208 0
50 73 78227 0
77 28 78238 1
45 48 78273 1
51 105 78278 0
49 104 78286 0
76 93 78286 0
17 78 78289 0
17 68 78352 0
22 87 78368 0
98 58 78378 1
98 56 78378 1
47 74 78394 0
62 36 78426 1
81 89 78431 0
51 72 78476 0
26 54 78515 1
28 53 78517 1
49 46 78519 1
16 62 78569 0
67 65 78594 0
21 51 78624 1
19 86 78736 0
101 67 78778 1
26 53 78859 1
101 65 78873 1
53 100 78896 0
86 86 78899 0
85 28 78906 1
50 100 78911 0
63 102 78913 0
52 85 78975 0
71 67 78986 0
45 75 79005 0
99 57 79053 1
88 27 79053 1
71 64 79082 0
52 97 79106 0
95 35 79122 1
16 60 79133 0
16 75 79200 0
23 89 79224 0
52 99 79272 0
96 51 79330 1
62 66 79336 0
95 36 79375 1
16 85 79418 0
83 88 79571 0
16 82 79585 0
96 39 79620 1
54 99 79645 0
16 74 79670 0
21 52 79685 1
82 90 79689 0
91 29 79725 1
26 85 79870 0
28 55 79886 1
18 86 79898 0
71 33 79961 1
97 43 79981 1
85 25 80003 1
44 48 80019 1
34 54 80021 1
78 28 80075 1
97 54 80106 1
25 54 80140 1
80 28 80224 1
45 46 80284 1
16 79 80338 0
24 51 80371 1
18 84 80401 0
101 59 80405 1
34 82 80434 0
100 73 80453 1
20 86 80454 0
16 81 80626 0
51 91 80662 0
19 85 80732 0
29 56 80771 1
60 104 80900 0
53 96 80904 0
91 28 81035 1
45 47 81058 1
70 63 81063 0
16 77 81086 0
20 85 81119 0
23 53 81274 1
32 56 81304 1
98 55 81311 1
89 27 81343 1
50 47 81413 1
52 91 81455 0
25 53 81458 1
65 36 81489 1
67 69 81517 1
16 64 81520 0
96 41 81577 1
25 86 81602 0
60 103 81642 0
63 66 81644 0
53 101 81683 0
69 66 81688 0
34 56 81688 1
17 85 81724 0
52 86 81863 0
20 88 81884 0
22 54 81893 1
59 104 81907 0
21 55 81970 1
64 36 82038 1
29 87 82044 0
14 67 82051 0
18 88 82083 0
101 64 82109 1
59 107 82119 0
9 78 82147 0
101 63 82163 1
27 84 82180 0
98 53 82207 1
23 52 82241 1
15 81 82294 0
96 40 82322 1
13 94 82340 0
41 86 82355 0
31 57 82359 1
32 82 82429 0
49 85 82434 0
40 79 82443 0
24 89 82443 0
51 110 82454 0
65 103 82458 0
15 26 82458 0
24 88 82464 0
16 78 82467 0
55 104 82485 0
41 103 82493 0
21 86 82522 0
16 62 82526 0
53 83 82527 0
96 46 82554 1
29 85 82574 0
92 29 82586 1
31 55 82623 1
52 92 82681 0
39 50 82714 1
16 80 82769 0
54 102 82999 0
52 90 83046 0
85 27 83080 1
50 93 83242 0
76 30 83308 1
99 55 83327 1
93 31 83377 1
94 29 83387 1
100 59 83431 1
16 73 83434 0
40 49 83436 1
55 102 83491 0
29 84 83577 0
17 69 83665 0
69 63 83697 0
16 79 83768 0
35 80 83771 0
101 61 83782 1
97 36 83792 1
101 62 83895 1
24 53 83915 1
44 47 83952 1
71 65 84037 0
43 48 84090 1
98 31 84112 1
87 28 84147 1
102 60 84281 1
69 65 84301 0
102 68 84321 1
102 65 84358 1
16 77 84467 0
91 27 84493 1
16 74 84493 0
42 48 84523 1
15 63 84559 0
94 32 84701 1
62 103 84716 0
95 34 84773 1
67 63 84797 0
51 88 84805 0
29 100 84962 0
96 33 85062 1
63 106 85078 0
80 29 85183 1
46 48 85230 1
37 82 85231 0
26 88 85243 0
95 33 85288 1
53 70 85289 0
70 66 85358 0
16 84 85372 0
52 92 85408 0
29 57 85454 1
66 67 85479 0
97 40 85481 1
34 55 85490 1
96 37 85506 1
92 82 85585 0
102 62 85676 1
63 73 85731 1
20 85 85790 0
101 57 85828 1
77 91 85993 0
16 78 86059 0
53 98 86146 0
23 51 86286 1
100 57 86376 1
98 52 86387 1
96 89 86462 1
18 86 86465 0
52 90 86513 0
16 62 86550 0
19 84 86624 0
46 47 86671 1
16 63 86685 0
51 93 86727 0
96 35 86798 1
26 85 86817 0
52 95 86849 0
16 61 86943 0
27 56 86996 1
81 28 87003 1
36 81 87055 0
98 74 87151 1
17 73 87162 0
93 81 87194 0
52 94 87235 0
69 97 87283 0
16 73 87304 0
16 72 87354 0
57 68 87427 0
18 85 87432 0
21 85 87475 0
96 36 87489 1
31 83 87495 0
16 79 87520 0
101 66 87551 1
68 69 87554 1
49 75 87602 0
54 102 87604 0
86 88 87644 0
82 89 87669 0
97 44 87739 1
80 89 87740 0
97 53 87804 1
61 66 87921 0
101 68 87976 1
14 82 88011 0
60 104 88021 0
44 75 88036 0
20 87 88075 0
68 33 88176 1
16 58 88218 0
17 86 88259 0
13 83 88552 0
97 42 88559 1
35 82 88581 0
52 92 88609 0
16 81 88622 0
96 48 88645 1
73 32 88671 1
70 67 88697 0
23 87 88747 0
78 91 88749 0
17 76 88915 0
93 108 88938 0
33 57 88953 1
13 96 89001 0
33 83 89017 0
17 57 89071 0
13 78 89090 0
63 103 89131 0
51 87 89145 0
56 100 89195 0
15 80 89195 0
16 77 89286 0
27 86 89516 0
90 27 89590 1
66 101 89618 0
16 59 89619 0
62 66 89623 0
16 70 89649 0
13 81 89656 0
96 34 89675 1
101 58 89723 1
16 78 89768 0
86 26 89840 1
52 95 89849 0
92 28 89852 1
56 68 89890 0
51 89 89891 0
52 90 89894 0
62 37 89939 1
97 41 89991 1
57 69 90005 0
109 45 90029 1
42 78 90070 0
109 45 90175 0
30 56 90185 1
56 104 90230 0
53 96 90403 0
20 53 90465 1
57 105 90467 0
52 98 90484 0
29 84 90497 0
62 103 90563 0
25 52 90569 1
100 45 90614 1
16 74 90682 0
79 29 90791 1
53 101 90809 0
30 84 91008 0
52 71 91027 0
15 73 91033 0
67 34 91051 1
51 90 91084 0
16 88 91127 0
17 78 91143 0
18 83 91225 0
5 91 91348 0
24 87 91385 0
52 87 91446 0
16 73 91478 0
53 56 91490 1
96 50 91491 1
16 72 91516 0
58 77 91572 1
19 87 91586 0
73 33 91587 1
52 96 91831 0
46 74 91902 0
20 91 91917 0
43 49 92003 1
75 31 92079 1
47 99 92106 0
7 91 92170 0
57 103 92191 0
16 62 92232 0
49 93 92270 0
51 93 92271 0
51 94 92304 0
5 74 92322 0
48 97 92383 0
17 68 92386 0
68 64 92446 0
48 96 92460 0
17 83 92516 0
18 87 92518 0
44 96 92537 0
15 89 92552 0
87 27 92562 1
62 67 92610 0
57 108 92617 0
94 31 92639 1
81 90 92680 0
18 90 92697 0
65 101 92720 0
54 102 92870 0
58 68 92939 0
19 88 92941 0
43 79 92947 0
51 104 92957 0
15 71 92974 0
11 83 92984 0
52 97 93005 0
15 99 93007 0
12 96 93009 0
52 88 93010 0
6 39 93011 0
14 37 93045 0
26 55 93052 1
21 89 93064 0
51 98 93085 0
41 50 93224 1
83 90 93321 0
93 80 93341 0
42 76 93373 0
41 79 93380 0
96 43 93386 1
52 84 93393 0
19 70 93398 1
61 69 93430 0
58 69 93513 0
59 67 93574 0
59 102 93574 0
80 89 93675 0
16 80 93695 0
70 63 93712 0
16 79 93771 0
52 95 93848 0
54 70 93872 0
84 27 93874 1
52 93 93920 0
50 74 93992 0
52 86 94038 0
16 91 94084 0
61 111 94134 0
8 86 94135 0
14 95 94138 0
16 78 94166 0
97 52 94207 1
62 102 94215 0
15 63 94225 0
15 60 94234 0
87 66 94243 1
53 83 94332 0
48 74 94358 0
17 58 94391 0
101 67 94397 1
64 64 94419 0
21 87 94474 0
56 103 94489 0
16 67 94493 0
17 84 94511 0
16 70 94520 0
71 64 94553 0
75 74 94625 1
18 58 94632 0
48 102 94642 0
10 87 94648 0
18 83 94657 0
41 90 94665 0
64 103 94718 0
61 102 94777 0
61 67 94830 0
24 52 95007 1
90 28 95019 1
50 46 95102 1
52 92 95164 0
36 82 95211 0
70 96 95220 0
15 58 95492 0
45 98 95594 0
16 72 95594 0
60 104 95670 0
14 80 95670 0
51 97 95783 0
56 69 95809 0
62 103 95850 0
101 60 95863 1
52 87 95914 0
101 69 96072 1
13 68 96093 0
97 50 96204 1
99 56 96320 1
92 81 96391 0
96 47 96450 1
109 45 96527 1
40 99 96594 0
109 45 96650 0
33 11 96721 0
97 45 96783 1
61 106 96825 0
53 81 96871 0
86 27 97030 1
26 54 97072 1
14 71 97075 0
94 30 97164 1
68 34 97213 1
101 59 97384 1
14 62 97425 0
91 29 97481 1
51 46 97589 1
97 51 97629 1
19 86 97741 0
53 99 97742 0
91 28 97865 1
0 0 97956 0
11 68 97969 0
54 99 98041 0
52 93 98049 0
17 77 98056 0
16 73 98061 0
101 65 98073 1
65 64 98096 0
55 69 98212 0
69 98 98233 0
99 55 98252 1
101 61 98286 1
69 63 98307 0
93 30 98308 1
97 39 98407 1
79 89 98431 0
98 54 98468 1
109 45 98523 1
72 95 98537 0
84 28 98543 1
53 98 98547 0
61 102 98629 0
52 45 98678 1
101 70 98745 1
51 93 98831 0
93 29 98838 1
52 90 98881 0
109 45 98890 0
41 77 98890 0
64 102 98968 0
96 37 98981 1
71 32 98988 1
100 57 99018 1
87 26 99027 1
62 102 99055 0
78 29 99084 1
102 66 99098 1
55 100 99136 0
86 87 99194 0
101 62 99211 1
97 54 99255 1
65 34 99281 1
83 28 99326 1
82 28 99328 1
92 29 99381 1
11 82 99383 0
17 85 99442 0
20 92 99505 0
26 85 99552 0
17 58 99562 0
37 80 99615 0
19 84 99643 0
54 102 99656 0
109 81 99686 1
27 54 99693 1
53 84 99733 0
20 85 99756 0
18 84 99780 0
63 101 99832 0
95 34 99832 1
100 71 99936 1
18 83 99979 0
96 36 100015 1
98 55 100035 1
97 46 100038 1
95 33 100084 1
27 55 100084 1
37 79 100159 0
63 102 100198 0
97 53 100202 1
21 86 100220 0
23 86 100232 0
88 27 100238 1
84 90 100266 0
52 91 100365 0
88 86 100387 0
96 38 100387 1
27 53 100393 1
47 75 100440 0
16 78 100457 0
81 89 100503 0
81 29 100540 1
29 54 100552 1
98 41 100707 1
52 95 100848 0
94 32 100850 1
28 54 100981 1
98 40 100991 1
95 31 101012 1
102 37 101017 1
71 66 101103 0
65 35 101144 1
98 53 101240 1
95 35 101245 1
58 40 101334 1
101 66 101359 1
80 29 101417 1
52 94 101461 0
95 32 101515 1
63 36 101521 1
51 45 101556 1
22 52 101559 1
96 48 101612 1
26 52 101619 1
16 77 101634 0
88 26 101650 1
22 53 101650 1
48 46 101679 1
89 27 101682 1
24 54 101682 1
91 81 101785 0
49 100 101815 0
70 33 101837 1
66 70 101857 1
19 85 101867 0
27 85 101888 0
67 70 101898 1
16 70 101983 0
17 56 101998 0
37 54 102031 1
29 55 102053 1
37 53 102072 1
80 28 102075 1
17 69 102080 0
49 73 102117 0
53 45 102131 1
25 53 102142 1
101 48 102173 1
29 53 102192 1
22 51 102244 1
103 23 102296 1
25 85 102320 0
100 56 102331 1
83 88 102346 0
52 87 102436 0
94 31 102438 1
17 66 102537 0
36 53 102602 1
51 86 102608 0
102 63 102631 1
48 95 102721 0
99 56 102736 1
91 28 102767 1
28 55 102794 1
21 53 102831 1
22 87 102904 0
18 86 102919 0
71 65 102951 0
15 83 102981 0
97 49 103037 1
35 54 103076 1
52 93 103085 0
17 77 103122 0
69 65 103183 0
100 58 103184 1
13 71 103209 0
16 72 103221 0
27 52 103273 1
17 73 103283 0
67 63 103404 0
79 28 103415 1
82 18 103474 1
90 26 103523 1
106 55 103696 1
61 102 103716 0
59 102 103724 0
80 89 103730 0
96 35 103899 1
54 97 103972 0
54 44 104029 1
26 53 104071 1
100 31 104073 1
101 60 104080 1
43 76 104083 0
97 47 104125 1
32 83 104210 0
31 56 104228 1
55 102 104240 0
20 86 104264 0
72 32 104285 1
56 100 104356 0
52 92 104373 0
16 71 104391 0
65 102 104416 0
61 103 104443 0
47 102 104467 0
17 68 104477 0
17 62 104523 0
89 26 104532 1
34 83 104566 0
53 96 104570 0
33 82 104658 0
62 103 104700 0
94 79 104747 0
101 64 104753 1
67 64 104763 0
45 89 104771 0
17 72 104827 0
54 99 104888 0
101 68 104914 1
45 75 104942 0
32 53 104965 1
16 75 105019 0
17 58 105102 0
25 54 105182 1
92 81 105232 0
93 32 105256 1
16 79 105259 0
93 31 105268 1
55 100 105319 0
49 91 105325 0
31 84 105333 0
53 82 105357 0
34 53 105494 1
65 65 105565 0
75 93 105659 0
96 40 105694 1
33 81 105887 0
102 64 106111 1
90 27 106111 1
98 48 106170 1
30 55 106175 1
25 51 106199 1
98 38 106208 1
98 51 106213 1
92 28 106242 1
58 102 106243 0
96 46 106294 1
97 43 106330 1
52 85 106374 0
96 51 106423 1
62 102 106436 0
96 47 106548 1
17 76 106734 0
86 27 106755 1
83 27 106755 1
56 78 106843 1
17 66 106891 0
15 81 106997 0
17 78 107052 0
16 85 107105 0
21 85 107193 0
18 83 107212 0
100 72 107274 1
97 48 107286 1
18 85 107419 0
16 66 107567 0
75 94 107623 0
24 53 107757 1
85 27 107779 1
42 77 107818 0
51 92 107843 0
50 86 107999 0
17 61 108013 0
66 71 108111 1
60 102 108153 0
32 55 108265 1
101 72 108275 1
17 57 108553 0
96 34 108666 1
97 40 108691 1
17 62 108695 0
53 95 108702 0
27 84 108713 0
101 59 108758 1
41 76 108781 0
98 42 108797 1
100 57 108829 1
52 83 109027 0
71 33 109034 1
57 109 109042 0
101 61 109093 1
39 79 109110 0
18 80 109180 0
96 50 109189 1
16 78 109226 0
17 63 109261 0
97 38 109492 1
28 84 109523 0
97 35 109620 1
81 28 109658 1
23 53 109728 1
47 74 109771 0
87 86 109795 0
97 41 109825 1
102 59 109878 1
98 54 109890 1
71 66 109904 0
58 102 109912 0
101 58 109912 1
96 32 110023 1
109 45 110049 1
70 32 110103 1
25 84 110222 0
93 30 110242 1
65 71 110257 1
109 45 110423 0
46 75 110424 0
17 72 110447 0
99 55 110503 1
94 30 110554 1
27 54 110554 1
101 71 110605 1
96 37 110637 1
25 85 110693 0
60 104 110696 0
97 37 110700 1
57 101 110727 0
85 86 110853 0
96 36 110869 1
62 38 110886 1
6 82 110937 0
22 86 111049 0
97 52 111062 1
70 63 111068 0
77 29 111139 1
94 28 111140 1
85 88 111169 0
97 51 111197 1
95 33 111220 1
92 29 111225 1
102 69 111338 1
97 53 111346 1
69 33 111355 1
102 62 111358 1
89 27 111379 1
62 65 111391 0
98 52 111539 1
97 42 111561 1
99 56 111579 1
93 29 111626 1
16 74 111643 0
47 47 111704 1
101 59 111799 1
53 98 111813 0
49 46 111817 1
53 44 111844 1
33 54 111846 1
52 90 111870 0
66 34 111902 1
74 93 111912 0
94 31 111956 1
97 36 111993 1
60 102 111999 0
97 39 112005 1
54 98 112038 0
62 66 112043 0
17 44 112074 1
17 55 112074 0
70 66 112211 0
43 76 112312 0
15 66 112319 0
59 66 112320 0
29 84 112435 0
93 28 112439 1
101 62 112491 1
49 47 112555 1
95 34 112648 1
102 65 112664 1
53 99 112767 0
16 73 112780 0
102 61 112809 1
101 69 112850 1
17 77 112876 0
78 28 112876 1
64 35 112970 1
30 83 112979 0
52 89 113006 0
25 52 113032 1
71 64 113047 0
23 54 113048 1
101 70 113059 1
44 75 113066 0
29 56 113067 1
52 88 113098 0
23 52 113119 1
85 26 113138 1
17 61 113150 0
61 102 113156 0
53 95 113214 0
46 76 113219 0
58 102 113236 0
88 27 113249 1
91 27 113267 1
21 54 113268 1
46 74 113286 0
51 93 113307 0
49 74 113310 0
52 91 113313 0
52 72 113314 0
63 102 113325 0
99 54 113327 1
39 78 113337 0
19 84 113341 0
102 63 113346 1
101 60 113348 1
28 54 113428 1
95 32 113454 1
16 66 113467 0
17 83 113501 0
102 66 113504 1
91 29 113521 1
96 33 113533 1
26 84 113545 0
53 70 113561 0
97 50 113577 1
74 32 113578 1
29 83 113612 0
49 95 113633 0
59 102 113638 0
114 53 113640 1
17 63 113640 0
14 94 113652 0
20 85 113666 0
69 63 113683 0
102 60 113698 1
71 67 113733 0
55 70 113739 0
54 102 113746 0
6 83 113747 0
94 80 113836 0
52 96 113873 0
100 56 113887 1
88 23 113904 1
54 97 113918 0
96 34 113948 1
53 71 113983 0
44 49 114007 1
96 41 114031 1
49 45 114039 1
51 91 114069 0
9 79 114094 0
38 53 114108 1
92 28 114131 1
80 90 114173 0
57 101 114181 0
73 31 114205 1
17 69 114238 0
27 53 114239 1
46 90 114254 0
18 84 114257 0
26 51 114313 1
28 53 114375 1
53 96 114381 0
102 67 114413 1
35 80 114442 0
71 32 114476 1
52 93 114480 0
17 66 114486 0
83 28 114587 1
82 28 114588 1
58 103 114600 0
78 29 114698 1
15 63 114699 0
33 55 114704 1
102 64 114720 1
100 55 114734 1
100 57 114738 1
54 98 114772 0
98 54 114835 1
18 55 114854 0
62 102 114866 0
17 58 114876 0
56 100 114884 0
96 35 114888 1
70 97 114926 0
87 27 114988 1
97 46 114992 1
60 102 115204 0
53 83 115268 0
52 86 115306 0
99 55 115351 1
97 40 115377 1
24 51 115387 1
41 48 115403 1
41 49 115459 1
54 80 115481 0
17 62 115573 0
17 73 115576 0
79 90 115576 0
54 99 115577 0
48 47 115593 1
16 62 115602 0
17 68 115621 0
28 84 115638 0
25 53 115673 1
34 54 115691 1
95 31 115700 1
94 29 115703 1
18 58 115734 0
55 100 115747 0
70 63 115777 0
21 84 115799 0
52 95 115812 0
55 101 115868 0
63 65 115881 0
67 33 115889 1
66 35 115905 1
53 100 115910 0
101 65 115930 1
21 86 115952 0
57 100 115952 0
22 86 115959 0
70 64 115965 0
53 84 115970 0
48 104 116003 0
33 84 116003 0
17 81 116006 0
19 85 116050 0
38 80 116061 0
25 86 116130 0
84 28 116146 1
31 82 116148 0
91 28 116202 1
18 77 116222 0
52 87 116230 0
101 61 116232 1
115 59 116265 1
71 65 116280 0
99 50 116333 1
18 57 116367 0
46 75 116425 0
32 82 116461 0
17 80 116470 0
35 53 116478 1
83 20 116500 1
46 46 116502 1
71 31 116523 1
84 26 116532 1
30 54 116536 1
101 58 116574 1
58 102 116605 0
44 48 116637 1
15 83 116709 0
101 66 116765 1
47 46 116803 1
86 26 116807 1
17 72 116908 0
94 32 116928 1
23 86 116973 0
73 113 117012 1
45 48 117050 1
17 78 117062 0
94 30 117075 1
17 76 117100 0
52 92 117302 0
21 52 117343 1
53 86 117359 0
101 68 117360 1
90 27 117380 1
17 57 117396 0
20 52 117426 1
92 81 117500 0
64 102 117517 0
60 76 117519 1
59 67 117520 0
97 45 117542 1
34 53 117564 1
18 80 117613 0
99 74 117615 1
17 79 117637 0
103 41 117700 1
52 94 117714 0
19 86 117738 0
17 64 117776 0
96 36 117815 1
80 28 117829 1
66 62 117832 0
59 77 117877 1
17 63 117892 0
97 43 117893 1
27 50 117895 1
17 77 117909 0
26 52 117928 1
17 61 117930 0
59 101 117942 0
84 27 117961 1
103 29 117966 1
102 84 118023 1
90 26 118034 1
52 89 118041 0
32 81 118043 0
18 83 118147 0
100 35 118162 1
63 101 118249 0
93 27 118315 1
53 95 118316 0
73 32 118348 1
81 25 118394 1
26 53 118411 1
97 49 118540 1
97 38 118544 1
97 47 118549 1
82 89 118620 0
61 66 118626 0
26 85 118698 0
16 81 118752 0
95 33 118764 1
46 47 118911 1
17 85 118931 0
99 36 118948 1
31 55 118980 1
81 88 119000 0
27 51 119035 1
65 70 119082 1
24 52 119120 1
93 30 119151 1
17 75 119205 0
97 41 119216 1
51 83 119352 0
101 57 119423 1
54 98 119427 0
22 54 119453 1
96 48 119502 1
13 77 119629 0
81 28 119652 1
5 61 119747 0
55 101 119775 0
68 63 119777 0
52 45 119780 1
15 74 119804 0
58 41 119841 1
98 46 119849 1
80 29 119887 1
98 44 119981 1
60 102 120013 0
67 69 120016 1
27 54 120034 1
23 53 120036 1
17 81 120099 0
29 55 120117 1
45 47 120153 1
61 38 120189 1
31 53 120229 1
99 73 120239 1
17 80 120276 0
81 29 120319 1
83 89 120377 0
31 57 120408 1
94 31 120427 1
89 27 120505 1
97 77 120701 1
51 45 120730 1
70 64 120771 0
20 54 120774 1
37 82 120812 0
27 55 120818 1
79 28 120846 1
97 42 120862 1
53 98 120871 0
57 101 120921 0
57 78 120949 1
43 48 120952 1
90 24 120965 1
97 35 120971 1
62 104 121208 0
9 64 121224 0
22 86 121280 0
17 64 121301 0
93 80 121382 0
29 57 121407 1
102 62 121422 1
51 84 121588 0
69 64 121605 0
14 63 121650 0
17 79 121774 0
23 100 121776 0
97 51 121802 1
30 83 121848 0
18 82 121877 0
93 29 121941 1
48 74 121980 0
64 72 122031 1
16 66 122052 0
16 86 122061 0
25 85 122108 0
30 84 122180 0
18 81 122182 0
16 88 122211 0
99 56 122221 1
15 77 122302 0
53 22 122358 0
16 65 122515 0
16 64 122544 0
28 55 122570 1
23 90 122599 0
101 59 122629 1
58 103 122639 0
16 70 122683 0
15 75 122691 0
18 89 122712 0
86 86 122748 0
62 103 122762 0
102 63 122807 1
63 112 122903 0
16 83 122946 0
32 56 123022 1
58 102 123039 0
96 37 123060 1
16 72 123141 0
58 108 123192 0
73 94 123194 0
52 101 123267 0
5 77 123317 0
83 88 123338 0
10 59 123365 0
100 56 123446 1
55 101 123447 0
9 78 123453 0
15 84 123464 0
65 101 123470 0
48 103 123507 0
16 78 123530 0
59 108 123549 0
98 38 123556 1
3 86 123557 0
16 82 123612 0
9 76 123636 0
8 82 123641 0
99 55 123645 1
17 75 123646 0
48 75 123652 0
86 27 123704 1
17 62 123772 0
65 104 123838 0
89 26 123886 1
49 87 123939 0
108 16 123960 0
61 102 123962 0
97 48 124034 1
18 72 124058 0
72 32 124060 1
46 75 124080 0
15 69 124113 0
15 81 124171 0
102 58 124178 1
17 84 124215 0
98 39 124241 1
95 32 124308 1
54 97 124352 0
89 84 124367 0
100 52 124379 1
102 68 124497 1
67 63 124513 0
102 66 124514 1
98 52 124587 1
14 69 124651 0
79 29 124653 1
92 28 124675 1
96 34 124691 1
53 106 124716 0
81 89 124729 0
43 76 124745 0
16 76 124770 0
98 53 124826 1
87 26 124830 1
97 37 124832 1
71 64 124836 0
102 65 124846 1
36 53 124856 1
92 80 124937 0
31 83 124952 0
50 73 125025 0
80 89 125045 0
52 97 125189 0
109 45 125195 1
109 45 125223 0
95 30 125237 1
17 81 125239 0
92 27 125263 1
68 63 125282 0
17 80 125285 0
56 110 125330 0
102 61 125352 1
28 84 125378 0
47 74 125384 0
69 99 125429 0
53 96 125434 0
102 64 125449 1
91 27 125491 1
36 81 125492 0
91 28 125560 1
21 85 125571 0
40 77 125572 0
53 86 125604 0
107 20 125630 1
72 64 125638 0
56 100 125654 0
17 64 125707 0
96 33 125729 1
69 65 125744 0
19 84 125754 0
18 82 125784 0
52 89 125815 0
61 101 125872 0
28 54 125879 1
97 35 125884 1
88 26 125885 1
102 60 125983 1
98 54 125993 1
52 90 126012 0
99 54 126020 1
19 83 126077 0
17 69 126147 0
81 88 126151 0
97 36 126166 1
60 102 126202 0
98 51 126203 1
100 57 126203 1
99 53 126263 1
17 66 126283 0
69 68 126287 1
74 31 126298 1
70 64 126360 0
19 82 126380 0
17 58 126389 0
54 98 126389 0
17 68 126399 0
57 68 126422 0
101 56 126451 1
64 65 126452 0
102 79 126532 1
69 63 126537 0
85 74 126551 0
85 27 126551 1
52 91 126569 0
88 27 126614 1
59 101 126621 0
20 85 126625 0
18 81 126653 0
45 75 126707 0
54 99 126736 0
30 82 126738 0
72 31 126778 1
29 54 126780 1
17 79 126792 0
27 53 126793 1
57 100 126795 0
25 52 126796 1
42 76 126825 0
55 69 126866 0
17 63 126884 0
18 84 126888 0
59 102 126891 0
13 80 126903 0
53 92 126914 0
57 101 126917 0
71 66 126932 0
53 95 126950 0
20 86 126964 0
18 69 126991 0
52 88 127008 0
97 50 127013 1
101 58 127032 1
55 101 127059 0
55 81 127141 0
68 64 127174 0
63 102 127207 0
62 102 127255 0
15 88 127262 0
37 80 127270 0
17 73 127322 0
34 82 127341 0
66 101 127362 0
17 61 127405 0
47 78 127422 0
94 30 127468 1
57 40 127481 1
22 50 127527 1
91 26 127531 1
106 49 127586 1
103 65 127671 1
58 39 127692 1
95 31 127709 1
55 98 127712 0
69 64 127717 0
17 77 127731 0
98 50 127761 1
29 83 127794 0
29 84 127806 0
55 68 127807 0
100 55 127837 1
17 72 127858 0
19 91 127879 0
50 103 127891 0
54 70 127907 0
51 95 127920 0
60 103 127928 0
79 89 127950 0
16 65 127951 0
52 102 127990 0
69 32 128038 1
82 27 128079 1
18 80 128093 0
89 27 128181 1
17 75 128189 0
44 47 128200 1
23 45 128203 1
103 67 128224 1
97 44 128241 1
101 59 128258 1
54 81 128278 0
21 84 128281 0
30 55 128283 1
37 79 128290 0
56 41 128293 1
22 51 128309 1
70 32 128328 1
25 50 128379 1
97 39 128379 1
22 86 128392 0
29 53 128407 1
18 56 128424 0
18 58 128433 0
23 51 128435 1
28 53 128443 1
94 29 128469 1
22 52 128478 1
97 40 128549 1
90 27 128675 1
82 28 128679 1
25 84 128740 0
17 78 128770 0
85 87 128773 0
44 75 128794 0
101 57 128803 1
16 80 128804 0
98 40 128844 1
68 33 128876 1
27 52 128926 1
50 45 128969 1
68 34 129003 1
57 102 129003 0
102 70 129013 1
102 59 129015 1
99 55 129068 1
67 34 129070 1
1 26 129084 1
18 82 129091 0
25 51 129138 1
25 53 129241 1
29 56 129249 1
102 62 129251 1
52 71 129280 0
52 92 129288 0
54 97 129298 0
101 60 129327 1
18 83 129336 0
55 100 129347 0
17 65 129355 0
80 28 129389 1
78 28 129392 1
69 33 129392 1
31 56 129429 1
97 35 129431 1
57 104 129455 0
17 56 129461 0
21 51 129474 1
28 52 129476 1
58 103 129512 0
19 83 129522 0
17 80 129557 0
34 55 129652 1
80 27 129744 1
17 76 129851 0
101 70 129854 1
13 82 129906 0
18 85 129919 0
25 87 129938 0
83 27 129973 1
18 77 129993 0
27 84 130044 0
68 69 130081 1
17 62 130087 0
17 69 130096 0
17 71 130199 0
50 46 130222 1
102 69 130285 1
48 46 130371 1
71 32 130387 1
17 93 130398 0
97 43 130412 1
100 56 130464 1
21 53 130505 1
93 28 130519 1
83 26 130547 1
97 53 130595 1
56 101 130697 0
102 67 130758 1
102 63 130758 1
53 98 130759 0
17 64 130759 0
15 81 130766 0
98 41 130784 1
102 56 130795 1
109 45 130886 1
64 36 130925 1
59 66 130931 0
109 45 130944 0
105 25 130963 1
96 36 130978 1
50 101 131001 0
97 46 131024 1
17 83 131128 0
53 45 131136 1
58 102 131176 0
67 70 131183 1
96 35 131230 1
53 92 131230 0
34 83 131233 0
17 81 131249 0
51 101 131254 0
65 35 131316 1
23 87 131443 0
52 85 131445 0
52 93 131495 0
17 68 131521 0
32 88 131534 0
27 54 131548 1
97 41 131570 1
47 47 131578 1
52 44 131622 1
53 101 131629 0
81 28 131718 1
18 81 131784 0
98 38 131846 1
16 76 131864 0
16 77 131988 0
66 69 132019 1
32 54 132082 1
47 108 132119 0
30 83 132177 0
86 26 132214 1
31 54 132326 1
97 51 132329 1
88 85 132359 0
90 26 132385 1
96 32 132438 1
51 90 132493 0
73 94 132498 0
15 68 132522 0
76 30 132523 1
18 57 132559 0
12 94 132615 0
68 99 132658 0
61 102 132661 0
78 90 132681 0
83 28 132691 1
84 27 132703 1
26 84 132704 0
7 97 132723 0
53 84 132723 0
98 49 132763 1
19 85 132893 0
15 74 132918 0
23 52 132936 1
17 65 132959 0
97 38 132973 1
63 72 133046 1
60 39 133146 1
32 53 133180 1
73 113 133206 0
26 52 133209 1
97 49 133251 1
37 53 133255 1
98 43 133259 1
4 86 133287 0
55 101 133287 0
54 82 133295 0
17 79 133318 0
16 60 133334 0
19 92 133398 0
19 104 133398 0
51 88 133403 0
68 66 133409 0
46 109 133427 0
16 68 133445 0
23 86 133461 0
16 92 133476 0
12 73 133532 0
43 49 133556 1
20 53 133644 1
17 77 133650 0
49 96 133741 0
5 97 133765 0
47 83 133824 0
32 55 133844 1
78 29 133861 1
76 94 133900 0
93 29 133912 1
23 88 133938 0
44 96 133947 0
50 106 133974 0
84 89 133978 0
27 82 133988 0
27 85 133988 0
3 83 133995 0
17 71 134003 0
12 85 134016 0
9 78 134020 0
22 87 134049 0
5 61 134114 0
16 65 134121 0
64 71 134180 1
35 101 134193 0
57 102 134207 0
39 81 134264 0
37 81 134268 0
29 92 134282 0
21 87 134306 0
26 53 134350 1
31 81 134480 0
58 107 134492 0
74 93 134527 0
53 86 134533 0
49 46 134612 1
17 66 134798 0
60 102 134888 0
21 86 134942 0
56 101 134946 0
50 92 134965 0
0 9 135154 0
94 79 135208 0
15 83 135257 0
51 89 135267 0
33 81 135305 0
19 83 135311 0
17 75 135329 0
52 98 135410 0
68 63 135427 0
70 117 135461 0
51 46 135473 1
17 67 135511 0
16 66 135515 0
22 53 135518 1
95 33 135573 1
66 102 135664 0
25 85 135668 0
43 98 135674 0
15 81 135682 0
43 99 135688 0
52 107 135694 0
17 73 135702 0
56 68 135715 0
59 70 135802 0
8 87 135893 0
49 73 135952 0
21 85 135960 0
26 86 135962 0
83 87 135973 0
29 55 136128 1
52 103 136170 0
17 57 136177 0
54 98 136276 0
9 70 136283 0
53 96 136340 0
35 54 136349 1
48 101 136394 0
32 84 136402 0
34 85 136402 0
16 75 136413 0
17 90 136423 0
16 79 136429 0
92 28 136443 1
17 63 136471 0
15 65 136490 0
46 75 136535 0
69 64 136546 0
53 72 136549 0
48 100 136570 0
13 79 136586 0
18 63 136608 0
109 45 136614 1
19 84 136632 0
63 101 136652 0
35 80 136691 0
95 32 136723 1
41 61 136740 1
52 87 136762 0
15 76 136789 0
109 45 136811 0
70 63 136826 0
18 69 136913 0
54 71 136973 0
102 66 137085 1
4 84 137088 0
77 92 137094 0
14 64 137099 0
5 74 137104 0
48 92 137126 0
53 83 137153 0
75 93 137178 0
71 65 137208 0
73 93 137212 0
22 88 137216 0
93 81 137249 0
18 59 137290 0
40 78 137341 0
28 54 137403 1
17 91 137409 0
20 87 137475 0
17 65 137613 0
98 53 137674 1
16 76 137853 0
49 47 138054 1
68 32 138089 1
77 28 138111 1
61 101 138242 0
94 31 138277 1
59 101 138325 0
62 65 138331 0
17 71 138411 0
28 88 138516 0
91 28 138516 1
44 76 138595 0
96 64 138599 0
96 34 138599 1
62 66 138656 0
102 58 138723 1
56 101 138766 0
85 86 138984 0
63 35 139037 1
58 103 139203 0
100 53 139241 1
57 102 139284 0
34 53 139379 1
101 71 139452 1
33 54 139507 1
102 65 139517 1
103 63 139666 1
79 28 139732 1
91 27 139748 1
17 67 139816 0
57 101 139880 0
43 47 139927 1
54 101 140023 0
102 64 140081 1
98 42 140100 1
15 92 140101 0
97 45 140186 1
98 52 140216 1
37 82 140255 0
66 111 140264 0
22 86 140292 0
17 80 140399 0
16 74 140441 0
35 106 140482 0
67 62 140489 0
53 102 140528 0
53 95 140549 0
17 72 140551 0
102 61 140589 1
96 33 141004 1
52 100 141180 0
16 88 141206 0
19 82 141232 0
18 84 141299 0
16 68 141354 0
53 111 141377 0
18 72 141413 0
18 80 141421 0
13 65 141486 0
52 96 141569 0
85 87 141673 0
99 54 141803 1
19 81 141827 0
31 82 141839 0
72 64 141865 0
39 79 141911 0
100 72 141972 1
35 81 142019 0
70 33 142044 1
100 71 142051 1
28 84 142059 0
97 47 142124 1
41 95 142205 0
18 59 142257 0
17 58 142276 0
76 93 142293 0
33 86 142464 0
51 72 142470 0
13 67 142497 0
48 106 142552 0
68 62 142555 0
12 79 142558 0
64 64 142580 0
41 97 142589 0
101 69 142653 1
33 82 142727 0
72 97 142735 0
18 63 142759 0
66 62 142816 0
53 82 142888 0
21 88 142966 0
78 93 142969 0
16 65 143084 0
57 100 143099 0
102 60 143323 1
97 37 143446 1
53 92 143471 0
102 68 143555 1
96 30 143590 1
84 87 143771 0
51 44 143808 1
47 73 143977 0
94 30 144056 1
56 100 144075 0
56 101 144137 0
106 55 144200 1
26 85 144330 0
46 99 144489 0
90 25 144679 1
89 26 144871 1
53 70 145115 0
24 51 145154 1
97 42 145398 1
42 48 145435 1
52 89 145462 0
17 60 145465 0
20 85 145516 0
17 85 145701 0
52 84 145767 0
34 84 145768 0
17 67 145770 0
21 84 145806 0
27 53 146055 1
24 52 146125 1
29 54 146256 1
28 83 146275 0
77 29 146421 1
16 76 146444 0
15 81 146572 0
102 57 146634 1
102 63 146657 1
17 61 146677 0
22 84 146682 0
50 105 146689 0
14 97 146829 0
65 101 146876 0
13 90 146944 0
9 85 146951 0
11 90 146966 0
21 52 147230 1
54 101 147252 0
9 98 147261 0
16 61 147286 0
25 52 147334 1
95 31 147406 1
40 50 147434 1
92 27 147460 1
26 51 147583 1
18 61 147613 0
57 102 147948 0
100 55 147977 1
65 63 148058 0
46 45 148093 1
57 77 148116 1
101 58 148119 1
97 36 148160 1
68 62 148314 0
70 65 148351 0
17 71 148516 0
53 94 148548 0
98 51 148649 1
28 53 148776 1
71 64 148788 0
97 48 149013 1
71 33 149226 1
101 57 149407 1
102 62 149456 1
95 30 149489 1
92 26 149744 1
53 99 149833 0
97 33 150331 1
66 100 150469 0
86 27 150480 1
101 55 150615 1
100 54 150672 1
97 34 150677 1
17 64 150773 0
38 52 150786 1
16 68 150825 0
99 53 150943 1
96 47 150958 1
17 70 150969 0
35 53 151043 1
96 31 151047 1
60 67 151111 0
54 97 151141 0
17 60 151142 0
64 102 151194 0
47 46 151246 1
59 103 151252 0
89 27 151276 1
93 80 151328 0
98 39 151388 1
48 94 151392 0
83 88 151429 0
28 85 151449 0
98 45 151456 1
83 87 151475 0
85 26 151559 1
91 26 151580 1
94 29 151775 1
80 29 151787 1
94 23 151791 1
102 59 151839 1
93 25 151851 1
97 40 151885 1
97 50 151886 1
44 76 151936 0
97 39 152018 1
51 45 152064 1
68 61 152139 0
55 98 152148 0
81 88 152169 0
101 59 152171 1
19 80 152202 0
30 54 152248 1
59 102 152345 0
97 35 152371 1
18 55 152407 0
56 69 152410 0
47 74 152415 0
59 67 152423 0
98 38 152545 1
17 55 152549 0
97 41 152556 1
100 56 152605 1
87 26 152623 1
97 43 152658 1
61 66 152711 0
73 95 152738 0
46 74 152817 0
93 28 152898 1
72 32 152918 1
96 34 152924 1
52 86 152971 0
18 56 152991 0
63 36 153019 1
100 43 153033 1
16 88 153091 0
53 94 153161 0
15 74 153181 0
30 55 153200 1
48 74 153219 0
59 101 153237 0
18 82 153242 0
22 84 153306 0
54 82 153313 0
54 99 153341 0
17 65 153363 0
80 28 153370 1
18 77 153394 0
90 27 153434 1
103 61 153436 1
17 76 153455 0
58 78 153477 1
84 87 153541 0
93 27 153629 1
53 44 153650 1
18 81 153680 0
90 26 153727 1
18 58 153766 0
102 58 153780 1
55 101 153782 0
92 28 153788 1
21 83 153916 0
99 54 153935 1
101 56 153944 1
18 76 154029 0
87 25 154062 1
18 61 154090 0
113 4 154166 1
109 45 154193 1
109 45 154235 0
49 45 154239 1
55 100 154269 0
29 83 154278 0
88 26 154313 1
35 81 154322 0
75 31 154381 1
17 62 154396 0
17 78 154415 0
52 109 154430 0
17 81 154441 0
75 30 154458 1
51 71 154560 0
18 59 154574 0
17 68 154592 0
86 25 154604 1
98 46 154662 1
27 24 154707 1
27 52 154708 1
82 92 154726 0
99 55 154819 1
59 39 154899 1
102 66 154956 1
53 89 154970 0
32 82 155002 0
97 44 155092 1
46 47 155122 1
102 61 155144 1
23 53 155145 1
102 67 155152 1
97 30 155246 1
73 31 155266 1
25 51 155326 1
19 83 155337 0
97 38 155398 1
17 75 155440 0
17 79 155462 0
32 83 155475 0
52 45 155531 1
109 45 155538 1
61 37 155558 1
63 101 155607 0
68 68 155613 1
109 45 155668 0
36 53 155739 1
105 66 155771 1
69 98 155804 0
54 101 155811 0
17 69 155823 0
91 27 155823 1
31 55 155841 1
45 46 155862 1
44 48 155863 1
98 47 155904 1
81 28 155960 1
32 53 155989 1
95 29 156027 1
98 50 156047 1
47 45 156086 1
29 56 156087 1
76 29 156087 1
94 28 156088 1
53 93 156114 0
16 48 156154 1
94 30 156179 1
74 30 156197 1
54 100 156239 0
98 31 156247 1
23 84 156261 0
102 60 156272 1
17 70 156307 0
99 31 156314 1
102 64 156314 1
27 54 156361 1
30 53 156413 1
58 40 156435 1
109 115 156450 1
25 53 156469 1
95 32 156470 1
97 29 156494 1
96 32 156520 1
101 53 156555 1
95 24 156594 1
97 49 156623 1
89 25 156725 1
67 27 156746 1
70 68 156802 1
29 53 156805 1
17 77 156815 0
88 27 156878 1
92 27 156882 1
18 63 156953 0
98 36 156958 1
16 78 156980 0
54 97 157015 0
89 26 157042 1
26 52 157043 1
100 55 157054 1
34 54 157066 1
98 53 157089 1
45 48 157155 1
28 52 157161 1
85 27 157187 1
39 52 157200 1
18 83 157219 0
54 98 157228 0
48 47 157242 1
73 32 157246 1
100 73 157280 1
34 53 157303 1
17 60 157342 0
17 67 157387 0
70 32 157417 1
56 101 157422 0
80 25 157424 1
96 33 157482 1
101 36 157509 1
103 64 157519 1
25 84 157538 0
60 75 157554 1
33 55 157554 1
37 51 157603 1
57 101 157607 0
1 11 157669 1
98 37 157714 1
19 46 157722 1
88 25 157750 1
27 51 157851 1
95 31 157867 1
73 30 157909 1
97 35 157957 1
11 8 157976 1
107 79 157981 1
82 28 158003 1
70 65 158018 0
96 23 158084 1
31 53 158089 1
60 38 158148 1
24 54 158246 1
69 68 158249 1
102 65 158292 1
45 47 158470 1
54 44 158514 1
98 54 158526 1
10 78 158555 0
84 27 158586 1
18 80 158610 0
18 69 158647 0
61 101 158650 0
53 94 158681 0
62 102 158686 0
52 94 158767 0
98 52 158787 1
98 44 158832 1
66 34 158858 1
101 57 158892 1
60 102 158921 0
18 75 158967 1
99 34 159161 1
69 33 159335 1
31 56 159335 1
99 52 159360 1
3 63 159363 0
86 87 159367 0
52 90 159411 0
13 78 159428 0
27 53 159604 1
101 70 159622 1
13 98 159744 0
14 61 159828 0
31 85 159840 0
97 36 159857 1
81 27 159876 1
57 41 159917 1
70 66 160020 0
22 52 160105 1
67 62 160196 0
18 76 160256 0
32 81 160269 0
53 89 160356 0
45 99 160531 0
97 46 160604 1
97 37 160707 1
59 38 160709 1
36 80 160799 0
17 73 160814 0
69 31 160856 1
23 52 160872 1
66 33 160879 1
83 27 160885 1
34 81 160944 0
20 86 161122 0
98 40 161186 1
61 102 161188 0
62 36 161294 1
103 53 161385 1
71 32 161387 1
53 93 161456 0
102 62 161522 1
103 68 161602 1
103 62 161604 1
18 57 161627 0
27 83 161633 0
120 0 161714 1
101 58 161866 1
31 83 161869 0
57 100 161918 0
66 64 161957 0
69 61 162043 0
126 116 162070 1
28 53 162076 1
17 82 162092 0
28 54 162330 1
74 32 162414 1
66 63 162451 0
99 53 162492 1
98 35 162593 1
102 63 162799 1
45 45 162818 1
97 47 162861 1
29 55 162908 1
98 48 162910 1
17 70 162916 0
24 85 162924 0
102 69 162928 1
97 42 162954 1
79 23 163032 1
74 31 163048 1
61 31 163061 1
66 35 163148 1
22 84 163173 0
60 67 163178 0
102 68 163201 1
98 51 163222 1
23 51 163318 1
33 53 163345 1
37 7 163367 1
98 38 163384 1
79 28 163442 1
95 26 163494 1
71 34 163517 1
68 62 163550 0
78 28 163595 1
102 57 163617 1
98 32 163625 1
95 30 163625 1
82 27 163679 1
94 29 163740 1
75 28 163749 1
98 41 163770 1
99 54 163796 1
54 100 163846 0
102 58 163937 1
98 34 163982 1
86 26 164050 1
9 78 164069 0
93 28 164241 1
46 46 164279 1
90 26 164291 1
18 72 164406 0
91 26 164555 1
93 27 164558 1
86 86 164591 0
89 24 164611 1
102 70 164628 1
53 95 164641 0
50 45 164649 1
98 42 164827 1
80 27 164833 1
72 64 164846 0
103 59 164869 1
52 91 164869 0
97 40 164884 1
70 63 164949 0
102 59 164975 1
29 54 164975 1
97 39 164987 1
97 35 164987 1
98 49 165008 1
53 92 165017 0
102 53 165035 1
100 54 165038 1
67 69 165046 1
100 55 165111 1
53 86 165115 0
65 34 165165 1
69 63 165213 0
98 39 165293 1
97 38 165305 1
102 60 165319 1
94 80 165327 0
89 27 165345 1
63 65 165377 0
79 27 165414 1
28 51 165424 1
97 41 165448 1
19 82 165465 0
59 101 165483 0
82 26 165594 1
101 56 165599 1
102 61 165612 1
56 100 165659 0
18 77 165670 0
65 102 165685 0
68 33 165747 1
58 77 165751 1
32 56 165787 1
99 44 165800 1
76 91 165840 0
95 31 165857 1
28 83 165889 0
59 53 165893 1
59 100 165893 0
17 63 165968 0
92 27 165985 1
72 31 166010 1
53 96 166055 0
88 84 166070 0
75 92 166075 0
30 83 166147 0
97 36 166159 1
17 72 166215 0
18 61 166239 0
30 82 166252 0
55 98 166311 0
18 82 166359 0
25 52 166465 1
87 87 166492 0
21 91 166497 0
74 93 166497 0
3 78 166499 0
26 53 166499 1
91 27 166604 1
47 73 166612 0
57 99 166620 0
21 84 166629 0
41 86 166661 0
97 34 166690 1
52 95 166718 0
46 116 166719 0
35 82 166723 0
59 66 166731 0
18 81 166735 0
19 84 166778 0
19 81 166789 0
28 85 166824 0
98 43 166853 1
80 89 166916 0
99 27 166931 1
47 105 166957 0
18 58 166971 0
97 43 167031 1
17 80 167051 0
99 51 167124 1
23 84 167155 0
58 68 167186 0
53 89 167217 0
54 97 167226 0
69 97 167230 0
17 60 167241 0
99 53 167243 1
96 31 167245 1
26 84 167263 0
17 71 167276 0
96 34 167287 1
2 76 167290 0
53 94 167311 0
37 89 167324 0
48 76 167349 0
93 79 167367 0
43 103 167370 0
43 48 167370 1
53 91 167419 0
71 63 167429 0
65 101 167456 0
71 64 167468 0
39 78 167550 0
67 101 167576 0
97 33 167596 1
25 86 167621 0
41 76 167624 0
53 84 167643 0
58 101 167687 0
97 48 167705 1
18 59 167715 0
61 101 167728 0
15 81 167747 0
55 107 167753 0
56 98 167784 0
84 87 167814 0
37 79 167830 0
16 93 167846 0
17 66 167864 0
67 63 167878 0
46 74 167927 0
94 79 167937 0
53 93 167938 0
83 87 167960 0
97 37 167984 1
97 49 168075 1
48 46 168101 1
30 55 168165 1
100 26 168172 1
26 51 168219 1
94 28 168220 1
27 84 168300 0
96 32 168304 1
97 32 168311 1
85 86 168365 0
101 55 168410 1
62 65 168417 0
99 43 168417 1
53 97 168493 0
52 44 168576 1
19 83 168644 0
94 27 168676 1
45 75 168771 0
49 73 168800 0
59 101 168814 0
54 81 168869 0
18 54 168875 0
87 26 168900 1
71 65 168901 0
65 64 168969 0
18 63 169028 0
21 83 169037 0
70 31 169055 1
63 101 169178 0
64 35 169181 1
27 52 169207 1
94 30 169218 1
89 26 169242 1
37 52 169253 1
98 38 169256 1
101 72 169260 1
98 50 169261 1
17 82 169290 0
50 99 169294 0
55 102 169308 0
16 76 169329 0
57 100 169333 0
17 68 169345 0
54 101 169346 0
20 85 169361 0
95 80 169362 0
95 30 169362 1
18 69 169382 0
47 47 169382 1
68 63 169407 0
99 54 169424 1
53 45 169428 1
86 27 169433 1
99 52 169479 1
11 75 169558 0
24 87 169566 0
95 79 169570 0
18 76 169614 0
19 80 169623 0
103 66 169653 1
44 47 169653 1
5 74 169728 0
51 45 169861 1
29 84 169863 0
54 99 169864 0
101 57 169963 1
103 60 170051 1
16 88 170062 0
49 46 170074 1
9 78 170155 0
7 70 170175 0
17 77 170199 0
24 51 170242 1
22 51 170278 1
18 56 170287 0
54 95 170299 0
26 52 170353 1
29 53 170432 1
25 85 170433 0
97 46 170435 1
99 47 170553 1
76 92 170611 0
98 45 170626 1
65 35 170663 1
102 58 170846 1
113 59 170877 1
18 77 170909 0
111 63 170910 1
32 54 170910 1
101 33 170925 1
25 51 170952 1
24 50 171034 1
97 35 171081 1
98 46 171086 1
37 53 171109 1
25 50 171119 1
69 32 171122 1
98 40 171175 1
18 55 171247 0
18 61 171270 0
21 85 171283 0
24 85 171344 0
115 59 171369 1
90 26 171408 1
84 26 171409 1
24 49 171460 1
57 101 171478 0
18 72 171503 0
17 64 171504 0
87 85 171515 0
102 66 171518 1
92 26 171520 1
65 62 171552 0
53 92 171576 0
102 57 171598 1
17 61 171645 0
36 80 171718 0
30 54 171724 1
54 100 171805 0
53 95 171810 0
16 68 171813 0
101 71 171876 1
52 88 171893 0
30 84 171903 0
58 101 171913 0
109 68 172024 0
58 102 172060 0
17 76 172071 0
17 78 172092 0
28 53 172135 1
31 54 172138 1
28 52 172165 1
32 55 172215 1
53 81 172243 0
85 87 172255 0
54 98 172265 0
17 75 172271 0
57 102 172272 0
28 86 172282 0
48 45 172292 1
53 91 172296 0
17 62 172306 0
52 92 172308 0
13 76 172408 0
19 82 172498 0
33 54 172535 1
96 33 172571 1
74 94 172580 0
45 76 172616 0
93 27 172701 1
19 55 172717 0
96 30 172750 1
71 63 172783 0
26 49 172841 1
41 77 172849 0
97 47 172857 1
37 7 172935 0
81 88 172970 0
44 75 172974 0
71 62 173027 0
73 94 173061 0
0 0 173180 0
17 70 173198 0
67 90 173204 1
22 84 173261 0
44 76 173276 0
68 65 173278 0
89 83 173294 0
50 71 173305 0
72 64 173506 0
49 45 173610 1
26 50 173613 1
104 55 173663 1
27 53 173677 1
98 51 173791 1
100 54 173859 1
67 100 173873 0
103 65 173879 1
78 92 173940 0
17 69 173992 0
15 81 174000 0
16 63 174015 0
33 83 174028 0
100 55 174095 1
93 28 174201 1
54 95 174273 0
66 62 174352 0
55 70 174360 0
28 84 174362 0
17 92 174474 0
66 100 174510 0
40 51 174572 1
39 80 174622 0
22 86 174631 0
51 96 174742 0
18 81 174750 0
16 73 174760 0
53 87 174761 0
82 88 174761 0
17 57 174766 0
9 71 174766 0
11 89 174768 0
7 90 174773 0
8 75 174777 0
42 86 174792 0
27 54 174817 1
54 70 174844 0
49 74 174876 0
70 65 174933 0
40 79 174997 0
78 29 174997 1
37 80 175026 0
45 108 175032 0
46 97 175054 0
18 57 175069 0
17 96 175077 0
49 98 175099 0
13 104 175123 0
27 88 175133 0
8 71 175135 0
92 80 175149 0
3 46 175221 0
41 78 175222 0
19 87 175231 0
6 39 175265 0
38 80 175273 0
54 84 175279 0
18 73 175280 1
25 84 175310 0
41 80 175327 0
44 22 175365 0
57 68 175371 0
38 92 175413 0
59 100 175456 0
53 97 175651 0
94 29 175652 1
102 60 175664 1
45 86 175670 0
68 61 175672 0
23 84 175714 0
43 76 175754 0
101 56 175769 1
18 58 175810 0
48 99 175834 0
17 82 175842 0
103 63 175865 1
31 82 176019 0
35 81 176026 0
102 68 176042 1
32 53 176270 1
47 46 176372 1
95 29 176372 1
71 31 176376 1
62 68 176489 0
72 96 176668 0
18 82 176683 0
34 81 176761 0
17 65 176825 0
91 26 176828 1
15 78 176874 0
73 31 176875 1
10 83 176890 0
55 81 176912 0
102 64 176953 1
53 93 176954 0
29 83 176979 0
58 101 177035 0
66 66 177072 0
99 53 177075 1
97 36 177081 1
81 27 177154 1
71 62 177200 0
71 61 177203 0
68 62 177212 0
92 27 177264 1
102 59 177273 1
64 100 177401 0
90 25 177414 1
81 28 177573 1
77 91 177588 0
53 83 177592 0
70 63 177602 0
66 101 177620 0
53 96 177673 0
42 80 177754 0
96 29 177824 1
102 56 177828 1
67 32 177965 1
97 42 177984 1
85 26 178010 1
61 101 178029 0
9 84 178053 0
87 86 178055 0
72 32 178077 1
98 41 178101 1
103 55 178111 1
82 27 178146 1
97 38 178157 1
57 99 178163 0
53 91 178229 0
55 98 178245 0
88 26 178261 1
55 69 178261 0
69 61 178293 0
100 53 178300 1
93 26 178302 1
98 39 178339 1
53 86 178340 0
102 69 178354 1
66 64 178376 0
55 97 178406 0
54 82 178425 0
83 27 178467 1
70 64 178484 0
98 44 178524 1
56 102 178560 0
98 37 178562 1
97 35 178574 1
67 34 178613 1
54 97 178614 0
59 76 178617 1
59 101 178743 0
103 62 178744 1
97 37 178830 1
27 51 178845 1
84 27 178857 1
56 98 178859 0
102 58 178859 1
95 31 178887 1
50 102 178904 0
97 34 178918 1
101 70 178928 1
98 42 178946 1
18 95 178958 0
7 100 178979 0
93 80 179060 0
86 26 179075 1
8 78 179092 0
56 100 179099 0
64 65 179116 0
103 64 179122 1
17 59 179164 0
77 93 179172 0
19 81 179204 0
17 67 179208 0
53 44 179239 1
98 49 179253 1
38 91 179284 0
18 83 179304 0
54 95 179342 0
93 27 179349 1
98 47 179350 1
96 31 179415 1
53 89 179438 0
54 80 179494 0
98 48 179566 1
35 53 179580 1
36 52 179583 1
53 94 179601 0
19 86 179626 0
66 63 179651 0
35 80 179737 0
55 68 179739 0
47 74 179752 0
21 84 179755 0
57 100 179763 0
71 67 179836 1
11 101 179885 0
18 76 179941 0
52 93 179949 0
104 58 179965 1
80 27 180034 1
97 31 180090 1
71 96 180091 0
18 69 180097 0
18 59 180167 0
87 25 180184 1
53 87 180190 0
29 55 180211 1
18 63 180256 0
98 50 180268 1
103 61 180278 1
52 45 180308 1
19 84 180315 0
98 36 180318 1
56 68 180321 0
17 73 180358 0
53 90 180397 0
95 30 180416 1
79 89 180473 0
71 63 180513 0
18 80 180525 0
96 32 180554 1
61 66 180577 0
91 25 180633 1
30 82 180715 0
97 33 180751 1
83 87 180780 0
98 38 180831 1
63 101 180845 0
82 88 180846 0
27 83 180902 0
19 80 181054 0
67 62 181095 0
31 81 181096 0
98 33 181096 1
99 40 181114 1
102 57 181137 1
21 83 181168 0
18 61 181204 0
99 52 181207 1
18 72 181208 0
17 79 181298 0
18 77 181357 0
94 29 181401 1
95 28 181401 1
90 26 181402 1
26 84 181438 0
36 53 181450 1
91 27 181450 1
8 85 181469 0
33 81 181478 0
100 54 181480 1
54 84 181488 0
54 92 181496 0
19 83 181531 0
51 44 181538 1
89 26 181538 1
25 52 181545 1
91 26 181567 1
94 28 181598 1
61 38 181697 1
53 70 181728 0
99 53 181737 1
89 25 181763 1
63 100 181827 0
71 62 181852 0
29 54 181869 1
57 101 181876 0
16 88 181894 0
30 51 181916 1
79 28 181920 1
34 53 181921 1
47 73 181964 0
33 82 182012 0
23 53 182014 1
55 97 182199 0
31 53 182229 1
84 87 182233 0
58 101 182297 0
20 82 182359 0
27 52 182375 1
21 86 182384 0
101 55 182403 1
73 93 182444 0
30 55 182507 1
30 53 182514 1
65 101 182574 0
29 53 182590 1
88 25 182600 1
22 85 182605 0
23 86 182677 0
54 43 182729 1
68 68 182820 1
71 32 182825 1
79 27 182860 1
103 58 182876 1
32 82 182903 0
17 72 182915 0
17 71 182925 0
26 51 182939 1
81 26 182988 1
102 55 182998 1
24 85 183041 0
32 88 183231 0
97 27 183284 1
100 44 183338 1
91 13 183381 1
78 27 183454 1
21 50 183477 1
23 50 183528 1
54 100 183529 0
97 46 183652 1
74 30 183680 1
75 30 183697 1
26 52 183743 1
59 100 183804 0
93 28 183877 1
54 96 183902 0
59 106 183910 0
92 26 183911 1
101 56 183914 1
52 43 183961 1
70 32 183978 1
92 27 184005 1
17 82 184087 0
105 40 184093 1
103 66 184165 1
104 62 184195 1
103 70 184226 1
50 44 184304 1
108 30 184305 1
98 35 184353 1
99 51 184354 1
28 52 184369 1
28 51 184383 1
49 44 184385 1
44 48 184449 1
28 53 184457 1
29 51 184485 1
97 47 184503 1
67 68 184558 1
99 28 184652 1
30 83 184681 0
16 69 184762 0
87 26 184797 1
32 81 184875 0
53 97 184935 0
19 59 185006 0
56 101 185014 0
18 62 185025 0
79 26 185031 1
74 31 185115 1
26 85 185190 0
102 61 185240 1
19 81 185323 0
75 25 185328 1
53 90 185356 0
27 53 185393 1
69 68 185426 1
50 73 185459 0
17 58 185475 0
19 77 185479 0
18 84 185503 0
63 66 185525 0
42 47 185566 1
23 84 185568 0
97 36 185575 1
14 74 185580 0
108 53 185637 1
29 52 185659 1
53 91 185694 0
20 82 185716 0
64 100 185733 0
17 68 185793 0
22 84 185816 0
44 96 185864 0
21 84 185873 0
52 89 185905 0
65 71 185921 1
57 99 185927 0
28 106 185928 0
17 77 185966 0
61 101 185975 0
7 76 185976 0
86 86 185985 0
50 88 186018 0
28 83 186032 0
18 58 186056 0
5 74 186062 0
51 94 186081 0
23 51 186086 1
54 95 186100 0
27 84 186117 0
63 102 186132 0
64 109 186175 0
8 97 186175 0
98 43 186179 1
18 56 186196 0
53 84 186197 0
16 65 186245 0
72 31 186311 1
66 69 186339 1
78 28 186412 1
103 26 186482 1
31 55 186529 1
30 52 186690 1
54 92 186828 0
95 29 186833 1
92 25 186890 1
96 30 186900 1
74 94 186916 0
21 52 186919 1
64 34 186994 1
29 49 187038 1
63 71 187094 1
59 101 187149 0
103 63 187256 1
53 43 187284 1
25 51 187362 1
22 50 187439 1
17 59 187505 0
18 76 187516 0
46 74 187612 0
97 49 187617 1
77 27 187668 1
3 75 187779 0
54 96 187816 0
46 47 187857 1
55 79 187900 0
47 45 187985 1
23 52 187993 1
99 42 188010 1
97 40 188012 1
61 65 188042 0
24 51 188208 1
103 60 188236 1
103 65 188249 1
18 69 188296 0
16 88 188375 0
30 54 188582 1
102 58 188617 1
100 53 188675 1
25 84 188680 0
97 43 188746 1
76 30 188840 1
49 47 188840 1
98 46 188849 1
99 45 188897 1
39 51 189020 1
53 87 189043 0
18 62 189061 0
103 67 189069 1
97 35 189090 1
18 81 189105 0
31 84 189262 0
105 43 189347 1
82 88 189351 0
67 64 189397 0
99 50 189593 1
38 52 189630 1
67 99 189639 0
98 40 189695 1
103 62 189739 1
67 56 189770 1
67 33 189770 1
117 43 189836 1
101 54 189864 1
81 27 189864 1
97 39 189872 1
93 27 189887 1
20 84 189923 0
99 38 189936 1
95 78 189974 0
21 51 190004 1
98 45 190115 1
22 85 190169 0
97 32 190174 1
69 33 190211 1
70 67 190243 1
20 52 190245 1
56 102 190259 0
98 39 190329 1
63 100 190395 0
77 28 190414 1
100 54 190493 1
60 100 190509 0
82 27 190541 1
37 7 190567 1
27 51 190576 1
102 30 190629 1
102 71 190629 1
102 57 190642 1
101 54 190704 1
103 64 190712 1
97 33 190713 1
59 77 190767 1
94 27 190788 1
68 20 190803 1
45 47 190833 1
15 81 190853 0
102 68 190867 1
86 25 190905 1
85 26 190918 1
46 46 190941 1
111 40 190950 1
75 93 190962 0
99 49 190965 1
84 26 190985 1
102 70 191004 1
98 38 191008 1
100 34 191019 1
98 41 191023 1
37 52 191135 1
45 46 191169 1
103 59 191171 1
32 88 191199 0
90 25 191220 1
50 45 191221 1
63 36 191229 1
34 54 191237 1
99 53 191273 1
98 49 191284 1
49 92 191292 0
101 55 191324 1
99 52 191422 1
53 93 191467 0
54 98 191479 0
9 78 191502 0
98 50 191560 1
72 64 191595 0
18 63 191609 0
71 64 191615 0
33 55 191617 1
91 26 191623 1
100 61 191697 1
100 75 191697 1
56 98 191712 0
54 96 191723 0
62 66 191765 0
85 86 191774 0
53 92 191778 0
37 79 191802 0
100 52 191812 1
37 82 191812 0
54 97 191824 0
62 65 191881 0
87 85 191894 0
86 26 191902 1
104 65 191915 1
2 73 191974 0
18 59 191984 0
55 98 191986 0
19 85 191990 0
55 97 191997 0
55 100 192008 0
126 116 192042 0
26 87 192056 0
64 64 192102 0
32 53 192104 1
71 61 192176 0
10 73 192194 0
17 60 192197 0
97 34 192224 1
18 77 192240 0
53 90 192248 0
69 62 192250 0
55 116 192255 0
83 27 192279 1
51 71 192317 0
98 34 192395 1
80 27 192401 1
69 61 192418 0
90 26 192473 1
55 99 192517 0
18 80 192564 0
57 103 192652 0
53 89 192665 0
92 27 192680 1
19 82 192710 0
38 101 192739 0
57 106 192744 0
74 93 192747 0
75 92 192749 0
60 106 192763 0
52 71 192769 0
94 28 192789 1
94 79 192806 0
98 42 192839 1
57 100 192845 0
4 85 192854 0
59 66 192858 0
58 112 192892 0
40 78 192908 0
7 82 192918 0
18 61 192927 0
65 63 192939 0
71 62 192963 0
52 44 192982 1
59 67 193018 0
98 37 193025 1
6 78 193119 0
7 74 193123 0
20 82 193163 0
102 58 193206 1
103 65 193219 1
93 26 193223 1
68 61 193275 0
54 84 193286 0
93 27 193292 1
55 80 193329 0
103 62 193329 1
57 99 193333 0
100 53 193339 1
70 97 193428 0
65 100 193433 0
18 72 193480 0
103 68 193502 1
60 100 193504 0
19 60 193510 0
101 38 193512 1
93 79 193517 0
59 100 193523 0
19 80 193553 0
25 50 193557 1
18 82 193573 0
49 73 193574 0
36 80 193577 0
19 55 193613 0
31 83 193622 0
21 85 193631 0
43 47 193631 1
71 30 193637 1
19 54 193647 0
66 99 193649 0
19 64 193650 0
60 67 193703 0
92 26 193805 1
98 36 193809 1
71 31 193831 1
93 24 193858 1
18 62 193945 0
22 82 193956 0
21 83 193999 0
49 102 194001 0
73 30 194009 1
73 31 194036 1
39 78 194058 0
36 81 194094 0
63 65 194108 0
63 101 194109 0
18 60 194139 0
17 70 194170 0
14 91 194196 0
71 63 194210 0
98 47 194226 1
68 100 194291 0
49 94 194299 0
48 46 194326 1
89 26 194327 1
20 85 194345 0
55 81 194346 0
40 77 194400 0
17 81 194411 0
103 63 194411 1
18 75 194423 0
31 82 194446 0
98 48 194462 1
61 65 194476 0
54 92 194492 0
96 29 194537 1
27 50 194551 1
61 102 194589 0
47 98 194591 0
53 71 194604 0
66 100 194632 0
104 65 194699 1
88 85 194729 0
18 55 194734 0
81 89 194735 0
53 94 194736 0
18 57 194752 0
81 88 194755 0
53 86 194773 0
103 66 194787 1
16 78 194813 0
17 56 194822 0
54 96 194823 0
42 109 194859 0
3 84 194905 0
19 68 194907 0
97 41 194922 1
57 69 194944 0
68 98 194947 0
83 87 194966 0
55 83 194976 0
77 90 195009 0
97 35 195016 1
33 53 195033 1
103 60 195208 1
85 85 195210 0
101 56 195227 1
99 39 195254 1
59 65 195269 0
63 100 195273 0
77 29 195346 1
3 70 195360 0
51 73 195360 0
34 53 195419 1
96 30 195441 1
22 51 195487 1
51 45 195629 1
50 94 195649 0
65 69 195706 1
60 66 195731 0
42 76 195791 0
48 74 195827 0
20 84 195850 0
18 76 195855 0
35 79 195869 0
18 77 195872 0
34 82 195876 0
25 95 195879 0
55 103 195921 0
19 61 195925 0
64 105 195931 0
17 82 195936 0
18 73 196000 0
64 100 196003 0
76 92 196020 0
18 68 196051 0
97 33 196088 1
30 55 196114 1
95 28 196122 1
32 52 196157 1
38 79 196176 0
19 81 196186 0
98 44 196186 1
46 45 196216 1
99 51 196219 1
22 85 196286 0
66 34 196292 1
72 30 196292 1
104 65 196406 1
58 76 196408 1
95 29 196419 1
88 84 196497 0
103 58 196531 1
60 100 196543 0
29 53 196634 1
28 50 196657 1
23 45 196677 1
55 97 196714 0
47 47 196747 1
104 61 196748 1
102 56 196754 1
25 85 196758 0
99 48 196817 1
54 95 196836 0
102 69 196897 1
26 51 196915 1
61 101 197010 0
58 39 197023 1
35 52 197116 1
56 98 197132 0
97 37 197152 1
28 53 197190 1
89 25 197200 1
83 26 197233 1
103 57 197257 1
102 57 197281 1
28 51 197290 1
20 82 197296 0
18 69 197347 0
19 83 197419 0
42 48 197457 1
55 99 197536 0
91 25 197591 1
98 46 197597 1
17 75 197643 0
68 65 197660 0
100 54 197684 1
18 75 197705 0
98 39 197772 1
7 56 197905 0
68 32 197908 1
18 67 197926 0
94 29 197976 1
99 52 198008 1
28 52 198033 1
105 54 198127 1
49 46 198135 1
27 51 198141 1
28 85 198175 0
48 44 198197 1
18 78 198229 0
19 59 198231 0
24 50 198343 1
68 62 198359 0
98 35 198399 1
54 82 198413 0
69 62 198428 0
30 53 198435 1
47 46 198537 1
27 52 198538 1
27 83 198541 0
54 96 198548 0
65 100 198550 0
96 31 198558 1
101 55 198567 1
87 24 198572 1
31 53 198573 1
68 33 198581 1
18 60 198582 0
38 78 198582 0
61 36 198614 1
94 27 198614 1
103 64 198629 1
104 65 198640 1
31 56 198662 1
43 48 198707 1
58 101 198789 0
15 81 198873 0
29 83 198927 0
70 31 199046 1
53 44 199076 1
58 99 199140 0
22 52 199209 1
98 40 199209 1
97 32 199268 1
23 84 199345 0
54 81 199447 0
26 52 199452 1
25 52 199618 1
26 50 199624 1
44 47 199713 1
55 101 199737 0
78 91 199739 0
8 76 199751 0
41 48 199765 1
99 41 199788 1
19 77 199789 0
18 73 199827 0
49 45 199861 1
0 0 200010 0
