100 57 0 1
77 35 89 1
99 62 95 1
100 59 171 1
35 85 207 0
56 90 210 0
64 105 367 0
66 114 623 0
100 56 658 1
67 38 719 1
98 45 972 1
62 64 1035 0
63 109 1208 0
73 115 1295 0
72 89 1315 0
100 45 1412 1
68 114 1418 0
33 87 1511 0
93 80 1596 1
79 73 1614 0
74 57 1928 0
77 55 1980 0
15 87 2045 0
96 74 2116 1
5 98 2163 1
86 98 2325 1
50 119 2400 1
106 55 2536 1
77 36 2691 1
48 112 2709 1
15 85 2890 0
1 30 2945 1
81 36 3204 1
94 40 3210 1
67 100 4049 1
92 40 4086 1
68 38 4103 1
15 93 4378 0
19 94 4511 0
100 48 4598 1
24 71 4665 1
71 37 4754 1
80 35 5276 1
100 55 5286 1
79 46 5286 1
68 115 5374 0
96 42 5391 1
100 53 5533 1
63 111 5854 0
63 114 5948 0
81 107 6455 1
19 93 6499 0
87 95 6538 1
80 72 6631 0
85 36 6637 1
98 68 6703 1
79 36 6839 1
95 41 6881 1
32 63 7106 1
100 58 7127 1
49 48 7131 1
100 46 7273 1
91 39 7309 1
73 113 7311 0
21 94 7502 0
91 86 7514 1
79 55 7651 0
83 54 7654 0
90 38 7682 1
80 76 7714 0
100 52 7723 1
71 59 7752 0
99 63 7768 1
98 43 7840 1
97 70 7899 1
88 95 8089 1
63 106 8118 0
89 39 8136 1
87 37 8136 1
62 38 8163 1
73 84 8164 0
126 40 8206 1
25 94 8220 0
80 107 8260 1
99 66 8292 1
109 45 8379 1
96 75 8381 1
75 85 8410 0
64 109 8513 0
53 46 8526 1
99 60 8531 1
81 54 8557 0
90 39 8659 1
85 58 8666 0
84 101 8687 1
86 37 8703 1
79 35 8705 1
89 38 8775 1
126 31 8781 1
71 95 8813 0
92 84 8872 1
93 40 8941 1
71 38 9033 1
88 38 9066 1
40 57 9098 1
79 78 9124 0
81 35 9180 1
96 40 9181 1
100 47 9183 1
64 103 9209 0
58 42 9241 1
96 41 9242 1
85 55 9287 0
56 90 9316 1
68 37 9339 1
48 91 9467 1
109 45 9476 0
99 61 9480 1
95 40 9677 1
87 36 9700 1
50 73 9735 0
77 0 9739 1
97 41 9761 1
40 119 9811 1
97 71 9918 1
96 72 9951 1
98 69 10032 1
63 105 10161 0
65 37 10163 1
16 87 10220 0
69 38 10226 1
83 103 10343 1
15 81 10443 0
97 42 10446 1
64 110 10496 0
73 82 10499 0
73 87 10502 0
70 37 10502 1
66 112 10535 0
56 90 10545 0
30 90 10592 0
17 92 10628 0
88 39 10636 1
100 54 10659 1
71 114 10727 0
15 91 10748 0
15 86 10780 0
70 116 10801 0
27 93 10838 0
73 89 10851 0
83 37 10937 1
18 94 10964 0
83 36 10965 1
51 72 10974 0
23 96 10993 0
15 90 11017 0
92 85 11047 1
14 88 11050 0
64 111 11134 0
40 82 11150 0
80 55 11158 0
84 62 11158 0
18 95 11159 0
90 90 11180 1
76 56 11208 0
71 93 11235 0
85 38 11271 1
76 87 11280 0
63 108 11335 0
61 40 11342 1
72 38 11354 1
81 68 11362 0
17 93 11425 0
71 60 11455 0
84 35 11514 1
72 93 11534 0
24 93 11549 0
15 89 11661 0
65 112 11694 0
80 71 11695 0
76 113 11743 0
45 78 11814 0
100 49 11840 1
18 92 11851 0
84 60 11861 0
63 107 11879 0
77 112 11884 0
81 71 11885 0
90 8 11907 0
75 56 11993 0
28 91 12048 0
92 40 12049 1
68 60 12129 0
5 67 12130 0
67 113 12219 0
92 39 12290 1
84 61 12414 0
74 86 12448 0
44 78 12510 0
73 59 12565 0
77 113 12627 0
22 95 12638 0
73 91 12646 0
74 84 12686 0
17 91 12739 0
92 83 12793 1
74 37 12986 1
74 87 12996 0
80 69 13070 0
31 89 13143 0
93 82 13170 1
52 46 13229 1
100 51 13338 1
82 106 13339 1
82 35 13346 1
19 95 13451 0
35 86 13504 0
69 115 13506 0
96 73 13509 1
19 92 13554 0
66 37 13633 1
23 93 13648 0
88 37 13764 1
15 84 13780 0
73 113 13809 0
64 102 13928 0
70 114 13953 0
25 92 14023 0
99 46 14041 1
91 39 14204 1
64 109 14286 0
70 97 14391 0
62 112 14399 0
72 92 14403 0
95 75 14426 1
80 35 14434 1
98 42 14657 1
91 89 14664 1
94 40 14691 1
100 57 14703 1
20 95 14747 0
28 92 14766 0
33 88 14921 0
63 110 14957 0
15 87 15079 0
100 48 15225 1
73 86 15274 0
18 93 15282 0
49 73 15349 0
64 63 15376 0
74 36 15432 1
63 104 15552 0
66 38 15581 1
77 55 15636 0
62 39 15664 1
66 113 15715 0
63 106 15734 0
85 57 15988 0
73 85 16044 0
82 104 16085 1
51 74 16101 0
99 47 16178 1
99 45 16263 1
95 77 16325 1
84 36 16357 1
13 84 16589 0
52 47 16630 1
14 85 16640 0
24 94 16686 0
73 114 16729 0
75 58 16759 0
63 108 16762 0
27 91 16780 0
64 64 16800 0
93 79 16822 1
67 62 17168 0
75 87 17232 0
16 92 17266 0
34 86 17311 0
15 82 17343 0
11 65 17362 0
57 43 17537 1
78 35 17553 1
89 92 17563 1
76 114 17600 0
83 55 17678 0
64 105 17678 0
97 68 17685 1
80 72 17762 0
15 94 17846 0
19 93 17848 0
68 99 17850 1
67 37 18026 1
15 85 18077 0
51 37 18164 0
64 38 18215 1
17 92 18242 0
1 99 18284 0
96 76 18425 1
70 96 18520 0
75 113 18540 0
92 86 18860 1
83 38 18893 1
17 94 18943 0
19 114 19001 0
19 104 19001 0
97 24 19031 0
93 39 19068 1
100 56 19131 1
98 67 19308 1
15 81 19341 0
100 52 19374 1
99 43 19384 1
99 64 19449 1
75 56 19483 0
16 95 19497 0
83 56 19646 0
14 92 19696 0
100 53 19916 1
83 54 19928 0
81 54 20069 0
86 36 20083 1
79 77 20092 0
85 55 20093 0
71 58 20181 0
77 56 20200 0
100 55 20242 1
74 89 20244 0
79 55 20248 0
65 113 20356 0
99 59 20358 1
63 103 20370 0
81 69 20376 0
80 74 20420 0
81 35 20560 1
80 56 20567 0
79 76 20585 0
95 41 20588 1
73 90 20610 0
80 36 20647 1
82 66 20677 0
97 42 20678 1
83 35 20711 1
89 38 20756 1
72 91 20774 0
100 46 20800 1
14 84 20808 0
85 36 20827 1
93 40 20836 1
67 114 20879 0
85 56 20957 0
84 64 20962 0
90 39 21004 1
88 38 21005 1
64 110 21050 0
93 81 21067 1
48 49 21126 1
84 55 21149 0
65 103 21161 0
73 57 21232 0
43 60 21271 1
96 41 21272 1
14 86 21276 0
80 76 21297 0
72 58 21324 0
73 83 21370 0
42 51 21391 0
84 58 21411 0
62 109 21414 0
49 75 21432 0
73 58 21439 0
15 86 21504 0
14 81 21506 0
69 37 21572 1
95 40 21589 1
38 84 21615 0
71 17 21622 0
42 12 21644 0
16 82 21652 0
74 88 21653 0
61 65 21718 0
15 80 21731 0
93 80 21734 1
78 56 21761 0
72 67 21763 0
87 37 21796 1
69 59 21804 0
92 39 21819 1
73 92 21820 0
31 76 21828 1
52 30 21845 0
71 94 21865 0
55 69 21870 0
100 49 21880 1
63 108 21896 0
90 38 21902 1
80 70 21919 0
92 87 21927 1
79 78 21952 0
25 104 22007 0
100 45 22058 1
75 57 22059 0
91 38 22086 1
99 62 22102 1
52 72 22132 0
97 41 22245 1
66 112 22284 0
32 88 22291 0
63 64 22436 0
96 40 22451 1
71 96 22641 0
85 62 22657 0
26 93 22731 0
65 61 22817 0
99 60 22846 1
79 54 22967 0
91 39 22987 1
86 58 23038 0
100 47 23049 1
89 91 23055 1
63 63 23074 0
71 37 23179 1
64 103 23215 0
73 113 23257 0
21 94 23340 0
101 51 23341 1
73 37 23416 1
60 66 23421 0
85 55 23430 0
18 92 23439 0
85 35 23467 1
100 54 23527 1
23 94 23532 0
83 65 23540 0
71 38 23579 1
99 65 23618 1
88 94 23651 1
56 90 23748 1
83 36 23760 1
16 87 23781 0
91 87 23801 1
99 48 23851 1
65 38 23886 1
67 113 23899 0
89 39 23911 1
75 37 23956 1
64 109 23967 0
97 70 23972 1
80 74 24068 0
13 89 24085 0
69 113 24171 0
73 36 24240 1
93 39 24273 1
65 62 24288 0
97 43 24307 1
75 113 24332 0
98 41 24397 1
61 39 24438 1
109 45 24472 1
17 91 24508 0
27 64 24530 0
84 55 24553 0
70 59 24556 0
25 93 24591 0
81 106 24591 1
109 45 24603 0
80 109 24617 1
100 51 24663 1
51 73 24687 0
94 40 24689 1
97 72 24690 1
63 39 24707 1
98 42 24755 1
15 84 24773 0
19 92 24805 0
59 42 24962 1
68 36 25007 1
16 83 25034 0
92 84 25134 1
100 48 25170 1
85 56 25191 0
100 58 25196 1
81 71 25262 0
99 43 25264 1
97 40 25289 1
100 57 25373 1
68 37 25386 1
64 105 25414 0
15 89 25437 0
89 38 25440 1
79 77 25507 0
31 88 25581 0
84 102 25630 1
76 113 25689 0
19 94 25747 0
84 35 25764 1
15 90 25817 0
99 63 25824 1
76 84 25840 0
88 37 25861 1
65 112 25871 0
99 42 25885 1
72 37 25897 1
63 38 25936 1
99 45 25972 1
71 95 26048 0
70 37 26107 1
100 52 26108 1
15 87 26115 0
99 61 26161 1
97 42 26237 1
95 40 26240 1
89 93 26324 1
82 35 26374 1
16 93 26438 0
100 59 26466 1
85 60 26482 0
27 92 26483 0
64 112 26503 0
68 38 26508 1
69 38 26536 1
83 54 26550 0
80 35 26577 1
79 35 26601 1
64 110 26711 0
64 111 26731 0
57 68 26784 0
56 43 26961 1
100 62 27017 1
63 106 27041 0
56 68 27054 0
76 35 27142 1
21 95 27145 0
81 108 27151 1
69 113 27204 0
67 115 27381 0
86 58 27459 0
92 39 27561 1
16 80 27606 0
88 93 27708 1
92 40 27729 1
93 40 27729 1
81 105 27825 1
100 46 27839 1
55 44 27954 1
99 64 28049 1
84 55 28064 0
66 111 28068 0
106 55 28080 1
88 38 28088 1
65 63 28108 0
98 43 28126 1
41 56 28167 1
100 53 28175 1
54 44 28195 1
96 74 28199 1
86 36 28220 1
86 99 28228 1
63 108 28229 0
99 66 28290 1
87 36 28501 1
98 66 28520 1
34 40 28599 0
80 74 28602 0
83 35 28656 1
96 75 28848 1
20 93 28851 0
81 35 28862 1
87 96 28863 1
70 58 28961 0
74 56 28965 0
90 38 28972 1
71 86 29009 0
84 63 29048 0
68 98 29087 1
92 85 29091 1
48 76 29092 0
65 104 29121 0
72 38 29121 1
93 83 29169 1
32 87 29279 0
51 47 29315 1
85 56 29323 0
100 49 29372 1
91 88 29479 1
100 64 29556 1
90 89 29634 1
86 97 29635 1
85 36 29675 1
97 41 29710 1
100 55 29746 1
66 37 29770 1
82 67 29811 0
77 35 29825 1
95 76 29977 1
15 81 30072 0
64 104 30195 0
81 34 30205 1
105 25 30247 1
96 41 30420 1
63 105 30502 0
90 39 30568 1
91 39 30779 1
37 85 30788 0
94 80 30998 1
87 98 31001 1
79 77 31045 0
9 12 31080 1
69 113 31222 0
53 45 31236 1
71 112 31364 0
87 37 31449 1
65 102 31577 0
81 55 31600 0
75 113 31617 0
24 70 31679 1
89 37 31788 1
94 79 31900 1
19 93 31983 0
97 71 32107 1
69 37 32154 1
15 86 32219 0
94 78 32254 1
76 34 32260 1
100 60 32309 1
100 56 32379 1
71 36 32383 1
93 82 32431 1
66 111 32510 0
76 85 32572 0
64 37 32585 1
36 61 32620 1
79 36 32655 1
84 55 32684 0
17 92 32872 0
20 93 32933 0
15 82 32936 0
47 76 32938 0
15 85 33046 0
102 52 33057 1
86 58 33062 0
81 36 33126 1
80 55 33146 0
100 47 33261 1
101 53 33281 1
91 38 33295 1
99 62 33547 1
50 47 33566 1
100 61 33567 1
74 84 33646 0
95 39 33669 1
77 55 33753 0
7 28 33808 0
16 79 33817 0
18 93 33877 0
98 68 33894 1
73 84 33913 0
73 88 33941 0
100 44 34019 1
71 113 34048 0
76 56 34145 0
56 90 34189 0
85 56 34239 0
74 58 34249 0
100 45 34276 1
94 39 34320 1
81 67 34434 0
96 40 34444 1
74 86 34456 0
79 55 34477 0
65 108 34492 0
79 72 34501 0
81 54 34547 0
77 112 34565 0
75 85 34580 0
73 113 34614 0
59 65 34630 0
107 99 34701 0
74 83 34707 0
66 115 34722 0
75 83 34773 0
36 86 34786 0
73 112 34820 0
82 105 34888 1
98 42 34888 1
66 112 34907 0
66 113 35014 0
63 107 35030 0
71 37 35040 1
62 64 35059 0
72 58 35190 0
74 87 35235 0
93 39 35236 1
73 89 35238 0
89 38 35267 1
100 48 35269 1
80 74 35288 0
46 76 35289 0
83 36 35293 1
67 111 35300 0
80 75 35319 0
99 60 35326 1
98 38 35338 1
74 37 35353 1
80 34 35407 1
71 70 35425 0
85 55 35461 0
14 83 35489 0
75 56 35534 0
83 104 35558 1
64 109 35623 0
82 34 35740 1
93 84 35742 1
101 54 35759 1
72 93 35803 0
100 54 35807 1
99 43 35810 1
69 113 35857 0
95 40 35913 1
70 36 35930 1
72 36 35966 1
99 44 36023 1
16 91 36053 0
80 76 36112 0
100 57 36142 1
65 37 36169 1
85 35 36178 1
23 92 36312 0
77 36 36315 1
18 92 36364 0
64 104 36414 0
64 105 36481 0
92 95 36529 1
92 39 36529 1
88 37 36538 1
16 87 36703 0
98 41 36710 1
84 35 36797 1
97 70 36797 1
79 54 36829 0
98 69 36905 1
23 93 36932 0
66 111 36949 0
69 59 36951 0
67 37 36954 1
93 80 36972 1
96 41 36994 1
69 98 37022 1
100 46 37066 1
97 40 37129 1
71 38 37130 1
74 57 37207 0
19 92 37207 0
87 36 37215 1
70 37 37243 1
81 69 37321 0
20 93 37339 0
97 41 37339 1
79 34 37431 1
92 38 37444 1
93 81 37463 1
87 97 37479 1
91 39 37579 1
71 113 37586 0
24 93 37593 0
100 49 37611 1
73 91 37718 0
21 94 37768 0
17 91 37793 0
85 36 37837 1
81 35 37892 1
81 107 37973 1
71 59 38017 0
89 91 38027 1
76 36 38032 1
58 42 38143 1
83 54 38193 0
80 35 38205 1
82 35 38213 1
15 84 38248 0
16 82 38251 0
71 58 38343 0
86 35 38343 1
89 92 38425 1
16 83 38543 0
99 63 38580 1
94 40 38598 1
21 74 38672 1
78 35 38695 1
22 94 38721 0
90 38 38779 1
75 36 38866 1
81 34 38871 1
68 36 38909 1
100 52 38959 1
56 90 38997 1
91 86 39015 1
64 38 39018 1
15 87 39062 0
97 42 39068 1
86 36 39084 1
99 61 39189 1
86 60 39254 0
80 75 39464 0
99 65 39477 1
69 36 39502 1
74 36 39527 1
88 36 39547 1
101 52 39548 1
91 38 39553 1
98 67 39609 1
46 51 39702 1
81 71 39741 0
50 73 39793 0
98 38 39818 1
78 34 39827 1
34 62 39863 1
99 42 39904 1
97 35 39951 1
36 91 39983 1
50 49 40068 1
83 35 40098 1
67 59 40101 0
100 43 40115 1
77 80 40181 1
15 81 40183 0
54 45 40184 1
65 103 40207 0
86 58 40234 0
100 53 40268 1
29 90 40300 0
97 73 40355 1
72 37 40376 1
16 91 40593 0
23 94 40706 0
15 89 40807 0
87 95 40955 1
84 55 41015 0
22 92 41046 0
25 92 41113 0
75 113 41154 0
16 90 41206 0
81 72 41355 0
87 37 41358 1
93 39 41449 1
56 90 41494 0
71 37 41524 1
88 96 41542 1
18 92 41643 0
20 93 41656 0
90 37 41710 1
92 86 41853 1
75 35 42162 1
92 84 42223 1
39 81 42284 0
88 94 42331 1
69 37 42383 1
101 49 42660 1
100 51 42759 1
81 54 42780 0
16 96 42793 0
28 91 42815 0
100 58 42919 1
67 113 42967 0
92 87 43024 1
99 64 43118 1
98 70 43183 1
98 42 43207 1
96 40 43250 1
80 72 43311 0
71 113 43419 0
94 34 43438 1
65 108 43524 0
91 84 43643 1
68 37 43670 1
80 75 43676 0
89 37 43706 1
63 108 43751 0
63 109 43754 0
100 55 43839 1
101 55 43897 1
64 108 44135 0
67 36 44159 1
15 86 44269 0
73 37 44309 1
79 35 44355 1
72 38 44481 1
80 34 44504 1
101 51 44604 1
35 86 44752 0
64 103 44813 0
73 87 44884 0
94 39 45019 1
70 60 45056 0
15 80 45108 0
22 94 45234 0
84 53 45243 0
16 87 45319 0
109 45 45444 1
25 71 45458 1
76 113 45539 0
58 66 45595 0
109 45 45669 0
15 92 45691 0
100 47 45731 1
16 91 45765 0
65 112 45780 0
16 92 45806 0
85 56 45810 0
16 90 45866 0
24 94 45884 0
65 110 45886 0
69 112 45967 0
86 60 45987 0
100 45 46037 1
68 113 46126 0
23 95 46142 0
69 113 46143 0
15 81 46177 0
97 72 46305 1
92 39 46450 1
95 75 46519 1
47 50 46547 1
66 111 46607 0
11 28 46616 0
72 92 46665 0
99 43 46690 1
13 91 46696 0
74 82 46701 0
64 104 46711 0
96 75 46750 1
72 114 46801 0
74 89 46823 0
101 48 46835 1
95 40 46859 1
83 66 46859 0
62 108 46883 0
75 16 46897 0
15 85 46903 0
16 78 46947 0
82 54 46952 0
92 85 47068 1
93 83 47079 1
93 82 47082 1
100 44 47092 1
100 59 47165 1
81 72 47215 0
97 41 47238 1
89 38 47238 1
99 62 47263 1
73 90 47311 0
15 82 47312 0
80 71 47411 0
73 113 47419 0
88 37 47456 1
71 112 47525 0
100 46 47545 1
40 82 47724 0
64 113 47772 0
101 50 47848 1
64 108 47902 0
66 112 47918 0
73 86 47921 0
83 64 47957 0
77 55 47959 0
64 105 47975 0
70 58 47987 0
85 63 48005 0
64 109 48010 0
76 112 48104 0
84 35 48119 1
85 36 48154 1
80 74 48158 0
83 34 48166 1
74 88 48280 0
73 57 48292 0
29 91 48353 0
41 81 48361 0
71 57 48381 0
85 35 48400 1
100 62 48402 1
66 37 48422 1
100 57 48481 1
95 39 48483 1
100 56 48528 1
77 112 48563 0
71 114 48565 0
76 87 48571 0
59 67 48584 0
69 112 48596 0
73 112 48602 0
91 38 48608 1
68 60 48610 0
22 95 48623 0
87 36 48684 1
42 56 48701 1
74 114 48721 0
92 38 48724 1
69 60 48724 0
93 39 48736 1
67 111 48752 0
39 82 48781 0
91 39 48783 1
64 63 48824 0
98 38 48835 1
78 54 48845 0
16 89 48845 0
80 75 48917 0
76 55 48930 0
100 63 48940 1
98 41 49041 1
68 114 49052 0
97 40 49055 1
20 96 49130 0
30 91 49133 0
100 60 49221 1
100 61 49222 1
79 55 49235 0
20 91 49260 0
19 92 49272 0
100 65 49291 1
71 95 49387 0
27 91 49421 0
81 34 49425 1
64 110 49440 0
16 83 49545 0
97 71 49589 1
35 85 49599 0
96 40 49602 1
76 85 49617 0
99 42 49649 1
55 68 49658 0
93 81 49675 1
85 62 49743 0
65 110 49746 0
65 104 49747 0
11 55 49786 0
38 85 49790 0
86 36 49823 1
85 99 49824 1
66 62 49827 0
20 93 49835 0
76 84 49843 0
87 35 49866 1
101 46 49893 1
83 54 49944 0
46 77 49963 0
58 68 49970 0
63 63 49973 0
79 56 50023 0
82 34 50116 1
100 45 50169 1
69 97 50173 1
29 89 50175 0
89 36 50182 1
52 71 50199 0
94 80 50226 1
100 43 50255 1
85 34 50261 1
70 37 50325 1
84 64 50353 0
16 90 50353 0
65 106 50428 0
21 94 50428 0
71 113 50489 0
90 38 50515 1
81 71 50547 0
66 111 50580 0
73 85 50580 0
65 38 50597 1
79 54 50617 0
19 93 50640 0
15 84 50645 0
63 37 50700 1
72 113 50721 0
49 74 50732 0
68 113 50742 0
99 67 50747 1
22 94 50791 0
81 68 50805 0
78 57 50813 0
81 35 50840 1
64 108 50851 0
18 94 50871 0
72 90 50941 0
75 85 50943 0
16 82 50985 0
15 87 50992 0
96 74 51010 1
78 73 51022 0
74 86 51028 0
17 91 51044 0
83 67 51055 0
17 92 51057 0
40 81 51081 0
69 112 51081 0
11 90 51085 0
80 76 51093 0
93 38 51094 1
71 96 51103 0
82 54 51108 0
74 84 51111 0
70 114 51113 0
77 113 51114 0
64 102 51187 0
33 87 51240 0
34 21 51258 0
74 56 51302 0
77 56 51341 0
75 86 51370 0
72 58 51388 0
59 66 51397 0
101 52 51401 1
51 72 51406 0
89 93 51418 1
98 42 51443 1
99 43 51497 1
16 91 51514 0
65 108 51545 0
84 53 51570 0
94 79 51595 1
101 53 51752 1
98 40 51754 1
48 75 51763 0
59 41 51785 1
66 36 51860 1
101 48 51872 1
94 38 51940 1
63 38 51950 1
67 60 51996 0
83 103 52001 1
97 41 52020 1
98 68 52210 1
81 72 52231 0
77 34 52270 1
71 37 52361 1
86 35 52370 1
74 37 52449 1
82 35 52453 1
60 41 52491 1
95 77 52502 1
75 113 52507 0
102 46 52510 1
79 77 52520 0
71 112 52539 0
75 112 52539 0
82 55 52559 0
56 69 52574 0
76 112 52593 0
68 36 52642 1
89 37 52651 1
16 89 52668 0
86 60 52754 0
23 93 52757 0
101 51 52806 1
100 44 52853 1
59 42 52870 1
23 92 52893 0
65 37 52898 1
95 40 52925 1
95 78 52955 1
100 64 52978 1
82 69 52989 0
75 37 53067 1
92 88 53082 1
16 80 53131 0
71 36 53135 1
100 48 53190 1
88 36 53260 1
94 39 53266 1
101 59 53299 1
70 36 53354 1
49 73 53373 0
101 54 53419 1
83 35 53479 1
100 46 53486 1
74 83 53571 0
16 87 53578 0
45 77 53631 0
25 94 53722 0
15 81 53734 0
86 57 53747 0
72 88 53781 0
65 110 53784 0
64 108 53826 0
72 113 53918 0
93 79 54046 1
20 92 54103 0
73 93 54171 0
19 92 54217 0
28 90 54236 0
34 86 54280 0
16 83 54282 0
69 36 54309 1
21 91 54325 0
83 31 54485 1
97 70 54529 1
90 37 54588 1
72 37 54698 1
98 31 54756 1
80 77 54778 0
82 106 54781 1
100 49 54818 1
88 37 54906 1
84 101 54911 1
73 36 54926 1
93 84 54929 1
65 105 54934 0
98 38 54942 1
82 54 54981 0
85 100 55088 1
22 92 55131 0
79 34 55132 1
69 113 55141 0
92 38 55205 1
89 94 55246 1
33 86 55282 0
16 90 55400 0
99 63 55401 1
95 39 55452 1
64 104 55633 0
68 113 55670 0
99 66 55830 1
67 37 55876 1
16 94 55944 0
80 35 56122 1
57 43 56390 1
55 45 56426 1
44 78 56461 0
72 95 56467 0
74 35 56498 1
20 91 56499 0
16 89 56678 0
43 79 56704 0
98 41 56719 1
96 76 56732 1
98 69 56737 1
25 70 56785 1
83 59 56804 0
101 49 56839 1
107 90 56876 1
75 112 56879 0
34 87 56935 0
95 76 56950 1
81 69 56973 0
72 114 57014 0
22 94 57198 0
87 36 57324 1
93 40 57348 1
69 112 57374 0
17 93 57479 0
91 38 57482 1
65 103 57524 0
72 113 57534 0
50 48 57552 1
86 56 57678 1
18 92 57712 0
90 88 57720 1
18 93 57737 0
33 97 57769 0
83 101 57803 1
70 59 57807 0
17 89 57825 0
76 55 57868 0
63 39 57894 1
81 54 57953 0
20 92 57998 0
13 86 58182 0
101 50 58267 1
64 108 58303 0
73 112 58320 0
74 113 58507 0
85 36 58683 1
64 105 58803 0
15 91 58812 0
84 103 58890 1
39 83 58910 0
99 65 59008 1
99 41 59038 1
74 87 59089 0
85 35 59199 1
89 92 59277 1
51 9 59321 1
28 92 59348 0
84 35 59379 1
97 40 59417 1
99 42 59424 1
96 40 59439 1
51 46 59466 1
86 57 59491 0
69 37 59491 1
100 45 59547 1
93 39 59570 1
82 69 59606 0
20 93 59625 0
79 74 59630 0
94 78 59640 1
77 35 59654 1
81 34 59670 1
89 91 59740 1
80 75 59756 0
84 55 59767 0
14 87 59869 0
102 54 59914 1
101 47 59964 1
75 87 60017 0
73 58 60046 0
90 90 60058 1
100 44 60066 1
15 81 60079 0
36 85 60090 0
80 77 60108 0
82 54 60131 0
75 83 60166 0
99 43 60180 1
100 43 60197 1
72 93 60208 0
65 110 60209 0
52 46 60226 1
16 91 60235 0
66 61 60373 0
101 48 60382 1
85 55 60445 0
97 39 60502 1
4 86 60523 0
96 39 60592 1
67 61 60592 0
91 37 60599 1
72 36 60601 1
90 91 60605 1
98 38 60625 1
76 112 60640 0
101 45 60643 1
80 34 60647 1
87 57 60675 0
99 60 60679 1
100 59 60684 1
93 82 60726 1
93 38 60741 1
100 41 60759 1
101 52 60791 1
73 113 60871 0
78 54 60903 0
65 102 60965 0
67 113 60967 0
84 34 60992 1
100 63 61050 1
89 37 61068 1
78 35 61069 1
97 73 61083 1
80 54 61083 0
101 46 61088 1
84 53 61118 0
97 74 61120 1
82 67 61136 0
86 36 61181 1
93 83 61188 1
88 35 61189 1
83 34 61200 1
100 42 61215 1
92 38 61262 1
82 105 61264 1
84 54 61267 0
73 82 61270 0
95 38 61292 1
71 58 61295 0
93 85 61315 1
101 53 61315 1
101 55 61319 1
99 42 61335 1
100 62 61336 1
89 36 61338 1
56 90 61349 1
78 34 61376 1
98 40 61427 1
98 41 61433 1
100 45 61456 1
97 41 61462 1
82 33 61494 1
78 112 61527 0
100 61 61531 1
82 55 61534 0
99 40 61543 1
95 39 61545 1
101 56 61548 1
70 58 61554 0
101 51 61578 1
87 35 61578 1
67 111 61580 0
82 34 61599 1
72 85 61600 0
97 40 61605 1
75 112 61612 0
79 54 61631 0
84 63 61639 0
90 37 61642 1
75 56 61652 0
76 35 61655 1
86 58 61661 0
92 37 61661 1
71 112 61708 0
100 57 61723 1
91 38 61728 1
56 90 61730 0
101 58 61741 1
94 81 61765 1
66 114 61767 0
64 103 61804 0
72 113 61828 0
65 106 61841 0
87 36 61850 1
98 70 61861 1
74 36 61865 1
73 91 61897 0
66 37 61897 1
66 111 61934 0
81 72 61998 0
66 112 62004 0
81 71 62017 0
88 36 62041 1
101 57 62073 1
94 39 62102 1
65 62 62103 0
71 37 62125 1
83 66 62138 0
65 101 62173 0
66 108 62200 0
64 37 62210 1
85 35 62271 1
19 90 62271 0
68 98 62272 1
52 72 62279 0
65 108 62285 0
62 64 62339 0
73 92 62345 0
99 64 62356 1
74 91 62364 0
94 79 62389 1
74 88 62397 0
100 44 62420 1
69 112 62426 0
99 62 62446 1
93 81 62447 1
77 112 62449 0
47 77 62457 0
97 71 62489 1
65 104 62505 0
17 89 62541 0
58 66 62559 0
86 35 62563 1
88 38 62575 1
63 62 62576 0
94 38 62597 1
85 34 62710 1
85 63 62713 0
90 36 62724 1
70 35 62724 1
20 92 62734 0
72 58 62772 0
68 113 62788 0
93 39 62794 1
51 47 62802 1
70 97 62805 1
84 35 62838 1
101 49 62859 1
98 39 62894 1
99 68 63008 1
74 89 63049 0
16 89 63054 0
65 105 63071 0
70 36 63126 1
37 83 63183 0
90 89 63225 1
81 34 63247 1
97 72 63265 1
71 36 63303 1
78 43 63315 1
78 33 63315 1
102 44 63366 1
101 48 63388 1
64 112 63396 0
64 38 63396 1
69 36 63396 1
24 93 63409 0
16 82 63410 0
91 34 63437 1
74 113 63454 0
71 113 63455 0
76 56 63477 0
94 80 63478 1
100 60 63481 1
100 46 63481 1
69 59 63540 0
32 88 63540 0
25 91 63552 0
96 40 63563 1
93 38 63563 1
25 93 63586 0
58 42 63589 1
71 57 63596 0
23 94 63615 0
27 92 63619 0
62 65 63645 0
15 84 63661 0
19 94 63670 0
98 42 63699 1
67 36 63729 1
77 55 63737 0
101 50 63748 1
16 90 63755 0
68 110 63763 0
87 57 63764 0
101 52 63834 1
86 55 63845 0
84 53 63877 0
90 92 63879 1
88 37 63897 1
81 107 63899 1
68 36 63927 1
73 89 63969 0
83 68 63990 0
75 85 64022 0
64 108 64022 0
52 47 64025 1
25 92 64050 0
82 69 64051 0
99 42 64106 1
101 54 64107 1
15 86 64163 0
82 71 64200 0
87 36 64210 1
85 59 64213 0
91 37 64227 1
84 62 64230 0
75 89 64232 0
87 34 64242 1
89 37 64247 1
63 112 64257 0
73 57 64266 0
16 83 64268 0
16 87 64269 0
64 111 64270 0
80 77 64270 0
75 36 64292 1
38 83 64317 0
16 79 64318 0
92 38 64332 1
74 57 64334 0
87 96 64340 1
65 103 64367 0
99 43 64416 1
72 36 64437 1
48 74 64530 0
30 90 64540 0
101 51 64557 1
95 39 64575 1
21 91 64586 0
93 84 64597 1
65 61 64612 0
83 33 64622 1
72 95 64623 0
81 33 64625 1
78 79 64648 1
98 40 64682 1
68 112 64683 0
97 40 64691 1
65 106 64732 0
80 54 64738 0
62 38 64755 1
98 41 64768 1
84 54 64773 0
71 112 64790 0
101 46 64792 1
69 112 64847 0
78 54 64853 0
94 82 64859 1
17 83 64893 0
67 111 64926 0
68 35 64940 1
76 84 64960 0
100 64 64998 1
75 86 65028 0
100 58 65035 1
38 16 65067 0
17 91 65068 0
86 57 65088 0
66 111 65100 0
65 37 65119 1
76 85 65124 0
51 24 65143 0
96 39 65146 1
14 94 65158 0
22 94 65163 0
90 37 65288 1
81 66 65391 0
81 108 65405 1
83 34 65429 1
101 44 65475 1
89 36 65483 1
84 34 65496 1
64 101 65502 0
17 78 65515 0
82 54 65562 0
75 112 65566 0
65 108 65580 0
17 89 65594 0
15 82 65599 0
85 64 65620 0
81 54 65624 0
98 38 65626 1
81 35 65646 1
88 95 65646 1
20 91 65652 0
85 35 65663 1
83 35 65704 1
19 92 65710 0
28 91 65722 0
87 35 65724 1
23 92 65734 0
64 105 65743 0
9 85 65746 0
47 51 65747 1
96 75 65752 1
83 65 65760 0
66 108 65783 0
22 92 65786 0
63 115 65809 0
73 36 65828 1
89 93 65859 1
74 37 65915 1
19 97 65921 0
40 83 65923 0
99 41 65937 1
79 54 65957 0
16 82 66005 0
15 85 66022 0
65 110 66024 0
98 69 66026 1
80 34 66057 1
67 59 66082 0
83 105 66175 1
76 112 66177 0
20 92 66204 0
82 34 66215 1
23 93 66221 0
27 69 66265 1
69 35 66279 1
88 94 66290 1
55 44 66310 1
101 47 66317 1
100 44 66324 1
16 83 66410 0
91 38 66440 1
72 113 66556 0
94 38 66556 1
56 43 66601 1
97 39 66619 1
64 109 66651 0
86 60 66671 0
80 55 66707 0
63 106 66742 0
7 28 66797 1
101 45 66811 1
87 55 66837 0
64 104 66853 0
20 93 66858 0
65 104 66887 0
101 53 66943 1
16 80 66966 0
88 36 66967 1
93 80 66991 1
78 111 66999 0
86 55 67011 0
93 86 67036 1
69 97 67065 1
99 65 67116 1
88 96 67162 1
19 90 67178 0
79 34 67198 1
88 97 67198 1
34 61 67232 1
84 102 67340 1
76 57 67355 0
16 87 67504 0
27 91 67552 0
37 60 67558 1
86 35 67559 1
87 57 67598 0
74 112 67599 0
68 112 67643 0
83 52 67671 0
93 83 67753 1
65 105 67792 0
15 81 67817 0
97 35 67900 1
79 35 67905 1
81 34 67931 1
71 37 67967 1
16 81 67991 0
98 38 68086 1
83 104 68180 1
91 36 68272 1
80 33 68339 1
100 63 68388 1
86 34 68388 1
18 92 68422 0
84 54 68476 0
101 48 68539 1
81 72 68573 0
76 36 68608 1
98 71 68613 1
74 113 68630 0
93 38 68642 1
77 87 68665 0
15 88 68733 0
93 85 68775 1
85 101 68775 1
100 42 68788 1
99 66 68834 1
77 34 68865 1
100 45 68886 1
29 90 68888 0
100 43 68889 1
67 98 68895 1
59 41 68947 1
73 112 69080 0
101 55 69091 1
70 36 69127 1
96 77 69172 1
82 33 69189 1
55 43 69202 1
72 112 69220 0
84 35 69266 1
85 62 69300 0
97 74 69361 1
87 55 69368 0
26 69 69401 1
85 34 69408 1
92 87 69427 1
101 49 69442 1
74 56 69444 0
74 82 69452 0
16 78 69482 0
62 111 69511 0
100 62 69514 1
24 94 69536 0
16 89 69552 0
82 55 69722 0
74 36 69774 1
70 58 69885 0
74 87 69887 0
66 101 69969 0
43 54 70017 1
100 65 70033 1
69 36 70049 1
86 55 70072 0
87 36 70100 1
80 54 70121 0
101 59 70133 1
58 41 70153 1
9 84 70165 0
77 112 70176 0
17 89 70178 0
54 46 70178 1
48 48 70210 1
74 112 70212 0
75 35 70256 1
76 80 70333 1
93 82 70334 1
99 42 70349 1
22 74 70367 1
53 45 70367 1
57 42 70390 1
95 38 70408 1
21 91 70413 0
75 83 70434 0
65 109 70447 0
32 64 70581 1
82 107 70606 1
92 38 70681 1
75 84 70757 0
91 37 70813 1
69 112 70827 0
71 36 70901 1
42 54 70957 1
65 102 71013 0
60 41 71077 1
26 93 71092 0
89 92 71107 1
94 81 71162 1
34 63 71186 1
68 112 71207 0
68 36 71270 1
93 37 71331 1
84 33 71355 1
35 63 71388 1
98 68 71417 1
20 92 71481 0
101 50 71504 1
100 61 71526 1
72 112 71526 0
63 63 71661 0
88 35 71684 1
66 37 71729 1
98 38 71758 1
94 79 71775 1
81 76 71800 0
60 65 71836 0
82 106 71858 1
95 39 71882 1
87 55 71885 0
77 33 71928 1
16 81 72126 0
71 58 72138 0
74 83 72159 0
26 70 72207 1
32 89 72239 0
59 65 72346 0
97 73 72396 1
74 84 72662 0
89 91 72713 1
59 101 72733 0
79 55 72759 0
68 110 72848 0
19 93 72851 0
74 112 72919 0
93 27 73028 1
20 91 73077 0
69 114 73106 0
72 114 73278 0
72 58 73323 0
86 55 73395 0
101 56 73413 1
66 36 73415 1
90 91 73470 1
72 94 73474 0
84 54 73506 0
53 46 73567 1
80 73 73573 0
17 90 73621 0
15 81 73623 0
89 37 73711 1
76 55 73723 0
21 96 73912 0
99 67 73930 1
14 82 73936 0
23 91 73957 0
81 71 73965 0
80 76 74035 0
89 94 74051 1
96 74 74051 1
72 112 74069 0
81 69 74090 0
93 84 74093 1
78 34 74129 1
84 53 74149 0
65 109 74217 0
98 70 74224 1
96 39 74225 1
102 42 74536 1
97 35 74543 1
70 112 74550 0
92 37 74564 1
85 25 74575 1
20 74 74726 1
82 69 74729 0
77 111 74799 0
98 38 74850 1
99 63 74878 1
15 88 75013 0
86 57 75030 0
87 55 75058 0
101 54 75077 1
73 93 75149 0
65 106 75264 0
75 112 75336 0
71 112 75375 0
64 108 75395 0
65 103 75418 0
80 77 75432 0
56 68 75486 0
100 59 75568 1
101 52 75674 1
82 71 75712 0
68 112 75722 0
66 108 75755 0
90 37 75778 1
50 73 75848 0
90 36 75872 1
87 57 75901 0
36 85 75955 0
123 123 75958 1
97 40 76014 1
101 57 76034 1
90 90 76068 1
16 82 76175 0
33 63 76201 1
74 86 76255 0
65 108 76281 0
16 83 76349 0
101 51 76352 1
74 112 76375 0
96 38 76388 1
98 40 76455 1
56 90 76464 1
35 85 76492 0
84 64 76520 0
17 79 76572 0
99 64 76598 1
79 111 76635 0
16 81 76649 0
15 80 76669 0
101 62 76673 1
67 35 76674 1
89 36 76675 1
96 76 76716 1
94 39 76721 1
101 46 76729 1
24 93 76841 0
101 47 76842 1
72 112 76865 0
73 113 76905 0
75 84 76924 0
101 53 76940 1
97 41 76952 1
19 91 76977 0
72 36 77003 1
61 65 77042 0
26 92 77141 0
74 113 77214 0
93 39 77243 1
95 78 77285 1
47 75 77304 0
37 85 77327 0
84 34 77349 1
75 87 77474 0
65 109 77551 0
83 67 77560 0
99 43 77571 1
70 112 77580 0
83 36 77584 1
16 90 77671 0
73 35 77789 1
67 36 77838 1
71 35 77838 1
97 35 77844 1
15 79 77916 0
73 88 77978 0
109 45 77981 1
68 113 78006 0
76 113 78062 0
95 40 78126 1
86 55 78135 0
17 90 78224 0
101 48 78242 1
102 57 78242 1
94 80 78282 1
24 95 78355 0
70 35 78423 1
25 92 78474 0
22 92 78492 0
82 55 78492 0
99 41 78498 1
15 96 78536 0
82 34 78567 1
62 39 78659 1
22 94 78727 0
65 34 78764 1
10 83 78769 0
51 73 78787 0
100 44 78804 1
96 40 78868 1
72 93 78907 0
12 85 78917 0
79 33 78983 1
102 50 79017 1
98 38 79020 1
94 38 79122 1
101 58 79137 1
91 89 79213 1
89 95 79234 1
17 88 79236 0
97 72 79238 1
23 98 79267 0
46 76 79426 0
19 90 79452 0
56 90 79522 0
16 80 79546 0
100 66 79894 1
91 88 79966 1
37 84 80110 0
83 34 80192 1
101 60 80227 1
65 36 80291 1
89 38 80296 1
19 91 80424 0
98 31 80448 1
39 84 80501 0
70 112 80546 0
75 88 80608 0
72 94 80649 0
88 36 80661 1
97 71 80760 1
29 92 80761 0
79 57 80817 0
100 43 80895 1
17 83 80954 0
102 49 80985 1
23 92 80987 0
98 41 81052 1
16 84 81063 0
109 45 81073 0
17 92 81123 0
19 92 81127 0
28 90 81210 0
38 84 81214 0
65 105 81243 0
15 88 81354 0
77 111 81464 0
99 40 81501 1
84 54 81521 0
77 86 81650 0
98 38 81666 1
103 49 81740 1
27 90 81765 0
17 89 81811 0
52 73 81837 0
87 55 81903 0
92 113 81910 1
65 109 82015 0
70 113 82091 0
78 54 82140 0
40 56 82149 1
71 111 82158 0
66 110 82273 0
86 35 82296 1
54 44 82378 1
84 101 82447 1
65 111 82461 0
72 113 82507 0
50 74 82560 0
93 38 82563 1
82 54 82647 0
102 47 82668 1
16 81 82697 0
17 88 82737 0
80 74 82749 0
50 47 82844 1
73 90 82898 0
17 90 83044 0
16 91 83045 0
78 35 83114 1
80 73 83164 0
100 42 83576 1
95 77 83590 1
97 35 83595 1
19 91 83714 0
81 33 83783 1
93 103 84020 1
70 112 84374 0
18 91 84497 0
87 35 84516 1
31 65 84554 1
101 45 84559 1
95 76 84588 1
16 84 84603 0
80 34 84663 1
83 103 84766 1
73 84 84853 0
85 35 84982 1
21 94 85003 0
68 112 85068 0
100 41 85088 1
15 33 85173 1
90 92 85263 1
88 37 85313 1
35 86 85422 0
63 38 85469 1
76 112 85486 0
13 78 85515 0
17 107 85516 0
33 64 85546 1
16 87 85709 0
66 110 85742 0
87 56 85817 0
15 81 85843 0
69 113 85880 0
26 94 86078 0
32 65 86092 1
62 105 86299 0
65 90 86319 0
62 63 86521 0
81 34 86547 1
75 113 86659 0
72 112 86677 0
26 92 86772 0
86 56 86802 0
69 114 86965 0
20 93 87113 0
82 65 87151 0
74 112 87199 0
16 88 87280 0
86 61 87577 0
52 71 87656 0
97 70 87713 1
73 83 87787 0
16 79 87812 0
70 113 87831 0
14 93 87860 0
15 90 87867 0
83 54 87880 0
65 101 87882 0
16 78 87919 0
13 98 87986 0
19 91 88017 0
17 88 88114 0
72 83 88194 0
13 92 88208 0
71 90 88214 0
75 81 88217 0
12 75 88266 0
70 57 88378 0
62 107 88402 0
37 86 88625 0
31 89 88675 0
18 91 88685 0
16 84 88781 0
66 111 88849 0
65 111 88865 0
80 54 89062 0
65 109 89204 0
66 110 89257 0
32 87 89309 0
75 56 89403 0
42 80 89404 0
85 63 89409 0
62 61 89417 1
65 110 89541 0
65 106 89622 0
57 68 89655 0
79 54 89721 0
73 74 89748 0
65 104 89773 0
54 70 89785 0
51 72 89788 0
66 62 89809 0
59 66 89882 0
73 86 89933 0
40 81 89937 0
87 56 89949 0
41 45 89973 0
15 88 90125 0
71 118 90191 0
27 93 90199 0
19 98 90230 0
10 103 90262 0
118 0 90283 0
75 84 90291 0
121 98 90313 0
63 64 90359 0
11 93 90363 0
67 111 90377 0
14 89 90407 0
29 91 90418 0
26 2 90420 0
86 55 90420 0
63 61 90421 1
13 104 90421 0
14 54 90426 0
25 91 90443 0
41 81 90473 0
16 63 90501 0
14 88 90507 0
73 112 90542 0
23 94 90552 0
7 28 90592 0
17 90 90641 0
81 70 90701 0
69 116 90707 0
23 93 90796 0
5 102 90827 0
65 112 90913 0
20 92 91130 0
72 95 91155 0
37 7 91259 0
47 76 91282 0
58 66 91347 0
77 58 91461 0
73 72 91476 0
78 56 91477 0
35 56 91481 0
21 91 91492 0
39 81 91577 0
81 56 91647 0
25 93 91756 0
20 91 91795 0
22 93 91823 0
67 60 91997 0
98 38 91999 1
16 88 92028 0
82 68 92072 0
70 63 92085 0
80 75 92094 0
64 107 92095 0
73 91 92221 0
93 27 92305 1
18 91 92505 0
70 112 92781 0
70 113 92832 0
77 84 92847 0
18 90 93058 0
82 55 93067 0
37 7 93141 0
63 62 93183 0
13 95 93538 0
19 91 93795 0
63 37 93873 1
16 86 94063 0
67 110 94076 0
66 110 94146 0
66 107 94185 0
86 56 94254 0
67 112 94856 0
97 35 94905 1
86 53 95426 0
65 111 95506 0
80 73 95831 0
16 88 95878 0
15 89 95937 0
21 73 96135 1
93 87 96145 1
85 34 96145 1
87 56 96355 0
72 28 96430 1
19 89 96566 0
37 7 96572 1
102 37 96729 1
70 111 96831 0
22 93 96890 0
64 37 96965 1
95 37 97120 1
94 82 97177 1
101 42 97269 1
98 38 97339 1
87 97 97369 1
18 90 97378 0
80 35 97665 1
81 70 97738 0
70 36 97981 1
16 84 98014 0
16 86 98248 0
18 91 98414 0
82 105 98519 1
74 35 98684 1
13 23 99054 1
64 107 99085 0
100 63 99242 1
70 113 99360 0
99 42 99453 1
83 33 99567 1
94 37 99639 1
58 42 99663 1
101 61 99897 1
43 53 99947 1
65 37 100101 1
16 88 100115 0
69 35 100226 1
75 57 100240 0
79 34 100246 1
83 57 100318 0
98 69 100345 1
97 39 100443 1
76 35 100620 1
49 48 100656 1
101 49 100696 1
86 53 100724 0
98 39 100748 1
91 37 100835 1
86 61 100849 0
86 34 101008 1
101 44 101033 1
69 36 101096 1
83 53 101203 0
99 73 101210 1
95 38 101257 1
109 45 101276 1
93 83 101390 1
109 45 101438 0
91 38 101578 1
36 60 101583 1
67 112 101621 0
75 82 101623 0
75 88 101649 0
101 46 101672 1
67 110 101791 0
68 110 101794 0
80 33 101808 1
101 55 101944 1
59 42 101966 1
66 108 101984 0
51 46 102015 1
87 34 102071 1
87 58 102142 0
71 57 102144 0
95 39 102166 1
82 68 102204 0
22 93 102228 0
71 36 102234 1
102 52 102276 1
18 15 102301 1
100 64 102313 1
66 109 102356 0
101 51 102395 1
73 36 102405 1
101 52 102421 1
96 39 102626 1
79 32 102633 1
97 40 102651 1
92 37 102667 1
57 67 102867 0
98 40 102903 1
69 112 102928 0
87 59 103120 0
90 37 103164 1
83 68 103217 0
102 51 103226 1
94 38 103255 1
86 33 103291 1
90 36 103298 1
83 52 103394 0
16 86 103503 0
81 72 103525 0
18 90 103543 0
92 36 103551 1
52 46 103564 1
75 36 103571 1
101 48 103625 1
102 56 103652 1
26 118 103669 1
81 76 103731 0
82 33 103733 1
98 38 103734 1
70 111 103770 0
66 110 103783 0
65 103 103796 0
16 88 103817 0
73 92 103863 0
89 93 103870 1
71 112 103894 0
86 56 103905 0
82 67 103945 0
15 87 103946 0
94 83 104009 1
89 36 104009 1
88 35 104014 1
101 105 104032 0
101 56 104032 1
98 71 104055 1
99 65 104060 1
100 62 104238 1
101 54 104318 1
16 81 104370 0
84 53 104411 0
105 47 104492 1
62 63 104498 0
66 102 104499 0
87 36 104512 1
37 7 104614 1
72 94 104642 0
82 52 104674 0
68 35 104696 1
86 53 104792 0
88 57 104835 0
68 36 104988 1
42 55 105006 1
63 108 105148 0
17 112 105173 0
17 91 105173 0
69 114 105188 0
93 38 105200 1
97 74 105376 1
74 36 105440 1
60 66 105470 0
99 66 105471 1
16 82 105523 0
75 112 105544 0
101 59 105577 1
15 81 105578 0
99 41 105598 1
74 112 105610 0
99 55 105863 1
65 111 105863 0
74 33 105887 1
82 71 105908 0
89 35 105942 1
101 43 105942 1
28 68 105970 1
16 83 106058 0
83 53 106071 0
72 35 106072 1
84 34 106097 1
102 48 106119 1
72 112 106153 0
75 86 106161 0
99 42 106210 1
76 84 106306 0
29 89 106313 0
34 86 106322 0
17 88 106333 0
26 91 106356 0
94 79 106463 1
19 90 106586 0
93 84 106632 1
99 68 106680 1
84 56 106687 0
74 88 106697 0
76 34 106779 1
100 43 106840 1
96 38 106906 1
102 53 106928 1
93 37 106956 1
72 36 106956 1
66 109 107000 0
101 57 107101 1
19 89 107108 0
22 93 107117 0
18 91 107211 0
96 75 107290 1
93 85 107352 1
28 69 107374 1
64 107 107486 0
73 57 107551 0
101 53 107562 1
16 88 107568 0
15 88 107621 0
78 33 107671 1
101 45 107683 1
102 54 107725 1
13 39 107733 1
23 91 107811 0
22 92 107836 0
91 36 108080 1
100 42 108110 1
34 85 108121 0
65 123 108231 0
98 70 108260 1
17 95 108291 0
81 70 108338 0
91 37 108385 1
74 89 108429 0
66 61 108523 0
97 73 108553 1
100 61 108611 1
97 35 108708 1
65 108 108765 0
85 35 108821 1
87 58 108950 0
61 40 109006 1
69 111 109014 0
75 83 109135 0
16 86 109170 0
77 111 109171 0
79 53 109202 0
36 85 109386 0
94 81 109388 1
70 58 109430 0
97 39 109439 1
56 90 109444 1
67 112 109473 0
16 89 109520 0
77 78 109573 1
83 106 109573 1
77 83 109614 0
85 53 109673 0
69 97 109733 1
109 45 109740 1
109 45 109784 0
87 55 109983 0
57 41 109992 1
87 35 110026 1
93 86 110144 1
85 34 110227 1
83 34 110243 1
94 84 110394 1
87 31 110463 1
18 90 110714 0
18 87 110759 0
97 38 110773 1
23 92 110791 0
90 91 110828 1
66 107 110984 0
98 39 111002 1
56 90 111047 0
65 104 111063 0
65 102 111109 0
86 60 111250 0
64 63 111320 0
95 79 111390 1
75 34 111420 1
47 49 111425 1
95 38 111448 1
71 111 111603 0
89 114 111718 1
16 88 111824 0
25 69 111937 1
115 59 112005 1
60 40 112031 1
66 109 112104 0
96 90 112153 1
97 35 112247 1
100 41 112292 1
82 69 112334 0
39 57 112446 1
88 57 112453 0
21 74 112470 1
102 49 112531 1
56 90 112580 1
99 40 112655 1
87 56 112754 0
22 93 112964 0
19 91 112965 0
103 53 112968 1
85 102 113008 1
70 35 113031 1
101 46 113116 1
101 44 113213 1
100 44 113239 1
70 34 113260 1
83 53 113316 0
76 111 113380 0
90 35 113387 1
82 53 113455 0
85 99 113486 1
71 35 113488 1
101 47 113560 1
85 33 113631 1
73 112 113696 0
67 110 113707 0
98 40 113761 1
94 38 113803 1
77 55 113869 0
54 45 113894 1
86 53 113908 0
87 59 113984 0
92 37 114026 1
64 38 114063 1
56 90 114169 0
15 81 114243 0
52 72 114245 0
81 33 114254 1
83 66 114326 0
85 100 114366 1
65 103 114428 0
69 111 114430 0
85 53 114451 0
75 85 114481 0
70 97 114511 1
65 106 114570 0
101 50 114686 1
68 61 114717 0
16 84 114753 0
90 36 114760 1
81 54 114780 0
99 67 114819 1
70 112 114850 0
66 108 114874 0
21 93 114891 0
68 110 114908 0
89 36 114911 1
101 58 114930 1
35 61 114976 1
78 111 114994 0
68 59 115006 0
84 33 115024 1
94 80 115049 1
64 62 115142 0
86 34 115172 1
102 46 115218 1
95 80 115251 1
83 33 115256 1
71 36 115311 1
101 52 115378 1
70 111 115424 0
78 54 115433 0
76 85 115441 0
38 92 115542 0
98 72 115562 1
71 96 115598 1
51 47 115601 1
100 63 115639 1
65 109 115710 0
73 36 115723 1
67 36 115944 1
53 71 115950 0
65 113 115963 0
68 112 115997 0
102 45 116006 1
74 83 116025 0
70 96 116031 1
26 92 116042 0
100 65 116102 1
87 57 116111 0
17 83 116219 0
85 64 116225 0
83 52 116232 0
82 68 116248 0
34 88 116251 0
101 51 116284 1
65 61 116318 0
65 105 116423 0
102 50 116490 1
84 35 116522 1
101 55 116523 1
82 33 116525 1
66 35 116534 1
74 91 116559 0
11 83 116595 0
21 91 116671 0
69 112 116674 0
87 34 116678 1
66 100 116687 0
98 38 116717 1
49 74 116872 0
57 43 116873 1
95 78 116959 1
54 71 116979 0
87 58 117009 0
39 82 117018 0
17 89 117026 0
65 107 117032 0
70 113 117033 0
33 86 117039 0
20 99 117073 0
74 55 117088 0
15 78 117089 0
81 34 117098 1
101 48 117148 1
65 104 117165 0
122 2 117173 0
27 91 117334 0
67 111 117350 0
85 62 117417 0
88 34 117432 1
35 84 117447 0
81 53 117553 0
90 37 117584 1
20 91 117654 0
64 36 117665 1
72 112 117686 0
66 109 117710 0
66 107 117724 0
91 37 117732 1
70 57 117757 0
93 37 117807 1
16 88 117843 0
93 83 117847 1
73 93 117849 0
74 56 117863 0
18 87 117866 0
85 61 117959 0
17 77 117963 0
102 52 117983 1
76 87 117987 0
79 33 117999 1
16 86 118079 0
66 101 118115 0
82 53 118181 0
72 36 118197 1
80 33 118238 1
66 36 118288 1
100 42 118289 1
122 38 118318 1
17 80 118326 0
3 63 118424 1
99 39 118585 1
21 92 118585 0
102 47 118631 1
81 73 118671 0
101 60 118673 1
66 111 118709 0
90 92 118714 1
71 111 118745 0
69 35 118837 1
66 108 118872 0
95 38 118905 1
47 50 118937 1
85 53 118953 0
67 108 118990 0
86 53 119026 0
22 93 119037 0
27 92 119038 0
69 111 119098 0
101 45 119121 1
102 51 119157 1
76 111 119212 0
17 90 119217 0
76 55 119224 0
89 94 119225 1
66 110 119332 0
66 37 119460 1
73 35 119465 1
83 104 119490 1
74 113 119507 0
63 36 119510 1
93 38 119514 1
17 86 119555 0
32 88 119581 0
19 89 119591 0
101 56 119648 1
94 82 119664 1
63 63 119665 0
70 111 119732 0
65 62 119760 0
101 54 119794 1
20 92 119803 0
25 92 119823 0
26 91 119873 0
82 34 119915 1
96 38 119928 1
90 89 119945 1
16 83 119982 0
100 62 120012 1
17 88 120013 0
82 52 120065 0
82 70 120068 0
95 77 120072 1
74 36 120094 1
20 90 120167 1
17 79 120228 0
82 71 120246 0
71 112 120262 0
66 102 120299 0
98 39 120302 1
60 65 120325 0
68 97 120413 1
100 68 120427 1
15 119 120429 1
85 34 120458 1
75 87 120462 0
29 90 120527 0
93 36 120549 1
81 76 120599 0
84 103 120611 1
101 46 120619 1
19 90 120692 0
64 107 120758 0
53 44 120784 1
16 80 120787 0
86 100 120875 1
30 88 120918 0
84 104 120950 1
102 43 120981 1
67 35 121045 1
99 69 121061 1
97 39 121067 1
17 84 121086 0
102 48 121093 1
89 34 121130 1
83 33 121184 1
101 61 121204 1
98 38 121359 1
67 110 121388 0
79 53 121417 0
16 82 121471 0
58 67 121490 0
27 90 121565 0
91 36 121596 1
74 112 121599 0
65 107 121602 0
88 35 121611 1
65 106 121708 0
24 92 121712 0
18 90 121722 0
98 40 121747 1
28 91 121753 0
80 34 121862 1
97 35 121862 1
84 34 122033 1
69 59 122074 0
17 85 122098 0
87 35 122103 1
101 59 122186 1
68 110 122223 0
68 36 122311 1
81 71 122371 0
72 57 122467 0
94 38 122472 1
49 75 122646 0
16 81 122777 0
75 89 122779 0
57 67 122879 0
21 91 122932 0
96 76 122960 1
18 92 122976 0
100 40 122990 1
83 53 123006 0
75 84 123021 0
92 37 123065 1
67 112 123203 0
20 94 123259 0
81 53 123323 0
99 40 123392 1
72 35 123403 1
27 68 123486 1
55 44 123558 1
83 30 123582 1
65 36 123613 1
78 34 123705 1
21 93 123753 0
68 111 123761 0
84 33 123766 1
103 33 123843 1
73 56 123962 0
48 49 124026 1
82 53 124039 0
101 42 124046 1
17 86 124084 0
100 41 124122 1
101 43 124179 1
94 37 124249 1
102 49 124296 1
97 98 124528 1
89 35 124535 1
65 103 124627 0
21 92 124668 0
102 53 124669 1
81 32 124690 1
17 80 124806 0
90 36 124832 1
86 98 124952 1
103 47 125004 1
100 64 125079 1
24 93 125155 0
60 41 125203 1
18 91 125300 0
97 36 125339 1
81 73 125374 0
82 70 125463 0
85 53 125494 0
76 112 125496 0
103 45 125518 1
82 69 125540 0
86 56 125576 0
69 36 125576 1
23 93 125638 0
14 90 125644 0
16 88 125645 0
65 37 125680 1
22 92 125729 0
35 62 125746 1
81 107 125751 1
89 36 125887 1
98 71 125933 1
88 57 126001 0
101 44 126171 1
17 78 126194 0
97 38 126247 1
101 57 126273 1
15 81 126328 0
93 84 126418 1
85 63 126485 0
101 62 126489 1
5 91 126547 0
15 95 126565 0
15 86 126624 0
18 87 126634 0
77 34 126650 1
21 90 126734 0
16 85 126776 0
82 106 127020 1
98 38 127030 1
106 55 127106 1
71 35 127107 1
77 33 127127 1
30 90 127176 0
99 66 127195 1
74 111 127229 0
75 35 127236 1
19 91 127240 0
83 34 127266 1
102 46 127267 1
74 35 127272 1
81 33 127296 1
77 111 127309 0
65 107 127321 0
86 34 127344 1
98 70 127397 1
59 41 127410 1
85 33 127442 1
83 68 127456 0
97 75 127597 1
17 85 127642 0
18 88 127698 0
67 114 127700 0
101 41 127706 1
75 55 127791 0
77 84 127841 0
66 109 127860 0
74 87 127911 0
94 81 127985 1
80 54 128004 0
77 83 128016 0
92 36 128030 1
102 54 128148 1
75 88 128201 0
75 85 128268 0
83 67 128269 0
87 55 128322 0
71 113 128340 0
33 92 128346 0
100 42 128472 1
87 34 128472 1
79 54 128477 0
69 111 128529 0
72 58 128552 0
95 38 128552 1
92 33 128555 1
68 35 128590 1
93 37 128591 1
61 63 128606 0
94 83 128636 1
101 63 128637 1
101 49 128639 1
70 110 128654 0
71 57 128686 0
62 64 128691 0
71 36 128771 1
102 55 128882 1
95 81 128882 1
24 92 128914 0
82 33 128996 1
73 36 128996 1
102 52 128996 1
101 45 129013 1
98 39 129045 1
86 61 129121 0
102 50 129123 1
91 37 129127 1
68 59 129128 0
97 39 129143 1
91 90 129171 1
75 82 129233 0
98 74 129258 1
67 34 129270 1
56 43 129277 1
71 34 129335 1
66 107 129337 0
92 88 129417 1
83 52 129446 0
83 105 129451 1
58 41 129507 1
97 74 129513 1
70 35 129549 1
85 101 129551 1
102 49 129585 1
17 83 129631 0
93 27 129649 1
69 34 129654 1
102 51 129655 1
98 31 129655 1
76 111 129671 0
82 32 129676 1
74 30 129700 1
110 94 129701 1
86 33 129723 1
86 33 129723 1
33 13 129725 1
102 45 129728 1
86 53 129741 0
67 108 129749 0
97 35 129781 1
76 86 129841 0
37 83 129861 0
49 73 129863 0
97 73 129894 1
96 38 129997 1
98 38 130053 1
90 36 130083 1
101 44 130146 1
72 36 130146 1
73 92 130161 0
48 75 130162 0
77 112 130177 0
23 92 130192 0
101 64 130192 1
91 36 130202 1
90 35 130236 1
65 105 130296 0
42 81 130304 0
17 84 130345 0
88 96 130345 1
68 111 130350 0
93 85 130371 1
102 58 130399 1
95 78 130458 1
96 37 130511 1
102 44 130547 1
23 91 130550 0
87 59 130556 0
64 62 130577 0
97 38 130688 1
99 68 130726 1
102 48 130742 1
97 40 130759 1
68 110 130768 0
66 108 130769 0
101 58 130812 1
101 59 130828 1
89 95 130831 1
99 40 130845 1
71 111 130867 0
102 47 130868 1
89 93 130891 1
70 58 130932 0
100 63 130936 1
74 111 130979 0
25 91 130980 0
70 111 130996 0
72 57 131062 0
108 102 131084 1
53 45 131130 1
73 35 131135 1
59 40 131194 1
101 60 131217 1
102 56 131275 1
65 108 131312 0
82 70 131319 0
21 92 131339 0
94 37 131342 1
23 23 131351 1
99 39 131352 1
100 41 131379 1
81 53 131388 0
34 64 131457 1
75 81 131499 0
76 56 131571 0
65 104 131599 0
65 103 131603 0
52 47 131648 1
17 86 131655 0
93 81 131679 1
75 112 131683 0
101 46 131740 1
18 88 131834 0
91 89 131853 1
84 31 131859 1
102 53 131865 1
99 65 131950 1
19 89 131963 0
20 91 131966 0
96 77 131995 1
82 71 132052 0
100 66 132125 1
76 84 132157 0
75 83 132265 0
96 41 132383 1
68 58 132476 0
21 90 132547 0
84 53 132630 0
53 70 132642 0
101 55 132708 1
49 47 132722 1
102 59 132727 1
85 52 132781 0
37 84 132834 0
22 93 132862 0
85 34 132898 1
97 108 132899 1
98 38 132902 1
83 33 132902 1
79 78 132907 1
100 39 132940 1
81 73 132973 0
113 66 132987 1
88 33 133010 1
37 7 133081 1
17 85 133123 0
90 91 133184 1
82 52 133187 0
94 84 133193 1
80 33 133223 1
73 56 133255 0
16 87 133272 0
102 57 133288 1
46 77 133288 0
35 85 133386 0
83 103 133396 1
82 53 133408 0
17 80 133408 0
55 70 133415 0
89 35 133444 1
28 90 133561 0
102 46 133623 1
21 93 133632 0
73 112 133645 0
95 37 133691 1
101 43 133731 1
64 106 133848 0
65 102 133969 0
77 54 133994 0
58 66 134058 0
86 62 134085 0
100 40 134104 1
38 83 134130 0
67 110 134437 0
87 35 134452 1
75 36 134483 1
65 101 134492 0
72 34 134544 1
104 46 134549 1
100 37 134572 1
88 105 134588 1
42 79 134726 0
75 90 134745 0
16 85 134841 0
71 35 134861 1
50 73 134867 0
74 36 134880 1
93 37 134924 1
86 99 134942 1
16 88 134973 0
19 90 135002 0
69 35 135029 1
99 42 135113 1
95 77 135218 1
18 87 135233 0
92 36 135274 1
101 61 135326 1
102 54 135326 1
101 65 135379 1
18 88 135539 0
98 39 135552 1
94 31 135553 1
73 34 135573 1
78 79 135778 1
56 42 135784 1
78 33 135866 1
82 107 135893 1
65 107 135956 0
81 108 135964 1
85 33 135997 1
79 111 136081 0
101 42 136120 1
84 33 136242 1
24 92 136245 0
52 45 136288 1
83 32 136288 1
96 75 136298 1
85 52 136383 0
68 36 136421 1
86 34 136421 1
36 62 136438 1
68 111 136502 0
66 102 136532 0
97 114 136628 1
87 34 136704 1
21 75 136764 1
78 54 136803 0
91 88 136863 1
50 48 136945 1
81 70 136968 0
88 34 137064 1
100 65 137092 1
61 39 137097 1
102 52 137156 1
95 79 137222 1
102 49 137240 1
90 92 137290 1
105 42 137313 1
98 72 137335 1
94 82 137348 1
22 73 137413 1
17 89 137427 0
72 35 137583 1
66 113 137605 0
21 91 137646 0
85 61 137654 0
71 58 137666 0
38 59 137680 1
87 58 137715 0
98 40 137778 1
19 88 137787 1
95 38 137826 1
17 88 137896 0
92 37 137933 1
43 80 137955 0
15 93 137987 0
63 102 137989 0
75 56 137989 0
76 33 138121 1
99 69 138245 1
76 35 138295 1
73 36 138393 1
91 35 138494 1
18 80 138590 0
89 36 138719 1
79 75 138722 0
101 56 138737 1
82 55 138861 0
77 79 138918 1
20 94 138937 0
1 100 138956 0
44 71 139016 1
84 52 139222 0
91 36 139263 1
73 114 139325 0
16 78 139332 0
62 110 139377 0
63 104 139415 0
79 33 139448 1
99 67 139449 1
21 92 139453 0
108 16 139467 0
52 66 139479 1
68 60 139483 0
74 111 139521 0
84 102 139578 1
66 101 139773 0
73 110 139849 0
90 36 139862 1
102 51 139867 1
101 44 139874 1
16 84 139909 0
87 52 140090 0
97 35 140167 1
74 35 140231 1
41 86 140346 0
17 86 140391 0
67 100 140402 0
85 52 140434 0
59 65 140469 0
75 86 140503 0
66 107 140543 0
101 57 140544 1
18 88 140551 0
96 38 140590 1
72 112 140650 0
31 88 140701 0
90 35 140722 1
78 112 140723 0
17 85 140746 0
12 95 140770 0
74 86 140789 0
17 83 140814 0
88 57 140834 0
79 53 140835 0
97 38 140883 1
78 111 140990 0
98 38 141025 1
82 70 141041 0
76 81 141049 0
70 57 141087 0
102 50 141088 1
20 89 141102 0
102 48 141110 1
83 68 141183 0
66 104 141190 0
97 39 141217 1
80 32 141237 1
45 77 141279 0
52 71 141289 0
99 40 141342 1
70 110 141350 0
46 76 141370 0
67 107 141383 0
67 108 141410 0
76 85 141470 0
94 37 141533 1
85 64 141581 0
100 64 141622 1
48 74 141630 0
102 47 141692 1
72 57 141726 0
70 34 141736 1
92 27 141745 1
71 111 141776 0
53 72 141800 0
29 1 141802 0
15 57 141805 0
102 45 141828 1
100 41 141851 1
63 62 141923 0
65 106 141938 0
89 34 141971 1
67 59 141994 0
70 111 142031 0
82 33 142052 1
77 111 142079 0
93 27 142099 1
83 52 142120 0
102 43 142219 1
25 92 142223 0
68 110 142261 0
93 36 142420 1
68 34 142476 1
69 111 142491 0
74 56 142507 0
16 86 142654 0
102 46 142673 1
65 35 142693 1
78 110 142707 0
81 76 142708 0
84 52 142730 0
17 84 142735 0
66 109 142795 0
15 83 142800 0
23 92 142817 0
76 111 142854 0
72 91 142867 0
15 81 142879 0
29 89 142917 0
66 108 142944 0
81 33 142963 1
94 83 143004 1
82 68 143064 0
74 55 143091 0
77 54 143104 0
100 62 143108 1
34 40 143127 0
71 57 143233 0
98 39 143237 1
79 73 143290 0
73 93 143336 0
70 117 143340 0
86 60 143346 0
20 90 143361 0
93 83 143366 1
74 91 143368 0
62 63 143408 0
75 55 143446 0
99 39 143455 1
86 33 143466 1
17 79 143471 0
98 73 143479 1
101 62 143544 1
93 37 143544 1
81 73 143612 0
16 85 143625 0
67 35 143636 1
90 93 143662 1
21 90 143670 0
76 86 143755 0
74 84 143787 0
42 80 143788 0
40 82 143795 0
100 42 143800 1
84 32 143801 1
85 35 143815 1
85 32 143815 1
14 85 143861 0
13 96 143875 0
72 36 143908 1
26 91 143912 0
66 104 143981 0
95 80 143989 1
86 62 143998 0
85 52 144072 0
23 91 144118 0
74 89 144121 0
20 92 144123 0
81 53 144151 0
74 111 144156 0
65 103 144189 0
101 45 144210 1
89 118 144233 1
66 61 144257 0
68 111 144284 0
102 53 144309 1
74 34 144321 1
73 35 144332 1
82 32 144409 1
18 77 144442 0
82 52 144455 0
97 35 144567 1
87 98 144640 1
94 85 144644 1
20 89 144669 0
19 89 144718 0
85 53 144768 0
19 92 144785 0
70 96 144827 1
101 58 144828 1
17 80 144839 0
65 61 144847 0
33 87 144876 0
93 26 144878 1
72 110 144910 0
66 36 144914 1
16 88 144936 0
92 36 144955 1
98 71 145001 1
62 106 145042 0
65 105 145049 0
26 92 145060 0
14 86 145097 0
75 35 145160 1
76 34 145160 1
68 35 145163 1
98 38 145169 1
66 102 145195 0
83 33 145380 1
14 80 145411 0
102 54 145445 1
99 38 145456 1
27 91 145486 0
81 32 145495 1
18 87 145502 0
95 78 145533 1
71 96 145543 1
71 36 145550 1
102 49 145666 1
91 36 145739 1
101 43 145748 1
59 66 145773 0
66 107 145775 0
24 92 145796 0
11 89 145825 0
22 92 145831 0
61 40 145842 1
41 82 145847 0
84 52 145863 0
99 70 145934 1
45 78 145939 0
102 55 146031 1
18 90 146034 0
16 83 146042 0
54 44 146088 1
87 54 146097 0
87 52 146149 0
89 35 146213 1
69 57 146252 1
82 105 146261 1
102 44 146307 1
65 36 146316 1
18 88 146317 0
100 40 146335 1
67 106 146346 0
17 85 146380 0
66 35 146380 1
67 108 146402 0
67 111 146428 0
66 100 146435 0
71 35 146436 1
5 96 146483 0
60 40 146486 1
70 116 146537 0
64 106 146545 0
87 33 146569 1
68 108 146582 0
74 88 146603 0
83 66 146639 0
82 69 146641 0
86 53 146664 0
93 84 146672 1
76 55 146684 0
67 107 146693 0
74 85 146729 0
95 37 146736 1
73 56 146804 0
67 110 146811 0
36 61 146849 1
87 56 146878 0
101 41 146898 1
65 107 146918 0
66 103 146963 0
87 34 146989 1
34 85 147044 0
77 83 147126 0
101 59 147165 1
20 91 147168 0
66 104 147181 0
70 110 147191 0
22 93 147206 0
25 91 147256 0
84 67 147277 0
68 110 147293 0
79 32 147383 1
17 78 147417 0
20 90 147743 0
18 80 147912 0
95 81 147931 1
84 33 147935 1
20 89 148053 0
85 34 148058 1
86 34 148062 1
13 78 148083 0
70 35 148109 1
17 83 148139 0
28 92 148157 0
58 42 148157 1
59 67 148190 0
73 91 148270 0
87 60 148284 0
81 68 148569 0
96 37 148597 1
27 90 148607 0
10 87 148627 0
19 91 148639 0
82 53 148742 0
21 93 148760 0
60 121 148768 0
17 86 148804 0
8 97 148834 0
66 110 148835 0
85 33 148856 1
48 76 148871 0
15 81 148913 0
81 72 148949 0
17 81 148954 0
102 56 148957 1
28 108 148989 0
82 66 149012 0
97 38 149082 1
77 85 149110 0
82 71 149189 0
83 67 149271 0
58 67 149300 0
75 88 149445 0
85 62 149458 0
85 60 149497 0
70 111 149527 0
74 57 149534 0
73 110 149569 0
65 104 149626 0
61 64 149659 0
84 52 149677 0
19 96 149719 0
66 60 149767 0
9 91 149789 0
90 36 149852 1
94 84 149920 1
102 52 150054 1
71 111 150128 0
92 87 150155 1
79 53 150369 0
83 104 150386 1
47 75 150426 0
94 37 150450 1
101 60 150555 1
98 70 150571 1
66 103 150579 0
74 82 150622 0
82 72 150762 0
16 79 150972 0
87 54 151085 0
73 78 151094 0
21 92 151150 0
21 90 151153 0
23 92 151163 0
88 55 151209 0
96 78 151332 1
101 42 151346 1
102 51 151380 1
7 97 151457 0
77 55 151465 0
20 90 151543 0
65 100 151547 0
75 84 151583 0
78 87 151633 0
72 35 151701 1
62 116 151809 0
67 61 151983 0
13 83 152081 0
84 57 152085 0
17 84 152104 0
23 71 152174 1
75 89 152216 0
64 103 152387 0
19 90 152463 0
21 91 152536 0
75 87 152541 0
89 54 152623 0
64 36 152633 1
66 105 152654 0
78 113 152733 0
102 48 152733 1
78 110 152736 0
77 86 152832 0
90 35 153084 1
14 91 153221 0
86 59 153301 0
16 88 153337 0
17 81 153435 0
102 58 153447 1
91 35 153464 1
88 34 153469 1
69 35 153572 1
90 34 153602 1
19 88 153711 0
94 36 153716 1
93 36 153745 1
102 46 153811 1
76 84 153877 0
99 68 153905 1
101 40 153922 1
93 34 153933 1
77 84 153954 0
18 87 153982 0
83 68 153996 0
98 38 154088 1
101 44 154103 1
74 90 154120 0
71 59 154134 0
98 39 154152 1
102 57 154159 1
80 33 154177 1
76 87 154244 0
97 37 154245 1
70 33 154272 1
85 52 154303 0
72 110 154304 0
90 34 154313 1
76 111 154340 0
87 52 154400 0
102 45 154426 1
66 104 154458 0
101 63 154541 1
75 82 154560 0
74 111 154588 0
93 37 154595 1
89 31 154608 1
63 106 154621 0
102 62 154623 1
100 39 154659 1
74 35 154755 1
82 70 154803 0
89 34 154807 1
102 53 154840 1
56 8 154857 0
82 72 154857 0
100 41 154864 1
88 55 154952 0
104 50 154960 1
90 34 154962 1
96 76 154999 1
92 36 155006 1
102 60 155009 1
16 85 155057 0
16 81 155073 0
18 88 155095 0
82 33 155103 1
75 85 155128 0
87 59 155129 0
101 61 155170 1
76 81 155178 0
38 84 155186 0
68 111 155191 0
85 63 155204 0
66 103 155261 0
95 36 155269 1
31 90 155292 0
77 54 155298 0
73 57 155313 0
99 39 155327 1
84 52 155345 0
13 90 155346 0
109 45 155373 1
71 34 155423 1
81 57 155445 0
25 92 155487 0
66 101 155487 0
20 94 155493 0
77 111 155509 0
83 52 155510 0
35 87 155534 0
15 82 155545 0
83 32 155562 1
90 34 155567 1
102 42 155570 1
90 92 155570 1
102 43 155583 1
66 118 155595 0
15 84 155625 0
17 94 155654 0
65 60 155656 0
88 57 155671 0
85 58 155686 0
97 73 155717 1
103 46 155719 1
63 117 155740 0
75 110 155744 0
66 105 155760 0
91 36 155771 1
5 40 155791 0
64 112 155794 0
75 81 155848 0
25 99 155891 0
109 45 155899 0
78 54 155902 0
72 57 155932 0
12 94 155939 0
66 107 155978 0
65 114 155981 0
100 67 156000 1
4 85 156006 0
67 107 156044 0
87 57 156104 0
67 108 156106 0
82 52 156121 0
96 37 156133 1
102 54 156183 1
90 34 156226 1
23 104 156243 0
91 90 156282 1
68 108 156299 0
88 33 156316 1
74 112 156319 0
102 41 156364 1
20 89 156369 0
20 90 156373 0
84 32 156396 1
70 57 156429 0
23 91 156439 0
76 85 156491 0
51 72 156509 0
67 106 156519 0
86 32 156534 1
86 33 156534 1
101 59 156536 1
102 44 156542 1
73 35 156547 1
91 89 156597 1
100 40 156601 1
97 74 156732 1
95 79 156736 1
90 34 156741 1
87 54 156743 0
100 66 156766 1
60 65 156789 0
97 76 156795 1
93 27 156809 1
17 85 156812 0
95 37 156817 1
70 59 156820 0
102 49 156823 1
103 50 156833 1
102 52 156837 1
66 102 156845 0
97 38 156846 1
61 109 156905 0
64 62 156922 0
69 111 156929 0
16 97 156951 0
56 70 156966 0
74 115 156967 0
98 37 156995 1
17 80 157000 0
82 32 157054 1
86 61 157088 0
72 86 157109 0
101 41 157190 1
37 83 157208 0
90 34 157229 1
65 111 157248 0
73 110 157272 0
72 34 157345 1
94 34 157345 1
19 89 157374 0
78 78 157414 1
39 83 157458 0
19 88 157475 0
100 64 157486 1
89 94 157526 1
82 74 157558 0
99 69 157611 1
98 38 157690 1
83 105 157718 1
66 34 157746 1
89 33 157774 1
83 33 157788 1
73 34 157806 1
73 36 157806 1
97 35 157814 1
70 110 157859 0
19 77 157910 0
55 43 158011 1
99 38 158032 1
87 34 158054 1
86 62 158075 0
77 34 158118 1
99 35 158123 1
24 92 158179 0
15 83 158199 0
76 86 158266 0
90 34 158307 1
89 96 158365 1
17 81 158382 0
66 108 158400 0
90 33 158430 1
102 61 158481 1
67 60 158492 0
100 65 158493 1
87 60 158526 0
28 90 158555 0
93 85 158570 1
88 56 158576 0
98 72 158583 1
84 103 158616 1
94 37 158619 1
17 79 158647 0
64 61 158653 0
91 34 158666 1
71 33 158687 1
66 105 158688 0
82 72 158702 0
91 35 158710 1
75 33 158713 1
30 88 158744 0
102 46 158781 1
93 36 158806 1
90 34 158810 1
71 35 158864 1
75 34 158993 1
65 109 159022 0
67 101 159035 0
83 106 159058 1
59 65 159059 0
29 89 159083 0
100 35 159131 1
66 104 159143 0
85 100 159280 1
68 115 159293 0
17 83 159324 0
74 85 159350 0
21 88 159376 0
87 52 159382 0
108 16 159401 0
90 34 159429 1
81 53 159437 0
88 55 159461 0
93 86 159671 1
80 73 159726 0
95 78 159732 1
119 56 159763 1
91 91 159788 1
112 88 159827 1
94 83 159828 1
18 80 159849 0
92 36 159935 1
69 34 160018 1
90 34 160021 1
90 35 160064 1
94 36 160110 1
38 83 160140 0
78 34 160158 1
94 82 160253 1
93 113 160296 1
66 103 160306 0
103 51 160357 1
77 82 160426 0
89 34 160504 1
75 86 160545 0
81 33 160546 1
83 65 160559 0
101 62 160565 1
90 34 160617 1
102 56 160716 1
95 81 160735 1
19 88 160744 0
77 110 160746 0
72 110 160791 0
27 69 160816 1
98 28 160841 1
81 32 160864 1
97 35 160933 1
28 39 160988 1
28 68 160988 1
87 33 161110 1
101 42 161112 1
28 91 161127 0
32 88 161131 0
70 34 161143 1
43 54 161160 1
90 34 161180 1
59 41 161219 1
15 81 161227 0
74 111 161231 0
101 66 161242 1
35 84 161280 0
103 48 161352 1
101 52 161379 1
77 33 161469 1
73 92 161470 0
96 34 161472 1
82 74 161509 0
97 75 161517 1
23 72 161578 1
17 85 161588 0
84 33 161666 1
74 91 161732 0
21 90 161759 0
85 33 161783 1
105 46 161790 1
100 39 161882 1
65 37 161925 1
29 90 161925 0
18 84 161934 0
90 34 161940 1
20 90 162000 0
68 35 162031 1
95 80 162076 1
102 45 162146 1
93 27 162277 1
84 104 162353 1
51 45 162362 1
106 49 162374 1
99 39 162380 1
75 35 162382 1
85 27 162419 1
89 54 162441 0
97 37 162446 1
86 101 162449 1
51 46 162509 1
64 106 162525 0
93 87 162644 1
77 114 162645 0
101 60 162651 1
90 34 162714 1
53 45 162764 1
22 90 162785 0
88 56 162831 0
71 111 162962 0
92 89 162975 1
18 87 162977 0
92 31 163148 1
62 39 163273 1
90 34 163290 1
55 44 163385 1
67 100 163421 0
66 105 163503 0
84 105 163507 1
78 55 163590 0
103 49 163713 1
102 50 163780 1
108 13 163784 1
102 53 163799 1
102 43 163899 1
102 59 164032 1
17 86 164078 0
72 35 164095 1
101 58 164143 1
102 58 164191 1
20 89 164196 0
88 97 164250 1
90 34 164261 1
58 66 164358 0
72 56 164396 0
44 52 164400 1
101 40 164485 1
95 67 164554 0
95 77 164554 1
92 35 164641 1
73 34 164652 1
34 62 164666 1
68 110 164688 0
74 110 164738 0
18 78 164752 0
25 95 164761 0
70 111 164794 0
74 90 164808 0
17 77 164855 0
85 99 164901 1
101 74 164908 1
99 68 165002 1
21 91 165064 0
24 72 165136 1
101 77 165170 1
90 34 165185 1
57 41 165248 1
101 64 165458 1
98 39 165474 1
18 84 165480 0
96 37 165503 1
86 34 165611 1
102 40 165633 1
37 84 165634 0
86 100 165636 1
12 84 165653 0
102 57 165660 1
16 82 165697 0
101 61 165770 1
22 90 165772 0
41 57 165774 1
17 38 165838 1
17 81 165838 0
103 52 165907 1
102 44 165952 1
97 35 165966 1
101 41 166132 1
48 75 166173 0
100 38 166203 1
87 53 166214 0
82 72 166240 0
102 54 166268 1
90 34 166301 1
14 84 166347 0
96 77 166352 1
77 110 166362 0
64 105 166386 0
65 103 166439 0
102 42 166444 1
15 81 166602 0
78 111 166617 0
78 110 166635 0
93 35 166644 1
88 33 166645 1
95 37 166678 1
18 88 166720 0
97 38 166772 1
83 68 166790 0
93 36 166817 1
75 110 166881 0
48 48 166891 1
73 35 166962 1
33 88 166971 0
71 112 166975 0
83 51 166977 0
11 82 166982 0
83 67 166986 0
26 91 166987 0
100 40 166990 1
82 30 167000 1
102 55 167049 1
27 92 167054 0
10 91 167073 0
90 34 167088 1
68 36 167111 1
95 82 167126 1
75 83 167155 0
19 95 167198 0
22 96 167267 0
71 95 167298 1
91 88 167333 1
74 35 167374 1
11 99 167399 0
87 52 167413 0
67 35 167426 1
66 109 167430 0
73 110 167485 0
84 67 167502 0
53 71 167521 0
88 55 167530 0
85 64 167535 0
79 54 167538 0
74 59 167565 0
54 70 167570 0
83 66 167605 0
88 56 167634 0
67 103 167654 0
90 34 167674 1
83 32 167711 1
73 93 167715 0
67 108 167729 0
101 59 167735 1
85 101 167736 1
84 32 167758 1
91 35 167771 1
85 32 167772 1
67 107 167774 0
103 45 167790 1
103 47 167795 1
100 68 167800 1
58 65 167817 0
96 36 167846 1
85 102 167850 1
71 34 167862 1
99 38 167883 1
94 84 167909 1
67 106 167924 0
63 61 167943 0
102 52 168019 1
84 52 168042 0
68 108 168046 0
74 55 168048 0
94 36 168070 1
101 39 168070 1
103 44 168071 1
95 35 168083 1
87 34 168114 1
74 110 168119 0
102 60 168139 1
73 56 168160 0
82 32 168182 1
99 39 168185 1
82 74 168192 0
102 56 168226 1
34 87 168240 0
19 88 168254 0
126 27 168275 1
99 71 168285 1
103 56 168307 1
96 37 168308 1
87 58 168342 0
82 106 168357 1
82 52 168359 0
71 109 168369 0
95 36 168377 1
102 43 168414 1
103 50 168414 1
90 34 168419 1
102 51 168419 1
90 93 168420 1
77 83 168430 0
100 39 168454 1
79 53 168485 0
98 71 168495 1
102 44 168503 1
102 41 168506 1
102 46 168515 1
70 110 168541 0
69 58 168542 0
89 34 168550 1
89 54 168585 0
92 34 168603 1
66 104 168629 0
77 82 168644 0
88 54 168646 0
95 79 168674 1
97 37 168694 1
66 60 168739 0
87 32 168742 1
66 102 168748 0
103 43 168750 1
88 34 168758 1
98 38 168763 1
62 64 168787 0
75 55 168806 0
66 103 168839 0
79 77 168866 1
101 63 168876 1
101 41 168914 1
72 34 168986 1
80 32 169005 1
71 57 169014 0
92 36 169018 1
76 111 169037 0
77 85 169060 0
91 90 169084 1
72 110 169084 0
74 34 169133 1
90 34 169160 1
96 75 169187 1
61 64 169195 0
66 105 169206 0
73 110 169208 0
83 51 169261 0
68 59 169270 0
99 69 169318 1
76 32 169426 1
76 34 169426 1
89 93 169428 1
93 88 169489 1
102 42 169498 1
31 87 169508 0
63 62 169512 0
22 90 169529 0
76 84 169572 0
72 58 169587 0
103 48 169589 1
103 49 169609 1
83 31 169645 1
91 34 169673 1
80 52 169674 0
100 66 169705 1
67 106 169733 0
94 85 169754 1
18 77 169783 0
74 35 169788 1
99 70 169799 1
103 53 169817 1
18 81 169820 0
102 54 169825 1
18 84 169857 0
78 33 169885 1
95 81 169894 1
93 36 169909 1
66 35 169931 1
103 38 169975 1
96 77 169976 1
36 85 169992 0
90 35 170013 1
86 97 170014 1
66 100 170043 0
67 59 170059 0
83 68 170062 0
87 53 170068 0
90 94 170077 1
103 51 170083 1
53 70 170096 0
53 44 170101 1
83 71 170124 0
90 32 170133 1
102 58 170147 1
101 89 170149 1
101 62 170149 1
68 34 170175 1
90 34 170180 1
70 58 170236 0
74 56 170263 0
61 63 170328 0
27 90 170334 0
89 53 170342 0
103 40 170369 1
74 110 170402 0
91 35 170410 1
66 101 170442 0
58 41 170447 1
78 32 170457 1
59 40 170501 1
18 80 170540 0
61 39 170573 1
75 110 170574 0
74 93 170577 0
42 79 170587 0
23 91 170591 0
72 56 170602 0
25 91 170606 0
21 89 170607 0
84 64 170646 0
82 33 170659 1
89 33 170662 1
81 7 170676 1
100 67 170699 1
67 107 170703 0
77 110 170704 0
98 37 170741 1
39 81 170742 0
67 108 170774 0
86 59 170788 0
87 54 170796 0
76 85 170806 0
87 59 170813 0
87 52 170818 0
65 36 170826 1
96 76 170826 1
84 32 170857 1
90 92 170860 1
79 32 170874 1
17 84 170927 0
101 40 170942 1
82 31 170953 1
49 74 170966 0
20 90 170975 0
87 33 170988 1
43 79 171001 0
95 37 171001 1
65 61 171003 0
76 87 171006 0
21 88 171011 0
68 108 171011 0
88 32 171031 1
83 33 171047 1
89 54 171089 0
16 78 171110 0
88 33 171113 1
25 92 171128 0
98 73 171135 1
66 107 171149 0
77 87 171158 0
75 88 171217 0
44 53 171227 1
94 36 171229 1
64 110 171258 0
95 36 171260 1
31 89 171268 0
16 103 171273 0
76 55 171277 0
96 37 171301 1
94 37 171307 1
68 110 171311 0
90 34 171324 1
92 88 171338 1
100 69 171340 1
96 36 171349 1
67 101 171380 0
92 35 171423 1
109 61 171452 1
99 38 171486 1
101 61 171504 1
83 52 171506 0
20 91 171515 0
102 49 171519 1
86 52 171591 0
107 53 171605 1
96 78 171647 1
100 39 171653 1
85 31 171665 1
81 32 171684 1
78 85 171688 0
75 90 171701 0
77 84 171745 0
103 45 171771 1
100 38 171772 1
81 31 171775 1
89 34 171812 1
85 54 171831 0
65 35 171846 1
71 34 171853 1
70 96 171916 1
80 29 171929 1
88 54 171946 0
72 110 171953 0
95 78 171970 1
76 81 171972 0
21 35 171982 1
21 90 171982 0
89 95 171983 1
100 72 172053 1
87 99 172059 1
101 65 172070 1
95 83 172085 1
80 31 172101 1
85 50 172136 0
115 59 172164 1
22 90 172171 0
96 30 172212 1
75 34 172240 1
67 103 172242 0
73 35 172242 1
57 43 172298 1
93 32 172312 1
93 27 172312 1
81 30 172315 1
102 57 172323 1
101 36 172326 1
102 45 172335 1
17 80 172374 0
102 43 172424 1
102 37 172431 1
73 34 172450 1
3 25 172489 1
79 31 172499 1
68 58 172508 0
18 81 172512 0
33 11 172581 1
69 33 172594 1
100 65 172613 1
97 37 172615 1
117 113 172619 1
83 71 172623 0
43 53 172692 1
20 89 172696 0
39 82 172704 0
95 80 172716 1
103 94 172721 1
103 55 172755 1
78 110 172756 0
72 32 172803 1
99 39 172817 1
72 95 172821 1
23 92 172834 0
103 46 172842 1
24 91 172878 0
72 34 172909 1
63 39 172915 1
90 34 172925 1
98 38 172965 1
18 84 172989 0
109 45 172997 1
97 73 172997 1
21 89 173014 0
19 89 173031 0
18 78 173050 0
61 40 173058 1
73 111 173067 0
80 52 173078 0
67 106 173079 0
83 33 173109 1
83 32 173109 1
102 53 173125 1
101 41 173134 1
55 69 173159 0
70 110 173177 0
22 92 173186 0
83 104 173202 1
17 85 173204 0
77 54 173212 0
29 67 173269 1
74 110 173288 0
97 24 173290 1
19 88 173297 0
85 33 173306 1
99 68 173372 1
18 76 173379 0
26 92 173387 0
15 81 173462 0
66 104 173492 0
18 87 173502 0
89 55 173519 0
101 60 173552 1
74 90 173553 0
27 91 173604 0
102 44 173648 1
39 59 173666 1
100 40 173715 1
69 34 173722 1
77 32 173723 1
83 51 173810 0
102 56 173820 1
33 62 173834 1
91 91 173842 1
27 67 173870 1
83 53 173875 0
64 61 173891 0
24 87 173895 0
24 92 173895 0
88 56 173972 0
28 67 174024 1
71 33 174042 1
102 61 174069 1
75 35 174083 1
86 33 174151 1
67 34 174175 1
103 54 174190 1
109 45 174207 0
22 72 174236 1
63 63 174248 0
71 109 174267 0
60 41 174276 1
82 32 174285 1
82 74 174294 0
97 74 174302 1
61 65 174326 0
80 53 174345 0
97 36 174353 1
18 85 174366 0
50 73 174404 0
103 47 174408 1
85 51 174413 0
73 110 174426 0
26 93 174440 0
82 73 174517 0
86 99 174549 1
98 72 174603 1
86 105 174605 1
66 105 174617 0
75 89 174625 0
96 79 174668 1
17 81 174746 0
87 53 174774 0
18 80 174775 0
66 103 174875 0
40 81 174879 0
89 53 174944 0
77 34 174945 1
18 83 174969 0
97 35 174970 1
74 34 174985 1
61 38 175000 1
102 39 175020 1
86 52 175074 0
30 66 175150 1
86 32 175156 1
18 81 175180 0
51 44 175219 1
113 17 175236 1
85 52 175237 0
93 36 175244 1
17 98 175246 0
104 74 175284 1
104 61 175284 1
78 82 175297 0
84 32 175310 1
103 23 175322 1
84 103 175355 1
83 31 175445 1
67 107 175456 0
83 71 175501 0
74 111 175504 0
69 112 175552 0
67 110 175572 0
76 86 175615 0
17 83 175638 0
88 54 175644 0
21 89 175705 0
85 32 175708 1
90 34 175732 1
17 76 175751 0
103 48 175772 1
31 88 175855 0
103 52 175894 1
77 82 175896 0
22 90 175916 0
101 39 175928 1
21 88 175944 0
102 59 175948 1
54 44 175967 1
38 58 175990 1
102 64 176032 1
66 102 176040 0
88 57 176067 0
17 78 176081 0
68 35 176101 1
78 34 176113 1
15 81 176139 0
67 100 176165 0
71 111 176165 0
56 43 176170 1
28 89 176226 0
15 92 176240 0
94 35 176279 1
86 62 176282 0
49 48 176350 1
96 24 176394 1
18 84 176422 0
37 60 176432 1
102 41 176437 1
103 39 176510 1
24 71 176512 1
89 55 176516 0
20 95 176523 0
72 110 176546 0
61 113 176580 0
52 44 176608 1
25 94 176630 0
80 72 176642 0
62 38 176663 1
48 74 176671 0
102 40 176672 1
18 95 176676 0
88 59 176719 0
68 122 176818 0
102 42 176897 1
100 68 176897 1
94 36 176906 1
24 91 176914 0
88 58 176935 0
102 63 176952 1
67 108 177010 0
27 89 177056 0
84 67 177058 0
35 60 177097 1
85 51 177111 0
26 91 177160 0
81 52 177175 0
18 85 177178 0
70 34 177184 1
72 92 177267 0
64 104 177385 0
73 111 177402 0
80 33 177419 1
61 122 177496 0
87 34 177542 1
99 38 177570 1
18 83 177588 0
82 72 177618 0
52 99 177621 0
15 75 177625 0
17 79 177911 0
86 52 177919 0
87 32 177980 1
19 90 178007 0
102 62 178030 1
88 33 178179 1
81 29 178284 1
24 90 178314 0
18 77 178316 0
69 108 178369 0
69 57 178387 0
22 89 178480 0
77 110 178605 0
74 91 178614 0
68 108 178630 0
78 83 178660 0
95 82 178756 1
74 110 178803 0
72 111 178885 0
37 7 178921 0
18 81 178934 0
52 71 178956 0
100 64 178984 1
60 40 179008 1
102 54 179109 1
18 88 179136 0
82 52 179138 0
82 73 179156 0
17 96 179185 0
28 90 179197 0
80 53 179221 0
78 55 179256 0
22 91 179294 0
71 35 179368 1
71 88 179401 0
72 33 179451 1
79 111 179543 0
91 35 179603 1
65 110 179628 0
21 89 179728 0
85 51 179793 0
66 99 179806 0
17 85 179811 0
81 124 179884 0
23 91 179889 0
22 93 179931 0
18 85 179960 0
95 79 180003 1
75 110 180005 0
89 55 180083 0
91 34 180101 1
67 99 180125 0
18 78 180151 0
36 59 180152 1
101 40 180163 1
20 93 180216 0
74 35 180227 1
87 60 180249 0
117 58 180274 1
88 54 180275 0
65 102 180291 0
87 52 180341 0
78 119 180415 0
84 33 180415 1
70 112 180426 0
83 67 180456 0
103 49 180493 1
75 56 180495 0
98 37 180618 1
76 80 180682 0
81 52 180690 0
103 44 180691 1
92 35 180694 1
65 60 180703 0
73 56 180806 0
17 87 180873 0
22 89 180896 0
20 89 180923 0
11 95 180929 0
97 38 180950 1
18 83 180996 0
72 56 181007 0
55 68 181019 0
80 52 181044 0
88 55 181108 0
95 81 181110 1
86 52 181115 0
24 91 181120 0
83 71 181132 0
66 61 181133 0
69 58 181134 0
98 31 181246 1
100 39 181268 1
38 83 181460 0
24 90 181463 0
49 73 181506 0
37 83 181569 0
16 93 181577 0
9 99 181590 0
96 37 181641 1
19 77 181655 0
19 82 181670 0
94 83 181675 1
21 90 181725 0
29 89 181780 0
73 111 181819 0
29 91 181822 0
73 87 181822 0
85 63 181835 0
77 111 181856 0
17 88 181859 0
19 88 181878 0
17 57 181889 0
36 87 181920 0
75 111 181921 0
90 33 181998 1
99 37 182004 1
99 69 182036 1
90 34 182225 1
84 63 182296 0
78 54 182325 0
67 103 182333 0
15 81 182334 0
78 82 182351 0
102 60 182397 1
70 111 182426 0
84 31 182472 1
18 94 182472 0
88 58 182524 0
75 109 182530 0
69 108 182570 0
85 51 182610 0
70 33 182617 1
103 51 182644 1
74 55 182646 0
103 50 182683 1
95 34 182704 1
72 111 182721 0
30 65 182877 1
18 85 182915 0
44 78 183039 0
96 80 183097 1
33 86 183163 0
67 101 183238 0
103 57 183239 1
97 35 183240 1
94 84 183270 1
102 58 183350 1
101 62 183390 1
83 68 183508 0
89 54 183534 0
82 73 183600 0
83 55 183655 0
77 83 183703 0
22 89 183745 0
20 88 183755 0
70 57 183791 0
50 74 183880 0
87 53 183894 0
22 91 183902 0
93 27 183986 1
70 110 184076 0
96 77 184113 1
62 63 184166 0
22 90 184183 0
101 59 184193 1
67 106 184334 0
30 88 184348 0
25 91 184409 0
74 85 184434 0
48 112 184445 0
74 90 184454 0
80 53 184523 0
75 114 184549 0
85 56 184571 0
79 71 184628 0
89 53 184631 0
60 65 184710 0
15 83 184720 0
73 109 184807 0
28 89 184852 0
41 79 184869 0
92 36 184918 1
67 60 184919 0
86 52 184944 0
103 53 185105 1
81 55 185142 0
95 36 185144 1
19 80 185158 0
74 14 185210 0
91 29 185235 1
101 64 185244 1
18 80 185252 0
97 37 185297 1
89 34 185352 1
93 35 185432 1
102 43 185611 1
24 90 185806 0
99 70 185808 1
21 88 185855 0
18 87 185953 0
72 113 186133 0
18 82 186175 0
69 109 186239 0
81 52 186407 0
18 83 186461 0
75 111 186499 0
113 59 186533 1
76 83 186550 0
63 61 186571 0
77 33 186660 1
24 91 186665 0
105 25 186668 1
101 28 186702 1
78 22 186726 1
18 81 186726 0
22 124 186779 1
87 17 186822 1
72 34 186837 1
18 85 186895 0
72 111 186897 0
89 55 186908 0
85 103 186951 1
79 84 186968 0
104 47 186969 1
103 46 187057 1
79 109 187092 0
68 34 187102 1
20 88 187159 0
101 63 187172 1
96 36 187351 1
70 115 187444 0
85 100 187445 1
34 85 187458 0
83 32 187538 1
27 90 187592 0
100 66 187603 1
17 87 187638 0
102 57 187638 1
22 89 187643 0
13 78 187647 0
21 91 187649 0
20 97 187666 0
92 87 187668 1
16 88 187970 0
69 121 188006 0
64 102 188013 0
67 107 188034 0
18 84 188041 0
22 94 188042 0
22 97 188059 0
51 74 188117 0
20 90 188127 0
75 85 188136 0
86 61 188137 0
100 38 188299 1
71 34 188312 1
71 95 188412 1
80 32 188518 1
102 46 188555 1
50 47 188559 1
83 105 188716 1
84 61 188749 0
15 81 188761 0
21 92 188864 0
79 112 188978 0
22 91 188983 0
76 33 189026 1
73 111 189107 0
87 33 189108 1
103 43 189178 1
18 82 189187 0
84 104 189210 1
75 116 189299 0
101 38 189466 1
80 77 189532 1
79 78 189545 1
73 34 189627 1
76 34 189736 1
89 33 189754 1
80 69 189757 0
36 84 189769 0
69 109 189799 0
88 54 189926 0
103 47 189976 1
21 89 190001 0
103 45 190258 1
18 99 190319 0
104 49 190334 1
40 82 190350 0
12 91 190395 0
55 42 190547 1
50 46 190689 1
82 73 190741 0
85 54 190749 0
52 45 190850 1
91 90 190870 1
73 33 190898 1
55 43 190899 1
91 92 190956 1
26 89 190965 0
90 34 190995 1
88 27 191220 1
74 33 191459 1
75 111 191553 0
96 81 191650 1
121 48 191921 1
60 64 192067 0
101 61 192207 1
20 88 192331 0
83 106 192462 1
108 44 192630 1
90 93 192722 1
99 38 192762 1
89 27 192785 1
78 30 192815 1
94 111 193019 0
94 86 193019 1
70 32 193025 1
79 28 193093 1
18 82 193195 0
91 89 193228 1
75 82 193316 0
82 53 193359 0
48 49 193427 1
80 71 193644 0
51 47 193647 1
69 109 193668 0
74 92 193700 0
56 42 193793 1
88 58 193865 0
86 52 194008 0
15 81 194020 0
72 87 194073 0
76 83 194107 0
31 66 194112 1
56 58 194151 1
12 88 194172 0
94 36 194176 1
73 115 194203 0
19 89 194208 0
65 106 194211 0
73 112 194215 0
85 51 194223 0
76 112 194250 0
95 37 194290 1
25 104 194310 0
81 67 194316 0
95 80 194344 1
67 105 194450 0
51 73 194671 0
7 28 194709 1
69 110 194781 0
71 109 194987 0
83 51 195035 0
69 108 195082 0
117 113 195119 0
82 32 195125 1
78 83 195147 0
85 50 195158 0
17 87 195211 0
8 98 195257 0
71 120 195364 0
68 62 195377 0
77 81 195416 0
20 98 195465 0
17 80 195493 0
66 60 195597 0
62 39 195916 1
78 110 195940 0
115 42 195962 1
18 89 195980 0
89 56 195987 0
17 84 196035 0
21 87 196087 0
75 55 196339 0
41 87 196397 0
18 85 196440 0
10 102 196501 0
32 88 196502 0
41 97 196504 0
80 53 196513 0
112 88 196587 0
42 80 196647 0
70 113 196733 0
25 92 196736 0
29 90 196754 0
69 119 196763 0
71 91 196793 0
24 101 196798 0
13 78 196812 0
12 100 196826 0
76 77 196855 0
22 91 196857 0
52 72 196974 0
74 110 197044 0
79 109 197293 0
67 98 197375 0
58 42 197485 1
24 90 197516 0
69 109 197562 0
59 65 197578 0
75 111 197627 0
23 90 197727 0
73 121 197776 0
58 40 197816 1
19 81 198068 0
67 105 198183 0
18 78 198346 0
98 36 198557 1
45 51 198599 1
76 110 198674 0
72 110 198694 0
32 87 198745 0
82 75 198758 0
106 55 198796 1
71 110 198955 0
74 14 199169 1
77 80 199239 0
92 90 199515 1
67 35 199665 1
86 54 199704 0
86 32 199719 1
96 78 199835 1
85 32 199862 1
0 0 200010 0
