100 48 0 1
80 90 240 1
81 90 275 1
67 42 342 1
58 99 414 0
27 91 515 0
61 46 570 1
80 57 679 0
14 87 795 0
70 99 818 0
26 91 892 0
100 49 920 1
105 25 938 0
99 46 987 1
90 76 1068 1
89 39 1380 1
87 40 1428 1
60 101 1518 0
23 91 1647 0
78 56 1681 0
18 91 1682 0
16 89 1730 0
78 40 1736 1
98 45 1886 1
19 91 1925 0
15 82 1943 0
100 46 2088 1
94 41 2120 1
92 39 2177 1
91 39 2256 1
96 43 2383 1
96 42 2410 1
100 54 2422 1
41 59 2494 1
34 53 2595 0
19 90 2612 0
15 84 2899 0
59 46 3126 1
98 44 3269 1
100 52 3420 1
83 40 3572 1
80 55 3605 0
87 39 3706 1
39 60 3751 1
89 40 3793 1
97 63 3904 1
82 40 3985 1
55 93 4014 0
60 68 4073 0
76 58 4076 0
22 93 4087 0
53 94 4114 0
97 43 4128 1
59 100 4139 0
22 62 4187 0
13 104 4202 0
67 100 4270 0
77 123 4277 0
77 66 4287 0
69 42 4314 1
81 56 4348 0
2 56 4423 0
56 93 4423 0
53 93 4465 0
58 99 4608 0
17 44 4703 1
17 90 4703 0
15 90 4723 0
15 89 4748 0
81 57 4762 0
67 63 4789 0
43 53 4850 0
100 53 4859 1
78 63 4988 0
76 66 4992 0
75 67 5037 0
28 92 5084 0
53 99 5086 0
71 99 5095 0
52 73 5105 0
81 55 5156 0
57 99 5247 0
88 39 5318 1
93 40 5338 1
100 56 5346 1
72 59 5397 0
82 56 5435 0
94 40 5470 1
92 40 5537 1
41 83 5557 0
75 22 5589 0
77 57 5608 0
72 41 5617 1
58 101 5656 0
61 102 5746 0
26 91 5788 0
79 40 5825 1
93 39 5845 1
54 94 5861 0
99 47 5966 1
56 70 5970 0
100 49 6067 1
55 97 6107 0
56 98 6132 0
97 42 6159 1
85 39 6213 1
95 42 6239 1
76 95 6317 0
77 40 6340 1
56 97 6374 0
30 90 6418 0
71 98 6475 0
25 91 6477 0
73 59 6489 0
77 68 6499 0
80 56 6533 0
16 83 6550 0
60 100 6573 0
63 100 6584 0
99 45 6605 1
73 113 6646 0
100 47 6702 1
81 59 6922 0
71 41 6947 1
33 65 6958 1
100 58 7029 1
64 64 7040 0
15 81 7063 0
78 41 7074 1
15 85 7077 0
58 98 7156 0
80 55 7183 0
33 66 7261 1
71 40 7281 1
74 40 7286 1
41 82 7311 0
58 68 7331 0
21 91 7357 0
60 46 7440 1
64 44 7455 1
77 39 7480 1
55 98 7495 0
100 55 7515 1
97 43 7517 1
16 87 7541 0
79 55 7595 0
40 82 7602 0
40 59 7635 1
95 40 7687 1
89 39 7707 1
91 39 7745 1
19 76 7770 1
65 82 7792 1
96 41 7817 1
90 39 7917 1
90 40 7932 1
15 86 7932 0
100 48 7956 1
42 58 7961 1
88 81 7965 1
32 65 7971 1
58 99 7980 0
84 40 8016 1
32 90 8069 0
94 69 8075 1
57 117 8165 1
80 62 8170 0
86 1 8174 1
70 61 8177 0
112 118 8179 1
53 121 8214 1
88 38 8232 1
55 48 8250 1
32 89 8295 0
50 67 8346 0
50 7 8346 1
95 41 8350 1
40 110 8353 1
59 67 8368 0
85 40 8484 1
94 41 8488 1
73 41 8505 1
100 51 8571 1
44 58 8647 1
29 91 8712 0
64 100 8719 0
72 60 8753 0
41 58 8850 1
100 57 8852 1
27 90 8893 0
44 57 8906 1
96 42 8909 1
68 42 8910 1
17 89 9016 0
68 62 9090 0
64 45 9091 1
97 44 9136 1
60 101 9172 0
28 90 9180 0
89 78 9202 1
92 39 9219 1
86 40 9230 1
18 91 9265 0
15 87 9297 0
74 41 9380 1
31 89 9395 0
56 49 9561 1
56 97 9564 0
28 91 9587 0
23 91 9592 0
55 94 9627 0
54 96 9724 0
99 48 9744 1
26 91 9805 0
24 92 9843 0
59 101 9848 0
27 92 9879 0
16 79 9883 0
31 91 9917 0
96 66 9944 1
25 92 9995 0
35 86 10072 0
99 55 10079 1
51 51 10202 1
93 40 10399 1
15 79 10410 0
63 14 10484 0
46 57 10492 1
76 40 10522 1
58 100 10547 0
98 43 10644 1
97 64 10656 1
79 39 10693 1
73 40 10737 1
77 41 10750 1
54 49 10806 1
99 46 10810 1
80 60 10869 0
74 96 10871 0
92 40 10897 1
66 100 10917 0
66 101 10938 0
79 56 11066 0
62 84 11167 1
57 47 11258 1
100 44 11272 1
19 90 11272 0
80 56 11292 0
68 99 11302 0
19 91 11321 0
83 41 11370 1
17 90 11403 0
57 99 11436 0
0 0 11491 0
98 44 11565 1
44 80 11662 0
15 88 11694 0
40 84 11738 0
55 91 11746 0
55 92 11764 0
81 40 11858 1
55 93 11885 0
75 39 11918 1
96 68 11982 1
70 117 12112 1
72 96 12126 0
43 57 12129 1
94 40 12152 1
100 52 12159 1
100 46 12244 1
45 56 12259 1
55 99 12289 0
62 44 12318 1
77 58 12524 0
15 84 12562 0
62 45 12599 1
16 83 12691 0
15 80 12722 0
30 91 12829 0
75 58 12958 0
29 89 13093 0
91 38 13108 1
16 82 13148 0
56 98 13350 0
18 90 13381 0
62 67 13411 0
96 40 13453 1
15 81 13516 0
88 40 13542 1
57 100 13617 0
99 51 13748 1
92 73 13795 1
20 91 13816 0
27 91 13885 0
100 54 13954 1
101 54 13982 1
31 66 14002 1
45 57 14006 1
65 64 14183 0
75 71 14200 0
21 76 14217 1
30 66 14292 1
25 91 14353 0
85 84 14539 1
99 60 14540 1
82 40 14579 1
66 99 14693 0
62 66 14713 0
74 59 14809 0
16 87 14860 0
54 50 14938 1
72 97 15036 0
14 88 15192 0
56 97 15232 0
100 49 15288 1
42 81 15366 0
81 39 15469 1
81 41 15626 1
54 100 15664 0
54 93 15664 0
57 70 15665 0
53 72 15830 0
80 55 15855 0
62 46 15855 1
15 82 15861 0
66 100 15886 0
72 40 15956 1
52 50 16051 1
57 69 16085 0
24 93 16243 0
19 92 16247 0
34 64 16400 1
59 70 16402 0
59 100 16477 0
26 91 16487 0
54 100 16537 0
44 81 16543 0
101 53 16679 1
63 39 16694 1
61 44 16808 1
100 47 16811 1
64 102 16832 0
100 48 16867 1
91 37 16905 1
56 93 16937 0
80 56 16943 0
7 28 17025 1
96 67 17027 1
97 43 17114 1
80 40 17151 1
99 45 17162 1
93 71 17226 1
83 39 17325 1
99 42 17395 1
56 99 17412 0
18 90 17415 0
82 39 17422 1
15 85 17443 0
54 92 17500 0
62 65 17625 0
81 55 17841 0
97 42 17843 1
68 100 17874 0
82 56 17938 0
63 100 17972 0
93 39 18020 1
87 39 18041 1
91 39 18089 1
58 99 18255 0
86 39 18255 1
98 62 18290 1
100 53 18291 1
60 100 18300 0
75 57 18346 0
55 97 18383 0
71 76 18468 0
93 72 18535 1
88 39 18572 1
16 89 18587 0
98 45 18593 1
75 40 18675 1
13 84 18746 0
95 42 18753 1
15 88 18898 0
95 41 18903 1
97 62 18909 1
99 43 18911 1
77 66 18925 0
92 39 18991 1
78 39 19135 1
55 90 19189 0
96 42 19220 1
101 52 19241 1
95 68 19268 1
100 43 19297 1
58 98 19323 0
93 40 19377 1
100 56 19464 1
89 77 19566 1
67 100 19573 0
58 46 19620 1
79 40 19691 1
35 87 19704 0
66 43 19724 1
101 51 19727 1
77 93 19737 0
89 39 19743 1
98 63 19823 1
83 40 19841 1
63 45 19912 1
31 67 19939 1
90 77 19952 1
64 100 19955 0
96 41 19967 1
65 100 20034 0
100 55 20039 1
101 46 20083 1
94 71 20105 1
72 41 20163 1
66 100 20333 0
78 40 20345 1
32 66 20360 1
94 41 20377 1
100 45 20402 1
31 65 20569 1
50 51 20590 1
73 39 20618 1
60 45 20632 1
72 59 20674 0
21 91 20704 0
16 80 20715 0
95 67 20785 1
60 102 20811 0
81 56 20838 0
90 39 20877 1
99 59 20883 1
87 81 20902 1
17 90 20930 0
67 62 20931 0
44 56 21035 1
92 40 21074 1
23 91 21084 0
63 65 21107 0
18 92 21112 0
84 40 21152 1
75 41 21154 1
18 90 21158 0
79 41 21174 1
100 49 21351 1
60 44 21371 1
95 40 21506 1
99 56 21506 1
70 40 21534 1
77 65 21580 0
76 68 21647 0
20 92 21690 0
61 103 21729 0
100 46 21731 1
84 39 21766 1
30 68 21773 1
69 61 21829 0
74 97 21850 0
71 60 21888 0
56 97 21892 0
16 90 21903 0
55 100 21904 0
45 80 21907 0
14 82 21918 0
89 40 21922 1
17 89 21983 0
9 100 22010 0
100 57 22031 1
58 47 22048 1
85 40 22077 1
29 90 22103 0
77 40 22151 1
97 43 22197 1
91 75 22200 1
61 45 22265 1
56 99 22314 0
76 39 22387 1
19 89 22441 0
94 40 22467 1
98 43 22467 1
60 85 22474 1
68 41 22504 1
22 74 22532 1
61 66 22580 0
62 85 22691 1
17 88 22723 0
47 78 22802 0
58 100 22818 0
73 97 22822 0
31 90 22836 0
10 88 22923 0
97 63 22935 1
15 86 22947 0
79 60 22963 0
85 39 22969 1
96 65 23026 1
63 100 23071 0
19 90 23110 0
15 81 23129 0
80 55 23145 0
55 94 23153 0
16 83 23161 0
81 54 23183 0
57 98 23209 0
27 90 23289 0
66 99 23320 0
70 99 23356 0
66 62 23359 0
88 18 23409 0
79 55 23459 0
13 86 23467 0
54 71 23490 0
30 90 23662 0
21 90 23672 0
65 43 23850 1
55 93 23941 0
100 48 24146 1
79 54 24160 0
37 86 24211 0
16 82 24272 0
65 100 24295 0
57 99 24316 0
58 99 24397 0
91 76 24441 1
55 49 24467 1
71 97 24477 0
72 39 24663 1
98 44 24666 1
74 40 24697 1
71 41 24747 1
56 7 24842 0
21 74 24906 1
26 91 24944 0
101 50 25027 1
28 90 25093 0
18 90 25098 0
61 46 25103 1
15 84 25147 0
62 47 25186 1
62 101 25186 0
46 78 25196 0
56 96 25243 0
97 41 25267 1
63 102 25277 0
94 39 25288 1
27 91 25294 0
14 80 25422 0
62 100 25440 0
18 91 25501 0
65 44 25516 1
60 46 25536 1
46 56 25686 1
19 75 25725 1
67 80 25737 1
86 40 25764 1
81 40 25808 1
87 82 25808 1
80 56 25869 0
54 96 25900 0
87 39 25963 1
57 102 26140 0
21 90 26323 0
19 89 26324 0
68 43 26339 1
99 44 26364 1
17 88 26429 0
66 100 26483 0
67 63 26520 0
15 88 26531 0
14 95 26538 0
77 68 26619 0
101 49 26646 1
100 47 26655 1
56 99 26724 0
99 45 26824 1
67 43 26824 1
57 98 26832 0
66 82 26843 1
29 90 26879 0
58 97 26981 0
15 87 27223 0
23 70 27227 0
69 63 27229 0
74 39 27327 1
29 91 27379 0
20 91 27394 0
76 40 27419 1
79 62 27440 0
28 93 27775 0
66 81 27783 1
16 87 27953 0
53 49 27973 1
32 65 27993 1
92 39 28063 1
101 48 28122 1
29 68 28230 1
97 65 28258 1
75 72 28264 0
77 67 28325 0
98 42 28473 1
70 41 28523 1
74 96 28581 0
43 58 28670 1
99 61 28681 1
98 61 28724 1
25 91 28765 0
69 62 28907 0
56 96 28964 0
62 100 29011 0
73 41 29016 1
35 64 29170 1
63 44 29201 1
41 57 29279 1
59 87 29390 1
28 91 29529 0
80 58 29547 0
97 42 29750 1
82 40 29859 1
18 90 29922 0
80 39 30135 1
68 99 30139 0
63 84 30152 1
53 73 30159 0
91 39 30196 1
55 92 30252 0
93 39 30283 1
95 41 30301 1
81 39 30330 1
65 100 30391 0
81 59 30480 0
79 39 30488 1
93 40 30493 1
74 41 30563 1
96 42 30580 1
42 82 30613 0
40 60 30679 1
81 55 30682 0
61 68 30723 0
100 45 30756 1
73 40 30794 1
61 86 30803 1
89 38 30835 1
21 90 30885 0
89 39 30967 1
57 98 31098 0
60 100 31199 0
68 61 31200 0
101 51 31235 1
72 75 31267 0
33 65 31277 1
101 52 31391 1
15 81 31397 0
39 83 31403 0
15 82 31426 0
73 60 31513 0
72 98 31603 0
56 93 31610 0
43 81 31613 0
96 41 31613 1
56 98 31616 0
64 100 31621 0
56 99 31666 0
81 57 31727 0
58 98 31757 0
77 56 31776 0
77 69 31787 0
59 67 31865 0
77 94 31930 0
88 39 32038 1
90 39 32145 1
97 43 32196 1
71 77 32219 0
86 39 32261 1
63 83 32278 1
62 100 32398 0
80 62 32425 0
100 46 32447 1
95 40 32476 1
17 88 32498 0
20 75 32499 1
62 101 32509 0
24 91 32510 0
91 38 32550 1
55 97 32570 0
36 87 32580 0
65 103 32588 0
94 40 32604 1
95 39 32604 1
77 39 32697 1
71 60 32807 0
82 39 32862 1
57 97 32931 0
83 39 32978 1
30 92 33128 0
56 96 33214 0
45 79 33234 0
100 58 33377 1
98 43 33391 1
81 54 33529 0
73 74 33650 0
72 97 33665 0
56 97 33700 0
63 46 33786 1
76 56 33788 0
77 67 33847 0
59 46 33847 1
55 98 33860 0
80 60 33936 0
68 63 33958 0
61 67 33987 0
45 56 34055 1
75 96 34064 0
61 100 34065 0
64 64 34147 0
56 90 34216 0
66 99 34231 0
81 89 34232 1
21 91 34358 0
63 100 34369 0
101 53 34369 1
81 60 34374 0
29 89 34429 0
90 38 34442 1
66 64 34463 0
79 40 34536 1
29 90 34549 0
19 89 34575 0
17 89 34713 0
75 70 34722 0
16 78 34724 0
16 83 34740 0
43 80 34768 0
91 39 34769 1
94 70 34785 1
75 39 34851 1
64 45 34853 1
56 48 34946 1
68 62 34978 0
77 66 35012 0
106 55 35015 1
71 40 35016 1
92 39 35021 1
64 66 35026 0
85 39 35061 1
57 98 35194 0
72 96 35229 0
97 42 35235 1
84 40 35244 1
54 95 35257 0
23 91 35282 0
70 98 35335 0
99 43 35383 1
97 64 35428 1
93 39 35505 1
96 66 35564 1
58 100 35574 0
101 50 35584 1
79 63 35671 0
74 58 35681 0
92 38 35686 1
80 59 35693 0
68 38 35708 1
78 56 35790 0
58 99 35801 0
66 44 35825 1
46 79 35881 0
17 92 35973 0
53 50 35977 1
24 91 35992 0
99 45 36045 1
14 90 36080 0
64 65 36086 0
47 77 36095 0
20 93 36115 0
21 90 36127 0
59 42 36134 1
59 100 36135 0
88 80 36151 1
88 38 36152 1
55 71 36159 0
78 64 36203 0
34 88 36282 0
62 41 36311 1
98 42 36321 1
57 97 36327 0
75 58 36337 0
27 90 36338 0
101 48 36437 1
78 41 36464 1
43 56 36545 1
19 90 36695 0
29 66 36716 1
96 40 36778 1
51 74 36901 0
35 86 36943 0
64 83 37091 1
100 45 37097 1
100 56 37104 1
44 57 37177 1
72 41 37177 1
62 45 37249 1
82 56 37308 0
18 90 37317 0
19 91 37318 0
56 47 37363 1
60 101 37380 0
60 68 37391 0
30 90 37409 0
16 82 37456 0
101 47 37482 1
56 71 37497 0
101 54 37524 1
66 100 37529 0
67 81 37562 1
52 73 37595 0
56 96 37605 0
65 100 37723 0
16 88 37733 0
70 100 37742 0
15 81 37750 0
100 57 37753 1
61 100 37769 0
73 59 37785 0
16 80 37801 0
57 101 37806 0
56 99 37815 0
63 104 37843 0
37 87 37858 0
58 97 37948 0
15 88 37969 0
58 98 38011 0
36 64 38051 1
72 40 38060 1
57 99 38078 0
55 91 38100 0
71 98 38282 0
100 47 38391 1
63 101 38421 0
61 85 38424 1
15 85 38634 0
55 94 38655 0
26 91 38671 0
75 57 38676 0
16 87 38683 0
35 65 38741 1
17 88 38796 0
15 80 38798 0
101 49 38808 1
11 89 38815 0
54 94 38825 0
28 90 38960 0
100 49 38960 1
57 95 38990 0
81 39 39058 1
55 93 39081 0
34 64 39130 1
78 40 39144 1
55 70 39162 0
17 83 39166 0
62 101 39203 0
96 41 39206 1
21 75 39367 1
89 79 39509 1
16 79 39559 0
24 91 39584 0
13 89 39681 0
72 59 39807 0
68 99 39830 0
18 38 39892 0
54 72 39978 0
75 68 40019 0
66 76 40069 0
92 74 40166 1
54 99 40299 0
15 92 40305 0
54 97 40320 0
98 98 40375 0
73 98 40384 0
63 90 40387 1
67 64 40405 0
76 57 40419 0
16 83 40570 0
101 52 40622 1
31 89 40648 0
100 59 40707 1
85 40 40754 1
27 93 40802 0
89 38 40822 1
22 90 40863 0
87 38 40956 1
39 59 41030 1
26 92 41130 0
87 39 41238 1
99 44 41432 1
100 46 41513 1
78 39 41525 1
74 58 41743 0
101 55 41767 1
84 39 41879 1
61 95 41887 0
61 100 41887 0
16 88 42048 0
69 41 42103 1
101 45 42109 1
93 40 42228 1
67 42 42355 1
64 44 42594 1
68 42 42600 1
100 44 42676 1
54 48 42773 1
70 98 42862 0
16 81 43013 0
54 96 43028 0
65 83 43163 1
52 51 43227 1
24 90 43271 0
20 90 43301 0
101 51 43407 1
22 91 43418 0
84 38 43480 1
94 40 43617 1
67 44 43661 1
22 90 43713 0
74 40 43771 1
45 57 43777 1
80 55 43948 0
56 93 44008 0
91 74 44073 1
33 64 44079 1
59 102 44099 0
57 97 44261 0
82 40 44484 1
24 91 44490 0
83 36 44582 1
58 68 44623 0
62 100 44714 0
70 60 44923 0
98 62 44984 1
83 55 45190 0
94 39 45346 1
41 81 45389 0
64 101 45423 0
81 40 45565 1
87 37 45609 1
16 88 45786 0
73 113 45861 1
57 98 45912 0
58 102 46017 0
29 90 46089 0
77 40 46169 1
22 90 46344 0
77 67 46432 0
19 89 46723 0
48 77 46755 0
23 92 46772 0
21 90 46788 0
24 90 46921 0
31 90 46957 0
64 100 46971 0
16 85 46974 1
55 95 46993 0
67 62 47015 0
100 54 47036 1
79 55 47048 0
54 104 47069 0
15 78 47069 0
79 63 47229 0
81 55 47236 0
62 101 47369 0
20 90 47491 0
62 66 47508 0
15 81 47549 0
81 54 47578 0
56 94 47601 0
44 80 47617 0
77 68 47646 0
41 82 47692 0
79 54 47852 0
16 73 48026 0
74 14 48043 0
100 55 48106 1
53 92 48122 0
52 72 48370 0
32 89 48482 0
63 45 48590 1
45 19 48591 0
16 81 48601 0
109 45 48762 0
5 61 48872 0
22 91 48907 0
81 56 48953 0
16 84 48983 0
61 100 49062 0
16 88 49164 0
66 99 49197 0
53 72 49203 0
68 80 49319 1
79 37 49330 1
22 90 49438 0
20 89 49469 0
14 89 49557 0
55 97 49613 0
73 113 49621 0
16 91 49651 0
57 117 49917 0
16 86 49929 0
40 83 49992 0
52 99 50005 0
18 87 50576 0
76 69 50724 0
46 80 50756 0
63 100 50800 0
54 91 50856 0
20 90 50932 0
66 62 51050 0
51 73 51167 0
40 82 51202 0
24 90 51323 0
92 39 51588 1
82 39 51679 1
42 81 51816 0
97 38 51969 1
56 94 52085 0
92 75 52150 1
15 84 52335 0
43 57 52473 1
59 99 52818 0
16 88 52976 0
16 84 53000 0
62 44 53249 1
54 49 53335 1
89 78 53398 1
62 84 53472 1
61 45 53612 1
22 91 53678 0
86 39 53737 1
24 91 53758 0
76 40 53890 1
20 89 53914 0
55 95 54087 0
63 43 54095 1
59 88 54146 1
80 39 54230 1
98 43 54396 1
97 41 54427 1
89 80 54534 1
76 38 54717 1
18 87 54813 0
16 86 54859 0
61 84 54894 1
81 38 55268 1
47 55 55277 1
73 113 55291 1
89 39 55322 1
98 31 55513 1
20 90 55559 0
102 46 55634 1
64 101 55821 0
95 40 55883 1
97 42 56099 1
90 39 56328 1
22 90 56491 0
91 38 56497 1
99 43 56596 1
101 50 56607 1
100 45 56710 1
76 39 56786 1
56 99 56874 0
59 99 56971 0
91 39 56971 1
88 39 57019 1
79 39 57027 1
101 53 57042 1
98 42 57059 1
93 39 57068 1
96 41 57102 1
98 63 57123 1
99 60 57158 1
101 51 57189 1
63 85 57268 1
60 46 57276 1
101 48 57314 1
99 59 57320 1
16 89 57333 0
83 54 57335 0
83 39 57442 1
76 69 57461 0
81 59 57464 0
93 72 57468 1
16 88 57482 0
102 49 57535 1
73 40 57575 1
90 38 57687 1
41 59 57766 1
93 70 57773 1
93 38 57862 1
101 46 57873 1
56 97 57876 0
100 46 57885 1
56 98 57890 0
92 38 58018 1
94 69 58032 1
101 52 58034 1
94 38 58099 1
58 69 58159 0
100 45 58184 1
82 38 58339 1
95 40 58343 1
97 41 58343 1
101 49 58343 1
96 40 58430 1
99 43 58505 1
38 60 58637 1
100 44 58712 1
97 65 58723 1
93 39 58788 1
69 100 58808 0
42 58 58847 1
75 39 58849 1
101 57 58883 1
58 98 58918 0
95 39 59015 1
97 42 59038 1
93 71 59094 1
98 41 59101 1
56 96 59139 0
88 38 59176 1
85 39 59176 1
101 51 59204 1
77 39 59213 1
81 39 59257 1
96 41 59258 1
31 65 59405 1
60 45 59420 1
76 57 59425 0
89 39 59438 1
58 97 59445 0
102 51 59462 1
16 84 59469 0
55 92 59476 0
61 66 59515 0
16 86 59546 0
56 94 59547 0
94 39 59601 1
60 87 59657 1
87 39 59668 1
96 67 59714 1
61 101 59754 0
16 81 59765 0
91 38 59766 1
101 47 59777 1
56 93 59791 0
22 91 59808 0
98 42 59814 1
101 48 59827 1
74 39 59834 1
75 40 59836 1
97 40 59844 1
81 60 59855 0
73 39 59863 1
101 54 59875 1
32 90 59893 0
48 94 59970 0
19 90 60004 0
29 89 60009 0
49 101 60026 0
74 58 60034 0
44 56 60068 1
25 91 60075 0
62 65 60145 0
46 55 60160 1
27 90 60161 0
68 41 60170 1
85 38 60197 1
44 58 60303 1
15 81 60323 0
89 38 60330 1
81 54 60398 0
73 113 60442 0
76 95 60472 0
16 82 60513 0
70 98 60539 0
62 104 60550 0
59 99 60555 0
63 66 60559 0
24 90 60572 0
71 41 60591 1
40 59 60618 1
79 38 60618 1
57 97 60622 0
77 69 60642 0
74 72 60684 0
77 66 60713 0
69 42 60748 1
20 90 60758 0
76 58 60768 0
58 99 60795 0
57 95 60806 0
69 61 60810 0
33 88 60862 0
16 78 60867 0
56 70 60886 0
16 88 60904 0
78 66 60939 0
75 95 60942 0
62 100 61000 0
59 67 61005 0
95 40 61012 1
75 69 61088 0
65 64 61099 0
27 91 61114 0
71 97 61115 0
67 102 61117 0
56 90 61120 0
101 56 61122 1
63 44 61124 1
16 83 61124 0
70 61 61132 0
43 79 61138 0
54 29 61140 0
68 99 61153 0
18 87 61203 0
74 38 61210 1
32 65 61231 1
46 56 61233 1
101 50 61241 1
25 104 61251 0
81 55 61263 0
100 46 61279 1
57 96 61282 1
33 89 61286 0
38 85 61294 0
55 99 61303 0
80 62 61321 0
83 38 61334 1
91 39 61343 1
54 107 61373 0
101 46 61390 1
66 99 61413 0
97 64 61435 1
17 78 61493 0
92 38 61498 1
19 89 61558 0
99 42 61598 1
97 41 61616 1
45 56 61718 1
76 56 61740 0
28 90 61750 0
21 90 61767 0
86 38 61768 1
100 45 61788 1
17 88 61794 0
17 89 61814 0
88 39 61816 1
38 84 61834 0
45 38 61840 1
45 55 61840 1
57 98 61855 0
20 89 61856 0
22 90 61920 0
17 83 61923 0
70 99 62003 0
68 61 62025 0
58 46 62030 1
59 97 62048 0
101 52 62061 1
101 53 62102 1
96 40 62105 1
101 49 62114 1
77 68 62155 0
65 82 62170 1
72 96 62244 0
74 57 62255 0
100 43 62259 1
36 63 62265 1
48 76 62276 0
93 38 62293 1
101 55 62300 1
100 57 62323 1
61 44 62364 1
15 86 62437 0
74 96 62471 0
54 71 62478 0
75 57 62499 0
99 43 62533 1
8 97 62549 0
100 44 62591 1
55 48 62601 1
81 59 62615 0
94 71 62665 1
55 95 62693 0
77 40 62746 1
69 79 62783 1
39 60 62879 1
16 86 62919 0
95 69 62962 1
101 48 62978 1
58 98 62982 0
70 60 63013 0
77 67 63087 0
27 90 63099 0
83 54 63103 0
17 90 63146 0
84 40 63159 1
30 88 63180 0
71 40 63192 1
18 88 63206 0
67 100 63276 0
21 74 63284 1
73 75 63377 0
78 40 63439 1
58 96 63453 0
16 83 63518 0
16 80 63550 0
69 97 63565 0
57 47 63577 1
97 42 63753 1
70 41 63764 1
16 84 63778 0
97 66 63785 1
40 58 63867 1
22 74 63882 1
78 39 63888 1
29 90 63895 0
59 45 63944 1
79 54 63960 0
58 97 63962 0
67 43 63978 1
76 69 64049 0
30 90 64077 0
34 64 64183 1
75 38 64185 1
95 39 64249 1
33 65 64275 1
34 63 64289 1
83 30 64298 1
71 96 64429 0
61 100 64433 0
90 38 64455 1
24 90 64506 0
101 51 64531 1
84 39 64565 1
58 47 64571 1
93 39 64625 1
100 58 64655 1
82 39 64655 1
18 87 64697 0
95 38 64711 1
16 82 64734 0
95 41 64738 1
51 50 64810 1
94 38 64940 1
57 48 64945 1
59 99 64960 0
56 97 64969 0
29 89 65023 0
55 94 65053 0
109 68 65133 0
68 62 65134 0
62 45 65229 1
98 63 65277 1
67 99 65313 0
73 41 65323 1
35 64 65346 1
56 93 65385 0
18 90 65388 0
93 73 65393 1
56 94 65438 0
66 43 65531 1
90 39 65555 1
75 72 65559 0
101 45 65610 1
20 89 65651 0
81 57 65671 0
64 43 65709 1
79 40 65718 1
64 101 65726 0
65 100 65825 0
95 68 65832 1
22 90 65846 0
26 89 65851 0
16 88 65903 0
82 56 65943 0
55 49 65954 1
63 83 65963 1
109 45 65993 1
98 42 66029 1
72 39 66050 1
56 96 66071 0
18 88 66158 0
90 77 66190 1
72 40 66238 1
109 45 66300 0
16 81 66311 0
67 63 66320 0
88 38 66351 1
81 38 66396 1
94 39 66422 1
83 39 66471 1
37 63 66563 1
65 43 66568 1
82 38 66706 1
96 41 66713 1
99 36 66775 1
54 50 66833 1
54 93 66859 0
33 64 66870 1
20 90 66948 0
23 90 66955 0
44 57 66982 1
81 39 67014 1
79 39 67036 1
55 93 67044 0
71 60 67156 0
16 86 67232 0
94 70 67313 1
15 81 67395 0
91 38 67489 1
32 88 67494 0
56 49 67498 1
35 63 67671 1
72 41 67703 1
102 52 67721 1
101 47 67981 1
35 86 67982 0
84 38 67987 1
76 39 67995 1
32 64 68060 1
31 66 68091 1
75 39 68199 1
90 37 68237 1
21 89 68257 0
71 31 68519 1
57 69 68530 0
16 87 68597 0
17 86 68801 0
31 89 68836 0
19 89 68837 0
75 95 68857 0
22 91 69093 0
101 54 69246 1
51 105 69302 0
46 57 69305 1
18 88 69335 0
77 98 69346 0
15 82 69371 0
25 94 69480 0
21 90 69490 0
63 65 69501 0
76 70 69504 0
63 99 69585 0
14 86 69600 0
61 45 69690 1
80 56 69700 0
90 78 69747 1
83 55 69914 0
66 102 69921 0
36 41 69978 0
60 100 70083 0
16 84 70202 0
57 95 70213 0
62 67 70317 0
95 40 70335 1
67 99 70550 0
41 58 70627 1
92 38 70642 1
16 88 70673 0
73 96 70699 0
23 90 70764 0
66 63 70765 0
57 97 70959 0
16 79 71042 0
80 38 71053 1
27 89 71062 0
85 39 71063 1
66 42 71092 1
66 99 71095 0
62 101 71142 0
59 97 71193 0
72 74 71396 0
21 89 71501 0
55 102 71516 0
74 40 71627 1
81 54 71735 0
20 74 71778 1
59 99 71835 0
109 68 71858 1
57 44 71910 1
24 90 72056 0
58 96 72144 0
70 40 72283 1
87 39 72371 1
96 39 72403 1
22 73 72459 1
17 86 72547 0
39 84 72671 0
63 99 72684 0
81 61 72771 0
77 93 72810 0
100 43 73012 1
101 53 73091 1
92 73 73092 1
98 41 73131 1
77 56 73140 0
68 41 73191 1
57 92 73225 0
80 54 73292 0
31 88 73298 0
98 64 73522 1
101 49 73690 1
55 47 73715 1
23 90 73797 0
82 40 73798 1
46 78 73799 0
89 39 73823 1
18 88 73840 0
89 38 73870 1
77 39 73885 1
69 98 73953 0
48 55 74061 1
57 94 74072 0
87 38 74096 1
62 66 74132 0
63 100 74144 0
74 39 74205 1
19 88 74212 0
76 69 74370 0
17 79 74619 0
22 50 74628 1
22 89 74628 0
82 57 74664 0
28 90 74672 0
73 40 74726 1
16 86 74865 0
78 65 74890 0
101 48 74995 1
21 89 75055 0
72 28 75063 1
78 66 75092 0
85 34 75150 1
15 81 75155 0
72 97 75240 0
67 41 75294 1
17 83 75329 0
20 89 75531 0
57 68 75727 0
18 87 75729 0
99 61 75844 1
97 41 76065 1
22 90 76128 0
74 36 76166 1
42 57 76198 1
16 88 76234 0
27 90 76251 0
67 99 76283 0
100 44 76363 1
65 101 76491 0
56 100 76496 0
1 100 76501 0
21 91 76538 0
17 85 76640 0
76 94 76651 0
63 99 76654 0
92 39 76766 1
17 88 76824 0
63 84 76979 1
101 52 76991 1
66 100 77034 0
17 86 77049 0
23 90 77050 0
53 104 77090 0
65 105 77305 0
29 90 77375 0
52 96 77380 0
12 84 77463 0
55 96 77610 0
44 80 77617 0
61 67 77641 0
68 42 77657 1
59 101 77759 0
22 89 77785 0
17 93 77825 0
21 92 77846 0
109 45 77930 1
77 94 77931 0
11 94 77934 0
109 45 78007 0
60 44 78138 1
76 57 78212 0
62 85 78288 1
69 60 78322 0
22 92 78386 0
16 82 78401 0
54 96 78446 0
19 88 78476 0
75 95 78731 0
64 101 78737 0
58 97 78756 0
55 92 78968 0
57 96 78986 0
66 104 79021 0
80 61 79043 0
80 54 79093 0
74 57 79112 0
17 84 79117 0
75 71 79209 0
28 89 79354 0
70 63 79515 0
73 73 79548 0
91 75 79712 1
64 83 79726 1
21 88 79900 0
59 98 80061 0
100 46 80192 1
62 98 80216 0
47 55 80244 1
78 64 80345 0
47 77 80348 0
56 48 80361 1
69 98 80365 0
56 109 80441 0
60 99 80534 0
93 38 80662 1
18 88 80907 0
23 90 80996 0
32 89 81148 0
86 27 81259 1
16 81 81467 0
17 85 81567 0
57 98 81924 0
73 39 82085 1
65 99 82182 0
97 40 82214 1
96 40 82326 1
100 60 82329 1
16 83 82485 0
100 45 82558 1
99 43 82828 1
85 38 82843 1
66 63 82937 0
56 47 83095 1
101 50 83217 1
55 91 83266 0
73 113 83338 1
24 92 83360 0
57 96 83395 0
63 45 83453 1
96 66 83553 1
98 42 83586 1
99 42 83614 1
101 46 83614 1
68 79 83771 1
62 44 83771 1
97 65 83796 1
86 38 84097 1
101 44 84205 1
102 50 84293 1
95 39 84325 1
81 60 84327 0
83 54 84480 0
59 98 84482 0
73 96 84580 0
21 89 84582 0
66 62 84794 0
73 59 84849 0
90 38 84899 1
99 60 84927 1
98 62 84944 1
57 94 84945 0
76 70 85034 0
70 98 85118 0
16 88 85146 0
83 38 85176 1
55 96 85255 0
67 62 85277 0
73 38 85350 1
77 55 85386 0
60 99 85394 0
74 58 85472 0
61 66 85482 0
75 59 85496 0
17 84 85507 0
93 39 85517 1
22 89 85596 0
78 38 85635 1
102 49 85732 1
74 14 85836 1
101 51 85949 1
97 41 85963 1
92 37 85972 1
58 98 85987 0
82 57 86038 0
62 98 86053 0
94 39 86054 1
59 97 86110 0
32 88 86127 0
62 99 86139 0
94 38 86247 1
16 78 86263 0
59 99 86388 0
71 98 86438 0
77 69 86476 0
63 99 86599 0
101 47 86611 1
100 44 86650 1
99 43 86674 1
91 38 86752 1
97 64 86760 1
65 99 86798 0
101 48 86875 1
17 86 86943 0
43 58 86952 1
92 38 87012 1
15 81 87023 0
26 89 87056 0
58 96 87060 0
100 43 87068 1
28 89 87106 0
56 94 87150 0
64 99 87162 0
101 45 87164 1
79 63 87219 0
101 55 87253 1
102 47 87273 1
106 55 87324 1
57 96 87330 0
27 89 87352 0
51 44 87363 1
88 39 87375 1
102 58 87503 1
64 64 87505 0
63 44 87508 1
67 99 87559 0
65 42 87581 1
56 96 87593 0
81 58 87598 0
79 55 87608 0
62 43 87666 1
57 95 87679 0
61 98 87733 0
77 67 87753 0
36 86 87771 0
29 89 87775 0
67 42 87810 1
82 58 87830 0
57 46 87886 1
19 88 87910 0
78 65 87914 0
57 92 88121 0
81 54 88130 0
81 7 88139 1
103 47 88141 1
60 45 88165 1
59 98 88191 0
77 40 88231 1
99 42 88237 1
16 80 88262 0
49 76 88291 0
98 31 88312 1
80 61 88336 0
46 55 88383 1
66 82 88417 1
78 39 88418 1
84 38 88436 1
95 40 88440 1
57 90 88458 0
26 91 88544 0
96 40 88581 1
69 98 88645 0
17 85 88670 0
80 39 88674 1
43 80 88687 0
81 39 88704 1
98 41 88825 1
32 65 88845 1
99 41 88849 1
56 91 88877 0
82 39 88934 1
53 49 88948 1
56 93 88977 0
83 39 88988 1
88 38 89010 1
65 63 89097 0
69 41 89116 1
53 72 89146 0
100 57 89147 1
101 56 89173 1
97 40 89213 1
101 57 89217 1
52 50 89221 1
80 54 89340 0
79 38 89350 1
101 46 89350 1
52 49 89429 1
44 55 89457 1
30 88 89471 0
66 99 89557 0
69 40 89637 1
91 37 89649 1
32 63 89701 1
102 54 89711 1
102 51 89763 1
61 44 89829 1
94 37 89958 1
45 56 90080 1
45 55 90111 1
102 48 90130 1
62 99 90144 0
18 87 90154 0
119 8 90193 1
119 56 90193 1
111 44 90207 1
97 36 90213 1
76 67 90228 0
60 99 90254 0
100 42 90272 1
94 34 90312 1
23 90 90364 0
101 54 90421 1
64 100 90441 0
100 45 90517 1
89 37 90536 1
61 98 90595 0
93 38 90622 1
22 89 90691 0
56 89 90762 0
75 57 90805 0
44 56 90926 1
95 39 90985 1
97 42 91058 1
55 108 91082 0
26 90 91115 0
72 59 91117 0
89 38 91121 1
69 61 91124 0
81 38 91215 1
16 84 91217 0
56 95 91282 1
98 42 91346 1
78 58 91365 0
70 117 91370 0
57 97 91399 0
19 89 91532 0
64 99 91611 0
16 85 91637 0
16 86 91642 0
58 68 91664 0
15 81 91671 0
65 99 91684 0
28 69 91856 1
86 83 91861 1
77 38 91966 1
82 38 91972 1
62 65 91977 0
91 76 92174 1
42 58 92344 1
59 98 92367 0
57 96 92433 0
87 38 92487 1
71 39 92547 1
36 61 92601 1
34 64 92615 1
96 68 92664 1
71 40 92720 1
0 0 92734 0
64 82 92746 1
76 38 92856 1
103 49 92862 1
55 96 92873 0
56 92 92919 0
46 56 92929 1
43 57 92977 1
75 39 93019 1
102 44 93049 1
66 39 93058 1
80 38 93101 1
30 66 93116 1
99 62 93281 1
28 68 93331 1
38 61 93387 1
61 84 93418 1
25 89 93535 0
87 39 93557 1
33 63 93588 1
17 84 93640 0
62 98 93721 0
63 43 93731 1
79 39 93878 1
97 41 93966 1
89 79 93993 1
69 97 94019 0
85 39 94044 1
102 53 94091 1
61 98 94114 0
62 99 94152 0
21 88 94434 0
100 59 94454 1
39 85 94499 0
58 97 94528 0
11 83 94560 0
96 39 94854 1
88 37 95031 1
56 91 95081 0
23 73 95130 1
21 89 95138 0
101 52 95163 1
86 40 95369 1
68 99 95622 0
105 78 95652 1
60 99 95671 0
100 44 95731 1
102 52 95809 1
68 98 95823 0
20 89 95937 0
98 63 95980 1
74 38 96026 1
18 88 96091 0
71 41 96184 1
60 84 96217 1
100 43 96365 1
95 38 96365 1
98 40 96417 1
99 42 96431 1
102 49 96477 1
94 38 96755 1
64 99 96812 0
72 58 96843 0
101 46 96846 1
99 43 96864 1
26 90 96940 0
101 45 96968 1
47 54 96985 1
97 40 97065 1
101 44 97160 1
101 49 97223 1
101 53 97308 1
98 41 97339 1
77 39 97472 1
93 37 97474 1
101 43 97485 1
103 50 97581 1
76 56 97589 0
62 84 97591 1
33 64 97606 1
85 93 97613 1
96 40 97657 1
93 38 97704 1
97 39 97737 1
74 39 97821 1
83 54 97844 0
73 74 97879 0
91 38 97887 1
82 58 97939 0
81 59 97961 0
102 50 97964 1
57 94 97973 0
77 68 97985 0
92 38 97991 1
59 86 98045 1
59 97 98060 0
79 54 98091 0
95 39 98108 1
101 48 98163 1
78 66 98165 0
63 99 98181 0
99 42 98189 1
64 43 98194 1
17 86 98228 0
65 83 98248 1
61 98 98294 0
71 97 98309 0
76 39 98316 1
102 51 98338 1
81 58 98341 0
83 38 98375 1
17 85 98408 0
24 90 98425 0
72 40 98438 1
56 90 98488 0
31 58 98494 0
82 56 98496 0
17 83 98537 0
56 92 98542 0
71 96 98555 0
58 96 98570 0
31 90 98570 0
59 96 98618 0
88 38 98680 1
85 38 98698 1
72 75 98713 0
59 67 98788 0
99 60 98809 1
32 66 98826 1
72 96 98838 0
45 79 98857 0
100 43 98860 1
37 85 98884 0
65 99 98907 0
54 49 98918 1
102 46 98970 1
102 48 99005 1
100 44 99025 1
31 89 99027 0
83 55 99030 0
54 98 99044 0
92 74 99045 1
77 65 99064 0
62 99 99138 0
76 94 99166 0
28 89 99208 0
19 96 99226 0
57 95 99242 0
55 70 99257 0
97 41 99260 1
59 98 99267 0
101 46 99273 1
94 71 99291 1
72 39 99332 1
22 93 99354 0
97 40 99390 1
101 55 99390 1
102 56 99442 1
90 37 99446 1
95 68 99468 1
19 88 99483 0
102 49 99499 1
47 78 99512 0
26 89 99543 0
89 78 99547 1
102 47 99548 1
94 38 99549 1
64 65 99588 0
92 37 99598 1
62 44 99645 1
84 38 99660 1
64 42 99668 1
62 98 99715 0
69 98 99718 0
74 73 99727 0
82 57 99751 0
98 40 99758 1
34 86 99781 0
102 52 99830 1
98 41 99842 1
29 89 99856 0
31 64 99860 1
54 71 99866 0
20 88 99872 0
89 38 99908 1
91 37 99912 1
57 92 99938 0
34 63 99951 1
68 98 99952 0
101 45 100008 1
65 43 100016 1
22 89 100043 0
100 42 100047 1
82 36 100069 1
98 64 100079 1
57 96 100090 0
75 58 100123 0
68 61 100132 0
63 83 100132 1
86 38 100143 1
25 89 100168 0
84 39 100178 1
17 78 100187 0
77 93 100191 0
27 89 100203 0
68 41 100255 1
13 78 100334 0
81 61 100335 0
56 91 100339 0
16 85 100346 0
82 38 100358 1
17 80 100368 0
66 81 100380 1
40 59 100390 1
61 99 100395 0
95 38 100436 1
56 97 100467 0
58 97 100531 0
47 55 100563 1
76 93 100611 0
75 95 100650 0
77 57 100688 0
81 60 100691 0
95 69 100695 1
80 55 100719 0
95 70 100719 1
52 100 100752 0
42 81 100759 0
99 42 100765 1
36 63 100774 1
81 54 100807 0
61 98 100813 0
59 97 100822 0
93 38 100828 1
31 88 100873 0
66 62 100899 0
99 41 100900 1
35 63 100979 1
27 90 100988 0
15 88 101011 0
75 38 101064 1
36 62 101089 1
96 39 101103 1
81 38 101112 1
102 53 101131 1
67 81 101148 1
99 61 101178 1
99 40 101202 1
78 39 101219 1
66 99 101221 0
101 54 101248 1
45 80 101253 0
80 62 101305 0
100 58 101318 1
64 99 101336 0
70 60 101351 0
14 84 101376 0
101 44 101387 1
55 95 101404 0
89 36 101404 1
95 39 101410 1
16 81 101417 0
33 88 101451 0
77 56 101481 0
73 113 101484 0
69 97 101495 0
59 96 101528 0
7 28 101534 0
18 87 101538 0
58 96 101556 0
32 88 101616 0
64 98 101637 0
49 75 101655 0
62 102 101657 0
14 81 101682 0
60 86 101723 1
102 54 101757 1
78 56 101762 0
32 64 101780 1
79 38 101807 1
43 56 101810 1
65 81 101811 1
28 89 101811 0
33 87 101818 0
26 90 101836 0
93 72 101844 1
80 37 101880 1
41 81 101886 0
73 39 101912 1
81 37 101922 1
56 93 101926 0
21 88 101930 0
61 45 101934 1
88 37 101989 1
21 89 102030 0
60 99 102031 0
66 63 102037 0
75 39 102044 1
74 57 102047 0
71 75 102067 0
21 74 102091 1
77 39 102101 1
93 37 102132 1
80 38 102164 1
70 41 102165 1
26 89 102176 0
33 89 102246 0
17 77 102249 0
57 90 102254 0
16 88 102285 0
22 74 102297 1
73 75 102374 0
29 89 102381 0
57 94 102393 0
21 73 102396 1
90 38 102457 1
56 94 102471 0
55 96 102501 0
58 45 102505 1
100 43 102508 1
54 32 102562 0
65 82 102571 1
96 38 102577 1
56 69 102613 0
89 37 102622 1
55 48 102623 1
17 79 102652 0
67 80 102676 1
17 83 102679 0
22 89 102707 0
102 45 102711 1
102 46 102715 1
30 88 102745 0
32 89 102746 0
65 62 102774 0
83 38 102790 1
62 98 102843 0
13 96 102845 0
39 59 102890 1
95 37 102960 1
77 69 103019 0
56 92 103032 0
68 98 103062 0
96 40 103120 1
87 38 103137 1
58 94 103144 0
17 85 103155 0
25 89 103230 0
41 59 103266 1
55 69 103326 0
20 88 103333 0
87 37 103336 1
85 39 103345 1
39 82 103428 0
63 44 103433 1
16 82 103447 0
101 56 103459 1
78 38 103465 1
81 39 103473 1
94 38 103486 1
21 87 103496 0
15 81 103542 0
72 60 103594 0
17 84 103608 0
14 85 103633 0
55 71 103641 0
102 50 103683 1
45 57 103696 1
58 46 103740 1
63 65 103741 0
23 91 103778 0
24 91 103798 0
55 127 103805 0
70 98 103831 0
80 61 103848 0
54 48 103877 1
78 65 103889 0
102 49 103989 1
28 90 103992 0
64 98 104011 0
35 64 104013 1
78 66 104052 0
78 94 104113 0
57 47 104137 1
102 51 104141 1
84 53 104191 0
27 89 104194 0
18 77 104263 0
67 62 104269 0
76 38 104282 1
61 98 104297 0
57 92 104426 0
22 90 104459 0
38 85 104498 0
17 80 104502 0
98 41 104550 1
21 88 104662 0
46 79 104686 0
20 90 104702 0
57 95 104752 0
62 83 104761 1
76 39 104775 1
68 80 104819 1
90 78 104873 1
76 56 104879 0
78 54 104946 0
19 88 105036 0
85 38 105071 1
48 54 105102 1
95 36 105112 1
96 67 105166 1
102 48 105197 1
20 89 105200 0
94 36 105297 1
18 87 105354 0
61 99 105450 0
59 45 105467 1
16 83 105509 0
71 62 105544 0
79 39 105550 1
53 98 105569 0
67 79 105608 1
57 96 105614 0
62 99 105666 0
77 55 105707 0
17 87 105779 0
17 86 105779 0
101 58 105803 1
70 61 105814 0
28 91 105831 0
59 97 105922 0
22 89 105960 0
59 44 106019 1
26 90 106024 0
55 90 106043 0
99 42 106065 1
66 42 106072 1
92 75 106082 1
70 40 106086 1
56 91 106095 0
48 77 106096 0
71 40 106113 1
28 89 106148 0
88 36 106189 1
70 39 106203 1
60 45 106224 1
57 91 106230 0
66 80 106255 1
82 58 106260 0
97 66 106309 1
91 38 106312 1
20 88 106324 0
48 76 106355 0
83 54 106383 0
59 98 106428 0
94 70 106430 1
98 65 106446 1
63 99 106453 0
79 92 106512 0
26 89 106527 0
38 84 106529 0
65 99 106531 0
37 62 106535 1
68 98 106568 0
18 88 106616 0
77 38 106726 1
101 45 106767 1
68 42 106772 1
97 39 106782 1
100 42 106799 1
23 90 106857 0
98 63 106939 1
22 73 106949 1
72 61 106987 0
45 55 107029 1
43 55 107109 1
88 38 107250 1
46 55 107269 1
92 37 107279 1
97 65 107284 1
109 68 107289 0
30 65 107298 1
98 38 107301 1
67 99 107334 0
25 89 107358 0
80 54 107421 0
61 66 107435 0
84 38 107508 1
17 85 107517 0
21 89 107535 0
101 46 107623 1
82 54 107708 0
33 65 107712 1
58 98 107729 0
16 85 107739 0
86 37 107801 1
64 98 107825 0
91 77 107839 1
102 47 108100 1
83 37 108131 1
15 81 108261 0
78 92 108264 0
76 57 108341 0
95 38 108391 1
100 44 108391 1
15 89 108471 0
97 40 108480 1
67 97 108502 0
57 89 108581 0
102 55 108617 1
74 39 108807 1
61 108 108809 0
25 95 108817 0
16 78 108830 0
70 78 108837 1
64 99 108842 0
46 109 108848 0
56 92 108977 0
74 37 109027 1
60 85 109114 1
60 98 109188 0
44 57 109214 1
97 67 109292 1
102 52 109351 1
61 44 109359 1
62 66 109372 0
58 89 109408 0
28 67 109717 1
24 89 109740 0
107 46 109772 1
99 43 109785 1
41 58 109801 1
82 38 109881 1
84 37 109927 1
72 97 109936 0
68 62 110003 0
98 38 110066 1
60 44 110086 1
62 98 110140 0
36 86 110326 0
20 88 110359 0
78 93 110414 0
98 42 110448 1
57 91 110531 0
79 56 110546 0
96 39 110566 1
94 37 110590 1
90 37 110623 1
91 37 110710 1
101 43 110720 1
61 99 110880 0
105 53 110915 1
33 64 110954 1
98 40 111082 1
67 42 111082 1
16 88 111123 0
34 64 111129 1
100 41 111200 1
61 98 111208 0
60 67 111253 0
83 39 111298 1
32 88 111350 0
31 65 111357 1
26 90 111375 0
17 80 111405 0
69 98 111423 0
49 55 111525 1
99 41 111566 1
34 63 111624 1
74 38 111791 1
101 51 111896 1
91 75 111931 1
58 96 112014 0
82 54 112060 0
47 54 112086 1
109 45 112101 1
69 60 112135 0
58 97 112152 0
73 96 112158 0
102 53 112158 1
93 38 112223 1
68 98 112251 0
67 98 112253 0
79 65 112363 0
73 113 112367 1
62 65 112391 0
101 44 112465 1
109 45 112499 0
24 89 112537 0
46 54 112600 1
69 78 112639 1
99 60 112661 1
103 48 112694 1
69 61 112834 0
86 36 112907 1
102 49 112922 1
73 38 112926 1
89 38 112931 1
72 58 113080 0
57 97 113107 0
25 92 113175 0
23 96 113190 0
100 43 113308 1
75 57 113361 0
95 39 113383 1
58 94 113435 0
15 80 113452 0
59 96 113472 0
18 80 113491 0
40 58 113532 1
37 85 113544 0
17 91 113671 0
57 94 113674 0
60 98 113752 0
79 63 113783 0
31 88 113788 0
20 91 113862 0
101 52 113865 1
65 63 113912 0
31 89 114040 0
82 37 114045 1
31 94 114056 0
30 90 114059 0
94 38 114170 1
103 45 114179 1
91 39 114216 1
61 43 114258 1
79 37 114283 1
98 38 114289 1
66 41 114311 1
21 87 114370 0
17 83 114506 0
102 54 114615 1
18 84 114708 0
64 98 114774 0
29 89 114863 0
56 90 114921 0
97 64 114976 1
57 91 115095 0
24 89 115212 0
21 88 115222 0
98 31 115274 1
56 91 115309 0
69 97 115621 0
77 94 115646 0
27 89 115701 0
43 79 115766 0
69 41 115766 1
96 69 115884 1
72 38 116135 1
67 98 116138 0
102 48 116220 1
77 70 116363 0
15 81 116631 0
20 88 116737 0
101 57 116755 1
23 88 117012 0
98 38 117026 1
73 113 117034 0
71 96 117047 0
28 89 117060 0
71 60 117071 0
65 42 117193 1
82 54 117206 0
65 43 117480 1
69 99 117530 0
68 100 117649 0
73 97 117650 0
17 85 117726 0
93 37 117792 1
102 51 117935 1
34 88 117950 0
18 84 118089 0
116 101 118092 0
60 98 118135 0
69 62 118158 0
17 79 118177 0
16 80 118179 0
56 90 118181 1
61 85 118195 1
101 55 118197 1
17 84 118233 0
16 85 118240 0
97 41 118361 1
17 86 118540 0
91 32 118728 1
81 38 118728 1
3 63 118848 0
58 47 118924 1
24 89 119113 0
102 50 119255 1
61 99 119329 0
15 83 119337 0
10 91 119422 0
96 38 119546 1
24 90 119625 0
22 89 119625 0
58 112 119628 0
99 42 119649 1
94 72 119682 1
64 43 119734 1
60 103 119755 0
74 58 119777 0
17 81 119906 0
30 88 119989 0
81 58 120029 0
57 92 120037 0
80 38 120061 1
57 93 120151 0
56 96 120200 0
98 38 120380 1
23 88 120451 0
19 88 120529 0
43 81 120548 0
67 98 120680 0
35 85 120690 0
63 106 120696 0
81 55 120697 0
16 87 120736 0
17 87 120738 0
65 103 120885 0
5 97 120994 0
56 70 121020 0
18 85 121180 0
48 53 121277 1
56 92 121341 0
73 58 121386 0
63 43 121664 1
95 38 121725 1
99 62 121755 1
60 67 121832 0
90 79 121867 1
92 37 121902 1
42 56 122020 1
56 46 122084 1
102 45 122193 1
102 46 122266 1
26 90 122306 0
109 45 122454 1
98 38 122571 1
109 45 122642 0
101 42 122801 1
35 63 122912 1
60 98 122927 0
33 63 122991 1
83 38 123135 1
82 57 123166 0
29 67 123207 1
34 53 123409 1
100 42 123437 1
102 47 123539 1
7 28 123604 1
67 41 123699 1
21 75 123811 1
73 39 123977 1
90 77 124011 1
1 48 124030 1
72 40 124039 1
68 98 124088 0
42 58 124098 1
98 41 124121 1
69 79 124186 1
97 40 124223 1
25 89 124227 0
102 52 124271 1
64 82 124277 1
62 44 124334 1
44 81 124373 0
101 45 124388 1
35 62 124426 1
80 57 124525 0
57 93 124561 0
109 45 124580 1
79 54 124580 0
109 45 124621 0
103 53 124631 1
71 59 124689 0
77 67 124696 0
45 56 124716 1
55 96 124740 0
77 68 124771 0
98 38 124802 1
89 37 124833 1
98 40 124876 1
77 39 124969 1
18 89 124988 0
84 53 125012 0
17 81 125016 0
76 94 125023 0
18 85 125171 0
60 97 125257 0
98 39 125299 1
88 37 125331 1
97 39 125343 1
99 63 125506 1
78 39 125555 1
101 44 125574 1
122 47 125579 1
97 43 125579 1
109 79 125617 1
82 52 125623 0
78 38 125641 1
75 39 125825 1
37 87 125890 0
57 95 125897 0
72 96 126005 0
85 37 126013 1
25 88 126062 0
82 56 126164 0
64 109 126178 0
77 93 126180 0
83 55 126211 0
15 81 126229 0
102 49 126230 1
31 67 126247 1
57 90 126298 0
64 101 126326 0
56 98 126331 0
86 38 126385 1
59 97 126418 0
71 97 126443 0
18 95 126499 0
87 37 126528 1
78 64 126537 0
35 86 126544 0
59 96 126558 0
26 89 126614 0
59 67 126624 0
32 87 126635 0
66 82 126712 1
87 82 126788 1
59 108 126808 0
18 87 126814 0
76 93 126819 0
64 98 126848 0
81 61 126871 0
5 88 126880 0
82 59 126887 0
79 62 126927 0
74 96 126937 0
58 96 126939 0
78 66 126963 0
46 82 126966 0
58 94 126982 0
3 85 126986 0
62 98 126987 0
5 96 126987 0
37 89 126995 0
47 55 127020 1
13 62 127047 0
38 101 127049 0
85 38 127052 1
81 59 127057 0
77 66 127068 0
12 66 127075 0
13 81 127078 0
34 89 127079 0
67 98 127115 0
57 96 127138 0
18 84 127174 0
81 56 127222 0
77 37 127228 1
98 64 127271 1
99 41 127281 1
24 89 127313 0
88 38 127323 1
59 66 127329 0
64 97 127335 0
43 80 127412 0
7 51 127454 0
21 90 127477 0
55 70 127492 0
56 93 127562 0
26 93 127567 0
76 69 127571 0
58 99 127577 0
19 94 127587 0
31 87 127617 0
23 88 127672 0
82 58 127677 0
76 37 127747 1
18 91 127764 0
17 78 127830 0
17 80 127855 0
56 90 127895 0
64 64 127923 0
76 56 127930 0
13 92 127943 0
57 91 127979 0
11 82 128007 0
79 38 128037 1
32 88 128047 0
7 28 128055 0
57 108 128057 0
21 41 128118 1
21 88 128118 0
66 62 128124 0
109 68 128151 1
39 83 128156 0
18 78 128159 0
94 37 128176 1
60 97 128188 0
67 97 128228 0
98 38 128241 1
101 43 128261 1
18 80 128316 0
62 42 128525 1
21 87 128572 0
61 98 128626 0
102 44 128627 1
37 86 128651 0
18 85 128692 0
57 93 128722 0
59 104 128754 0
57 68 128755 0
56 94 128801 0
80 37 128805 1
17 77 128840 0
54 47 128846 1
82 38 128995 1
82 54 129007 0
17 87 129126 0
100 59 129154 1
16 84 129232 0
75 38 129264 1
62 43 129285 1
83 52 129347 0
57 92 129422 0
93 37 129437 1
63 44 129443 1
97 38 129506 1
17 81 129557 0
72 39 129576 1
102 43 129613 1
91 37 129641 1
91 76 129700 1
46 78 129707 0
99 61 129790 1
101 56 129922 1
18 83 129961 0
25 88 129987 0
90 36 130032 1
66 98 130163 0
76 39 130184 1
98 31 130186 1
98 38 130341 1
17 83 130421 0
84 38 130422 1
102 60 130431 0
102 53 130431 1
60 99 130485 0
92 36 130547 1
28 89 130565 0
102 48 130619 1
63 98 130855 0
102 46 130945 1
90 37 130995 1
76 38 131031 1
55 46 131039 1
78 37 131059 1
65 64 131138 0
48 78 131176 0
60 97 131182 0
20 88 131220 0
57 70 131266 0
43 100 131316 0
44 56 131318 1
93 71 131333 1
42 80 131703 0
34 86 131705 0
56 90 131717 1
27 89 131745 0
60 98 131754 0
100 41 131824 1
5 61 131918 1
64 42 132015 1
17 85 132017 0
99 40 132023 1
64 41 132119 1
65 98 132141 0
81 37 132190 1
100 42 132242 1
93 36 132601 1
56 48 132642 1
29 89 132662 0
15 81 132702 0
76 95 132783 0
16 79 132807 0
33 87 132810 0
95 38 132851 1
81 60 132874 0
7 76 132875 0
53 107 132888 0
91 36 132997 1
98 38 133036 1
32 64 133266 1
99 42 133267 1
73 37 133299 1
83 37 133442 1
43 57 133463 1
100 60 133487 1
23 89 133517 0
66 98 133519 0
18 85 133537 0
23 73 133656 1
18 83 133797 0
98 63 133855 1
102 37 133871 1
68 79 133881 1
88 81 134014 1
63 98 134242 0
36 63 134304 1
18 81 134445 0
23 88 134474 0
92 76 134478 1
95 69 134672 1
44 80 134746 0
65 62 134818 0
66 42 134822 1
60 97 134948 0
58 95 135024 0
5 61 135032 1
95 37 135178 1
98 38 135182 1
69 99 135202 0
75 93 135246 0
106 55 135306 1
63 82 135341 1
104 50 135384 1
12 0 135461 1
83 31 135469 1
61 96 135472 0
25 89 135666 0
96 38 135683 1
46 9 135706 1
20 86 135724 0
81 35 135750 1
41 10 135780 1
53 48 135790 1
125 113 135823 1
15 83 135863 0
74 38 135949 1
80 35 135990 1
19 118 136009 1
94 0 136016 1
86 37 136199 1
54 49 136201 1
102 51 136206 1
98 40 136227 1
82 59 136231 0
96 36 136315 1
65 98 136397 0
97 40 136420 1
57 46 136578 1
101 44 136641 1
74 39 136656 1
65 41 136675 1
55 47 136684 1
17 87 136739 0
102 54 136808 1
71 39 136829 1
99 60 136831 1
57 88 136884 0
60 67 136925 0
66 98 136970 0
15 81 137036 0
99 39 137078 1
17 81 137209 0
95 68 137282 1
57 93 137315 0
69 97 137330 0
102 52 137386 1
71 40 137397 1
23 72 137523 1
102 45 137532 1
102 56 137583 1
104 47 137591 1
18 89 137619 0
32 65 137676 1
100 40 137720 1
96 37 137723 1
77 38 137770 1
23 89 137796 0
83 38 137822 1
101 46 137822 1
104 49 137877 1
79 65 137934 0
83 54 137936 0
93 73 137947 1
81 53 138001 0
97 39 138027 1
76 67 138043 0
41 57 138047 1
37 7 138122 0
92 37 138145 1
63 98 138205 0
96 68 138229 1
55 93 138236 0
17 89 138248 0
80 38 138268 1
16 88 138272 0
81 38 138283 1
98 38 138294 1
99 64 138296 1
98 39 138297 1
29 88 138301 0
41 86 138316 0
88 37 138390 1
74 57 138396 0
91 74 138444 1
21 89 138461 0
13 91 138503 0
38 62 138540 1
57 89 138591 0
25 90 138608 0
118 29 138609 1
73 74 138617 0
89 37 138730 1
82 52 138754 0
93 34 138758 1
84 53 138758 0
77 69 138846 0
45 79 138854 0
67 98 138864 0
57 94 139005 0
47 77 139023 0
58 89 139050 0
15 81 139050 0
73 58 139084 0
18 81 139089 0
65 82 139094 1
33 88 139145 0
102 49 139207 1
5 71 139209 0
19 93 139230 0
102 46 139236 1
87 38 139236 1
58 94 139243 0
58 95 139278 0
48 54 139288 1
94 37 139292 1
84 37 139310 1
82 37 139337 1
70 97 139442 0
63 83 139486 1
42 57 139500 1
15 90 139513 0
102 55 139573 1
16 95 139591 0
26 89 139594 0
43 58 139599 1
64 98 139601 0
24 89 139651 0
55 94 139669 0
71 58 139750 0
71 77 139808 1
91 37 139890 1
37 7 139957 0
71 61 139968 0
74 95 140027 0
31 88 140066 0
64 97 140155 0
66 98 140155 0
59 97 140166 0
18 83 140188 0
60 97 140190 0
97 38 140224 1
30 88 140242 0
100 42 140259 1
93 37 140260 1
58 97 140285 0
18 84 140303 0
101 43 140323 1
57 95 140326 0
98 38 140343 1
102 44 140356 1
68 61 140366 0
59 96 140381 0
102 40 140413 1
25 88 140425 0
58 88 140443 0
103 51 140491 1
79 66 140609 0
79 53 140647 0
101 42 140658 1
77 39 140659 1
65 98 140670 0
48 75 140708 0
102 53 140750 1
57 69 140820 0
23 95 140882 0
15 79 140885 0
50 95 140892 0
62 65 140924 0
78 65 140952 0
20 86 140974 0
53 96 141052 0
87 37 141087 1
77 55 141140 0
24 88 141156 0
77 56 141160 0
71 96 141173 0
36 62 141182 1
46 77 141191 0
98 40 141210 1
66 99 141313 0
63 65 141317 0
32 88 141320 0
18 85 141334 0
68 98 141336 0
13 78 141340 0
67 97 141368 0
54 102 141391 0
21 87 141404 0
69 97 141409 0
30 91 141420 0
57 91 141476 0
56 90 141508 0
40 82 141537 0
75 37 141579 1
19 90 141619 0
49 105 141624 0
18 80 141641 0
79 37 141688 1
17 88 141703 0
18 98 141711 0
32 92 141714 0
55 97 141719 0
17 85 141728 0
99 40 141756 1
100 41 141804 1
73 62 141816 0
58 96 141824 0
68 60 141833 0
54 71 141878 0
85 38 141888 1
98 38 141893 1
57 92 142014 0
0 78 142024 0
54 72 142029 0
81 53 142095 0
47 54 142108 1
28 89 142181 0
64 43 142183 1
39 84 142215 0
83 52 142215 0
49 76 142229 0
72 96 142233 0
90 37 142265 1
21 88 142274 0
63 42 142308 1
19 85 142311 0
56 91 142320 0
13 90 142330 0
18 94 142335 0
101 44 142336 1
63 98 142359 0
57 90 142382 0
23 89 142457 0
49 54 142516 1
66 81 142518 1
82 38 142523 1
17 80 142613 0
14 83 142737 0
18 81 142778 0
38 84 142786 0
29 88 142791 0
95 38 142824 1
46 56 142915 1
43 92 142948 0
58 95 142951 0
65 43 142955 1
72 59 142964 0
78 54 143017 0
15 87 143028 0
81 54 143056 0
64 99 143064 0
57 99 143066 0
19 91 143083 0
99 41 143090 1
61 97 143093 0
31 92 143150 0
23 88 143151 0
59 95 143167 0
6 83 143222 0
73 59 143231 0
29 90 143250 0
67 61 143316 0
58 93 143367 0
84 38 143384 1
19 86 143411 0
71 59 143501 0
66 98 143538 0
98 38 143596 1
103 44 143633 1
17 84 143643 0
61 96 143697 0
56 69 143732 0
74 14 143762 0
96 38 143814 1
67 42 143871 1
32 87 143886 0
68 41 143958 1
27 89 144062 0
102 43 144081 1
5 61 144186 1
56 90 144279 1
70 97 144296 0
24 88 144320 0
85 37 144333 1
18 77 144422 0
60 97 144484 0
18 86 144586 0
47 53 144593 1
58 94 144679 0
46 55 144680 1
46 54 144702 1
34 63 144974 1
35 63 144986 1
17 79 144991 0
20 87 145023 0
57 93 145058 0
21 73 145068 1
80 63 145071 0
56 95 145141 0
19 81 145183 0
75 39 145400 1
37 85 145503 0
98 38 145536 1
62 96 145545 0
95 37 145585 1
56 90 145628 0
103 49 145695 1
53 49 145724 1
65 98 145768 0
45 54 145822 1
102 54 145897 1
95 70 146044 1
37 7 146052 1
19 85 146060 0
20 86 146218 0
61 97 146274 0
62 97 146297 0
22 89 146300 0
69 60 146331 0
25 88 146383 0
69 40 146429 1
59 95 146532 0
62 44 146582 1
94 94 146670 1
91 36 146728 1
60 45 146734 1
101 41 146857 1
19 87 146860 0
98 66 146881 1
25 90 146907 0
83 37 146959 1
18 83 146983 0
89 36 146983 1
19 86 147015 0
103 41 147028 1
98 39 147059 1
97 65 147092 1
102 45 147098 1
63 43 147123 1
98 38 147151 1
55 48 147194 1
46 76 147200 0
87 17 147205 1
60 44 147415 1
97 39 147446 1
78 38 147461 1
32 63 147521 1
75 38 147598 1
65 42 147600 1
17 87 147632 0
101 45 147734 1
48 48 147853 1
24 88 147943 0
18 82 148020 0
18 78 148135 0
43 82 148193 0
73 39 148272 1
34 64 148290 1
23 89 148462 0
70 40 148503 1
68 42 148529 1
79 63 148554 0
17 81 148692 0
33 64 148725 1
82 53 148730 0
58 93 148741 0
20 87 148767 0
95 28 148862 1
81 37 148927 1
94 71 149070 1
92 36 149083 1
93 33 149092 1
76 38 149112 1
78 57 149138 0
29 88 149167 0
66 98 149282 0
81 53 149306 0
18 86 149480 0
93 36 149488 1
25 89 149494 0
44 55 149555 1
101 57 149605 1
18 81 149694 0
58 95 149778 0
61 44 149797 1
61 65 149859 0
62 97 149887 0
98 38 150044 1
69 39 150105 1
109 68 150158 1
86 37 150329 1
54 48 150349 1
33 63 150486 1
94 37 150530 1
15 81 150560 0
89 39 150622 1
61 42 150709 1
50 53 150806 1
102 52 150880 1
102 46 150912 1
61 97 150961 0
80 37 151024 1
63 98 151070 0
45 55 151099 1
53 50 151222 1
19 86 151369 0
93 35 151456 1
22 91 151585 0
90 78 151634 1
70 97 151655 0
19 87 151686 0
92 74 151815 1
82 52 151871 0
78 39 151997 1
74 95 152188 0
18 82 152189 0
68 40 152209 1
19 85 152386 0
98 65 152390 1
89 38 152493 1
75 95 152776 0
64 97 152778 0
101 39 152823 1
54 96 152846 0
56 89 152877 0
85 36 152946 1
82 55 153001 0
100 38 153008 1
57 47 153042 1
75 56 153042 0
59 95 153068 0
18 88 153104 0
59 96 153257 0
29 89 153480 0
20 87 153722 0
57 94 153756 0
82 53 153790 0
19 84 153847 0
37 87 154067 0
62 97 154070 0
74 74 154178 0
45 81 154184 0
18 84 154207 0
59 45 154308 1
15 84 154377 0
16 85 154437 0
42 82 154494 0
80 62 154525 0
66 65 154565 0
12 91 154649 0
57 101 154653 0
18 86 154679 0
65 65 154799 0
15 93 154805 0
51 99 154813 0
76 70 154833 0
0 0 154852 0
21 87 154852 0
44 57 154885 1
74 73 154937 0
24 88 154974 0
19 82 155119 0
32 88 155273 0
79 38 155379 1
98 38 155521 1
73 75 155879 0
19 89 155958 0
78 92 155969 0
15 81 156008 0
56 95 156301 0
104 45 156304 1
72 58 156499 0
31 87 156579 0
16 88 156595 0
72 95 156625 0
16 81 156760 0
33 86 156885 0
19 87 156893 0
37 7 156930 1
18 82 157036 0
19 86 157054 0
16 78 157136 0
19 80 157139 0
18 89 157168 0
76 93 157277 0
19 77 157387 0
18 85 157434 0
58 92 157435 0
62 98 157572 0
101 60 157616 1
96 67 157637 1
94 36 157676 1
13 78 157739 0
68 97 157741 0
57 45 157813 1
25 90 157900 0
77 95 157902 0
12 73 157923 0
101 43 158187 1
93 37 158493 1
74 37 158624 1
72 28 158856 1
100 42 158957 1
65 81 158978 1
82 53 159020 0
70 96 159146 0
111 90 159336 1
71 99 159385 0
75 94 159414 0
51 75 159420 0
101 55 159482 1
83 38 159589 1
75 73 159592 0
60 96 159705 0
61 97 159758 0
20 88 160090 0
18 87 160269 0
57 45 160389 1
81 38 160611 1
103 48 160706 1
99 40 160731 1
69 98 160855 0
89 80 160865 1
99 38 161056 1
19 84 161123 0
78 35 161518 1
15 81 161755 0
74 38 161898 1
56 90 162172 1
100 41 162453 1
103 47 162776 1
57 45 162782 1
108 37 162869 1
98 40 162891 1
76 39 162896 1
18 86 162944 0
88 37 162954 1
64 63 163026 0
95 93 163039 1
106 49 163051 1
89 37 163450 1
65 98 163591 0
84 37 163651 1
60 96 163684 0
90 36 163715 1
101 42 163901 1
103 42 163924 1
102 53 163935 1
82 37 164053 1
58 92 164086 0
98 38 164111 1
96 37 164163 1
77 37 164182 1
120 38 164264 1
56 44 164287 1
91 37 164396 1
62 83 164650 1
82 55 164700 0
102 44 164764 1
64 82 164836 1
99 62 164911 1
37 7 164913 0
104 38 164915 1
69 97 164933 0
87 37 164958 1
84 53 165023 0
82 58 165040 0
74 14 165044 1
97 38 165046 1
99 61 165079 1
64 42 165081 1
62 97 165104 0
83 53 165206 0
55 69 165211 0
83 55 165222 0
76 56 165232 0
98 63 165244 1
68 97 165256 0
19 87 165271 0
102 42 165466 1
67 61 165596 0
15 83 165730 0
75 56 165760 0
64 65 165867 0
83 86 165900 1
103 50 165918 1
77 92 165937 0
99 31 166010 1
57 109 166055 1
57 45 166055 1
105 25 166103 1
79 65 166138 0
73 38 166154 1
56 90 166169 0
20 87 166203 0
77 93 166249 0
60 97 166273 0
67 97 166320 0
18 80 166354 0
98 39 166370 1
77 38 166413 1
82 59 166441 0
100 61 166522 1
48 48 166570 0
60 96 166662 0
49 53 166731 1
15 81 166751 0
41 82 166797 0
97 69 166805 1
57 91 166811 0
69 41 166833 1
9 91 166868 0
21 93 166889 0
61 96 166891 0
101 56 166897 1
28 89 166942 0
18 76 166970 0
23 88 166976 0
37 62 166981 1
71 97 167130 0
80 38 167158 1
58 89 167217 0
56 95 167244 0
30 88 167254 0
96 38 167256 1
102 43 167265 1
58 93 167297 0
97 39 167316 1
75 36 167426 1
93 72 167467 1
90 37 167575 1
93 108 167612 0
92 37 167619 1
84 38 167636 1
48 76 167664 0
62 96 167679 0
95 37 167683 1
102 45 167727 1
83 52 167756 0
73 96 167847 0
58 45 167967 1
82 53 168076 0
57 92 168117 0
25 87 168137 0
99 39 168197 1
58 94 168214 0
57 45 168221 1
66 98 168232 0
25 88 168232 0
67 62 168255 0
47 78 168257 0
78 37 168304 1
103 49 168374 1
88 38 168440 1
102 46 168476 1
64 97 168527 0
72 97 168553 0
79 66 168618 0
26 89 168701 0
48 53 168786 1
100 40 168813 1
58 68 168825 0
66 42 168848 1
98 38 168858 1
35 62 168861 1
87 36 168861 1
93 36 168862 1
67 40 168868 1
18 82 168907 0
60 96 168952 0
85 38 169043 1
70 97 169054 0
17 85 169235 0
72 39 169241 1
31 88 169252 0
63 96 169259 0
94 37 169286 1
58 46 169305 1
23 94 169354 0
67 98 169359 0
91 76 169397 1
59 95 169404 0
18 83 169460 0
43 56 169515 1
20 86 169521 0
58 88 169527 0
103 51 169531 1
24 72 169624 1
82 38 169682 1
59 88 169713 0
57 90 169738 0
101 44 169744 1
92 40 169746 1
58 95 169762 0
21 87 169772 0
70 60 169783 0
101 58 169808 1
19 86 169857 0
46 77 169863 0
109 45 169863 1
44 78 169876 0
66 41 169928 1
19 85 169945 0
34 62 169951 1
57 45 169961 1
15 81 169991 0
29 45 169991 0
29 88 169991 0
64 98 170041 0
100 41 170108 1
70 41 170135 1
52 98 170145 0
103 52 170154 1
67 41 170154 1
79 37 170163 1
54 70 170234 0
100 59 170236 1
24 88 170318 0
49 75 170319 0
61 65 170364 0
57 93 170386 0
58 92 170420 0
99 40 170490 1
37 61 170509 1
18 81 170677 0
102 54 170679 1
98 64 170732 1
20 92 170834 0
62 97 170997 0
60 96 171002 0
85 37 171214 1
61 66 171219 0
83 53 171232 0
61 97 171243 0
92 36 171365 1
58 90 171485 0
67 80 171631 1
69 61 171640 0
68 97 171711 0
23 89 171727 0
22 73 171727 1
86 37 171741 1
18 84 171771 0
70 78 171775 1
57 45 171874 1
64 43 171898 1
99 63 172096 1
17 80 172125 0
57 96 172152 0
59 98 172196 0
30 97 172199 0
24 89 172200 0
32 88 172200 0
21 88 172220 0
79 55 172223 0
100 60 172235 1
80 54 172247 0
31 89 172248 0
71 40 172274 1
33 87 172386 0
62 103 172414 0
62 43 172434 1
56 92 172448 0
16 88 172471 0
16 90 172482 0
51 110 172589 0
17 78 172600 0
95 93 172613 0
15 81 172633 0
68 54 172637 1
66 62 172841 0
70 96 172842 0
60 96 172935 0
74 72 172944 0
17 109 172972 0
15 91 173086 0
30 87 173095 0
15 70 173151 0
76 94 173210 0
25 89 173262 0
80 63 173364 0
55 70 173381 0
59 66 173384 0
17 83 173391 0
76 37 173579 1
71 96 173592 0
74 14 173594 1
83 54 173596 0
57 95 173615 0
78 66 173647 0
51 96 173650 0
16 96 173657 0
15 94 173665 0
75 57 173673 0
82 52 173674 0
18 93 173807 0
82 88 173858 1
14 91 173887 0
79 36 173936 1
35 85 173964 0
103 48 173967 1
57 45 174067 1
64 64 174070 0
12 86 174098 0
22 72 174194 1
19 81 174301 0
19 84 174476 0
18 80 174747 0
63 98 174852 0
62 65 174913 0
28 88 174919 0
43 79 174959 0
20 89 175027 0
60 96 175032 0
72 95 175059 0
82 55 175086 0
16 86 175134 0
103 46 175239 1
4 86 175260 0
18 97 175448 0
32 89 175467 0
59 97 175478 0
40 83 175522 0
18 86 175567 0
78 93 175652 0
19 87 175654 0
69 97 175765 0
93 37 175879 1
56 68 175988 0
101 42 176006 1
102 57 176086 1
57 45 176102 1
65 115 176218 0
60 98 176225 0
61 43 176296 1
96 37 176330 1
97 38 176392 1
23 102 176403 0
17 81 176440 0
102 44 176492 1
94 36 176553 1
20 99 176695 0
81 53 176922 0
29 91 176946 0
58 96 176976 0
88 36 177132 1
71 104 177228 0
58 90 177313 0
101 41 177379 1
29 92 177386 0
19 88 177392 0
98 39 177396 1
71 98 177450 0
83 37 177523 1
103 45 177615 1
15 81 177645 0
60 96 177664 0
95 36 177778 1
25 90 177798 0
98 38 177808 1
50 75 177837 0
75 94 177926 0
91 36 177977 1
121 98 178024 0
59 96 178039 0
103 47 178120 1
22 88 178211 0
75 93 178230 0
67 97 178315 0
21 85 178342 0
57 89 178376 0
97 37 178403 1
79 54 178442 0
79 91 178446 0
57 45 178489 1
61 96 178560 0
62 96 178578 0
91 77 178663 1
92 75 178671 1
101 59 178739 1
68 80 178821 1
102 55 178872 1
102 43 178928 1
60 96 178954 0
72 96 178974 0
83 36 178986 1
59 44 179128 1
83 51 179135 0
64 97 179205 0
76 38 179225 1
81 37 179318 1
90 36 179431 1
95 37 179470 1
77 55 179471 0
88 37 179475 1
32 87 179544 0
75 38 179604 1
28 88 179630 0
76 55 179688 0
83 52 179706 0
20 87 179770 0
89 36 179797 1
60 96 179806 0
89 37 179858 1
58 93 179881 0
19 104 179932 0
74 57 179994 0
25 88 179995 0
30 88 179997 0
103 50 180038 1
63 96 180054 0
94 34 180078 1
63 103 180164 0
102 56 180199 1
95 69 180200 1
68 61 180323 0
100 40 180324 1
68 60 180336 0
15 97 180380 0
26 88 180447 0
83 53 180525 0
58 94 180559 0
19 82 180576 0
57 45 180652 1
100 41 180664 1
103 49 180691 1
75 37 180718 1
102 52 180749 1
18 82 180771 0
58 44 180827 1
18 78 180842 0
36 62 180845 1
60 96 180877 0
59 92 180880 0
25 87 180919 0
91 37 180932 1
20 85 180939 0
23 88 180958 0
58 92 180970 0
81 61 180978 0
59 67 181062 0
80 37 181143 1
8 14 181176 0
69 78 181196 1
77 39 181196 1
39 82 181224 0
79 38 181229 1
63 43 181265 1
84 37 181266 1
98 38 181340 1
80 36 181356 1
77 37 181358 1
102 42 181377 1
81 36 181395 1
99 40 181418 1
75 72 181424 0
31 87 181442 0
87 37 181482 1
59 95 181504 0
82 57 181511 0
48 54 181519 1
39 83 181521 0
46 78 181576 0
14 98 181583 0
103 48 181608 1
100 35 181667 1
60 96 181714 0
84 53 181732 0
47 55 181760 1
47 54 181760 1
103 53 181790 1
19 80 181818 0
81 62 181885 0
70 39 181921 1
103 51 181953 1
34 63 181973 1
21 87 182017 0
20 86 182081 0
98 37 182149 1
56 95 182195 0
99 60 182212 1
96 68 182227 1
57 45 182249 1
82 37 182294 1
18 83 182314 0
78 54 182391 0
102 44 182397 1
58 89 182419 0
65 42 182423 1
93 36 182425 1
65 36 182468 1
65 43 182468 1
102 53 182473 1
18 77 182493 0
98 40 182494 1
67 96 182537 0
60 96 182563 0
33 62 182599 1
18 85 182614 0
18 81 182615 0
97 39 182669 1
19 83 182714 0
98 39 182759 1
19 85 182789 0
94 36 182816 1
43 55 182844 1
79 63 182897 0
37 83 182925 0
99 39 182974 1
65 63 183190 0
47 53 183213 1
57 91 183262 0
79 65 183300 0
60 96 183367 0
97 38 183385 1
81 38 183398 1
61 96 183560 0
43 57 183591 1
71 60 183640 0
13 78 183668 0
82 53 183760 0
75 56 183806 0
24 88 183836 0
68 97 183867 0
36 61 183907 1
94 37 183973 1
29 88 184015 0
57 45 184020 1
41 58 184057 1
64 81 184112 1
71 58 184116 0
60 96 184124 0
48 75 184136 0
35 63 184137 1
28 88 184229 0
102 54 184291 1
70 98 184305 0
26 88 184317 0
66 81 184363 1
67 42 184384 1
58 90 184445 0
95 71 184465 1
97 66 184619 1
96 37 184638 1
60 43 184643 1
69 59 184778 0
26 94 184789 0
19 86 184804 0
69 97 184818 0
60 96 184907 0
22 88 184922 0
103 45 185034 1
91 75 185075 1
102 45 185158 1
38 84 185172 0
96 34 185211 1
20 85 185261 0
71 38 185271 1
37 7 185326 1
42 58 185378 1
100 39 185394 1
18 80 185541 0
57 92 185545 0
79 37 185567 1
65 99 185602 0
82 52 185629 0
60 96 185655 0
57 45 185745 1
99 65 185875 1
70 96 186273 0
90 37 186347 1
70 40 186362 1
68 41 186523 1
60 96 186526 0
74 56 186549 0
62 96 186589 0
32 88 186621 0
83 38 186654 1
78 38 186655 1
74 95 186676 0
60 66 186691 0
78 36 186770 1
71 39 186773 1
99 62 186848 1
72 38 186898 1
68 96 186913 0
92 36 186917 1
23 72 186959 1
25 88 186969 0
19 83 186999 0
14 88 187097 0
73 39 187204 1
36 63 187236 1
34 86 187305 0
60 97 187307 0
17 82 187334 0
64 63 187383 0
19 84 187496 0
91 35 187546 1
60 96 187655 0
42 86 187710 0
83 87 187755 1
31 88 187757 0
57 45 187829 1
33 88 187883 0
18 84 187899 0
83 37 187989 1
92 35 188035 1
86 36 188036 1
103 54 188074 1
56 70 188138 0
49 54 188168 1
26 88 188257 0
60 96 188471 0
73 57 188485 0
82 55 188491 0
69 101 188500 0
79 53 188831 0
88 27 188887 1
63 97 188949 0
68 38 188979 1
95 72 188979 1
17 77 189010 0
62 97 189068 0
87 36 189137 1
64 42 189296 1
103 46 189302 1
60 96 189322 0
95 36 189566 1
101 41 189687 1
103 47 189697 1
57 45 189714 1
30 87 189726 0
102 43 189752 1
65 82 189769 1
102 41 189777 1
109 48 189798 1
109 45 189879 1
98 38 189979 1
91 36 190072 1
95 37 190141 1
60 96 190160 0
109 45 190204 0
73 95 190232 0
76 55 190272 0
103 49 190314 1
101 42 190315 1
57 94 190399 0
95 35 190438 1
80 60 190508 0
60 44 190565 1
71 59 190657 0
97 37 190687 1
60 96 190781 0
97 67 190821 1
99 64 190860 1
101 36 190865 1
24 71 190883 1
91 34 190892 1
102 39 190921 1
74 36 190940 1
63 42 190949 1
5 37 190952 1
103 52 191016 1
62 64 191021 0
85 36 191076 1
71 96 191109 0
22 88 191124 0
103 48 191164 1
62 44 191195 1
86 37 191252 1
78 92 191296 0
105 50 191313 1
107 44 191331 1
71 77 191393 1
17 57 191439 1
102 42 191495 1
102 38 191506 1
103 44 191520 1
60 96 191548 0
89 36 191582 1
77 38 191594 1
81 37 191615 1
77 92 191653 0
44 56 191674 1
100 40 191720 1
96 67 191721 1
67 97 191731 0
22 87 191745 0
85 37 191750 1
40 58 191792 1
76 93 191825 0
63 96 191859 0
104 48 191907 1
70 97 191946 0
64 97 191968 0
101 40 191971 1
97 38 191975 1
83 36 192023 1
102 46 192057 1
69 60 192071 0
7 28 192081 1
96 36 192103 1
60 96 192107 0
103 50 192154 1
98 31 192189 1
88 36 192244 1
61 97 192268 0
79 66 192275 0
92 33 192281 1
46 54 192288 1
103 45 192319 1
98 39 192323 1
96 37 192349 1
58 47 192376 1
29 89 192385 0
79 92 192471 0
103 43 192484 1
58 95 192495 0
99 39 192538 1
99 61 192558 1
56 47 192567 1
57 45 192596 1
102 44 192637 1
60 96 192645 0
69 96 192650 0
96 75 192656 1
93 36 192657 1
103 36 192664 1
103 51 192664 1
76 38 192700 1
65 97 192702 0
104 47 192758 1
83 51 192793 0
84 54 192924 0
75 39 192938 1
101 41 193044 1
60 96 193133 0
76 56 193160 0
94 36 193194 1
73 37 193199 1
90 35 193219 1
95 36 193310 1
64 41 193331 1
88 37 193346 1
106 47 193475 1
66 42 193527 1
56 69 193550 0
98 38 193574 1
19 81 193575 0
65 41 193581 1
80 62 193588 0
20 85 193592 0
28 88 193593 0
23 87 193594 0
60 96 193652 0
75 71 193738 0
18 82 193782 0
63 97 193861 0
61 44 193868 1
105 36 193910 1
102 43 193994 1
26 88 194006 0
25 87 194027 0
101 57 194037 1
58 94 194055 0
62 96 194103 0
60 96 194142 0
69 40 194230 1
72 58 194256 0
33 87 194283 0
33 86 194309 0
106 60 194315 1
3 77 194346 0
35 62 194348 1
21 85 194373 0
35 86 194390 0
19 83 194409 0
58 92 194442 0
67 96 194453 0
13 78 194465 0
84 36 194499 1
79 67 194561 0
20 86 194625 0
65 62 194631 0
80 65 194638 0
59 96 194650 0
74 37 194692 1
59 95 194731 0
103 47 194731 1
42 80 194734 0
60 96 194809 0
16 88 194933 0
19 78 194940 0
18 81 195016 0
21 87 195036 0
19 82 195051 0
103 49 195059 1
64 43 195109 1
59 88 195165 0
58 88 195186 0
7 96 195188 0
19 80 195206 0
62 100 195216 0
57 45 195246 1
58 93 195258 0
104 49 195260 1
77 93 195270 0
63 96 195398 0
57 93 195455 0
60 96 195457 0
32 87 195477 0
63 63 195482 0
58 90 195501 0
17 82 195544 0
92 36 195546 1
48 53 195580 1
104 46 195590 1
77 36 195616 1
22 87 195627 0
59 92 195719 0
78 67 195758 0
61 96 195780 0
42 57 195789 1
47 77 195886 0
19 77 195918 0
75 38 195944 1
58 89 195947 0
99 38 195982 1
65 97 196002 0
57 88 196009 0
100 39 196044 1
68 96 196068 0
78 37 196141 1
62 84 196184 1
73 38 196191 1
83 55 196264 0
57 46 196341 1
60 96 196342 0
60 45 196365 1
98 35 196370 1
31 87 196388 0
103 53 196405 1
81 52 196414 0
84 37 196458 1
103 48 196480 1
66 63 196676 0
37 87 196704 0
68 62 196709 0
101 37 196773 1
82 36 196775 1
23 87 196787 0
68 36 196789 1
30 88 196819 0
41 57 196875 1
63 82 196971 1
71 96 196984 0
83 52 197013 0
70 77 197054 1
19 76 197123 0
55 47 197188 1
66 41 197201 1
94 35 197218 1
18 80 197267 0
82 59 197397 0
77 69 197401 0
75 37 197481 1
70 96 197540 0
16 82 197560 0
91 36 197560 1
23 90 197651 0
66 80 197732 1
100 61 197735 1
72 95 197827 0
68 79 197887 1
69 96 197902 0
69 97 197930 0
80 37 197994 1
57 45 198053 1
77 70 198063 0
68 97 198071 0
67 97 198168 0
19 85 198171 0
67 61 198259 0
79 38 198266 1
103 46 198305 1
80 63 198397 0
23 71 198421 1
95 70 198546 1
29 88 198618 0
96 69 198648 1
48 77 198790 0
31 66 198799 1
63 97 198807 0
30 87 198866 0
32 88 198903 0
97 38 198938 1
18 78 198946 0
89 37 198949 1
37 62 198973 1
87 37 198992 1
99 63 199018 1
87 36 199027 1
0 0 199044 0
97 36 199137 1
50 52 199333 1
64 97 199352 0
94 72 199374 1
25 71 199375 1
22 87 199403 0
37 60 199423 1
105 48 199442 1
55 48 199476 1
65 98 199534 0
46 55 199681 1
16 88 199685 0
28 92 199737 0
17 79 199747 0
74 60 199767 0
115 50 199768 1
49 52 199778 1
19 86 199782 0
19 84 199789 0
65 81 199805 1
22 88 199826 0
63 43 199828 1
38 61 199859 1
13 99 199887 0
35 61 199910 1
26 88 199972 0
25 87 199979 0
0 0 200010 0
