73 89 0 0
74 57 66 0
74 82 66 0
24 83 88 0
75 71 95 0
90 104 363 1
89 79 397 1
74 85 406 0
51 47 568 1
53 69 587 0
15 84 775 0
23 83 1014 0
89 113 1061 1
41 78 1161 0
72 94 1225 0
5 71 1361 0
74 84 1655 0
79 120 1824 0
13 86 1911 0
95 11 1941 0
38 77 1987 0
76 56 2138 0
88 90 2171 1
6 69 2224 1
89 32 2284 1
5 72 2497 0
90 65 2680 1
90 106 2865 1
90 103 2889 1
27 81 2918 0
30 81 2929 0
89 82 2935 1
7 84 2954 0
90 75 3077 1
74 107 3083 0
87 98 3085 1
75 83 3123 0
18 85 3365 0
74 104 3453 0
73 93 3463 0
81 31 3484 1
85 119 3539 0
74 113 3626 0
75 62 3712 0
90 56 3797 1
89 74 3937 1
35 79 3979 0
19 84 4124 0
118 0 4254 0
73 55 4341 0
74 106 4666 0
72 19 4877 0
12 86 4902 0
54 69 4948 0
15 85 5082 0
90 54 5155 1
12 66 5358 1
10 85 5378 0
51 70 5400 0
73 87 5446 0
5 84 5642 0
73 113 5646 0
87 97 5808 1
75 77 5991 0
5 71 6065 0
90 109 6097 1
90 57 6262 1
63 40 6433 1
75 63 6488 0
115 53 6501 0
76 115 6644 0
42 95 6731 1
5 72 6833 0
87 94 7019 1
90 61 7042 1
80 121 7181 0
67 59 7230 0
11 85 7338 0
35 80 7443 0
4 81 7618 0
73 94 8007 0
32 79 8029 0
74 34 8267 1
90 59 8424 1
65 60 8453 0
74 107 8572 0
89 84 8635 1
17 86 8803 0
75 79 8832 0
89 66 8952 1
15 66 9095 1
75 61 9124 0
74 105 9125 0
88 102 9425 1
90 62 9485 1
12 52 9832 0
83 121 9836 0
73 113 9873 1
89 77 9889 1
85 120 9893 0
3 77 9917 0
16 65 9931 1
67 39 10012 1
89 104 10165 1
90 111 10235 1
89 33 10401 1
89 83 10493 1
90 34 10557 1
90 68 10654 1
74 58 10694 0
75 56 10753 0
90 105 10937 1
90 107 10985 1
90 81 11005 1
76 117 11040 1
90 78 11052 1
91 38 11061 1
89 80 11110 1
89 78 11119 1
29 82 11149 0
89 31 11226 1
90 71 11265 1
90 83 11368 1
90 44 11408 1
87 96 11437 1
74 114 11455 0
92 40 11463 1
75 72 11505 0
90 113 11510 1
74 102 11528 0
87 95 11538 1
87 93 11582 1
88 91 11628 1
75 85 11637 0
77 120 11644 0
78 120 11659 0
90 53 11677 1
88 99 11712 1
83 30 11713 1
88 32 11764 1
92 38 11786 1
65 40 11812 1
77 119 11812 0
89 85 11837 1
74 101 11850 0
82 121 11853 0
89 81 11854 1
90 48 11860 1
90 73 11868 1
88 87 11888 1
74 35 11892 1
87 30 11894 1
75 77 11908 0
78 119 11920 0
74 69 11922 0
87 92 11930 1
83 29 11972 1
10 68 12033 1
61 42 12045 1
90 58 12048 1
74 89 12050 0
76 68 12073 0
75 116 12080 0
76 59 12087 0
90 47 12090 1
73 91 12148 0
89 64 12164 1
88 101 12172 1
88 31 12175 1
90 49 12300 1
89 102 12354 1
91 39 12356 1
89 115 12470 1
90 52 12500 1
88 88 12522 1
75 55 12531 0
87 31 12585 1
73 103 12609 0
75 83 12632 0
74 109 12703 0
75 76 12725 0
90 80 12727 1
75 81 12750 0
90 33 12792 1
89 104 12830 1
89 75 12857 1
75 73 12892 0
89 53 12978 1
74 108 12980 0
75 84 12988 0
88 97 12988 1
90 67 13040 1
76 66 13052 0
91 44 13067 1
90 32 13071 1
7 67 13081 1
76 77 13085 0
87 99 13107 1
73 97 13110 0
87 94 13110 1
89 87 13114 1
90 63 13116 1
86 30 13153 1
91 35 13165 1
75 68 13167 0
90 69 13177 1
89 103 13212 1
84 120 13220 0
89 54 13254 1
91 106 13282 1
90 106 13303 1
90 64 13315 1
90 55 13318 1
90 74 13326 1
90 70 13370 1
75 66 13384 0
76 56 13392 0
88 100 13393 1
90 110 13402 1
90 54 13402 1
66 60 13405 0
89 51 13422 1
90 104 13422 1
29 83 13424 0
73 98 13435 0
91 34 13487 1
76 34 13488 1
91 37 13505 1
74 106 13547 0
75 79 13559 0
74 88 13570 0
80 120 13585 0
75 65 13681 0
87 90 13695 1
73 90 13697 0
91 46 13762 1
74 100 13785 0
91 108 13846 1
39 77 13868 0
74 93 13880 0
73 92 13904 0
71 56 13913 0
90 60 13934 1
74 110 13940 0
89 31 13948 1
40 77 13962 0
89 32 13965 1
74 111 13966 0
69 37 13997 1
50 71 14005 0
90 105 14042 1
90 50 14062 1
75 75 14108 0
89 71 14112 1
74 107 14113 0
89 77 14113 1
31 80 14149 0
91 36 14163 1
57 43 14163 1
87 96 14169 1
91 107 14181 1
33 80 14197 0
21 63 14233 1
90 103 14258 1
75 78 14267 0
17 87 14275 0
89 86 14280 1
90 56 14287 1
29 62 14289 1
91 45 14303 1
90 72 14350 1
73 100 14384 0
79 120 14399 0
5 69 14405 0
83 120 14412 0
9 85 14442 0
90 66 14447 1
58 42 14448 1
81 29 14492 1
74 102 14530 0
91 38 14530 1
78 119 14542 0
5 80 14571 0
74 104 14653 0
4 84 14682 0
85 30 14700 1
75 34 14708 1
5 74 14752 0
90 57 14793 1
87 95 14799 1
64 61 14805 0
76 65 14842 0
14 85 14843 0
37 57 14847 1
88 89 14860 1
52 45 14860 1
90 53 14875 1
18 84 14894 0
92 37 14908 1
15 65 14913 1
92 39 14923 1
36 78 14925 0
87 30 14927 1
29 81 14929 0
89 88 14940 1
54 44 14951 1
5 71 14953 0
91 69 14972 1
89 82 14973 1
5 79 14996 0
35 78 15013 0
88 92 15039 1
74 105 15061 0
5 72 15092 0
88 31 15101 1
65 39 15112 1
56 90 15122 1
66 59 15194 0
73 35 15214 1
88 90 15222 1
82 29 15244 1
91 40 15260 1
38 57 15273 1
74 101 15275 0
75 74 15321 0
55 43 15350 1
90 59 15373 1
88 30 15375 1
75 85 15390 0
60 41 15390 1
13 85 15391 0
41 76 15438 0
92 36 15440 1
26 61 15480 1
67 58 15508 0
88 102 15516 1
89 73 15520 1
6 85 15555 0
5 77 15564 0
77 117 15573 0
28 81 15604 0
12 84 15608 0
75 70 15617 0
75 110 15631 0
90 51 15641 1
22 84 15644 0
91 61 15646 1
85 29 15648 1
88 99 15659 1
91 39 15714 1
51 46 15724 1
53 44 15853 1
18 86 15855 0
15 86 15863 0
21 83 15886 0
88 94 15892 1
72 56 15896 0
17 85 15941 0
90 31 15956 1
25 62 15969 1
75 106 15976 0
90 79 16012 1
72 35 16017 1
76 115 16038 0
5 70 16042 0
87 93 16054 1
90 111 16067 1
32 60 16071 1
39 76 16097 0
56 90 16113 0
19 85 16132 0
4 77 16161 0
81 30 16177 1
34 79 16198 0
75 81 16200 0
31 61 16201 1
26 82 16209 0
30 80 16213 0
56 67 16214 0
19 86 16215 0
76 78 16216 0
14 86 16268 0
89 58 16334 1
75 77 16341 0
4 72 16372 0
90 75 16397 1
89 102 16410 1
90 48 16436 1
75 55 16472 0
90 114 16476 1
74 87 16478 0
91 65 16493 1
5 74 16501 0
76 68 16506 0
90 76 16520 1
83 119 16540 0
59 42 16569 1
90 34 16573 1
90 71 16593 1
91 42 16606 1
76 56 16612 0
19 64 16616 1
27 61 16644 1
89 79 16652 1
5 79 16654 0
58 65 16679 0
10 67 16682 1
82 119 16684 0
11 33 16686 0
76 66 16719 0
90 61 16739 1
89 84 16743 1
10 83 16747 0
89 83 16750 1
82 30 16760 1
32 80 16772 0
79 30 16852 1
20 65 16887 1
89 101 16892 1
91 41 16895 1
52 69 16905 0
90 52 16912 1
73 94 16919 0
13 85 16960 0
14 65 16988 1
76 77 16999 0
86 29 17012 1
75 116 17012 0
5 80 17025 0
74 100 17036 0
12 85 17041 0
72 95 17048 0
53 45 17049 1
75 71 17081 0
89 78 17084 1
90 77 17084 1
30 61 17095 1
89 81 17097 1
20 63 17102 1
42 76 17123 0
5 71 17150 0
87 98 17153 1
88 91 17184 1
90 58 17221 1
84 29 17228 1
74 109 17241 0
5 77 17257 0
12 83 17261 0
56 90 17263 1
75 69 17267 0
5 72 17269 0
75 79 17278 0
93 30 17312 1
89 67 17313 1
90 73 17328 1
74 112 17355 0
41 77 17359 0
73 93 17367 0
88 98 17395 1
90 82 17402 1
88 100 17413 1
75 109 17447 0
26 81 17450 0
24 82 17461 0
8 85 17462 0
37 77 17540 0
75 84 17562 0
8 60 17596 0
71 36 17601 1
90 65 17604 1
90 104 17631 1
91 110 17635 1
76 119 17648 0
77 119 17652 0
7 84 17659 0
75 67 17735 0
5 69 17743 0
13 84 17799 0
27 62 17819 1
56 90 17839 0
90 54 17883 1
92 38 17896 1
18 34 17911 1
18 65 17911 1
88 117 17911 1
89 114 17916 1
91 37 17921 1
76 65 17937 0
81 121 17939 0
10 84 17959 0
76 59 17978 0
31 79 17983 0
90 106 18036 1
5 81 18042 0
90 49 18057 1
7 68 18076 1
90 112 18084 1
38 56 18088 1
90 107 18147 1
90 44 18149 1
73 96 18149 0
22 82 18164 0
75 107 18169 0
15 84 18185 0
43 76 18189 0
91 35 18213 1
26 62 18220 1
89 116 18247 1
87 94 18279 1
51 71 18295 0
74 113 18355 0
34 80 18355 0
31 81 18363 0
38 77 18363 0
91 43 18365 1
0 0 18386 0
84 121 18402 0
5 84 18406 0
7 69 18411 1
5 70 18422 0
89 33 18442 1
20 64 18482 1
52 39 18489 0
43 77 18492 0
74 102 18504 0
68 38 18509 1
90 68 18559 1
68 37 18564 1
72 91 18617 0
68 59 18666 0
90 62 18667 1
74 103 18674 0
5 85 18681 0
8 86 18706 0
11 83 18728 0
5 74 18755 0
75 83 18771 0
88 96 18961 1
13 85 18967 0
86 30 18996 1
75 59 19020 0
5 79 19041 0
44 75 19042 0
8 68 19076 1
89 69 19076 1
88 97 19082 1
22 62 19195 1
91 33 19198 1
17 66 19232 1
69 36 19240 1
11 85 19273 0
4 83 19292 0
90 32 19328 1
4 78 19356 0
53 70 19369 0
59 63 19374 0
5 80 19422 0
27 81 19462 0
92 41 19464 1
90 47 19468 1
9 86 19488 0
90 105 19507 1
25 63 19571 1
76 62 19703 0
17 65 19715 1
61 63 19732 0
30 81 19798 0
29 81 19802 0
9 85 19806 0
85 121 19861 0
89 32 19882 1
42 77 19893 0
90 36 19916 1
75 64 19992 0
5 71 20022 0
88 93 20055 1
63 61 20076 0
29 61 20104 1
5 77 20139 0
74 107 20215 0
73 97 20252 0
16 83 20296 0
5 72 20305 0
83 29 20306 1
15 85 20331 0
75 102 20345 0
91 36 20370 1
67 38 20387 1
90 84 20416 1
55 67 20546 0
88 101 20637 1
90 33 20653 1
80 31 20695 1
89 85 20724 1
91 70 20763 1
89 80 20788 1
5 81 20817 0
60 63 20820 0
74 101 20843 0
90 55 20877 1
54 68 20909 0
89 31 20976 1
11 67 20995 1
16 86 20997 0
27 82 21003 0
75 55 21084 0
74 105 21185 0
92 40 21195 1
97 74 21234 1
14 66 21270 1
88 31 21298 1
74 100 21308 0
15 66 21374 1
37 56 21374 1
24 63 21394 1
45 118 21564 1
21 62 21570 1
60 42 21576 1
88 88 21651 1
13 85 21740 0
18 85 21743 0
58 64 21749 0
18 64 21762 1
66 39 21765 1
90 103 21835 1
90 69 21891 1
74 109 21941 0
90 50 21951 1
90 78 21972 1
75 79 22010 0
55 44 22054 1
77 117 22085 0
12 67 22090 1
13 65 22092 1
90 63 22150 1
76 65 22216 0
87 92 22314 1
30 62 22319 1
89 104 22446 1
78 119 22464 0
56 43 22566 1
88 99 22587 1
74 89 22621 0
74 116 22630 0
40 77 22635 0
71 35 22636 1
7 86 22745 0
61 42 22811 1
17 85 22832 0
72 36 22838 1
14 85 22861 0
87 30 22874 1
10 85 22880 0
13 66 22915 1
75 110 22918 0
75 84 22957 0
75 77 22964 0
90 56 22972 1
74 71 23010 0
33 79 23016 0
5 80 23033 0
63 62 23119 0
5 74 23131 0
69 38 23172 1
17 64 23225 1
50 83 23235 1
43 53 23273 1
28 61 23323 1
73 96 23334 0
91 44 23354 1
90 74 23390 1
91 64 23403 1
106 6 23449 1
76 62 23653 0
80 30 23735 1
75 106 23787 0
5 70 23789 0
90 80 23806 1
20 85 23942 0
28 62 23943 1
87 99 23981 1
64 39 24061 1
90 57 24071 1
5 79 24124 0
90 70 24137 1
5 81 24175 0
90 67 24185 1
24 62 24197 1
87 96 24206 1
11 66 24236 1
74 103 24270 0
17 116 24304 1
91 38 24306 1
90 53 24354 1
87 29 24371 1
91 105 24402 1
76 78 24425 0
87 95 24431 1
5 73 24453 0
91 106 24470 1
5 71 24507 0
89 103 24509 1
74 93 24522 0
39 77 24532 0
74 72 24551 0
91 109 24589 1
89 55 24594 1
90 113 24613 1
73 112 24648 0
73 102 24666 0
89 102 24677 1
75 107 24724 0
75 62 24761 0
75 87 24818 0
74 35 24847 1
89 87 24873 1
9 67 24898 1
90 59 24925 1
21 65 24965 1
8 67 24977 1
92 37 25002 1
15 65 25007 1
90 104 25167 1
56 90 25172 1
91 107 25177 1
88 30 25222 1
91 111 25276 1
89 30 25276 1
36 57 25281 1
90 66 25317 1
95 93 25350 1
22 63 25396 1
24 61 25399 1
73 95 25537 0
74 68 25544 0
90 83 25550 1
88 100 25559 1
91 66 25575 1
76 56 25576 0
91 72 25581 1
79 120 25602 0
76 84 25632 0
91 32 25652 1
75 75 25668 0
5 72 25688 0
75 76 25696 0
90 64 25717 1
84 120 25741 0
90 54 25772 1
88 94 25788 1
76 115 25812 0
91 108 25812 1
22 61 25814 1
38 101 25831 1
88 90 25843 1
89 100 25856 1
80 120 25901 0
73 98 25912 0
11 114 25919 1
91 56 25928 1
85 29 26007 1
90 52 26028 1
90 81 26029 1
76 77 26059 0
78 121 26076 0
29 62 26108 1
74 108 26125 0
16 65 26139 1
90 72 26172 1
89 101 26178 1
75 117 26183 0
91 63 26237 1
76 63 26250 0
90 51 26293 1
88 87 26293 1
90 49 26299 1
76 66 26300 0
90 58 26310 1
13 67 26363 1
88 92 26404 1
74 88 26427 0
75 109 26481 0
91 39 26512 1
62 41 26548 1
51 69 26560 0
89 31 26569 1
85 119 26604 0
74 34 26648 1
73 55 26668 0
92 39 26697 1
88 91 26718 1
84 29 26747 1
48 73 26749 0
89 86 26763 1
39 55 26778 1
70 35 26780 1
33 78 26784 0
89 82 26792 1
13 85 26804 0
46 74 26814 0
76 68 26821 0
76 118 26836 0
59 64 26844 0
91 47 26921 1
65 60 26923 0
83 120 26940 0
90 31 26965 1
74 100 26996 0
92 80 27010 1
91 60 27046 1
32 79 27054 0
75 85 27063 0
81 119 27077 0
69 57 27077 0
91 35 27087 1
90 48 27097 1
91 34 27106 1
74 55 27110 0
74 109 27111 0
90 111 27126 1
90 73 27131 1
90 71 27132 1
75 102 27142 0
88 97 27144 1
90 76 27158 1
76 62 27281 0
89 84 27291 1
93 27 27344 1
68 63 27368 1
11 8 27369 1
42 122 27369 1
88 89 27396 1
86 29 27397 1
16 11 27397 1
92 35 27413 1
91 104 27465 1
91 110 27479 1
41 76 27506 0
82 119 27511 0
92 36 27532 1
33 60 27532 1
91 61 27536 1
34 44 27552 1
5 83 27553 0
73 54 27561 0
91 77 27561 1
41 113 27570 1
60 41 27580 1
18 84 27587 0
5 73 27587 0
31 120 27601 1
91 36 27609 1
90 103 27613 1
58 42 27637 1
59 41 27715 1
11 68 27717 1
76 114 27727 0
88 95 27752 1
91 40 27759 1
90 65 27797 1
83 119 27800 0
76 65 27823 0
90 75 27839 1
86 119 27857 0
89 77 27878 1
88 98 27883 1
91 37 27954 1
67 59 27964 0
21 64 27968 1
75 81 28014 0
75 78 28014 0
90 32 28020 1
63 39 28025 1
76 58 28046 0
12 84 28079 0
7 85 28113 0
77 117 28124 0
75 73 28152 0
12 68 28153 1
90 69 28160 1
88 96 28204 1
90 102 28247 1
90 105 28264 1
91 62 28277 1
5 77 28314 0
90 79 28480 1
83 28 28501 1
78 119 28503 0
76 55 28531 0
73 88 28535 0
76 78 28539 0
71 90 28562 0
75 110 28572 0
75 55 28578 0
78 120 28583 0
73 96 28607 0
75 87 28618 0
68 58 28672 0
87 30 28700 1
91 59 28722 1
88 99 28733 1
74 110 28743 0
19 84 28818 0
90 53 28832 1
5 74 28852 0
5 81 28868 0
76 59 28874 0
77 58 28886 0
73 35 28905 1
91 73 28948 1
90 56 28979 1
61 41 28987 1
89 101 28995 1
39 76 28995 0
90 61 29009 1
7 67 29026 1
4 85 29077 0
25 82 29080 0
74 101 29097 0
75 72 29107 0
90 57 29108 1
74 117 29115 0
89 83 29119 1
22 82 29127 0
22 64 29127 1
36 79 29142 0
31 80 29148 0
53 69 29159 0
13 85 29161 0
73 91 29164 0
33 81 29168 0
14 65 29181 1
6 85 29191 0
88 93 29197 1
5 80 29207 0
36 78 29208 0
21 84 29221 0
12 66 29248 1
76 77 29303 0
59 43 29315 1
75 86 29334 0
90 77 29357 1
75 79 29364 0
74 59 29376 0
10 86 29381 0
56 90 29387 0
76 63 29393 0
19 64 29397 1
82 29 29403 1
75 107 29409 0
90 82 29447 1
75 74 29454 0
10 83 29454 0
54 43 29455 1
90 68 29472 1
89 32 29472 1
76 120 29487 0
74 93 29498 0
5 71 29502 0
73 101 29526 0
4 81 29531 0
89 81 29534 1
91 45 29539 1
84 28 29542 1
91 46 29563 1
91 33 29601 1
73 94 29612 0
34 60 29620 1
73 78 29680 0
75 34 29697 1
75 84 29697 0
91 58 29726 1
74 103 29731 0
55 43 29731 1
91 67 29752 1
90 55 29758 1
8 82 29768 0
25 61 29791 1
12 85 29867 0
15 84 29872 0
27 61 29889 1
30 61 29929 1
90 67 29953 1
7 68 30013 1
12 83 30019 0
75 106 30042 0
76 115 30054 0
7 84 30105 0
10 68 30206 1
73 93 30230 0
62 40 30242 1
72 99 30245 0
90 50 30281 1
43 52 30301 1
61 40 30331 1
91 68 30359 1
75 116 30462 0
76 61 30466 0
75 101 30487 0
55 68 30494 0
34 79 30503 0
57 43 30521 1
30 80 30529 0
28 81 30532 0
90 59 30541 1
13 85 30543 0
5 73 30546 0
81 30 30546 1
26 81 30613 0
13 84 30642 0
75 83 30697 0
65 61 30726 0
89 102 30746 1
65 105 30778 0
70 117 30778 0
3 82 30813 0
17 85 30847 0
76 55 30854 0
88 30 30854 1
73 95 30868 0
35 83 30872 0
35 78 30872 0
74 106 30880 0
11 83 30884 0
92 38 30905 1
91 106 30907 1
74 111 30926 0
89 88 30959 1
73 77 30965 0
5 78 31032 0
73 92 31093 0
31 61 31095 1
6 79 31096 0
74 102 31113 0
90 104 31122 1
72 58 31132 0
17 84 31136 0
76 84 31149 0
34 61 31168 1
78 32 31172 1
91 41 31238 1
74 107 31249 0
37 78 31251 0
19 85 31265 0
76 58 31296 0
10 84 31391 0
91 42 31423 1
5 69 31454 0
75 118 31478 0
5 83 31505 0
75 89 31510 0
83 29 31541 1
26 62 31562 1
90 63 31576 1
90 54 31587 1
89 83 31591 0
89 85 31591 1
76 62 31623 0
27 62 31676 1
8 68 31681 1
75 102 31691 0
47 73 31698 0
17 83 31718 0
76 114 31719 0
76 73 31726 0
76 66 31728 0
45 76 31745 0
76 56 31768 0
74 91 31771 0
5 79 31850 0
90 78 31931 1
24 64 31980 1
76 118 32024 0
25 62 32045 1
32 60 32057 1
26 63 32064 1
26 61 32064 1
66 60 32091 0
91 43 32097 1
13 43 32117 0
23 62 32137 1
9 66 32145 1
73 34 32176 1
5 72 32224 0
42 76 32234 0
63 40 32244 1
14 86 32299 0
29 81 32321 0
13 85 32325 0
52 70 32332 0
71 99 32338 0
71 57 32350 0
4 75 32353 0
76 63 32389 0
21 83 32415 0
90 70 32417 1
81 119 32484 0
37 77 32547 0
92 42 32616 1
90 62 32629 1
66 59 32705 0
4 74 32721 0
33 79 32785 0
65 39 32830 1
79 119 32844 0
90 47 32850 1
75 109 33019 0
86 30 33022 1
74 109 33119 0
27 81 33132 0
32 80 33133 0
87 29 33138 1
7 82 33151 0
10 67 33173 1
90 52 33176 1
32 81 33205 0
91 105 33296 1
90 106 33305 1
88 100 33305 1
76 55 33389 0
75 87 33412 0
88 31 33465 1
90 49 33492 1
19 63 33506 1
17 65 33515 1
23 82 33554 0
90 80 33567 1
59 42 33579 1
89 53 33632 1
91 107 33699 1
5 73 33716 0
75 86 33808 0
73 54 33818 0
5 78 33859 0
37 57 33874 1
76 61 33878 0
76 117 33881 0
87 93 33941 1
4 80 33965 0
88 90 33970 1
76 72 34061 0
92 43 34064 1
5 84 34201 0
75 57 34211 0
88 91 34248 1
74 100 34347 0
76 73 34378 0
85 29 34390 1
20 64 34406 1
15 85 34548 0
90 74 34589 1
76 58 34738 0
74 105 34831 0
5 74 34836 0
21 63 34904 1
70 56 34931 1
74 104 34957 0
5 96 34982 0
20 86 35001 0
31 79 35035 0
92 40 35197 1
39 77 35205 0
3 73 35238 0
5 83 35276 0
15 65 35323 1
5 81 35329 0
59 65 35390 0
16 86 35411 0
91 108 35447 1
27 63 35471 1
5 76 35555 0
13 85 35575 0
73 106 35596 0
74 65 35668 0
11 94 35678 0
62 62 35696 0
43 76 35707 0
74 61 35720 0
5 71 35725 0
82 120 35728 0
8 85 35757 0
85 58 35758 1
76 65 35832 0
60 40 35843 1
38 78 35915 0
13 83 35915 0
42 54 35929 1
76 78 36046 0
11 82 36108 0
57 41 36115 1
92 37 36118 1
89 115 36119 1
79 119 36126 0
73 95 36151 0
91 34 36152 1
74 103 36186 0
14 85 36201 0
76 64 36270 0
73 96 36341 0
91 53 36414 1
89 31 36465 1
91 79 36503 1
90 66 36567 1
89 87 36616 1
74 91 36621 0
91 65 36628 1
75 112 36693 0
90 86 36732 1
76 72 36794 0
5 78 36841 0
85 120 36920 0
75 77 36925 0
61 62 36952 0
29 61 37019 1
88 92 37025 1
76 85 37197 0
88 97 37253 1
89 30 37304 1
44 52 37342 1
90 112 37353 1
45 51 37367 1
22 82 37399 0
73 108 37471 0
6 83 37518 0
91 103 37561 1
76 118 37562 0
76 73 37564 0
11 65 37589 1
17 84 37678 0
76 63 37723 0
82 30 37724 1
5 73 37769 0
88 94 37802 1
76 61 37894 0
76 55 37987 0
90 103 38008 1
90 58 38056 1
82 119 38058 0
77 117 38076 0
13 85 38109 0
76 114 38202 0
79 120 38221 0
73 99 38223 0
89 101 38226 1
45 75 38234 0
75 63 38320 0
90 73 38323 1
75 107 38342 0
84 29 38365 1
90 35 38366 1
90 32 38367 1
23 83 38452 0
73 97 38562 0
90 83 38604 1
86 29 38680 1
90 84 38715 1
90 71 38784 1
75 101 38788 0
75 110 38823 0
91 109 38827 1
5 76 38899 0
40 77 38944 0
73 113 38969 0
77 56 38994 0
76 34 39039 1
76 115 39051 0
79 119 39060 0
90 51 39069 1
76 117 39082 0
90 31 39121 1
89 100 39179 1
76 68 39182 0
75 85 39193 0
90 69 39199 1
90 53 39224 1
88 96 39229 1
75 99 39237 0
12 65 39275 1
88 88 39275 1
91 38 39287 1
76 77 39304 0
84 120 39340 0
107 5 39368 0
75 112 39398 0
89 99 39409 1
92 39 39421 1
77 58 39466 0
90 81 39468 1
91 74 39471 1
41 76 39541 0
38 77 39570 0
76 62 39577 0
81 29 39593 1
90 76 39612 1
76 64 39640 0
33 80 39655 0
75 86 39663 0
88 29 39709 1
83 120 39725 0
75 106 39727 0
5 83 39741 0
80 120 39766 0
88 99 39771 1
75 102 39773 0
90 75 39783 1
72 35 39783 1
90 54 39829 1
76 58 39829 0
91 44 39868 1
67 58 39878 0
2 2 39878 0
89 86 39882 1
82 120 39892 0
87 94 39901 1
91 57 39925 1
93 39 39927 1
78 119 39979 0
91 32 39981 1
91 76 39993 1
87 30 39998 1
86 72 40008 0
86 28 40008 1
90 102 40031 1
88 95 40048 1
86 118 40088 0
75 33 40141 1
35 79 40151 0
91 69 40204 1
90 57 40224 1
83 119 40257 0
6 83 40332 0
56 67 40338 0
90 48 40385 1
74 80 40409 0
91 111 40418 1
35 59 40436 1
5 78 40438 0
60 64 40489 0
75 53 40503 0
18 85 40522 0
74 93 40528 0
88 93 40572 1
54 44 40576 1
74 112 40644 0
24 82 40662 0
74 77 40674 0
91 104 40676 1
89 84 40677 1
13 85 40679 0
88 30 40698 1
86 120 40700 0
6 82 40703 0
23 61 40708 1
90 56 40733 1
5 80 40747 0
91 36 40748 1
58 41 40795 1
75 109 40834 0
83 30 40842 1
91 64 40888 1
76 84 40890 0
74 97 40894 0
10 66 40896 1
49 71 40916 0
90 79 40974 1
80 119 41003 0
92 41 41010 1
76 73 41021 0
70 36 41022 1
92 36 41046 1
41 77 41133 0
91 71 41204 1
6 69 41207 0
90 65 41217 1
91 106 41286 1
6 79 41363 0
91 110 41370 1
91 60 41410 1
91 33 41432 1
38 101 41473 0
90 113 41529 1
91 48 41610 1
10 83 41630 0
79 31 41642 1
75 84 41642 0
75 112 41648 0
31 60 41666 1
91 61 41738 1
18 84 41747 0
74 91 41787 0
79 119 41798 0
74 115 41798 0
76 66 41824 0
24 63 41875 1
89 89 41905 1
13 83 41918 0
89 101 41922 1
81 119 41974 0
39 76 41977 0
44 76 41980 0
51 70 41982 0
91 54 42005 1
89 31 42007 1
76 87 42035 0
13 65 42044 1
5 76 42079 0
95 66 42084 1
15 84 42096 0
90 52 42096 1
73 95 42114 0
85 119 42129 0
12 84 42134 0
54 68 42155 0
18 64 42160 1
16 64 42224 1
76 85 42268 0
89 100 42289 1
14 66 42304 1
60 63 42307 0
74 113 42329 0
88 97 42340 1
76 114 42370 0
76 78 42382 0
90 101 42403 1
77 62 42417 0
90 67 42417 1
14 65 42464 1
75 103 42486 0
7 66 42518 1
6 82 42534 0
11 85 42536 0
91 39 42537 1
91 49 42574 1
20 65 42589 1
74 109 42606 0
91 35 42615 1
12 83 42621 0
10 65 42691 1
91 58 42711 1
56 90 42717 1
76 64 42728 0
90 103 42819 1
75 89 42825 0
33 78 42867 0
91 34 42915 1
90 70 42944 1
32 79 42961 0
90 72 42969 1
76 61 43016 0
16 83 43027 0
6 83 43057 0
9 85 43066 0
76 55 43090 0
17 85 43099 0
17 86 43118 0
68 38 43154 1
13 85 43173 0
87 29 43193 1
91 51 43206 1
90 114 43236 1
16 65 43240 1
74 34 43241 1
13 84 43266 0
91 107 43279 1
73 94 43280 0
88 98 43298 1
71 96 43341 0
84 119 43353 0
40 76 43361 0
84 28 43380 1
37 58 43386 1
39 57 43394 1
90 50 43421 1
90 77 43423 1
76 76 43465 0
91 105 43469 1
92 35 43471 1
76 63 43475 0
75 87 43488 0
11 86 43492 0
50 48 43510 1
77 117 43567 0
5 77 43576 0
80 119 43594 0
75 110 43608 0
18 86 43619 0
88 94 43648 1
76 117 43653 0
91 37 43655 1
5 82 43675 0
56 90 43769 0
77 66 43773 0
69 37 43794 1
75 101 43810 0
73 100 43812 0
7 84 43820 0
75 112 43875 0
37 76 43876 0
7 83 43878 0
11 83 43880 0
91 108 43898 1
25 63 43916 1
67 108 43945 0
91 46 43993 1
57 67 43995 0
74 97 44033 0
90 30 44064 1
35 15 44066 0
92 38 44077 1
76 72 44116 0
82 120 44153 0
6 79 44186 0
6 82 44211 0
64 61 44294 0
30 80 44339 0
91 56 44410 1
90 31 44419 1
91 42 44460 1
28 61 44462 1
75 79 44484 0
91 55 44522 1
88 92 44532 1
91 70 44532 1
75 105 44537 0
30 62 44623 1
91 45 44641 1
9 67 44654 1
92 44 44655 1
38 57 44658 1
8 66 44764 1
91 47 44788 1
85 28 44830 1
77 63 44839 0
19 64 44840 1
60 41 44903 1
88 91 44948 1
50 46 44951 1
75 97 44963 0
45 19 44985 1
33 59 44998 1
8 82 45023 0
27 60 45092 1
55 67 45132 0
77 56 45184 0
75 103 45235 0
13 85 45243 0
12 82 45279 0
19 84 45310 0
44 75 45319 0
75 53 45342 0
8 67 45392 1
90 85 45405 1
20 63 45434 1
20 85 45456 0
30 61 45461 1
15 64 45507 1
8 68 45516 1
75 107 45585 0
38 56 45594 1
5 83 45607 0
85 29 45697 1
17 64 45716 1
76 65 45722 0
6 83 45783 0
12 85 45807 0
67 60 45815 0
89 30 45822 1
5 76 45833 0
73 99 45914 0
91 31 45930 1
76 64 45945 0
80 29 45972 1
76 76 46015 0
6 82 46055 0
76 33 46066 1
90 82 46102 1
75 104 46136 0
66 39 46153 1
36 58 46156 1
37 56 46165 1
66 38 46165 1
58 42 46175 1
79 117 46177 0
91 100 46218 1
33 60 46221 1
79 119 46231 0
72 34 46247 1
33 58 46259 1
76 107 46271 0
52 68 46288 0
71 36 46342 1
91 62 46375 1
44 51 46440 1
91 66 46447 1
88 90 46457 1
29 62 46517 1
62 41 46519 1
7 82 46536 0
27 61 46596 1
84 119 46618 0
80 119 46657 0
90 53 46757 1
33 79 46766 0
76 77 46849 0
90 68 46896 1
65 40 46910 1
13 85 46917 0
15 66 46926 1
7 68 46926 1
83 29 46936 1
76 118 46989 0
5 78 46998 0
67 82 47001 0
67 39 47001 1
75 70 47018 0
7 67 47056 1
75 112 47067 0
24 62 47073 1
10 84 47078 0
17 83 47088 0
90 78 47102 1
6 69 47124 0
74 97 47168 0
6 85 47194 0
74 119 47233 0
5 70 47250 0
75 102 47257 0
11 67 47313 1
36 78 47346 0
75 105 47372 0
5 82 47378 0
10 73 47384 0
10 85 47384 0
55 44 47463 1
21 85 47482 0
90 73 47506 1
90 80 47515 1
56 43 47538 1
91 59 47576 1
21 64 47602 1
92 37 47634 1
92 40 47726 1
4 82 47775 0
90 64 47807 1
75 103 47850 0
72 90 47928 0
40 76 47955 0
91 43 47993 1
52 69 48093 0
72 96 48136 0
17 84 48264 0
51 46 48346 1
75 106 48351 0
90 49 48404 1
75 66 48416 0
91 112 48431 1
75 99 48439 0
76 73 48459 0
37 68 48515 1
16 13 48528 0
72 98 48552 0
91 63 48595 1
75 65 48650 0
79 30 48667 1
76 76 48674 0
76 58 48675 0
88 96 48703 1
90 102 48776 1
76 117 48797 0
30 60 48800 1
6 82 48824 0
5 75 48842 0
10 68 48947 1
17 85 48969 0
81 120 49006 0
75 104 49038 0
11 66 49203 1
53 45 49247 1
89 101 49259 1
28 80 49292 0
6 81 49339 0
6 83 49407 0
13 83 49416 0
6 68 49436 0
91 41 49489 1
13 85 49498 0
68 60 49513 0
92 34 49518 1
90 111 49529 1
23 82 49686 0
6 76 49715 0
74 89 49722 0
22 84 49732 0
86 29 49753 1
7 83 49783 0
76 59 49826 0
76 64 49864 0
82 120 49882 0
55 66 50047 0
22 62 50059 1
53 44 50131 1
34 59 50180 1
14 64 50210 1
62 61 50334 0
68 37 50501 1
89 85 50559 1
13 85 50583 0
90 32 50801 1
12 67 50872 1
24 61 51016 1
77 61 51033 0
73 34 51217 1
75 105 51470 0
25 61 51484 1
77 58 51525 0
82 119 51545 0
5 82 51590 0
75 103 51647 0
90 71 51771 1
84 119 51779 0
69 97 51970 0
13 85 51988 0
6 81 51996 0
73 93 52030 0
79 32 52044 1
27 81 52143 0
57 66 52172 0
76 76 52196 0
89 78 52235 1
42 76 52286 0
90 54 52314 1
73 54 52450 0
75 86 52495 0
6 76 52506 0
90 59 52535 1
88 30 52571 1
92 39 52577 1
82 29 52599 1
89 114 52610 1
41 76 52645 0
26 62 52664 1
65 60 52691 0
75 104 52706 0
22 83 52748 0
80 119 52758 0
75 112 52779 0
73 56 52837 0
65 59 52852 0
80 30 52873 1
77 119 52972 0
76 116 52973 0
5 74 52977 0
15 65 52992 1
76 70 53029 0
68 57 53042 0
74 97 53048 0
34 79 53218 0
82 121 53244 0
76 68 53245 0
5 76 53256 0
62 63 53259 0
79 118 53364 0
15 86 53367 0
75 109 53419 0
87 118 53513 0
13 66 53591 1
13 85 53727 0
90 74 53781 1
13 86 53842 0
118 102 53862 1
5 75 53972 0
88 93 54011 1
79 119 54049 0
69 112 54075 0
77 69 54098 0
76 115 54156 0
89 88 54161 1
89 87 54279 1
81 120 54309 0
91 104 54347 1
6 82 54485 0
28 80 54539 0
73 99 54563 0
76 61 54669 0
76 114 54822 0
88 95 54836 1
73 95 54842 0
67 59 54850 0
77 68 54876 0
25 62 54927 1
87 95 54947 1
76 57 55012 0
10 83 55057 0
15 84 55063 0
77 118 55075 0
91 73 55082 1
6 71 55120 0
91 106 55206 1
76 85 55261 0
91 78 55279 1
73 96 55337 0
6 81 55361 0
75 113 55514 0
91 72 55620 1
76 64 55724 0
27 79 55766 0
6 76 55810 0
72 93 55841 0
13 85 55892 0
40 76 55903 0
74 101 55935 0
6 69 56020 0
91 68 56168 1
19 83 56273 0
90 76 56304 1
87 28 56378 1
72 55 56386 0
88 97 56406 1
5 82 56454 0
67 37 56557 1
91 32 56639 1
5 83 56807 0
63 60 56913 0
91 103 56915 1
76 70 56931 0
92 33 56960 1
91 52 57018 1
66 59 57027 0
17 65 57091 1
91 109 57131 1
13 85 57184 0
76 116 57216 0
79 118 57228 0
90 69 57303 1
64 39 57338 1
93 27 57374 1
67 38 57416 1
9 4 57570 1
23 84 57609 0
90 83 57820 1
98 31 57830 1
91 83 57831 1
88 29 57872 1
6 71 57951 0
51 94 57977 1
56 42 58005 1
91 75 58030 1
69 58 58077 0
84 29 58093 1
21 84 58180 0
75 68 58314 0
76 76 58374 0
90 103 58433 1
16 84 58445 0
75 34 58658 1
90 75 58737 1
91 67 58785 1
91 33 58963 1
6 86 58968 0
74 66 58976 0
18 84 58991 0
65 103 59002 0
72 100 59009 0
6 83 59011 0
27 83 59026 0
5 81 59051 0
89 99 59103 1
75 103 59167 0
5 75 59391 0
13 85 59406 0
51 69 59414 0
73 118 59523 0
59 41 59527 1
41 55 59531 1
52 45 59628 1
75 104 59633 0
81 120 59794 0
22 63 59795 1
75 113 59870 0
16 83 59929 0
87 29 59978 1
77 57 60087 0
88 11 60127 0
73 111 60201 0
77 118 60273 0
65 59 60288 0
75 55 60312 0
13 85 60411 0
11 84 60466 0
75 71 60511 0
76 72 60632 0
18 85 60637 0
76 117 60639 0
75 105 60716 0
11 82 60738 0
91 65 60752 1
10 67 60752 1
71 35 60879 1
6 71 61145 0
76 57 61147 0
76 70 61216 0
76 116 61243 0
9 65 61384 1
9 66 61430 1
21 58 61564 1
34 53 61747 1
26 61 61785 1
52 44 61853 1
89 86 62185 1
32 60 62247 1
31 61 62495 1
76 81 62569 0
6 72 62614 0
35 58 62764 1
46 50 62764 1
20 64 62764 1
13 85 62870 0
90 52 62956 1
77 55 63203 0
74 100 63445 0
16 84 63456 0
16 85 63624 0
29 80 63661 0
91 34 63707 1
91 77 63828 1
91 81 63860 1
83 28 63924 1
6 77 63927 0
91 110 64144 1
61 41 64146 1
13 85 64151 0
94 36 64160 1
28 80 64173 0
90 84 64190 1
38 55 64231 1
75 113 64315 0
91 105 64435 1
89 100 64453 1
91 60 64546 1
76 84 64617 0
90 101 64630 1
74 114 64655 0
75 82 64663 0
92 36 64678 1
90 100 64710 1
76 78 64720 0
88 94 64723 1
75 101 64723 0
89 31 64761 1
25 82 64780 0
77 61 64822 0
91 44 64839 1
74 35 64858 1
91 64 64862 1
89 98 64880 1
77 57 64906 0
91 111 64920 1
91 61 64937 1
89 30 64938 1
90 56 64943 1
91 74 65019 1
91 107 65066 1
27 62 65087 1
116 101 65094 1
91 58 65098 1
79 118 65106 0
89 101 65130 1
74 91 65137 0
91 53 65148 1
87 96 65158 1
6 70 65161 0
77 66 65210 0
81 30 65227 1
92 107 65269 1
75 110 65287 0
77 62 65324 0
90 31 65330 1
92 35 65352 1
11 68 65358 1
77 117 65367 0
77 56 65400 0
73 35 65411 1
90 102 65440 1
74 93 65445 0
75 102 65473 0
83 119 65534 0
91 108 65570 1
77 118 65604 0
75 99 65622 0
29 61 65654 1
81 119 65660 0
72 36 65673 1
75 53 65680 0
88 92 65688 1
74 97 65689 0
91 57 65696 1
77 63 65730 0
74 92 65731 0
75 97 65734 0
91 48 65749 1
90 81 65820 1
84 119 65828 0
91 62 65837 1
70 57 65857 0
13 85 65879 0
92 32 65892 1
76 116 65951 0
76 70 65960 0
82 120 65980 0
40 55 65984 1
76 77 65985 0
81 120 66003 0
75 58 66019 0
26 81 66043 0
73 98 66052 0
91 79 66127 1
75 107 66131 0
77 58 66166 0
91 56 66184 1
84 28 66223 1
83 120 66225 0
91 69 66260 1
63 39 66260 1
91 71 66272 1
89 100 66288 1
92 58 66296 1
68 58 66307 0
61 40 66319 1
63 61 66324 0
91 102 66336 1
91 104 66398 1
79 117 66428 0
77 70 66431 0
92 104 66439 1
89 89 66483 1
89 29 66494 1
90 53 66500 1
82 28 66523 1
91 32 66528 1
90 30 66552 1
76 81 66566 0
28 83 66574 0
76 114 66625 0
91 42 66631 1
90 79 66640 1
91 49 66663 1
11 84 66670 0
91 66 66673 1
92 38 66678 1
82 119 66714 0
80 119 66754 0
68 59 66804 0
90 86 66806 1
91 55 66832 1
84 118 66863 0
19 83 66884 0
91 46 66898 1
76 107 66930 0
86 28 66941 1
77 69 66945 0
77 55 66946 0
89 97 66953 1
81 29 66953 1
92 42 66973 1
88 29 67007 1
91 54 67044 1
59 42 67092 1
89 90 67098 1
85 119 67098 0
86 119 67117 0
37 77 67128 0
77 60 67166 0
89 99 67190 1
75 52 67208 0
91 103 67214 1
5 82 67216 0
75 89 67219 0
93 34 67235 1
91 70 67240 1
43 76 67249 0
92 40 67252 1
85 29 67297 1
91 80 67343 1
89 91 67344 1
91 106 67361 1
39 76 67372 0
88 91 67376 1
90 101 67418 1
6 72 67431 0
89 88 67433 1
92 36 67488 1
13 85 67500 0
89 92 67513 1
18 64 67533 1
90 70 67542 1
93 38 67550 1
62 40 67561 1
91 60 67561 1
91 47 67562 1
92 64 67571 1
31 79 67586 0
92 43 67607 1
75 112 67640 0
75 100 67667 0
76 87 67689 0
77 68 67702 0
85 28 67710 1
75 85 67742 0
91 45 67750 1
91 51 67755 1
92 41 67769 1
91 76 67771 1
75 33 67781 1
77 57 67797 0
6 71 67802 0
93 36 67856 1
55 43 67870 1
73 82 67870 0
75 109 67886 0
76 56 67897 0
74 34 67903 1
76 115 67922 0
31 80 67956 0
93 40 67973 1
91 59 67985 1
89 98 67994 1
57 65 67997 0
77 78 68002 0
87 29 68019 1
50 72 68037 0
90 73 68039 1
91 105 68056 1
32 80 68090 0
75 106 68096 0
75 103 68103 0
76 84 68106 0
92 108 68107 1
91 35 68124 1
91 50 68134 1
35 78 68182 0
73 92 68182 0
28 81 68184 0
21 83 68210 0
6 81 68229 0
77 66 68238 0
77 56 68249 0
76 85 68283 0
6 76 68303 0
6 79 68316 0
56 68 68324 0
90 115 68348 1
75 87 68351 0
76 76 68360 0
91 67 68361 1
75 113 68365 0
82 118 68369 0
6 77 68375 0
75 101 68378 0
75 99 68408 0
91 31 68414 1
88 28 68438 1
93 37 68441 1
75 97 68441 0
89 87 68461 1
12 83 68491 0
76 57 68531 0
89 101 68543 1
91 53 68554 1
22 83 68582 0
92 33 68582 1
65 38 68585 1
91 33 68588 1
97 63 68596 1
74 96 68613 0
16 64 68614 1
86 29 68647 1
90 80 68651 1
74 99 68657 0
77 77 68729 0
92 62 68752 1
88 96 68795 1
29 60 68804 1
88 93 68807 1
77 63 68837 0
87 28 68872 1
88 94 68877 1
75 93 68883 0
80 118 68887 0
90 83 68892 1
26 60 68893 1
79 118 68897 0
91 63 68908 1
23 62 68943 1
77 62 68959 0
74 93 68969 0
23 53 68979 1
90 100 68981 1
8 82 69027 0
90 31 69028 1
84 120 69048 0
77 61 69060 0
90 67 69066 1
6 70 69083 0
7 82 69091 0
11 83 69106 0
76 73 69118 0
8 60 69139 1
91 73 69140 1
13 84 69142 0
92 59 69147 1
75 102 69159 0
6 82 69163 0
74 73 69169 0
91 58 69201 1
13 67 69223 1
91 110 69263 1
91 68 69279 1
9 67 69297 1
77 58 69303 0
91 60 69305 1
12 66 69308 1
89 100 69376 1
90 102 69378 1
60 41 69383 1
91 32 69488 1
12 84 69494 0
75 114 69505 0
16 84 69505 0
90 99 69530 1
7 83 69554 0
88 97 69604 1
91 61 69612 1
75 104 69612 0
85 27 69624 1
68 36 69630 1
90 113 69638 1
76 81 69650 0
83 119 69693 0
6 69 69694 0
74 92 69707 0
19 64 69736 1
12 82 69740 0
18 63 69750 1
86 118 69762 0
39 55 69782 1
13 85 69796 0
7 84 69811 0
77 60 69822 0
91 107 69830 1
89 95 69851 1
92 34 69866 1
81 119 69872 0
31 60 69879 1
75 110 69882 0
38 77 69926 0
92 37 69940 1
55 42 69981 1
91 52 69986 1
91 114 69987 1
90 85 69988 1
22 82 69992 0
5 75 70003 0
93 54 70006 1
40 75 70028 0
20 84 70054 0
57 43 70083 1
92 63 70093 1
91 72 70104 1
6 71 70153 0
75 105 70163 0
91 78 70178 1
91 43 70183 1
77 55 70205 0
30 80 70257 0
92 67 70261 1
51 47 70279 1
6 81 70280 0
91 65 70311 1
6 79 70325 0
92 39 70327 1
89 66 70327 1
87 30 70327 1
75 100 70335 0
6 72 70349 0
78 119 70356 0
21 63 70363 1
69 57 70396 0
91 108 70396 1
17 64 70405 1
91 77 70441 1
91 44 70443 1
92 110 70452 1
29 80 70463 0
76 107 70468 0
92 70 70494 1
65 39 70500 1
8 67 70519 1
92 106 70572 1
51 45 70594 1
93 39 70596 1
58 41 70603 1
89 97 70604 1
84 119 70606 0
9 84 70607 0
8 68 70638 1
61 39 70660 1
6 77 70669 0
91 56 70671 1
33 78 70715 0
28 60 70738 1
42 53 70757 1
91 69 70780 1
90 103 70780 1
14 65 70800 1
51 44 70809 1
6 76 70812 0
76 62 70840 0
17 83 70842 0
91 34 70857 1
54 43 70966 1
89 29 70967 1
91 57 70995 1
91 104 71012 1
19 63 71042 1
90 101 71059 1
92 68 71062 1
79 117 71075 0
76 78 71101 0
93 35 71126 1
83 118 71161 0
77 117 71170 0
84 28 71171 1
90 30 71174 1
8 65 71180 1
6 68 71219 0
19 84 71260 0
24 63 71270 1
16 83 71316 0
76 32 71319 1
76 116 71408 0
88 29 71409 1
32 79 71410 0
91 111 71416 1
89 54 71422 1
23 60 71428 1
20 75 71439 1
20 63 71439 1
92 46 71444 1
56 90 71462 1
97 70 71495 1
27 61 71497 1
73 33 71565 1
47 3 71566 1
8 66 71567 1
92 107 71572 1
16 85 71607 0
91 103 71638 1
89 89 71641 1
30 61 71690 1
77 70 71735 0
19 85 71740 0
62 39 71744 1
89 99 71748 1
76 114 71764 0
91 62 71777 1
76 70 71814 0
15 85 71847 0
77 69 71856 0
58 42 71935 1
15 84 71943 0
76 66 71950 0
73 91 71973 0
18 84 71988 0
91 48 71996 1
90 75 72003 1
17 84 72069 0
91 64 72094 1
91 99 72094 1
90 82 72106 1
41 76 72132 0
6 70 72138 0
77 118 72148 0
13 65 72168 1
90 84 72238 1
40 76 72264 0
77 57 72268 0
6 83 72278 0
56 67 72278 0
80 118 72375 0
88 102 72386 1
75 75 72462 0
10 66 72463 1
48 73 72477 0
11 84 72482 0
10 84 72524 0
53 43 72570 1
56 90 72574 0
28 61 72647 1
74 96 72675 0
72 35 72698 1
45 50 72786 1
92 40 72802 1
75 53 72809 0
91 74 72810 1
37 76 72861 0
73 80 72868 0
73 99 72893 0
69 36 72917 1
24 83 72927 0
77 32 72930 1
77 66 72956 0
61 63 72974 0
25 81 73008 0
16 82 73009 0
75 108 73022 0
13 64 73023 1
91 55 73038 1
15 64 73046 1
83 28 73073 1
72 34 73086 1
17 63 73108 1
91 54 73114 1
47 72 73119 0
18 83 73120 0
91 59 73122 1
91 66 73122 1
74 33 73132 1
89 82 73135 0
89 27 73135 1
7 82 73138 0
77 60 73212 0
82 29 73230 1
92 36 73263 1
77 63 73275 0
75 107 73300 0
13 83 73355 0
76 81 73366 0
36 77 73445 0
23 61 73456 1
27 60 73475 1
10 65 73533 1
6 77 73533 0
30 60 73543 1
75 100 73597 0
6 71 73598 0
91 102 73624 1
67 58 73642 0
92 44 73642 1
91 49 73680 1
21 62 73706 1
10 83 73708 0
54 68 73716 0
90 54 73721 1
6 72 73746 0
79 119 73812 0
17 85 73872 0
90 87 73885 1
6 69 73993 0
6 82 74012 0
24 62 74039 1
84 27 74076 1
76 69 74094 0
89 30 74132 1
89 93 74213 1
74 99 74216 0
92 104 74227 1
68 38 74237 1
92 109 74259 1
71 34 74282 1
6 79 74336 0
6 81 74342 0
90 71 74368 1
87 29 74373 1
4 79 74384 0
95 75 74422 1
75 113 74452 0
72 55 74475 0
66 60 74482 0
5 71 74518 0
6 76 74521 0
92 38 74529 1
63 40 74529 1
28 80 74557 0
74 92 74569 0
26 82 74599 0
6 84 74621 0
74 97 74649 0
34 80 74655 0
5 79 74668 0
80 119 74717 0
11 82 74727 0
54 69 74735 0
24 81 74760 0
88 92 74958 1
50 71 75015 0
62 62 75022 0
25 83 75030 0
89 98 75030 1
11 65 75103 1
60 40 75157 1
74 91 75221 0
77 65 75335 0
77 68 75440 0
91 105 75500 1
16 84 75503 0
91 46 75542 1
14 85 75561 0
81 120 75669 0
15 65 75710 1
91 51 75735 1
75 114 75800 0
19 83 76014 0
85 28 76138 1
6 67 76143 0
91 106 76147 1
77 76 76155 0
76 63 76187 0
26 62 76211 1
74 96 76212 0
75 101 76242 0
6 70 76247 0
92 33 76252 1
8 82 76266 0
91 71 76339 1
92 35 76345 1
92 66 76356 1
58 40 76367 1
77 55 76372 0
33 59 76384 1
8 83 76459 0
91 112 76509 1
11 83 76533 0
90 29 76601 1
56 90 76628 1
77 56 76675 0
74 98 76689 0
33 79 76753 0
89 94 76762 1
84 118 76795 0
75 108 76824 0
10 67 76829 1
75 86 76895 0
29 79 76942 0
66 58 76999 0
77 61 77008 0
82 119 77102 0
77 78 77136 0
102 37 77203 1
71 110 77228 0
80 31 77237 1
12 83 77247 0
9 84 77259 0
74 88 77322 0
91 31 77337 1
86 28 77371 1
53 69 77404 0
46 74 77424 0
75 81 77431 0
78 120 77438 0
76 77 77440 0
5 76 77504 0
20 84 77673 0
76 55 77711 0
56 90 77879 0
75 99 77882 0
91 113 77911 1
62 41 77917 1
79 118 77940 0
18 83 78102 0
75 100 78125 0
76 69 78219 0
11 90 78264 0
75 90 78265 0
40 75 78296 0
74 56 78346 0
76 64 78350 0
80 118 78415 0
29 80 78439 0
76 85 78449 0
93 55 78505 1
75 97 78708 0
73 94 78820 0
59 63 78851 0
90 31 78876 1
77 77 78914 0
6 71 78917 0
24 61 79091 1
77 62 79095 0
36 57 79127 1
89 84 79168 1
92 57 79195 1
77 65 79238 0
76 107 79322 0
12 65 79371 1
76 57 79395 0
91 58 79399 1
56 90 79403 1
91 101 79429 1
82 118 79492 0
95 81 79521 1
78 31 79599 1
74 99 79624 0
55 67 79625 0
91 45 79651 1
74 96 79658 0
6 77 79688 0
91 47 79775 1
34 59 79788 1
91 82 79814 1
90 69 79839 1
77 60 79859 0
6 72 79894 0
66 38 80020 1
91 76 80022 1
91 60 80181 1
11 84 80193 0
39 76 80203 0
76 81 80221 0
91 59 80296 1
29 62 80297 1
90 49 80355 1
93 27 80408 1
56 90 80440 0
21 64 80533 1
25 80 80547 0
89 101 80547 1
91 42 80548 1
75 98 80595 0
23 82 80653 0
90 86 80654 1
75 108 80702 0
64 60 80708 0
89 100 80728 1
16 64 80734 1
9 82 80783 0
80 121 80784 0
76 118 80791 0
59 41 80802 1
8 83 80828 0
7 83 80858 0
47 78 80899 0
90 100 80956 1
6 79 80966 0
74 108 81039 0
74 98 81039 0
89 87 81073 1
29 81 81097 0
36 77 81137 0
76 115 81204 0
33 60 81267 1
37 118 81332 0
91 52 81343 1
92 105 81398 1
61 62 81415 0
75 114 81508 0
65 59 81601 0
43 54 81626 1
14 64 81673 1
90 48 81683 1
75 93 81707 0
6 69 81718 0
70 100 81721 0
6 84 81803 0
79 122 81842 0
84 119 81843 0
89 110 81869 1
38 79 81924 0
27 120 81941 0
27 79 81941 0
76 33 81947 1
79 121 81956 0
19 40 81966 0
77 58 81969 0
62 116 81976 0
73 90 81982 0
85 120 81984 0
89 90 82001 1
74 94 82019 1
41 97 82031 0
73 34 82034 1
18 85 82039 0
3 86 82048 0
75 89 82051 0
5 89 82053 0
91 70 82068 1
77 69 82101 0
5 72 82130 0
9 99 82158 0
74 92 82173 0
62 47 82197 1
8 86 82205 0
91 50 82229 1
76 87 82261 0
7 85 82309 0
75 82 82351 0
25 34 82382 0
36 38 82386 0
32 92 82388 0
50 70 82394 0
25 63 82397 1
18 87 82399 0
18 64 82418 1
74 87 82425 0
77 57 82429 0
83 118 82433 0
73 115 82440 0
87 28 82473 1
72 109 82579 0
9 84 82583 0
75 88 82608 0
6 73 82617 0
76 69 82645 0
52 68 82652 0
12 82 82677 0
16 85 82752 0
13 84 82779 0
34 79 82783 0
74 103 82828 0
11 67 82858 1
25 81 82872 0
64 39 82899 1
75 52 82904 0
7 100 82971 0
47 73 82986 0
24 82 83007 0
89 88 83023 1
39 77 83045 0
6 70 83059 0
76 65 83060 0
74 93 83090 0
7 84 83098 0
42 56 83099 1
16 83 83169 0
56 66 83239 0
92 42 83243 1
76 84 83336 0
65 90 83338 0
75 78 83362 0
74 107 83414 0
55 66 83428 0
90 114 83437 1
77 66 83467 0
77 78 83594 0
15 84 83623 0
11 85 83627 0
75 98 83660 0
74 96 83713 0
91 79 83737 1
76 114 83739 0
3 81 83765 0
49 71 83778 0
77 118 83814 0
73 78 83905 0
91 104 83933 1
95 11 84021 1
34 78 84115 0
75 109 84150 0
90 30 84226 1
19 82 84420 0
76 71 84467 0
74 95 84525 0
88 28 84584 1
91 53 84674 1
81 121 84731 0
76 116 84821 0
75 111 84834 0
4 81 84887 0
74 98 84958 0
75 56 85235 0
77 65 85247 0
9 67 85279 1
93 36 85317 1
14 84 85350 0
19 64 85410 1
14 66 85413 1
61 40 85547 1
75 108 85566 0
56 90 85617 1
92 108 85654 1
92 61 85687 1
22 63 85709 1
16 82 85806 0
20 84 85845 0
8 83 85857 0
91 81 85879 1
31 79 85969 0
60 63 86008 0
81 119 86093 0
89 99 86109 1
75 100 86135 0
74 118 86172 0
75 102 86178 0
37 77 86243 0
56 90 86256 0
24 81 86263 0
78 116 86290 1
26 81 86295 0
68 57 86320 0
44 75 86324 0
12 86 86351 0
21 82 86352 0
73 104 86471 0
6 73 86643 0
92 65 86656 1
91 65 86712 1
28 79 86722 0
75 113 86789 0
38 76 86826 0
88 94 86910 1
73 54 87007 0
18 83 87066 0
75 90 87083 0
9 82 87093 0
31 80 87113 0
75 88 87141 0
7 82 87198 0
17 64 87250 1
29 79 87255 0
29 60 87370 1
91 61 87384 1
79 120 87404 0
75 98 87509 0
76 69 87542 0
56 42 87553 1
75 114 87587 0
91 73 87697 1
92 72 87707 1
9 84 87781 0
7 81 87908 0
77 76 87909 0
91 57 87961 1
74 99 87965 0
90 83 87994 1
92 32 88014 1
76 111 88088 0
34 58 88093 1
91 32 88167 1
25 61 88192 1
91 63 88300 1
71 56 88597 0
6 84 88609 0
91 67 88615 1
91 30 88632 1
92 34 88641 1
91 80 88658 1
74 86 88667 0
5 78 88719 0
7 65 88745 1
17 57 88745 1
96 24 88847 1
91 62 88848 1
89 28 88850 1
78 118 88891 0
76 112 88891 0
56 90 88892 1
91 68 89028 1
90 98 89038 1
74 95 89097 0
91 56 89106 1
75 111 89128 0
76 72 89281 0
68 37 89502 1
75 87 89595 0
76 76 89645 0
11 66 89671 1
19 63 89848 1
89 29 89849 1
90 101 89892 1
77 74 89904 0
57 41 89909 1
92 106 89986 1
74 76 90029 0
84 28 90034 1
89 92 90043 1
72 28 90080 1
93 27 90093 1
22 83 90104 0
74 98 90202 0
6 73 90207 0
92 41 90233 1
26 61 90235 1
50 47 90270 1
9 66 90364 1
31 60 90382 1
71 97 90730 0
76 71 90837 0
70 56 90839 0
46 73 90991 0
70 36 91065 1
14 84 91121 0
54 44 91180 1
38 56 91271 1
29 61 91311 1
69 37 91359 1
77 71 91607 0
90 53 91679 1
91 103 91711 1
66 39 91753 1
8 67 91756 1
76 111 91968 0
79 117 92097 0
91 102 92150 1
86 27 92241 1
30 59 92291 1
72 110 92485 0
75 112 92513 0
77 63 92586 0
76 112 92626 0
75 74 92643 0
95 11 92734 0
32 60 92748 1
12 84 92770 0
1 26 92894 0
85 119 92971 0
77 70 92979 0
34 78 92999 0
73 105 93002 0
56 90 93010 0
10 82 93014 0
80 120 93021 0
5 86 93028 0
16 84 93088 0
73 95 93098 0
71 70 93118 0
32 80 93314 0
75 108 93743 0
74 95 93746 0
77 67 93943 0
76 117 94106 0
6 80 94132 0
6 73 94210 0
54 67 94387 0
75 111 94451 0
38 76 94679 0
77 14 94717 1
8 84 94751 0
78 118 94873 0
74 96 94992 0
92 45 95139 1
75 67 95176 0
67 59 95417 0
64 60 95444 0
28 79 95505 0
77 71 95558 0
75 83 95634 0
93 37 95653 1
75 88 96114 0
77 74 96129 0
74 34 96142 1
27 62 96209 1
75 103 96221 0
98 31 96268 1
75 97 96274 0
36 78 96329 0
93 108 96435 1
9 84 96630 0
10 83 96758 0
11 81 97134 0
76 112 97141 0
83 27 97246 1
56 43 97259 1
76 111 97303 0
82 28 97407 1
63 39 97544 1
31 101 98029 1
11 64 98030 1
92 49 98127 1
76 71 98161 0
75 33 98162 1
35 77 98497 0
92 43 98520 1
6 84 98660 0
74 98 98671 0
6 80 98827 0
87 29 98878 1
92 39 98935 1
67 38 99039 1
14 84 99115 0
20 62 99322 1
77 67 99566 0
91 72 99610 1
81 7 100058 1
89 91 100096 1
10 82 100124 0
78 118 100276 0
74 90 100703 0
28 59 100896 1
74 95 101078 0
75 111 101132 0
81 29 101188 1
76 108 101195 0
88 29 101220 1
80 30 101552 1
6 73 101622 0
93 33 101768 1
43 75 101785 0
92 33 101793 1
14 83 101804 0
89 31 102252 1
55 44 102379 1
31 59 102426 1
76 70 102531 0
6 75 102641 0
77 80 102677 0
60 41 102715 1
109 68 102923 1
8 84 103117 0
89 95 103158 1
77 59 103290 0
15 66 103295 1
76 69 103355 0
17 85 103382 0
30 80 103387 0
6 82 103430 0
55 68 103543 0
6 80 103570 0
75 114 103598 0
74 74 103638 0
5 68 103684 0
76 74 103696 0
75 92 103913 0
24 127 104028 0
25 62 104032 1
89 98 104168 1
89 97 104177 1
92 55 104203 1
29 80 104243 0
93 27 104273 0
91 64 104395 1
73 114 104474 0
76 83 104699 0
92 31 104731 1
69 7 104761 0
90 100 104883 1
91 78 104973 1
90 85 104978 1
5 75 105039 0
77 68 105041 0
77 115 105074 0
75 99 105077 0
39 78 105121 0
75 98 105131 0
91 66 105135 1
89 89 105178 1
91 55 105205 1
77 55 105215 0
75 110 105222 0
91 77 105232 1
92 107 105241 1
9 29 105246 0
91 49 105279 1
91 48 105281 1
91 110 105283 1
91 69 105313 1
91 51 105322 1
85 28 105345 1
76 112 105389 0
92 40 105390 1
20 84 105399 0
80 118 105412 0
75 104 105422 0
78 116 105433 0
92 58 105475 1
76 107 105487 0
42 78 105533 0
91 54 105548 1
91 44 105556 1
91 32 105591 1
82 118 105603 0
77 61 105655 0
91 74 105657 1
84 118 105662 0
72 58 105664 0
77 71 105672 0
22 62 105714 1
91 71 105730 1
76 60 105733 0
92 103 105738 1
87 28 105741 1
90 84 105813 1
92 104 105845 1
77 69 105852 0
91 75 105867 1
86 28 105886 1
77 77 105909 0
76 108 105913 0
92 51 105958 1
91 31 105982 1
75 101 105989 0
91 58 105996 1
92 71 105998 1
35 51 106038 0
62 40 106045 1
91 53 106048 1
45 75 106058 0
82 119 106062 0
77 60 106117 0
83 119 106138 0
91 47 106165 1
49 73 106184 0
89 97 106186 1
77 56 106194 0
14 18 106194 0
76 81 106217 0
68 58 106227 0
91 103 106250 1
91 83 106251 1
77 62 106257 0
75 54 106269 0
75 60 106297 0
3 79 106321 0
77 63 106345 0
90 99 106361 1
76 111 106364 0
82 42 106405 1
91 79 106419 1
91 56 106447 1
92 60 106476 1
93 38 106489 1
6 81 106502 0
86 119 106506 0
79 117 106537 0
93 34 106543 1
89 88 106554 1
92 110 106570 1
75 120 106576 0
92 48 106586 1
91 60 106609 1
91 111 106617 1
73 97 106673 0
77 78 106710 0
77 66 106748 0
83 118 106803 0
71 71 106806 0
91 52 106830 1
92 59 106884 1
89 96 106884 1
90 30 106894 1
93 35 106930 1
77 67 106952 0
77 65 106963 0
92 102 106986 1
91 67 106996 1
92 108 107008 1
78 118 107066 0
21 83 107082 0
91 29 107094 1
66 37 107106 1
95 33 107111 1
91 70 107156 1
90 29 107162 1
89 93 107169 1
92 32 107170 1
89 90 107189 1
88 28 107201 1
75 93 107214 0
75 97 107228 0
76 85 107234 0
91 61 107245 1
86 118 107302 0
92 80 107337 1
66 59 107380 0
77 80 107391 0
47 87 107396 0
47 72 107396 0
92 64 107417 1
89 98 107417 1
91 101 107423 1
77 70 107434 0
92 73 107436 1
89 95 107479 1
90 101 107564 1
77 74 107582 0
90 86 107591 1
71 36 107611 1
83 28 107621 1
90 88 107621 1
77 76 107654 0
92 109 107655 1
92 47 107674 1
77 84 107749 0
109 68 107753 1
92 46 107774 1
33 78 107784 0
91 30 107796 1
92 53 107826 1
90 87 107828 1
89 29 107886 1
77 68 107905 0
92 74 107945 1
19 84 107952 0
76 107 107954 0
90 100 107974 1
92 105 108003 1
89 94 108012 1
91 65 108016 1
92 62 108049 1
22 81 108064 0
78 57 108071 0
7 81 108074 0
85 27 108075 1
93 40 108084 1
17 83 108089 0
87 118 108089 0
91 108 108098 1
91 64 108145 1
92 36 108155 1
18 84 108178 0
42 76 108195 0
91 78 108198 1
35 78 108208 0
78 54 108214 0
82 118 108215 0
78 32 108227 1
6 75 108231 0
77 115 108256 0
89 91 108261 1
28 80 108264 0
91 50 108270 1
91 73 108296 1
91 76 108299 1
91 57 108319 1
77 69 108329 0
89 89 108370 1
77 59 108372 0
91 62 108376 1
92 63 108376 1
91 59 108418 1
92 106 108451 1
90 98 108455 1
74 95 108477 0
75 99 108492 0
87 28 108507 1
89 92 108519 1
77 83 108524 0
79 118 108530 0
75 53 108532 0
92 101 108544 1
94 37 108597 1
78 116 108609 0
77 58 108618 0
74 92 108624 0
92 57 108649 1
91 84 108658 1
91 100 108665 1
32 79 108703 0
93 36 108719 1
92 43 108726 1
40 76 108734 0
91 102 108745 1
13 83 108754 0
76 108 108796 0
67 58 108834 0
91 68 108861 1
75 92 108875 0
92 69 108876 1
18 63 108894 1
28 60 108899 1
23 62 108912 1
42 75 108912 0
93 39 108914 1
92 76 108947 1
55 43 108975 1
89 99 108985 1
88 29 108988 1
40 75 109010 0
77 71 109030 0
17 84 109040 0
6 77 109057 0
19 83 109061 0
54 67 109068 0
89 97 109072 1
74 67 109074 0
11 82 109075 0
56 90 109108 1
8 83 109116 0
91 66 109119 1
21 84 109120 0
92 44 109148 1
91 55 109161 1
74 93 109189 0
91 54 109193 1
89 28 109199 1
91 46 109199 1
21 63 109203 1
35 77 109210 0
25 80 109224 0
6 80 109230 0
67 37 109238 1
57 66 109242 0
77 77 109303 0
8 82 109303 0
69 35 109330 1
58 66 109351 0
27 61 109373 1
7 82 109387 0
77 78 109447 0
92 66 109462 1
77 57 109481 0
6 76 109489 0
80 29 109502 1
14 83 109515 0
12 83 109532 0
91 69 109533 1
20 63 109558 1
70 35 109560 1
92 103 109560 1
74 90 109570 0
12 67 109586 1
92 56 109605 1
43 75 109614 0
84 119 109622 0
10 66 109643 1
62 61 109679 0
76 112 109689 0
75 82 109690 0
33 58 109695 1
91 49 109718 1
76 68 109724 0
76 113 109730 0
91 32 109734 1
76 74 109742 0
91 77 109789 1
92 104 109815 1
73 55 109869 0
58 41 109869 1
71 35 109925 1
74 33 109931 1
65 39 109959 1
91 72 109961 1
91 53 110017 1
77 61 110028 0
90 113 110054 1
26 60 110059 1
92 67 110066 1
84 28 110068 1
92 68 110072 1
7 81 110083 0
9 65 110089 1
91 56 110101 1
92 107 110124 1
92 40 110130 1
91 103 110135 1
66 58 110152 0
58 64 110175 0
21 82 110178 0
16 83 110201 0
75 105 110233 0
91 74 110255 1
37 76 110277 0
90 99 110277 1
75 98 110423 0
35 58 110424 1
90 89 110457 1
25 60 110464 1
8 66 110470 1
92 75 110477 1
75 52 110479 0
81 28 110482 1
39 55 110491 1
92 70 110531 1
22 82 110566 0
17 63 110574 1
91 31 110578 1
91 71 110593 1
12 82 110615 0
92 58 110616 1
76 71 110628 0
91 75 110647 1
31 61 110651 1
41 54 110670 1
8 84 110700 0
36 77 110716 0
22 61 110745 1
21 86 110762 0
15 64 110783 1
65 37 110787 1
32 59 110814 1
7 83 110837 0
30 60 110883 1
84 118 110954 0
37 57 110961 1
92 108 110967 1
9 82 111038 0
75 89 111042 0
72 92 111070 0
75 97 111115 0
76 51 111119 1
76 114 111119 0
93 37 111145 1
14 65 111160 1
92 41 111169 1
75 100 111198 0
7 82 111212 0
16 64 111224 1
62 39 111228 1
12 66 111253 1
78 116 111299 0
30 61 111313 1
91 81 111339 1
92 42 111393 1
76 83 111404 0
74 85 111465 0
76 111 111467 0
7 73 111476 0
77 80 111521 0
23 83 111543 0
82 29 111573 1
92 31 111609 1
69 58 111616 0
91 107 111623 1
77 60 111634 0
91 79 111644 1
11 83 111675 0
77 66 111725 0
91 63 111729 1
91 48 111734 1
61 61 111778 0
16 82 111783 0
29 59 111792 1
92 33 111800 1
93 31 111820 1
91 80 111832 1
77 115 111850 0
77 62 111877 0
11 84 111913 0
90 85 111923 1
80 118 111957 0
58 65 111963 0
75 90 111997 0
91 47 112007 1
93 107 112014 1
92 65 112038 1
86 27 112044 1
35 57 112051 1
92 32 112087 1
77 67 112095 0
77 63 112105 0
77 75 112133 0
21 81 112136 0
75 106 112187 0
72 94 112195 0
22 84 112202 0
89 95 112230 1
65 38 112231 1
83 118 112243 0
89 93 112304 1
14 84 112322 0
7 81 112362 0
76 84 112396 0
78 54 112420 0
73 53 112422 0
53 45 112427 1
76 108 112447 0
20 85 112467 0
81 119 112479 0
61 40 112486 1
12 81 112505 0
4 85 112510 0
18 83 112536 0
21 62 112546 1
38 76 112592 0
55 42 112601 1
76 110 112640 0
76 52 112641 0
92 61 112649 1
38 55 112717 1
34 78 112773 0
76 107 112815 0
56 67 112846 0
10 82 112848 0
74 96 112851 0
91 101 112860 1
28 61 112967 1
78 57 113035 0
74 89 113036 0
89 98 113040 1
90 30 113061 1
92 110 113078 1
17 83 113081 0
19 64 113104 1
89 29 113109 1
92 99 113116 1
75 33 113118 1
26 80 113136 0
16 63 113141 1
75 88 113160 0
27 79 113216 0
88 27 113254 1
83 121 113258 0
88 28 113285 1
14 64 113286 1
91 60 113330 1
90 100 113362 1
8 65 113374 1
36 58 113389 1
27 60 113415 1
97 54 113449 1
59 40 113521 1
77 74 113546 0
94 34 113589 1
59 41 113623 1
13 65 113624 1
56 41 113625 1
79 117 113626 0
89 88 113628 1
33 59 113661 1
28 79 113697 0
75 96 113747 0
90 28 113814 1
7 73 113827 0
77 55 113846 0
76 32 113858 1
24 62 113916 1
92 72 113952 1
91 30 113954 1
53 44 113997 1
92 59 114018 1
61 39 114043 1
92 45 114054 1
91 70 114081 1
19 62 114084 1
76 78 114086 0
33 77 114119 0
6 75 114141 0
90 84 114162 1
89 90 114168 1
77 59 114179 0
20 82 114212 0
6 78 114282 0
74 110 114311 0
45 51 114332 1
58 42 114363 1
93 35 114376 1
78 116 114384 0
91 52 114449 1
91 61 114471 1
68 36 114494 1
13 81 114535 0
10 65 114605 1
91 112 114680 1
92 55 114712 1
84 27 114722 1
19 63 114730 1
91 58 114785 1
87 28 114787 1
76 113 114792 0
64 38 114793 1
91 110 114809 1
6 68 114849 0
63 39 114993 1
42 75 115078 0
93 81 115085 1
26 62 115115 1
109 45 115128 1
10 56 115155 1
109 45 115161 0
92 111 115247 1
100 72 115279 1
76 60 115303 0
77 76 115314 0
77 83 115375 0
18 63 115404 1
7 82 115516 0
29 79 115585 0
90 29 115597 1
90 86 115608 1
8 82 115620 0
93 34 115635 1
77 70 115679 0
24 60 115691 1
65 59 115718 0
91 67 115731 1
25 81 115768 0
90 83 115783 1
17 64 115821 1
77 84 115830 0
7 78 115912 0
75 92 115943 0
74 91 115977 0
75 111 115983 0
77 65 116020 0
6 80 116030 0
77 71 116063 0
33 79 116064 0
6 73 116072 0
9 84 116088 0
18 84 116098 0
90 98 116124 1
77 75 116127 0
89 92 116128 1
76 74 116143 0
29 60 116163 1
93 57 116208 1
76 110 116219 0
89 89 116232 1
91 76 116239 1
16 83 116283 0
93 42 116447 1
10 83 116461 0
76 52 116461 0
77 54 116535 0
91 62 116624 1
95 57 116632 1
65 60 116789 0
75 96 116921 0
91 82 116941 1
93 103 116967 1
89 87 116989 1
95 39 117009 1
44 74 117075 0
76 86 117080 0
89 94 117098 1
9 81 117196 0
7 68 117214 0
23 61 117299 1
74 54 117336 0
91 73 117337 1
42 54 117359 1
91 65 117412 1
60 40 117492 1
37 56 117506 1
87 18 117518 1
14 83 117557 0
77 115 117607 0
89 115 117621 1
6 72 117624 0
9 66 117661 1
73 33 117662 1
34 59 117714 1
11 65 117715 1
91 64 117724 1
43 75 117739 0
92 109 117777 1
75 54 117780 0
76 83 117842 0
55 67 117855 0
91 86 117867 1
36 56 117895 1
11 66 117904 1
74 90 117968 0
44 51 117981 1
92 102 117996 1
10 67 117996 1
89 97 118035 1
90 73 118080 1
7 73 118140 0
99 108 118142 1
92 60 118147 1
85 25 118217 1
7 81 118249 0
91 90 118282 1
43 51 118306 1
78 116 118378 0
80 119 118419 0
10 66 118435 1
82 118 118449 0
91 68 118471 1
91 50 118612 1
6 74 118756 0
46 50 118865 1
6 71 118868 0
76 105 118924 0
24 63 119031 1
19 82 119120 0
81 30 119209 1
15 84 119237 0
35 79 119257 0
89 91 119310 1
92 106 119321 1
13 66 119329 1
76 108 119405 0
93 36 119477 1
7 78 119502 0
95 11 119595 1
46 72 119632 0
15 63 119709 1
29 78 119811 0
52 45 119828 1
50 45 119992 1
76 113 120023 0
6 78 120060 0
8 83 120090 0
75 93 120096 0
91 66 120127 1
93 38 120222 1
63 61 120242 0
94 35 120292 1
76 85 120341 0
13 83 120434 0
8 84 120435 0
54 68 120437 0
76 101 120440 0
39 76 120474 0
23 82 120528 0
76 110 120562 0
92 103 120651 1
92 49 120678 1
15 65 120707 1
83 28 120715 1
77 54 120755 0
75 96 120778 0
52 70 120878 0
78 118 120909 0
93 71 120971 1
93 33 120985 1
92 71 121015 1
92 82 121019 1
92 77 121032 1
93 106 121119 1
76 52 121130 0
77 78 121159 0
35 77 121165 0
82 119 121212 0
93 43 121219 1
77 80 121362 0
92 107 121373 1
93 50 121413 1
28 60 121431 1
89 28 121498 1
77 69 121505 0
20 84 121573 0
91 54 121756 1
19 83 121758 0
77 75 121787 0
93 67 121833 1
13 64 121864 1
86 25 121873 1
93 27 121893 1
31 79 121917 0
76 112 121949 0
11 81 122031 0
16 84 122060 0
91 55 122120 1
40 75 122176 0
68 57 122265 0
7 75 122274 0
50 69 122407 0
56 66 122487 0
13 82 122524 0
93 83 122582 1
82 28 122684 1
99 64 122710 1
76 86 122725 0
85 28 122756 1
77 113 122758 0
77 82 122761 0
91 100 122763 1
93 41 122808 1
78 116 122839 0
78 54 122909 0
63 60 122911 0
20 63 122913 1
92 105 122968 1
38 8 123093 1
77 106 123131 0
72 34 123156 1
95 122 123296 1
74 102 123305 0
7 68 123481 0
90 101 123532 1
9 65 123552 1
76 105 123558 0
76 100 123624 0
90 97 123634 1
77 112 123681 0
76 101 123721 0
95 28 123778 1
91 31 123782 1
96 34 123956 1
12 68 124107 1
84 28 124138 1
25 61 124138 1
92 104 124143 1
77 77 124168 0
59 42 124196 1
60 41 124232 1
92 78 124243 1
92 79 124282 1
91 111 124293 1
11 82 124296 0
95 40 124372 1
91 53 124401 1
91 51 124447 1
38 57 124481 1
64 39 124523 1
34 79 124533 0
57 41 124576 1
32 63 124608 1
7 70 124622 0
76 74 124648 0
88 29 124659 1
56 90 124662 0
91 72 124754 1
77 59 124815 0
44 75 124855 0
77 32 124897 1
91 49 124920 1
91 113 124928 1
91 69 124930 1
73 34 124934 1
30 62 124988 1
22 93 125078 0
81 118 125124 0
91 102 125134 1
8 67 125235 1
85 27 125324 1
66 38 125446 1
24 61 125458 1
30 59 125486 1
46 73 125514 0
76 91 125522 0
69 92 125545 0
6 75 125583 0
7 75 125803 0
26 61 125809 1
5 15 125812 0
77 117 125830 0
92 52 125894 1
7 71 125920 0
77 54 126027 0
92 56 126051 1
78 57 126085 0
6 69 126141 0
51 70 126162 0
76 110 126176 0
24 81 126188 0
6 74 126229 0
76 113 126290 0
77 68 126309 0
88 28 126395 1
16 85 126430 0
90 99 126466 1
54 43 126480 1
74 79 126549 0
42 75 126572 0
9 81 126693 0
91 32 126707 1
6 78 126709 0
69 36 126893 1
90 87 126914 1
12 82 126990 0
76 83 127041 0
77 82 127088 0
76 111 127197 0
87 123 127233 0
73 76 127280 0
77 67 127411 0
76 100 127483 0
92 46 127484 1
92 31 127538 1
77 112 127552 0
29 78 127698 0
17 63 127876 1
9 82 127949 0
23 81 127972 0
75 98 128023 0
92 47 128067 1
76 106 128121 0
92 44 128129 1
31 59 128219 1
74 94 128298 0
7 70 128310 0
26 80 128321 0
81 122 128403 0
47 74 128430 0
75 96 128497 0
77 74 128539 0
5 80 128723 0
74 97 128788 0
77 113 128789 0
92 43 128852 1
76 101 128856 0
7 71 128863 0
22 81 128933 0
76 102 129062 0
73 93 129072 0
74 54 129077 0
13 84 129125 0
76 86 129253 0
74 33 129261 1
20 82 129268 0
81 123 129311 0
76 73 129313 0
18 40 129343 0
76 60 129412 0
37 97 129507 0
36 17 129520 0
15 115 129533 0
75 76 129544 0
74 111 129551 0
74 83 129570 0
38 77 129581 0
7 84 129595 0
19 95 129603 0
6 83 129604 0
88 86 129609 1
39 62 129619 1
2 92 129639 0
43 21 129646 0
59 49 129653 1
6 84 129687 0
6 80 129690 0
19 86 129693 0
72 59 129700 0
9 85 129702 0
42 77 129711 0
19 84 129725 0
76 105 129754 0
5 85 129758 0
75 116 129766 0
2 80 129768 0
17 116 129781 0
10 84 129801 0
79 118 129864 0
40 78 129923 0
8 85 129925 0
5 74 129934 0
10 86 129937 0
5 82 129945 0
72 95 129950 0
33 80 129953 0
29 92 129957 0
12 84 129962 0
70 66 129962 0
51 46 129963 1
5 77 129971 0
2 85 129972 0
11 102 129973 0
11 15 129973 0
77 115 129975 0
16 82 129977 0
25 20 129982 0
73 121 129982 0
41 95 129988 0
4 84 129993 0
77 122 129994 0
69 97 130082 0
46 60 130085 1
45 4 130093 0
76 77 130105 0
12 85 130149 0
3 80 130170 0
76 58 130183 0
82 122 130191 0
7 83 130194 0
75 84 130310 0
92 108 130503 1
95 11 130521 0
76 99 130559 0
7 82 130628 0
86 118 130749 0
70 58 130750 0
14 82 130829 0
89 95 130876 1
73 84 130909 0
12 81 130913 0
75 108 130913 0
75 72 130971 0
81 118 130987 0
69 57 130998 0
11 83 131031 0
27 81 131034 0
92 63 131081 1
91 101 131165 1
89 29 131178 1
91 77 131179 1
44 76 131239 0
92 32 131273 1
76 93 131276 0
76 100 131278 0
91 78 131280 1
92 62 131282 1
76 87 131345 0
90 96 131430 1
90 88 131491 1
84 118 131521 0
89 93 131530 1
92 48 131558 1
91 83 131559 1
92 66 131602 1
77 66 131607 0
83 118 131608 0
92 53 131646 1
92 57 131646 1
90 98 131661 1
74 90 131690 0
91 30 131693 1
92 73 131736 1
83 119 131744 0
92 51 131759 1
90 29 131773 1
75 97 131896 0
92 64 131924 1
91 75 131959 1
77 114 131970 0
93 37 131970 1
59 64 131987 0
93 35 132003 1
84 117 132005 0
75 69 132033 0
77 76 132042 0
91 79 132053 1
91 71 132062 1
91 56 132062 1
91 74 132067 1
92 101 132092 1
89 97 132112 1
93 32 132114 1
7 71 132117 0
92 58 132132 1
91 29 132134 1
77 112 132154 0
78 54 132184 0
92 80 132197 1
82 118 132198 0
77 108 132211 0
55 66 132218 0
68 37 132228 1
52 69 132238 0
76 53 132262 0
77 83 132291 0
13 82 132300 0
89 92 132314 1
92 40 132331 1
77 82 132333 0
77 75 132348 0
76 106 132359 0
76 108 132401 0
68 58 132450 0
77 54 132471 0
80 118 132490 0
77 71 132518 0
76 52 132554 0
92 103 132591 1
86 27 132602 1
92 112 132621 1
44 74 132640 0
92 28 132647 1
92 104 132647 1
48 72 132664 0
46 75 132672 0
77 84 132696 0
87 117 132751 0
89 91 132794 1
90 99 132809 1
78 116 132819 0
92 67 132833 1
77 101 132846 0
91 80 132898 1
92 69 132909 1
94 36 132910 1
29 44 132949 0
92 59 132950 1
93 34 132960 1
77 78 132960 0
77 52 132962 0
7 75 132962 0
89 94 132973 1
76 107 132978 0
57 65 133021 0
79 117 133042 0
85 119 133047 0
77 56 133061 0
87 118 133095 0
91 81 133103 1
76 103 133105 0
76 102 133108 0
89 90 133138 1
90 98 133181 1
91 100 133188 1
92 68 133207 1
91 84 133207 1
92 110 133215 1
70 56 133219 0
87 27 133224 1
92 41 133282 1
76 99 133286 0
92 55 133299 1
76 75 133301 0
78 57 133309 0
6 74 133354 0
93 105 133355 1
92 74 133376 1
93 33 133392 1
92 102 133397 1
93 39 133398 1
75 92 133411 0
91 77 133446 1
91 48 133467 1
74 95 133484 0
34 58 133500 1
77 70 133506 0
91 103 133515 1
76 101 133518 0
76 113 133539 0
90 94 133570 1
77 113 133574 0
90 86 133597 1
94 108 133614 1
92 76 133654 1
54 67 133661 0
91 70 133665 1
93 44 133671 1
91 78 133685 1
91 28 133738 1
84 27 133774 1
92 75 133825 1
90 89 133833 1
48 71 133859 0
92 65 133865 1
92 32 133880 1
89 95 133888 1
92 70 133896 1
89 28 133936 1
77 77 133938 0
77 106 133939 0
92 61 133957 1
88 27 133967 1
33 78 133975 0
75 52 133989 0
92 72 134010 1
76 110 134010 0
62 62 134022 0
90 100 134038 1
77 61 134050 0
91 76 134140 1
91 67 134184 1
109 68 134185 1
78 54 134187 0
91 99 134188 1
77 80 134188 0
77 63 134227 0
78 79 134251 0
92 31 134251 1
91 30 134286 1
18 83 134288 0
90 90 134324 1
75 96 134326 0
83 27 134326 1
90 28 134334 1
91 79 134339 1
26 60 134368 1
76 100 134385 0
92 57 134423 1
93 40 134435 1
93 60 134443 1
93 104 134443 1
66 37 134450 1
91 29 134484 1
92 107 134485 1
93 36 134514 1
90 97 134629 1
89 27 134633 1
90 91 134654 1
92 45 134662 1
77 112 134677 0
92 64 134678 1
91 69 134716 1
7 70 134720 0
67 37 134747 1
85 26 134756 1
90 85 134778 1
92 66 134781 1
92 43 134823 1
43 53 134826 1
33 77 134831 0
84 119 134834 0
12 65 134851 1
82 27 134854 1
21 63 134892 1
92 42 134897 1
75 93 134909 0
91 101 134910 1
7 78 134911 0
7 81 134936 0
90 88 135000 1
43 75 135002 0
83 118 135020 0
91 73 135042 1
92 71 135080 1
77 65 135080 0
7 68 135087 0
21 83 135094 0
32 59 135098 1
75 99 135099 0
62 40 135109 1
94 38 135154 1
22 63 135156 1
61 40 135173 1
34 77 135179 0
92 109 135179 1
10 82 135208 0
7 73 135209 0
77 52 135237 0
94 29 135277 1
79 114 135295 0
95 41 135300 1
87 17 135337 1
25 80 135351 0
22 62 135354 1
16 64 135419 1
93 53 135421 1
92 101 135432 1
91 100 135454 1
92 103 135463 1
89 89 135468 1
92 30 135479 1
92 58 135538 1
77 104 135543 0
11 57 135548 1
14 63 135554 1
91 49 135555 1
94 75 135561 1
91 98 135579 1
62 39 135592 1
76 86 135620 0
67 58 135643 0
63 38 135664 1
15 27 135677 1
8 82 135677 0
66 58 135704 0
61 62 135719 0
77 69 135721 0
7 71 135735 0
47 71 135741 0
89 97 135748 1
92 108 135748 1
104 0 135768 1
90 99 135778 1
31 58 135790 1
94 34 135821 1
89 93 135844 1
77 83 135862 0
76 99 135872 0
75 33 135875 1
90 98 135877 1
32 79 135878 0
86 26 135887 1
30 60 135923 1
76 91 135926 0
93 38 135938 1
92 80 135943 1
17 83 135949 0
81 29 135949 1
77 114 135963 0
75 90 135978 0
12 83 135994 0
92 48 135998 1
33 60 136000 1
38 76 136017 0
82 118 136020 0
81 118 136023 0
86 27 136039 1
6 78 136068 0
88 28 136099 1
95 11 136114 1
76 105 136122 0
75 77 136122 0
75 107 136124 0
23 62 136163 1
25 60 136169 1
77 78 136191 0
4 76 136205 0
16 83 136208 0
15 64 136217 1
92 46 136229 1
37 76 136250 0
14 82 136259 0
35 58 136268 1
92 104 136272 1
77 74 136283 0
91 74 136288 1
47 49 136298 1
29 79 136306 0
78 112 136324 0
77 82 136349 0
27 61 136362 1
74 93 136413 0
31 60 136416 1
7 75 136451 0
92 49 136476 1
41 75 136485 0
76 106 136497 0
91 75 136529 1
76 32 136530 1
88 117 136543 0
89 91 136547 1
13 81 136547 0
31 79 136567 0
87 28 136572 1
92 56 136574 1
77 62 136581 0
20 62 136604 1
77 60 136673 0
74 94 136718 0
14 83 136731 0
90 92 136739 1
12 64 136740 1
72 101 136742 0
28 79 136759 0
7 70 136778 0
92 53 136787 1
76 102 136792 0
40 77 136829 0
91 83 136861 1
46 74 136865 0
17 84 136884 0
76 103 136906 0
49 71 136928 0
92 62 136930 1
7 67 136932 0
23 81 136934 0
21 62 136942 1
39 54 136978 1
40 75 136987 0
48 49 137023 1
92 52 137025 1
77 52 137044 0
7 73 137079 0
77 72 137085 0
35 78 137114 0
69 66 137128 0
7 78 137169 0
90 96 137186 1
92 63 137247 1
12 66 137329 1
27 79 137383 0
92 59 137409 1
63 39 137419 1
37 55 137432 1
58 41 137474 1
76 93 137521 0
18 62 137537 1
16 63 137549 1
78 57 137550 0
22 82 137555 0
7 71 137556 0
91 77 137558 1
77 112 137559 0
19 63 137565 1
92 68 137578 1
91 78 137585 1
21 82 137589 0
88 27 137597 1
75 119 137624 0
85 27 137627 1
70 57 137661 0
11 82 137675 0
29 78 137679 0
21 84 137688 0
77 84 137732 0
21 81 137742 0
75 89 137777 0
10 65 137785 1
93 35 137785 1
76 122 137790 0
22 83 137802 0
14 84 137811 0
92 100 137826 1
19 82 137843 0
74 34 137853 1
34 78 137857 0
50 70 137862 0
18 63 137909 1
19 83 137911 0
93 34 137912 1
93 37 137924 1
7 68 137956 0
93 78 137972 1
92 73 137975 1
74 109 137980 0
87 24 137983 1
94 37 137986 1
91 71 138088 1
76 53 138099 0
84 118 138101 0
92 102 138105 1
90 115 138122 1
74 59 138143 1
74 92 138144 0
93 108 138184 1
96 37 138197 1
27 59 138206 1
91 26 138209 1
97 57 138212 1
59 39 138218 1
91 30 138231 1
91 53 138242 1
77 108 138260 0
11 81 138262 0
92 51 138276 1
16 82 138279 0
93 56 138302 1
93 33 138338 1
89 92 138354 1
61 39 138357 1
93 61 138359 1
78 117 138364 0
93 32 138383 1
76 52 138410 0
8 68 138464 0
7 81 138468 0
77 75 138488 0
76 100 138517 0
77 113 138537 0
78 54 138543 0
14 65 138543 1
51 43 138544 1
40 54 138546 1
8 82 138599 0
17 63 138659 1
29 61 138725 1
47 72 138732 0
77 101 138742 0
84 117 138752 0
8 83 138758 0
89 28 138783 1
92 67 138784 1
89 95 138784 1
75 64 138789 1
75 115 138789 0
92 111 138809 1
91 54 138835 1
33 59 138852 1
92 78 138895 1
75 53 138915 0
77 66 138939 0
78 79 138943 0
64 61 138967 0
91 111 138979 1
77 52 138982 0
65 39 138983 1
76 107 138988 0
12 82 139008 0
92 44 139011 1
68 57 139035 0
14 64 139035 1
7 75 139066 0
89 88 139068 1
28 80 139075 0
10 85 139081 0
39 55 139085 1
76 87 139103 0
8 70 139109 0
30 59 139116 1
76 85 139213 0
29 59 139235 1
35 77 139251 0
75 88 139260 0
77 76 139314 0
91 64 139325 1
7 69 139326 0
27 60 139341 1
10 83 139364 0
10 60 139382 1
76 99 139427 0
91 65 139427 1
92 55 139427 1
83 28 139427 1
48 48 139452 1
90 89 139488 1
76 101 139517 0
31 81 139540 0
93 31 139540 1
43 52 139546 1
9 81 139551 0
77 31 139578 1
77 71 139579 0
36 77 139588 0
66 59 139605 0
109 68 139610 0
75 94 139624 0
78 116 139637 0
92 81 139637 1
74 106 139642 0
37 77 139655 0
9 82 139708 0
76 112 139726 0
70 86 139737 0
7 73 139738 0
29 89 139760 0
46 49 139761 1
92 57 139795 1
75 97 139804 0
92 32 139805 1
77 67 139806 0
43 74 139808 0
7 70 139874 0
42 75 139911 0
7 71 139987 0
91 66 140016 1
77 114 140028 0
90 97 140029 1
98 31 140036 1
57 41 140057 1
33 58 140088 1
29 80 140113 0
92 31 140126 1
73 89 140152 0
9 66 140191 1
41 76 140194 0
92 65 140217 1
9 65 140219 1
14 82 140254 0
90 86 140263 1
10 66 140271 1
74 98 140286 0
65 58 140300 0
36 78 140317 0
76 108 140338 0
19 81 140365 0
9 64 140377 1
57 64 140403 0
30 78 140411 0
92 74 140479 1
92 69 140495 1
20 82 140508 0
79 30 140531 1
91 47 140574 1
92 75 140631 1
93 103 140659 1
58 40 140665 1
73 53 140707 0
11 66 140721 1
77 103 140745 0
91 81 140865 1
90 28 141024 1
87 27 141098 1
34 77 141104 0
7 78 141147 0
90 95 141161 1
13 82 141189 0
93 60 141194 1
93 105 141205 1
92 66 141229 1
17 64 141236 1
92 70 141297 1
65 37 141305 1
75 32 141305 1
93 66 141313 1
91 114 141330 1
21 61 141356 1
74 54 141403 0
76 103 141441 0
91 55 141441 1
77 87 141454 0
91 68 141471 1
29 60 141493 1
76 106 141501 0
20 63 141542 1
52 44 141556 1
42 53 141572 1
25 59 141577 1
10 82 141599 0
75 61 141630 0
109 45 141636 1
94 33 141649 1
12 81 141668 0
13 83 141676 0
95 68 141708 1
77 52 141727 0
76 102 141768 0
81 28 141805 1
75 92 141817 0
77 72 141820 0
41 53 141827 1
109 45 141841 0
59 41 141885 1
7 69 141895 0
92 76 141925 1
65 38 141940 1
92 110 141996 1
78 32 142028 1
9 84 142036 0
92 103 142092 1
56 90 142095 1
66 39 142183 1
79 116 142310 0
56 41 142318 1
92 60 142337 1
67 38 142347 1
90 93 142355 1
94 40 142367 1
7 68 142529 0
91 29 142560 1
11 64 142561 1
44 52 142585 1
94 35 142627 1
71 34 142657 1
41 75 142687 0
99 28 142774 1
55 43 142777 1
92 72 142805 1
92 47 142869 1
75 54 142939 0
41 54 142959 1
59 40 142977 1
70 36 142987 1
75 96 142997 0
50 71 143000 0
17 85 143008 0
83 120 143026 0
7 82 143035 0
90 87 143106 1
26 82 143117 0
77 80 143118 0
56 90 143119 0
4 86 143138 0
77 77 143140 0
84 28 143173 1
91 100 143203 1
7 79 143217 0
14 66 143227 1
18 83 143234 0
84 27 143238 1
76 111 143281 0
11 65 143285 1
7 75 143287 0
72 55 143294 0
75 62 143301 0
92 77 143301 1
19 62 143362 1
93 42 143382 1
76 75 143505 0
94 39 143613 1
93 46 143647 1
32 59 143700 1
10 64 143800 1
74 99 143853 0
93 36 143871 1
71 95 143912 0
90 84 143954 1
26 80 143984 0
75 94 144003 0
36 57 144017 1
7 71 144137 0
77 68 144173 0
13 63 144176 1
7 69 144241 0
60 40 144257 1
23 60 144321 1
62 38 144384 1
78 66 144396 0
22 61 144448 1
92 61 144449 1
71 35 144496 1
74 94 144533 0
93 52 144608 1
93 107 144658 1
6 74 144665 0
77 114 144676 0
81 118 144728 0
86 118 144744 0
91 101 144806 1
44 74 144819 0
77 82 144899 0
43 74 144951 0
77 104 144961 0
71 31 144989 1
77 106 145141 0
76 99 145147 0
92 79 145197 1
13 65 145223 1
28 60 145229 1
93 106 145230 1
77 112 145380 0
94 31 145388 1
23 61 145426 1
98 98 145428 1
76 53 145460 0
24 62 145507 1
30 78 145534 0
7 79 145809 0
91 50 145852 1
55 66 145868 0
79 116 145923 0
76 74 145940 0
15 63 145946 1
93 41 145975 1
87 26 145979 1
8 67 146001 0
16 62 146100 1
91 80 146159 1
24 61 146204 1
68 36 146205 1
77 103 146216 0
7 67 146236 0
77 83 146238 0
77 58 146399 0
78 117 146419 0
93 43 146436 1
14 82 146532 0
92 29 146552 1
78 31 146602 1
18 61 146630 1
85 118 146673 0
91 28 146675 1
92 30 146728 1
60 39 146735 1
77 72 146747 0
78 112 146755 0
77 52 146863 0
91 72 146874 1
7 69 146973 0
18 84 146992 0
7 81 147022 0
92 43 147056 1
78 66 147058 0
93 59 147066 1
90 94 147090 1
93 102 147137 1
86 27 147156 1
90 88 147385 1
16 64 147386 1
31 59 147419 1
76 110 147476 0
16 83 147477 0
33 78 147484 0
20 62 147508 1
75 73 147559 0
94 36 147656 1
7 70 147675 0
76 103 147768 0
77 81 147772 0
51 69 147772 0
77 108 147920 0
91 85 147968 1
76 91 148061 0
92 40 148095 1
30 61 148231 1
74 53 148259 0
76 100 148336 0
54 42 148342 1
72 35 148345 1
77 115 148373 0
82 28 148375 1
7 79 148398 0
6 70 148407 0
85 117 148454 1
92 107 148461 1
76 86 148471 0
91 70 148499 1
109 68 148587 0
32 78 148593 0
91 56 148616 1
33 79 148638 0
75 94 148644 0
78 56 148652 0
91 76 148687 1
17 83 148751 0
30 82 148838 0
89 93 148843 1
71 91 148877 0
75 102 148907 0
54 70 148955 0
92 108 148978 1
39 81 149000 0
92 52 149019 1
21 83 149038 0
24 82 149065 0
82 123 149127 0
72 102 149131 0
76 83 149135 0
6 79 149157 0
41 75 149164 0
93 39 149206 1
45 19 149209 0
56 66 149234 0
37 78 149308 0
78 57 149314 0
79 116 149360 0
78 111 149384 0
78 79 149430 0
41 79 149456 0
26 85 149513 0
7 72 149546 0
89 90 149581 1
74 60 149595 0
79 114 149623 0
76 61 149632 0
83 118 149701 0
25 86 149702 0
92 56 149839 1
29 77 149903 0
95 96 149908 1
95 42 149908 1
73 33 149997 1
52 68 150101 0
91 99 150132 1
78 66 150192 0
93 58 150226 1
77 111 150227 0
92 49 150239 1
54 67 150244 0
92 45 150301 1
22 81 150324 0
77 107 150391 0
92 109 150426 1
76 93 150490 0
77 101 150554 0
90 98 150584 1
75 93 150711 0
93 40 150722 1
92 53 150877 1
48 72 150904 0
75 100 150913 0
46 72 150941 0
15 81 150946 0
77 98 150982 0
56 90 151135 1
7 69 151164 0
13 81 151220 0
77 53 151266 0
7 79 151308 0
75 109 151317 0
89 94 151344 1
76 102 151406 0
53 67 151466 0
76 96 151512 1
56 90 151559 0
48 73 151572 0
6 77 151590 0
83 117 151613 0
80 117 151648 0
77 81 151660 0
63 62 151689 0
31 82 151712 0
82 118 151714 0
16 82 151754 0
43 74 151754 0
74 33 151756 1
7 66 151791 0
18 82 151823 0
92 46 151871 1
57 66 151886 0
72 113 151917 0
20 84 151920 0
19 83 151920 0
10 90 151935 0
75 95 151969 0
4 71 151994 0
92 102 152107 1
27 78 152272 0
92 63 152381 1
7 72 152405 0
36 58 152435 1
105 78 152466 1
78 56 152480 0
90 97 152499 1
25 61 152515 1
81 125 152542 0
29 78 152551 0
16 84 152564 0
77 114 152668 0
94 41 152693 1
41 74 152800 0
92 101 152888 1
7 76 152908 0
93 35 152926 1
45 74 153044 0
77 73 153083 0
55 67 153286 0
85 118 153306 0
79 116 153354 0
90 90 153452 1
77 111 153512 0
41 73 153617 0
116 76 153622 1
51 45 153654 1
77 107 153659 0
97 74 153732 1
58 27 153780 1
77 72 153783 0
13 80 153787 0
93 47 153884 1
78 114 153888 0
122 38 153895 1
39 75 153953 0
56 90 153978 1
64 38 154012 1
47 105 154056 1
91 92 154058 1
30 55 154061 1
32 58 154131 1
91 89 154191 1
89 27 154269 1
83 26 154313 1
94 67 154356 1
99 117 154443 1
95 37 154468 1
93 34 154494 1
5 6 154505 1
93 57 154510 1
34 58 154523 1
77 110 154548 0
92 48 154634 1
77 54 154779 0
76 106 154843 0
76 95 154850 0
22 62 154900 1
17 62 154961 1
93 72 154992 1
75 115 155154 0
78 30 155220 1
82 29 155361 1
90 91 155443 1
7 72 155450 0
85 27 155455 1
93 104 155581 1
92 31 155581 1
94 34 155605 1
91 30 155695 1
45 50 155705 1
8 60 155763 1
61 40 155780 1
92 104 155821 1
80 117 155927 0
91 87 155985 1
77 53 155991 0
77 86 156012 0
34 59 156110 1
56 90 156162 0
73 96 156182 0
77 81 156233 0
30 78 156295 0
88 27 156324 1
7 76 156373 0
17 63 156419 1
89 28 156451 1
36 79 156555 0
7 74 156570 0
83 117 156600 0
92 64 156624 1
7 79 156643 0
92 59 156676 1
42 74 156757 0
78 117 156780 0
75 94 156798 0
74 94 156891 0
18 82 156911 0
92 51 156913 1
15 81 156946 0
90 99 156982 1
7 68 157011 0
87 28 157215 1
75 95 157313 0
77 111 157368 0
92 55 157421 1
42 52 157495 1
69 36 157507 1
78 114 157516 0
71 73 157620 0
8 81 157656 0
7 87 157727 0
95 53 157761 1
77 70 157787 0
91 61 157847 1
109 68 158018 1
78 66 158036 0
93 38 158181 1
90 28 158233 1
92 71 158243 1
79 54 158331 0
26 59 158357 1
78 70 158381 0
76 109 158416 0
92 58 158426 1
93 48 158445 1
97 35 158457 1
91 79 158466 1
89 91 158598 1
78 56 158633 0
77 106 158656 0
93 33 158664 1
91 74 158672 1
77 110 158674 0
77 84 158688 0
53 43 158699 1
91 84 158724 1
78 54 158779 0
87 117 158814 0
25 60 158814 1
32 78 158847 0
90 92 158892 1
78 73 158947 0
77 73 158948 0
87 27 158954 1
91 100 159011 1
76 75 159105 0
7 72 159130 0
77 113 159161 0
92 62 159239 1
92 80 159246 1
76 82 159252 0
84 117 159260 0
76 95 159278 0
90 95 159314 1
92 100 159319 1
77 107 159340 0
26 61 159370 1
77 103 159542 0
92 78 159641 1
91 112 159661 1
77 104 159742 0
90 113 159799 1
90 114 159829 1
75 90 159868 0
62 61 159891 0
80 117 159945 0
93 32 160017 1
78 114 160109 0
76 32 160154 1
93 37 160199 1
7 74 160210 0
23 82 160211 0
75 52 160217 0
75 64 160239 0
77 78 160245 0
33 77 160269 0
91 29 160271 1
74 52 160277 0
29 79 160292 0
77 112 160310 0
84 118 160340 0
77 101 160352 0
7 76 160467 0
23 81 160474 0
77 108 160499 0
62 39 160504 1
41 74 160542 0
27 91 160555 0
43 75 160561 0
7 69 160581 0
24 81 160592 0
91 99 160601 1
72 107 160607 0
93 105 160653 1
75 33 160791 1
84 26 160791 1
74 119 160822 0
25 80 160836 0
93 109 160840 1
93 68 160864 1
26 60 160877 1
39 75 160885 0
64 60 160910 0
34 77 160930 0
78 70 160975 0
92 68 161110 1
78 79 161177 0
15 82 161212 0
90 86 161213 1
83 117 161214 0
78 112 161268 0
74 32 161285 1
77 111 161306 0
79 116 161317 0
90 93 161366 1
8 68 161368 0
77 69 161381 0
90 89 161405 1
42 74 161416 0
93 108 161465 1
93 70 161485 1
93 31 161487 1
93 107 161529 1
92 76 161585 1
46 73 161602 0
92 65 161614 1
77 81 161631 0
92 66 161675 1
55 42 161677 1
8 81 161702 0
91 98 161704 1
93 27 161706 1
77 105 161726 0
92 57 161760 1
75 95 161816 0
77 52 161824 0
93 30 161846 1
7 78 161867 0
85 118 161945 0
92 75 161948 1
7 80 161967 0
18 63 161986 1
77 87 161991 0
78 73 162053 0
76 99 162055 0
8 70 162090 0
19 82 162116 0
93 62 162138 1
92 69 162147 1
77 74 162152 0
69 57 162163 0
76 105 162164 0
75 87 162170 0
8 82 162192 0
41 75 162194 0
51 70 162197 0
76 52 162197 0
77 120 162198 0
77 110 162208 0
34 79 162215 0
40 75 162273 0
91 60 162282 1
8 84 162308 0
79 114 162343 0
90 98 162382 1
12 82 162402 0
90 27 162407 1
77 53 162419 0
65 59 162432 0
77 98 162451 0
77 59 162462 0
92 67 162465 1
87 118 162474 0
20 82 162483 0
9 81 162589 0
92 73 162610 1
92 74 162628 1
90 96 162661 1
78 114 162668 0
11 81 162724 0
28 79 162812 0
92 101 162847 1
10 65 162857 1
21 81 162878 0
89 27 162891 1
74 64 162896 0
14 82 162896 0
80 29 162960 1
94 38 162962 1
86 27 162983 1
16 63 163052 1
23 62 163082 1
91 75 163101 1
58 42 163102 1
76 114 163110 0
5 15 163134 0
12 83 163146 0
26 18 163157 0
72 97 163163 0
92 70 163163 1
8 68 163165 0
86 119 163180 0
77 82 163185 0
74 90 163198 0
8 88 163199 0
68 58 163202 0
35 58 163213 1
10 87 163227 0
91 28 163263 1
15 90 163298 0
66 37 163313 1
6 78 163317 0
89 100 163337 1
69 63 163339 0
76 84 163355 0
87 119 163361 0
85 123 163366 0
75 85 163368 0
18 82 163381 0
11 82 163384 0
13 82 163386 0
92 72 163405 1
14 83 163423 0
63 39 163423 1
61 61 163445 0
35 57 163458 1
76 95 163542 0
0 68 163549 0
74 75 163552 0
92 30 163608 1
15 88 163611 0
9 82 163613 0
47 73 163629 0
7 73 163638 0
93 64 163675 1
58 65 163676 0
92 32 163694 1
76 103 163710 0
79 117 163718 0
23 90 163738 0
11 83 163757 0
13 87 163757 0
81 127 163774 0
75 96 163779 0
37 58 163782 1
93 63 163784 1
60 41 163804 1
90 88 163816 1
13 90 163845 0
78 70 163846 0
7 89 163858 0
33 89 163866 0
78 82 163876 0
15 92 163885 0
80 115 163944 0
77 83 163951 0
7 72 163975 0
76 101 163980 0
78 115 164000 1
8 67 164021 0
93 106 164082 1
74 53 164099 0
92 112 164132 1
92 60 164145 1
90 94 164160 1
86 26 164233 1
93 103 164243 1
35 77 164267 0
75 98 164324 0
76 109 164354 0
7 74 164369 0
75 92 164371 0
21 62 164397 1
19 81 164413 0
78 111 164540 0
43 74 164561 0
78 66 164567 0
79 54 164587 0
80 117 164596 0
8 70 164611 0
33 82 164630 0
5 74 164638 0
91 83 164679 1
77 106 164685 0
4 73 164702 0
21 82 164709 0
38 76 164716 0
78 122 164717 0
77 64 164750 0
27 79 164751 0
93 110 164818 1
90 97 164847 1
57 65 164851 0
94 35 164863 1
7 76 164886 0
12 81 164896 0
8 81 164903 0
74 125 164933 0
7 92 164935 0
70 35 164949 1
74 105 164951 0
7 71 164953 0
82 126 164972 0
77 107 164976 0
76 91 165013 0
91 77 165054 1
77 105 165094 0
7 79 165098 0
77 86 165151 0
77 112 165178 0
73 116 165185 0
8 81 165194 0
8 78 165194 0
8 82 165217 0
7 80 165305 0
70 56 165335 0
28 58 165394 1
56 67 165425 0
13 64 165457 1
91 100 165525 1
83 27 165616 1
55 41 165620 1
77 73 165629 0
97 35 165685 1
45 74 165703 0
92 82 165712 1
31 58 165752 1
12 66 165885 1
79 56 165949 0
78 73 165954 0
89 95 165978 1
79 55 166071 0
42 74 166086 0
66 58 166125 0
92 80 166173 1
76 93 166180 0
63 61 166225 0
78 114 166263 0
15 82 166283 0
66 60 166391 0
43 76 166482 0
78 56 166488 0
76 53 166522 0
75 95 166534 0
7 75 166603 0
88 27 166630 1
18 62 166630 1
73 54 166679 0
76 113 166718 0
72 120 166724 0
10 82 166771 0
72 34 166849 1
11 63 166889 1
77 85 166913 0
92 103 166923 1
78 63 167046 0
24 60 167067 1
92 49 167085 1
93 102 167088 1
92 29 167090 1
97 36 167131 1
77 111 167143 0
84 27 167176 1
33 58 167189 1
92 53 167209 1
94 33 167258 1
14 62 167265 1
28 59 167266 1
94 37 167271 1
27 59 167273 1
90 90 167326 1
92 28 167362 1
78 22 167401 1
14 63 167402 1
93 51 167448 1
91 113 167551 1
93 101 167596 1
78 82 167678 0
32 59 167713 1
29 59 167719 1
10 83 167745 0
30 59 167746 1
64 37 167751 1
77 72 167759 0
68 57 167777 0
15 64 167786 1
12 65 167922 1
78 52 167924 0
22 82 167959 0
48 71 167994 0
79 123 168062 0
56 65 168158 0
92 64 168164 1
93 44 168170 1
90 91 168229 1
91 81 168350 1
90 92 168361 1
78 58 168486 0
78 70 168518 0
92 52 168527 1
72 33 168566 1
92 46 168602 1
12 64 168624 1
109 68 168631 1
95 36 168637 1
89 23 168702 1
97 35 168709 1
56 90 168724 1
7 80 168732 0
67 36 168915 1
77 110 168964 0
71 56 168989 0
99 73 169072 1
77 103 169079 0
11 65 169125 1
91 97 169139 1
79 53 169200 0
92 48 169215 1
8 78 169292 0
9 65 169323 1
10 66 169399 1
80 30 169457 1
80 115 169464 0
92 58 169520 1
7 74 169564 0
83 117 169648 0
94 32 169835 1
96 20 169869 1
91 69 169871 1
93 73 169896 1
67 37 169897 1
92 77 169927 1
24 127 169949 1
73 34 169954 1
92 81 170016 1
94 42 170086 1
93 34 170104 1
19 63 170130 1
33 59 170165 1
8 81 170227 0
76 110 170252 0
14 64 170253 1
92 111 170338 1
76 109 170339 0
77 84 170417 0
91 78 170523 1
20 61 170660 1
92 110 170763 1
69 35 170873 1
44 74 170892 0
58 41 170928 1
21 63 170949 1
53 44 170980 1
11 66 171130 1
76 82 171143 0
61 39 171225 1
75 94 171324 0
92 59 171352 1
78 63 171354 0
77 81 171383 0
74 84 171483 0
95 31 171533 1
78 52 171534 0
30 58 171544 1
90 28 171660 1
63 38 171818 1
8 67 171880 0
77 85 171920 0
77 114 171963 0
57 40 171993 1
14 65 172026 1
40 74 172038 0
92 71 172046 1
92 51 172070 1
91 30 172085 1
38 55 172224 1
92 102 172343 1
92 79 172455 1
27 60 172498 1
77 64 172615 0
85 117 172695 0
77 105 172822 0
76 96 172875 0
5 83 172939 0
7 80 172980 0
93 104 173116 1
80 117 173118 0
78 58 173168 0
83 118 173193 0
75 101 173214 0
37 76 173243 0
78 54 173281 0
54 44 173316 1
34 78 173318 0
93 55 173475 1
7 76 173566 0
87 116 173641 0
82 117 173667 0
77 104 173724 0
19 62 173893 1
90 95 173965 1
39 75 174072 0
58 64 174102 0
91 99 174205 1
75 95 174215 0
30 78 174232 0
63 60 174280 0
56 90 174370 0
77 99 174440 0
30 60 174474 1
71 110 174507 0
41 74 174530 0
75 32 174567 1
66 38 174572 1
77 55 174705 0
39 54 174749 1
75 89 174779 0
74 78 174785 0
22 83 174797 0
45 86 174800 0
21 94 174900 0
5 45 174993 0
15 82 175039 0
81 117 175053 0
75 86 175077 0
93 75 175168 1
78 60 175228 0
79 59 175428 0
78 63 175597 0
94 34 175662 1
94 36 175675 1
77 108 175736 0
76 88 175793 0
8 79 175814 0
93 76 175845 1
16 82 176063 0
78 57 176081 0
18 83 176089 0
32 78 176149 0
50 69 176275 0
84 117 176314 0
93 69 176467 1
85 26 176467 1
45 19 176514 1
9 64 176550 1
95 61 176633 1
29 41 176656 1
78 52 176782 0
60 123 176809 1
85 118 177000 0
93 54 177050 1
76 80 177119 0
89 28 177134 1
90 93 177158 1
93 56 177174 1
97 35 177262 1
80 116 177324 0
91 29 177393 1
78 113 177517 0
78 114 177577 0
78 58 177590 0
93 43 177622 1
26 80 177675 0
56 90 177693 1
76 96 177746 0
78 79 177801 0
87 27 177881 1
109 79 177894 1
78 117 177935 0
82 117 177990 0
96 30 178064 1
93 33 178175 1
75 79 178211 0
83 28 178270 1
85 117 178431 0
93 45 178433 1
37 57 178525 1
95 35 178600 1
18 81 178681 0
81 120 178725 0
29 58 178730 1
93 39 178774 1
7 67 178813 0
93 42 178892 1
30 81 178908 0
42 74 179034 0
93 41 179074 1
77 123 179210 0
3 85 179266 0
95 38 179270 1
93 53 179360 1
94 25 179381 1
93 67 179460 1
61 38 179478 1
24 59 179798 1
34 57 179824 1
97 35 179860 1
91 93 179861 1
76 94 180113 0
77 73 180254 0
15 63 180260 1
81 117 180522 0
92 43 180589 1
92 63 180643 1
78 60 180651 0
85 27 180742 1
109 45 180774 1
18 82 180793 0
8 79 180816 0
40 74 180876 0
56 90 180931 0
91 88 181084 1
20 62 181087 1
109 45 181117 0
92 100 181157 1
76 109 181379 0
45 76 181453 0
93 32 181528 1
92 62 181583 1
25 82 181589 0
62 64 181649 0
76 104 181736 0
69 60 181737 0
90 96 181795 1
93 105 181858 1
51 71 182103 0
31 59 182157 1
7 80 182369 0
93 57 182470 1
80 116 182521 0
78 113 182606 0
95 99 182725 1
77 75 182747 0
78 63 182787 0
0 89 183133 0
74 91 183208 0
75 115 183270 0
76 96 183492 0
77 99 183606 0
78 59 183642 0
6 75 183789 0
76 79 183806 0
79 124 184143 0
92 66 184166 1
4 78 184178 0
90 117 184280 0
90 94 184280 1
77 98 184354 0
92 83 184443 1
92 101 184485 1
91 28 184566 1
32 79 184584 0
78 112 184640 0
78 77 184675 0
76 88 184697 0
78 73 184701 0
77 107 184745 0
90 89 184748 1
91 98 184755 1
27 32 184801 0
91 86 184808 1
93 38 184860 1
76 90 184871 0
93 103 184929 1
92 99 184931 1
93 40 184983 1
77 31 185004 1
78 58 185037 0
77 64 185089 0
81 115 185094 0
77 101 185111 0
78 82 185117 0
93 31 185149 1
80 115 185150 0
78 70 185150 0
92 76 185159 1
91 84 185186 1
93 58 185200 1
86 118 185231 0
93 60 185234 1
92 68 185247 1
92 57 185247 1
78 62 185261 0
93 107 185333 1
93 108 185374 1
93 106 185377 1
77 85 185414 0
92 75 185518 1
89 27 185542 1
84 118 185569 0
91 99 185570 1
78 60 185574 0
87 26 185655 1
93 102 185659 1
92 74 185662 1
79 114 185666 0
77 106 185726 0
92 78 185801 1
92 29 185804 1
79 67 185858 0
92 65 185867 1
76 94 185900 0
92 54 185905 1
79 54 185936 0
92 54 185956 1
27 80 185963 0
92 73 185987 1
84 120 185989 0
90 92 186004 1
78 111 186005 0
92 54 186013 1
9 63 186015 1
90 88 186015 1
76 95 186015 0
93 46 186024 1
92 49 186066 1
92 54 186068 1
93 65 186078 1
79 55 186081 0
92 70 186109 1
92 54 186120 1
91 29 186129 1
90 27 186159 1
86 27 186175 1
93 33 186176 1
92 54 186176 1
82 27 186201 1
93 59 186206 1
93 74 186207 1
93 104 186212 1
92 54 186235 1
78 52 186252 0
92 54 186283 1
91 83 186285 1
88 27 186306 1
81 117 186307 0
92 54 186340 1
91 96 186358 1
92 54 186401 1
89 26 186430 1
92 54 186459 1
95 34 186489 1
8 72 186514 0
119 56 186516 1
92 54 186530 1
90 91 186560 1
54 66 186585 0
77 111 186586 0
92 98 186587 1
92 67 186595 1
92 54 186596 1
45 73 186599 0
86 26 186604 1
91 27 186619 1
111 74 186627 1
93 79 186651 1
92 54 186670 1
92 100 186677 1
93 105 186690 1
93 61 186716 1
92 54 186741 1
79 116 186767 0
27 58 186780 1
92 54 186824 1
67 58 186834 0
77 110 186844 0
115 50 186845 1
92 48 186845 1
77 96 186854 0
77 105 186856 0
58 40 186877 1
93 55 186884 1
97 35 186884 1
92 54 186906 1
37 56 186913 1
95 101 186925 1
77 103 186946 0
77 108 186957 0
77 87 186971 0
79 69 186977 0
94 44 186977 1
92 54 187019 1
91 28 187028 1
91 85 187039 1
90 90 187049 1
77 101 187054 0
85 117 187101 0
83 117 187115 0
92 80 187124 1
13 80 187129 0
92 54 187138 1
93 30 187145 1
68 36 187177 1
92 99 187198 1
79 56 187216 0
76 93 187218 0
94 39 187225 1
78 113 187258 0
92 54 187301 1
93 109 187307 1
88 26 187313 1
81 118 187315 0
77 98 187332 0
76 87 187345 0
59 40 187361 1
94 40 187364 1
91 97 187388 1
77 113 187390 0
92 71 187393 1
82 118 187418 0
79 53 187455 0
93 71 187467 1
50 70 187485 0
92 54 187486 1
77 104 187492 0
93 66 187492 1
93 52 187498 1
94 35 187499 1
76 91 187506 0
92 64 187507 1
92 101 187531 1
76 32 187569 1
80 116 187573 0
78 79 187588 0
85 116 187592 0
76 97 187593 0
78 112 187605 0
59 63 187669 0
77 107 187726 0
29 78 187745 0
92 54 187757 1
91 98 187764 1
2 76 187768 0
75 93 187770 0
77 99 187783 0
94 38 187795 1
89 27 187811 1
78 77 187850 0
8 68 187851 0
29 60 187882 1
20 63 187884 1
91 49 187886 1
63 39 187887 1
53 45 187935 1
8 66 187954 0
56 65 187975 0
77 112 187995 0
8 81 188006 0
49 71 188008 0
93 29 188017 1
77 52 188024 0
90 94 188056 1
77 53 188061 0
84 117 188068 0
55 66 188072 0
35 76 188076 0
94 33 188076 1
91 99 188087 1
78 66 188110 0
93 64 188117 1
18 81 188122 0
92 54 188125 1
47 71 188148 0
77 57 188153 0
17 85 188174 0
8 78 188178 0
77 106 188181 0
76 96 188213 0
79 60 188233 0
91 111 188238 1
93 37 188267 1
8 79 188272 0
93 50 188278 1
80 115 188310 0
93 101 188311 1
88 117 188316 0
29 77 188317 0
41 73 188319 0
92 84 188326 1
78 59 188331 0
79 114 188334 0
62 39 188355 1
81 26 188358 1
87 117 188410 0
20 82 188415 0
90 96 188425 1
28 60 188428 1
57 41 188454 1
19 82 188499 0
93 47 188515 1
82 117 188527 0
32 58 188555 1
93 103 188592 1
93 100 188597 1
33 77 188634 0
8 70 188634 0
93 43 188646 1
78 114 188671 0
79 59 188680 0
75 95 188696 0
65 37 188698 1
22 81 188701 0
90 89 188706 1
46 74 188759 0
5 87 188763 0
13 81 188767 0
92 76 188791 1
7 74 188791 0
92 72 188797 1
92 54 188815 1
93 102 188817 1
93 32 188823 1
93 31 188824 1
72 115 188839 0
8 68 188852 0
79 54 188864 0
93 56 188874 1
94 34 188889 1
78 108 188893 0
67 57 188897 0
94 32 188912 1
78 73 188913 0
78 82 188952 0
92 75 188961 1
92 66 188961 1
93 34 188998 1
93 63 189009 1
76 90 189013 0
75 51 189019 0
12 63 189074 1
93 42 189083 1
8 67 189085 0
19 80 189088 0
43 53 189092 1
36 77 189098 0
93 49 189110 1
93 57 189153 1
64 38 189156 1
23 61 189185 1
14 82 189189 0
34 77 189196 0
90 93 189207 1
65 38 189215 1
22 60 189221 1
11 64 189229 1
92 28 189240 1
9 81 189250 0
77 86 189263 0
88 116 189293 0
67 59 189329 0
90 26 189331 1
10 65 189339 1
81 115 189343 0
15 81 189349 0
47 72 189362 0
36 57 189371 1
31 58 189402 1
93 108 189448 1
78 70 189467 0
94 31 189485 1
8 72 189487 0
76 64 189489 0
90 92 189507 1
33 78 189554 0
93 106 189556 1
54 43 189561 1
76 86 189574 0
79 55 189580 0
19 81 189597 0
73 53 189629 0
16 83 189630 0
94 36 189642 1
92 69 189647 1
93 68 189656 1
33 58 189668 1
77 98 189727 0
94 37 189741 1
93 107 189773 1
92 99 189784 1
8 79 189794 0
91 28 189824 1
78 31 189824 1
78 111 189836 0
22 61 189871 1
78 116 189892 0
11 81 189938 0
91 29 189950 1
76 94 189958 0
47 49 189980 1
24 61 189983 1
92 53 189990 1
8 78 190002 0
91 86 190004 1
21 62 190018 1
25 81 190061 0
8 70 190076 0
92 54 190089 1
93 44 190109 1
78 62 190124 0
65 36 190125 1
8 68 190127 0
73 33 190142 1
39 76 190194 0
17 62 190198 1
16 62 190198 1
93 67 190199 1
8 66 190213 0
57 64 190214 0
9 82 190222 0
12 94 190225 0
19 83 190230 0
77 84 190247 0
23 80 190272 0
78 65 190295 0
92 100 190311 1
12 81 190352 0
78 63 190357 0
21 81 190371 0
11 82 190423 0
78 83 190440 0
17 63 190452 1
61 40 190477 1
71 36 190477 1
56 90 190478 1
93 40 190524 1
93 39 190544 1
10 64 190560 1
18 63 190575 1
92 68 190577 1
16 82 190593 0
77 83 190630 0
92 82 190668 1
92 58 190712 1
34 58 190723 1
77 85 190759 0
92 74 190776 1
76 104 190777 0
35 57 190793 1
60 39 190800 1
77 96 190805 0
42 74 190817 0
73 110 190821 0
23 81 190826 0
70 55 190836 0
30 59 190857 1
34 53 190860 1
94 102 190867 1
78 60 190871 0
77 95 190878 0
88 27 190941 1
13 65 190941 1
25 79 190951 0
92 29 190972 1
77 93 190977 0
13 63 191008 1
12 82 191014 0
93 72 191027 1
91 84 191073 1
43 74 191087 0
74 32 191114 1
92 81 191145 1
93 105 191148 1
92 110 191149 1
78 113 191182 0
83 117 191205 0
86 26 191225 1
77 100 191225 0
85 26 191226 1
79 53 191285 0
97 35 191293 1
93 58 191305 1
77 51 191314 0
8 67 191362 0
93 53 191367 1
77 108 191367 0
80 28 191374 1
92 73 191398 1
90 88 191398 1
84 26 191433 1
74 33 191494 1
10 63 191498 1
74 14 191530 0
87 26 191543 1
21 61 191559 1
8 68 191566 0
35 77 191597 0
84 27 191598 1
66 37 191601 1
30 78 191603 0
93 62 191608 1
12 66 191609 1
78 77 191620 0
8 72 191659 0
91 98 191662 1
77 80 191663 0
6 81 191683 0
81 117 191687 0
78 79 191692 0
41 74 191701 0
72 108 191702 0
7 72 191727 0
8 71 191783 0
8 79 191786 0
78 52 191787 0
73 32 191855 1
28 79 191867 0
65 60 191883 0
46 72 191886 0
93 77 191899 1
22 62 191920 1
28 59 191930 1
92 49 191930 1
29 79 191944 0
90 95 191950 1
13 82 191955 0
47 48 192016 1
18 62 192016 1
59 64 192053 0
8 70 192065 0
77 99 192075 0
40 74 192090 0
8 78 192118 0
40 54 192123 1
75 52 192133 0
89 26 192146 1
82 28 192169 1
77 105 192174 0
77 103 192176 0
79 66 192182 0
76 100 192215 0
77 101 192220 0
75 92 192222 0
93 70 192233 1
78 64 192242 0
79 70 192256 0
93 78 192283 1
8 65 192285 0
40 53 192331 1
53 66 192355 0
81 29 192363 1
89 27 192368 1
93 104 192390 1
79 56 192396 0
8 83 192400 0
56 66 192469 0
69 36 192483 1
41 53 192534 1
76 95 192538 0
83 27 192558 1
91 87 192623 1
92 46 192639 1
78 112 192722 0
92 70 192724 1
30 58 192734 1
90 27 192754 1
39 75 192754 0
65 58 192783 0
10 82 192818 0
21 82 192825 0
79 67 192883 0
18 82 192884 0
78 58 192908 0
45 75 192926 0
94 105 192929 1
26 60 192948 1
76 90 192956 0
76 93 192969 0
71 54 193069 0
39 55 193193 1
8 80 193204 0
48 48 193212 1
59 39 193219 1
80 117 193238 0
63 37 193255 1
13 80 193261 0
18 81 193281 0
92 80 193302 1
41 54 193329 1
25 60 193342 1
95 32 193395 1
27 79 193396 0
93 60 193399 1
76 97 193453 0
78 74 193453 0
90 94 193505 1
90 91 193505 1
20 82 193519 0
28 58 193544 1
76 88 193573 0
103 45 193578 1
23 60 193578 1
98 31 193584 1
25 58 193603 1
93 51 193676 1
11 65 193676 1
51 68 193702 0
15 82 193730 0
93 75 193780 1
74 54 193787 0
43 21 193823 1
77 107 193878 0
78 59 193878 0
19 61 193906 1
86 27 193935 1
48 49 193935 1
77 87 193952 0
93 30 193967 1
43 73 193981 0
23 83 194015 0
93 59 194017 1
79 60 194069 0
91 100 194086 1
8 81 194104 0
76 82 194108 0
76 31 194137 1
15 81 194156 0
80 116 194187 0
8 72 194187 0
45 73 194246 0
23 82 194328 0
71 35 194340 1
94 77 194349 1
8 68 194351 0
25 80 194367 0
8 71 194414 0
8 69 194426 0
90 28 194427 1
16 63 194442 1
15 62 194445 1
8 76 194457 0
92 83 194476 1
81 27 194499 1
32 77 194509 0
94 41 194545 1
29 59 194578 1
82 117 194617 0
77 100 194642 0
8 79 194650 0
13 81 194658 0
81 28 194658 1
20 62 194677 1
78 108 194683 0
92 54 194687 1
91 99 194695 1
76 96 194731 0
76 80 194771 0
80 115 194791 0
26 59 194798 1
41 80 194834 0
92 48 194856 1
84 119 194857 0
61 39 194866 1
56 41 194891 1
71 33 194911 1
87 116 194935 0
33 57 194945 1
90 94 194952 1
45 74 194979 0
59 41 194993 1
16 64 195020 1
25 59 195033 1
79 59 195062 0
67 97 195075 0
35 58 195085 1
8 67 195100 0
77 111 195106 0
20 61 195122 1
77 98 195158 0
93 33 195200 1
7 76 195235 0
78 83 195260 0
27 59 195302 1
77 51 195310 0
32 82 195332 0
73 125 195335 0
90 90 195338 1
40 75 195347 0
77 50 195369 0
27 78 195413 0
62 38 195418 1
60 63 195441 0
31 79 195461 0
92 71 195475 1
58 65 195483 0
19 82 195501 0
77 76 195502 0
24 80 195512 0
75 90 195520 0
19 62 195530 1
89 89 195585 1
91 97 195669 1
52 43 195718 1
78 65 195761 0
7 77 195802 0
10 65 195803 1
75 88 195821 0
24 81 195883 0
46 73 195907 0
73 59 195957 0
90 86 195962 1
15 84 195982 0
35 80 196003 0
75 97 196009 0
42 53 196043 1
15 87 196072 0
29 78 196073 0
93 61 196117 1
74 52 196183 0
3 84 196202 0
97 35 196238 1
77 110 196262 0
8 80 196286 0
78 64 196308 0
91 28 196322 1
92 101 196322 1
92 60 196341 1
93 41 196384 1
93 103 196395 1
68 57 196435 0
9 81 196479 0
56 90 196527 0
92 79 196537 1
79 119 196568 0
76 50 196584 1
93 54 196636 1
78 77 196642 0
78 73 196731 0
85 117 196738 0
93 69 196755 1
33 76 196802 0
77 104 196809 0
8 71 196859 0
93 65 196873 1
8 76 196930 0
92 78 197098 1
32 59 197098 1
76 94 197105 0
93 38 197177 1
78 62 197207 0
32 78 197224 0
85 121 197251 0
14 82 197259 0
67 57 197281 0
8 69 197305 0
93 101 197360 1
79 55 197417 0
5 71 197480 0
90 92 197705 1
8 78 197710 0
109 45 197732 1
35 82 197740 0
79 69 197766 0
3 78 197767 0
19 84 197772 0
17 83 197773 0
74 104 197779 0
35 78 197782 0
73 107 197786 0
77 77 197787 0
36 78 197796 0
7 70 197799 0
8 70 197812 0
69 96 197826 0
74 63 197849 0
70 34 197850 1
2 77 197866 0
76 108 197886 0
8 72 197892 0
84 117 197904 0
16 87 197927 0
29 91 197951 0
93 45 197953 1
78 123 197954 0
81 119 197990 0
42 75 197993 0
65 70 198000 0
65 75 198000 0
91 95 198003 1
19 85 198011 0
83 118 198017 0
93 48 198022 1
75 113 198049 0
71 102 198051 0
79 54 198052 0
77 100 198054 0
23 87 198057 0
73 68 198080 0
85 116 198110 0
83 117 198130 0
81 115 198134 0
82 93 198140 1
80 118 198142 0
5 91 198143 0
78 74 198158 0
92 76 198159 1
78 82 198181 0
45 72 198187 0
22 90 198207 0
93 31 198230 1
76 97 198280 0
77 118 198290 0
6 76 198333 0
75 117 198339 0
83 119 198354 0
54 67 198362 0
70 117 198400 0
78 113 198419 0
79 78 198427 0
70 93 198452 0
94 30 198481 1
94 34 198493 1
76 91 198560 0
94 35 198599 1
109 45 198618 0
41 73 198622 0
51 69 198639 0
77 90 198698 0
91 27 198715 1
93 52 198788 1
93 102 198811 1
88 26 198814 1
94 106 198823 1
91 96 198847 1
78 50 198864 0
78 114 198892 0
93 46 198938 1
8 76 198956 0
27 80 199009 0
48 70 199019 0
93 76 199025 1
92 98 199038 1
8 71 199064 0
94 32 199096 1
94 33 199119 1
93 55 199122 1
76 115 199152 0
93 32 199154 1
76 90 199180 0
93 56 199212 1
78 76 199222 0
79 53 199227 0
97 35 199241 1
92 112 199248 1
92 111 199258 1
78 60 199262 0
12 65 199276 1
92 99 199279 1
77 99 199306 0
77 96 199314 0
78 111 199318 0
72 106 199326 0
70 56 199344 0
75 103 199355 0
22 82 199379 0
8 80 199390 0
78 70 199430 0
92 28 199445 1
93 57 199456 1
77 95 199464 0
93 107 199473 1
92 100 199473 1
9 80 199521 0
77 98 199522 0
66 36 199539 1
13 83 199589 0
93 105 199590 1
56 90 199646 1
90 89 199671 1
77 93 199673 0
92 95 199690 1
92 29 199695 1
94 59 199701 1
77 31 199702 1
94 104 199704 1
92 27 199763 1
79 114 199772 0
91 98 199806 1
78 108 199871 0
57 65 199919 0
46 76 199929 0
76 69 199944 0
78 75 199958 0
93 106 199970 1
77 51 199972 0
82 115 199993 0
93 110 199997 1
0 0 200010 0
