100 54 0 1
89 43 17 1
65 89 48 0
96 48 98 1
64 42 103 1
87 42 115 1
50 75 120 0
94 46 130 1
84 58 142 0
95 11 142 1
34 81 144 0
65 93 159 0
82 42 232 1
22 81 332 0
78 57 361 0
96 47 371 1
26 82 388 0
16 74 392 0
54 76 400 0
34 82 429 0
66 89 450 0
16 78 474 0
87 73 484 0
92 44 518 1
39 61 520 1
95 47 541 1
80 42 594 1
76 99 606 0
66 88 639 0
80 57 643 0
56 41 700 1
101 58 732 1
39 60 733 1
31 81 787 0
46 73 795 0
84 57 821 0
61 39 988 1
50 73 1033 0
100 56 1050 1
69 95 1055 0
57 38 1088 1
97 78 1100 1
55 44 1106 0
26 81 1131 0
45 56 1132 1
87 43 1161 1
69 97 1182 0
70 44 1241 1
82 56 1268 0
87 59 1293 0
63 42 1307 1
40 77 1316 0
38 77 1347 0
64 93 1374 0
57 39 1376 1
62 43 1389 1
29 81 1455 0
78 58 1473 0
99 70 1503 1
69 45 1523 1
20 81 1605 0
66 44 1605 1
70 98 1614 0
90 44 1617 1
86 43 1671 1
61 40 1719 1
90 43 1729 1
67 44 1737 1
98 75 1760 1
66 93 1770 0
102 52 1776 1
101 56 1777 1
51 75 1794 0
66 94 1794 0
74 59 1833 0
55 43 1839 0
72 44 1844 1
80 43 1885 1
93 46 1886 1
95 81 1887 1
75 58 1888 0
64 41 1938 1
99 52 1974 1
62 41 2029 1
92 43 2050 1
54 46 2068 0
68 96 2085 0
71 98 2088 0
42 59 2091 1
25 82 2093 0
85 43 2096 1
49 73 2100 0
81 56 2176 0
68 46 2177 1
32 81 2193 0
47 73 2197 0
89 64 2202 0
73 59 2208 0
79 42 2234 1
101 59 2256 1
65 66 2258 1
81 55 2268 0
88 43 2271 1
71 85 2271 1
85 58 2280 0
16 72 2338 0
19 80 2354 0
101 64 2371 1
63 43 2397 1
99 47 2401 1
81 79 2414 1
21 81 2436 0
81 43 2452 1
44 56 2515 1
55 78 2574 0
87 71 2612 0
16 71 2665 0
72 59 2677 0
53 49 2680 0
101 60 2695 1
91 44 2700 1
99 51 2717 1
64 92 2761 0
62 71 2798 1
73 84 2810 1
89 59 2822 0
71 97 2846 0
89 65 2852 0
85 42 2853 1
85 57 2904 0
44 74 2912 0
100 52 2968 1
24 65 3046 1
75 99 3089 0
65 92 3112 0
47 56 3116 1
18 80 3128 0
49 55 3152 1
83 42 3162 1
34 80 3196 0
97 49 3214 1
100 69 3291 1
78 98 3292 0
50 73 3305 0
23 64 3385 1
88 59 3407 0
30 80 3409 0
26 65 3417 1
16 75 3417 0
41 77 3448 0
48 55 3592 1
45 57 3592 1
76 58 3725 0
18 77 3789 0
35 80 3801 0
64 43 3823 1
30 64 3833 1
75 57 3838 0
75 44 3839 1
89 66 3853 0
17 76 3866 0
31 64 3947 1
78 42 4046 1
28 65 4075 1
98 50 4151 1
77 42 4218 1
27 65 4224 1
86 73 4280 0
98 51 4324 1
84 42 4353 1
17 79 4361 0
53 76 4379 0
27 81 4436 0
17 77 4462 0
60 39 4480 1
71 43 4506 1
59 41 4519 1
71 45 4525 1
16 74 4555 0
18 106 4583 1
29 64 4611 1
41 59 4621 1
102 57 4637 1
15 76 4647 0
65 43 4660 1
72 84 4678 1
49 74 4709 0
72 85 4710 1
94 46 4763 1
34 61 4771 1
96 48 4803 1
79 99 4835 0
73 85 4835 1
87 59 4849 0
53 75 4862 0
25 67 4880 1
25 65 4880 1
38 60 4915 1
91 43 4934 1
33 81 4993 0
100 53 5000 1
64 98 5020 0
97 77 5029 1
22 82 5045 0
76 99 5074 0
35 61 5102 1
77 98 5113 0
22 81 5151 0
81 42 5156 1
54 47 5180 0
34 64 5208 1
77 99 5247 0
20 81 5274 0
99 53 5277 1
83 43 5311 1
67 45 5326 1
79 43 5396 1
30 81 5431 0
61 42 5432 1
50 55 5432 1
46 74 5437 0
28 81 5449 0
17 78 5458 0
33 63 5487 1
101 62 5502 1
88 59 5532 0
77 43 5536 1
16 78 5545 0
55 76 5575 0
15 72 5633 0
99 72 5657 1
100 55 5681 1
101 55 5682 1
48 56 5734 1
33 64 5773 1
61 70 5773 1
21 96 5803 0
21 81 5803 0
48 57 5805 1
29 65 5806 1
95 47 5826 1
44 57 5826 1
83 77 5848 0
54 77 5870 0
69 85 5882 1
42 76 5885 0
66 94 5898 0
63 93 5920 0
82 57 5927 0
17 73 5942 0
84 57 5945 0
88 65 5974 0
81 44 5992 1
29 81 6005 0
80 42 6015 1
69 61 6043 0
31 65 6045 1
78 43 6045 1
73 44 6052 1
70 60 6061 0
16 77 6083 0
71 84 6105 1
71 60 6133 0
80 99 6156 0
66 45 6157 1
65 64 6173 1
74 85 6188 1
16 79 6203 0
74 43 6233 1
99 68 6280 1
89 43 6305 1
69 96 6316 0
19 80 6319 0
15 80 6321 0
65 90 6339 0
100 54 6377 1
29 84 6396 0
95 11 6397 0
93 45 6421 1
20 68 6445 1
76 100 6455 0
58 75 6526 0
30 65 6539 1
100 68 6554 1
87 43 6592 1
82 42 6631 1
84 59 6640 0
15 73 6715 0
73 43 6732 1
69 97 6770 0
24 81 6783 0
51 54 6878 1
19 81 6893 0
50 75 6904 0
62 42 6988 1
64 42 7090 1
71 99 7102 0
53 43 7108 0
30 82 7111 0
60 40 7160 1
26 81 7206 0
88 68 7318 0
86 43 7418 1
25 67 7435 1
62 70 7460 1
15 75 7493 0
84 93 7505 1
61 39 7584 1
98 49 7599 1
90 44 7599 1
40 78 7640 0
89 65 7745 0
63 90 7819 0
53 75 7858 0
88 59 7886 0
13 76 7906 0
54 76 7911 0
39 77 7974 0
57 41 8004 1
50 73 8039 0
76 85 8055 1
70 98 8113 0
50 54 8130 1
27 81 8200 0
20 83 8235 0
23 65 8246 1
62 39 8251 1
35 79 8280 0
99 50 8353 1
96 47 8373 1
69 95 8417 0
89 63 8557 0
22 67 8557 1
60 41 8588 1
81 78 8600 1
67 85 8691 1
22 65 8710 1
53 48 8743 0
101 61 8806 1
97 48 8815 1
62 40 8983 1
101 57 9002 1
16 74 9072 0
20 81 9097 0
61 40 9145 1
59 39 9212 1
65 45 9258 1
66 94 9281 0
34 80 9305 0
96 78 9374 1
70 45 9461 1
97 75 9558 1
99 52 9604 1
53 76 9769 0
69 96 9892 0
63 68 9945 1
88 43 9948 1
77 44 9950 1
98 74 9968 1
76 58 9980 0
70 85 10087 1
21 80 10218 0
99 55 10231 1
10 47 10274 0
93 46 10303 1
75 93 10407 1
24 81 10429 0
32 80 10443 1
88 61 10477 0
76 84 10494 1
92 45 10523 1
61 59 10534 1
86 42 10577 1
88 59 10644 0
46 56 10688 1
88 42 10855 1
63 39 10989 1
96 46 11005 1
42 58 11023 1
49 74 11076 0
43 75 11158 0
16 78 11325 0
52 76 11472 0
75 100 11804 0
82 56 11874 0
53 75 11887 0
54 44 11984 0
66 98 11993 0
65 88 12111 0
31 80 12114 0
33 82 12185 0
68 54 12235 1
25 66 12272 1
19 92 12292 0
70 117 12298 0
95 80 12301 1
17 80 12326 0
87 69 12389 0
27 81 12422 0
76 59 12503 0
89 59 12536 0
63 14 12648 0
23 81 12651 0
66 94 12668 0
75 43 12707 1
16 73 12746 0
28 84 12772 0
14 78 12805 0
73 101 12806 0
80 98 12807 0
54 41 12830 0
67 97 12882 0
49 73 12889 0
13 81 12899 0
68 96 12935 0
9 84 12966 0
75 102 13010 0
79 56 13063 0
54 77 13084 0
66 95 13087 0
89 65 13093 0
84 60 13149 0
54 51 13240 0
66 89 13271 0
27 66 13286 1
67 95 13296 0
66 93 13316 0
52 77 13339 0
47 71 13455 0
81 97 13470 0
48 75 13512 0
20 81 13622 0
70 63 13641 0
65 94 13653 0
101 53 13663 1
24 81 13681 0
21 80 13749 0
17 77 13753 0
77 58 13877 0
85 58 13948 0
70 61 13949 0
89 63 14042 0
54 48 14055 0
17 71 14153 0
92 44 14201 1
53 76 14686 0
85 43 14795 1
54 43 14847 0
84 57 14881 0
88 59 14988 0
45 74 14990 0
65 44 15102 1
57 76 15167 0
87 59 15223 0
65 93 15258 0
18 83 15386 0
16 74 15518 0
17 72 15597 0
101 65 15611 1
56 76 15644 0
68 41 15809 1
69 96 15940 0
46 72 16192 0
23 81 16219 0
16 72 16262 0
17 79 16263 0
68 97 16271 0
47 72 16274 0
18 80 16297 0
50 75 16335 0
87 73 16492 0
22 81 16504 0
57 75 16514 0
54 42 16514 0
66 94 16555 0
88 61 16672 0
94 82 16772 1
32 81 16796 0
67 95 16850 0
36 80 16965 0
50 77 16995 0
34 53 17007 0
72 43 17049 1
18 77 17082 0
49 74 17278 0
63 42 17648 1
59 40 17771 1
83 42 17773 1
68 45 17786 1
24 81 17810 0
94 34 17859 1
16 73 17945 0
75 58 18032 0
27 81 18099 0
23 66 18128 1
16 77 18158 0
98 50 18245 1
89 89 18260 0
77 98 18275 0
46 57 18280 1
100 66 18324 1
26 65 18332 1
69 59 18385 0
100 70 18439 1
54 49 18566 0
118 28 18772 1
66 95 18784 0
86 58 18786 0
65 103 18816 0
52 74 19204 0
72 98 19329 0
24 66 19350 1
71 98 19556 0
15 78 19614 0
21 80 19641 0
23 81 19718 0
84 59 19744 0
38 61 19983 1
65 94 20000 0
69 99 20039 0
77 42 20043 1
34 80 20095 0
56 39 20107 1
100 64 20322 1
62 41 20342 1
37 61 20357 1
97 49 20358 1
68 44 20359 1
30 80 20525 0
88 64 20626 0
88 70 20751 0
71 85 20768 1
81 55 20777 0
16 75 20993 0
85 42 21038 1
101 67 21141 1
39 77 21149 0
67 95 21180 0
53 47 21239 0
90 43 21328 1
47 72 21386 0
24 65 21438 1
53 76 21555 0
84 42 21557 1
43 57 21588 1
63 43 21661 1
89 63 21697 0
86 72 21698 0
57 40 21733 1
101 63 21941 1
21 65 22001 1
109 45 22028 1
55 48 22159 0
106 55 22252 1
54 77 22372 0
77 59 22395 0
56 76 22540 0
52 74 22571 0
102 58 22765 1
86 58 22782 0
59 74 22936 0
76 42 22936 1
72 98 23001 0
66 94 23157 0
89 124 23266 1
89 42 23371 1
80 79 23435 1
109 45 23492 0
20 81 23554 0
28 65 23797 1
46 73 23890 0
16 78 23982 0
31 81 24068 0
70 84 24654 1
66 95 24667 0
101 58 24674 1
23 81 24686 0
58 40 24812 1
91 44 24872 1
80 43 24952 1
74 100 24981 0
89 65 25026 0
68 86 25078 1
64 43 25131 1
100 53 25329 1
36 81 25440 0
26 82 25458 0
51 43 25509 0
71 100 25526 0
18 81 25565 0
96 48 25568 1
101 59 25594 1
99 51 25660 1
100 52 25707 1
36 61 25725 1
94 46 25758 1
79 100 25764 0
75 99 25772 0
50 76 25813 0
75 85 25855 1
73 113 25859 0
95 46 25880 1
87 60 25948 0
13 92 25954 0
70 96 25957 0
15 112 25960 0
78 57 25985 0
16 103 25998 0
71 101 26002 0
76 101 26040 0
88 70 26078 0
16 70 26087 0
87 43 26114 1
27 65 26151 1
101 60 26151 1
73 110 26192 0
67 94 26196 0
69 60 26223 0
76 58 26259 0
70 98 26285 0
89 62 26331 0
87 90 26389 0
96 79 26411 1
83 55 26439 0
55 45 26472 0
93 44 26492 1
99 71 26505 1
16 73 26541 0
68 62 26613 0
66 88 26634 0
101 66 26684 1
61 41 26694 1
48 73 26705 0
71 97 26719 0
77 82 26768 0
76 99 26830 0
95 47 26874 1
87 42 26884 1
72 84 26905 1
86 58 26950 0
65 94 26995 0
55 49 27015 0
49 74 27049 0
89 59 27074 0
81 43 27075 1
78 98 27079 0
72 98 27106 0
88 61 27115 0
53 75 27115 0
79 42 27147 1
72 60 27153 0
65 89 27167 0
101 54 27174 1
55 48 27193 0
85 57 27207 0
66 44 27231 1
80 42 27310 1
96 47 27363 1
69 84 27402 1
100 51 27507 1
71 96 27583 0
100 54 27614 1
65 91 27676 0
88 59 27732 0
65 92 27795 0
50 73 27832 0
81 42 27887 1
69 97 27910 0
101 62 27945 1
47 55 27957 1
55 42 27967 0
52 74 27972 0
101 56 27990 1
67 95 28091 0
69 95 28138 0
54 46 28144 0
89 43 28158 1
24 81 28188 0
65 90 28195 0
73 59 28218 0
84 58 28235 0
77 43 28246 1
72 59 28279 0
55 44 28298 0
5 89 28317 0
101 59 28333 1
82 42 28439 1
84 56 28484 0
100 72 28543 1
98 49 28547 1
37 62 28641 1
45 56 28719 1
81 56 28724 0
41 76 28776 0
17 78 28797 0
39 60 28856 1
97 48 28856 1
40 60 28866 1
26 81 28927 0
54 45 28930 0
56 75 28934 0
100 69 28950 1
70 96 29016 0
78 43 29043 1
93 45 29089 1
99 52 29098 1
79 43 29133 1
78 42 29244 1
90 44 29280 1
22 66 29357 1
101 61 29602 1
53 48 29615 0
67 94 29623 0
34 63 29637 1
99 73 29645 1
107 46 29699 1
58 39 29713 1
106 55 29823 1
72 44 29838 1
64 42 29873 1
74 43 29883 1
77 57 29944 0
17 72 29969 0
69 44 29993 1
73 86 30010 1
73 85 30024 1
55 76 30040 0
21 66 30069 1
16 71 30091 0
29 81 30115 0
51 75 30121 0
97 76 30159 1
85 34 30208 1
101 52 30239 1
73 84 30295 1
77 99 30312 0
61 39 30337 1
65 42 30341 1
102 54 30353 1
17 76 30409 0
37 60 30475 1
66 95 30493 0
17 73 30508 0
109 60 30509 1
17 77 30524 0
89 66 30531 0
70 101 30545 0
67 45 30587 1
95 45 30601 1
101 57 30677 1
32 64 30684 1
16 74 30773 0
40 77 30794 0
49 55 30867 1
27 64 30868 1
70 44 30911 1
71 84 30911 1
38 60 30937 1
47 72 30938 0
73 113 30972 1
91 43 31025 1
74 84 31028 1
61 40 31073 1
83 57 31143 0
88 70 31163 0
82 79 31168 1
19 80 31211 0
64 41 31288 1
56 76 31376 0
101 64 31391 1
67 44 31403 1
86 43 31446 1
23 81 31470 0
87 43 31474 1
21 81 31500 0
69 45 31506 1
77 98 31559 0
25 65 31588 1
69 96 31613 0
100 52 31624 1
48 55 31643 1
27 81 31715 0
75 43 31742 1
97 49 31750 1
72 98 31801 0
56 49 31803 0
99 50 31853 1
97 47 31854 1
101 58 31855 1
100 67 31856 1
98 48 31873 1
77 42 31897 1
84 41 31897 1
84 56 31947 0
89 62 31968 0
31 80 32021 0
55 48 32158 0
88 43 32170 1
100 53 32184 1
50 74 32225 0
88 60 32271 0
28 81 32281 0
32 80 32281 0
86 58 32372 0
21 80 32518 0
35 79 32527 0
70 95 32588 0
37 7 32740 0
100 68 32746 1
82 56 32747 0
94 46 32792 1
69 99 32930 0
85 42 32948 1
69 105 32971 0
67 94 32994 0
60 39 33018 1
14 73 33033 0
52 74 33058 0
74 59 33076 0
99 51 33134 1
86 41 33189 1
73 98 33264 0
24 84 33327 0
48 73 33352 0
28 64 33355 1
18 77 33381 0
60 38 33429 1
57 38 33438 1
31 64 33523 1
16 78 33655 0
50 73 33665 0
70 96 33680 0
77 56 33718 0
91 44 33719 1
101 60 33769 1
30 64 33770 1
62 40 33792 1
40 82 33865 0
62 42 33914 1
92 44 33930 1
71 44 33983 1
15 86 34057 0
15 77 34074 0
90 43 34087 1
66 93 34133 0
70 97 34196 0
29 82 34250 0
22 81 34286 0
14 71 34297 0
15 87 34310 0
98 50 34321 1
55 43 34341 0
53 76 34357 0
86 42 34367 1
66 94 34482 0
89 59 34489 0
53 104 34547 0
54 76 34562 0
24 64 34563 1
100 71 34601 1
36 79 34643 0
59 38 34702 1
29 64 34829 1
35 82 34901 0
101 55 34911 1
65 43 34962 1
35 80 35001 0
29 65 35016 1
54 47 35030 0
89 64 35042 0
24 82 35087 0
74 58 35087 0
98 75 35090 1
81 99 35103 0
64 97 35145 0
23 82 35147 0
67 95 35168 0
79 97 35215 0
30 80 35224 0
23 92 35236 0
89 63 35267 0
85 62 35290 0
65 91 35327 0
71 98 35337 0
21 91 35416 0
73 113 35548 0
36 82 35609 0
35 81 35614 0
71 59 35640 0
84 56 35704 0
38 78 35755 0
38 77 35820 0
64 43 35876 1
49 73 35892 0
17 70 35895 0
84 42 35915 1
23 64 35956 1
95 46 35981 1
67 93 36002 0
88 72 36092 0
96 47 36120 1
84 59 36176 0
62 39 36319 1
54 45 36384 0
109 45 36442 1
20 78 36491 0
17 75 36502 0
55 49 36554 0
51 53 36561 1
16 73 36598 0
53 75 36648 0
109 45 36729 0
32 80 36736 0
46 55 36766 1
87 71 36850 0
96 22 36887 0
73 43 36917 1
88 63 36940 0
68 96 36977 0
123 97 37205 0
81 57 37206 0
85 64 37212 0
68 85 37219 1
24 81 37271 0
87 68 37273 0
64 95 37381 0
26 65 37389 1
73 98 37394 0
34 81 37414 0
52 44 37493 0
49 41 37568 1
49 54 37568 1
67 91 37623 0
3 56 37650 0
83 61 37688 0
55 21 37770 0
73 102 37782 0
65 94 37867 0
67 94 37876 0
18 80 37886 0
43 35 37928 0
93 46 37933 1
20 67 38057 1
89 62 38072 0
56 75 38073 0
57 105 38146 0
54 44 38294 0
34 80 38298 0
88 67 38352 0
55 47 38362 0
70 97 38371 0
101 63 38381 1
79 57 38507 0
83 42 38509 1
65 90 38517 0
84 62 38576 0
13 80 38664 0
88 60 38791 0
44 74 38798 0
50 74 38852 0
92 43 38923 1
89 65 38933 0
95 47 38960 1
101 59 39009 1
71 96 39033 0
83 57 39074 0
17 71 39096 0
63 95 39184 0
96 48 39222 1
84 57 39244 0
55 45 39271 0
66 87 39278 0
88 42 39303 1
83 55 39315 0
80 98 39322 0
16 75 39374 0
48 73 39424 0
66 43 39438 1
71 97 39470 0
23 43 39473 0
99 53 39473 1
66 95 39537 0
75 57 39545 0
72 98 39576 0
50 76 39596 0
89 60 39631 0
101 65 39642 1
89 43 39653 1
99 70 39655 1
80 42 39678 1
87 42 39698 1
88 70 39760 0
69 95 39845 0
74 58 39856 0
67 93 39857 0
76 60 39863 0
82 42 39895 1
79 42 39916 1
94 44 39945 1
88 90 40073 0
72 84 40074 1
76 58 40090 0
66 89 40111 0
101 61 40197 1
54 50 40201 0
98 49 40276 1
89 42 40320 1
55 75 40334 0
74 99 40337 0
71 58 40354 0
101 62 40391 1
97 48 40444 1
71 59 40463 0
81 55 40478 0
63 43 40537 1
25 64 40538 1
84 56 40541 0
101 56 40621 1
75 58 40655 0
57 101 40656 0
81 41 40935 1
75 98 41065 0
100 53 41065 1
93 44 41083 1
81 42 41091 1
78 98 41167 0
61 38 41196 1
51 72 41196 0
89 59 41198 0
32 80 41218 0
83 41 41230 1
57 39 41310 1
69 94 41403 0
77 98 41439 0
73 98 41500 0
89 69 41505 0
21 67 41584 1
98 74 41604 1
46 72 41610 0
35 78 41637 0
17 75 41702 0
88 59 41711 0
101 57 41713 1
58 75 41713 0
47 71 41779 0
58 38 41788 1
55 48 41804 0
96 46 41849 1
74 42 41863 1
86 58 41903 0
100 52 41951 1
37 79 41960 0
63 69 41998 1
70 96 41999 0
39 78 42063 0
81 98 42079 0
78 42 42079 1
94 45 42094 1
66 88 42133 0
23 81 42145 0
64 42 42213 1
40 59 42229 1
65 91 42265 0
66 44 42330 1
64 88 42339 0
100 54 42341 1
23 65 42372 1
65 65 42443 1
85 57 42544 0
75 42 42564 1
70 95 42611 0
20 65 42625 1
96 47 42631 1
99 51 42674 1
79 56 42676 0
77 42 42698 1
97 47 42699 1
68 84 42723 1
70 97 42759 0
16 72 42766 0
91 43 42794 1
16 74 42824 0
50 55 42837 1
101 66 42867 1
95 93 42878 1
54 45 42927 0
21 80 42961 0
67 88 42981 0
78 57 42987 0
101 67 42993 1
99 49 43016 1
75 84 43024 1
89 60 43051 0
55 47 43057 0
17 79 43059 0
32 63 43062 1
69 96 43063 0
52 75 43064 0
69 97 43070 0
63 40 43103 1
76 42 43114 1
55 44 43125 0
28 65 43173 1
70 40 43174 1
17 77 43309 0
76 99 43350 0
101 60 43352 1
17 76 43357 0
69 59 43393 0
101 58 43397 1
67 93 43428 0
31 63 43473 1
94 46 43474 1
36 60 43484 1
99 52 43501 1
67 94 43501 0
64 67 43553 1
95 46 43684 1
85 42 43687 1
61 21 43720 0
37 7 43721 1
71 96 43740 0
100 51 43742 1
35 60 43800 1
19 80 43831 0
72 99 43851 0
26 81 43922 0
51 54 43957 1
89 58 43970 0
68 45 43994 1
29 81 44013 0
17 73 44048 0
72 58 44057 0
16 78 44063 0
75 99 44072 0
55 75 44176 0
67 45 44227 1
101 53 44267 1
75 85 44301 1
25 81 44331 0
74 58 44340 0
75 98 44358 0
47 72 44361 0
101 54 44366 1
75 57 44368 0
53 75 44407 0
101 59 44440 1
85 55 44470 0
25 82 44492 0
61 39 44510 1
99 50 44520 1
98 48 44524 1
37 60 44536 1
100 70 44557 1
52 74 44593 0
61 40 44633 1
99 48 44683 1
82 56 44689 0
81 56 44697 0
36 79 44704 0
31 80 44719 0
17 72 44723 0
72 96 44724 0
18 77 44817 0
32 80 44880 0
24 65 44924 1
33 80 44929 0
75 97 44954 0
17 78 45002 0
44 58 45013 1
70 60 45029 0
70 43 45030 1
81 62 45035 0
30 80 45066 0
48 74 45118 0
14 72 45130 0
15 76 45137 0
23 80 45153 0
69 95 45181 0
97 77 45184 1
30 81 45199 0
87 66 45206 0
30 65 45206 1
57 75 45246 0
50 73 45249 0
77 98 45289 0
87 42 45301 1
70 99 45325 0
96 80 45411 1
65 95 45430 0
89 67 45484 0
88 89 45495 0
36 62 45518 1
77 43 45529 1
74 84 45612 1
82 61 45646 0
64 66 45694 1
43 59 45701 1
20 81 45707 0
70 84 45729 1
71 59 45735 0
68 95 45742 0
87 57 45780 0
91 42 45808 1
74 99 45831 0
17 82 45841 0
73 98 45857 0
92 44 45859 1
16 79 45873 0
20 83 45933 0
88 42 45977 1
90 63 45998 0
69 98 46019 0
73 84 46026 1
59 39 46105 1
18 72 46117 0
85 92 46120 1
63 70 46128 1
14 80 46153 0
17 75 46173 0
15 71 46194 0
74 104 46220 0
91 44 46303 1
67 44 46317 1
64 41 46332 1
50 74 46339 0
44 68 46379 1
56 76 46470 0
85 41 46504 1
41 77 46511 0
41 84 46532 0
83 57 46550 0
90 43 46579 1
65 88 46587 0
73 85 46619 1
36 78 46732 0
16 77 46733 0
15 73 46782 0
21 79 46881 0
67 92 46911 0
68 38 46945 1
89 60 46968 0
72 84 46988 1
27 81 47000 0
84 56 47006 0
64 68 47018 1
25 80 47149 0
70 45 47209 1
89 62 47217 0
73 43 47286 1
79 76 47314 0
65 44 47330 1
101 55 47358 1
88 60 47376 0
77 57 47489 0
64 43 47565 1
67 91 47623 0
83 55 47632 0
39 59 47653 1
101 64 47677 1
56 49 47748 0
63 39 47749 1
72 43 47753 1
71 84 47764 1
75 43 47773 1
37 77 47825 0
45 74 47827 0
82 78 47869 1
69 99 47886 0
48 73 47914 0
71 43 47918 1
26 64 47936 1
41 59 47997 1
80 42 48010 1
92 43 48070 1
21 68 48072 1
36 80 48250 0
66 90 48328 0
93 45 48331 1
66 93 48333 0
52 75 48354 0
57 74 48363 0
66 64 48427 1
95 45 48435 1
106 55 48628 1
59 75 48659 0
65 87 48661 0
20 78 48679 0
99 72 48711 1
62 40 48713 1
72 83 48749 1
27 64 48776 1
97 78 48839 1
87 58 48866 0
51 73 48922 0
70 97 48947 0
89 42 48987 1
62 39 49065 1
86 42 49066 1
18 76 49090 0
81 96 49091 0
101 61 49103 1
23 80 49105 0
55 47 49118 0
25 65 49121 1
43 58 49133 1
80 56 49219 0
93 83 49252 1
81 42 49263 1
79 42 49275 1
69 85 49317 1
50 71 49379 0
87 57 49389 0
60 41 49427 1
16 73 49456 0
72 98 49483 0
65 43 49679 1
50 54 49692 1
56 75 49720 0
68 95 49741 0
25 81 49789 0
102 63 49823 1
72 58 49883 0
73 42 49883 1
98 49 49893 1
65 91 49910 0
75 98 49923 0
80 55 49927 0
29 64 50014 1
87 43 50022 1
68 43 50279 1
82 42 50338 1
48 55 50338 1
89 67 50401 0
73 99 50413 0
69 84 50694 1
67 43 50734 1
102 56 50796 1
101 48 50817 1
33 80 50826 0
87 72 50950 0
101 62 51037 1
27 65 51065 1
23 64 51076 1
20 66 51082 1
47 55 51119 1
101 63 51120 1
90 63 51206 0
63 41 51342 1
100 68 51372 1
45 55 51385 1
25 80 51386 0
82 41 51400 1
101 68 51463 1
74 43 51483 1
35 61 51605 1
119 56 51674 1
72 42 51722 1
80 43 51734 1
89 43 51830 1
100 52 51883 1
100 53 51885 1
45 57 51918 1
96 47 51978 1
55 75 52010 0
64 42 52028 1
101 56 52036 1
72 99 52062 0
54 45 52083 0
101 65 52095 1
100 69 52101 1
89 60 52144 0
15 75 52237 0
89 66 52337 0
96 77 52372 1
101 57 52374 1
89 59 52380 0
62 41 52425 1
93 84 52450 1
93 43 52503 1
79 43 52509 1
67 92 52559 0
101 59 52598 1
74 99 52613 0
90 44 52660 1
81 79 52711 1
71 85 52721 1
94 83 52750 1
91 43 52776 1
66 42 52796 1
84 42 52871 1
99 51 52932 1
78 42 52988 1
71 97 53006 0
22 81 53016 0
17 68 53027 0
87 58 53049 0
96 45 53052 1
88 70 53063 0
67 93 53090 0
73 97 53129 0
99 71 53138 1
78 98 53186 0
33 63 53197 1
26 65 53204 1
96 46 53235 1
79 55 53257 0
15 84 53286 0
93 44 53347 1
27 82 53363 0
95 46 53396 1
89 58 53397 0
68 95 53421 0
51 73 53469 0
81 55 53473 0
87 42 53476 1
30 64 53580 1
55 41 53591 0
97 47 53600 1
101 66 53635 1
51 72 53660 0
67 95 53670 0
74 58 53707 0
85 42 53835 1
70 96 53854 0
77 42 53878 1
94 44 53933 1
69 83 53937 1
32 80 53995 0
102 59 54025 1
99 50 54058 1
87 57 54100 0
101 58 54144 1
98 47 54164 1
55 42 54173 0
79 41 54181 1
22 65 54207 1
18 76 54209 0
65 42 54211 1
21 80 54231 0
52 75 54247 0
88 42 54268 1
101 60 54271 1
63 68 54294 1
66 89 54303 0
77 56 54330 0
81 78 54393 1
70 95 54407 0
32 64 54413 1
97 48 54422 1
39 60 54461 1
85 93 54485 1
55 45 54503 0
67 94 54567 0
70 44 54614 1
19 79 54702 0
89 88 54722 0
69 94 54738 0
28 64 54750 1
95 93 54761 0
66 90 54776 0
66 94 54833 0
60 39 54863 1
71 59 54867 0
72 96 54868 0
31 64 54921 1
48 54 54984 1
79 40 54984 1
79 97 54989 0
73 98 55003 0
61 38 55010 1
85 55 55014 0
98 48 55050 1
101 54 55053 1
52 47 55086 0
71 96 55088 0
38 60 55183 1
101 55 55211 1
59 73 55223 0
100 51 55225 1
54 75 55276 0
76 42 55308 1
66 44 55321 1
62 38 55328 1
49 71 55340 0
80 57 55363 0
19 77 55404 0
17 77 55406 0
99 73 55410 1
92 42 55424 1
69 95 55447 0
69 44 55449 1
92 43 55506 1
17 75 55513 0
74 42 55528 1
49 55 55558 1
89 42 55569 1
75 57 55580 0
35 79 55614 0
41 76 55616 0
72 59 55617 0
102 61 55630 1
100 52 55648 1
80 98 55686 0
58 76 55717 0
81 97 55767 0
61 39 55768 1
31 79 55772 0
71 58 55777 0
49 54 55846 1
65 92 55849 0
69 43 55882 1
89 67 55886 0
80 56 55967 0
46 56 55978 1
71 44 56038 1
55 43 56084 0
80 55 56107 0
25 81 56109 0
43 75 56139 0
101 67 56187 1
57 74 56199 0
25 80 56234 0
101 64 56234 1
23 80 56273 0
60 38 56277 1
101 53 56300 1
69 97 56311 0
90 63 56321 0
67 45 56372 1
77 98 56379 0
75 84 56410 1
45 90 56433 0
25 64 56440 1
17 73 56461 0
66 86 56462 0
58 39 56473 1
65 90 56490 0
24 81 56501 0
34 80 56513 0
101 61 56576 1
52 74 56580 0
96 47 56674 1
97 76 56692 1
68 95 56743 0
60 40 56773 1
34 79 56842 0
76 41 56902 1
67 92 56910 0
64 41 56918 1
63 40 56929 1
28 81 56934 0
30 80 56999 0
35 80 57009 0
100 50 57016 1
75 97 57037 0
79 42 57050 1
66 87 57057 0
66 88 57070 0
67 91 57074 0
34 62 57078 1
51 74 57082 0
18 77 57085 0
83 42 57086 1
55 48 57107 0
28 46 57141 1
28 65 57141 1
38 79 57174 0
98 76 57210 1
51 73 57211 0
69 96 57263 0
61 40 57374 1
15 74 57378 0
89 58 57405 0
21 79 57412 0
87 58 57454 0
42 76 57454 0
74 84 57464 1
84 97 57467 0
84 41 57467 1
99 49 57472 1
77 99 57483 0
101 62 57498 1
102 62 57534 1
38 41 57570 1
38 59 57570 1
87 41 57580 1
88 72 57588 0
63 43 57615 1
44 78 57654 0
44 75 57654 0
53 42 57725 0
59 40 57726 1
75 98 57743 0
58 41 57759 1
72 58 57770 0
22 83 57779 0
22 89 57794 0
36 61 57828 1
49 83 57855 0
55 44 57891 0
31 80 57891 0
17 76 57923 0
33 80 57973 0
35 62 57977 1
83 58 58015 0
19 67 58038 1
98 75 58176 1
16 76 58221 0
95 45 58227 1
49 71 58268 0
50 71 58280 0
31 65 58286 1
65 66 58348 1
51 72 58367 0
72 84 58374 1
19 79 58376 0
53 75 58451 0
89 59 58463 0
33 28 58485 0
101 52 58509 1
23 66 58602 1
16 71 58617 0
55 47 58640 0
17 72 58651 0
17 71 58663 0
62 39 58726 1
81 42 58781 1
20 79 58800 0
18 76 58810 0
59 37 58827 1
98 74 58850 1
93 43 58903 1
84 61 58922 0
64 42 58923 1
55 75 58935 0
73 99 59001 0
102 57 59050 1
87 72 59054 0
32 63 59055 1
96 46 59063 1
80 42 59066 1
102 58 59070 1
47 71 59102 0
58 77 59148 0
78 57 59298 0
24 64 59341 1
67 75 59342 0
67 44 59342 1
87 63 59396 0
73 84 59446 1
45 56 59449 1
68 94 59465 0
95 46 59498 1
56 75 59586 0
59 38 59594 1
83 55 59646 0
36 78 59756 0
16 75 59768 0
99 50 59843 1
36 79 59920 0
56 41 59949 0
101 56 59977 1
91 43 59984 1
99 74 60050 1
54 77 60114 0
87 42 60115 1
97 47 60135 1
63 39 60171 1
123 97 60180 1
41 58 60193 1
23 79 60196 0
102 55 60198 1
90 67 60218 0
72 99 60283 0
64 43 60297 1
20 78 60304 0
77 41 60328 1
56 38 60334 1
98 49 60436 1
71 83 60478 1
82 42 60499 1
79 58 60537 0
78 41 60540 1
67 88 60548 0
84 56 60553 0
87 57 60555 0
92 44 60590 1
66 92 60668 0
17 70 60687 0
67 93 60710 0
25 80 60726 0
81 41 60740 1
16 74 60777 0
73 83 60783 1
68 95 60801 0
59 41 60809 1
50 76 60896 0
66 43 60897 1
17 77 60928 0
70 97 60932 0
20 82 61025 0
32 80 61058 0
65 43 61059 1
66 90 61060 0
39 77 61143 0
83 57 61150 0
58 40 61268 1
70 96 61275 0
101 65 61283 1
21 80 61337 0
89 69 61380 0
72 96 61388 0
66 12 61395 1
54 43 61513 0
68 96 61553 0
31 63 61556 1
75 42 61650 1
27 79 61658 0
49 71 61671 0
106 55 61703 1
40 59 61713 1
34 79 61721 0
93 44 61732 1
88 58 61795 0
88 62 61807 0
74 57 61812 0
79 99 61815 0
89 42 61818 1
57 77 61833 0
63 94 61893 0
20 79 62149 0
72 83 62235 1
99 51 62253 1
88 42 62310 1
19 79 62431 0
51 74 62467 0
101 63 62479 1
17 75 62555 0
16 72 62612 0
66 96 62628 0
80 56 62638 0
23 80 62707 0
19 78 62786 0
90 42 62935 1
85 41 62960 1
70 95 62969 0
100 72 62986 1
52 75 63043 0
12 82 63091 0
50 74 63113 0
18 72 63151 0
54 75 63193 0
62 40 63301 1
37 60 63330 1
68 94 63343 0
39 76 63369 0
23 65 63539 1
101 46 63578 1
65 91 63612 0
51 73 63612 0
88 57 63684 0
55 76 63703 0
83 96 63771 0
64 89 63864 0
24 65 63977 1
18 79 64002 0
87 58 64127 0
45 72 64145 1
50 73 64284 0
57 75 64324 0
101 66 64349 1
95 81 64455 1
68 38 64544 1
44 57 64623 1
102 53 64696 1
90 41 64736 1
27 64 64745 1
88 58 64841 0
29 64 64917 1
98 46 64964 1
16 76 65031 0
87 59 65050 0
85 42 65068 1
100 52 65079 1
66 65 65130 1
101 54 65190 1
20 79 65194 0
75 85 65205 1
66 92 65206 0
98 48 65287 1
100 51 65401 1
85 55 65404 0
86 41 65405 1
22 80 65476 0
78 42 65512 1
77 42 65600 1
101 59 65609 1
100 70 65697 1
89 67 65697 0
86 92 65698 1
101 55 65728 1
71 84 65750 1
74 99 65808 0
89 65 65812 0
83 78 65847 1
74 58 65896 0
90 43 65905 1
94 44 65940 1
65 94 66072 0
77 98 66090 0
89 58 66111 0
102 60 66139 1
92 43 66142 1
88 57 66146 0
90 63 66208 0
91 42 66268 1
80 59 66402 0
71 96 66418 0
73 97 66433 0
40 76 66474 0
46 55 66506 1
58 38 66531 1
75 58 66586 0
101 53 66648 1
91 61 66724 0
82 41 66733 1
66 95 66868 0
68 95 66870 0
28 82 66918 0
67 92 66919 0
19 78 66943 0
100 43 67019 1
73 43 67160 1
87 62 67186 0
65 64 67199 1
69 94 67271 0
102 56 67304 1
67 91 67327 0
90 65 67387 0
75 43 67396 1
101 69 67474 1
67 42 67513 1
66 89 67558 0
100 71 67601 1
67 84 67607 1
59 39 67630 1
75 97 67641 0
78 98 67650 0
67 96 67676 0
45 73 67696 0
65 42 67736 1
68 44 67737 1
73 99 67750 0
74 36 67761 1
68 94 67770 0
64 41 67812 1
65 41 67833 1
19 66 67836 1
95 44 67846 1
88 58 67850 0
106 55 67876 1
99 48 67899 1
88 41 67904 1
51 74 67947 0
97 47 68013 1
91 41 68020 1
48 71 68053 0
69 95 68108 0
43 55 68191 1
100 69 68204 1
80 55 68214 0
18 78 68225 0
25 65 68229 1
61 38 68240 1
72 58 68271 0
76 42 68302 1
95 45 68321 1
49 71 68388 0
103 56 68403 1
101 64 68426 1
61 37 68434 1
62 41 68460 1
55 45 68464 0
54 75 68467 0
96 46 68469 1
70 83 68474 1
98 47 68487 1
66 34 68511 1
88 57 68518 0
47 54 68524 1
42 58 68525 1
102 58 68526 1
57 35 68534 1
99 50 68559 1
96 45 68587 1
101 51 68588 1
70 84 68589 1
23 64 68641 1
75 57 68653 0
85 39 68666 1
17 69 68677 0
89 42 68679 1
19 77 68691 0
25 63 68700 1
62 38 68706 1
87 17 68712 1
99 72 68753 1
40 58 68772 1
22 80 68816 0
71 97 68848 0
79 56 68869 0
17 73 68911 0
87 42 68927 1
51 54 68927 1
67 94 68950 0
30 64 68963 1
25 81 68972 0
101 68 68982 1
67 43 68999 1
57 74 69017 0
101 52 69021 1
79 97 69065 0
84 41 69066 1
64 67 69079 1
72 43 69090 1
81 55 69104 0
83 54 69106 0
50 71 69114 0
76 84 69126 1
21 79 69166 0
20 79 69208 0
83 41 69209 1
51 72 69221 0
78 58 69294 0
35 78 69295 0
28 64 69303 1
30 80 69312 0
79 42 69318 1
67 12 69323 0
93 43 69327 1
19 83 69328 0
97 77 69339 1
86 66 69353 0
75 84 69354 1
65 89 69357 0
37 79 69390 0
48 55 69408 1
63 40 69408 1
101 49 69410 1
101 57 69410 1
72 97 69424 0
64 42 69441 1
74 83 69459 1
100 49 69465 1
66 92 69480 0
81 56 69524 0
72 96 69539 0
77 57 69556 0
18 79 69559 0
26 64 69593 1
34 79 69623 0
69 97 69674 0
75 44 69681 1
15 74 69684 0
42 27 69705 0
18 77 69707 0
39 59 69728 1
47 55 69778 1
33 80 69797 0
24 80 69805 0
74 41 69872 1
29 63 69934 1
34 63 69958 1
66 42 69962 1
55 42 70003 0
25 80 70040 0
57 76 70050 0
74 84 70057 1
89 58 70064 0
88 42 70065 1
77 98 70081 0
70 95 70105 0
19 79 70108 0
40 77 70116 0
75 83 70121 1
81 54 70137 0
66 44 70149 1
86 57 70211 0
17 78 70239 0
35 79 70256 0
18 76 70266 0
74 57 70268 0
64 40 70276 1
71 58 70287 0
74 42 70287 1
69 101 70318 0
61 39 70345 1
102 59 70369 1
83 77 70400 1
81 105 70405 0
31 79 70419 0
85 55 70487 0
62 39 70492 1
95 46 70505 1
51 53 70528 1
25 64 70529 1
67 44 70537 1
21 65 70577 1
17 72 70614 0
31 64 70683 1
75 98 70684 0
77 56 70740 0
57 83 70760 0
79 55 70764 0
51 76 70772 0
89 60 70780 0
12 80 70784 0
58 75 70808 0
68 45 70808 1
55 44 70823 0
58 73 70851 0
101 67 70862 1
101 65 70902 1
87 41 70932 1
47 72 70946 0
71 96 71015 0
66 93 71049 0
88 58 71101 0
81 41 71149 1
85 41 71155 1
91 43 71160 1
63 39 71172 1
22 64 71174 1
102 57 71177 1
90 65 71204 0
96 47 71223 1
72 99 71296 0
69 44 71313 1
20 78 71328 0
21 82 71335 0
39 86 71399 0
88 57 71425 0
19 78 71454 0
23 80 71637 0
66 90 71687 0
33 62 71708 1
73 83 71728 1
59 74 71729 0
98 48 71738 1
100 51 71758 1
97 45 71772 1
101 62 71777 1
83 55 71782 0
31 80 71808 0
101 61 71850 1
39 85 71856 0
30 63 71876 1
22 80 71892 0
87 57 71899 0
36 60 72008 1
21 80 72026 0
73 97 72086 0
78 100 72106 0
73 98 72121 0
48 71 72216 0
55 75 72239 0
78 42 72239 1
80 41 72343 1
18 88 72412 0
23 79 72439 0
48 73 72495 0
17 71 72529 0
46 72 72570 0
16 92 72577 0
81 39 72615 1
17 76 72639 0
49 55 72705 1
41 59 72782 1
57 37 72800 1
17 77 72808 0
77 42 72909 1
65 43 72935 1
101 54 72935 1
55 43 72960 0
20 79 73004 0
24 80 73016 0
88 70 73049 0
44 56 73055 1
17 81 73091 0
60 37 73092 1
28 80 73105 0
16 76 73115 0
18 78 73116 0
70 44 73149 1
100 50 73200 1
72 84 73230 1
69 84 73240 1
56 75 73301 0
75 97 73325 0
20 64 73383 1
90 42 73437 1
102 63 73476 1
32 80 73487 0
72 97 73513 0
57 38 73545 1
66 92 73561 0
63 38 73605 1
27 79 73609 0
63 69 73618 1
68 94 73625 0
84 75 73631 0
72 83 73673 1
37 59 73673 1
67 93 73712 0
97 46 73730 1
55 49 73763 0
93 44 73769 1
71 40 73827 1
81 42 73881 1
102 61 73892 1
49 54 73940 1
80 56 73963 0
37 78 73982 0
32 64 74029 1
94 43 74031 1
68 43 74277 1
54 75 74322 0
48 78 74334 0
18 79 74335 0
51 74 74360 0
92 43 74452 1
66 39 74553 1
61 40 74672 1
99 73 74710 1
77 43 74722 1
17 75 74787 0
101 53 74789 1
72 101 74899 0
28 65 74972 1
83 40 75125 1
109 45 75126 1
71 59 75184 0
49 71 75192 0
19 77 75261 0
79 41 75390 1
70 98 75459 0
88 58 75476 0
26 65 75497 1
97 42 75541 1
24 80 75804 0
43 56 75809 1
84 40 75836 1
72 28 75853 1
24 64 75859 1
86 57 75869 0
22 80 75951 0
66 91 76052 0
100 52 76079 1
29 64 76107 1
85 74 76224 0
18 77 76419 0
86 41 76466 1
69 83 76551 1
102 60 76553 1
102 54 76691 1
28 80 76703 0
11 77 76733 0
58 37 76763 1
18 76 76779 0
90 65 76789 0
94 44 76829 1
80 42 76969 1
57 39 76969 1
71 45 76972 1
70 43 76980 1
70 59 77003 0
73 42 77035 1
91 42 77047 1
59 38 77142 1
40 76 77153 0
21 79 77162 0
64 41 77202 1
34 79 77215 0
21 94 77230 0
66 63 77261 1
26 82 77264 0
7 76 77271 0
50 53 77319 1
94 82 77393 1
70 96 77406 0
48 71 77499 0
48 54 77564 1
75 41 77581 1
21 66 77680 1
72 97 77720 0
101 60 77797 1
109 45 77805 0
72 102 77843 0
22 66 77901 1
96 46 78020 1
36 79 78027 0
19 79 78056 0
86 59 78095 0
29 83 78099 0
23 83 78105 0
88 60 78116 0
65 104 78118 0
13 74 78156 0
14 82 78200 0
51 73 78203 0
81 61 78281 0
73 84 78323 1
89 42 78326 1
97 47 78350 1
102 62 78351 1
16 80 78389 0
88 68 78464 0
15 75 78537 0
89 66 78562 0
4 85 78573 0
88 57 78600 0
82 56 78608 0
87 58 78617 0
24 80 78624 0
71 43 78647 1
74 43 78689 1
87 72 78708 0
85 94 78740 1
90 67 78825 0
91 61 78920 0
18 78 78931 0
102 58 78963 1
50 75 79007 0
82 41 79024 1
101 55 79091 1
66 92 79154 0
101 66 79156 1
102 64 79168 1
48 72 79262 0
69 94 79281 0
31 81 79285 0
95 45 79285 1
18 79 79361 0
43 84 79392 0
48 70 79446 0
67 92 79449 0
101 52 79555 1
67 91 79666 0
76 56 79692 0
99 48 79703 1
89 69 79745 0
97 78 79777 1
43 76 79802 0
98 47 79813 1
93 43 79866 1
87 42 79866 1
65 42 79903 1
89 58 79907 0
81 59 79967 0
68 95 80010 0
81 96 80039 0
102 56 80151 1
19 80 80160 0
68 102 80221 0
43 57 80221 1
99 49 80222 1
69 95 80231 0
52 74 80248 0
19 78 80276 0
40 59 80346 1
50 71 80368 0
32 79 80466 0
27 64 80497 1
52 72 80519 0
77 98 80525 0
88 42 80533 1
66 88 80576 0
82 96 80616 0
76 42 80644 1
84 41 80741 1
96 45 80755 1
85 55 80784 0
64 42 80841 1
72 96 80870 0
83 41 80905 1
85 75 80910 0
51 72 80920 0
99 50 80965 1
23 64 80974 1
54 45 81044 0
22 85 81055 0
67 87 81075 0
67 88 81088 0
83 54 81101 0
28 80 81129 0
102 66 81135 1
98 77 81185 1
37 60 81186 1
101 70 81186 1
72 58 81207 0
102 57 81223 1
96 41 81256 1
100 51 81278 1
60 38 81280 1
79 97 81375 0
69 43 81396 1
66 91 81417 0
43 58 81484 1
22 80 81494 0
100 49 81513 1
24 80 81517 0
72 98 81557 0
92 42 81564 1
36 78 81609 0
97 46 81646 1
70 95 81695 0
86 57 81776 0
55 47 81779 0
38 8 81830 1
73 82 81850 1
74 98 81872 0
57 74 81912 0
75 57 81929 0
55 77 81943 0
25 80 81963 0
73 99 81984 0
55 41 81993 0
89 41 82026 1
90 59 82032 0
61 38 82037 1
67 43 82043 1
38 77 82057 0
81 41 82059 1
65 65 82071 1
71 83 82072 1
85 76 82099 0
66 43 82154 1
85 41 82181 1
85 40 82186 1
90 63 82275 0
73 83 82275 1
92 43 82284 1
47 63 82306 1
47 71 82306 0
89 42 82363 1
71 96 82385 0
18 72 82408 0
102 55 82425 1
90 62 82435 0
62 39 82444 1
81 54 82451 0
79 42 82457 1
60 39 82474 1
102 58 82481 1
96 46 82578 1
38 59 82587 1
95 44 82624 1
41 76 82647 0
77 41 82659 1
65 41 82660 1
62 38 82672 1
101 51 82679 1
102 59 82697 1
98 76 82700 1
20 79 82705 0
88 58 82713 0
103 62 82730 1
88 88 82732 0
28 64 82745 1
102 53 82754 1
102 65 82791 1
68 94 82798 0
52 72 82816 0
73 97 82823 0
109 45 82838 1
94 44 82838 1
34 53 82852 1
75 97 82854 0
31 79 82859 0
90 65 82862 0
109 45 82889 0
64 68 82890 1
26 64 82924 1
63 39 82934 1
72 97 82934 0
91 42 82946 1
73 43 82947 1
87 41 82993 1
98 75 83018 1
98 48 83019 1
71 98 83026 0
74 97 83039 0
101 65 83090 1
20 78 83152 0
95 43 83203 1
97 47 83205 1
93 42 83210 1
17 73 83220 0
38 78 83222 0
63 40 83246 1
31 63 83246 1
87 40 83262 1
102 54 83270 1
33 63 83302 1
102 52 83317 1
74 83 83323 1
77 83 83337 1
32 63 83345 1
16 78 83346 0
99 47 83350 1
57 75 83407 0
39 59 83447 1
75 83 83478 1
78 41 83482 1
99 48 83566 1
52 53 83664 1
20 80 83684 0
66 42 83690 1
67 44 83691 1
101 64 83697 1
67 89 83699 0
45 76 83743 0
30 64 83751 1
101 53 83763 1
99 71 83784 1
102 61 83806 1
42 58 83813 1
30 80 83844 0
90 42 83958 1
64 40 83961 1
28 82 83966 0
67 92 83978 0
24 80 83980 0
75 84 83982 1
102 60 84036 1
85 63 84038 0
55 48 84097 0
78 42 84113 1
23 79 84200 0
88 57 84218 0
56 41 84255 0
28 63 84280 1
55 45 84281 0
67 45 84331 1
64 39 84344 1
32 79 84405 0
17 68 84435 0
89 67 84441 0
88 61 84446 0
51 74 84464 0
75 42 84464 1
34 80 84513 0
84 56 84526 0
17 72 84527 0
99 72 84527 1
43 75 84528 0
71 44 84535 1
66 87 84538 0
69 94 84541 0
17 70 84556 0
24 65 84567 1
35 79 84581 0
81 97 84648 0
74 57 84678 0
102 63 84713 1
27 63 84713 1
88 69 84747 0
67 91 84811 0
101 67 84842 1
23 81 84923 0
73 58 84924 0
101 54 84958 1
74 42 84976 1
72 42 85057 1
17 69 85064 0
91 61 85122 0
69 60 85141 0
52 72 85146 0
45 55 85148 1
16 76 85188 0
93 43 85205 1
85 56 85210 0
90 59 85231 0
76 83 85345 1
86 91 85349 1
41 58 85355 1
98 46 85358 1
95 45 85387 1
65 43 85392 1
18 79 85406 0
18 69 85433 0
101 68 85442 1
74 84 85473 1
81 78 85473 1
69 85 85489 1
27 79 85509 0
35 63 85538 1
66 89 85546 0
76 84 85570 1
28 80 85588 0
60 72 85611 0
101 59 85630 1
35 78 85706 0
66 41 85765 1
33 61 85794 1
77 34 85830 1
88 41 85846 1
18 78 85853 0
49 71 85916 0
100 71 85982 1
72 83 85994 1
86 41 86018 1
50 71 86124 0
24 80 86168 0
74 97 86193 0
82 42 86250 1
62 40 86287 1
78 56 86297 0
21 81 86331 0
23 80 86339 0
50 55 86378 1
74 98 86404 0
21 64 86422 1
19 78 86437 0
65 90 86456 0
69 42 86472 1
44 84 86484 0
82 97 86504 0
48 72 86565 0
66 91 86575 0
25 64 86595 1
101 52 86601 1
98 47 86625 1
67 12 86641 0
101 50 86807 1
18 76 86842 0
45 73 86845 0
37 78 86856 0
55 44 86972 0
34 79 86986 0
19 77 87008 0
25 65 87033 1
17 71 87056 0
21 62 87075 1
21 79 87075 0
101 66 87104 1
77 56 87159 0
66 86 87181 0
78 98 87259 0
88 89 87279 0
68 41 87279 1
53 46 87290 0
70 83 87311 1
15 74 87323 0
59 37 87351 1
71 84 87382 1
25 63 87397 1
67 62 87413 1
48 71 87415 0
37 77 87424 0
89 88 87446 0
29 81 87456 0
68 42 87606 1
65 42 87608 1
103 53 87609 1
22 63 87789 1
102 56 87814 1
90 62 87817 0
47 55 87913 1
65 67 87935 1
115 59 87979 1
96 45 88022 1
67 42 88035 1
30 55 88038 1
99 45 88045 1
64 38 88054 1
22 65 88109 1
102 57 88167 1
97 43 88206 1
64 41 88252 1
78 101 88339 0
106 55 88355 1
94 43 88367 1
84 41 88372 1
90 59 88395 0
78 99 88399 0
97 46 88449 1
80 98 88493 0
65 40 88535 1
56 49 88651 0
77 42 88652 1
90 67 88711 0
86 57 88733 0
24 80 88766 0
90 61 88844 0
80 41 89061 1
68 38 89074 1
56 43 89094 0
29 63 89100 1
72 43 89145 1
22 80 89159 0
67 89 89256 0
58 73 89305 0
42 57 89316 1
99 49 89334 1
99 74 89418 1
67 72 89419 1
122 49 89437 1
30 63 89585 1
61 39 89592 1
98 74 89607 1
86 40 89619 1
100 70 89621 1
109 68 89633 0
58 38 89667 1
20 80 89682 0
26 80 89689 0
95 81 89734 1
61 37 89758 1
85 42 89764 1
99 73 89786 1
70 59 89814 0
85 56 89898 0
32 79 89929 0
74 97 89945 0
29 80 90054 0
52 72 90337 0
17 77 90379 0
100 50 90506 1
88 37 90577 1
79 41 90743 1
90 64 90835 0
98 87 90935 1
23 63 91014 1
82 41 91066 1
76 56 91081 0
20 78 91152 0
74 98 91188 0
46 55 91202 1
71 58 91253 0
66 92 91281 0
73 58 91357 0
24 63 91495 1
29 64 91525 1
89 39 91538 1
106 43 91562 1
24 80 91592 0
89 42 91621 1
89 40 91654 1
47 54 91659 1
72 28 91766 1
65 66 91881 1
64 42 91961 1
18 72 91969 0
69 41 91983 1
87 89 92095 0
45 115 92177 1
51 53 92263 1
90 59 92265 0
25 80 92269 0
39 17 92407 1
36 61 92505 1
91 64 92556 0
49 53 92594 1
89 58 92654 0
99 54 92786 1
72 97 92821 0
67 41 92858 1
49 54 92926 1
81 55 92960 0
26 80 92969 0
88 42 93065 1
17 75 93071 0
18 77 93075 0
3 85 93079 0
72 96 93098 0
92 43 93137 1
21 88 93147 0
90 62 93189 0
20 79 93260 0
71 42 93304 1
102 64 93363 1
97 76 93486 1
19 75 93524 0
109 58 93546 1
77 97 93722 0
76 57 93816 0
21 80 93838 0
27 64 93888 1
75 98 93949 0
46 56 93981 1
26 81 93996 0
64 69 94001 1
66 91 94005 0
83 41 94118 1
70 96 94138 0
90 65 94235 0
31 83 94381 0
66 90 94449 0
100 51 94464 1
91 60 94466 0
34 61 94496 1
56 45 94578 0
85 56 94598 0
72 84 94607 1
24 80 94626 0
23 65 94644 1
65 99 94668 0
90 61 94845 0
20 86 94909 0
69 44 95017 1
28 80 95041 0
51 72 95132 0
45 72 95138 0
68 92 95310 0
59 73 95491 0
18 79 95501 0
29 80 95603 0
57 74 95643 0
48 72 95683 0
19 79 95958 0
72 99 96021 0
83 55 96062 0
20 80 96175 0
74 97 96281 0
68 93 96281 0
25 79 96286 0
36 80 96304 0
26 80 96398 0
39 76 96500 0
50 72 96536 0
88 69 96594 0
74 98 96618 0
78 56 96675 0
76 41 96867 1
86 59 96938 0
82 38 96947 1
101 69 97100 1
74 83 97161 1
77 97 97251 0
96 46 97251 1
58 39 97386 1
94 40 97535 1
68 43 97543 1
85 41 97625 1
106 55 97638 1
90 64 97645 0
32 81 97667 0
22 79 97740 0
102 58 97758 1
80 55 97789 0
69 93 97818 0
75 97 97948 0
102 59 97963 1
92 42 98039 1
77 98 98065 0
62 38 98132 1
85 92 98177 1
86 94 98190 1
35 60 98237 1
63 38 98261 1
23 78 98264 0
53 72 98275 0
44 74 98342 0
97 1 98425 1
24 80 98502 0
31 82 98521 0
63 70 98524 1
24 64 98676 1
83 77 98770 1
64 40 98786 1
109 45 98819 1
56 43 98854 0
66 65 98954 1
65 41 98971 1
109 45 98976 0
100 69 99120 1
69 96 99323 0
68 92 99325 0
70 84 99359 1
16 70 99360 0
82 40 99379 1
62 116 99393 0
90 59 99579 0
102 60 99612 1
78 99 99683 0
33 78 99701 0
67 93 99822 0
90 62 99860 0
56 45 99884 0
55 42 99894 0
91 60 99995 0
49 77 100081 0
65 98 100172 0
43 74 100309 0
79 56 100355 0
102 55 100366 1
67 43 100452 1
71 60 100483 0
16 73 100590 0
85 56 100631 0
62 37 100641 1
68 93 100889 0
94 42 100948 1
22 79 101050 0
76 57 101089 0
73 83 101159 1
81 58 101190 0
62 39 101257 1
63 68 101368 1
36 79 101386 0
36 84 101452 0
29 80 101454 0
49 74 101458 0
25 84 101460 0
24 80 101467 0
33 81 101491 0
81 41 101515 1
99 46 101519 1
33 79 101552 0
55 75 101599 0
90 61 101692 0
57 41 101745 0
37 59 101784 1
76 42 101829 1
50 72 101951 0
82 77 101955 1
26 80 102008 0
79 55 102052 0
28 64 102066 1
40 59 102075 1
25 79 102092 0
109 45 102184 1
84 55 102200 0
90 40 102249 1
73 41 102361 1
104 49 102369 1
109 45 102472 0
33 80 102576 0
72 58 102936 0
77 97 102994 0
31 53 102999 1
70 37 103180 1
71 94 103292 0
89 61 103386 0
42 75 103556 0
70 44 103639 1
102 76 103767 1
18 75 104044 0
17 79 104072 0
33 62 104102 1
23 79 104145 0
69 93 104170 0
17 73 104187 0
61 38 104230 1
38 59 104262 1
52 80 104467 0
60 74 104478 0
97 77 104525 1
72 95 104554 0
94 44 104590 1
102 54 104683 1
100 49 104683 1
20 80 104799 0
66 42 104859 1
73 58 104918 0
88 71 105003 0
22 79 105026 0
63 39 105033 1
51 70 105231 0
83 54 105283 0
87 41 105304 1
74 98 105333 0
34 62 105491 1
86 57 105515 0
56 48 105516 0
97 45 105549 1
68 93 105619 0
102 53 105682 1
91 42 105696 1
102 61 105700 1
91 62 105805 0
98 46 105868 1
86 41 105930 1
101 51 105990 1
85 55 106015 0
95 44 106097 1
18 78 106126 0
66 64 106177 1
24 83 106178 0
89 69 106225 0
67 12 106242 0
67 89 106331 0
3 123 106406 0
99 48 106420 1
70 43 106427 1
35 80 106445 0
90 64 106490 0
24 80 106494 0
102 63 106504 1
83 60 106505 0
109 68 106551 1
54 44 106557 0
18 87 106625 0
93 43 106626 1
79 97 106634 0
53 76 106641 0
84 55 106664 0
53 72 106725 0
102 56 106736 1
102 57 106768 1
68 92 106968 0
19 76 106972 0
47 74 106982 0
98 47 106987 1
74 58 107021 0
46 73 107140 0
33 79 107141 0
91 61 107160 0
70 58 107200 0
88 72 107245 0
101 52 107282 1
73 97 107407 0
88 41 107612 1
31 63 107667 1
66 40 107709 1
75 83 107726 1
23 64 107732 1
52 72 107818 0
100 48 107881 1
71 96 107884 0
56 75 107907 0
97 47 107929 1
60 37 107962 1
102 51 107996 1
50 72 108037 0
37 80 108112 0
97 46 108158 1
96 45 108208 1
36 78 108224 0
31 79 108229 0
92 40 108240 1
76 57 108255 0
80 56 108299 0
67 100 108330 0
102 58 108378 1
67 92 108435 0
70 95 108497 0
72 95 108508 0
77 41 108517 1
45 56 108534 1
103 63 108544 1
67 88 108576 0
69 43 108577 1
102 62 108613 1
18 75 108748 0
89 41 108875 1
91 60 108888 0
59 39 108913 1
90 41 108950 1
75 41 108980 1
87 56 109066 0
50 71 109123 0
67 87 109133 0
78 41 109176 1
87 39 109222 1
71 83 109276 1
99 47 109285 1
66 62 109353 1
27 79 109359 0
81 54 109372 0
32 79 109372 0
69 95 109430 0
24 80 109444 0
101 66 109448 1
59 74 109460 0
29 79 109478 0
55 43 109521 0
100 49 109607 1
35 53 109607 1
35 61 109607 1
67 91 109655 0
102 54 109667 1
72 83 109693 1
77 97 109767 0
89 42 109788 1
90 58 109816 0
85 40 109825 1
28 65 109854 1
68 98 109884 0
68 93 109908 0
84 41 109912 1
32 63 109945 1
84 40 109970 1
22 79 109992 0
102 65 110016 1
26 64 110041 1
55 46 110096 0
17 72 110110 0
69 93 110123 0
79 98 110125 0
19 78 110130 0
17 86 110155 0
56 45 110192 0
27 91 110207 0
69 94 110211 0
88 69 110214 0
102 52 110244 1
77 56 110287 0
34 79 110288 0
17 76 110353 0
67 63 110388 1
95 64 110391 1
95 82 110391 1
102 66 110396 1
101 67 110453 1
29 80 110486 0
72 96 110489 0
19 77 110497 0
64 67 110500 1
67 44 110501 1
50 53 110518 1
91 42 110544 1
40 58 110550 1
32 62 110587 1
52 73 110598 0
64 39 110610 1
18 76 110645 0
91 62 110652 0
94 43 110665 1
28 63 110730 1
100 73 110748 1
74 97 110751 0
73 43 110784 1
100 72 110788 1
75 97 110874 0
37 79 110906 0
65 42 110950 1
19 75 110973 0
104 61 110991 1
83 40 111027 1
101 49 111049 1
97 40 111077 1
93 42 111203 1
95 43 111217 1
95 45 111305 1
65 91 111341 0
90 67 111375 0
86 92 111382 1
89 64 111534 0
69 102 111561 0
17 71 111584 0
48 54 111589 1
74 57 111602 0
27 63 111623 1
73 82 111626 1
18 82 111629 0
54 75 111637 0
21 79 111658 0
26 80 111665 0
78 42 111669 1
85 56 111736 0
19 76 111742 0
40 76 111791 0
84 55 111817 0
35 79 111858 0
39 59 111859 1
76 56 111878 0
85 41 111880 1
55 74 111973 0
25 79 111992 0
24 80 112024 0
88 40 112029 1
75 84 112138 1
26 63 112140 1
99 48 112232 1
90 66 112281 0
20 78 112282 0
66 91 112312 0
48 70 112344 0
28 79 112363 0
21 78 112416 0
59 38 112416 1
56 48 112432 0
22 82 112480 0
79 41 112492 1
12 73 112512 0
12 72 112545 0
18 72 112613 0
68 94 112708 0
30 64 112739 1
68 92 112749 0
33 79 112767 0
68 90 112843 0
57 74 112861 0
101 68 112863 1
76 84 112914 1
87 41 112927 1
18 75 112957 0
90 58 113008 0
87 55 113038 0
53 72 113060 0
87 56 113066 0
83 41 113092 1
38 58 113104 1
75 57 113206 0
91 64 113222 0
81 96 113273 0
102 53 113309 1
41 59 113354 1
67 40 113362 1
25 64 113493 1
72 95 113554 0
90 62 113580 0
98 46 113587 1
56 43 113616 0
102 56 113647 1
61 35 113694 1
88 71 113792 0
30 62 113848 1
58 73 113856 0
66 41 113860 1
90 61 113867 0
101 50 113923 1
95 44 113964 1
74 41 113985 1
22 64 114003 1
78 99 114022 0
30 80 114041 0
22 78 114123 0
71 82 114144 1
29 79 114172 0
94 44 114212 1
116 101 114253 1
102 64 114270 1
82 41 114356 1
102 60 114519 1
103 60 114539 1
65 41 114628 1
52 71 114639 0
22 79 114671 0
92 42 114681 1
28 82 114692 0
93 43 114837 1
49 80 114954 0
102 68 114983 1
23 78 115023 0
23 79 115045 0
101 51 115133 1
60 38 115244 1
89 61 115341 0
24 80 115346 0
102 61 115414 1
73 83 115452 1
37 60 115522 1
76 83 115572 1
64 41 115628 1
74 42 115631 1
101 65 115638 1
16 74 115737 0
88 66 115756 0
49 55 115800 1
81 41 115848 1
44 57 115849 1
90 58 115878 0
99 72 115967 1
55 73 116004 0
36 62 116041 1
77 60 116063 0
92 43 116073 1
51 74 116160 0
18 77 116191 0
78 56 116343 0
80 41 116365 1
27 81 116415 0
52 73 116455 0
71 110 116493 0
71 94 116561 0
11 28 116589 0
24 80 116620 0
67 12 116713 0
79 42 116751 1
80 99 116763 0
30 63 116769 1
102 63 116840 1
21 78 116872 0
77 58 116875 0
73 42 116929 1
62 108 117018 0
17 75 117259 0
55 74 117322 0
28 79 117388 0
22 80 117459 0
43 74 117549 0
96 43 117551 1
101 52 117613 1
68 93 117623 0
45 57 117663 1
50 72 117695 0
87 55 117780 0
23 88 117840 0
35 78 117869 0
41 78 117951 0
53 77 117963 0
29 92 117990 0
99 73 118030 1
70 97 118089 0
65 40 118207 1
93 40 118372 1
59 101 118373 0
102 58 118389 1
87 56 118443 0
98 47 118465 1
55 46 118489 0
52 72 118507 0
18 75 118700 0
98 45 118785 1
90 66 118876 0
67 42 118933 1
90 58 118975 0
72 58 119036 0
97 46 119043 1
54 74 119065 0
71 41 119152 1
81 95 119312 0
81 40 119312 1
91 62 119381 0
36 60 119408 1
103 54 119410 1
98 77 119635 1
102 54 119677 1
79 98 119713 0
80 40 119764 1
63 37 119772 1
68 43 119775 1
100 48 119847 1
96 80 119860 1
16 69 119869 0
95 42 119889 1
85 55 119891 0
22 78 119904 0
56 41 119943 0
86 40 119950 1
100 49 119972 1
68 91 120032 0
89 57 120033 0
102 57 120072 1
52 71 120107 0
84 55 120113 0
97 45 120120 1
63 39 120168 1
24 80 120218 0
29 63 120251 1
66 42 120272 1
68 90 120278 0
83 54 120279 0
92 41 120296 1
42 75 120350 0
69 44 120364 1
55 73 120395 0
99 48 120398 1
74 83 120398 1
42 58 120409 1
96 45 120409 1
102 59 120443 1
103 59 120464 1
90 65 120502 0
71 57 120502 0
57 43 120511 0
51 70 120519 0
79 97 120548 0
102 52 120568 1
77 96 120657 0
65 35 120731 1
91 61 120738 0
74 82 120798 1
27 79 120804 0
99 47 120848 1
91 41 120936 1
19 76 120975 0
77 40 120976 1
67 85 121088 0
69 93 121193 0
102 62 121218 1
89 41 121227 1
25 78 121230 0
71 58 121230 0
77 97 121249 0
26 80 121308 0
53 74 121309 0
91 60 121312 0
67 86 121322 0
102 56 121366 1
85 40 121371 1
63 38 121372 1
17 70 121418 0
61 38 121474 1
71 93 121510 0
98 46 121539 1
59 36 121546 1
68 42 121559 1
116 68 121568 1
18 73 121571 0
67 89 121614 0
36 78 121617 0
90 41 121662 1
87 55 121681 0
5 71 121700 0
33 78 121715 0
70 95 121747 0
90 58 121763 0
37 78 121772 0
77 41 121792 1
31 79 121805 0
77 42 121824 1
91 42 121839 1
61 37 121845 1
87 40 121949 1
32 79 122004 0
102 53 122039 1
75 97 122128 0
88 41 122157 1
29 79 122179 0
84 40 122229 1
18 69 122244 0
21 78 122249 0
76 41 122267 1
38 77 122323 0
67 88 122396 0
24 80 122409 0
82 40 122412 1
67 92 122426 0
79 55 122429 0
90 64 122483 0
67 43 122512 1
84 53 122531 0
67 39 122536 1
27 64 122598 1
68 41 122683 1
87 41 122711 1
55 74 122747 0
76 57 122810 0
78 40 122810 1
38 78 122815 0
98 76 122828 1
67 91 122868 0
101 51 122869 1
53 72 122885 0
75 83 122890 1
72 82 122936 1
62 38 122952 1
93 42 122981 1
89 69 123015 0
28 79 123020 0
33 79 123063 0
72 42 123102 1
52 73 123165 0
77 82 123293 1
25 79 123327 0
89 57 123334 0
76 42 123346 1
49 54 123361 1
99 74 123395 1
25 63 123397 1
65 39 123404 1
19 77 123417 0
71 95 123454 0
39 58 123467 1
72 95 123529 0
23 79 123579 0
103 48 123621 1
6 107 123689 1
65 42 123707 1
101 52 123715 1
59 37 123720 1
95 44 123723 1
103 58 123723 1
68 91 123728 0
41 58 123734 1
113 59 123735 1
97 44 123741 1
70 58 123776 0
103 55 123793 1
100 71 123833 1
64 40 123841 1
47 71 123849 0
18 74 123882 0
71 94 123894 0
82 96 123951 0
95 43 123962 1
68 92 124003 0
40 58 124029 1
86 55 124037 0
51 71 124038 0
55 73 124109 0
22 79 124184 0
48 71 124208 0
51 53 124323 1
62 39 124349 1
20 79 124363 0
18 75 124365 0
97 46 124381 1
24 80 124433 0
6 83 124459 0
27 79 124499 0
72 43 124512 1
56 45 124518 0
76 56 124581 0
34 79 124587 0
71 97 124609 0
31 80 124614 0
32 80 124658 0
77 56 124673 0
16 78 124677 0
52 71 124677 0
102 66 124684 1
81 55 124695 0
39 77 124720 0
57 74 124750 0
20 78 124779 0
96 44 124791 1
40 75 124833 0
49 71 124847 0
24 63 124867 1
93 43 124930 1
87 56 124949 0
90 59 124962 0
88 57 124970 0
78 41 125056 1
68 88 125087 1
25 80 125125 0
24 65 125170 1
22 78 125172 0
58 75 125247 0
54 74 125284 0
69 99 125288 0
18 76 125302 0
54 76 125337 0
90 58 125368 0
17 68 125390 0
65 86 125396 0
69 94 125417 0
18 72 125450 0
56 40 125453 0
79 41 125461 1
64 39 125503 1
65 41 125509 1
92 42 125511 1
29 64 125520 1
89 63 125525 0
72 97 125540 0
73 82 125561 1
47 54 125601 1
43 58 125602 1
101 70 125676 1
85 41 125678 1
68 100 125696 0
75 41 125743 1
25 65 125765 1
17 44 125773 0
74 98 125804 0
83 41 125832 1
70 42 125878 1
102 65 125881 1
102 54 125898 1
23 78 125932 0
92 39 125982 1
51 70 126049 0
90 67 126123 0
68 93 126233 0
70 93 126279 0
74 119 126334 0
83 76 126366 1
109 45 126456 1
102 58 126528 1
46 54 126545 1
101 50 126573 1
109 45 126575 0
18 73 126606 0
28 63 126655 1
25 62 126703 1
74 97 126704 0
69 43 126810 1
69 83 126852 1
100 49 126875 1
90 66 126888 0
83 77 126891 1
77 39 126900 1
69 42 127023 1
21 65 127048 1
89 57 127063 0
78 39 127079 1
64 38 127089 1
28 80 127105 0
69 40 127173 1
83 40 127234 1
109 45 127262 1
81 41 127296 1
39 59 127321 1
109 45 127369 0
70 83 127387 1
21 78 127412 0
102 101 127433 0
102 63 127434 1
19 75 127437 0
87 65 127440 0
65 40 127467 1
19 78 127480 0
12 84 127521 0
13 75 127534 0
24 80 127544 0
67 12 127558 0
71 95 127632 0
63 39 127718 1
89 68 127787 0
72 41 127787 1
82 39 127841 1
86 40 127844 1
55 46 127866 0
102 64 127866 1
86 62 127929 0
38 59 127981 1
88 71 127995 0
51 71 128107 0
73 83 128123 1
69 84 128134 1
27 63 128134 1
43 57 128146 1
86 55 128150 0
53 74 128213 0
66 41 128269 1
73 57 128345 0
55 74 128443 0
26 63 128457 1
37 77 128461 0
85 36 128465 1
94 83 128467 1
105 50 128525 1
100 47 128547 1
87 38 128599 1
62 37 128686 1
40 59 128725 1
76 84 128757 1
70 82 128820 1
38 79 128937 0
73 40 129063 1
24 64 129088 1
19 76 129093 0
60 36 129109 1
18 74 129139 0
83 56 129270 0
87 57 129289 0
66 88 129359 0
70 43 129403 1
99 75 129415 1
103 57 129415 1
102 67 129456 1
75 60 129563 0
18 80 129634 0
33 63 129681 1
56 43 129703 0
84 41 129707 1
17 80 129775 0
50 53 129834 1
72 96 129872 0
70 93 129959 0
24 80 129987 0
79 56 130015 0
76 58 130030 0
68 91 130038 0
88 40 130039 1
51 72 130112 0
29 79 130166 0
56 77 130178 0
32 63 130182 1
31 63 130260 1
79 54 130602 0
89 59 130630 0
67 94 130641 0
46 72 130645 0
52 52 130706 1
51 52 130866 1
84 55 130899 0
97 45 131011 1
60 37 131011 1
17 71 131028 0
87 55 131037 0
79 98 131122 0
94 42 131170 1
99 47 131187 1
47 53 131189 1
89 57 131219 0
67 87 131230 0
99 48 131292 1
56 39 131333 0
74 14 131383 0
65 65 131411 1
56 48 131424 0
14 81 131446 0
90 58 131596 0
55 83 131609 0
29 80 131615 0
33 78 131625 0
82 57 131631 0
102 61 131649 1
33 62 131649 1
100 48 131731 1
102 51 131762 1
100 44 131788 1
98 46 131794 1
94 43 131873 1
102 53 131918 1
58 37 131972 1
77 96 131981 0
77 97 132035 0
89 62 132054 0
89 61 132086 0
86 55 132091 0
74 42 132169 1
72 36 132170 1
89 41 132316 1
30 63 132336 1
98 45 132385 1
73 43 132415 1
101 51 132441 1
20 80 132496 0
72 83 132521 1
55 40 132531 0
68 90 132535 0
85 40 132541 1
102 52 132553 1
79 57 132592 0
71 95 132667 0
97 78 132680 1
80 55 132686 0
24 80 132734 0
35 78 132819 0
65 100 132942 0
21 79 132961 0
26 64 132981 1
101 66 133023 1
67 42 133035 1
83 95 133058 0
90 41 133086 1
91 42 133087 1
90 63 133101 0
51 71 133118 0
79 40 133118 1
106 55 133177 1
81 96 133192 0
87 40 133244 1
91 61 133247 0
49 53 133270 1
13 73 133316 0
91 64 133325 0
28 79 133399 0
58 73 133405 0
54 74 133419 0
18 73 133429 0
59 73 133439 0
66 42 133510 1
83 54 133519 0
81 40 133522 1
91 62 133549 0
28 64 133568 1
81 54 133610 0
84 40 133631 1
83 96 133636 0
90 88 133751 0
73 58 133760 0
74 82 133779 1
55 73 133791 0
71 93 133800 0
70 93 133812 0
69 93 133847 0
73 57 133921 0
18 74 133941 0
95 44 133952 1
68 41 133967 1
57 41 134013 0
72 95 134063 0
88 39 134073 1
24 62 134081 1
53 72 134133 0
101 49 134148 1
65 66 134149 1
100 49 134154 1
55 51 134163 0
89 40 134177 1
103 56 134188 1
17 69 134194 0
99 73 134225 1
93 42 134228 1
103 49 134269 1
79 97 134317 0
31 79 134366 0
36 78 134371 0
88 59 134391 0
52 72 134392 0
101 48 134448 1
102 54 134450 1
87 41 134454 1
63 38 134469 1
100 72 134539 1
95 39 134571 1
83 94 134600 0
73 38 134641 1
91 41 134664 1
67 41 134672 1
95 43 134683 1
102 56 134721 1
50 71 134757 0
60 72 134773 0
52 71 134783 0
23 64 134804 1
57 43 134806 0
101 68 134822 1
48 72 134861 0
24 80 135023 0
86 40 135031 1
18 75 135090 0
71 57 135143 0
96 43 135150 1
103 93 135247 1
73 82 135281 1
78 97 135281 0
71 94 135347 0
102 50 135357 1
84 53 135375 0
48 70 135410 0
82 40 135459 1
81 97 135510 0
25 79 135562 0
99 47 135669 1
102 60 135683 1
22 79 135692 0
75 82 135731 1
77 41 135792 1
25 78 135798 0
51 70 135802 0
53 73 135851 0
53 74 135878 0
36 79 135880 0
72 58 135943 0
75 39 135963 1
93 41 135996 1
86 55 136009 0
48 54 136025 1
88 40 136044 1
57 39 136049 0
98 46 136050 1
102 49 136124 1
81 95 136145 0
27 79 136145 0
91 60 136189 0
75 83 136190 1
86 56 136199 0
101 51 136244 1
47 55 136245 1
76 56 136249 0
22 78 136266 0
40 52 136321 1
99 46 136337 1
68 92 136380 0
45 54 136404 1
92 41 136417 1
37 59 136418 1
33 79 136432 0
89 68 136442 0
102 42 136456 1
61 36 136466 1
68 43 136495 1
68 42 136507 1
101 50 136566 1
90 60 136637 0
32 79 136645 0
98 78 136681 1
74 41 136709 1
71 42 136734 1
87 55 136759 0
100 48 136762 1
65 39 136815 1
67 88 136822 0
68 91 136916 0
89 38 136917 1
21 76 136934 0
66 40 137009 1
23 78 137021 0
71 82 137062 1
101 69 137080 1
65 41 137133 1
103 61 137181 1
35 79 137185 0
52 73 137191 0
74 57 137199 0
67 89 137209 0
75 97 137300 0
91 59 137305 0
104 55 137363 1
19 77 137364 0
44 74 137428 0
18 79 137517 0
23 79 137529 0
68 90 137588 0
102 52 137602 1
24 80 137641 0
76 41 137641 1
78 82 137642 1
90 62 137660 0
32 62 137785 1
64 37 137789 1
77 98 137848 0
28 39 137864 1
28 86 137864 0
17 73 137874 0
73 59 137910 0
102 53 137930 1
70 93 137958 0
90 41 137976 1
27 62 137983 1
78 41 137985 1
83 40 138004 1
55 74 138008 0
85 40 138050 1
23 63 138096 1
38 58 138096 1
18 69 138120 0
44 56 138133 1
92 42 138189 1
71 83 138222 1
55 73 138227 0
63 37 138228 1
73 41 138234 1
30 64 138256 1
80 40 138324 1
40 58 138340 1
30 62 138374 1
18 74 138435 0
97 46 138468 1
72 82 138471 1
10 88 138571 0
21 78 138581 0
25 64 138643 1
102 64 138707 1
85 55 138743 0
66 41 138746 1
97 41 138775 1
78 56 138808 0
101 71 138819 1
84 40 138872 1
74 82 138890 1
111 64 138905 1
71 95 138922 0
73 96 138991 0
58 73 139003 0
83 55 139024 0
76 83 139064 1
65 40 139072 1
61 38 139075 1
72 28 139090 1
62 38 139151 1
95 81 139152 1
79 41 139182 1
102 66 139230 1
95 42 139248 1
24 80 139266 0
103 58 139275 1
67 102 139303 0
98 45 139368 1
29 63 139433 1
103 59 139520 1
41 58 139549 1
94 41 139573 1
25 63 139645 1
67 86 139650 0
37 58 139728 1
102 68 139728 1
48 53 139735 1
56 41 139740 0
90 57 139744 0
54 72 139758 0
103 60 139811 1
18 72 139845 0
67 90 139847 0
102 51 139888 1
28 79 139942 0
63 36 139953 1
34 61 139954 1
77 83 139966 1
100 46 139989 1
26 62 139991 1
85 35 139993 1
65 42 140108 1
94 34 140135 1
102 62 140191 1
73 57 140200 0
29 62 140237 1
103 50 140247 1
53 52 140298 1
49 76 140365 0
20 78 140373 0
102 65 140409 1
34 79 140420 0
67 103 140420 0
51 71 140492 0
42 58 140551 1
83 41 140722 1
91 59 140800 0
100 71 140805 1
78 97 140811 0
90 67 140813 0
64 38 140820 1
67 91 140837 0
95 43 140838 1
103 55 140930 1
29 79 141011 0
24 63 141064 1
97 45 141264 1
24 80 141370 0
90 69 141386 0
63 39 141441 1
81 41 141453 1
39 76 141503 0
14 77 141536 0
25 78 141538 0
57 74 141551 0
21 77 141605 0
56 44 141628 0
18 73 141650 0
4 86 141665 0
53 72 141691 0
65 67 141694 1
50 70 141726 0
21 84 141754 0
100 47 141776 1
20 84 141815 0
57 75 141838 0
100 49 141879 1
75 41 141918 1
19 75 141930 0
49 54 141954 1
27 64 141956 1
61 36 142043 1
61 37 142043 1
58 45 142053 0
88 56 142102 0
92 58 142159 0
53 73 142188 0
87 40 142188 1
75 38 142216 1
57 46 142288 0
103 62 142291 1
27 78 142376 0
59 38 142402 1
102 63 142411 1
54 73 142416 0
27 63 142480 1
19 68 142482 0
88 38 142568 1
89 56 142675 0
18 68 142731 0
76 42 142827 1
64 68 142833 1
90 58 142856 0
19 76 142876 0
25 79 142909 0
86 55 142914 0
101 52 142932 1
17 72 142962 0
51 53 142995 1
99 74 142996 1
103 57 143006 1
82 77 143046 1
27 79 143070 0
90 57 143098 0
89 57 143241 0
60 38 143252 1
69 43 143257 1
24 80 143306 0
77 97 143363 0
104 57 143385 1
16 78 143406 0
51 70 143453 0
33 77 143455 1
54 72 143462 0
90 66 143466 0
73 82 143467 1
73 96 143470 0
36 87 143479 0
16 84 143507 0
76 82 143529 1
56 43 143556 0
18 76 143578 0
89 41 143600 1
55 42 143646 0
32 82 143708 0
95 44 143882 1
106 52 143955 1
81 60 144007 0
67 43 144012 1
67 42 144080 1
59 74 144088 0
77 96 144135 0
18 74 144140 0
93 42 144166 1
43 75 144481 0
99 47 144506 1
86 91 144506 1
99 48 144598 1
98 46 144639 1
86 56 144720 0
93 37 144770 1
24 80 144863 0
91 59 144864 0
82 54 144964 0
94 42 144964 1
74 36 144965 1
72 39 144994 1
84 76 145008 1
89 40 145065 1
64 70 145126 1
55 46 145129 0
73 83 145179 1
69 91 145183 0
102 54 145215 1
67 90 145232 0
97 44 145251 1
50 70 145288 0
22 63 145367 1
28 63 145420 1
103 53 145437 1
36 78 145462 0
103 64 145478 1
89 56 145503 0
74 14 145531 1
109 68 145576 0
59 33 145611 1
17 78 145650 0
90 57 145670 0
77 56 145689 0
103 56 145700 1
71 93 145746 0
42 57 145754 1
58 74 145799 0
79 55 145838 0
91 77 145871 0
91 41 145871 1
88 58 145903 0
69 42 145915 1
88 33 145966 1
83 56 145978 0
86 40 146060 1
76 38 146074 1
69 93 146153 0
91 57 146155 1
91 61 146155 0
79 40 146177 1
101 49 146193 1
91 42 146241 1
88 56 146242 0
43 74 146262 0
88 40 146280 1
103 54 146346 1
102 52 146382 1
66 42 146397 1
26 82 146411 0
66 89 146418 0
70 93 146475 0
100 48 146543 1
86 58 146618 0
15 93 146623 0
72 95 146659 0
87 56 146733 0
40 81 146736 0
81 40 146801 1
52 71 146807 0
81 96 146827 0
33 78 146869 0
90 41 146874 1
26 80 146886 0
71 94 146892 0
69 88 146923 1
34 62 146982 1
56 44 146985 0
22 93 146989 0
57 44 147000 0
33 92 147042 0
66 66 147092 1
56 45 147104 0
73 97 147158 0
22 78 147163 0
57 46 147174 0
23 78 147276 0
54 72 147279 0
18 75 147286 0
55 73 147303 0
24 80 147303 0
55 44 147307 0
101 50 147315 1
102 58 147333 1
104 51 147347 1
42 75 147350 0
19 81 147362 0
78 97 147397 0
45 73 147425 0
101 51 147430 1
64 96 147434 0
92 41 147447 1
101 48 147456 1
54 73 147507 0
96 43 147537 1
35 78 147574 0
44 57 147600 1
77 41 147702 1
75 56 147738 0
53 74 147805 0
82 40 147812 1
91 40 147832 1
87 41 147847 1
57 43 147864 0
98 76 147878 1
63 38 147925 1
68 41 147937 1
65 40 147966 1
65 39 147967 1
37 78 147969 0
89 56 148039 0
91 62 148044 0
89 58 148047 0
76 40 148081 1
71 99 148085 0
66 39 148193 1
84 40 148218 1
59 73 148276 0
69 91 148301 0
90 57 148308 0
82 96 148343 0
56 74 148368 0
91 65 148372 0
90 60 148375 0
23 80 148383 0
18 77 148399 0
84 53 148429 0
91 64 148458 0
78 99 148491 0
78 40 148509 1
66 65 148525 1
68 91 148550 0
98 45 148567 1
72 42 148647 1
69 39 148655 1
50 70 148659 0
68 62 148691 1
85 40 148712 1
83 54 148728 0
22 79 148744 0
73 96 148756 0
39 58 148802 1
70 43 148808 1
58 73 148942 0
38 59 148949 1
71 95 148949 0
68 90 148969 0
74 82 148989 1
99 73 149030 1
99 46 149062 1
33 61 149064 1
89 40 149068 1
75 81 149068 1
21 63 149143 1
83 39 149157 1
55 71 149160 0
92 58 149176 0
77 33 149215 1
102 69 149237 1
83 40 149329 1
51 70 149330 0
77 40 149365 1
102 53 149383 1
91 63 149441 0
50 53 149504 1
98 46 149510 1
67 62 149510 1
77 96 149558 0
67 92 149618 0
78 96 149626 0
76 56 149631 0
91 59 149639 0
102 38 149650 1
32 63 149655 1
76 97 149659 0
67 90 149707 0
68 42 149709 1
75 82 149724 1
87 90 149726 1
45 72 149734 0
21 76 149750 0
84 54 149805 0
73 57 149806 0
79 54 149854 0
102 70 149875 1
59 37 149882 1
53 73 149888 0
65 41 149906 1
31 79 149913 0
24 80 149966 0
98 77 149980 1
102 37 150053 1
67 63 150085 1
27 78 150102 0
88 56 150120 0
37 77 150160 0
87 55 150163 0
65 38 150184 1
89 68 150200 0
100 73 150207 1
82 54 150229 0
71 58 150236 0
66 41 150243 1
102 51 150267 1
57 44 150276 0
72 43 150277 1
70 41 150367 1
67 85 150384 0
99 47 150430 1
38 77 150448 0
10 87 150473 0
68 92 150476 0
67 41 150557 1
56 40 150581 0
95 43 150611 1
89 69 150664 0
21 77 150683 0
46 55 150687 1
26 63 150701 1
66 40 150713 1
35 61 150769 1
40 57 150848 1
87 40 150861 1
100 72 150905 1
86 40 151026 1
81 54 151044 0
89 56 151056 0
40 75 151072 0
75 83 151105 1
54 74 151108 0
33 62 151109 1
71 93 151150 0
62 110 151152 0
16 78 151154 0
21 78 151173 0
90 57 151183 0
54 72 151205 0
31 62 151212 1
80 55 151239 0
48 80 151240 0
66 87 151258 0
39 59 151307 1
53 75 151308 0
80 40 151308 1
67 99 151336 0
68 101 151415 0
53 72 151423 0
65 40 151428 1
77 82 151435 1
73 100 151473 0
61 73 151474 0
37 60 151500 1
90 65 151530 0
57 73 151534 0
17 77 151534 0
89 88 151536 0
69 91 151545 0
47 54 151574 1
103 58 151589 1
102 50 151589 1
52 69 151648 0
25 78 151658 0
103 57 151662 1
30 62 151826 1
23 78 151828 0
68 88 151846 0
72 96 151853 0
54 73 151869 0
92 57 151902 0
56 44 151911 0
75 56 151926 0
69 89 151965 0
103 60 151969 1
63 39 152001 1
71 82 152039 1
50 70 152080 0
40 58 152087 1
90 61 152197 0
79 55 152258 0
103 61 152270 1
103 55 152337 1
102 67 152349 1
93 42 152354 1
64 100 152428 0
100 47 152432 1
10 82 152477 0
88 69 152490 0
43 57 152527 1
57 46 152574 0
85 34 152609 1
19 71 152739 0
83 77 152762 1
68 85 152828 0
91 65 152840 0
103 63 152852 1
60 41 152856 1
60 36 152856 1
72 82 152859 1
77 55 152893 0
78 41 152907 1
63 37 153004 1
28 79 153021 0
78 96 153040 0
103 59 153070 1
57 41 153073 0
81 55 153091 0
58 45 153127 0
70 82 153144 1
106 57 153152 1
59 102 153217 0
38 78 153222 0
38 58 153236 1
27 79 153275 0
19 76 153285 0
62 37 153298 1
9 99 153308 0
88 40 153329 1
74 41 153342 1
57 44 153367 0
103 52 153409 1
29 79 153429 0
70 42 153523 1
86 55 153527 0
19 67 153548 0
60 37 153557 1
64 38 153601 1
64 39 153629 1
15 83 153730 0
19 77 153739 0
19 91 153779 0
89 89 153803 0
70 93 153837 0
45 74 153864 0
91 41 153890 1
58 74 153917 0
67 90 153977 0
86 56 153985 0
18 74 154027 0
19 75 154028 0
47 87 154039 0
84 57 154040 0
67 108 154051 0
25 79 154079 0
74 96 154154 0
55 43 154175 0
79 59 154210 0
84 54 154239 0
90 67 154292 0
103 56 154302 1
29 78 154324 0
29 62 154345 1
56 74 154356 0
79 40 154398 1
33 78 154426 0
93 41 154441 1
98 44 154453 1
100 48 154470 1
50 69 154565 0
81 56 154613 0
18 69 154670 0
88 56 154745 0
109 45 154754 1
67 87 154805 0
18 72 154808 0
102 52 154830 1
81 40 154885 1
109 45 154889 0
55 73 154894 0
84 35 154977 1
104 66 155046 1
30 63 155050 1
76 97 155051 0
75 96 155065 0
57 73 155087 0
79 98 155159 0
96 43 155167 1
97 43 155212 1
91 63 155258 0
85 39 155260 1
22 78 155265 0
73 96 155289 0
72 41 155520 1
77 100 155528 0
90 57 155687 0
16 77 155716 0
59 75 155732 0
66 94 155741 0
41 76 155748 0
101 70 155839 1
103 65 155878 1
28 62 155913 1
33 79 155914 0
36 78 155968 0
71 59 155975 0
73 81 156002 1
69 104 156014 0
101 68 156038 1
74 42 156051 1
34 78 156218 0
103 51 156341 1
92 64 156392 0
102 66 156411 1
51 71 156533 0
96 42 156558 1
95 42 156568 1
23 79 156603 0
64 67 156665 1
89 56 156667 0
49 53 156713 1
82 54 156715 0
97 1 156724 0
39 78 156733 0
75 41 156737 1
52 72 156863 0
45 56 156864 1
13 77 156867 0
54 78 156875 0
51 52 156899 1
84 55 156941 0
13 83 156942 0
21 77 157005 0
65 87 157059 0
68 88 157190 0
14 84 157223 0
65 93 157231 0
25 92 157232 0
84 59 157291 0
78 96 157302 0
21 75 157305 0
54 73 157311 0
16 81 157321 0
22 65 157331 1
29 78 157357 0
68 93 157359 0
76 41 157391 1
75 56 157406 0
97 44 157418 1
74 56 157528 0
90 41 157581 1
50 69 157713 0
71 94 157799 0
41 79 157820 0
50 70 157820 0
19 71 157848 0
67 98 157891 0
15 69 157891 0
74 96 157896 0
13 67 157925 0
75 96 158045 0
19 85 158115 0
19 78 158213 0
56 44 158221 0
30 93 158273 0
44 78 158277 0
89 55 158314 0
9 29 158334 0
25 89 158495 0
75 99 158496 0
91 60 158498 0
52 52 158504 1
52 71 158513 0
85 58 158539 0
57 48 158590 0
17 83 158608 0
79 97 158633 0
67 90 158658 0
31 91 158707 0
70 92 158738 0
82 55 158822 0
92 41 159150 1
99 45 159170 1
47 53 159179 1
74 101 159351 0
84 54 159363 0
48 70 159390 0
81 96 159465 0
32 62 159497 1
90 56 159568 0
67 88 159761 0
51 70 159789 0
18 67 159793 0
15 74 159800 0
18 73 159803 0
103 62 159834 1
92 58 159956 0
25 62 159983 1
98 45 159988 1
90 69 160022 0
21 76 160044 0
70 95 160134 0
5 71 160189 0
24 79 160241 0
78 97 160280 0
57 44 160346 0
80 39 160361 1
89 70 160444 0
34 78 160562 0
57 73 160631 0
81 95 160682 0
47 73 160726 0
65 96 160732 0
10 79 160815 0
75 100 160833 0
89 55 160849 0
75 96 160879 0
77 97 160882 0
72 95 160970 0
56 47 161116 0
69 91 161132 0
77 55 161132 0
74 96 161179 0
56 74 161200 0
76 97 161240 0
67 89 161342 0
35 78 161384 0
91 59 161387 0
11 92 161391 0
64 37 161414 1
102 65 161447 1
101 49 161447 1
29 78 161459 0
59 36 161459 1
94 42 161538 1
90 56 161570 0
88 56 161581 0
60 72 161643 0
103 53 161706 1
99 84 161736 1
70 92 161803 0
89 54 161903 0
91 65 162011 0
76 99 162078 0
68 95 162085 0
27 78 162098 0
37 7 162099 0
91 56 162135 0
91 63 162197 0
72 59 162240 0
17 71 162255 0
80 56 162258 0
72 100 162264 0
91 58 162345 0
22 86 162397 0
100 37 162407 1
90 86 162435 0
101 48 162448 1
56 73 162454 0
100 49 162518 1
103 54 162523 1
50 69 162528 0
77 57 162624 0
54 71 162718 0
85 57 162725 0
57 46 162734 0
58 27 162796 1
67 86 162807 0
99 108 162814 1
68 88 162826 0
91 86 162857 0
115 59 162888 1
54 72 162898 0
57 43 162963 0
20 74 163128 0
37 81 163169 0
51 96 163190 0
62 95 163205 0
68 90 163244 0
83 94 163252 0
58 73 163326 0
90 56 163373 0
25 85 163383 0
17 70 163408 0
70 94 163454 0
71 57 163466 0
83 95 163501 0
58 74 163663 0
64 99 163703 0
82 60 163722 0
89 55 163727 0
30 83 163747 0
52 75 163770 0
74 56 163881 0
68 41 163923 1
71 104 163955 0
56 43 163995 0
24 87 164032 0
89 40 164095 1
27 62 164301 1
55 71 164318 0
110 74 164376 1
39 80 164442 0
67 90 164452 0
74 96 164562 0
99 46 164579 1
22 84 164653 0
75 96 164659 0
67 42 164668 1
70 92 164796 0
42 76 164816 0
33 83 164855 0
14 79 164875 0
24 79 164934 0
9 85 164958 0
73 82 164973 1
102 49 164975 1
34 78 165042 0
84 40 165067 1
76 98 165192 0
69 30 165296 1
58 47 165498 0
52 69 165594 0
75 82 165639 1
94 41 165671 1
85 40 165716 1
27 80 165810 0
97 79 165816 1
54 71 165902 0
43 56 165918 1
84 54 165965 0
91 58 166092 0
100 71 166133 1
56 73 166157 0
27 61 166167 1
83 76 166268 1
68 89 166357 0
56 44 166404 0
69 42 166441 1
65 39 166446 1
96 80 166451 1
61 38 166561 1
86 39 166568 1
54 73 166694 0
76 82 166741 1
106 55 166743 1
90 56 166745 0
80 96 166904 0
82 95 166991 0
68 37 167206 1
37 76 167308 0
44 55 167367 1
87 91 167394 1
16 75 167439 0
27 63 167477 1
66 39 167498 1
103 66 167534 1
99 75 167571 1
42 120 167779 1
102 64 167825 1
92 60 167840 0
34 53 167884 1
22 64 167888 1
26 62 167954 1
59 96 168087 0
78 96 168135 0
29 78 168147 0
100 45 168169 1
82 55 168221 0
74 64 168247 1
74 82 168247 1
90 60 168288 0
65 97 168318 0
75 57 168322 0
95 43 168408 1
88 70 168479 0
59 72 168559 0
41 58 168771 1
88 55 168889 0
28 63 168961 1
99 74 169022 1
82 40 169032 1
102 51 169289 1
87 40 169301 1
70 94 169369 0
36 59 169703 1
71 42 169736 1
103 57 169911 1
91 58 169924 0
76 0 170051 0
24 79 170132 0
56 73 170201 0
103 60 170205 1
74 96 170227 0
23 40 170283 1
23 64 170283 1
66 41 170318 1
61 71 170561 0
46 76 170609 0
67 12 170615 0
85 38 170799 1
56 47 170805 0
38 90 171121 0
48 54 171183 1
16 76 171238 0
10 83 171298 0
55 72 171400 0
80 54 171417 0
58 72 171471 0
56 46 171517 0
99 47 171620 1
4 85 171635 0
5 71 171643 0
69 93 171649 0
15 80 171666 0
79 102 171666 0
75 96 171709 0
90 57 171724 0
25 78 171768 0
27 83 171803 0
49 75 171838 0
55 74 171923 0
90 40 171928 1
77 41 171987 1
88 40 171995 1
89 55 172102 0
80 96 172109 0
56 41 172180 0
68 89 172190 0
54 71 172235 0
76 97 172352 0
27 87 172375 0
86 40 172402 1
61 72 172435 0
73 60 172461 0
77 96 172463 0
95 41 172501 1
75 56 172582 0
84 53 172610 0
98 46 172639 1
80 40 172639 1
88 55 172657 0
86 56 172740 0
90 56 172747 0
82 54 172805 0
30 78 172812 0
84 39 172857 1
100 47 172879 1
64 105 173138 0
69 41 173164 1
91 41 173187 1
92 60 173229 0
96 43 173245 1
51 73 173301 0
78 40 173332 1
68 97 173351 0
92 57 173496 0
70 92 173503 0
77 98 173507 0
34 78 173540 0
100 46 173557 1
91 40 173583 1
93 84 173585 0
61 37 173628 1
66 40 173702 1
25 81 173708 0
72 58 173725 0
92 40 173786 1
63 36 173789 1
63 38 173800 1
68 91 173847 0
77 40 173883 1
84 76 173890 1
95 42 173936 1
67 40 173943 1
73 106 173959 0
73 96 173981 0
91 58 173986 0
102 50 173992 1
59 73 174003 0
71 93 174023 0
67 41 174043 1
79 54 174054 0
86 59 174085 0
68 42 174099 1
77 95 174117 0
89 40 174119 1
78 81 174140 1
81 39 174141 1
87 39 174143 1
92 41 174241 1
48 53 174273 1
57 73 174295 0
84 94 174297 0
75 81 174326 1
93 42 174334 1
42 58 174393 1
62 36 174396 1
49 69 174406 0
61 36 174434 1
65 37 174467 1
70 59 174467 0
98 45 174469 1
74 40 174478 1
45 55 174488 1
70 58 174496 0
81 40 174498 1
70 83 174548 1
83 52 174548 0
56 74 174550 0
72 81 174607 1
97 44 174632 1
76 40 174635 1
84 75 174662 1
79 40 174742 1
43 74 174745 0
70 94 174773 0
91 39 174776 1
29 77 174852 0
87 55 174854 0
88 88 174861 0
76 56 174871 0
82 96 174874 0
37 7 174895 1
25 63 174896 1
56 73 174905 0
77 82 174939 1
65 34 174960 1
77 55 174964 0
73 41 174986 1
76 96 175002 0
79 81 175034 1
25 64 175050 1
51 53 175064 1
81 54 175112 0
23 78 175124 0
52 70 175132 0
41 57 175135 1
84 40 175186 1
47 71 175198 0
74 14 175230 1
65 40 175253 1
78 82 175282 1
70 84 175312 1
81 95 175327 0
85 40 175339 1
50 69 175345 0
93 41 175374 1
77 83 175405 1
44 56 175412 1
82 40 175420 1
53 51 175438 1
55 72 175443 0
40 76 175457 0
58 73 175460 0
40 58 175565 1
35 60 175585 1
85 39 175594 1
85 76 175615 1
37 77 175680 0
78 96 175711 0
89 55 175729 0
36 60 175741 1
77 96 175764 0
23 63 175790 1
69 59 175797 0
80 96 175854 0
74 82 175865 1
77 56 175869 0
40 77 175882 0
82 95 175892 0
71 41 175899 1
67 90 175900 0
31 62 175914 1
48 70 175920 0
79 55 175928 0
83 54 175950 0
49 85 175954 0
53 52 175954 1
12 79 175967 0
69 89 175967 0
83 94 175972 0
73 57 175980 0
39 77 175985 0
48 76 176009 0
74 56 176019 0
59 72 176019 0
19 82 176026 0
70 93 176027 0
50 52 176043 1
73 82 176054 1
89 56 176092 0
81 96 176171 0
55 73 176177 0
88 40 176210 1
71 74 176212 0
71 82 176212 1
90 56 176221 0
68 41 176223 1
74 81 176233 1
54 80 176245 0
50 70 176275 0
72 82 176279 1
33 78 176283 0
91 56 176287 0
89 54 176304 0
30 62 176311 1
33 61 176312 1
83 39 176322 1
88 55 176329 0
82 55 176337 0
84 93 176358 0
53 73 176364 0
82 39 176368 1
38 77 176403 0
24 79 176439 0
86 40 176455 1
83 95 176461 0
16 78 176473 0
34 61 176504 1
46 38 176514 1
46 54 176514 1
75 96 176518 0
47 72 176527 0
19 71 176534 0
53 72 176537 0
46 72 176542 0
78 54 176543 0
63 37 176545 1
42 57 176547 1
90 40 176583 1
79 80 176602 1
30 78 176611 0
49 54 176703 1
71 81 176722 1
70 39 176723 1
39 57 176739 1
92 40 176739 1
75 40 176791 1
37 58 176811 1
72 42 176813 1
78 41 176832 1
60 72 176833 0
52 51 176866 1
88 39 176870 1
37 78 176884 0
51 70 176957 0
30 84 176971 0
91 86 176983 0
54 71 176984 0
82 77 176997 1
67 42 177024 1
51 51 177026 1
89 39 177031 1
39 76 177046 0
27 78 177076 0
25 78 177102 0
89 88 177135 0
81 78 177149 1
65 38 177178 1
29 78 177241 0
76 98 177245 0
21 66 177255 1
40 78 177294 0
21 77 177302 0
75 97 177309 0
71 83 177315 1
93 83 177346 0
37 60 177352 1
84 53 177359 0
55 71 177374 0
27 80 177422 0
75 59 177428 0
21 78 177429 0
24 63 177454 1
60 36 177470 1
51 52 177474 1
24 65 177490 1
58 72 177495 0
43 57 177511 1
31 61 177513 1
74 41 177528 1
71 57 177528 0
29 62 177543 1
20 65 177561 1
64 36 177582 1
20 74 177593 0
94 41 177602 1
59 35 177609 1
78 40 177672 1
21 64 177684 1
19 69 177728 0
40 57 177767 1
60 74 177773 0
85 75 177813 1
51 69 177817 0
80 54 177844 0
102 52 177848 1
73 81 177860 1
24 62 177867 1
34 60 177874 1
76 81 177910 1
59 37 177937 1
50 53 177938 1
30 61 177946 1
49 69 177952 0
47 54 177985 1
38 58 178053 1
81 77 178073 1
37 79 178075 0
83 76 178094 1
83 77 178156 1
99 45 178162 1
21 75 178183 0
40 75 178184 0
26 62 178232 1
52 70 178256 0
75 41 178258 1
101 57 178265 1
77 48 178265 1
77 40 178266 1
41 57 178336 1
82 76 178372 1
90 39 178385 1
26 63 178454 1
41 56 178464 1
38 57 178501 1
32 61 178507 1
88 72 178527 1
35 61 178547 1
45 72 178594 0
97 43 178618 1
42 74 178623 0
39 59 178633 1
33 60 178642 1
69 82 178673 1
82 52 178705 0
89 40 178740 1
52 69 178761 0
103 55 178770 1
27 62 178774 1
43 56 178855 1
76 96 178897 0
101 47 178919 1
101 49 178921 1
61 71 178944 0
98 44 178960 1
79 54 179021 0
77 41 179033 1
84 95 179033 0
21 65 179036 1
81 39 179057 1
72 41 179098 1
33 62 179103 1
79 40 179104 1
48 53 179111 1
87 40 179113 1
84 38 179141 1
68 38 179142 1
59 73 179168 0
75 56 179273 0
37 57 179316 1
80 80 179355 1
71 58 179369 0
79 39 179378 1
30 78 179402 0
21 76 179427 0
64 38 179432 1
86 39 179463 1
62 35 179495 1
47 53 179500 1
36 78 179516 0
77 95 179567 0
50 69 179585 0
90 86 179591 0
20 64 179610 1
28 62 179610 1
55 51 179734 1
58 73 179766 0
80 40 179809 1
44 74 179847 0
41 58 179855 1
67 95 179857 0
62 71 179870 0
45 54 179873 1
55 72 179876 0
30 62 179912 1
44 56 179923 1
91 40 179945 1
45 55 179954 1
91 58 179957 0
69 91 179997 0
81 40 180019 1
47 55 180055 1
71 94 180075 0
22 62 180103 1
70 81 180127 1
74 96 180143 0
34 78 180190 0
23 62 180207 1
75 81 180281 1
45 73 180322 0
77 55 180374 0
36 77 180386 0
87 39 180425 1
58 36 180427 1
61 35 180462 1
69 83 180526 1
27 77 180593 0
37 77 180616 0
35 60 180634 1
70 82 180642 1
42 58 180663 1
92 41 180677 1
37 76 180699 0
66 39 180738 1
80 96 180741 0
91 38 180757 1
87 34 180767 1
38 80 180794 0
19 74 180814 0
93 39 180839 1
96 42 180841 1
91 37 180858 1
61 28 180859 1
56 73 180863 0
51 69 180868 0
76 55 180895 0
44 73 180919 0
20 66 180962 1
39 58 180988 1
57 74 180998 0
34 61 181097 1
40 53 181123 1
84 58 181123 1
84 76 181123 1
56 46 181127 0
41 75 181149 0
50 68 181163 0
70 92 181188 0
96 43 181205 1
37 59 181217 1
84 54 181222 0
29 78 181381 0
79 41 181408 1
72 58 181427 0
29 63 181428 1
33 77 181480 0
91 41 181511 1
68 40 181536 1
75 82 181541 1
106 49 181585 1
24 61 181672 1
76 40 181678 1
49 69 181681 0
70 94 181746 0
68 42 181857 1
34 53 181967 1
25 62 181972 1
87 36 181982 1
68 89 182036 0
38 59 182051 1
98 43 182128 1
43 55 182178 1
25 63 182186 1
88 55 182278 0
40 90 182318 0
97 38 182417 1
23 78 182453 0
62 36 182454 1
52 70 182608 0
30 78 182625 0
57 73 182657 0
49 52 182685 1
76 96 182754 0
65 39 182890 1
42 74 182915 0
61 37 182943 1
27 78 182963 0
19 79 182971 0
25 61 182982 1
35 78 183044 0
25 78 183046 0
27 63 183065 1
74 102 183070 0
32 79 183077 0
42 75 183095 0
46 55 183146 1
63 36 183174 1
94 83 183182 0
95 42 183315 1
29 77 183335 0
87 72 183404 1
91 57 183426 0
15 72 183462 0
69 97 183481 0
33 61 183488 1
82 40 183502 1
27 79 183506 0
85 39 183587 1
52 52 183718 1
84 39 183718 1
80 55 183728 0
103 45 183760 1
55 82 183771 0
28 61 183876 1
83 52 183879 0
86 53 183912 0
53 51 184010 1
54 72 184094 0
31 62 184122 1
92 59 184154 0
78 56 184163 0
70 41 184251 1
68 39 184305 1
87 70 184327 0
78 54 184404 0
78 81 184444 1
92 85 184481 0
51 52 184500 1
67 34 184500 1
99 46 184558 1
58 38 184592 1
76 55 184598 0
82 55 184665 0
61 38 184813 1
64 37 184823 1
54 50 184826 1
73 95 184859 0
84 40 184875 1
73 41 184893 1
96 80 184909 0
60 37 184910 1
32 78 184913 0
60 38 184942 1
28 63 184996 1
81 99 185064 0
77 82 185065 1
36 77 185086 0
20 77 185222 0
50 52 185251 1
82 37 185310 1
82 54 185317 0
72 81 185412 1
29 62 185430 1
42 57 185474 1
25 104 185556 0
73 40 185592 1
19 76 185600 0
28 79 185602 0
62 103 185606 0
102 48 185613 1
51 78 185634 0
47 71 185638 0
98 45 185657 1
46 56 185671 1
33 77 185686 0
84 56 185724 0
51 69 185805 0
30 88 185825 0
52 78 185861 0
82 95 185870 0
90 40 185887 1
74 82 186006 1
97 44 186103 1
82 36 186222 1
70 58 186234 0
88 40 186252 1
90 56 186318 0
76 95 186333 0
57 37 186403 1
89 87 186583 0
74 56 186592 0
59 38 186677 1
42 77 186681 0
20 78 186714 0
18 75 186723 0
69 42 186779 1
22 78 186828 0
81 95 186832 0
59 72 186892 0
89 54 186929 0
81 54 186971 0
35 77 187004 0
24 64 187006 1
65 103 187030 0
92 58 187031 0
48 71 187081 0
62 70 187094 0
89 55 187120 0
78 82 187123 1
78 96 187169 0
91 56 187223 0
88 88 187232 0
34 79 187250 0
24 78 187300 0
15 89 187322 0
86 60 187328 0
85 94 187342 0
74 40 187345 1
91 57 187349 0
43 74 187361 0
76 96 187380 0
22 64 187501 1
72 82 187601 1
86 53 187604 0
61 70 187647 0
39 57 187681 1
51 68 187713 0
71 93 187735 0
53 70 187800 0
93 41 187879 1
57 44 187926 0
43 57 187971 1
27 80 187982 0
92 57 187990 0
19 74 188005 0
61 36 188067 1
30 78 188146 0
23 53 188193 1
32 63 188223 1
44 73 188268 0
75 96 188309 0
68 41 188314 1
57 45 188353 0
60 72 188355 0
54 51 188358 1
77 96 188392 0
36 59 188583 1
42 56 188649 1
93 40 188658 1
76 55 188709 0
73 82 188831 1
100 47 188848 1
26 78 188868 0
74 57 189038 0
42 74 189115 0
80 79 189131 1
46 54 189215 1
67 12 189279 0
52 70 189300 0
36 58 189301 1
79 81 189325 1
63 39 189331 1
82 39 189332 1
74 81 189352 1
67 41 189361 1
83 94 189424 0
76 82 189441 1
54 71 189446 0
69 92 189529 0
71 82 189575 1
98 7 189587 1
83 39 189594 1
77 81 189693 1
26 61 189740 1
17 57 189759 1
68 88 189783 0
85 40 189817 1
34 53 189847 1
41 75 189858 0
84 75 189874 1
73 95 189965 0
44 55 189985 1
31 61 190002 1
58 37 190059 1
43 54 190062 1
102 49 190078 1
29 61 190082 1
49 69 190089 0
32 78 190096 0
69 59 190114 0
39 76 190149 0
72 92 190226 0
90 69 190226 1
80 96 190236 0
76 95 190243 0
73 93 190314 0
110 46 190342 1
21 77 190557 0
99 74 190571 0
22 65 190585 1
35 77 190695 0
89 40 190717 1
35 59 190741 1
70 42 190770 1
58 72 190830 0
92 59 190951 0
78 40 191016 1
74 97 191134 0
33 77 191135 0
66 40 191176 1
63 35 191187 1
66 100 191206 0
16 78 191211 0
56 73 191212 0
14 83 191214 0
51 53 191275 1
44 86 191340 0
73 81 191348 1
20 77 191359 0
33 78 191392 0
79 40 191480 1
41 83 191489 0
80 54 191491 0
68 90 191501 0
55 49 191542 1
91 57 191551 0
34 78 191564 0
70 5 191580 0
63 92 191646 0
39 81 191693 0
83 95 191725 0
21 83 191741 0
90 58 191752 0
81 114 191764 0
24 78 191767 0
67 40 191811 1
53 70 191878 0
36 77 191960 0
24 62 192017 1
88 89 192096 0
82 52 192119 0
71 91 192250 0
42 80 192290 0
55 72 192333 0
88 55 192374 0
42 112 192386 0
104 54 192386 1
17 74 192500 0
92 62 192547 0
24 79 192640 0
48 70 192728 0
26 78 192831 0
90 86 193004 0
52 51 193153 1
81 98 193204 0
68 60 193248 0
102 51 193276 1
83 57 193276 0
32 61 193297 1
89 87 193412 0
23 64 193605 1
71 40 193665 1
67 63 193721 0
70 91 193727 0
40 76 193734 0
70 94 193776 0
86 53 193799 0
95 81 193871 0
100 71 193881 0
72 40 193884 1
101 48 193953 1
38 58 194038 1
43 73 194040 0
87 90 194187 0
69 41 194200 1
52 76 194207 0
29 89 194266 0
52 69 194374 0
72 95 194396 0
38 77 194404 0
93 83 194424 0
27 77 194443 0
84 93 194468 0
70 60 194477 0
19 75 194529 0
83 76 194540 1
28 62 194564 1
40 75 194588 0
84 94 194603 0
14 75 194615 0
79 61 194641 0
86 40 194664 1
66 34 194685 1
46 73 194701 0
80 78 194703 1
95 41 194744 1
75 56 194895 0
92 40 194902 1
114 57 195015 1
56 49 195024 1
85 92 195062 0
35 77 195089 0
32 78 195180 0
76 98 195194 0
57 45 195290 0
59 36 195336 1
86 39 195439 1
27 61 195548 1
34 84 195552 0
69 92 195629 0
46 71 195674 0
94 39 195708 1
53 34 195747 1
103 58 195755 1
19 73 195807 0
24 78 195824 0
61 72 195847 0
74 41 195849 1
109 45 195895 1
23 63 195979 1
24 63 195987 1
94 41 195998 1
109 45 196111 0
41 9 196126 1
55 73 196126 0
83 37 196218 1
41 57 196250 1
66 125 196270 1
41 74 196377 0
76 96 196551 0
38 85 196569 0
73 95 196595 0
109 45 196607 1
82 55 196663 0
77 40 196671 1
56 46 196800 0
27 62 196838 1
53 70 196846 0
109 45 196898 0
86 91 196913 0
13 76 196939 0
26 78 196984 0
36 60 196993 1
83 96 197012 0
29 78 197020 0
76 56 197033 0
18 90 197117 0
46 72 197163 0
57 92 197176 0
61 71 197204 0
69 103 197206 0
87 61 197396 0
19 86 197443 0
25 95 197443 0
76 95 197457 0
93 84 197461 0
47 81 197466 0
57 101 197513 0
64 35 197639 1
52 79 197773 0
13 72 197782 0
56 83 197788 0
25 77 197845 0
37 58 198138 1
88 71 198170 1
3 77 198177 0
15 79 198206 0
67 97 198320 0
16 82 198323 0
42 86 198361 0
15 85 198378 0
85 56 198418 0
87 89 198419 0
82 77 198428 1
16 72 198563 0
21 87 198595 0
101 70 198643 0
85 75 198715 1
99 73 198726 0
20 77 198736 0
90 67 198749 1
57 48 198772 1
76 55 198784 0
64 67 198792 0
54 99 198820 0
50 73 198831 0
89 69 198919 1
80 102 198959 0
75 40 198962 1
66 92 199003 0
56 78 199005 0
23 84 199028 0
24 89 199047 0
46 74 199050 0
22 90 199056 0
70 96 199062 0
79 80 199065 1
20 89 199082 0
39 35 199098 0
38 86 199099 0
81 78 199142 1
25 88 199151 0
53 79 199159 0
85 74 199172 1
91 40 199187 1
45 83 199192 0
81 39 199218 1
28 89 199222 0
91 65 199231 1
83 75 199235 1
74 99 199235 0
85 93 199237 0
77 98 199262 0
99 75 199299 0
16 78 199348 0
26 62 199400 1
72 94 199422 0
79 38 199467 1
70 83 199486 1
100 72 199523 0
97 78 199534 0
87 39 199554 1
96 80 199575 0
88 88 199590 0
78 54 199611 0
80 39 199675 1
79 54 199714 0
84 53 199724 0
83 94 199772 0
85 60 199789 0
91 86 199816 0
77 95 199844 0
98 77 199887 0
51 69 199893 0
75 81 199899 1
76 81 199908 1
31 84 199914 0
82 76 199915 1
49 73 199934 0
71 57 199935 0
30 82 199951 0
28 78 199958 0
73 99 199958 0
68 61 199960 0
58 74 199976 0
0 0 200010 0
