100 11 0 1
43 101 25 0
76 74 50 1
102 22 122 1
103 64 139 1
103 67 180 1
72 101 187 0
103 16 195 1
103 69 202 1
96 58 212 1
46 67 215 0
103 66 384 1
95 57 390 1
69 97 425 0
47 68 454 0
99 78 462 1
45 48 470 1
47 48 523 1
76 75 527 1
26 92 580 0
67 93 586 0
19 77 614 0
36 77 631 1
38 100 637 0
82 56 667 1
41 68 681 0
97 31 689 1
73 101 699 0
75 102 777 0
56 53 783 1
78 80 793 1
20 74 832 0
75 101 842 0
66 90 854 0
37 79 857 1
86 69 864 0
103 65 933 1
75 72 989 1
37 70 1004 1
80 25 1011 0
67 92 1012 0
38 81 1035 1
103 12 1040 1
60 55 1043 1
40 67 1053 0
36 76 1081 1
97 10 1129 1
27 93 1157 0
99 11 1164 1
52 71 1181 0
86 68 1182 0
76 103 1218 0
97 58 1219 1
99 10 1259 1
67 91 1279 0
101 62 1288 1
101 60 1336 1
97 34 1340 1
40 46 1346 1
104 65 1349 1
101 59 1365 1
104 15 1401 1
96 36 1444 1
28 95 1470 0
97 11 1507 1
52 69 1527 0
76 76 1559 1
54 51 1579 1
95 36 1584 1
51 68 1591 0
33 47 1642 1
35 46 1711 1
38 46 1712 1
68 97 1784 0
51 69 1797 0
101 61 1863 1
19 66 1928 0
26 93 1947 0
58 54 1948 1
68 96 1951 0
97 57 1969 1
77 103 1972 0
77 80 2005 1
39 45 2009 1
100 59 2018 1
42 66 2030 0
51 50 2067 1
19 71 2083 0
23 90 2098 0
102 11 2119 1
89 64 2121 0
38 47 2128 1
80 60 2150 1
90 15 2173 0
61 91 2180 0
55 52 2213 1
78 30 2231 0
100 10 2252 1
35 96 2255 0
103 70 2276 1
23 86 2315 0
37 99 2386 0
50 68 2419 0
43 80 2445 1
104 65 2479 1
66 89 2485 0
48 68 2519 0
96 9 2555 1
78 104 2580 0
76 78 2588 1
81 59 2606 1
27 90 2610 0
40 80 2653 1
35 75 2659 1
51 49 2669 1
76 77 2688 1
99 58 2713 1
46 47 2729 1
101 10 2751 1
37 47 2758 1
97 35 2915 1
38 80 2923 1
44 66 2929 0
38 98 2930 0
81 102 2934 0
103 62 2937 1
82 54 2944 1
65 88 2953 0
100 77 3020 1
81 56 3041 1
48 67 3058 0
47 67 3091 0
102 12 3113 1
77 32 3120 0
71 100 3154 0
41 46 3189 1
90 63 3195 0
80 29 3207 0
95 58 3233 1
102 62 3233 1
97 32 3239 1
103 15 3243 1
33 96 3272 0
34 47 3288 1
59 55 3339 1
21 81 3358 0
39 68 3396 0
75 73 3398 1
25 89 3428 0
39 80 3452 1
109 45 3473 1
37 46 3482 1
53 50 3523 1
57 54 3530 1
35 97 3530 0
23 84 3536 0
69 97 3559 0
89 43 3580 1
32 47 3626 1
75 71 3651 1
37 97 3693 0
58 53 3695 1
94 59 3699 1
18 76 3725 0
109 45 3733 0
22 81 3742 0
76 35 3747 0
73 101 3777 0
20 78 3818 0
22 82 3819 0
36 79 3820 1
20 68 3828 0
31 95 3852 0
97 9 3857 1
103 63 3861 1
77 78 3880 1
32 96 3884 0
83 54 3927 1
97 82 3929 1
37 98 3945 0
46 67 3947 0
77 77 3961 1
102 63 3992 1
99 56 3997 1
104 65 4008 1
78 79 4010 1
95 11 4040 1
78 81 4041 1
49 47 4061 1
19 64 4069 0
37 72 4069 1
67 91 4072 0
50 99 4076 0
70 99 4079 0
75 102 4085 0
45 99 4096 0
102 61 4098 1
98 9 4103 1
49 99 4135 0
28 94 4140 0
104 62 4189 1
48 48 4201 1
19 74 4225 0
43 100 4243 0
76 34 4259 0
21 79 4273 0
27 91 4326 0
55 52 4369 1
100 58 4395 1
50 48 4402 1
77 13 4408 1
77 68 4408 1
60 54 4421 1
51 70 4496 0
30 98 4513 0
84 72 4554 0
28 91 4587 0
73 113 4591 1
53 96 4639 0
103 67 4667 1
55 97 4668 0
19 78 4672 0
82 55 4705 1
96 34 4746 1
56 96 4770 0
69 95 4794 0
44 47 4799 1
74 102 4842 0
66 91 4853 0
83 75 4870 0
41 99 4896 0
103 68 4909 1
69 46 4923 0
100 78 4945 1
104 66 4967 1
69 98 4993 0
89 45 5004 1
55 96 5013 0
52 50 5020 1
33 95 5021 0
33 46 5051 1
104 18 5054 1
82 77 5056 0
94 58 5060 1
99 27 5069 1
103 64 5082 1
67 49 5087 0
79 62 5098 1
76 103 5103 0
103 18 5170 1
37 79 5199 1
62 55 5217 1
36 78 5222 1
96 57 5223 1
76 73 5233 1
34 40 5252 1
20 79 5254 0
97 57 5269 1
41 80 5278 1
104 16 5286 1
71 98 5314 0
40 45 5336 1
34 46 5339 1
29 93 5343 0
30 93 5363 0
103 66 5386 1
44 80 5391 1
95 37 5404 1
42 100 5424 0
66 90 5430 0
104 65 5431 1
78 66 5471 1
44 67 5514 0
43 47 5536 1
101 11 5537 1
97 30 5539 1
74 101 5553 0
40 47 5555 1
53 51 5579 1
38 79 5673 1
20 62 5684 0
83 117 5694 1
103 14 5697 1
51 48 5704 1
36 73 5705 1
37 74 5727 1
99 57 5766 1
93 122 5767 1
63 14 5767 1
95 38 5772 1
61 55 5790 1
96 84 5810 1
57 53 5813 1
56 52 5829 1
20 61 5839 0
39 46 5839 1
26 89 5859 0
46 48 5866 1
51 68 5871 0
35 78 5906 1
59 53 5917 1
59 54 5918 1
45 47 5929 1
52 69 5933 0
48 68 5956 0
38 99 5958 0
67 92 5985 0
37 78 6025 1
21 82 6028 0
103 65 6060 1
98 57 6068 1
79 103 6077 0
36 47 6108 1
99 79 6126 1
76 72 6146 1
52 51 6149 1
78 82 6162 1
72 101 6207 0
85 71 6262 0
68 96 6268 0
96 85 6275 1
104 68 6288 1
78 103 6301 0
34 97 6308 0
31 94 6317 0
33 96 6344 0
45 67 6352 0
76 68 6386 1
75 70 6410 1
35 96 6430 0
75 75 6432 1
35 46 6465 1
121 45 6494 1
23 84 6499 0
43 65 6503 0
49 48 6504 1
25 88 6506 0
58 52 6508 1
20 63 6546 0
103 69 6565 1
57 52 6595 1
35 74 6602 1
61 56 6602 1
19 67 6637 0
86 49 6655 1
55 51 6688 1
18 70 6700 0
19 76 6737 0
41 47 6756 1
101 58 6758 1
101 60 6758 1
81 61 6760 1
25 87 6803 0
30 97 6844 0
37 77 6854 1
21 83 6896 0
39 100 6905 0
50 49 6921 1
42 47 6924 1
49 68 6926 0
104 17 6940 1
101 73 6940 1
50 68 6946 0
19 68 6962 0
19 75 6965 0
20 65 6972 0
98 29 6990 1
58 54 7036 1
46 49 7038 1
37 71 7080 1
93 13 7120 1
77 80 7156 1
43 28 7188 1
43 98 7188 0
29 95 7192 0
77 67 7242 1
37 98 7300 0
102 60 7300 1
92 12 7308 1
22 81 7322 0
38 98 7350 0
31 47 7351 1
103 61 7352 1
79 60 7358 1
104 65 7372 1
43 66 7385 0
98 27 7409 1
97 33 7434 1
27 92 7447 0
80 62 7467 1
78 80 7469 1
76 77 7469 1
101 61 7470 1
47 47 7471 1
99 9 7510 1
82 57 7524 1
102 10 7582 1
48 49 7611 1
46 67 7644 0
95 39 7656 1
84 125 7661 1
39 81 7662 1
47 99 7684 0
39 99 7691 0
43 46 7697 1
95 93 7701 1
101 59 7702 1
65 89 7715 0
91 105 7748 1
1 27 7749 1
54 51 7756 1
54 52 7784 1
76 76 7844 1
37 97 7850 0
97 35 7862 1
29 50 7911 1
40 46 7924 1
74 101 7935 0
27 90 7943 0
95 57 7958 1
119 97 7970 1
20 60 7977 0
96 58 8026 1
19 71 8029 0
82 58 8036 1
104 67 8077 1
103 72 8090 1
60 55 8094 1
86 48 8114 1
22 82 8121 0
42 46 8170 1
51 50 8179 1
26 91 8182 0
29 49 8237 1
48 47 8251 1
64 89 8270 0
21 80 8280 0
102 13 8380 1
24 88 8388 0
81 58 8391 1
77 31 8410 0
76 69 8414 1
36 77 8417 1
20 74 8425 0
49 100 8428 0
19 74 8485 0
47 48 8514 1
19 81 8554 0
28 93 8555 0
42 80 8582 1
25 91 8634 0
83 52 8684 1
69 98 8705 0
21 81 8741 0
48 67 8856 0
28 91 8904 0
19 73 8945 0
23 86 8973 0
38 99 9063 0
101 75 9068 1
31 93 9095 0
51 69 9120 0
30 96 9129 0
69 47 9142 0
69 97 9202 0
48 99 9223 0
67 93 9243 0
37 80 9246 1
19 62 9259 0
98 10 9285 1
93 57 9308 1
38 80 9371 1
47 67 9374 0
35 97 9377 0
76 103 9391 0
75 101 9396 0
39 101 9398 0
95 34 9422 1
104 65 9447 1
46 47 9451 1
101 76 9457 1
71 99 9496 0
39 80 9498 1
63 56 9525 1
37 76 9640 1
51 98 9667 0
27 91 9781 0
23 84 9815 0
71 100 9891 0
45 46 9950 1
100 59 9997 1
36 46 10014 1
20 78 10015 0
18 79 10035 0
73 113 10054 0
101 20 10103 1
75 36 10164 0
51 49 10167 1
36 74 10175 1
47 68 10188 0
24 89 10215 0
33 96 10217 0
56 53 10344 1
18 77 10346 0
22 84 10377 0
25 89 10387 0
37 73 10387 1
80 27 10429 0
37 99 10450 0
41 46 10473 1
74 101 10494 0
75 74 10517 1
18 63 10606 0
19 63 10653 0
99 10 10696 1
88 7 10742 0
24 91 10759 0
21 58 10770 0
10 35 10773 0
19 80 10774 0
67 96 10821 0
99 58 10839 1
22 58 10854 0
76 70 10874 1
77 103 10924 0
48 68 10928 0
50 100 10943 0
63 14 10947 0
53 98 10971 0
82 102 11020 0
47 100 11046 0
25 93 11110 0
104 70 11193 1
98 58 11215 1
66 91 11262 0
23 87 11264 0
78 67 11279 1
83 53 11297 1
100 25 11365 1
104 65 11379 1
37 98 11385 0
102 62 11412 1
99 80 11450 1
34 97 11465 0
102 11 11507 1
21 79 11684 0
82 101 11693 0
81 101 11743 0
100 10 11838 1
79 29 11850 0
64 90 11890 0
17 76 11930 0
19 66 11931 0
94 11 11933 1
31 95 11981 0
75 72 12016 1
23 95 12018 0
18 73 12026 0
68 50 12041 0
40 72 12060 0
40 80 12061 1
20 68 12113 0
24 90 12204 0
84 71 12289 0
81 77 12346 0
47 98 12403 0
66 90 12417 0
69 98 12420 0
33 53 12434 1
67 91 12476 0
44 47 12480 1
71 99 12490 0
41 67 12499 0
81 26 12537 0
9 85 12641 0
76 38 12658 0
76 36 12687 0
30 93 12689 0
52 71 12710 0
44 100 12733 0
46 100 12744 0
67 95 12788 0
0 0 12805 0
33 95 12827 0
20 81 12866 0
61 43 12867 0
43 66 12870 0
18 67 12889 0
18 64 12895 0
33 66 12900 1
1 26 12942 0
21 62 13176 0
36 98 13186 0
37 101 13201 0
24 54 13225 0
18 65 13248 0
68 48 13257 0
63 125 13305 0
17 85 13339 0
26 89 13355 0
19 73 13368 0
20 59 13376 0
52 72 13415 0
40 100 13491 0
18 74 13570 0
43 82 13677 1
4 86 13713 0
74 101 13759 0
68 54 13802 1
68 49 13803 0
53 34 13824 0
17 71 13840 0
76 33 13856 0
72 41 13892 0
75 43 13900 1
45 68 13930 0
44 69 14098 0
103 71 14223 1
19 74 14251 0
84 73 14277 0
35 98 14347 0
87 66 14399 0
43 47 14413 1
48 48 14447 1
49 70 14516 0
77 76 14605 1
45 98 14727 0
76 103 14750 0
69 45 14895 0
104 65 14920 1
40 98 14940 0
58 53 15022 1
71 101 15210 0
52 70 15233 0
78 32 15268 0
43 100 15369 0
46 67 15406 0
50 69 15416 0
55 52 15418 1
73 104 15455 0
69 96 15456 0
72 101 15522 0
48 99 15523 0
19 69 15687 0
68 97 15731 0
44 66 15757 0
34 97 15776 0
22 85 15779 0
81 57 15779 1
50 72 15932 0
29 93 15982 0
20 80 16052 0
71 98 16119 0
71 99 16169 0
76 75 16169 1
87 67 16195 0
23 84 16396 0
75 103 16472 0
81 24 16475 0
25 88 16507 0
38 99 16603 0
77 33 16627 0
67 94 16656 0
43 99 16817 0
97 58 16903 1
43 67 16948 0
69 98 17024 0
38 46 17056 1
65 53 17082 0
30 49 17121 1
46 98 17202 0
74 104 17203 0
13 78 17244 0
33 96 17353 0
82 76 17355 0
38 79 17356 1
67 99 17427 0
73 101 17438 0
31 94 17480 0
68 101 17537 0
83 76 17565 1
28 91 17618 0
93 54 17665 0
35 96 17670 0
36 100 17689 0
102 12 17695 1
18 75 17743 0
19 73 17829 0
41 99 17885 0
28 92 17895 0
21 91 17913 0
19 64 17913 0
37 97 17930 0
104 65 17962 1
51 68 17964 0
86 67 17967 0
75 102 18155 0
81 25 18189 0
75 38 18212 0
66 89 18242 0
66 99 18285 0
67 92 18298 0
39 97 18483 0
37 46 18520 1
47 66 18526 0
53 51 18549 1
103 16 18555 1
52 70 18564 0
37 78 18569 1
52 49 18606 1
76 74 18609 1
103 17 18781 1
52 50 18931 1
94 57 19012 1
79 65 19162 1
102 21 19182 1
19 69 19279 0
25 87 19324 0
74 101 19442 0
88 18 19455 0
104 14 19458 1
35 47 19495 1
43 80 19524 1
103 12 19547 1
104 15 19590 1
20 65 19648 0
67 88 19779 0
78 65 19796 1
52 69 19797 0
69 96 19802 0
18 80 19893 0
95 93 19925 0
45 99 19944 0
40 98 20089 0
59 55 20095 1
81 78 20105 0
37 98 20201 0
19 61 20243 0
46 69 20252 0
102 20 20307 1
45 79 20311 1
43 66 20332 0
21 86 20421 0
37 79 20442 1
82 56 20502 1
86 105 20517 1
53 50 20647 1
19 68 20713 0
104 69 20750 1
43 99 20762 0
28 92 20774 0
103 15 20794 1
97 32 20930 1
19 71 20974 0
42 66 21016 0
97 10 21026 1
38 45 21177 1
45 48 21244 1
96 10 21284 1
45 66 21410 0
72 102 21641 0
34 97 21762 0
100 58 22052 1
40 81 22151 1
39 46 22162 1
22 85 22220 0
20 80 22260 0
36 78 22403 1
97 31 22577 1
19 77 22598 0
17 46 22621 0
57 53 22633 1
33 48 22744 1
66 91 22791 0
83 74 22917 0
98 30 22920 1
45 100 23189 0
104 65 23296 1
41 80 23306 1
52 68 23351 0
100 76 23375 1
60 54 23684 1
38 70 23701 1
28 92 23849 0
52 70 23851 0
69 100 23986 0
76 104 24052 0
19 69 24052 0
80 28 24098 0
79 102 24139 0
76 71 24142 1
61 54 24181 1
29 91 24225 0
73 102 24329 0
50 67 24527 0
27 90 24532 0
23 89 24549 0
11 83 24593 0
11 17 24815 0
34 47 24824 1
27 89 24912 0
20 69 25199 0
22 55 25235 0
69 95 25252 0
18 82 25428 0
20 61 25475 0
45 80 25506 1
52 48 25532 1
49 48 25593 1
51 71 25605 0
45 66 25622 0
43 65 25627 0
22 81 25675 0
29 96 25876 0
73 110 25879 0
49 68 25897 0
21 76 25927 0
99 25 25947 1
36 63 26003 1
36 75 26003 1
45 56 26114 1
76 103 26133 0
102 61 26141 1
50 98 26169 0
20 83 26217 0
103 70 26223 1
41 81 26232 1
86 19 26244 1
101 11 26289 1
75 101 26326 0
20 58 26334 0
21 84 26349 0
15 47 26351 0
13 41 26358 0
43 22 26405 0
103 13 26440 1
27 92 26518 0
103 64 26591 1
73 113 26649 1
68 94 26669 0
85 70 26767 0
98 31 26767 1
19 74 26973 0
48 68 26984 0
93 54 26999 1
20 79 27034 0
103 14 27074 1
103 62 27126 1
5 77 27133 0
22 86 27144 0
68 95 27212 0
100 9 27229 1
101 60 27229 1
101 10 27229 1
81 60 27292 1
19 73 27300 0
43 99 27305 0
101 59 27321 1
103 65 27324 1
64 89 27341 0
65 90 27366 0
71 99 27524 0
50 68 27560 0
95 58 27574 1
98 57 27579 1
73 41 27593 0
89 44 27594 1
104 65 27602 1
103 66 27620 1
103 67 27623 1
100 57 27644 1
69 97 27709 0
103 68 27770 1
48 67 27771 0
104 66 27790 1
41 101 27794 0
28 92 27847 0
73 100 27899 0
77 34 27957 0
83 101 27964 0
96 57 27973 1
77 78 28015 1
102 59 28082 1
47 66 28113 0
102 60 28115 1
77 77 28138 1
104 13 28205 1
97 83 28235 1
97 57 28322 1
70 99 28372 0
75 73 28424 1
99 57 28443 1
61 55 28444 1
20 80 28450 0
99 26 28451 1
82 23 28471 0
49 99 28482 0
78 80 28519 1
102 11 28567 1
97 9 28612 1
104 67 28622 1
54 50 28641 1
83 117 28652 1
45 47 28679 1
104 16 28707 1
78 79 28720 1
102 10 28768 1
100 10 28791 1
116 76 28793 1
98 9 28794 1
102 61 28855 1
28 49 28870 1
65 88 28892 0
81 59 28924 1
87 68 28942 0
95 10 28948 1
59 54 28976 1
9 123 28985 1
95 57 28987 1
103 62 28990 1
103 64 29040 1
63 90 29043 0
56 52 29081 1
54 51 29087 1
101 59 29095 1
50 48 29116 1
71 98 29118 0
91 62 29123 0
101 10 29179 1
38 98 29245 0
50 49 29248 1
55 52 29279 1
69 98 29279 0
102 12 29312 1
76 76 29324 1
55 51 29382 1
62 55 29401 1
69 96 29412 0
94 10 29424 1
31 48 29426 1
43 46 29450 1
48 99 29476 0
37 70 29479 1
103 63 29482 1
29 92 29483 0
22 85 29507 0
47 67 29511 0
77 75 29516 1
104 15 29525 1
104 65 29556 1
33 47 29556 1
68 94 29558 0
71 100 29561 0
63 55 29569 1
49 47 29580 1
30 93 29585 0
97 33 29603 1
84 72 29613 0
104 64 29629 1
41 66 29641 0
60 55 29644 1
47 99 29653 0
79 81 29687 1
66 97 29709 0
78 103 29719 0
79 102 29722 0
58 54 29724 1
67 91 29729 0
47 47 29730 1
103 69 29737 1
99 9 29770 1
101 22 29771 1
104 68 29775 1
20 74 29856 0
77 66 29860 1
58 51 29866 1
97 34 29879 1
39 80 29902 1
74 101 29924 0
31 93 29940 0
98 10 29942 1
65 54 29949 0
41 45 29959 1
69 95 29971 0
77 69 29974 1
21 80 29994 0
76 73 29995 1
76 77 30022 1
68 50 30037 0
50 67 30045 0
56 51 30049 1
51 49 30068 1
73 100 30075 0
27 91 30091 0
46 46 30096 1
98 32 30096 1
74 102 30136 0
103 14 30137 1
101 23 30140 1
68 96 30152 0
43 98 30173 0
79 103 30183 0
52 97 30187 0
52 98 30187 0
51 48 30191 1
68 95 30199 0
97 56 30209 1
50 99 30234 0
36 77 30246 1
53 58 30247 1
53 50 30247 1
80 61 30247 1
80 103 30252 0
58 53 30268 1
40 46 30271 1
46 47 30275 1
23 84 30283 0
57 52 30305 1
19 67 30317 0
33 95 30332 0
98 28 30336 1
102 58 30337 1
80 29 30342 0
22 82 30352 0
52 70 30361 0
20 63 30375 0
77 78 30398 1
104 69 30402 1
39 99 30419 0
50 47 30445 1
70 45 30477 0
82 59 30511 1
40 45 30553 1
75 101 30563 0
99 58 30565 1
51 68 30576 0
100 58 30580 1
79 80 30585 1
103 66 30614 1
103 19 30615 1
54 97 30618 0
45 66 30627 0
37 97 30635 0
59 53 30648 1
98 31 30654 1
51 99 30673 0
52 49 30697 1
98 29 30712 1
25 89 30725 0
37 77 30735 1
41 46 30755 1
20 62 30755 0
100 57 30758 1
85 49 30774 1
101 58 30780 1
35 46 30807 1
39 45 30870 1
45 67 30878 0
37 72 30887 1
52 68 30920 0
75 102 30931 0
77 103 30932 0
26 89 30932 0
37 47 30939 1
28 91 30942 0
104 63 30942 1
96 35 30951 1
34 46 30968 1
35 96 30972 0
52 69 30990 0
103 12 31011 1
81 26 31020 0
97 54 31022 1
78 79 31035 1
52 50 31048 1
97 57 31056 1
29 93 31085 0
42 79 31086 1
52 71 31115 0
40 67 31120 0
44 101 31121 0
97 35 31121 1
58 52 31133 1
102 60 31161 1
37 78 31179 1
96 58 31183 1
20 68 31198 0
83 54 31199 1
37 75 31211 1
48 67 31213 0
55 52 31220 1
77 77 31236 1
47 98 31238 0
42 46 31250 1
109 45 31267 1
25 88 31285 0
66 89 31315 0
48 100 31352 0
37 79 31379 1
45 46 31381 1
80 28 31388 0
41 99 31389 0
95 11 31401 1
63 56 31425 1
85 71 31448 0
33 94 31458 0
67 97 31482 0
57 53 31489 1
48 69 31490 0
55 51 31490 1
28 90 31492 0
21 75 31497 0
27 90 31510 0
101 60 31511 1
45 99 31518 0
67 88 31519 0
51 47 31528 1
103 65 31541 1
60 53 31542 1
81 101 31563 0
40 50 31585 1
40 98 31585 0
38 78 31651 1
67 98 31651 0
88 65 31652 0
71 99 31653 0
42 80 31684 1
77 76 31693 1
56 52 31702 1
19 69 31712 0
103 70 31715 1
62 90 31828 0
60 54 31828 1
91 61 31832 0
76 72 31868 1
31 94 31869 0
37 71 31876 1
33 46 31884 1
29 95 31893 0
83 75 31895 0
59 92 31901 0
43 99 31929 0
47 66 31932 0
38 98 31939 0
46 67 31971 0
97 10 31972 1
99 10 31976 1
25 87 31978 0
104 65 31983 1
102 62 31984 1
50 48 31984 1
99 28 31989 1
73 102 32019 0
34 97 32039 0
29 92 32068 0
103 13 32075 1
59 52 32092 1
104 70 32098 1
43 79 32106 1
61 54 32111 1
75 71 32113 1
21 81 32140 0
20 65 32152 0
21 79 32169 0
20 69 32203 0
71 98 32207 0
28 92 32216 0
50 68 32220 0
101 59 32225 1
41 79 32241 1
40 80 32242 1
109 45 32256 0
38 46 32295 1
52 97 32336 0
69 47 32380 0
99 57 32382 1
49 47 32395 1
48 50 32412 1
48 47 32412 1
22 81 32430 0
38 79 32436 1
100 9 32446 1
73 100 32450 0
51 97 32454 0
84 51 32531 1
68 94 32544 0
90 62 32544 0
40 79 32550 1
47 47 32551 1
38 99 32603 0
20 78 32620 0
27 91 32629 0
30 93 32640 0
86 69 32643 0
77 80 32683 1
77 71 32683 1
102 61 32688 1
23 88 32694 0
50 98 32721 0
48 48 32734 1
103 17 32746 1
69 94 32763 0
57 51 32782 1
103 15 32787 1
47 46 32789 1
51 73 32800 0
22 59 32807 0
37 76 32809 1
46 98 32812 0
47 48 32841 1
104 17 32843 1
52 72 32848 0
53 49 32864 1
36 46 32866 1
62 55 32876 1
18 84 32892 0
43 46 32900 1
68 95 32913 0
103 16 32963 1
45 47 33013 1
103 60 33018 1
20 74 33029 0
44 47 33043 1
43 47 33061 1
76 78 33074 1
43 65 33092 0
39 79 33094 1
82 57 33096 1
41 98 33145 0
103 73 33148 1
53 96 33151 0
69 96 33171 0
105 65 33189 1
43 80 33202 1
16 78 33229 0
32 46 33256 1
77 74 33257 1
56 51 33266 1
103 64 33310 1
27 89 33341 0
37 46 33358 1
71 103 33377 0
104 67 33418 1
41 45 33450 1
19 71 33457 0
65 89 33466 0
54 51 33479 1
23 56 33489 0
51 69 33495 0
47 67 33497 0
50 67 33525 0
50 49 33591 1
69 46 33592 0
33 95 33600 0
23 84 33610 0
51 49 33613 1
53 50 33656 1
41 17 33670 0
81 102 33682 0
30 48 33711 1
32 47 33734 1
37 45 33744 1
97 32 33745 1
81 114 33792 0
45 98 33801 0
77 104 33807 0
73 101 33815 0
22 82 33833 0
69 97 33842 0
42 100 33843 0
27 90 33880 0
31 93 33890 0
83 52 33912 1
102 11 33912 1
21 82 33913 0
19 66 33933 0
39 97 33979 0
19 68 33982 0
23 86 34007 0
37 97 34010 0
28 91 34034 0
43 66 34051 0
19 75 34056 0
52 48 34057 1
26 92 34082 0
47 99 34090 0
51 98 34099 0
29 91 34104 0
77 101 34124 0
41 47 34164 1
85 14 34195 0
43 98 34224 0
78 80 34230 1
61 55 34238 1
103 61 34243 1
55 96 34248 0
51 67 34291 0
104 14 34387 1
36 97 34396 0
78 31 34427 0
101 61 34435 1
46 79 34469 1
41 97 34476 0
29 92 34477 0
96 57 34501 1
97 9 34515 1
88 66 34528 0
21 76 34541 0
45 66 34542 0
26 89 34560 0
38 71 34624 1
57 52 34648 1
95 57 34676 1
42 45 34685 1
37 77 34692 1
68 51 34693 0
52 99 34696 0
51 48 34716 1
103 63 34727 1
68 88 34770 1
21 78 34783 0
84 52 34788 1
20 68 34802 0
37 78 34802 1
35 45 34820 1
21 62 34831 0
52 68 34865 0
58 53 34909 1
45 79 34920 1
55 50 34946 1
101 10 34948 1
83 100 34962 0
89 93 34972 1
38 45 34974 1
58 47 35017 1
31 46 35057 1
38 78 35057 1
85 51 35068 1
40 45 35082 1
36 74 35084 1
37 73 35101 1
82 56 35143 1
78 66 35224 1
35 46 35253 1
20 63 35278 0
68 92 35278 0
70 98 35300 0
102 74 35349 1
96 9 35360 1
62 54 35361 1
52 49 35369 1
61 53 35378 1
82 101 35383 0
96 56 35403 1
34 44 35446 1
103 62 35459 1
103 71 35472 1
102 10 35548 1
38 72 35563 1
96 36 35564 1
51 68 35567 0
104 13 35583 1
54 49 35584 1
35 96 35628 0
21 80 35639 0
20 80 35659 0
44 66 35661 0
103 10 35750 1
73 100 35757 0
54 96 35777 0
48 98 35779 0
75 72 35802 1
49 48 35814 1
46 47 35816 1
95 58 35934 1
68 95 36016 0
76 73 36017 1
45 46 36043 1
61 91 36054 0
24 88 36114 0
84 73 36169 0
37 74 36187 1
25 88 36219 0
46 46 36322 1
77 77 36325 1
38 99 36335 0
40 46 36351 1
25 87 36381 0
39 45 36400 1
104 71 36410 1
104 65 36420 1
66 90 36426 0
43 99 36438 0
22 81 36476 0
41 98 36494 0
41 46 36496 1
100 10 36498 1
22 84 36499 0
26 91 36508 0
68 90 36527 0
37 98 36541 0
60 92 36547 0
20 69 36550 0
28 92 36551 0
66 95 36562 0
49 99 36584 0
28 90 36615 0
94 58 36647 1
77 78 36728 1
71 97 36741 0
103 18 36889 1
20 70 36902 0
68 94 36927 0
32 48 36945 1
94 88 36991 1
100 77 37014 1
47 66 37047 0
33 94 37057 0
90 43 37065 1
82 24 37073 0
76 70 37087 1
98 81 37148 1
96 10 37178 1
52 50 37224 1
68 91 37229 1
76 76 37254 1
21 77 37398 0
104 11 37425 1
98 9 37475 1
73 113 37527 0
52 47 37550 1
93 54 37562 0
97 82 37577 1
44 99 37594 0
34 46 37630 1
104 64 37647 1
40 47 37698 1
77 76 37705 1
103 11 37719 1
75 101 37744 0
68 92 37782 0
94 57 37804 1
63 55 37904 1
81 62 37906 1
79 64 37909 1
102 60 37944 1
104 68 38039 1
79 102 38062 0
76 102 38078 0
29 92 38192 0
83 53 38193 1
28 93 38236 0
102 12 38257 1
102 59 38291 1
50 47 38372 1
21 78 38377 0
21 74 38442 0
56 52 38475 1
43 46 38524 1
79 63 38621 1
36 97 38645 0
20 61 38677 0
64 56 38741 1
55 52 38774 1
48 99 38804 0
69 95 38892 0
77 33 38894 0
60 54 38919 1
82 58 38923 1
76 74 38930 1
103 66 38930 1
101 77 38986 1
70 98 38988 0
100 57 39010 1
74 101 39021 0
98 80 39094 1
31 94 39111 0
20 60 39117 0
70 96 39124 0
31 95 39162 0
25 89 39186 0
45 69 39217 0
98 31 39268 1
58 52 39291 1
98 30 39431 1
26 51 39443 1
98 57 39443 1
97 30 39464 1
19 73 39479 0
36 45 39495 1
95 85 39501 1
20 70 39520 0
103 14 39571 1
55 51 39607 1
104 16 39641 1
22 83 39680 0
100 58 39719 1
104 69 39723 1
93 88 39725 1
104 62 39766 1
20 75 39777 0
57 53 39810 1
83 55 39844 1
101 58 39859 1
101 59 39889 1
103 12 39918 1
96 84 39952 1
97 33 40158 1
41 80 40195 1
19 76 40215 0
46 78 40228 1
76 71 40229 1
22 85 40247 0
104 15 40254 1
79 30 40262 0
19 69 40292 0
100 59 40313 1
67 92 40341 0
48 98 40352 0
75 73 40477 1
68 95 40500 0
79 101 40502 0
34 94 40519 0
22 56 40568 0
97 57 40571 1
71 98 40590 0
40 98 40618 0
78 32 40623 0
73 102 40706 0
41 100 40711 0
78 79 40737 1
20 65 40823 0
25 92 40848 0
68 92 40890 0
120 63 40892 0
104 66 40892 1
36 77 40995 1
78 103 41002 0
67 91 41054 0
7 97 41065 0
67 89 41067 0
8 68 41080 0
63 89 41083 0
27 89 41085 0
101 9 41109 1
99 57 41152 1
42 67 41163 0
23 98 41175 0
59 53 41192 1
44 67 41223 0
80 28 41236 0
48 67 41286 0
52 70 41360 0
102 21 41363 1
99 9 41401 1
44 99 41414 0
99 26 41414 1
41 98 41420 0
28 99 41440 0
77 75 41473 1
67 88 41474 0
78 52 41504 1
78 78 41504 1
79 80 41546 1
5 61 41591 1
29 93 41655 0
100 9 41665 1
76 102 41728 0
51 67 41735 0
47 47 41738 1
103 13 41744 1
71 99 41774 0
65 88 41886 0
60 53 41958 1
103 63 41963 1
20 62 41967 0
26 90 41986 0
73 100 41999 0
68 90 42016 0
102 11 42085 1
69 94 42089 0
54 50 42136 1
85 70 42163 0
17 69 42188 0
69 97 42197 0
70 98 42200 0
50 67 42205 0
92 40 42262 0
20 78 42317 0
104 67 42322 1
104 63 42346 1
36 97 42358 0
49 47 42381 1
101 10 42388 1
52 69 42441 0
104 65 42456 1
103 20 42476 1
51 97 42534 0
103 62 42548 1
47 98 42597 0
99 27 42617 1
98 10 42618 1
78 34 42649 0
20 70 42658 0
80 63 42678 1
83 76 42715 0
98 29 42722 1
37 72 42764 1
38 70 42792 1
30 93 42804 0
38 69 42828 1
70 99 42839 0
50 48 42845 1
42 80 42858 1
69 49 42863 0
77 101 42893 0
48 47 42905 1
97 83 42907 1
102 61 42907 1
102 10 42916 1
53 49 42936 1
62 55 42937 1
61 54 42952 1
41 99 42955 0
30 91 42959 0
69 95 42968 0
53 50 42980 1
69 96 42981 0
56 51 43038 1
103 72 43038 1
70 96 43143 0
21 77 43158 0
39 44 43175 1
45 47 43181 1
39 80 43181 1
39 79 43187 1
46 98 43202 0
48 46 43230 1
52 97 43238 0
68 49 43246 0
81 59 43304 1
51 47 43310 1
52 68 43312 0
20 74 43316 0
24 56 43326 0
39 46 43357 1
38 46 43374 1
45 66 43377 0
42 79 43387 1
47 46 43452 1
20 75 43495 0
37 75 43517 1
43 100 43530 0
81 57 43582 1
38 98 43591 0
83 54 43594 1
97 9 43610 1
104 70 43630 1
40 80 43640 1
77 77 43665 1
29 91 43689 0
50 98 43690 0
21 75 43706 0
51 49 43707 1
101 75 43732 1
41 45 43751 1
68 92 43753 0
71 98 43772 0
36 95 43814 0
52 48 43823 1
31 93 43844 0
40 79 43875 1
23 84 43882 0
103 61 43884 1
102 58 43904 1
105 14 43918 1
99 79 43929 1
102 60 43956 1
67 89 43979 0
101 59 44021 1
58 53 44025 1
21 79 44053 0
27 90 44059 0
37 78 44072 1
38 78 44086 1
105 67 44149 1
77 34 44172 0
105 15 44175 1
105 66 44175 1
104 12 44191 1
104 61 44205 1
45 98 44237 0
96 57 44262 1
21 78 44287 0
34 47 44327 1
28 91 44344 0
104 62 44361 1
77 78 44362 1
37 97 44372 0
22 83 44383 0
49 46 44392 1
38 97 44408 0
103 67 44429 1
79 65 44431 1
82 60 44433 1
72 100 44448 0
29 92 44489 0
97 56 44493 1
101 76 44518 1
102 20 44521 1
58 54 44526 1
75 101 44530 0
43 79 44536 1
51 48 44555 1
71 44 44573 0
71 97 44584 0
57 52 44628 1
41 79 44637 1
99 8 44641 1
20 68 44661 0
68 93 44669 0
37 77 44701 1
59 52 44749 1
37 76 44773 1
26 89 44774 0
50 99 44775 0
44 99 44789 0
103 60 44805 1
51 46 44823 1
42 66 44834 0
55 51 44835 1
76 72 44840 1
56 50 44853 1
43 45 44883 1
40 45 44889 1
45 64 44891 0
76 102 44914 0
39 97 44917 0
33 94 44938 0
28 90 44952 0
47 65 44960 0
70 95 44999 0
52 49 45027 1
51 67 45028 0
21 76 45035 0
78 79 45045 1
74 100 45047 0
97 10 45053 1
77 68 45074 1
102 9 45079 1
99 56 45079 1
100 57 45117 1
62 54 45138 1
101 57 45153 1
35 39 45160 1
33 46 45183 1
113 115 45193 1
77 70 45199 1
81 61 45212 1
57 51 45245 1
19 72 45346 0
46 46 45370 1
45 46 45376 1
37 71 45400 1
42 45 45405 1
39 78 45417 1
33 93 45424 0
33 95 45427 0
48 98 45442 0
37 46 45442 1
20 69 45476 0
56 52 45481 1
82 56 45482 1
81 60 45485 1
70 98 45519 0
56 51 45543 1
54 96 45546 0
19 64 45565 0
34 94 45573 0
20 70 45574 0
38 45 45576 1
105 16 45581 1
43 98 45593 0
38 99 45656 0
22 57 45669 0
45 99 45669 0
43 65 45710 0
37 79 45743 1
26 90 45785 0
98 32 45816 1
104 64 45843 1
25 87 45882 0
38 77 45894 1
29 13 45908 1
29 48 45908 1
43 99 45914 0
25 90 45941 0
79 81 45979 1
47 66 45995 0
50 67 46009 0
37 45 46044 1
53 36 46058 1
104 19 46114 1
97 35 46116 1
33 45 46141 1
34 45 46153 1
83 117 46172 1
63 54 46176 1
39 45 46177 1
101 8 46191 1
49 43 46208 1
1 53 46224 1
64 125 46235 1
79 69 46238 1
31 47 46249 1
27 26 46286 1
82 59 46292 1
41 97 46306 0
33 41 46311 1
41 98 46354 0
58 52 46375 1
46 99 46426 0
68 90 46461 0
36 97 46493 0
21 63 46505 0
20 63 46522 0
79 79 46618 1
83 52 46621 1
50 47 46622 1
81 25 46622 0
86 20 46622 1
99 7 46639 1
49 47 46643 1
104 68 46643 1
82 57 46657 1
102 22 46672 1
27 89 46676 0
76 73 46735 1
21 74 46748 0
35 46 46763 1
54 50 46769 1
77 67 46780 1
36 95 46786 0
77 76 46839 1
103 12 46842 1
20 75 46903 0
54 49 46905 1
60 54 46919 1
103 17 46938 1
43 80 46981 1
97 34 47026 1
83 51 47053 1
28 50 47056 1
100 78 47075 1
77 74 47083 1
97 8 47120 1
104 15 47148 1
99 9 47183 1
45 79 47196 1
98 33 47197 1
80 64 47238 1
98 56 47291 1
76 36 47293 0
59 53 47293 1
101 58 47295 1
29 47 47306 1
99 57 47313 1
61 57 47320 1
36 6 47323 1
104 18 47342 1
33 47 47355 1
64 55 47358 1
38 97 47362 0
39 99 47388 0
21 75 47391 0
53 50 47392 1
98 28 47392 1
77 69 47397 1
22 81 47434 0
104 17 47437 1
27 91 47466 0
70 96 47476 0
19 67 47478 0
80 62 47482 1
43 46 47494 1
102 59 47500 1
121 113 47513 1
113 13 47600 1
84 75 47628 0
47 47 47630 1
68 91 47661 0
37 70 47661 1
67 89 47676 0
38 68 47701 1
46 47 47703 1
78 67 47706 1
24 87 47742 0
74 100 47841 0
102 10 47901 1
126 95 47906 1
38 78 47922 1
81 26 47949 0
104 14 47981 1
35 45 48052 1
31 94 48063 0
36 46 48132 1
30 93 48162 0
63 55 48175 1
95 56 48178 1
105 64 48181 1
20 65 48191 0
78 78 48212 1
102 70 48242 1
57 54 48287 1
100 9 48313 1
41 45 48326 1
61 53 48385 1
21 77 48417 0
68 93 48426 0
44 65 48464 0
103 11 48470 1
61 54 48476 1
60 53 48509 1
44 99 48518 0
40 79 48554 1
19 71 48565 0
29 91 48567 0
28 92 48587 0
12 94 48616 0
93 54 48665 1
68 94 48768 0
67 88 48794 0
98 9 48812 1
22 83 48904 0
35 96 48923 0
21 80 48928 0
70 46 48964 0
61 55 48987 1
68 95 49010 0
103 70 49010 1
21 73 49029 0
22 78 49029 0
53 49 49077 1
79 102 49135 0
35 97 49158 0
79 32 49167 0
38 99 49179 0
102 11 49191 1
76 102 49191 0
85 71 49231 0
69 94 49233 0
25 104 49239 0
68 92 49244 0
37 73 49270 1
62 55 49295 1
27 94 49338 0
85 69 49447 0
72 100 49465 0
79 80 49469 1
73 40 49469 0
44 81 49483 1
20 70 49499 0
100 25 49512 1
50 48 49561 1
103 71 49627 1
25 88 49668 0
40 98 49685 0
34 46 49718 1
93 40 49846 0
104 65 49862 1
51 67 49895 0
104 69 49939 1
52 71 49941 0
23 79 49976 0
73 100 50030 0
26 90 50031 0
70 98 50046 0
55 50 50052 1
25 84 50076 0
52 68 50108 0
62 91 50142 0
24 55 50228 0
22 58 50236 0
20 68 50279 0
82 58 50284 1
53 48 50332 1
30 91 50346 0
34 94 50399 0
20 79 50481 0
68 91 50547 0
95 10 50703 1
105 8 50711 1
74 39 50735 0
34 96 50771 0
41 100 50782 0
99 78 50799 1
96 56 50799 1
83 23 50816 0
75 76 50858 1
46 99 50890 0
64 89 50972 0
51 47 50992 1
20 75 51014 0
77 75 51117 1
81 101 51162 0
95 9 51186 1
21 65 51218 0
38 97 51227 0
104 66 51285 1
19 72 51335 0
21 78 51442 0
36 97 51491 0
68 93 51504 0
47 99 51530 0
24 53 51567 0
74 100 51567 0
66 53 51578 0
31 93 51681 0
78 33 51707 0
30 94 51783 0
39 79 51814 1
85 73 51876 0
33 97 51955 0
51 100 51966 0
31 98 51970 0
98 31 52027 1
30 47 52033 1
102 81 52153 1
21 62 52229 0
95 57 52400 1
83 76 52427 0
20 74 52429 0
36 95 52441 0
20 67 52470 0
77 73 52488 1
48 67 52568 0
20 72 52590 0
40 46 52591 1
44 65 52783 0
40 45 52900 1
37 77 52931 1
22 78 53066 0
32 92 53172 0
28 90 53201 0
51 48 53218 1
68 91 53248 0
20 69 53294 0
20 80 53295 0
19 78 53376 0
69 47 53406 0
24 87 53410 0
46 46 53432 1
20 86 53504 0
101 9 53525 1
19 74 53549 0
52 98 53570 0
20 77 53674 0
36 74 53762 1
46 66 53859 0
104 16 53912 1
51 68 53975 0
25 90 54032 0
102 60 54043 1
37 74 54058 1
29 92 54062 0
47 46 54080 1
104 63 54119 1
82 77 54163 0
35 43 54259 1
18 81 54323 0
77 77 54357 1
22 80 54369 0
50 46 54397 1
101 10 54416 1
72 100 54575 0
36 45 54695 1
44 99 54780 0
46 99 54826 0
103 62 54834 1
86 105 54838 1
68 93 54993 0
106 55 55008 1
93 11 55049 1
40 99 55086 0
77 101 55179 0
97 57 55263 1
48 47 55267 1
44 98 55424 0
103 64 55621 1
22 83 55627 0
43 97 55630 0
71 98 55642 0
26 90 55651 0
58 53 55733 1
20 67 55755 0
21 64 55827 0
92 41 55870 0
84 99 55899 0
68 90 55937 0
20 72 55986 0
22 79 56164 0
47 98 56165 0
100 57 56376 1
94 11 56425 1
68 91 56447 0
103 63 56468 1
103 61 56492 1
67 50 56561 0
28 91 56567 0
27 90 56633 0
67 89 56673 0
37 96 56752 0
34 96 56760 0
68 48 56767 0
46 98 56772 0
51 99 56785 0
69 96 56788 0
20 61 56789 0
33 94 56828 0
44 46 56829 1
33 99 56842 0
18 72 56857 0
41 66 56862 0
46 100 56871 0
67 51 56875 0
19 62 56941 0
69 95 56943 0
37 97 56980 0
80 29 57006 0
38 72 57026 1
20 76 57047 0
104 67 57065 1
51 98 57174 0
27 89 57176 0
30 94 57192 0
63 88 57273 0
52 49 57387 1
89 63 57465 0
79 101 57541 0
42 97 57546 0
47 66 57641 0
19 72 57686 0
50 98 57719 0
20 75 57740 0
22 80 57754 0
58 51 57759 1
78 77 57789 1
48 98 57897 0
102 75 57981 1
47 65 58049 0
23 83 58080 0
87 68 58096 0
57 94 58147 0
23 82 58197 0
21 76 58206 0
70 96 58220 0
46 66 58256 0
48 46 58291 1
51 49 58340 1
92 60 58361 0
78 33 58362 0
27 93 58491 0
76 101 58502 0
75 39 58662 0
74 100 58708 0
13 78 58712 0
21 58 58733 0
44 64 58770 0
83 53 58777 1
52 48 58833 1
71 97 58902 0
73 105 58935 0
22 79 58955 0
46 99 59072 0
87 67 59079 0
45 98 59087 0
18 70 59117 0
25 86 59123 0
20 77 59135 0
20 67 59160 0
53 70 59194 0
44 65 59206 0
68 50 59316 0
38 73 59434 1
69 98 59472 0
20 72 59475 0
24 87 59482 0
44 98 59487 0
69 99 59536 0
70 95 59637 0
45 64 59671 0
46 65 59675 0
20 62 59683 0
37 96 59698 0
55 51 59726 1
96 37 59741 1
43 98 59805 0
40 99 59888 0
68 93 59931 0
38 46 60090 1
32 96 60123 0
39 46 60207 1
30 100 60208 0
50 67 60366 0
38 78 60401 1
20 66 60457 0
103 65 60525 1
76 102 60547 0
70 97 60615 0
37 76 60629 1
87 47 60756 1
93 54 60771 0
79 103 60796 0
78 68 60811 1
69 93 60876 0
43 99 60880 0
38 69 60882 1
54 50 60989 1
70 98 61004 0
28 89 61045 0
74 101 61073 0
23 82 61157 0
61 90 61218 0
73 102 61225 0
17 68 61313 0
71 96 61344 0
69 101 61422 0
42 79 61592 1
103 60 61594 1
94 10 61667 1
76 35 61670 0
38 97 61805 0
97 33 61868 1
76 101 61909 0
79 104 61916 0
23 83 62024 0
80 27 62025 0
22 80 62045 0
66 88 62048 0
41 65 62066 0
20 76 62093 0
22 79 62141 0
42 45 62148 1
22 82 62177 0
25 86 62328 0
104 62 62574 1
62 90 62603 0
72 100 62616 0
93 10 62711 1
98 38 62763 1
34 94 62767 0
38 75 62846 1
105 69 62880 1
83 55 62945 1
26 88 62969 0
37 75 62970 1
96 99 63023 1
21 74 63039 0
104 12 63074 1
45 45 63113 1
41 98 63114 0
41 100 63135 0
75 100 63290 0
34 95 63310 0
34 96 63316 0
30 94 63437 0
19 70 63458 0
78 79 63586 1
38 45 63623 1
96 85 63746 1
51 9 63765 0
71 104 63786 0
53 70 63790 0
78 102 63812 0
37 96 64080 0
46 66 64103 0
103 19 64121 1
20 67 64182 0
15 75 64263 0
26 90 64341 0
99 28 64533 1
20 66 64539 0
28 89 64585 0
97 9 64617 1
34 98 64624 0
25 90 64625 0
44 64 64669 0
70 97 64707 0
69 93 64776 0
46 65 64780 0
109 45 64781 1
27 92 64803 0
22 78 64823 0
38 98 64828 0
20 64 64944 0
23 82 64990 0
90 44 65058 1
32 46 65212 1
20 72 65229 0
40 99 65255 0
57 52 65257 1
20 77 65307 0
60 52 65363 1
39 45 65504 1
47 45 65594 1
105 5 65609 1
56 49 65710 1
66 13 65715 1
38 71 65793 1
41 42 65879 1
76 101 65898 0
43 43 65925 1
39 42 65969 1
41 44 65971 1
29 37 65990 1
78 104 66307 0
98 8 66441 1
23 80 66473 0
104 64 66484 1
39 98 66588 0
26 88 66727 0
89 64 66998 0
73 113 67016 1
75 100 67062 0
56 51 67260 1
20 76 67263 0
23 83 67275 0
62 54 67471 1
34 95 67565 0
38 74 67630 1
25 86 67661 0
77 102 67753 0
48 99 67793 0
22 83 67795 0
66 88 67881 0
103 14 67986 1
19 72 68048 0
24 87 68226 0
104 72 68227 1
78 102 68245 0
32 47 68356 1
45 46 68412 1
31 46 68469 1
95 11 68508 1
51 97 68611 0
46 99 68622 0
98 29 68627 1
52 72 68683 0
70 97 68734 0
65 88 68929 0
51 70 68935 0
75 101 68983 0
42 80 69017 1
27 87 69096 1
38 96 69118 0
20 66 69190 0
76 70 69284 1
36 99 69518 0
67 52 69650 1
22 79 69782 0
22 80 69826 0
24 85 69868 0
80 102 69906 0
53 69 70176 0
67 90 70310 0
20 64 70349 0
19 70 70389 0
68 91 70471 0
37 45 70743 1
37 72 70757 1
76 101 70766 0
77 103 70938 0
26 88 70956 0
20 70 71104 0
46 79 71201 1
53 98 71211 0
40 99 71341 0
80 28 71507 0
39 98 71620 0
69 99 71640 0
14 48 71641 0
20 71 71790 0
68 98 71830 0
75 100 71848 0
70 46 71855 0
78 78 71896 1
77 102 72107 0
34 95 72512 0
29 91 72661 0
24 84 72753 0
53 49 72894 1
78 101 73031 0
28 89 73056 0
38 96 73284 0
30 94 73399 0
104 65 73523 1
49 97 73583 0
39 78 73799 1
85 72 74143 0
49 99 74236 0
23 81 74654 0
70 97 74717 0
78 102 74795 0
18 68 74855 0
33 93 74918 0
63 89 74998 0
20 76 75003 0
23 84 75113 0
67 90 75168 0
19 69 75393 0
21 60 75449 0
52 67 75659 0
24 85 75939 0
42 98 75949 0
20 64 76032 0
24 54 76200 0
33 10 76207 1
39 98 76442 0
33 96 76453 0
69 97 76527 0
100 26 76687 1
36 38 76731 1
51 67 76850 0
107 26 76855 1
23 80 76882 0
50 97 76891 0
23 82 77096 0
101 23 77333 1
65 103 77379 0
44 78 77437 1
38 70 77647 1
80 102 77690 0
53 69 77720 0
20 71 77811 0
52 46 77862 1
84 51 77928 1
20 77 77950 0
24 84 78336 0
77 102 78410 0
23 83 78503 0
72 98 78779 0
26 86 78885 0
66 88 78887 0
93 54 78902 1
31 92 78929 0
102 58 79003 1
102 59 79077 1
32 94 79132 0
26 94 79404 0
38 101 79465 0
26 88 79504 0
93 39 79729 0
103 12 79875 1
101 59 79877 1
31 105 79989 0
101 58 80038 1
23 81 80061 0
104 13 80110 1
101 57 80163 1
96 26 80221 1
96 57 80221 1
19 70 80235 0
102 10 80488 1
59 52 80511 1
103 10 80536 1
97 55 80553 1
99 57 80561 1
105 68 80571 1
96 10 80586 1
24 82 80589 0
104 11 80602 1
103 59 80665 1
100 8 80665 1
77 76 80766 1
104 61 80852 1
104 71 80856 1
67 90 80945 0
84 53 80972 1
97 56 81105 1
78 66 81122 1
84 52 81179 1
76 73 81181 1
69 93 81182 0
104 70 81206 1
58 52 81235 1
103 62 81247 1
100 57 81256 1
81 102 81259 0
105 13 81300 1
103 11 81306 1
104 63 81316 1
34 96 81328 0
82 101 81350 0
99 9 81373 1
104 66 81403 1
77 101 81437 0
102 21 81520 1
98 31 81535 1
96 9 81535 1
101 10 81581 1
102 57 81585 1
99 56 81590 1
79 80 81605 1
104 56 81609 1
104 62 81609 1
23 85 81613 0
99 27 81645 1
77 74 81660 1
100 9 81712 1
100 56 81724 1
104 68 81741 1
69 94 81770 0
102 58 81787 1
55 50 81804 1
57 51 81807 1
83 54 81815 1
46 45 81816 1
103 73 81830 1
75 100 81903 0
76 72 81913 1
97 57 81915 1
20 66 81918 0
105 14 81944 1
103 61 81953 1
45 65 81972 0
79 79 82041 1
102 74 82087 1
75 99 82092 0
78 32 82105 0
20 85 82109 0
46 66 82121 0
104 69 82142 1
98 82 82148 1
101 22 82156 1
98 32 82186 1
101 9 82187 1
104 15 82188 1
53 97 82190 0
34 95 82222 0
77 75 82255 1
77 71 82269 1
61 54 82287 1
60 53 82326 1
49 67 82406 0
102 9 82423 1
77 72 82435 1
39 97 82446 0
52 47 82448 1
79 102 82475 0
43 79 82477 1
104 67 82523 1
78 101 82543 0
50 47 82544 1
41 45 82545 1
41 79 82552 1
56 50 82572 1
36 95 82576 0
54 49 82583 1
68 90 82583 0
39 98 82584 0
62 53 82587 1
78 34 82591 0
72 98 82615 0
105 66 82620 1
79 78 82628 1
53 70 82629 0
103 9 82643 1
41 97 82658 0
86 68 82704 0
42 98 82710 0
70 45 82726 0
44 98 82771 0
30 91 82772 0
49 47 82807 1
56 51 82810 1
53 50 82816 1
69 95 82890 0
59 53 82915 1
43 45 82917 1
38 96 82919 0
104 60 82949 1
40 79 82964 1
38 77 83007 1
63 54 83017 1
64 55 83039 1
76 101 83080 0
49 46 83102 1
50 66 83107 0
105 65 83110 1
29 93 83112 0
43 46 83126 1
40 60 83139 1
40 78 83140 1
71 97 83181 0
79 101 83185 0
78 33 83204 0
67 88 83207 0
81 59 83207 1
104 10 83239 1
47 47 83246 1
104 61 83249 1
63 55 83265 1
69 49 83265 0
77 76 83280 1
103 72 83280 1
78 76 83280 1
102 11 83293 1
52 67 83295 0
21 63 83297 0
21 75 83329 0
101 58 83341 1
69 48 83343 0
46 78 83383 1
70 96 83418 0
71 96 83421 0
102 10 83435 1
84 73 83458 0
71 98 83463 0
77 77 83481 1
31 93 83492 0
33 94 83498 0
51 67 83555 0
43 65 83564 0
70 95 83582 0
21 57 83598 0
25 84 83665 0
53 96 83701 0
50 48 83714 1
47 46 83741 1
87 17 83743 1
22 59 83743 0
24 127 83800 0
78 77 83801 1
68 92 83810 0
25 87 83815 0
50 70 83816 0
101 24 83817 1
61 53 83828 1
21 73 83860 0
81 101 83863 0
69 91 83869 0
86 69 83887 0
21 77 83893 0
52 68 83936 0
44 99 83955 0
46 65 83965 0
20 65 83973 0
78 102 84054 0
38 76 84058 1
37 77 84070 1
97 35 84071 1
61 52 84083 1
55 49 84091 1
34 94 84103 0
24 85 84103 0
47 65 84121 0
90 63 84131 0
20 64 84158 0
32 94 84165 0
30 93 84177 0
97 83 84179 1
104 62 84187 1
28 90 84190 0
37 71 84215 1
62 55 84254 1
81 103 84258 0
62 54 84274 1
21 68 84288 0
81 27 84305 0
97 56 84310 1
52 48 84321 1
46 51 84321 1
46 98 84321 0
20 71 84340 0
70 97 84352 0
43 98 84356 0
54 50 84367 1
20 69 84374 0
98 9 84380 1
39 78 84384 1
24 84 84398 0
44 64 84415 0
21 79 84429 0
37 96 84441 0
26 89 84449 0
69 93 84458 0
101 57 84467 1
82 25 84471 0
69 46 84511 0
46 46 84516 1
100 57 84516 1
102 58 84516 1
66 52 84519 0
47 98 84525 0
45 99 84596 0
23 79 84611 0
51 48 84618 1
58 51 84677 1
41 97 84692 0
25 86 84699 0
40 45 84718 1
74 100 84724 0
102 59 84746 1
33 93 84762 0
20 68 84766 0
35 45 84778 1
45 46 84797 1
21 62 84805 0
32 92 84822 0
20 72 84829 0
28 94 84829 0
51 47 84850 1
77 101 84852 0
64 54 84871 1
45 79 84874 1
70 44 84878 0
86 70 84880 1
42 97 84894 0
21 76 84896 0
85 72 84911 0
21 75 84923 0
73 100 84927 0
52 66 84931 0
96 56 84962 1
77 34 84965 0
54 96 84990 0
37 76 84992 1
76 103 84993 0
21 78 84994 0
36 95 85003 0
84 54 85034 1
43 97 85045 0
21 65 85067 0
105 15 85069 1
23 81 85070 0
38 77 85098 1
21 74 85105 0
77 102 85136 0
67 100 85137 0
54 49 85158 1
42 101 85159 0
45 45 85171 1
27 89 85175 0
42 45 85176 1
66 93 85188 0
37 97 85189 0
48 46 85205 1
69 94 85209 0
36 97 85229 0
79 29 85241 0
28 89 85249 0
45 98 85257 0
58 52 85259 1
76 38 85262 0
56 51 85274 1
55 51 85276 1
35 46 85279 1
79 80 85280 1
49 68 85281 0
29 92 85315 0
45 64 85325 0
60 54 85326 1
37 95 85333 0
103 59 85346 1
40 44 85360 1
80 102 85384 0
36 101 85401 0
45 66 85415 0
40 98 85423 0
104 63 85424 1
60 52 85443 1
72 98 85461 0
20 63 85467 0
20 59 85480 0
103 58 85500 1
31 92 85513 0
52 97 85518 0
45 78 85552 1
26 24 85556 0
26 86 85556 0
97 84 85560 1
20 67 85568 0
99 56 85570 1
40 79 85583 1
23 78 85584 0
77 74 85588 1
49 65 85606 0
21 60 85630 0
38 96 85670 0
69 102 85687 0
53 69 85717 0
98 33 85718 1
22 79 85724 0
77 70 85729 1
30 91 85730 0
72 43 85774 0
73 113 85790 0
48 98 85793 0
53 48 85819 1
40 99 85831 0
50 66 85850 0
22 81 85860 0
57 52 85868 1
59 51 85875 1
99 8 85880 1
42 44 85912 1
91 62 85922 0
21 64 85922 0
39 97 85940 0
82 56 85970 1
41 98 85978 0
77 75 86001 1
95 57 86004 1
79 79 86005 1
44 98 86044 0
39 98 86067 0
34 94 86071 0
48 45 86110 1
38 78 86124 1
85 50 86144 1
68 96 86145 0
29 91 86148 0
49 47 86176 1
31 94 86180 0
97 9 86228 1
29 89 86245 0
23 82 86275 0
75 100 86296 0
83 22 86313 0
41 79 86319 1
103 10 86350 1
72 103 86357 0
47 66 86364 0
104 13 86377 1
31 93 86389 0
38 97 86403 0
66 94 86425 0
36 45 86434 1
22 78 86444 0
75 101 86447 0
75 99 86448 0
26 88 86448 0
56 94 86453 0
20 75 86467 0
41 45 86470 1
82 57 86528 1
20 74 86548 0
50 46 86559 1
52 47 86592 1
85 71 86609 0
25 84 86611 0
98 31 86615 1
43 45 86618 1
70 100 86629 0
72 42 86651 0
80 79 86670 1
80 63 86690 1
104 17 86700 1
22 88 86719 0
48 47 86723 1
42 98 86738 0
19 68 86767 0
71 96 86788 0
36 44 86815 1
34 45 86818 1
50 97 86834 0
77 73 86863 1
24 82 86865 0
44 65 86878 0
54 48 86882 1
47 97 86883 0
40 78 86894 1
23 80 86898 0
45 65 86899 0
22 80 86901 0
66 89 86908 0
99 28 86912 1
57 50 86939 1
51 46 86958 1
39 44 86984 1
105 67 86996 1
88 66 87005 0
68 90 87018 0
53 47 87042 1
25 85 87044 0
37 75 87081 1
37 73 87093 1
102 8 87117 1
69 47 87137 0
68 91 87154 0
47 65 87154 0
65 89 87164 0
49 46 87209 1
55 50 87215 1
52 67 87250 0
21 63 87264 0
47 46 87268 1
101 76 87328 1
70 103 87345 0
37 46 87351 1
50 67 87367 0
78 78 87400 1
102 9 87429 1
59 52 87429 1
61 54 87436 1
23 54 87514 0
50 47 87531 1
98 56 87550 1
42 79 87583 1
89 65 87593 0
83 100 87601 0
39 78 87609 1
56 50 87635 1
38 45 87651 1
104 11 87699 1
70 95 87743 0
33 94 87743 0
83 75 87861 0
69 91 87862 0
80 80 87869 1
104 12 87893 1
98 81 87901 1
49 67 87932 0
80 101 87955 0
33 46 87979 1
21 73 88009 0
73 99 88009 1
27 87 88012 0
38 71 88050 1
20 70 88074 0
78 101 88081 0
32 94 88093 0
28 89 88096 0
53 49 88102 1
27 90 88105 0
82 102 88148 0
75 102 88154 0
77 107 88220 0
51 67 88241 0
50 98 88256 0
71 97 88258 0
82 23 88268 0
79 32 88284 0
36 96 88309 0
47 99 88322 0
67 90 88343 0
20 69 88376 0
41 99 88427 0
68 93 88433 0
51 98 88444 0
77 76 88556 1
102 57 88557 1
70 96 88597 0
52 49 88624 1
38 99 88625 0
21 68 88632 0
13 96 88644 0
69 50 88668 0
46 45 88685 1
28 110 88692 0
44 70 88715 0
83 54 88760 1
103 60 88769 1
43 44 88775 1
17 79 88777 0
104 66 88842 1
67 88 88875 0
46 97 88875 0
93 54 88918 0
60 53 88920 1
23 81 88927 0
20 66 88931 0
101 8 88938 1
37 95 88952 0
32 92 89067 0
56 96 89068 0
71 45 89076 0
85 73 89098 0
43 98 89125 0
76 100 89151 0
102 76 89177 1
23 79 89192 0
38 76 89217 1
66 88 89253 0
54 49 89264 1
55 96 89307 0
37 77 89327 1
44 78 89361 1
57 51 89378 1
62 54 89383 1
106 55 89408 1
72 98 89416 0
55 49 89422 1
105 63 89422 1
99 57 89422 1
50 66 89425 0
99 29 89478 1
43 79 89486 1
59 53 89498 1
86 71 89500 0
42 78 89528 1
69 93 89575 0
69 96 89599 0
101 10 89627 1
24 84 89640 0
26 86 89654 0
96 57 89701 1
102 10 89731 1
62 53 89741 1
49 97 89762 0
39 45 89804 1
78 77 89831 1
31 91 89834 0
101 9 89842 1
31 92 89851 0
20 64 89854 0
25 86 89921 0
38 72 89951 1
51 97 89953 0
98 32 90029 1
64 55 90033 1
37 74 90045 1
26 87 90063 0
52 48 90072 1
30 91 90098 0
69 48 90113 0
37 44 90131 1
83 56 90151 1
56 52 90176 1
100 8 90177 1
76 73 90187 1
77 68 90195 1
100 56 90216 1
83 24 90229 0
38 96 90287 0
44 44 90294 1
85 70 90300 0
45 45 90332 1
101 25 90334 1
53 70 90336 0
25 85 90339 0
34 46 90383 1
60 51 90413 1
79 101 90438 0
78 75 90537 1
37 45 90606 1
67 93 90622 0
45 46 90631 1
37 76 90662 1
88 45 90672 1
38 77 90692 1
51 47 90701 1
52 66 90707 0
79 78 90721 1
82 58 90821 1
23 85 90824 0
84 72 90891 0
103 11 90903 1
100 9 90934 1
20 68 90938 0
37 96 90956 0
82 60 90985 1
5 71 90994 0
77 69 91004 1
26 97 91047 0
95 86 91048 1
79 30 91084 0
103 12 91116 1
40 79 91118 1
38 44 91139 1
63 54 91139 1
97 33 91158 1
28 90 91166 0
103 62 91181 1
40 45 91186 1
78 76 91234 1
39 98 91246 0
21 65 91256 0
79 65 91262 1
58 51 91263 1
86 49 91320 1
41 44 91432 1
48 46 91434 1
54 95 91511 0
46 98 91578 0
21 74 91596 0
22 79 91641 0
42 97 91675 0
91 42 91676 1
27 87 91701 0
37 98 91789 0
83 55 91800 1
76 72 91814 1
42 45 91815 1
34 47 91815 1
46 46 91864 1
19 71 91896 0
68 89 91933 0
36 95 91957 0
20 71 92061 0
103 74 92102 1
106 61 92112 1
33 45 92141 1
35 45 92194 1
105 16 92281 1
82 59 92285 1
104 70 92304 1
104 62 92345 1
49 45 92380 1
99 9 92387 1
99 27 92492 1
61 53 92506 1
101 58 92605 1
34 94 92616 0
101 57 92659 1
46 65 92695 0
45 65 92695 0
104 69 92750 1
97 10 92833 1
105 14 92850 1
20 76 92878 0
23 92 92938 0
25 87 92947 0
76 100 92948 0
46 99 92949 0
103 68 92954 1
3 85 92969 0
28 91 92993 0
97 34 93055 1
76 101 93064 0
21 77 93105 0
32 95 93106 0
21 76 93143 0
104 61 93240 1
78 79 93282 1
47 45 93291 1
99 26 93294 1
105 64 93303 1
102 58 93395 1
100 57 93446 1
35 95 93478 0
25 103 93512 0
19 83 93523 0
21 64 93670 0
20 93 93785 0
47 47 93785 1
42 98 93793 0
79 27 93796 0
47 98 93891 0
24 85 93898 0
77 72 93905 1
70 46 93963 0
105 66 94021 1
98 34 94032 1
77 74 94087 1
26 87 94149 0
36 96 94198 0
21 81 94250 0
29 91 94267 0
21 75 94272 0
23 83 94278 0
105 65 94307 1
32 94 94335 0
104 60 94337 1
30 90 94368 0
81 26 94423 0
54 50 94497 1
81 27 94533 0
58 50 94565 1
105 68 94575 1
82 25 94631 0
23 55 94699 0
38 75 94725 1
93 54 94731 1
99 56 94736 1
57 93 94765 0
84 75 94847 0
56 51 94874 1
60 60 94879 1
105 52 94880 1
105 13 94880 1
79 102 94904 0
21 60 94918 0
25 85 94926 0
77 101 94936 0
78 34 94947 0
104 10 94949 1
34 97 94983 0
83 74 94985 0
70 97 95016 0
65 88 95106 0
77 71 95107 1
38 99 95117 0
23 94 95120 0
10 86 95127 0
75 99 95154 0
84 52 95207 1
80 62 95249 1
95 56 95263 1
69 91 95270 0
43 66 95306 0
80 101 95350 0
101 56 95353 1
58 52 95389 1
43 65 95390 0
84 99 95415 0
71 96 95469 0
68 89 95469 0
97 56 95474 1
105 62 95475 1
99 55 95508 1
77 75 95514 1
61 52 95523 1
48 98 95543 0
95 10 95562 1
49 65 95583 0
78 102 95589 0
23 78 95670 0
79 79 95674 1
62 89 95697 0
99 8 95721 1
41 45 95722 1
80 102 95728 0
56 50 95740 1
20 65 95751 0
50 71 95801 0
103 10 95805 1
43 97 95828 0
50 66 95832 0
76 100 95916 0
103 61 95926 1
100 25 95941 1
97 9 95947 1
98 55 95963 1
63 53 95968 1
78 101 96008 0
24 83 96056 0
78 33 96062 0
72 98 96072 0
77 33 96081 0
75 100 96081 0
69 95 96085 0
19 79 96109 0
70 95 96112 0
41 97 96121 0
13 104 96124 0
49 47 96141 1
81 101 96154 0
39 95 96156 0
25 84 96163 0
33 93 96165 0
69 89 96220 0
53 48 96221 1
67 89 96265 0
28 98 96270 0
39 77 96276 1
52 67 96277 0
78 73 96298 1
37 7 96319 0
41 78 96364 1
102 57 96374 1
25 54 96388 0
37 95 96399 0
29 89 96410 0
45 63 96413 0
24 82 96422 0
27 89 96464 0
39 98 96487 0
51 48 96498 1
78 32 96498 0
40 78 96506 1
38 70 96513 1
92 59 96548 0
46 97 96571 0
105 11 96581 1
36 45 96590 1
43 45 96619 1
42 44 96684 1
98 9 96724 1
47 100 96758 0
38 74 96760 1
103 59 96765 1
102 58 96767 1
34 95 96782 0
83 76 96796 0
71 97 96812 0
40 44 96813 1
44 98 96822 0
69 99 96857 0
44 64 96857 0
98 8 96859 1
81 25 96863 0
101 77 96886 1
47 65 96914 0
23 80 96922 0
32 98 96926 0
23 87 96928 0
28 89 96937 0
29 92 96938 0
25 94 96952 0
79 101 96953 0
103 60 97004 1
41 98 97005 0
91 61 97009 0
97 8 97028 1
28 74 97030 1
27 87 97040 0
45 98 97042 0
94 57 97042 1
21 62 97090 0
55 49 97104 1
45 64 97107 0
74 38 97114 0
52 47 97120 1
64 54 97123 1
41 79 97125 1
104 62 97128 1
98 31 97130 1
20 67 97149 0
21 83 97154 0
104 18 97162 1
39 78 97198 1
84 53 97218 1
22 61 97226 0
47 46 97228 1
102 56 97232 1
102 9 97232 1
77 102 97260 0
32 97 97273 0
41 65 97329 0
23 56 97330 0
96 56 97355 1
23 81 97365 0
72 96 97377 0
50 47 97386 1
103 58 97406 1
53 69 97414 0
52 66 97437 0
49 46 97461 1
15 97 97474 0
51 46 97512 1
40 97 97573 0
53 66 97592 0
32 92 97600 0
104 71 97635 1
54 49 97637 1
55 50 97653 1
55 48 97691 1
25 88 97701 0
46 45 97712 1
105 67 97734 1
57 51 97739 1
39 97 97742 0
96 55 97745 1
99 30 97779 1
79 78 97813 1
104 67 97822 1
103 9 97838 1
54 48 97842 1
43 78 97853 1
82 101 97868 0
65 54 97884 1
63 90 97897 0
26 86 97970 0
59 52 97995 1
102 10 98047 1
69 93 98071 0
33 92 98071 0
38 96 98081 0
105 69 98082 1
58 93 98109 0
101 9 98111 1
41 66 98120 0
39 44 98147 1
79 66 98192 1
52 96 98198 0
26 87 98209 0
70 96 98224 0
25 85 98274 0
38 77 98303 1
22 58 98305 0
100 55 98306 1
63 54 98331 1
50 46 98346 1
78 74 98351 1
75 99 98357 0
79 100 98372 0
21 63 98387 0
62 52 98402 1
59 51 98414 1
21 73 98431 0
57 50 98454 1
101 8 98463 1
46 78 98473 1
63 89 98478 0
45 45 98490 1
45 44 98496 1
98 83 98506 1
31 91 98541 0
35 95 98558 0
31 92 98564 0
34 94 98567 0
71 96 98573 0
42 79 98589 1
103 72 98640 1
47 97 98680 0
100 56 98719 1
22 78 98737 0
21 59 98739 0
62 54 98773 1
37 71 98777 1
103 21 98794 1
106 55 98797 1
37 75 98827 1
40 79 98868 1
21 74 98928 0
101 57 98928 1
104 11 98965 1
96 9 98994 1
103 20 99022 1
59 50 99028 1
83 52 99032 1
51 47 99032 1
103 19 99032 1
83 23 99061 0
103 57 99067 1
61 53 99077 1
105 12 99098 1
80 79 99103 1
38 45 99112 1
30 90 99125 0
77 73 99151 1
40 78 99157 1
104 61 99163 1
51 45 99177 1
30 91 99189 0
105 5 99189 1
69 48 99217 0
105 17 99217 1
21 68 99231 0
105 71 99237 1
62 53 99245 1
53 47 99264 1
45 79 99270 1
61 90 99281 0
42 99 99296 0
58 51 99299 1
83 58 99303 1
100 26 99309 1
38 76 99370 1
26 88 99383 0
43 44 99405 1
76 100 99417 0
105 61 99421 1
69 91 99461 0
68 89 99511 0
49 67 99512 0
21 61 99525 0
56 49 99567 1
38 68 99584 1
99 28 99595 1
50 97 99650 0
29 89 99677 0
78 77 99680 1
85 72 99699 0
55 95 99722 0
34 45 99725 1
60 52 99765 1
26 84 99767 0
106 12 99769 1
104 59 99792 1
96 10 99816 1
24 83 99816 0
50 66 99835 0
21 65 99883 0
102 8 99897 1
43 36 99922 1
105 66 99938 1
25 84 99943 0
69 94 99957 0
102 54 99973 1
99 31 99994 1
21 78 100024 0
97 55 100159 1
72 100 100159 0
52 48 100168 1
78 76 100171 1
105 15 100222 1
22 59 100243 0
81 61 100247 1
78 75 100260 1
37 73 100274 1
77 70 100284 1
70 45 100319 0
99 9 100325 1
99 79 100325 1
49 65 100336 0
55 49 100400 1
47 78 100435 1
51 43 100446 1
35 46 100446 1
51 44 100467 1
83 57 100468 1
42 97 100510 0
50 48 100512 1
77 105 100530 0
24 84 100531 0
33 47 100542 1
79 77 100555 1
36 96 100585 0
47 49 100657 1
32 45 100689 1
105 64 100691 1
39 77 100698 1
103 55 100725 1
23 79 100758 0
48 46 100787 1
43 79 100788 1
86 48 100797 1
102 22 100825 1
105 10 100840 1
105 63 100841 1
103 6 100845 1
100 8 100909 1
53 50 100949 1
84 55 100950 1
52 46 100962 1
77 74 100962 1
39 78 100976 1
44 78 101010 1
102 75 101011 1
28 89 101069 0
33 93 101088 0
78 67 101122 1
41 44 101198 1
81 59 101207 1
44 45 101216 1
99 80 101228 1
31 99 101258 0
48 66 101273 0
44 45 101297 1
105 14 101301 1
97 83 101322 1
22 80 101345 0
44 45 101390 1
40 97 101471 0
27 87 101477 0
44 45 101493 1
21 64 101499 0
40 77 101542 1
39 69 101556 1
44 45 101575 1
103 69 101606 1
104 60 101646 1
64 55 101647 1
106 62 101656 1
105 68 101664 1
44 45 101665 1
91 58 101670 1
42 44 101687 1
84 54 101730 1
39 71 101740 1
38 69 101747 1
104 15 101768 1
52 45 101768 1
44 45 101770 1
107 71 101774 1
44 90 101863 0
44 45 101863 1
99 90 101890 1
47 45 101891 1
44 45 101951 1
56 50 101953 1
27 49 101953 1
39 68 101961 1
80 63 101964 1
49 47 101968 1
36 95 101973 0
20 69 102005 0
35 45 102033 1
44 45 102035 1
81 62 102066 1
42 78 102093 1
68 88 102098 0
23 78 102135 0
44 45 102137 1
23 104 102155 0
104 17 102191 1
98 33 102206 1
44 45 102233 1
53 97 102233 0
32 92 102242 0
52 47 102253 1
103 73 102257 1
78 66 102267 1
29 49 102291 1
61 52 102298 1
42 45 102317 1
44 45 102335 1
38 73 102374 1
73 97 102444 0
44 45 102452 1
25 86 102475 0
81 28 102505 0
45 65 102518 0
44 45 102554 1
40 45 102571 1
21 75 102577 0
43 98 102595 0
37 76 102674 1
44 45 102676 1
105 65 102680 1
37 99 102706 0
26 87 102726 0
87 48 102739 1
43 45 102744 1
44 45 102810 1
45 78 102822 1
98 32 102871 1
20 64 102899 0
44 45 102932 1
23 82 102938 0
37 95 103061 0
24 82 103092 0
70 102 103097 0
38 77 103113 1
44 45 103114 1
104 63 103141 1
80 80 103154 1
21 62 103188 0
44 45 103254 1
31 96 103272 0
52 69 103300 0
100 79 103382 1
44 45 103416 1
38 97 103425 0
52 70 103436 0
43 97 103557 0
50 45 103596 1
44 45 103621 1
102 57 103693 1
42 66 103695 0
32 95 103722 0
21 80 103842 0
35 95 103850 0
96 8 103858 1
24 55 103870 0
20 82 103872 0
44 45 103875 1
48 45 103879 1
77 32 103887 0
60 51 103892 1
21 58 103896 0
102 74 103939 1
37 45 104062 1
69 89 104114 0
44 45 104180 1
95 9 104185 1
78 101 104199 0
41 97 104211 0
21 66 104214 0
46 45 104234 1
37 96 104250 0
51 67 104328 0
46 98 104353 0
39 98 104429 0
24 83 104449 0
41 45 104454 1
23 100 104470 0
44 45 104577 1
73 98 104596 0
22 74 104622 0
71 98 104751 0
68 90 104771 0
32 91 104775 0
22 79 104787 0
28 97 104816 0
40 98 104823 0
31 91 104924 0
76 100 104946 0
69 97 104959 0
23 80 104991 0
20 72 104993 0
103 10 104996 1
31 93 105083 0
21 61 105084 0
33 94 105113 0
28 90 105124 0
19 66 105129 0
68 100 105164 0
85 71 105173 0
44 45 105184 1
26 86 105197 0
7 76 105202 0
33 95 105219 0
104 13 105237 1
28 96 105243 0
39 95 105263 0
35 75 105291 1
52 98 105292 0
83 77 105305 0
29 90 105308 0
28 92 105310 0
43 99 105332 0
29 91 105345 0
27 85 105431 0
25 85 105438 0
32 94 105475 0
86 69 105502 0
33 92 105504 0
30 90 105516 0
54 97 105519 0
57 74 105523 1
88 64 105545 0
17 85 105582 0
53 70 105675 0
52 97 105719 0
53 48 105736 1
68 88 105753 0
39 45 105777 1
20 78 105818 0
21 76 105838 0
24 87 105858 0
42 98 105882 0
35 94 105885 1
25 97 105887 0
52 66 105896 0
45 97 105899 0
16 81 105918 0
49 97 105933 0
72 99 105947 0
66 86 105985 0
16 74 106005 0
44 45 106088 1
44 66 106106 0
68 89 106304 0
80 104 106316 0
63 88 106366 0
67 90 106458 0
37 7 106461 1
53 66 106516 0
21 60 106538 0
80 29 106626 0
44 44 106687 1
19 60 106731 0
46 97 106808 0
80 101 106828 0
76 102 106842 0
48 97 106894 0
44 98 106943 0
21 72 106964 0
40 97 106978 0
38 96 107043 0
109 45 107046 0
9 84 107087 0
72 106 107113 0
48 66 107159 0
82 25 107195 0
21 66 107408 0
23 59 107524 0
51 46 107612 1
38 44 107648 1
73 98 107688 0
38 99 107711 0
31 92 107717 0
84 51 107721 1
13 78 107730 0
28 95 107738 0
46 44 107786 1
20 62 107861 0
62 90 107882 0
83 99 107948 0
21 73 107951 0
71 44 107997 0
69 49 108069 0
67 101 108120 0
16 78 108166 0
41 78 108166 1
79 79 108224 1
39 100 108241 0
25 90 108307 0
20 61 108342 0
44 45 108344 1
42 99 108353 0
20 66 108372 0
71 100 108398 0
38 100 108408 0
18 95 108433 0
30 100 108441 0
10 78 108446 0
22 57 108462 0
91 60 108474 0
54 68 108479 0
74 105 108490 0
23 91 108490 0
71 99 108499 0
103 59 108572 1
22 74 108625 0
87 68 108675 0
29 90 108695 0
36 45 108770 1
43 65 108805 0
105 13 108826 1
64 89 108889 0
77 101 108901 0
73 39 108917 0
65 92 108923 0
41 67 108947 0
75 37 108959 0
100 9 108967 1
72 98 109003 0
72 96 109076 0
17 80 109099 0
54 49 109148 1
38 75 109160 1
73 97 109181 0
90 62 109219 0
106 14 109225 1
46 65 109250 0
80 102 109277 0
75 99 109280 0
51 97 109283 0
68 88 109304 0
22 75 109446 0
5 85 109633 0
17 77 109644 0
67 52 109682 0
53 72 109685 0
69 91 109693 0
17 107 109722 0
64 54 109773 1
18 69 109779 0
33 98 109799 0
26 96 109801 0
84 100 109802 0
53 96 109916 0
29 89 109926 0
57 94 109943 0
35 95 109964 0
21 77 109987 0
43 63 109993 0
18 66 110017 0
35 102 110047 0
35 100 110082 0
71 110 110121 0
21 59 110171 0
71 96 110210 0
25 84 110228 0
24 81 110289 0
59 93 110294 0
93 54 110320 0
101 56 110332 1
30 35 110332 1
36 96 110341 0
8 82 110371 0
29 103 110387 0
50 46 110421 1
21 72 110486 0
23 85 110569 0
24 83 110604 0
21 74 110620 0
21 53 110642 0
102 58 110668 1
47 65 110677 0
86 71 110719 0
53 67 110771 0
45 97 110804 0
50 47 110811 1
51 44 110821 0
47 46 110917 1
77 72 111002 1
21 61 111034 0
45 63 111181 0
32 48 111181 1
52 67 111185 0
47 98 111211 0
78 68 111228 1
30 93 111229 0
26 84 111273 0
73 98 111293 0
70 95 111307 0
22 93 111344 0
21 79 111345 0
24 56 111349 0
82 103 111395 0
20 81 111504 0
50 98 111514 0
66 92 111517 0
21 68 111525 0
74 102 111574 0
44 65 111581 0
19 87 111596 0
73 103 111638 0
99 56 111666 1
76 101 111689 0
21 65 111727 0
83 54 111750 1
87 67 111814 0
54 68 111818 0
1 88 111828 0
91 14 111878 0
106 55 111889 1
98 82 111893 1
45 45 111911 1
38 76 111987 1
21 66 112058 0
81 29 112160 0
99 29 112305 1
48 97 112350 0
85 51 112412 1
72 99 112441 0
22 75 112475 0
38 71 112636 1
36 41 112694 1
105 16 112696 1
97 35 112716 1
54 48 112822 1
41 79 112828 1
29 90 112863 0
56 44 112954 1
38 72 112966 1
106 15 113059 1
27 88 113233 0
99 45 113250 1
99 55 113250 1
49 46 113302 1
38 95 113316 0
58 49 113324 1
83 55 113391 1
45 46 113411 1
24 81 113439 0
104 62 113534 1
57 50 113552 1
113 4 113610 1
53 67 113611 0
104 70 113621 1
34 44 113628 1
109 68 113643 1
27 86 113702 0
97 56 113721 1
30 46 113758 1
77 71 113880 1
0 0 113936 0
33 27 114068 1
95 78 114130 1
95 36 114130 1
57 51 114209 1
102 21 114302 1
99 27 114318 1
21 63 114369 0
48 66 114373 0
70 93 114385 0
47 77 114422 1
106 82 114483 1
80 78 114648 1
50 66 114654 0
96 36 114721 1
100 27 114735 1
27 87 114744 0
83 56 114752 1
49 98 114779 0
26 87 114785 0
32 95 114832 0
55 49 114854 1
42 65 114888 0
98 56 114985 1
21 88 115026 0
21 72 115095 0
40 44 115317 1
80 64 115376 1
101 9 115428 1
78 73 115452 1
38 74 115503 1
104 61 115567 1
59 51 115632 1
90 92 115753 1
30 92 115813 0
28 89 115819 0
79 80 115841 1
104 58 115842 1
22 78 115974 0
23 79 116014 0
119 0 116015 0
95 57 116214 1
22 76 116276 0
29 94 116429 0
26 95 116664 0
40 79 116741 1
37 94 116863 0
68 47 116989 0
68 88 116990 0
38 95 117091 0
0 73 117095 0
43 78 117108 1
24 81 117123 0
17 83 117134 0
10 35 117246 0
22 75 117254 0
102 9 117295 1
51 47 117473 1
101 57 117518 1
22 61 117623 0
73 98 117627 0
53 67 117644 0
51 66 117792 0
55 95 117809 0
43 96 117950 0
32 47 118124 1
42 43 118180 1
70 93 118185 0
48 65 118236 0
100 78 118240 1
37 44 118268 1
56 48 118330 1
27 88 118445 0
41 43 118483 1
20 60 118610 0
102 56 118684 1
74 40 118703 0
66 96 118793 0
64 88 119023 0
106 55 119313 1
79 78 119327 1
47 45 119375 1
99 8 119376 1
41 77 119407 1
46 64 119410 0
20 70 119422 0
45 98 119751 0
72 99 119817 0
65 101 119864 0
79 101 119888 0
27 86 119918 0
104 10 119974 1
103 58 120057 1
100 56 120145 1
22 76 120442 0
22 56 120543 0
85 73 120594 0
86 70 120731 0
25 95 120760 0
98 7 120800 1
105 62 120869 1
58 50 120948 1
104 11 120952 1
20 73 120964 0
99 32 121047 1
78 75 121063 1
97 57 121142 1
79 100 121156 0
101 8 121203 1
78 74 121412 1
98 80 121419 1
54 96 121431 0
34 94 121469 0
103 9 121473 1
39 44 121529 1
98 55 121605 1
80 79 121611 1
105 67 121680 1
42 99 121785 0
60 52 121831 1
77 69 121840 1
49 65 121887 0
48 65 121985 0
78 76 122002 1
103 56 122017 1
63 53 122057 1
82 24 122091 0
102 10 122091 1
81 100 122098 0
58 94 122108 0
79 32 122114 0
82 58 122131 1
81 101 122140 0
51 66 122176 0
63 54 122221 1
104 60 122227 1
69 89 122298 0
102 58 122361 1
56 50 122376 1
84 52 122383 1
56 77 122387 1
56 49 122387 1
30 92 122391 0
66 87 122400 0
21 69 122418 0
102 57 122433 1
105 64 122443 1
58 51 122503 1
105 70 122522 1
75 100 122525 0
34 46 122568 1
61 53 122609 1
77 35 122649 0
73 113 122655 1
77 68 122656 1
31 47 122674 1
62 53 122682 1
79 76 122685 1
84 53 122720 1
49 46 122761 1
49 45 122761 1
37 94 122766 0
73 99 122828 0
97 9 122854 1
43 44 122863 1
104 69 122920 1
100 8 122939 1
42 79 122967 1
105 66 123049 1
103 59 123053 1
19 70 123059 0
42 97 123129 0
70 46 123136 0
54 95 123209 0
72 96 123328 0
109 45 123385 1
70 93 123414 0
49 96 123431 0
54 68 123512 0
74 39 123545 0
62 89 123546 0
100 55 123554 1
109 45 123614 0
105 60 123648 1
49 98 123692 0
38 95 123696 0
43 97 123719 0
98 31 123738 1
105 65 123764 1
77 74 123768 1
24 81 123780 0
32 92 123810 0
28 88 123811 0
47 97 123819 0
34 92 123840 0
40 97 123841 0
46 64 123852 0
54 45 123855 1
54 47 123855 1
30 91 123855 0
105 12 123875 1
98 8 123896 1
104 19 123898 1
100 25 123901 1
37 95 123930 0
53 66 123990 0
21 64 123991 0
98 9 124004 1
27 88 124043 0
79 65 124045 1
76 100 124064 0
79 77 124082 1
54 98 124083 0
23 78 124092 0
33 93 124105 0
52 66 124106 0
23 81 124117 0
59 52 124134 1
41 44 124140 1
54 49 124174 1
34 93 124244 0
45 64 124310 0
78 72 124353 1
96 56 124367 1
48 98 124373 0
53 67 124377 0
52 96 124380 0
75 38 124407 0
80 62 124446 1
41 97 124462 0
74 100 124474 0
83 24 124475 0
29 90 124478 0
75 99 124483 0
23 75 124511 0
35 94 124512 0
32 91 124514 0
24 92 124517 0
105 63 124549 1
45 97 124555 0
104 59 124603 1
61 51 124639 1
77 100 124674 0
97 7 124715 1
56 94 124734 0
21 72 124789 0
78 101 124791 0
22 74 124804 0
30 90 124807 0
22 76 124827 0
105 14 124830 1
21 66 124851 0
105 69 124878 1
106 13 124878 1
105 11 124893 1
105 57 124897 1
79 74 124900 1
52 46 124932 1
36 44 124941 1
73 97 124953 0
31 91 124990 0
39 76 125036 1
53 47 125054 1
104 61 125058 1
33 92 125066 0
48 44 125100 1
36 43 125121 1
45 44 125181 1
29 89 125228 0
21 61 125258 0
98 81 125291 1
70 92 125306 0
72 97 125345 0
66 88 125372 0
97 55 125380 1
48 65 125391 0
39 95 125446 0
46 97 125464 0
60 51 125471 1
106 63 125472 1
82 59 125535 1
61 52 125547 1
99 62 125602 1
69 91 125605 0
38 70 125714 1
32 93 125758 0
88 65 125785 0
22 75 125843 0
39 70 125920 1
101 23 125930 1
52 47 125966 1
99 52 125969 1
99 56 125969 1
78 70 125981 1
65 54 125991 1
79 78 126010 1
46 45 126025 1
48 126 126056 1
103 7 126068 1
42 44 126069 1
71 45 126092 0
62 124 126092 1
34 40 126140 1
21 69 126185 0
103 10 126185 1
48 46 126193 1
21 75 126218 0
50 97 126260 0
90 61 126264 0
45 45 126267 1
55 49 126302 1
52 48 126336 1
57 49 126344 1
40 78 126347 1
35 105 126409 0
46 102 126430 0
39 78 126534 1
44 45 126565 1
40 77 126646 1
99 28 126704 1
40 43 126706 1
71 96 126736 0
27 85 126780 0
76 99 126804 0
26 103 126809 0
25 84 126826 0
51 66 126826 0
53 69 126952 0
56 95 126963 0
69 89 126973 0
78 34 127031 0
35 99 127056 0
71 94 127099 0
21 62 127129 0
101 56 127210 1
104 9 127261 1
48 45 127300 1
73 98 127304 0
54 48 127312 1
55 48 127320 1
42 65 127337 0
44 78 127485 1
77 73 127485 1
51 46 127494 1
101 76 127533 1
79 30 127586 0
57 50 127592 1
34 93 127668 0
53 95 127694 0
28 88 127703 0
74 99 127731 0
38 44 127850 1
33 46 127870 1
66 51 127872 0
67 87 127893 0
101 24 127919 1
42 78 127995 1
37 94 128042 0
21 59 128100 0
27 86 128148 0
77 100 128167 0
48 97 128220 0
26 84 128221 0
26 86 128324 0
95 55 128333 1
30 92 128404 0
78 71 128437 1
79 102 128452 0
105 15 128486 1
44 64 128500 0
44 44 128507 1
42 41 128521 1
41 78 128560 1
51 96 128686 0
77 70 128699 1
81 27 128829 0
37 73 128834 1
20 68 128842 0
81 60 128854 1
24 82 128870 0
81 28 128935 0
97 8 128972 1
35 94 128990 0
38 96 129048 0
36 36 129063 1
72 97 129084 0
78 33 129093 0
38 75 129126 1
99 30 129138 1
22 59 129163 0
43 45 129194 1
39 98 129196 0
38 76 129213 1
21 73 129214 0
62 53 129234 1
70 92 129271 0
66 87 129349 0
22 76 129359 0
39 43 129365 1
38 43 129410 1
41 79 129413 1
33 45 129420 1
78 102 129480 0
106 55 129574 1
39 77 129578 1
21 68 129645 0
77 36 129791 0
64 53 129894 1
86 50 129978 1
61 92 130017 0
49 65 130052 0
22 58 130129 0
70 101 130130 0
24 81 130134 0
27 88 130169 0
86 70 130203 0
27 87 130212 0
73 99 130243 0
40 76 130325 1
38 94 130331 0
38 77 130356 1
76 99 130455 0
111 63 130468 1
63 53 130484 1
51 47 130484 1
46 64 130492 0
36 93 130531 0
46 78 130569 1
32 92 130649 0
102 9 130649 1
49 46 130682 1
43 79 130700 1
5 71 130936 0
32 93 130954 0
35 95 130963 0
21 94 130973 0
37 97 130981 0
105 8 131004 1
105 13 131004 1
20 73 131123 0
104 72 131124 1
107 62 131151 1
105 61 131161 1
35 45 131229 1
28 88 131231 0
111 14 131315 1
78 69 131361 1
34 93 131430 0
46 67 131455 0
12 95 131466 0
47 45 131473 1
0 0 131490 0
21 65 131495 0
74 103 131498 0
17 99 131515 0
25 85 131523 0
5 96 131554 0
40 44 131669 1
78 31 131730 0
78 8 131735 0
48 65 131745 0
21 69 131795 0
83 57 131837 1
98 32 131914 1
21 74 131950 0
5 45 131957 0
80 101 131966 0
29 94 131980 0
67 88 131986 0
101 55 132009 1
22 91 132033 0
24 83 132039 0
20 51 132081 0
31 100 132122 0
7 92 132132 0
77 14 132168 0
47 64 132179 0
5 15 132217 0
21 63 132236 0
20 98 132287 0
5 72 132304 0
21 64 132317 0
68 92 132354 0
50 46 132380 1
42 56 132396 1
23 103 132437 0
103 58 132462 1
38 99 132477 0
79 100 132520 0
104 10 132552 1
38 95 132706 0
41 95 132863 0
81 100 132886 0
74 99 132909 0
25 72 132930 1
25 52 132947 0
45 67 132963 0
35 44 133193 1
65 90 133240 0
47 72 133243 0
47 101 133271 0
77 100 133273 0
9 90 133278 0
71 97 133279 0
100 56 133292 1
69 48 133370 0
102 57 133505 1
97 56 133509 1
21 67 133565 0
99 55 133617 1
103 59 133818 1
35 94 133842 0
44 100 133907 0
79 101 133909 0
100 26 133925 1
105 68 133964 1
104 73 134005 1
64 54 134005 1
103 57 134066 1
69 88 134077 0
54 70 134082 0
60 52 134211 1
101 8 134238 1
102 56 134261 1
24 80 134293 0
72 97 134297 0
26 85 134303 0
77 99 134368 0
88 66 134379 0
105 62 134395 1
53 66 134428 0
72 99 134445 0
80 78 134451 1
104 60 134517 1
43 44 134565 1
70 93 134627 0
103 9 134666 1
58 50 134728 1
72 96 134771 0
80 79 134791 1
49 98 134817 0
63 54 134823 1
41 100 134837 0
70 96 134943 0
76 99 134950 0
105 64 134960 1
84 75 135030 0
98 55 135077 1
94 10 135106 1
83 101 135148 0
50 45 135190 1
103 19 135205 1
68 88 135225 0
74 109 135238 0
59 108 135243 0
49 97 135314 0
83 100 135320 0
104 71 135323 1
105 67 135329 1
53 46 135393 1
93 39 135409 0
55 94 135470 0
51 45 135481 1
106 55 135496 1
78 73 135536 1
85 98 135622 0
43 64 135623 0
78 75 135637 1
99 7 135640 1
77 71 135656 1
83 55 135659 1
73 97 135663 0
106 65 135690 1
78 74 135735 1
105 11 135737 1
85 72 135738 0
98 33 135762 1
28 93 135762 0
96 55 135768 1
82 101 135770 0
105 65 135794 1
102 58 135826 1
28 89 135837 0
47 44 135855 1
59 51 135893 1
46 98 135906 0
56 49 135921 1
46 77 135939 1
70 92 135949 0
68 51 135951 0
92 60 135952 0
54 68 135953 0
75 39 135969 0
22 70 135970 0
42 97 135981 0
69 47 135991 0
34 92 135996 0
36 93 136038 0
78 30 136049 0
49 44 136059 1
51 66 136070 0
28 88 136122 0
103 72 136125 1
104 59 136147 1
61 53 136149 1
79 31 136161 0
100 55 136178 1
43 97 136181 0
99 8 136220 1
82 25 136224 0
29 89 136281 0
49 45 136300 1
43 96 136340 0
39 44 136374 1
104 61 136401 1
58 51 136407 1
69 89 136416 0
79 77 136420 1
105 66 136423 1
48 42 136433 1
64 88 136498 0
83 23 136500 0
104 18 136506 1
21 60 136522 0
84 54 136547 1
75 99 136571 0
79 76 136599 1
106 64 136602 1
30 90 136616 0
24 86 136623 0
84 99 136623 0
30 92 136635 0
67 87 136681 0
77 72 136691 1
23 78 136752 0
21 72 136753 0
32 91 136777 0
79 78 136786 1
33 92 136797 0
31 91 136805 0
70 95 136815 0
55 49 136852 1
83 99 136858 0
38 98 136869 0
45 63 136887 0
66 86 136902 0
80 28 136921 0
31 92 136930 0
20 71 136939 0
30 88 136942 0
52 66 136944 0
70 117 136978 0
41 102 136998 0
69 93 137005 0
17 82 137038 0
30 91 137060 0
8 70 137061 0
51 97 137078 0
47 65 137083 0
51 105 137087 0
23 80 137116 0
63 89 137137 0
47 64 137156 0
68 97 137159 0
34 93 137160 0
39 76 137179 1
63 91 137214 0
56 93 137215 0
69 92 137232 0
105 63 137236 1
38 74 137253 1
78 35 137269 0
85 50 137300 1
22 75 137310 0
22 74 137348 0
21 66 137392 0
41 97 137393 0
43 78 137399 1
39 69 137416 1
99 29 137438 1
99 31 137444 1
25 53 137444 0
60 50 137457 1
32 93 137460 0
71 94 137504 0
103 58 137528 1
59 50 137543 1
24 80 137556 0
40 78 137583 1
95 56 137585 1
106 14 137593 1
57 50 137594 1
47 97 137615 0
37 94 137628 0
83 54 137690 1
80 29 137713 0
86 69 137728 0
22 61 137736 0
11 90 137737 0
69 88 137751 0
21 71 137761 0
57 51 137776 1
53 67 137802 0
45 97 137808 0
53 66 137833 0
29 90 137847 0
39 95 137862 0
23 79 137877 0
21 67 137888 0
74 99 137929 0
69 50 137941 0
45 44 137955 1
54 47 137990 1
73 99 137993 0
86 71 137995 0
71 96 137995 0
39 97 138009 0
52 47 138043 1
68 89 138092 0
46 97 138124 0
22 76 138139 0
34 99 138152 0
21 97 138160 0
43 104 138164 0
71 93 138172 0
53 47 138191 1
89 65 138191 0
100 8 138199 1
104 58 138213 1
66 98 138220 0
26 85 138238 0
79 100 138245 0
27 86 138247 0
22 96 138261 0
58 92 138276 0
20 63 138282 0
101 56 138325 1
77 37 138326 0
69 90 138373 0
49 65 138427 0
40 77 138444 1
27 89 138446 0
37 44 138472 1
75 98 138479 0
77 35 138581 0
45 45 138589 1
70 93 138618 0
60 51 138623 1
99 56 138634 1
62 51 138675 1
42 44 138676 1
44 63 138703 0
77 99 138711 0
103 59 138722 1
102 55 138737 1
23 75 138744 0
54 46 138764 1
39 72 138769 1
27 85 138802 0
46 45 138822 1
25 84 138837 0
55 48 138870 1
57 93 138875 0
113 13 138920 1
105 16 138930 1
77 100 138933 0
99 55 138942 1
104 17 139014 1
106 55 139073 1
104 9 139090 1
34 45 139095 1
52 46 139097 1
100 7 139132 1
99 9 139154 1
54 48 139164 1
105 14 139180 1
26 84 139203 0
103 8 139256 1
77 69 139268 1
51 46 139283 1
72 96 139321 0
43 43 139421 1
38 94 139428 0
32 92 139432 0
39 40 139439 1
61 52 139468 1
85 51 139487 1
76 99 139548 0
46 64 139570 0
58 50 139591 1
94 9 139603 1
57 49 139613 1
98 54 139616 1
44 44 139623 1
52 97 139663 0
104 11 139704 1
39 75 139719 1
106 16 139741 1
39 71 139809 1
81 101 139820 0
26 52 139844 0
103 73 139854 1
45 65 139950 0
41 44 139954 1
104 10 139954 1
62 52 139957 1
79 32 139972 0
50 97 139976 0
35 94 140002 0
48 97 140016 0
102 8 140071 1
106 67 140071 1
83 58 140093 1
105 12 140103 1
22 70 140125 0
66 87 140133 0
36 44 140147 1
24 80 140158 0
62 53 140179 1
84 53 140203 1
37 95 140214 0
36 98 140242 0
102 9 140247 1
29 89 140248 0
79 101 140270 0
79 75 140289 1
39 77 140294 1
27 88 140315 0
65 54 140326 1
36 93 140327 0
21 69 140334 0
97 55 140386 1
56 49 140401 1
72 97 140410 0
104 60 140416 1
96 9 140421 1
36 45 140435 1
104 8 140463 1
21 68 140465 0
42 78 140501 1
35 92 140513 0
87 47 140536 1
53 45 140610 1
63 52 140628 1
28 86 140697 0
103 20 140718 1
39 94 140740 0
85 52 140767 1
78 73 140785 1
102 57 140788 1
51 96 140807 0
105 61 140815 1
38 95 140835 0
33 93 140861 0
103 10 140864 1
63 53 140910 1
46 44 140941 1
65 88 140944 0
105 18 140982 1
32 46 141005 1
26 82 141011 0
80 63 141018 1
49 45 141091 1
97 9 141127 1
70 92 141181 0
106 28 141185 1
106 11 141185 1
72 71 141186 1
72 101 141186 0
24 81 141206 0
80 78 141233 1
24 54 141250 0
103 57 141301 1
47 45 141310 1
102 56 141312 1
69 90 141330 0
97 53 141336 1
88 46 141484 1
21 65 141523 0
77 68 141523 1
48 65 141544 0
40 96 141622 0
41 77 141643 1
109 45 141661 1
105 81 141664 1
81 78 141685 1
50 47 141686 1
38 73 141743 1
109 45 141750 0
97 84 141751 1
101 8 141751 1
75 98 141955 0
91 92 142033 1
39 76 142040 1
54 67 142062 0
41 78 142131 1
21 67 142139 0
100 27 142218 1
103 74 142231 1
76 100 142243 0
57 50 142262 1
21 71 142266 0
106 12 142283 1
45 40 142313 1
97 56 142352 1
41 43 142357 1
26 87 142478 0
77 70 142493 1
21 61 142521 0
28 88 142534 0
41 96 142604 0
101 25 142611 1
31 91 142633 0
104 62 142633 1
36 95 142642 0
55 47 142702 1
34 92 142709 0
13 69 142730 0
69 92 142736 0
105 60 142759 1
44 78 142900 1
43 44 142913 1
33 92 142975 0
48 45 143027 1
101 55 143031 1
26 85 143033 0
104 70 143070 1
29 88 143074 0
101 78 143123 1
42 43 143167 1
101 7 143208 1
40 41 143222 1
102 75 143223 1
88 18 143250 1
22 79 143322 0
38 44 143364 1
49 96 143384 0
51 47 143391 1
24 80 143409 0
50 44 143455 1
40 97 143461 0
22 85 143475 0
37 94 143531 0
52 96 143565 0
30 94 143611 0
79 66 143631 1
99 27 143631 1
98 82 143646 1
98 34 143650 1
25 89 143698 0
47 96 143701 0
95 87 143734 1
26 83 143743 0
105 10 144075 1
69 91 144192 0
22 75 144295 0
54 49 144301 1
49 46 144316 1
80 77 144410 1
39 73 144435 1
55 49 144489 1
28 49 144539 1
99 82 144542 1
28 86 144570 0
64 53 144579 1
100 25 144581 1
69 90 144585 0
45 44 144615 1
35 93 144728 0
106 66 144770 1
43 77 144811 1
99 54 144877 1
51 44 144964 1
65 53 144972 1
19 11 145003 1
78 68 145161 1
104 59 145215 1
28 48 145225 1
103 9 145352 1
47 30 145423 1
31 46 145531 1
40 96 145535 0
54 67 145537 0
96 124 145585 1
100 55 145598 1
43 63 145635 0
107 6 145683 1
27 40 145691 1
105 62 145694 1
106 8 145703 1
57 35 145703 1
109 82 145733 1
103 80 145745 1
45 43 145754 1
78 70 145782 1
21 70 145785 0
58 49 145833 1
105 64 145867 1
54 70 145877 0
44 77 145899 1
83 117 145926 1
106 69 145932 1
100 30 145961 1
113 59 145966 1
16 124 145974 1
70 91 146001 0
45 96 146020 0
100 26 146166 1
53 44 146178 1
101 4 146189 1
39 74 146218 1
73 127 146229 1
38 72 146370 1
47 64 146390 0
39 44 146406 1
94 56 146472 1
21 71 146489 0
72 95 146521 0
74 99 146537 0
50 45 146540 1
99 30 146540 1
86 70 146560 0
105 55 146573 1
84 52 146612 1
105 65 146617 1
105 67 146643 1
0 0 146773 0
38 75 146773 1
53 46 146812 1
61 51 146860 1
39 70 146874 1
107 64 146875 1
78 74 146890 1
79 74 146903 1
105 69 146905 1
106 15 146937 1
98 55 146937 1
98 8 146941 1
22 74 146973 0
100 28 147009 1
44 45 147033 1
109 63 147082 1
64 119 147091 1
75 98 147144 0
106 55 147144 1
59 49 147211 1
103 58 147225 1
53 43 147237 1
0 103 147242 1
105 66 147259 1
78 71 147263 1
107 60 147279 1
105 68 147323 1
56 51 147351 1
79 67 147420 1
64 52 147439 1
106 13 147462 1
13 11 147471 1
1 13 147477 1
120 73 147484 1
71 95 147490 0
25 43 147493 1
47 39 147501 1
80 64 147510 1
73 97 147524 0
60 95 147677 0
99 55 147677 1
99 26 147678 1
40 76 147715 1
100 56 147729 1
79 77 147821 1
69 92 147822 0
69 88 147834 0
50 66 147909 0
106 9 147950 1
82 60 147961 1
79 31 147973 0
84 56 147983 1
26 83 148013 0
95 58 148035 1
42 97 148071 0
80 30 148078 0
24 80 148098 0
101 56 148121 1
59 51 148163 1
69 89 148177 0
101 59 148214 1
77 71 148217 1
40 44 148225 1
103 56 148248 1
79 76 148288 1
78 72 148354 1
97 83 148368 1
84 21 148419 0
59 50 148425 1
77 99 148426 0
64 91 148442 0
47 77 148448 1
29 88 148567 0
56 48 148573 1
98 9 148592 1
69 90 148593 0
78 100 148629 0
71 44 148647 0
41 96 148692 0
51 45 148700 1
40 77 148724 1
105 11 148732 1
57 52 148739 1
98 10 148796 1
53 96 148805 0
93 54 148821 1
105 63 148835 1
99 8 148836 1
77 77 148926 1
35 93 148929 0
70 91 148942 0
105 70 148942 1
101 53 149029 1
78 66 149034 1
95 10 149043 1
108 6 149076 1
22 60 149080 0
34 93 149158 0
105 59 149162 1
21 67 149167 0
52 47 149192 1
103 17 149217 1
43 97 149250 0
53 47 149271 1
54 48 149286 1
80 101 149303 0
73 98 149336 0
87 68 149337 0
71 94 149371 0
85 73 149383 0
52 65 149403 0
41 95 149417 0
22 70 149420 0
81 100 149430 0
83 24 149431 0
104 10 149481 1
53 66 149533 0
81 61 149540 1
83 55 149554 1
39 80 149563 1
48 96 149591 0
104 58 149610 1
32 91 149620 0
42 77 149620 1
30 90 149642 0
48 66 149657 0
78 101 149727 0
48 44 149763 1
49 97 149764 0
103 8 149766 1
23 78 149775 0
102 8 149775 1
60 51 149804 1
47 46 149809 1
64 97 149822 0
16 96 149828 0
92 41 149841 1
76 99 149851 0
40 96 149863 0
54 67 149866 0
52 45 149874 1
17 62 149875 0
102 56 149890 1
24 86 149927 0
39 95 150001 0
21 70 150022 0
30 88 150048 0
79 100 150052 0
58 50 150081 1
105 9 150082 1
42 95 150177 0
41 98 150202 0
51 46 150209 1
45 45 150231 1
43 96 150260 0
40 78 150267 1
54 68 150271 0
78 73 150361 1
72 95 150369 0
72 96 150390 0
53 97 150392 0
17 85 150394 0
32 95 150395 0
41 97 150399 0
55 48 150429 1
93 58 150480 0
5 91 150488 0
83 22 150492 0
21 66 150502 0
78 34 150516 0
22 76 150532 0
105 17 150537 1
23 57 150554 0
57 49 150564 1
44 44 150570 1
77 100 150593 0
42 44 150594 1
45 77 150620 1
97 54 150660 1
70 92 150662 0
32 92 150666 0
23 59 150678 0
104 9 150696 1
105 14 150741 1
105 61 150749 1
75 97 150783 0
47 44 150786 1
71 45 150799 0
77 98 150812 0
54 47 150817 1
62 51 150822 1
106 14 150832 1
36 93 150845 0
77 34 150849 0
71 93 150866 0
27 86 150870 0
24 90 150886 0
57 44 150889 1
53 70 150890 0
19 77 150909 0
70 46 150913 0
38 94 150916 0
28 86 150930 0
21 64 150940 0
89 64 150957 0
24 100 150962 0
47 97 150964 0
44 99 150974 0
44 98 150986 0
15 73 150996 0
7 81 150999 0
29 89 151016 0
29 86 151016 0
27 85 151059 0
22 61 151063 0
70 93 151092 0
40 43 151111 1
26 85 151129 0
56 49 151133 1
63 88 151141 0
54 96 151166 0
46 97 151169 0
77 101 151176 0
21 71 151193 0
61 52 151202 1
70 91 151235 0
103 57 151256 1
80 62 151256 1
37 44 151271 1
21 62 151276 0
27 87 151280 0
32 93 151283 0
21 63 151294 0
75 98 151322 0
64 90 151326 0
30 105 151356 0
52 46 151370 1
71 95 151395 0
73 41 151432 0
80 78 151439 1
46 77 151458 1
26 84 151513 0
106 64 151522 1
62 53 151544 1
103 9 151548 1
22 63 151575 0
81 29 151581 0
13 78 151613 0
83 56 151642 1
45 97 151652 0
84 73 151654 0
37 94 151664 0
24 89 151672 0
44 97 151675 0
80 31 151689 0
26 82 151718 0
25 54 151722 0
78 103 151726 0
39 68 151728 1
63 53 151801 1
42 76 151817 1
42 79 151817 1
34 92 151851 0
45 44 151866 1
47 62 151901 0
21 76 151903 0
43 64 151934 0
82 58 151935 1
57 50 151938 1
38 70 151957 1
43 43 152008 1
12 85 152027 0
52 65 152028 0
63 102 152032 0
73 97 152039 0
38 96 152043 0
72 104 152078 0
73 99 152081 0
45 102 152095 0
99 7 152127 1
26 83 152167 0
48 97 152194 0
84 54 152199 1
35 92 152202 0
35 93 152210 0
42 65 152260 0
22 59 152264 0
39 75 152289 1
28 89 152326 0
57 101 152337 0
39 94 152357 0
34 94 152379 0
24 80 152379 0
33 101 152383 0
78 67 152407 1
99 55 152423 1
104 59 152478 1
23 55 152493 0
78 100 152524 0
42 78 152552 1
51 97 152602 0
81 63 152604 1
23 75 152613 0
22 77 152626 0
84 57 152627 1
39 43 152648 1
21 73 152700 0
68 102 152703 0
33 92 152722 0
80 103 152731 0
25 86 152733 0
52 66 152765 0
6 107 152768 0
75 99 152784 0
60 50 152789 1
99 80 152794 1
49 45 152796 1
20 69 152831 0
77 99 152836 0
101 8 152838 1
23 56 152850 0
39 96 152857 0
102 7 152893 1
31 91 152919 0
62 89 152935 0
97 8 152964 1
32 91 152979 0
71 43 153027 0
11 89 153032 0
62 52 153068 1
29 88 153073 0
79 73 153106 1
96 55 153138 1
80 65 153212 1
79 65 153301 1
38 74 153306 1
49 65 153368 0
21 74 153416 0
99 31 153418 1
45 64 153447 0
21 70 153487 0
49 63 153508 0
47 67 153548 0
22 58 153557 0
41 95 153564 0
57 105 153584 0
53 66 153606 0
96 56 153615 1
84 53 153628 1
25 82 153631 0
53 65 153653 0
26 86 153680 0
26 89 153689 0
63 52 153765 1
32 45 153801 1
50 65 153821 0
22 67 153823 0
70 91 153897 0
54 67 153920 0
44 63 153929 0
25 83 153934 0
79 75 153976 1
34 44 153997 1
23 60 154030 0
37 43 154036 1
53 95 154067 0
21 72 154102 0
22 60 154104 0
55 68 154126 0
36 44 154141 1
69 88 154164 0
105 62 154170 1
106 12 154223 1
35 44 154268 1
40 77 154284 1
47 45 154399 1
43 44 154425 1
104 60 154456 1
22 62 154494 0
69 92 154531 0
106 10 154566 1
41 96 154572 0
100 7 154574 1
44 43 154622 1
40 96 154685 0
71 95 154701 0
101 77 154715 1
40 76 154733 1
99 32 154792 1
93 54 154816 0
22 75 154833 0
68 95 154861 0
35 45 154881 1
70 89 154920 0
101 22 154921 1
69 90 154960 0
40 99 155045 0
39 98 155051 0
46 45 155066 1
96 8 155088 1
86 49 155133 1
30 88 155184 0
20 84 155185 0
101 55 155261 1
49 44 155292 1
58 49 155342 1
41 77 155346 1
82 27 155360 0
47 96 155494 0
22 63 155593 0
22 74 155600 0
48 76 155606 1
56 48 155651 1
103 58 155659 1
57 39 155670 1
100 29 155764 1
100 54 155799 1
40 42 155825 1
72 95 155865 0
65 86 155906 0
106 68 155932 1
102 74 155986 1
77 70 156002 1
109 68 156006 0
21 71 156022 0
22 78 156053 0
43 95 156064 0
105 65 156089 1
65 54 156090 1
80 77 156094 1
41 43 156103 1
64 53 156174 1
22 70 156218 0
78 100 156335 0
35 93 156351 0
106 55 156364 1
80 30 156376 0
24 80 156454 0
105 13 156510 1
44 97 156525 0
40 67 156533 1
105 58 156545 1
47 43 156627 1
105 10 156639 1
23 79 156672 0
83 59 156792 1
99 79 156810 1
28 86 156838 0
105 60 156879 1
25 82 156900 0
67 108 156926 0
50 45 156937 1
39 69 156938 1
83 57 156949 1
38 43 157006 1
52 65 157022 0
100 55 157040 1
40 69 157120 1
79 76 157190 1
65 53 157252 1
55 48 157314 1
101 23 157339 1
106 63 157378 1
59 43 157378 1
53 47 157390 1
30 90 157430 0
46 44 157430 1
82 59 157510 1
22 67 157540 0
69 89 157552 0
98 7 157585 1
59 50 157591 1
50 65 157599 0
77 98 157628 0
54 46 157631 1
108 16 157658 1
95 8 157720 1
55 47 157737 1
26 83 157777 0
54 66 157784 0
43 78 157799 1
74 97 157831 0
21 70 157851 0
98 83 157856 1
40 68 157866 1
105 5 157958 1
40 94 158036 0
22 77 158047 0
102 23 158164 1
105 64 158263 1
53 46 158307 1
21 69 158417 0
39 96 158420 0
25 83 158446 0
106 65 158449 1
39 44 158484 1
25 80 158638 0
42 43 158639 1
70 89 158669 0
74 52 158671 1
44 98 158672 0
44 78 158672 1
106 59 158767 1
41 78 158825 1
104 18 158955 1
33 38 158964 1
71 95 158987 0
43 41 159044 1
104 19 159086 1
38 44 159109 1
82 61 159170 1
81 114 159194 0
99 29 159225 1
81 62 159267 1
43 45 159314 1
22 73 159315 0
55 46 159332 1
109 79 159380 1
102 9 159416 1
72 43 159469 0
54 48 159471 1
101 28 159498 1
103 26 159666 1
81 60 159697 1
61 51 159756 1
50 97 159823 0
77 69 159847 1
97 55 160034 1
72 97 160063 0
52 47 160110 1
22 62 160128 0
43 65 160273 0
105 12 160275 1
53 65 160305 0
124 67 160346 1
57 49 160350 1
73 113 160423 0
23 84 160471 0
24 82 160473 0
39 72 160480 1
78 33 160515 0
25 82 160585 0
70 94 160596 0
79 78 160618 1
109 16 160640 1
22 110 160644 0
82 56 160664 1
85 50 160673 1
26 88 160780 0
34 45 160788 1
100 27 160830 1
54 66 160902 0
75 98 160908 0
22 60 160923 0
70 91 160993 0
101 27 161000 1
44 77 161020 1
102 76 161080 1
99 28 161109 1
104 61 161123 1
74 97 161146 0
101 6 161211 1
23 78 161216 0
101 48 161218 1
101 56 161218 1
25 79 161267 0
105 67 161308 1
81 101 161381 0
36 93 161389 0
104 57 161402 1
5 86 161529 0
21 95 161536 0
38 102 161553 0
35 46 161631 1
98 32 161668 1
106 62 161771 1
16 83 161831 0
30 91 161849 0
38 95 161858 0
5 102 161865 0
98 55 161918 1
82 25 161952 0
28 88 161960 0
13 76 161968 0
79 99 161974 0
51 73 161987 0
51 45 161987 1
31 97 161998 0
39 77 162011 1
83 117 162023 0
39 95 162041 0
23 90 162042 0
78 100 162060 0
22 57 162098 0
43 97 162099 0
15 84 162124 0
20 97 162155 0
67 85 162258 0
27 84 162327 0
50 65 162527 0
102 55 162534 1
34 92 162645 0
48 44 162697 1
21 56 162730 0
101 24 162811 1
24 86 162820 0
71 94 162834 0
45 63 162875 0
79 31 162880 0
58 50 162905 1
30 100 162938 0
25 80 162997 0
75 97 163080 0
46 64 163095 0
51 96 163139 0
74 98 163149 0
115 59 163175 1
97 33 163278 1
111 64 163284 1
90 63 163368 0
103 53 163540 1
97 36 163673 1
79 100 163714 0
44 96 163739 0
115 115 163759 1
79 74 163760 1
44 97 163775 0
104 76 163778 1
101 7 163812 1
45 96 163818 0
60 51 163895 1
46 62 163896 0
22 73 163939 0
104 58 163957 1
93 92 163960 1
29 86 164000 0
100 31 164041 1
24 80 164099 0
57 48 164107 1
25 83 164112 0
22 77 164158 0
97 9 164172 1
108 66 164175 1
26 82 164206 0
106 61 164213 1
42 76 164243 1
54 95 164260 0
56 94 164274 0
27 86 164278 0
74 97 164353 0
38 94 164383 0
67 87 164394 0
67 52 164499 0
54 66 164540 0
33 42 164557 1
35 41 164588 1
27 85 164619 0
22 67 164868 0
47 44 164888 1
39 76 164899 1
40 44 164910 1
21 67 164965 0
21 68 165032 0
29 88 165103 0
22 61 165106 0
85 74 165165 0
49 64 165185 0
83 99 165189 0
51 46 165225 1
35 94 165277 0
31 92 165296 0
30 92 165343 0
26 84 165365 0
78 73 165394 1
78 71 165418 1
49 96 165425 0
70 45 165438 0
40 96 165458 0
47 64 165470 0
78 105 165537 0
42 95 165612 0
33 92 165657 0
26 90 165707 0
55 94 165734 0
67 51 165745 0
71 93 165801 0
70 94 165883 0
56 47 165910 1
21 75 165939 0
32 92 165972 0
25 82 165982 0
106 66 166045 1
20 104 166072 0
22 65 166078 0
59 94 166098 0
103 57 166132 1
23 77 166149 0
76 38 166222 0
22 63 166245 0
27 84 166279 0
55 69 166373 0
46 38 166424 1
91 42 166435 1
26 85 166601 0
47 63 166657 0
35 35 166728 1
58 47 166759 1
21 70 166958 0
44 44 166985 1
15 80 166988 0
71 46 167267 0
106 55 167323 1
106 67 167374 1
106 17 167390 1
74 98 167463 0
28 87 167476 0
98 33 167518 1
21 65 167560 0
43 96 167602 0
102 8 167795 1
26 51 167867 0
39 74 167930 1
58 93 167986 0
85 51 167995 1
50 99 168021 0
56 49 168042 1
100 6 168058 1
52 45 168139 1
35 93 168266 0
22 81 168388 0
106 13 168493 1
102 56 168553 1
104 9 168576 1
45 44 168674 1
96 85 168714 1
57 50 168808 1
44 96 168875 0
39 75 168971 1
39 71 169037 1
104 71 169060 1
49 64 169074 0
43 43 169116 1
42 97 169156 0
46 97 169172 0
29 90 169307 0
54 47 169311 1
100 26 169332 1
48 43 169435 1
99 81 169463 1
61 50 169547 1
22 73 169615 0
95 9 169630 1
81 78 169635 1
30 87 169651 0
49 37 169713 1
80 78 169744 1
105 66 169818 1
97 56 169831 1
107 72 169836 1
57 46 169887 1
33 45 169913 1
52 46 170057 1
79 68 170115 1
38 99 170201 0
71 95 170223 0
70 89 170243 0
99 30 170332 1
39 94 170361 0
22 76 170383 0
20 90 170577 0
79 101 170618 0
68 50 170623 0
37 94 170632 0
42 78 170648 1
48 64 170654 0
47 98 170945 0
42 44 170981 1
97 35 170986 1
16 77 171054 0
32 104 171122 0
74 110 171135 0
105 11 171181 1
63 113 171209 0
37 44 171257 1
23 77 171276 0
105 69 171414 1
110 23 171459 1
22 64 171541 0
36 94 171586 0
64 52 171694 1
99 6 171727 1
25 80 171829 0
22 65 172012 0
66 87 172414 0
32 105 172489 0
47 63 172500 0
104 59 172512 1
70 94 172572 0
80 63 172615 1
74 98 172656 0
106 72 172763 1
28 87 172831 0
105 61 172913 1
107 59 173048 1
78 70 173102 1
81 102 173174 0
100 28 173178 1
55 95 173266 0
52 96 173324 0
66 53 173332 1
69 92 173338 0
10 56 173439 0
22 77 173504 0
55 103 173519 0
104 10 173536 1
70 110 173538 0
34 46 173703 1
115 59 173714 1
42 77 173719 1
60 48 173732 1
112 78 173816 1
101 76 173867 1
104 8 173900 1
99 55 173965 1
53 42 174115 1
39 96 174287 0
74 97 174306 0
25 83 174318 0
103 8 174412 1
103 56 174412 1
106 11 174458 1
87 66 174515 0
105 68 174658 1
103 9 174661 1
80 76 174677 1
103 73 174702 1
105 8 174735 1
72 95 174922 0
63 53 174958 1
86 71 174990 0
81 100 175066 0
106 64 175134 1
49 64 175166 0
69 87 175175 0
105 16 175269 1
24 80 175284 0
50 44 175316 1
44 64 175380 0
109 45 175384 1
45 42 175434 1
47 37 175501 1
103 72 175506 1
58 49 175514 1
54 67 175515 0
63 51 175579 1
109 45 175593 0
54 66 175604 0
59 49 175635 1
76 99 175642 0
80 77 175727 1
79 75 175749 1
54 45 175753 1
77 100 175778 0
48 64 175854 0
66 86 175886 0
106 21 175886 1
48 96 175893 0
125 71 175920 1
103 21 175935 1
49 41 175975 1
101 55 175987 1
40 43 176053 1
54 44 176070 1
70 92 176091 0
49 45 176102 1
47 62 176113 0
79 32 176141 0
61 52 176178 1
99 7 176252 1
53 71 176290 0
25 79 176307 0
105 59 176328 1
72 96 176387 0
22 64 176401 0
77 98 176411 0
81 99 176460 0
101 54 176487 1
41 76 176514 1
101 8 176565 1
79 76 176573 1
104 82 176619 1
77 99 176658 0
98 54 176667 1
50 40 176677 1
70 91 176691 0
40 76 176743 1
109 68 176748 1
50 65 176793 0
64 88 176840 0
106 60 176943 1
75 97 176957 0
78 100 177051 0
106 12 177073 1
62 51 177091 1
100 55 177103 1
35 92 177112 0
46 77 177152 1
102 22 177165 1
41 77 177177 1
40 77 177182 1
41 96 177190 0
52 65 177252 0
83 58 177261 1
42 98 177277 0
103 59 177292 1
99 8 177315 1
45 77 177354 1
84 55 177366 1
35 96 177385 0
56 48 177399 1
55 66 177436 0
21 66 177514 0
45 97 177516 0
94 38 177541 0
62 52 177552 1
29 89 177575 0
19 71 177589 0
60 50 177626 1
70 89 177627 0
53 65 177679 0
43 77 177682 1
55 48 177722 1
57 95 177737 0
48 65 177762 0
26 81 177803 0
30 44 177813 1
41 95 177836 0
30 88 177858 0
39 43 177883 1
54 68 177886 0
35 73 177904 1
28 87 177981 0
105 10 177988 1
38 71 177991 1
25 78 178002 0
104 72 178042 1
39 73 178054 1
39 70 178057 1
23 77 178080 0
49 97 178124 0
21 59 178166 0
22 62 178174 0
15 75 178212 0
34 92 178234 0
102 56 178243 1
71 96 178244 0
98 8 178256 1
36 94 178264 0
80 30 178264 0
105 9 178274 1
105 23 178288 1
108 15 178312 1
25 82 178343 0
57 94 178398 0
77 71 178418 1
27 70 178426 0
27 84 178426 0
23 75 178442 0
49 63 178466 0
46 43 178485 1
39 93 178520 0
44 43 178521 1
86 70 178542 0
71 91 178557 0
71 94 178557 0
103 58 178557 1
63 52 178570 1
89 43 178580 1
70 87 178596 0
59 50 178637 1
105 60 178647 1
85 52 178649 1
85 73 178680 0
14 88 178682 0
47 77 178728 1
24 56 178730 0
80 101 178746 0
26 91 178776 0
24 55 178781 0
105 71 178830 1
40 94 178832 0
32 91 178845 0
22 60 178866 0
57 49 178936 1
45 120 178941 0
37 96 179005 0
17 70 179018 0
41 43 179030 1
15 101 179133 0
74 98 179151 0
11 101 179152 0
13 78 179154 0
16 78 179157 0
69 87 179172 0
45 100 179187 0
38 99 179194 0
28 86 179199 0
21 71 179234 0
13 84 179256 0
82 101 179268 0
45 98 179279 0
26 82 179287 0
79 100 179303 0
99 54 179318 1
48 97 179346 0
68 49 179379 0
29 86 179406 0
23 86 179407 0
96 34 179412 1
63 95 179456 0
36 93 179465 0
34 93 179479 0
84 54 179484 1
59 101 179489 0
25 87 179495 0
24 75 179497 0
22 87 179523 0
104 58 179532 1
44 96 179571 0
22 75 179596 0
24 107 179652 0
25 104 179654 0
91 62 179662 0
40 70 179667 1
25 84 179670 0
73 97 179675 0
47 97 179676 0
40 75 179772 1
58 50 179779 1
53 45 179805 1
40 71 179812 1
30 100 179846 0
26 83 179915 0
103 57 179927 1
70 50 179972 1
93 59 179986 0
6 39 180022 0
83 23 180093 0
74 97 180100 0
105 61 180122 1
22 73 180126 0
106 14 180153 1
84 99 180165 0
53 46 180213 1
55 68 180219 0
79 99 180231 0
106 15 180256 1
55 47 180278 1
45 44 180292 1
53 96 180325 0
22 64 180356 0
84 56 180377 1
37 92 180408 0
25 55 180447 0
43 95 180511 0
102 7 180522 1
37 43 180573 1
47 96 180621 0
49 44 180661 1
38 94 180671 0
20 75 180676 0
71 46 180681 0
22 67 180713 0
105 62 180730 1
96 9 180774 1
43 43 180774 1
51 45 180786 1
38 93 180837 0
50 45 180957 1
46 96 180988 0
83 24 181057 0
85 72 181093 0
80 64 181112 1
35 43 181118 1
17 106 181208 0
23 59 181213 0
48 64 181267 0
53 67 181280 0
22 63 181366 0
25 80 181376 0
22 65 181383 0
39 91 181412 0
39 95 181412 0
105 11 181417 1
77 98 181424 0
85 99 181435 0
43 96 181471 0
24 80 181472 0
49 64 181512 0
19 72 181526 0
102 8 181593 1
71 45 181635 0
36 44 181668 1
47 76 181690 1
26 81 181717 0
79 74 181729 1
83 76 181737 0
99 31 181816 1
104 7 181853 1
78 68 181877 1
47 63 181919 0
78 73 181969 1
63 53 181994 1
79 73 181995 1
40 74 182108 1
61 90 182119 0
53 47 182122 1
80 31 182141 0
104 20 182169 1
33 92 182172 0
106 63 182182 1
64 53 182278 1
79 30 182346 0
57 93 182359 0
73 101 182388 0
36 43 182489 1
109 2 182579 1
34 44 182684 1
40 76 182750 1
65 53 182755 1
101 7 182826 1
33 46 182831 1
48 44 182878 1
45 43 182896 1
78 98 183052 0
102 24 183054 1
62 50 183178 1
45 76 183183 1
24 79 183213 0
69 49 183237 0
28 87 183270 0
98 55 183361 1
23 45 183396 1
103 75 183468 1
98 6 183469 1
39 75 183588 1
69 87 183603 0
33 44 183697 1
27 85 183738 0
65 52 183757 1
100 7 183792 1
54 46 183938 1
32 36 183968 1
119 78 184016 1
0 0 184023 0
102 91 184054 1
48 37 184055 1
4 2 184074 1
103 107 184094 1
39 76 184098 1
105 77 184131 1
43 42 184196 1
41 77 184197 1
42 43 184201 1
103 55 184226 1
81 77 184266 1
99 33 184346 1
51 44 184466 1
70 48 184495 0
43 44 184565 1
38 93 184622 0
80 76 184664 1
22 74 184687 0
106 66 184765 1
35 92 184823 0
86 105 184868 0
104 57 184887 1
47 66 184897 0
102 55 184930 1
70 94 184945 0
75 98 185007 0
106 62 185008 1
58 49 185025 1
39 44 185049 1
22 61 185081 0
43 98 185146 0
27 83 185298 0
24 78 185330 0
47 40 185526 1
38 43 185589 1
38 99 185645 0
99 51 185699 1
36 94 185729 0
106 65 185871 1
104 9 185881 1
29 88 185893 0
54 66 185902 0
79 66 185966 1
97 54 186032 1
81 61 186152 1
30 87 186187 0
51 95 186239 0
77 14 186496 1
99 55 186577 1
106 67 186652 1
97 87 186737 1
105 14 186820 1
22 64 186866 0
70 86 186960 0
103 9 186992 1
81 26 187055 0
69 88 187060 0
21 64 187100 0
80 77 187170 1
61 51 187231 1
64 52 187252 1
25 79 187254 0
42 77 187258 1
72 95 187318 0
103 56 187322 1
84 53 187334 1
105 70 187441 1
103 76 187443 1
100 54 187478 1
101 25 187497 1
71 93 187543 0
97 55 187543 1
106 13 187554 1
39 94 187634 0
105 58 187750 1
103 8 187759 1
46 96 187774 0
113 1 187777 1
104 56 187802 1
100 27 187818 1
87 67 187846 0
75 97 187890 0
44 97 187895 0
23 61 187901 0
106 64 187908 1
54 47 187915 1
106 68 187961 1
54 70 188048 0
80 100 188061 0
103 20 188062 1
21 70 188108 0
77 99 188115 0
58 48 188150 1
20 74 188220 0
48 36 188255 1
56 93 188296 0
66 91 188310 0
71 44 188327 0
102 56 188343 1
106 61 188376 1
81 28 188397 0
24 79 188452 0
101 55 188488 1
100 78 188519 1
112 25 188534 1
102 54 188552 1
45 96 188632 0
57 48 188733 1
91 13 188798 0
85 50 188832 1
56 48 188880 1
18 71 188891 0
80 29 188940 0
81 78 188945 1
79 75 188956 1
23 76 189033 0
100 29 189034 1
100 26 189060 1
103 7 189093 1
23 77 189177 0
98 35 189186 1
104 8 189206 1
51 96 189212 0
86 50 189239 1
24 80 189240 0
43 22 189248 0
84 75 189264 0
44 44 189273 1
89 66 189300 0
52 44 189313 1
83 55 189318 1
44 77 189319 1
61 91 189427 0
31 91 189430 0
106 12 189447 1
47 62 189449 0
71 95 189454 0
70 89 189460 0
99 92 189480 1
42 95 189511 0
55 66 189517 0
35 44 189519 1
72 42 189548 0
78 71 189549 1
49 45 189587 1
70 93 189611 0
47 44 189618 1
88 45 189620 1
61 50 189638 1
52 65 189719 0
87 68 189734 0
46 62 189750 0
80 75 189765 1
107 13 189792 1
53 65 189798 0
54 96 189804 0
85 53 189805 1
52 45 189828 1
98 82 189831 1
106 55 189833 1
49 63 189835 0
71 91 189854 0
105 10 189857 1
85 98 189883 0
106 58 189910 1
106 10 189914 1
17 102 189920 0
40 68 189936 1
62 51 189950 1
27 87 189960 0
34 92 189964 0
26 82 190001 0
48 96 190012 0
69 87 190020 0
77 98 190027 0
49 96 190036 0
27 83 190059 0
38 99 190122 0
20 77 190130 0
105 11 190148 1
30 88 190156 0
41 76 190168 1
99 52 190175 1
39 74 190179 1
70 87 190188 0
37 94 190238 0
92 40 190265 1
79 76 190271 1
83 98 190275 0
28 87 190303 0
59 49 190306 1
38 93 190317 0
105 60 190319 1
79 74 190345 1
105 9 190373 1
27 84 190380 0
79 67 190400 1
100 55 190428 1
105 59 190435 1
24 78 190441 0
85 51 190449 1
44 96 190455 0
32 91 190462 0
40 69 190478 1
80 74 190508 1
80 76 190546 1
105 61 190560 1
67 85 190580 0
55 48 190580 1
103 74 190627 1
25 78 190636 0
41 95 190649 0
75 97 190656 0
23 57 190691 0
88 67 190694 0
59 54 190708 1
59 50 190708 1
66 53 190720 1
44 41 190744 1
60 49 190746 1
48 76 190750 1
99 32 190770 1
40 75 190862 1
43 97 190869 0
50 99 190879 0
50 44 190879 1
40 96 190889 0
45 44 190904 1
99 54 190917 1
57 49 190935 1
96 55 190947 1
55 47 190961 1
78 70 190982 1
81 100 191009 0
103 57 191011 1
71 90 191014 0
70 91 191019 0
23 60 191031 0
24 88 191064 0
22 62 191079 0
106 11 191083 1
88 66 191110 0
104 58 191138 1
45 63 191175 0
41 42 191187 1
32 90 191246 0
26 81 191357 0
20 64 191401 0
103 56 191449 1
90 62 191454 0
56 47 191462 1
40 94 191485 0
44 43 191504 1
26 84 191513 0
80 65 191525 1
28 86 191563 0
45 45 191566 1
22 59 191568 0
24 94 191572 0
38 122 191586 0
71 94 191588 0
104 26 191596 1
19 110 191603 0
24 81 191611 0
63 52 191613 1
79 100 191619 0
29 86 191623 0
27 101 191632 0
29 91 191632 0
74 101 191636 0
17 75 191644 0
48 64 191709 0
18 76 191718 0
23 75 191729 0
65 95 191733 0
52 96 191739 0
83 75 191751 0
39 72 191754 1
43 77 191792 1
67 92 191814 0
22 70 191840 0
22 83 191844 0
41 97 191849 0
49 44 191851 1
48 98 191861 0
51 98 191869 0
40 43 191871 1
74 97 191876 0
39 93 191895 0
82 60 191899 1
19 103 191900 0
43 43 191957 1
106 60 191995 1
53 45 191998 1
39 43 192010 1
79 99 192026 0
37 92 192039 0
35 91 192042 0
78 100 192070 0
91 41 192108 1
43 63 192110 0
75 38 192120 0
60 50 192124 1
24 86 192125 0
53 95 192176 0
27 82 192179 0
41 77 192210 1
105 8 192235 1
22 65 192238 0
78 98 192272 0
25 80 192298 0
78 35 192336 0
80 100 192343 0
40 76 192344 1
71 93 192348 0
101 23 192449 1
61 49 192462 1
72 95 192477 0
22 60 192511 0
47 96 192516 0
42 42 192573 1
25 81 192584 0
21 61 192602 0
26 83 192616 0
57 47 192618 1
27 86 192642 0
101 54 192666 1
47 43 192688 1
51 45 192688 1
46 96 192755 0
53 68 192795 0
24 75 192828 0
58 92 192830 0
79 70 192845 1
83 99 192900 0
18 99 192903 0
35 92 192908 0
79 72 192919 1
15 65 192925 0
79 67 192945 0
79 71 192946 1
62 88 192947 0
100 28 192955 1
91 61 193062 0
20 67 193078 0
55 46 193089 1
52 97 193139 0
80 77 193175 1
63 88 193180 0
74 98 193225 0
71 47 193234 0
39 94 193240 0
59 92 193248 0
74 40 193252 0
50 64 193258 0
49 65 193259 0
41 96 193261 0
44 78 193268 1
123 4 193373 1
105 69 193402 1
54 46 193422 1
43 95 193441 0
58 50 193447 1
27 83 193501 0
26 82 193514 0
73 96 193546 0
49 76 193563 1
58 49 193597 1
53 46 193597 1
24 79 193627 0
104 9 193673 1
62 52 193678 1
89 65 193681 0
31 95 193681 0
22 63 193685 0
23 76 193689 0
53 66 193690 0
30 98 193701 0
30 90 193701 0
45 96 193704 0
83 100 193716 0
105 68 193753 1
49 46 193757 1
11 84 193764 0
44 63 193772 0
39 73 193777 1
64 100 193785 0
84 21 193796 0
30 87 193808 0
43 96 193831 0
81 29 193847 0
99 80 193864 1
70 98 193883 0
63 92 193893 0
22 67 193922 0
46 77 193924 1
23 73 193937 0
25 96 193949 0
51 66 193954 0
17 57 194010 0
30 97 194012 0
22 77 194014 0
63 51 194016 1
11 78 194039 0
97 8 194040 1
102 8 194041 1
101 24 194082 1
22 73 194102 0
49 64 194116 0
30 88 194117 0
39 75 194160 1
40 73 194257 1
45 43 194260 1
79 69 194418 1
69 85 194429 0
47 62 194453 0
24 78 194478 0
38 93 194497 0
79 73 194584 1
32 90 194611 0
22 64 194618 0
94 57 194657 0
73 112 194668 0
5 79 194678 0
39 108 194690 0
106 66 194691 1
55 96 194700 0
57 48 194706 1
25 82 194708 0
46 97 194717 0
70 86 194719 0
79 32 194730 0
77 102 194742 0
9 82 194782 0
25 79 194812 0
37 93 194831 0
48 44 194858 1
54 66 194858 0
105 16 194893 1
24 80 194906 0
31 93 194923 0
20 65 194952 0
29 97 194965 0
64 52 194965 1
44 96 194980 0
35 93 194983 0
84 101 194995 0
16 78 195025 0
84 97 195039 1
38 94 195045 0
64 95 195092 0
33 47 195108 1
86 98 195112 0
72 96 195126 0
8 75 195159 0
74 53 195161 1
47 102 195161 0
13 78 195205 0
55 69 195214 0
40 108 195229 0
45 95 195245 0
15 103 195274 0
37 100 195276 0
15 89 195285 0
25 78 195306 0
5 104 195313 0
42 100 195320 0
17 101 195340 0
24 74 195342 0
100 30 195421 1
21 57 195421 0
70 89 195447 0
55 66 195475 0
50 43 195612 1
72 92 195641 0
13 92 195654 0
69 86 195655 0
21 60 195683 0
73 100 195692 0
19 67 195701 0
52 68 195708 0
70 48 195713 0
22 61 195717 0
47 63 195731 0
43 64 195854 0
24 53 195906 0
42 99 195940 0
46 43 196002 1
49 66 196058 0
74 99 196062 0
65 91 196141 0
53 109 196145 0
106 62 196249 1
35 101 196271 0
11 85 196395 0
86 20 196407 0
23 78 196429 0
70 88 196452 0
30 96 196498 0
63 89 196555 0
72 43 196581 0
40 67 196621 1
33 102 196636 0
50 64 196726 0
25 81 196728 0
26 53 196779 0
77 98 196783 0
26 81 196803 0
29 94 196849 0
32 47 196886 1
104 57 197008 1
103 55 197057 1
45 77 197182 1
80 100 197214 0
106 16 197214 1
30 47 197220 1
51 64 197252 0
106 64 197269 1
102 7 197299 1
39 96 197299 0
98 7 197352 1
81 77 197381 1
39 69 197419 1
85 71 197491 0
70 92 197496 0
73 96 197501 0
22 90 197501 0
36 94 197511 0
100 54 197617 1
104 73 197658 1
22 74 197677 0
62 89 197704 0
86 49 197807 1
56 48 197837 1
33 92 197853 0
65 53 197881 1
53 65 197908 0
18 61 197934 0
20 88 197943 0
15 77 197948 0
10 70 197968 0
102 55 197971 1
42 77 197971 1
52 99 197974 0
81 101 197988 0
10 88 198001 0
4 85 198049 0
30 86 198138 0
27 84 198159 0
42 78 198226 1
84 55 198236 1
79 31 198241 0
56 49 198248 1
37 93 198252 0
23 76 198269 0
11 94 198313 0
23 56 198329 0
21 63 198337 0
105 17 198357 1
20 108 198360 0
12 77 198383 0
39 98 198384 0
18 62 198391 0
41 43 198415 1
9 99 198418 0
43 102 198429 0
36 103 198437 0
27 85 198439 0
3 80 198443 0
15 78 198456 0
23 82 198460 0
75 16 198468 0
68 107 198487 0
15 92 198518 0
77 28 198524 0
15 112 198563 0
24 95 198591 0
17 100 198592 0
23 16 198612 0
33 111 198662 0
69 89 198693 0
79 103 198794 0
23 83 198796 0
67 94 198809 0
22 89 198816 0
14 98 198817 0
13 86 198817 0
53 105 198833 0
39 107 198858 0
103 8 198867 1
22 58 198868 0
23 102 198872 0
34 100 198879 0
33 108 198884 0
68 99 198887 0
72 102 198890 0
23 61 198928 0
25 107 198949 0
31 89 198960 0
29 98 198985 0
24 78 198997 0
35 104 199009 0
15 69 199018 0
18 75 199018 0
46 114 199025 0
26 93 199052 0
21 62 199058 0
31 94 199075 0
69 95 199081 0
72 110 199084 0
86 68 199097 0
31 101 199107 0
40 100 199107 0
42 95 199115 0
25 85 199116 0
15 53 199124 0
18 77 199127 0
27 104 199138 0
53 119 199141 0
24 84 199147 0
51 110 199151 0
55 97 199159 0
69 90 199160 0
24 80 199162 0
19 108 199165 0
3 74 199167 0
20 92 199180 0
27 88 199187 0
48 97 199197 0
77 21 199264 0
21 102 199270 0
71 90 199304 0
48 63 199306 0
32 100 199308 0
32 90 199308 0
34 44 199309 1
34 92 199309 0
6 83 199338 0
70 44 199341 0
34 108 199370 0
70 88 199488 0
68 91 199558 0
51 96 199560 0
71 91 199582 0
25 54 199616 0
78 107 199653 0
80 30 199725 0
69 86 199735 0
50 96 199769 0
39 95 199785 0
57 92 199824 0
39 74 199834 1
23 73 199858 0
27 95 199859 0
48 55 199871 1
48 96 199871 0
81 78 199907 1
0 0 200010 0
