77 97 0 0
43 124 434 1
22 75 549 0
43 76 752 1
23 65 774 0
102 39 806 1
43 79 1289 1
83 117 1357 1
75 96 1757 0
89 51 1784 0
23 73 1792 0
78 66 1849 1
85 31 1914 1
107 63 1976 1
50 38 2044 1
79 69 2098 1
94 107 2105 1
26 91 2111 0
72 35 2112 1
44 75 2221 1
101 37 2341 1
14 116 2343 1
79 32 2362 1
90 0 2464 1
104 45 2564 1
28 94 2678 0
28 93 2684 0
93 32 2946 1
104 48 2984 1
107 62 3061 1
91 53 3062 0
88 31 3104 1
49 39 3178 1
103 41 3199 1
107 58 3248 1
99 35 3262 1
41 39 3321 1
26 92 3478 0
107 61 3634 1
81 95 3783 0
106 55 3795 1
76 96 3809 0
31 101 3814 0
102 40 3818 1
23 63 4047 0
23 80 4125 0
90 31 4229 1
54 38 4243 1
78 62 4319 1
72 95 4378 0
23 71 4393 0
43 70 4472 1
46 80 4481 1
54 62 4514 0
90 57 4566 0
65 39 4607 1
77 96 4724 0
78 57 4730 1
86 62 4740 0
101 38 4796 1
48 38 4812 1
58 38 4832 1
76 95 4895 0
64 38 4917 1
61 39 4924 1
46 104 5025 0
104 47 5044 1
107 66 5060 1
71 95 5115 0
106 57 5116 1
107 57 5158 1
53 65 5197 0
45 104 5227 0
94 32 5260 1
102 38 5310 1
83 96 5380 0
56 38 5394 1
79 61 5409 1
107 65 5452 1
89 31 5453 1
39 104 5503 0
47 38 5516 1
69 95 5522 0
103 45 5558 1
67 92 5564 0
95 34 5647 1
107 67 5657 1
79 57 5666 1
81 32 5677 1
94 31 5689 1
100 37 5734 1
80 96 5775 0
66 39 5868 1
83 31 5900 1
78 96 5923 0
38 102 5940 0
107 60 5940 1
62 39 5941 1
70 93 5956 0
105 52 5974 1
23 64 5987 0
26 91 6003 0
78 32 6054 1
96 34 6095 1
107 56 6095 1
74 35 6095 1
74 96 6106 0
55 38 6132 1
27 92 6134 0
96 32 6195 1
91 54 6195 0
43 104 6218 0
78 65 6246 1
99 36 6248 1
80 70 6249 1
107 63 6309 1
43 103 6338 0
37 102 6357 0
33 99 6380 0
46 79 6389 1
58 39 6392 1
55 100 6426 0
92 31 6497 1
52 67 6508 0
45 39 6522 1
105 53 6539 1
90 54 6556 0
40 104 6571 0
87 50 6578 0
104 46 6590 1
101 39 6659 1
53 72 6672 0
45 67 6681 1
106 56 6692 1
39 103 6735 0
44 73 6745 1
95 32 6761 1
43 78 6775 1
57 57 6800 1
104 49 6800 1
69 93 6828 0
63 39 6836 1
98 35 6841 1
102 41 6848 1
93 31 6850 1
54 61 6864 0
107 59 6900 1
23 78 7001 0
52 66 7005 0
45 66 7006 1
85 50 7018 0
22 69 7019 0
40 103 7025 0
23 86 7057 0
61 38 7058 1
80 31 7134 1
53 66 7149 0
42 104 7181 0
84 31 7215 1
36 102 7233 0
76 96 7267 0
107 64 7272 1
22 80 7314 0
37 103 7355 0
83 95 7373 0
25 88 7407 0
49 103 7412 0
52 69 7412 0
34 101 7420 0
47 104 7442 0
83 32 7459 1
71 94 7474 0
51 102 7488 0
30 97 7498 0
28 93 7611 0
55 101 7649 0
79 60 7671 1
87 31 7672 1
49 102 7700 0
51 78 7732 1
43 72 7733 1
102 42 7751 1
23 73 7819 0
51 58 7841 0
52 37 7880 1
28 97 7881 0
107 68 7890 1
75 33 7894 1
23 66 7960 0
28 94 7970 0
104 44 7981 1
81 96 7986 0
79 59 8037 1
55 60 8047 0
44 104 8058 0
81 68 8103 1
23 84 8137 0
54 63 8145 0
46 38 8171 1
53 67 8187 0
26 92 8188 0
70 117 8200 0
107 62 8215 1
98 34 8228 1
55 39 8228 1
47 79 8232 1
66 38 8252 1
29 96 8265 0
43 38 8305 1
82 95 8391 0
44 67 8425 1
44 106 8430 0
23 79 8507 0
23 65 8615 0
68 93 8726 0
26 93 8762 0
24 88 8783 0
44 69 8816 1
86 50 8836 0
48 104 8838 0
103 43 8862 1
51 38 8876 1
26 91 8894 0
78 64 8958 1
46 62 8988 1
23 75 9045 0
60 38 9071 1
78 63 9076 1
53 37 9082 1
80 68 9088 1
107 61 9089 1
74 34 9176 1
106 54 9179 1
39 42 9205 1
82 31 9229 1
100 80 9264 1
43 75 9284 1
22 68 9300 0
24 90 9331 0
71 93 9345 0
32 99 9366 0
57 38 9466 1
82 32 9556 1
53 70 9646 0
27 91 9654 0
89 51 9853 0
96 33 9900 1
91 31 10037 1
26 59 10051 0
24 62 10104 0
45 38 10145 1
27 93 10196 0
102 40 10320 1
93 88 10338 0
103 42 10351 1
32 98 10362 0
79 54 10398 1
107 55 10399 1
104 50 10435 1
103 40 10464 1
23 62 10541 0
22 81 10588 0
106 53 10618 1
45 79 10659 1
73 96 10682 0
63 38 10697 1
91 55 10744 0
25 89 10790 0
23 87 10835 0
45 80 10866 1
26 89 10954 0
106 55 10968 1
31 99 10992 0
23 71 11039 0
27 92 11188 0
35 101 11189 0
102 83 11211 1
48 37 11237 1
99 34 11295 1
25 92 11320 0
49 38 11354 1
45 68 11386 1
101 37 11396 1
68 38 11474 1
55 61 11517 0
88 91 11654 0
59 38 11729 1
81 31 11732 1
104 45 11804 1
84 32 11909 1
44 38 11949 1
44 78 12002 1
76 33 12035 1
52 65 12155 0
28 93 12207 0
83 51 12280 0
22 73 12297 0
76 95 12319 0
76 96 12332 0
88 31 12435 1
84 94 12471 0
86 50 12529 0
24 65 12584 0
27 94 12725 0
25 91 12728 0
26 91 12741 0
45 65 12758 1
104 43 12784 1
74 33 12856 1
95 33 13014 1
68 92 13015 0
34 99 13216 0
77 32 13250 1
26 92 13292 0
27 95 13302 0
104 47 13384 1
57 39 13440 1
24 63 13512 0
44 70 13589 1
36 100 13658 0
54 37 13682 1
101 36 13694 1
78 95 13717 0
51 37 13730 1
44 68 13753 1
90 31 13825 1
34 100 13915 0
43 124 13934 1
97 33 14055 1
62 38 14085 1
53 38 14100 1
57 37 14149 1
29 93 14228 0
68 114 14240 1
102 39 14248 1
100 35 14269 1
44 105 14279 0
89 30 14340 1
50 38 14587 1
77 95 14797 0
105 51 14835 1
22 63 14845 0
100 36 14845 1
92 32 14856 1
67 38 14863 1
109 124 14928 1
52 102 14937 0
78 66 15073 1
120 45 15113 0
54 62 15141 0
104 42 15144 1
46 64 15187 1
24 89 15249 0
52 38 15284 1
41 104 15556 0
79 95 15663 0
89 53 15774 0
90 91 15802 0
91 53 15888 0
99 35 15901 1
107 58 15902 1
23 73 15920 0
43 73 15979 1
51 39 15990 1
22 83 16107 0
93 32 16129 1
107 65 16142 1
23 89 16182 0
79 70 16205 1
103 41 16281 1
37 43 16373 1
24 64 16422 0
105 52 16473 1
89 91 16475 0
101 38 16496 1
46 63 16530 1
31 98 16640 0
53 70 16752 0
79 68 16821 1
105 50 16852 1
98 33 16859 1
70 37 16862 1
107 60 16897 1
94 32 16926 1
107 66 17029 1
86 50 17089 0
107 63 17150 1
23 65 17175 0
79 58 17244 1
104 46 17267 1
89 31 17317 1
104 41 17320 1
103 44 17320 1
78 58 17322 1
34 99 17373 0
28 99 17374 0
91 90 17384 0
104 48 17421 1
75 96 17446 0
91 56 17524 0
107 59 17612 1
28 94 17637 0
107 62 17693 1
45 63 17706 1
7 28 17740 1
34 100 17751 0
83 94 17764 0
95 31 17772 1
77 96 17845 0
71 96 17901 0
100 37 17901 1
32 100 17915 0
29 100 17923 0
68 92 17925 0
41 0 17949 0
100 79 17978 1
107 57 18029 1
107 64 18033 1
72 95 18073 0
70 93 18087 0
76 32 18122 1
22 77 18162 0
56 38 18187 1
92 31 18261 1
94 31 18295 1
47 103 18315 0
53 60 18318 0
102 38 18351 1
88 30 18359 1
105 53 18362 1
23 78 18397 0
103 39 18402 1
58 38 18403 1
67 92 18442 0
67 94 18445 0
85 31 18451 1
54 38 18456 1
38 102 18486 0
48 38 18523 1
78 57 18532 1
106 54 18544 1
90 30 18569 1
93 31 18595 1
79 31 18604 1
107 61 18651 1
49 104 18667 0
87 31 18708 1
87 50 18742 0
23 88 18745 0
81 95 18749 0
47 80 18789 1
32 97 18892 0
43 79 18894 1
47 38 18970 1
56 100 19023 0
95 32 19082 1
98 34 19096 1
85 50 19126 0
105 48 19131 1
54 58 19173 0
106 55 19221 1
22 76 19283 0
103 42 19286 1
104 44 19360 1
23 69 19367 0
91 54 19426 0
30 97 19428 0
86 31 19433 1
50 102 19454 0
52 70 19465 0
79 32 19506 1
79 67 19535 1
53 57 19547 0
31 97 19554 0
61 38 19560 1
69 93 19597 0
25 87 19656 0
38 101 19687 0
45 103 19694 0
64 38 19700 1
33 99 19724 0
71 94 19806 0
67 91 19815 0
104 74 19816 1
57 99 20004 0
106 70 20015 1
97 33 20023 1
53 67 20025 0
90 55 20029 0
47 102 20036 0
65 39 20087 1
101 37 20141 1
25 88 20145 0
23 84 20148 0
23 80 20150 0
37 102 20172 0
80 96 20178 0
23 82 20185 0
71 93 20192 0
48 103 20252 0
108 62 20286 1
104 45 20306 1
83 31 20382 1
39 103 20389 0
97 32 20439 1
45 67 20441 1
30 98 20496 0
43 71 20501 1
53 72 20501 0
42 104 20502 0
33 49 20510 0
45 64 20516 1
26 91 20527 0
79 69 20529 1
107 56 20542 1
27 91 20542 0
65 38 20570 1
53 66 20575 0
83 95 20578 0
40 103 20596 0
78 96 20625 0
35 99 20647 0
104 47 20659 1
26 92 20693 0
102 37 20698 1
87 61 20714 0
43 103 20742 0
53 59 20746 0
35 106 20754 0
43 104 20769 0
45 104 20823 0
23 79 20827 0
76 95 20843 0
40 104 20855 0
24 61 20859 0
100 35 20885 1
105 51 20900 1
53 58 20937 0
87 51 20942 0
54 60 20971 0
78 95 20971 0
30 100 20982 0
23 86 20989 0
49 59 20990 0
46 79 21027 1
96 32 21044 1
23 71 21056 0
102 39 21081 1
65 92 21092 0
34 99 21099 0
80 67 21136 1
32 50 21169 0
67 39 21184 1
66 39 21187 1
50 104 21199 0
33 97 21237 0
99 80 21238 1
43 74 21278 1
99 34 21364 1
28 96 21367 0
68 92 21414 0
78 67 21418 1
23 66 21419 0
23 64 21422 0
22 67 21424 0
87 92 21430 0
22 79 21434 0
28 93 21444 0
42 76 21452 1
34 100 21465 0
27 92 21553 0
79 95 21560 0
49 37 21583 1
22 71 21611 0
104 43 21651 1
50 78 21655 1
26 89 21688 0
43 77 21732 1
104 42 21744 1
103 41 21745 1
91 31 21820 1
85 94 21836 0
82 96 21885 0
106 71 21895 1
29 96 21928 0
45 105 21945 0
105 50 21948 1
33 101 21954 0
86 50 21963 0
55 38 21968 1
82 95 21981 0
46 104 21988 0
30 96 21995 0
23 75 22014 0
86 49 22020 0
27 90 22082 0
23 61 22089 0
106 52 22119 1
86 63 22139 0
45 66 22197 1
61 37 22248 1
105 49 22266 1
42 38 22278 1
78 65 22296 1
53 69 22432 0
32 98 22467 0
53 100 22489 0
51 38 22504 1
31 97 22644 0
25 89 22649 0
83 117 22652 1
44 77 22684 1
44 71 22686 1
54 71 22706 0
41 103 22732 0
57 38 22741 1
53 70 22749 0
79 60 22753 1
26 58 22767 0
103 40 22838 1
52 37 22878 1
23 69 22884 0
80 97 22897 0
55 37 22899 1
70 93 22980 0
88 91 23012 0
101 38 23028 1
44 72 23053 1
53 37 23068 1
52 101 23148 0
85 30 23166 1
101 36 23214 1
81 32 23229 1
107 58 23238 1
60 38 23282 1
102 40 23298 1
107 67 23311 1
44 74 23320 1
51 58 23329 0
88 31 23332 1
105 52 23334 1
99 35 23433 1
78 66 23507 1
105 40 23527 1
23 82 23534 0
104 46 23647 1
36 100 23667 0
53 65 23762 0
77 95 23767 0
79 57 23807 1
23 78 23844 0
30 99 23849 0
106 53 23859 1
46 38 23880 1
45 79 23968 1
55 60 23993 0
66 38 24057 1
63 39 24082 1
38 103 24099 0
81 69 24169 1
69 38 24391 1
27 93 24435 0
24 88 24467 0
59 38 24468 1
80 32 24485 1
84 95 24601 0
44 75 24711 1
34 99 24755 0
90 31 24886 1
107 63 24889 1
102 38 24889 1
50 38 24893 1
79 61 24937 1
46 37 24938 1
43 72 24979 1
43 76 24997 1
43 39 25012 1
73 34 25013 1
94 32 25017 1
44 78 25049 1
45 70 25101 1
30 96 25175 0
43 38 25233 1
23 65 25285 0
32 97 25307 0
24 64 25309 0
23 73 25344 0
29 97 25371 0
63 38 25409 1
50 37 25753 1
36 101 25792 0
107 59 25796 1
44 104 25946 0
92 31 25994 1
29 93 26036 0
34 100 26077 0
53 38 26163 1
94 31 26186 1
34 98 26210 0
28 94 26226 0
45 38 26338 1
47 37 26339 1
69 37 26343 1
51 103 26427 0
107 60 26455 1
23 84 26514 0
25 88 26532 0
52 38 26534 1
93 31 26550 1
106 54 26578 1
89 51 26579 0
38 101 26588 0
76 96 26623 0
62 38 26767 1
35 101 26769 0
38 102 26801 0
27 97 26826 0
87 30 26850 1
41 103 26862 0
98 33 26917 1
103 75 26924 1
107 57 26925 1
27 91 26949 0
78 63 27015 1
23 81 27041 0
54 64 27095 0
33 100 27238 0
84 31 27391 1
44 76 27420 1
64 93 27438 0
23 63 27448 0
53 73 27488 0
23 82 27512 0
54 72 27586 0
45 78 27587 1
25 87 27598 0
67 92 27657 0
32 99 27739 0
56 38 27746 1
68 94 27887 0
81 97 27893 0
42 105 27899 0
24 65 27916 0
31 97 28021 0
23 69 28117 0
43 105 28122 0
54 71 28223 0
43 102 28295 0
48 37 28403 1
107 65 28518 1
42 56 28566 1
53 69 28580 0
91 53 28607 0
22 74 28662 0
33 99 28663 0
54 61 28663 0
85 53 28669 0
23 71 28707 0
70 96 28748 0
70 81 28775 1
79 97 28808 0
56 101 28836 0
32 49 28851 0
23 80 28893 0
30 96 28923 0
69 62 29054 1
71 95 29081 0
86 93 29100 0
50 103 29267 0
36 102 29297 0
91 55 29338 0
79 56 29370 1
68 93 29562 0
89 31 29749 1
36 101 29760 0
73 95 29859 0
27 55 29873 0
89 50 29892 0
67 91 29920 0
95 32 29964 1
107 64 29968 1
107 66 29991 1
105 51 29998 1
104 41 30039 1
59 37 30050 1
101 37 30152 1
98 34 30195 1
104 44 30231 1
28 91 30270 0
90 56 30273 0
103 38 30307 1
107 68 30324 1
107 62 30361 1
107 55 30470 1
104 45 30481 1
79 59 30531 1
84 51 30551 0
87 50 30577 0
26 91 30636 0
107 61 30638 1
103 42 30678 1
77 98 30696 0
100 35 30726 1
23 81 30747 0
21 80 30799 0
79 62 30881 1
22 64 30887 0
97 33 30894 1
81 72 30910 0
81 95 30910 0
95 31 30944 1
82 31 31048 1
78 95 31065 0
103 41 31074 1
39 104 31135 0
47 104 31166 0
68 92 31220 0
22 82 31240 0
56 37 31298 1
104 43 31338 1
107 54 31340 1
61 38 31351 1
92 90 31464 0
79 66 31520 1
105 50 31536 1
55 100 31636 0
79 95 31657 0
81 31 31683 1
89 30 31703 1
68 38 31778 1
71 94 31796 0
76 95 31904 0
107 58 31916 1
107 69 31930 1
106 51 31931 1
102 39 31933 1
93 89 31933 0
87 31 31954 1
88 30 31965 1
49 102 31984 0
107 56 32094 1
108 64 32105 1
23 68 32105 0
105 73 32140 1
47 79 32177 1
38 103 32196 0
91 30 32196 1
67 38 32244 1
55 61 32268 0
48 36 32286 1
99 34 32288 1
108 61 32305 1
64 38 32333 1
75 33 32352 1
102 37 32390 1
47 38 32392 1
79 65 32399 1
101 36 32400 1
71 93 32441 0
22 85 32467 0
45 39 32500 1
54 58 32505 0
20 42 32519 0
72 95 32524 0
74 96 32554 0
26 89 32559 0
31 98 32559 0
104 42 32584 1
48 104 32607 0
51 37 32656 1
106 52 32689 1
89 50 32706 0
27 92 32820 0
49 37 32868 1
24 70 32885 0
105 72 32891 1
105 48 32909 1
69 93 32927 0
86 30 32972 1
54 72 32988 0
83 94 33009 0
54 38 33025 1
107 57 33025 1
28 93 33028 0
86 50 33033 0
94 88 33063 0
85 50 33079 0
35 99 33209 0
78 32 33212 1
70 93 33217 0
108 60 33225 1
79 63 33256 1
57 37 33280 1
53 73 33281 0
30 97 33284 0
99 33 33300 1
77 95 33308 0
103 40 33311 1
54 37 33349 1
99 35 33359 1
83 30 33364 1
27 90 33376 0
100 34 33432 1
23 82 33444 0
27 57 33460 0
53 101 33481 0
43 103 33499 0
105 49 33518 1
44 73 33526 1
45 68 33531 1
54 63 33570 0
23 87 33587 0
37 100 33591 0
36 101 33596 0
79 55 33599 1
25 89 33620 0
29 97 33645 0
40 103 33655 0
45 103 33657 0
27 58 33686 0
106 55 33699 1
46 79 33704 1
24 63 33723 0
48 38 33764 1
80 31 33783 1
24 62 33785 0
43 104 33803 0
25 59 33818 0
47 103 33818 0
53 67 33823 0
53 70 33827 0
73 95 33885 0
104 75 33886 1
54 62 33894 0
83 31 33914 1
85 93 33944 0
104 46 33976 1
41 104 33993 0
23 79 33999 0
65 38 34050 1
71 35 34082 1
107 70 34122 1
102 38 34137 1
96 32 34161 1
85 31 34167 1
25 61 34210 0
37 102 34211 0
57 38 34222 1
53 66 34260 0
42 104 34394 0
79 58 34402 1
23 81 34409 0
90 30 34421 1
23 66 34441 0
23 72 34474 0
41 103 34506 0
34 100 34529 0
38 101 34560 0
24 75 34561 0
86 49 34606 0
79 67 34627 1
33 97 34671 0
52 68 34684 0
44 66 34695 1
36 100 34722 0
34 99 34734 0
54 71 34736 0
27 91 34754 0
50 102 34772 0
53 57 34773 0
81 67 34787 1
93 27 34795 1
103 39 34803 1
94 31 34824 1
39 103 34825 0
30 96 34867 0
72 36 34871 1
106 53 34899 1
62 39 34912 1
23 75 34916 0
79 70 34923 1
25 88 34926 0
49 103 34953 0
107 55 34954 1
24 74 35041 0
52 101 35044 0
45 104 35045 0
32 98 35055 0
46 78 35063 1
53 72 35078 0
53 69 35083 0
47 39 35108 1
106 54 35116 1
97 32 35183 1
49 78 35208 1
45 67 35224 1
32 97 35277 0
58 38 35283 1
47 102 35297 0
43 75 35313 1
101 35 35338 1
23 78 35431 0
39 105 35475 0
53 58 35494 0
89 50 35553 0
23 83 35613 0
84 94 35634 0
44 38 35685 1
83 95 35711 0
93 30 35742 1
45 79 35753 1
45 69 35771 1
107 53 35921 1
45 65 35921 1
51 102 35960 0
23 68 35980 0
31 97 35983 0
78 95 35984 0
59 38 36006 1
60 38 36056 1
29 93 36057 0
53 75 36058 0
98 33 36059 1
34 98 36103 0
79 68 36104 1
21 84 36122 0
58 37 36165 1
91 56 36216 0
86 31 36250 1
72 96 36279 0
91 54 36284 0
43 73 36285 1
108 59 36369 1
67 87 36428 0
67 91 36428 0
49 79 36458 1
53 37 36460 1
52 37 36461 1
93 31 36472 1
48 78 36489 1
23 69 36541 0
36 99 36589 0
4 86 36604 0
79 61 36619 1
23 84 36620 0
29 98 36695 0
90 52 36713 0
38 102 36720 0
44 69 36720 1
79 32 36746 1
101 37 36758 1
52 103 36761 0
91 31 36772 1
3 68 36776 0
81 96 36783 0
26 89 36786 0
44 70 36814 1
23 64 36826 0
76 34 36832 1
44 77 36852 1
27 56 36880 0
78 66 36900 1
108 58 36920 1
90 51 36922 0
23 65 36965 0
90 90 37046 0
28 91 37060 0
79 57 37071 1
13 104 37100 0
35 102 37214 0
65 37 37243 1
23 70 37273 0
22 68 37291 0
36 101 37374 0
107 66 37455 1
63 38 37479 1
59 98 37500 0
70 92 37519 0
79 59 37531 1
61 38 37565 1
87 30 37575 1
51 38 37649 1
105 51 37657 1
109 45 37668 1
70 94 37669 0
79 60 37673 1
66 38 37715 1
81 68 37760 1
61 37 37901 1
24 64 37918 0
108 63 37973 1
23 72 38007 0
43 77 38009 1
82 95 38052 0
73 95 38117 0
55 58 38139 0
23 81 38150 0
21 69 38196 0
79 69 38225 1
79 95 38280 0
74 34 38342 1
23 82 38432 0
54 72 38463 0
21 71 38528 0
89 91 38541 0
44 78 38542 1
27 90 38551 0
79 31 38551 1
36 21 38765 0
55 37 38801 1
105 52 38947 1
58 99 39002 0
104 41 39036 1
45 80 39043 1
99 82 39094 1
35 100 39121 0
45 66 39153 1
82 30 39167 1
50 37 39181 1
95 31 39232 1
43 79 39250 1
62 38 39353 1
56 38 39354 1
53 63 39383 0
28 94 39441 0
69 91 39538 0
23 83 39542 0
81 30 39575 1
23 80 39601 0
97 33 39635 1
88 50 39684 0
23 71 39723 0
23 73 39730 0
100 35 39752 1
24 65 39790 0
76 97 39808 0
76 95 39987 0
71 36 39989 1
70 36 39991 1
73 14 40223 1
96 31 40227 1
92 31 40349 1
38 104 40350 0
24 89 40371 0
48 37 40376 1
53 62 40381 0
49 37 40433 1
27 92 40629 0
109 45 40646 0
80 68 40677 1
104 44 40799 1
53 74 40844 0
48 103 40852 0
33 98 40982 0
23 86 41029 0
43 74 41029 1
23 77 41059 0
107 67 41103 1
90 51 41106 0
23 70 41163 0
47 78 41176 1
38 103 41178 0
81 32 41197 1
23 72 41263 0
23 68 41337 0
47 62 41370 1
89 50 41380 0
66 92 41396 0
103 41 41458 1
35 99 41518 0
46 38 41582 1
73 35 41588 1
105 50 41705 1
99 34 41744 1
43 70 41841 1
27 89 41881 0
59 37 41903 1
82 31 42138 1
91 89 42147 0
109 58 42178 1
105 71 42191 1
108 62 42195 1
54 101 42216 0
35 100 42224 0
70 92 42233 0
88 31 42383 1
41 102 42509 0
106 52 42514 1
47 37 42532 1
57 35 42578 1
23 76 42582 0
104 43 42605 1
46 62 42754 1
60 37 42781 1
105 46 42839 1
53 73 42893 0
70 94 42906 0
84 32 42943 1
107 63 43067 1
88 50 43080 0
23 67 43101 0
50 38 43209 1
51 77 43284 1
105 39 43350 1
52 38 43474 1
77 32 43544 1
85 30 43579 1
68 92 43616 0
76 33 43667 1
54 64 43686 0
51 78 43739 1
107 65 43749 1
90 90 44152 0
109 45 44168 1
55 58 44244 0
73 95 44296 0
109 45 44405 0
33 98 44570 0
92 30 44605 1
23 83 44669 0
24 70 44672 0
67 92 44707 0
64 38 44742 1
104 42 44759 1
53 38 44781 1
52 102 44834 0
93 88 44887 0
46 104 44909 0
53 101 44978 0
56 37 45020 1
24 61 45042 0
44 102 45086 0
36 101 45125 0
85 64 45126 0
89 30 45215 1
74 95 45218 0
91 55 45228 0
23 77 45389 0
35 100 45504 0
57 99 45553 0
94 32 45718 1
107 59 45736 1
27 91 45760 0
79 64 45814 1
51 58 45923 0
71 93 46089 0
90 51 46093 0
101 36 46134 1
23 72 46211 0
66 92 46287 0
55 60 46334 0
88 92 46342 0
23 70 46434 0
51 37 46508 1
88 50 46584 0
81 95 46608 0
108 66 46615 1
37 100 46636 0
101 38 46671 1
45 78 46674 1
29 96 46797 0
38 101 46915 0
64 92 47077 0
27 101 47190 0
26 57 47200 0
71 94 47241 0
105 47 47272 1
62 37 47342 1
23 76 47398 0
28 90 47412 0
31 96 47414 0
27 94 47474 0
54 59 47505 0
54 71 47570 0
88 59 47590 0
30 93 47927 0
30 96 47927 0
34 99 48115 0
77 95 48215 0
43 103 48353 0
58 98 48357 0
105 49 48421 1
33 97 48424 0
41 103 48491 0
24 75 48534 0
23 67 48545 0
53 71 48547 0
28 92 48551 0
107 56 48574 1
54 68 48642 0
29 97 48693 0
26 92 48786 0
29 99 48921 0
24 88 48933 0
70 94 48942 0
32 97 48965 0
23 79 49011 0
74 95 49039 0
56 100 49045 0
41 102 49050 0
44 104 49124 0
23 81 49127 0
52 59 49248 0
33 98 49323 0
84 65 49430 0
108 61 49441 1
53 65 49453 0
100 80 49494 1
50 59 49573 0
79 56 49590 1
53 64 49755 0
35 100 49914 0
23 77 49931 0
30 98 49965 0
70 92 50097 0
25 89 50146 0
21 72 50156 0
36 100 50175 0
22 86 50357 0
53 74 50426 0
102 37 50555 1
30 93 50636 0
28 45 50655 0
26 59 50727 0
54 66 50837 0
34 98 50877 0
63 37 51054 1
28 91 51065 0
98 83 51081 1
78 96 51109 0
89 90 51132 0
28 92 51305 0
26 95 51344 0
31 96 51348 0
26 56 51366 0
65 93 51393 0
87 50 51420 0
29 93 51453 0
68 37 51600 1
36 99 51603 0
53 70 51648 0
91 52 51868 0
24 74 51981 0
23 76 52096 0
88 50 52166 0
23 83 52260 0
28 55 52324 0
46 79 52554 1
26 89 52573 0
66 92 52584 0
44 71 52916 1
74 95 53043 0
69 94 53062 0
23 62 53136 0
66 37 53238 1
24 82 53240 0
33 99 53458 0
98 33 53466 1
57 100 53470 0
70 93 53601 0
102 38 53674 1
53 71 53926 0
78 31 53949 1
77 96 53976 0
23 72 54013 0
94 31 54073 1
84 30 54166 1
54 59 54180 0
57 37 54728 1
54 101 54797 0
105 48 54800 1
90 51 54825 0
23 68 54883 0
98 32 54938 1
67 37 55037 1
103 40 55072 1
59 99 55084 0
20 42 55174 0
91 30 55178 1
88 30 55342 1
26 90 55491 0
106 51 55502 1
23 70 55690 0
24 87 55729 0
103 39 55738 1
107 58 55872 1
108 64 55872 1
91 53 55896 0
25 88 55926 0
28 92 55972 0
107 54 55990 1
100 35 56018 1
107 57 56041 1
46 64 56092 1
106 50 56109 1
96 32 56120 1
57 38 56204 1
106 70 56211 1
104 41 56282 1
52 73 56297 0
106 52 56297 1
88 91 56423 0
108 56 56503 1
37 101 56577 0
108 60 56606 1
107 55 56621 1
90 30 56644 1
68 38 56683 1
101 36 56689 1
45 37 56699 1
67 115 56704 0
55 101 56736 0
25 90 56765 0
68 91 56775 0
91 52 56799 0
23 67 56821 0
79 66 56896 1
100 34 56908 1
79 62 56936 1
97 32 56937 1
74 33 57067 1
86 49 57070 0
69 91 57095 0
83 30 57128 1
67 38 57176 1
101 37 57198 1
107 68 57257 1
104 39 57258 1
89 50 57280 0
107 61 57331 1
108 59 57399 1
78 95 57416 0
31 95 57448 0
90 90 57455 0
22 75 57481 0
54 70 57489 0
83 94 57500 0
105 50 57510 1
105 49 57560 1
67 91 57572 0
106 51 57592 1
44 37 57619 1
105 31 57667 1
105 45 57667 1
95 31 57673 1
103 38 57698 1
102 37 57760 1
65 38 57760 1
91 90 57811 0
79 67 57840 1
99 34 57841 1
60 97 57850 0
79 58 57850 1
102 36 57853 1
104 42 57904 1
105 48 57975 1
45 38 57985 1
99 33 58004 1
107 53 58041 1
105 44 58049 1
105 47 58084 1
83 51 58094 0
107 62 58145 1
108 62 58170 1
80 67 58179 1
76 32 58181 1
83 31 58188 1
73 93 58193 0
52 37 58199 1
86 30 58263 1
47 79 58279 1
44 72 58311 1
108 63 58349 1
100 35 58370 1
103 40 58418 1
70 94 58432 0
79 65 58446 1
105 43 58449 1
18 83 58457 0
107 64 58461 1
105 46 58466 1
54 58 58489 0
85 50 58492 0
47 38 58548 1
49 12 58550 0
25 95 58586 0
75 95 58594 0
21 78 58607 0
108 58 58611 1
108 61 58627 1
105 42 58690 1
19 71 58720 0
36 29 58741 0
55 61 58741 0
65 92 58771 0
53 69 58779 0
53 66 58789 0
81 31 58797 1
79 95 58805 0
108 65 58854 1
31 96 58859 0
71 93 58862 0
95 87 58863 0
97 31 58874 1
45 68 58882 1
79 57 58888 1
43 102 58894 0
91 30 58901 1
97 33 58905 1
53 102 58906 0
59 97 58908 0
54 37 58909 1
46 105 58914 0
61 38 58939 1
55 58 58947 0
87 92 58952 0
98 31 58985 1
53 37 58989 1
43 72 59009 1
32 48 59019 0
44 84 59040 1
34 73 59049 1
107 69 59071 1
45 103 59079 0
49 102 59095 0
72 94 59135 0
74 95 59157 0
82 51 59158 0
43 124 59171 0
94 30 59198 1
53 67 59202 0
46 37 59205 1
39 101 59222 0
35 99 59235 0
40 103 59244 0
27 90 59247 0
53 57 59276 0
96 31 59285 1
107 55 59329 1
45 79 59336 1
23 76 59338 0
54 66 59353 0
79 59 59357 1
101 35 59367 1
80 61 59394 1
108 64 59404 1
93 30 59421 1
95 86 59425 0
23 77 59426 0
58 37 59436 1
101 36 59455 1
55 71 59463 0
44 75 59474 1
107 56 59482 1
44 76 59582 1
31 97 59610 0
37 100 59660 0
70 92 59670 0
61 39 59675 1
61 37 59675 1
87 30 59702 1
80 59 59702 1
79 63 59713 1
76 95 59731 0
35 100 59748 0
26 90 59756 0
54 72 59757 0
44 74 59771 1
25 87 59775 0
68 91 59794 0
45 102 59800 0
108 60 59815 1
108 67 59821 1
79 55 59822 1
104 41 59844 1
80 31 59844 1
38 101 59872 0
53 100 59872 0
47 103 59878 0
91 51 59916 0
72 34 59940 1
74 31 59971 1
74 93 59971 0
80 57 59976 1
79 60 59976 1
55 37 60010 1
79 61 60012 1
67 91 60111 0
53 36 60134 1
90 49 60144 0
84 94 60147 0
65 37 60161 1
24 62 60169 0
47 102 60189 0
24 63 60196 0
50 102 60198 0
79 56 60199 1
102 38 60202 1
45 64 60227 1
84 93 60247 0
86 49 60284 0
27 89 60289 0
49 37 60294 1
45 67 60326 1
100 38 60326 1
100 34 60326 1
106 52 60336 1
33 97 60344 0
53 71 60345 0
108 66 60381 1
73 94 60395 0
79 68 60438 1
81 95 60463 0
108 59 60466 1
54 71 60489 0
26 58 60519 0
37 101 60519 0
25 60 60556 0
59 37 60558 1
79 66 60592 1
24 64 60639 0
44 78 60639 1
52 58 60644 0
43 37 60674 1
106 50 60714 1
109 60 60729 1
57 98 60766 0
78 95 60776 0
92 30 60804 1
24 65 60880 0
79 67 60888 1
28 92 60897 0
49 103 60915 0
56 38 60925 1
54 70 60945 0
69 91 60950 0
27 91 60952 0
77 95 60954 0
32 98 60958 0
78 32 60985 1
98 33 60990 1
125 37 60995 1
75 33 60995 1
23 78 61020 0
95 30 61020 1
107 57 61021 1
46 78 61055 1
24 60 61060 0
28 91 61062 0
107 66 61074 1
82 95 61088 0
66 38 61089 1
40 104 61089 0
24 70 61097 0
33 98 61107 0
23 82 61112 0
80 96 61119 0
90 30 61123 1
102 37 61123 1
22 84 61130 0
23 66 61134 0
68 92 61135 0
23 71 61138 0
44 77 61144 1
49 36 61145 1
50 37 61196 1
88 30 61225 1
73 33 61291 1
83 30 61293 1
98 32 61316 1
24 87 61325 0
43 38 61350 1
83 95 61360 0
23 75 61369 0
27 90 61379 0
105 41 61387 1
31 99 61389 0
36 100 61405 0
48 37 61428 1
63 38 61475 1
95 31 61486 1
60 38 61487 1
105 45 61494 1
96 30 61496 1
64 38 61550 1
45 77 61553 1
106 51 61559 1
36 99 61563 0
89 30 61568 1
25 58 61580 0
25 63 61605 0
80 58 61607 1
79 69 61612 1
64 37 61612 1
106 49 61617 1
105 49 61633 1
105 48 61637 1
85 31 61667 1
46 65 61724 1
66 37 61740 1
53 37 61747 1
48 38 61782 1
32 97 61789 0
80 62 61792 1
41 102 61827 0
89 90 61831 0
97 32 61847 1
46 67 61848 1
50 58 61876 0
34 98 61881 0
81 30 61882 1
34 99 61888 0
108 56 61902 1
28 90 61927 0
53 58 61945 0
60 37 61953 1
33 48 61969 0
55 100 61971 0
88 50 61973 0
52 37 61975 1
93 108 61986 0
106 71 61994 1
24 75 62002 0
41 103 62003 0
83 94 62008 0
54 68 62011 0
25 87 62011 0
45 76 62032 1
26 89 62033 0
24 74 62053 0
108 57 62054 1
91 89 62060 0
29 93 62070 0
107 53 62087 1
38 101 62101 0
24 72 62115 0
39 101 62130 0
54 73 62138 0
43 104 62143 0
79 32 62152 1
87 93 62179 0
87 49 62223 0
79 65 62228 1
75 95 62329 0
73 93 62341 0
44 102 62344 0
29 53 62360 0
24 82 62379 0
23 84 62393 0
43 103 62395 0
69 37 62462 1
105 47 62467 1
30 97 62544 0
37 100 62551 0
91 52 62564 0
54 59 62573 0
75 96 62594 0
68 91 62604 0
38 102 62618 0
82 31 62660 1
56 37 62666 1
108 61 62670 1
54 61 62691 0
50 78 62699 1
44 73 62703 1
35 99 62704 0
30 93 62708 0
42 39 62739 1
46 37 62760 1
85 30 62769 1
37 99 62772 0
52 101 62792 0
79 62 62798 1
102 36 62845 1
46 79 62886 1
82 30 62918 1
47 37 62921 1
52 33 62933 1
108 62 62947 1
23 80 62977 0
72 94 62981 0
103 38 63000 1
105 46 63011 1
107 54 63017 1
108 55 63035 1
79 58 63054 1
90 89 63067 0
61 38 63067 1
80 30 63083 1
44 75 63091 1
91 51 63119 0
31 96 63239 0
62 38 63306 1
49 78 63329 1
25 61 63335 0
50 36 63336 1
51 30 63336 1
51 37 63336 1
80 60 63368 1
53 64 63371 0
61 37 63399 1
47 79 63399 1
73 94 63478 0
67 37 63478 1
54 36 63488 1
104 39 63503 1
44 70 63530 1
31 95 63586 0
73 95 63620 0
30 96 63622 0
8 14 63666 1
73 34 63669 1
99 32 63698 1
91 29 63738 1
26 90 63774 0
91 49 63774 0
72 92 63802 0
60 36 63880 1
25 88 63938 0
83 31 63969 1
27 89 63978 0
45 79 63996 1
101 34 63999 1
55 36 64018 1
79 57 64045 1
38 103 64050 0
94 30 64071 1
45 69 64082 1
104 42 64103 1
29 91 64110 0
79 59 64111 1
55 60 64123 0
77 31 64171 1
54 64 64218 0
54 37 64250 1
63 37 64263 1
23 69 64276 0
47 63 64296 1
106 43 64322 1
59 37 64334 1
58 37 64350 1
105 42 64358 1
25 90 64391 0
36 30 64451 1
109 80 64459 1
102 21 64460 1
54 63 64512 0
100 35 64538 1
108 63 64558 1
45 70 64564 1
49 37 64664 1
61 31 64720 1
28 91 64748 0
54 62 64789 0
28 92 64807 0
53 69 64815 0
56 118 64836 1
56 36 64840 1
43 102 64891 0
41 41 64907 1
47 78 65001 1
24 72 65002 0
79 31 65026 1
107 52 65032 1
99 33 65058 1
81 31 65067 1
65 38 65080 1
68 38 65085 1
68 37 65094 1
55 58 65106 0
98 31 65129 1
86 30 65201 1
108 60 65218 1
87 49 65259 0
26 91 65316 0
37 101 65344 0
79 95 65391 0
84 50 65407 0
54 66 65413 0
101 36 65502 1
70 92 65528 0
27 57 65532 0
99 34 65537 1
48 103 65539 0
45 66 65602 1
82 67 65663 1
44 38 65679 1
52 69 65680 0
103 39 65685 1
81 67 65685 1
89 31 65703 1
54 70 65760 0
69 38 65761 1
39 103 65831 0
39 101 65894 0
45 72 65922 1
62 37 65958 1
104 41 65988 1
108 58 66015 1
103 40 66038 1
23 79 66046 0
27 90 66047 0
23 64 66048 0
23 83 66051 0
45 103 66107 0
103 76 66113 1
81 69 66125 1
100 81 66127 1
72 35 66131 1
65 37 66141 1
42 104 66175 0
43 39 66184 1
79 61 66207 1
98 82 66216 1
88 29 66242 1
48 78 66327 1
31 97 66366 0
75 95 66373 0
79 66 66390 1
108 64 66408 1
43 73 66424 1
24 70 66427 0
46 78 66458 1
93 30 66461 1
36 99 66477 0
44 35 66508 1
23 81 66518 0
87 30 66542 1
41 101 66587 0
32 99 66616 0
46 66 66621 1
24 87 66779 0
46 64 66781 1
100 34 66781 1
70 35 66797 1
29 92 66845 0
55 37 66868 1
80 66 66893 1
73 94 66945 0
107 70 66990 1
33 97 67073 0
48 104 67084 0
22 92 67104 0
101 35 67112 1
28 93 67146 0
23 76 67182 0
54 60 67225 0
53 70 67226 0
71 94 67240 0
6 83 67267 0
24 63 67287 0
107 68 67317 1
23 67 67382 0
91 51 67489 0
67 38 67514 1
54 73 67548 0
81 68 67550 1
52 58 67557 0
68 91 67688 0
24 64 67704 0
24 62 67714 0
44 77 67733 1
72 94 67744 0
39 100 67827 0
44 71 67836 1
50 103 67853 0
28 90 68007 0
57 37 68048 1
90 50 68063 0
45 78 68134 1
74 95 68139 0
44 78 68142 1
79 63 68207 1
70 93 68222 0
105 43 68380 1
24 75 68541 0
105 50 68555 1
107 55 68610 1
90 49 68633 0
104 38 68651 1
105 44 68717 1
27 58 68728 0
46 77 68743 1
94 31 68857 1
24 67 68959 0
24 72 69037 0
48 36 69062 1
52 100 69120 0
54 71 69123 0
89 50 69146 0
33 98 69161 0
23 77 69164 0
29 93 69167 0
54 58 69179 0
103 37 69195 1
25 84 69337 0
96 31 69368 1
66 92 69378 0
80 63 69383 1
100 33 69423 1
79 56 69457 1
52 67 69485 0
103 42 69523 1
45 38 69735 1
26 90 69746 0
93 31 69795 1
102 37 69825 1
79 54 69859 1
24 65 69871 0
87 49 69928 0
29 92 69983 0
105 48 70021 1
25 65 70033 0
69 91 70210 0
90 30 70253 1
86 49 70393 0
23 70 70403 0
27 93 70423 0
72 93 70428 0
85 63 70449 0
78 95 70550 0
79 30 70554 1
79 60 70663 1
55 71 70673 0
45 37 70768 1
75 93 70775 0
53 66 70782 0
35 100 70798 0
44 74 70803 1
23 72 70931 0
23 65 71014 0
105 47 71185 1
45 67 71293 1
74 93 71333 0
3 87 71351 1
49 101 71433 0
106 50 71458 1
47 62 71458 1
47 38 71459 1
101 78 71478 1
60 37 71492 1
108 54 71493 1
99 35 71543 1
92 30 71576 1
45 68 71591 1
50 37 71728 1
108 65 71780 1
49 104 71796 0
88 30 71818 1
44 69 71823 1
106 49 71906 1
61 96 71936 0
106 52 71948 1
90 50 72019 0
108 61 72094 1
62 36 72135 1
54 67 72192 0
79 64 72292 1
30 93 72293 0
97 32 72319 1
105 72 72339 1
107 56 72351 1
75 95 72407 0
23 73 72446 0
84 50 72457 0
77 68 72473 1
80 68 72482 1
26 12 72485 0
31 98 72525 0
36 100 72537 0
86 51 72540 0
24 82 72541 0
52 37 72588 1
45 102 72617 0
25 86 72623 0
53 67 72714 0
34 100 72770 0
73 94 72777 0
90 90 72778 0
53 74 72915 0
54 72 72979 0
53 57 73096 0
34 98 73100 0
104 44 73131 1
24 67 73137 0
32 97 73225 0
98 32 73299 1
95 31 73299 1
80 95 73372 0
23 63 73395 0
84 30 73464 1
41 102 73474 0
56 98 73529 0
38 101 73603 0
52 58 73642 0
80 67 73725 1
68 90 73831 0
31 96 73873 0
72 93 73905 0
57 99 73919 0
29 92 73944 0
37 99 73960 0
24 84 74007 0
103 38 74037 1
31 94 74092 0
97 31 74100 1
73 93 74292 0
106 51 74417 1
24 81 74453 0
54 101 74463 0
108 59 74490 1
55 73 74505 0
27 89 74565 0
54 68 74704 0
25 87 74707 0
24 74 74729 0
52 36 74765 1
104 40 74784 1
25 90 74793 0
105 49 74796 1
47 102 74836 0
31 95 74868 0
27 56 74878 0
105 45 74918 1
104 40 74919 1
108 62 74951 1
24 87 74963 0
29 91 74974 0
56 37 74975 1
108 66 74988 1
104 40 75046 1
89 29 75090 1
105 104 75158 1
104 40 75159 1
66 37 75168 1
78 30 75191 1
71 34 75242 1
44 72 75242 1
23 85 75252 0
104 40 75291 1
51 102 75306 0
104 40 75450 1
43 72 75457 1
33 49 75499 0
53 101 75511 0
48 37 75539 1
102 38 75551 1
104 40 75602 1
79 67 75626 1
101 89 75627 1
104 46 75664 1
102 36 75718 1
104 40 75744 1
53 36 75790 1
25 86 75799 0
52 56 75879 0
104 40 75891 1
77 32 75944 1
90 50 75976 0
88 51 75977 0
50 102 76007 0
104 40 76045 1
49 102 76054 0
45 75 76057 1
104 40 76183 1
47 37 76190 1
37 101 76226 0
54 73 76241 0
39 101 76257 0
104 40 76342 1
51 36 76406 1
72 94 76473 0
104 40 76524 1
29 95 76575 0
105 46 76594 1
67 91 76599 0
24 61 76635 0
104 40 76645 1
86 27 76665 1
53 37 76688 1
39 102 76720 0
47 61 76804 1
72 92 76826 0
104 40 76843 1
71 93 76864 0
45 73 76944 1
64 37 76994 1
45 76 77034 1
104 40 77066 1
28 54 77067 0
77 95 77099 0
24 67 77140 0
54 67 77188 0
24 72 77193 0
27 91 77206 0
28 91 77211 0
104 40 77249 1
85 94 77301 0
104 40 77428 1
107 58 77531 1
26 88 77592 0
58 37 77614 1
104 40 77630 1
89 30 77649 1
25 103 77791 0
26 89 77850 0
24 81 77914 0
106 61 77929 1
104 40 77960 1
80 95 78000 0
105 53 78026 1
24 85 78069 0
91 51 78120 0
24 84 78146 0
79 65 78181 1
72 93 78205 0
104 39 78213 1
86 92 78222 0
107 54 78262 1
56 59 78264 0
104 40 78314 1
51 58 78499 0
107 69 78617 1
76 32 78686 1
104 40 78690 1
53 38 78804 1
91 52 78862 0
44 37 79209 1
70 95 79244 0
46 65 79261 1
51 37 79266 1
63 37 79266 1
28 94 79269 0
46 79 79272 1
104 40 79294 1
99 33 79323 1
28 92 79344 0
30 100 79360 0
64 38 79553 1
23 82 79555 0
35 99 79564 0
76 95 79570 0
36 99 79576 0
25 94 79584 0
53 65 79590 0
24 80 79598 0
26 97 79616 0
33 99 79650 0
13 76 79671 0
32 96 79679 0
67 90 79775 1
49 60 79783 0
55 73 79956 0
23 78 79985 0
68 36 80037 1
71 91 80139 0
104 40 80341 1
53 72 80535 0
81 98 80608 0
33 104 80609 0
53 71 80678 0
25 63 80710 0
37 102 80832 0
24 70 81212 0
91 50 81288 0
25 86 81354 0
54 57 81355 0
108 57 81382 1
81 114 81383 0
85 30 81470 1
58 99 81568 0
29 92 81591 0
45 71 81722 1
26 88 81729 0
90 50 81729 0
75 95 81890 0
69 92 82065 0
108 56 82118 1
40 102 82120 0
53 56 82134 0
29 54 82188 0
104 40 82430 1
103 39 82687 1
39 102 82716 0
82 94 82961 0
22 69 83058 0
87 49 83135 0
90 49 83210 0
29 95 83257 0
90 29 83309 1
108 60 83358 1
37 104 83364 0
24 80 83403 0
27 96 83408 0
24 85 83426 0
80 95 83476 0
80 56 83519 1
68 91 83545 0
107 53 83597 1
85 93 83665 0
95 30 83718 1
36 101 83729 0
94 30 83745 1
32 96 83753 0
52 58 83755 0
54 37 83919 1
91 30 83985 1
109 61 84028 1
70 92 84061 0
24 81 84066 0
102 35 84085 1
74 34 84089 1
93 88 84089 0
28 89 84092 0
108 68 84129 1
91 55 84164 0
69 91 84168 0
108 58 84168 1
108 67 84183 1
104 40 84288 1
67 93 84291 0
83 94 84324 0
35 105 84372 0
49 36 84401 1
80 55 84506 1
52 71 84514 0
100 34 84533 1
79 62 84547 1
23 85 84584 0
101 35 84654 1
7 76 84700 0
105 44 84735 1
55 61 84856 0
79 55 84901 1
73 94 84963 0
56 59 85041 0
91 50 85094 0
84 50 85178 0
82 31 85250 1
80 31 85257 1
44 102 85272 0
105 47 85290 1
74 93 85335 0
79 57 85343 1
98 64 85377 1
98 31 85377 1
26 88 85403 0
54 70 85422 0
84 94 85432 0
55 71 85488 0
108 63 85498 1
79 96 85539 0
104 41 85558 1
106 51 85563 1
88 91 85609 0
88 60 85628 0
91 49 85648 0
80 59 85651 1
101 34 85653 1
108 59 85656 1
80 61 85699 1
51 126 85702 1
105 43 85712 1
93 30 85712 1
83 30 85712 1
102 37 85729 1
24 67 85765 0
67 37 85792 1
59 37 85795 1
105 45 85825 1
78 31 85825 1
41 101 85879 0
80 58 85923 1
72 93 85933 0
105 42 85946 1
102 89 85966 1
37 100 85982 0
106 50 86015 1
61 37 86034 1
82 30 86047 1
69 36 86088 1
59 36 86089 1
57 36 86090 1
24 84 86093 0
92 53 86207 0
49 37 86222 1
61 38 86288 1
58 98 86332 0
40 102 86332 0
106 48 86384 1
65 37 86389 1
91 28 86408 1
111 30 86412 1
75 32 86433 1
28 90 86433 0
105 41 86493 1
79 37 86543 1
79 58 86543 1
74 33 86557 1
106 47 86590 1
99 32 86600 1
54 66 86613 0
86 49 86628 0
83 31 86629 1
89 90 86659 0
47 104 86677 0
80 57 86714 1
78 32 86725 1
108 55 86757 1
46 68 86767 1
61 36 86828 1
105 46 86870 1
82 94 86878 0
106 49 86880 1
43 103 86916 0
103 38 86928 1
101 77 86952 1
80 64 86986 1
24 66 86987 0
105 48 87022 1
55 69 87058 0
47 103 87083 0
30 93 87084 0
80 54 87102 1
47 79 87141 1
80 65 87188 1
24 80 87207 0
39 100 87256 0
79 66 87268 1
98 32 87291 1
33 97 87303 0
69 92 87346 0
79 67 87380 1
101 36 87393 1
102 36 87462 1
50 36 87495 1
81 30 87501 1
57 37 87518 1
43 102 87573 0
91 89 87627 0
68 37 87704 1
24 64 87707 0
27 90 87724 0
45 77 87791 1
53 100 87817 0
55 59 87846 0
44 73 87858 1
75 33 87863 1
88 51 87882 0
24 75 87952 0
68 90 87965 0
55 37 87984 1
25 84 87997 0
41 103 88069 0
28 89 88081 0
47 36 88110 1
46 78 88154 1
87 30 88170 1
72 92 88197 0
100 33 88220 1
55 36 88231 1
107 51 88284 1
104 40 88302 1
37 99 88323 0
105 40 88362 1
105 73 88377 1
79 61 88397 1
84 93 88443 0
48 102 88501 1
54 36 88540 1
27 89 88544 0
81 95 88552 0
44 75 88559 1
16 78 88560 0
79 59 88575 1
104 38 88592 1
34 99 88603 0
29 93 88621 0
50 77 88622 1
96 30 88647 1
54 67 88791 0
76 93 88811 0
107 52 88890 1
55 58 88943 0
38 101 88967 0
66 37 88991 1
53 64 89027 0
44 70 89115 1
80 29 89116 1
55 72 89118 0
32 96 89129 0
86 30 89131 1
24 83 89173 0
100 80 89195 1
36 99 89208 0
29 91 89224 0
46 69 89269 1
73 93 89384 0
39 102 89388 0
70 91 89406 0
26 88 89421 0
80 30 89503 1
26 90 89507 0
41 104 89514 0
27 19 89520 0
74 32 89545 1
54 57 89604 0
75 93 89604 0
54 64 89628 0
91 50 89667 0
108 53 89691 1
46 67 89697 1
84 95 89731 0
103 37 89789 1
79 56 89907 1
108 66 89972 1
94 30 89992 1
17 92 90042 0
87 29 90109 1
25 86 90188 0
24 80 90222 0
93 29 90230 1
107 53 90252 1
80 60 90253 1
22 71 90313 0
24 65 90317 0
83 29 90472 1
92 53 90501 0
24 82 90530 0
25 88 90532 0
51 77 90710 1
53 56 90728 0
108 56 90765 1
90 30 90777 1
45 36 90826 1
51 76 90838 1
92 29 90839 1
56 36 90846 1
31 94 90960 0
40 41 90999 1
46 66 91021 1
25 67 91070 0
97 32 91104 1
39 101 91157 0
25 78 91186 0
79 65 91245 1
24 74 91247 0
24 85 91248 0
44 77 91279 1
33 102 91300 0
47 78 91307 1
47 77 91342 1
40 102 91370 0
24 66 91401 0
81 31 91441 1
35 98 91475 0
24 81 91509 0
26 60 91580 0
52 37 91587 1
66 34 91620 1
52 100 91632 0
25 61 91639 0
28 95 91684 0
29 55 91744 0
54 68 91747 0
104 39 91779 1
90 89 91935 0
104 74 91938 1
43 36 91943 1
49 101 91962 0
79 63 92023 1
25 65 92047 0
58 36 92070 1
91 30 92135 1
46 36 92186 1
48 36 92204 1
38 100 92206 0
28 89 92239 0
108 62 92300 1
41 102 92310 0
90 49 92316 0
34 98 92360 0
69 92 92389 0
82 94 92440 0
70 91 92444 0
29 92 92518 0
91 29 92532 1
31 96 92573 0
29 95 92583 0
108 60 92597 1
79 31 92600 1
55 62 92612 0
25 71 92648 0
107 71 92684 1
49 77 92735 1
43 124 92760 1
80 95 92793 0
44 36 92808 1
25 87 92950 0
108 54 93055 1
97 31 93058 1
49 78 93103 1
31 93 93121 0
48 78 93239 1
24 83 93326 0
109 45 93334 1
109 59 93392 1
45 74 93395 1
45 103 93424 0
109 45 93429 0
24 72 93548 0
53 36 93576 1
34 101 93601 0
28 90 93625 0
83 95 93630 0
83 96 93648 0
86 94 93654 0
25 59 93669 0
17 100 93706 0
28 53 93780 0
88 49 93850 0
55 72 93863 0
88 30 93980 1
98 31 94031 1
23 68 94107 0
101 27 94423 1
49 36 94544 1
87 49 94618 0
31 95 94631 0
24 80 94679 0
69 37 94682 1
35 98 94747 0
25 60 94817 0
28 55 94881 0
26 86 94926 0
75 94 95087 0
71 35 95115 1
24 84 95143 0
55 56 95190 0
42 38 95261 1
46 77 95356 1
36 98 95377 0
24 63 95445 0
25 64 95453 0
76 94 95462 0
109 68 95578 1
52 36 95740 1
24 66 95763 0
95 30 95769 1
38 100 95774 0
60 37 95794 1
81 94 95820 0
107 55 95824 1
33 98 95862 0
45 76 95913 1
46 64 96005 1
105 44 96105 1
95 31 96161 1
52 57 96171 0
86 29 96182 1
80 66 96211 1
105 42 96319 1
30 93 96324 0
106 50 96358 1
106 49 96386 1
100 34 96421 1
107 44 96493 1
71 91 96501 0
89 58 96533 0
108 61 96554 1
99 82 96557 1
92 53 96625 0
105 43 96650 1
106 51 96740 1
93 30 96751 1
105 45 96809 1
101 35 96819 1
79 32 96879 1
86 51 96921 0
103 38 96972 1
24 69 96976 0
45 70 97003 1
24 67 97051 0
37 103 97074 0
70 91 97121 0
60 36 97144 1
25 93 97145 0
26 88 97171 0
88 29 97214 1
77 94 97227 0
45 69 97229 1
79 95 97239 0
79 96 97294 0
53 57 97313 0
83 94 97349 0
30 96 97352 0
102 34 97389 1
51 103 97392 0
91 49 97399 0
45 37 97420 1
55 59 97495 0
100 32 97527 1
77 93 97540 0
24 70 97548 0
88 48 97620 0
105 46 97632 1
108 64 97637 1
46 76 97640 1
80 63 97643 1
73 92 97648 0
102 36 97678 1
108 59 97745 1
104 37 97768 1
88 49 97787 0
71 36 97796 1
25 85 97808 0
69 91 97832 0
91 54 97873 0
74 93 97883 0
51 36 97924 1
103 36 98021 1
63 36 98076 1
81 66 98085 1
107 53 98108 1
99 33 98115 1
106 42 98122 1
104 40 98175 1
90 50 98200 0
101 33 98221 1
101 34 98226 1
80 67 98284 1
59 37 98313 1
104 38 98334 1
51 57 98344 0
53 37 98348 1
108 55 98393 1
83 30 98454 1
70 92 98464 0
70 36 98485 1
48 101 98491 0
46 103 98500 0
102 35 98506 1
88 90 98510 0
72 93 98549 0
61 37 98557 1
98 32 98662 1
32 98 98683 0
98 30 98685 1
24 78 98704 0
35 98 98711 0
106 48 98729 1
95 86 98776 0
47 102 98816 0
65 37 98846 1
23 85 98890 0
107 68 98892 1
75 94 98907 0
55 71 98912 0
20 85 98926 0
54 99 98957 0
106 46 98995 1
80 94 99012 0
54 74 99032 0
60 96 99078 0
80 58 99086 1
76 94 99107 0
24 83 99143 0
44 71 99157 1
105 47 99180 1
41 101 99195 0
52 102 99240 0
97 30 99285 1
89 29 99301 1
90 49 99311 0
32 96 99348 0
80 62 99394 1
59 96 99397 0
57 98 99420 0
63 37 99438 1
37 100 99456 0
104 39 99485 1
72 92 99498 0
81 94 99504 0
91 50 99509 0
103 37 99519 1
65 36 99522 1
52 76 99545 1
108 56 99586 1
72 28 99597 1
101 30 99608 1
107 52 99609 1
94 29 99609 1
106 44 99611 1
59 98 99637 0
26 59 99638 0
49 37 99658 1
81 55 99662 1
25 75 99690 0
69 92 99694 0
105 42 99709 1
25 84 99717 0
102 37 99730 1
24 71 99743 0
45 102 99755 0
106 47 99759 1
68 90 99805 0
54 71 99825 0
100 33 99904 1
85 30 99924 1
28 91 99941 0
37 99 99950 0
40 102 99953 0
50 36 99984 1
16 99 100009 0
79 66 100027 1
106 49 100068 1
90 29 100080 1
55 73 100097 0
26 86 100098 0
90 48 100100 0
56 59 100104 0
38 100 100114 0
105 41 100129 1
58 37 100129 1
77 94 100148 0
36 98 100152 0
81 54 100170 1
67 37 100243 1
91 29 100257 1
44 102 100282 0
27 89 100336 0
57 99 100350 0
39 102 100362 0
39 100 100362 0
54 36 100421 1
55 69 100434 0
105 40 100474 1
86 93 100484 0
98 31 100499 1
75 93 100530 0
28 89 100543 0
82 94 100551 0
47 37 100552 1
80 57 100570 1
29 91 100587 0
70 91 100606 0
94 30 100611 1
93 87 100618 0
76 93 100651 0
79 62 100677 1
45 67 100678 1
49 102 100745 0
25 63 100760 0
57 37 100793 1
32 97 100827 0
66 37 100874 1
24 66 100882 0
33 97 100891 0
108 67 100899 1
24 75 100938 0
54 66 100971 0
24 80 100979 0
50 102 101014 0
45 72 101040 1
80 56 101126 1
54 67 101135 0
27 92 101145 0
55 72 101170 0
24 68 101201 0
22 89 101234 0
27 57 101257 0
19 83 101268 0
25 89 101281 0
25 85 101288 0
46 65 101333 1
55 60 101346 0
59 36 101365 1
106 72 101381 1
55 56 101383 0
45 75 101385 1
15 92 101411 0
3 27 101413 0
48 103 101422 0
35 99 101422 0
54 70 101443 0
71 91 101444 0
31 112 101445 0
46 104 101448 0
24 69 101450 0
45 66 101457 1
20 42 101464 0
25 86 101465 0
46 106 101495 0
55 66 101496 0
23 75 101499 0
29 93 101503 0
54 63 101505 0
26 94 101517 0
86 49 101642 0
29 92 101658 0
45 101 101698 0
23 95 101733 0
36 99 101734 0
73 93 101776 0
88 49 101791 0
29 89 101817 0
74 93 101832 0
85 95 101837 0
28 95 101844 0
107 50 101865 1
106 50 101880 1
30 91 101894 0
33 48 101940 0
58 97 101944 0
81 67 102000 1
80 65 102053 1
53 35 102124 1
35 98 102186 0
84 94 102204 0
43 102 102204 0
52 101 102238 0
84 93 102247 0
50 58 102248 0
24 81 102268 0
43 37 102277 1
71 93 102280 0
24 62 102288 0
96 30 102297 1
39 101 102300 0
54 37 102304 1
27 55 102323 0
33 95 102341 0
62 36 102376 1
80 94 102411 0
54 57 102434 0
80 55 102438 1
55 36 102478 1
56 100 102497 0
57 57 102503 0
86 63 102513 0
59 97 102561 0
53 36 102579 1
54 68 102587 0
95 30 102607 1
80 59 102609 1
94 88 102630 0
75 94 102643 0
44 74 102645 1
83 94 102694 0
76 94 102696 0
13 96 102698 0
86 50 102705 0
45 104 102708 0
34 114 102711 0
55 61 102780 0
24 78 102795 0
31 93 102852 0
107 51 102957 1
102 40 102964 1
109 63 102980 1
81 94 102984 0
105 43 102985 1
52 57 102988 0
25 67 103002 0
55 68 103017 0
31 94 103018 0
23 80 103040 0
45 77 103043 1
109 45 103052 1
82 95 103060 0
56 98 103103 0
101 79 103105 1
109 45 103136 0
74 102 103169 0
66 36 103186 1
105 44 103194 1
25 65 103195 0
105 45 103219 1
24 106 103241 0
103 38 103382 1
69 93 103415 0
79 65 103485 1
66 93 103512 0
52 37 103641 1
31 97 103706 0
81 30 103707 1
36 98 103715 0
73 92 103758 0
59 33 103763 1
25 64 103772 0
26 86 103797 0
28 89 103801 0
54 56 103806 0
57 36 103814 1
38 100 103816 0
88 48 103830 0
92 29 103836 1
24 72 103841 0
77 94 103853 0
37 99 103870 0
91 49 103872 0
38 101 103881 0
68 91 103884 0
74 98 103905 0
108 68 103911 1
46 101 103941 0
108 54 103941 1
40 103 103975 0
21 67 104032 0
23 71 104043 0
89 57 104096 0
44 75 104099 1
25 85 104104 0
91 56 104113 0
24 82 104135 0
77 93 104143 0
109 62 104156 1
46 78 104198 1
33 47 104267 0
82 30 104281 1
80 64 104322 1
45 68 104346 1
24 73 104387 0
109 64 104391 1
24 71 104475 0
44 72 104527 1
21 81 104566 0
76 32 104591 1
17 57 104598 0
26 60 104665 0
28 90 104675 0
52 56 104676 0
26 87 104687 0
97 31 104698 1
60 97 104712 0
25 78 104763 0
25 84 104763 0
49 36 104805 1
87 29 104816 1
30 93 104831 0
57 101 104839 0
108 53 104860 1
92 53 105049 0
56 36 105121 1
81 93 105127 0
46 70 105139 1
82 31 105145 1
87 30 105162 1
46 103 105260 0
80 61 105288 1
24 68 105359 0
77 30 105383 1
102 36 105383 1
48 36 105522 1
35 97 105567 0
24 74 105634 0
20 82 105645 0
53 69 105675 0
84 30 105689 1
54 64 105727 0
24 80 105757 0
56 35 105757 1
25 71 105780 0
108 66 105922 1
64 36 106116 1
53 22 106139 1
61 36 106216 1
68 37 106320 1
24 69 106387 0
41 102 106404 0
34 47 106438 0
23 83 106439 0
24 66 106482 0
80 94 106499 0
78 95 106504 0
53 56 106527 0
67 92 106584 0
101 34 106586 1
24 83 106607 0
54 59 106621 0
27 87 106625 0
73 94 106649 0
24 78 106660 0
81 68 106685 1
22 61 106733 0
83 31 106748 1
107 53 106748 1
21 68 106787 0
25 104 106880 0
20 42 106909 0
93 29 107011 1
22 80 107016 0
24 59 107069 0
46 74 107085 1
70 91 107189 0
106 48 107296 1
90 48 107312 0
29 97 107339 0
87 61 107360 0
68 90 107573 0
31 95 107576 0
27 58 107578 0
27 108 107584 0
100 81 107606 1
60 36 107822 1
105 39 107826 1
53 37 107866 1
75 94 107899 0
4 85 107909 0
46 37 107914 1
86 62 107999 0
85 29 108101 1
66 91 108137 0
44 37 108218 1
43 101 108375 0
26 87 108440 0
97 30 108562 1
89 28 108585 1
99 31 108603 1
54 56 108606 0
55 57 108631 0
47 62 108663 1
77 31 108819 1
24 71 108825 0
47 63 108831 1
26 84 108831 0
52 36 108851 1
108 55 108854 1
104 38 108900 1
47 78 108950 1
28 57 108978 0
88 49 108989 0
98 32 108997 1
93 30 108999 1
26 88 109012 0
86 30 109022 1
91 30 109036 1
109 60 109118 1
25 76 109153 0
67 36 109185 1
102 35 109201 1
106 49 109296 1
107 69 109322 1
106 47 109354 1
102 34 109370 1
106 43 109386 1
104 39 109423 1
105 42 109426 1
81 29 109449 1
106 45 109449 1
24 73 109469 0
76 94 109475 0
108 56 109516 1
103 36 109541 1
103 37 109565 1
90 89 109608 0
29 91 109611 0
25 85 109635 0
45 73 109638 1
83 67 109638 1
72 34 109711 1
24 85 109712 0
59 37 109712 1
35 98 109749 0
99 32 109750 1
17 85 109751 0
104 40 109774 1
109 57 109789 1
108 52 109803 1
95 29 109807 1
107 52 109812 1
25 90 109828 0
82 66 109834 1
100 33 109880 1
105 41 109904 1
109 58 109904 1
79 30 109909 1
101 78 109910 1
98 31 109932 1
55 70 109989 0
109 61 109994 1
84 52 110016 0
107 40 110056 1
105 46 110089 1
90 90 110106 0
106 41 110144 1
103 35 110144 1
94 30 110161 1
80 31 110161 1
105 38 110238 1
88 29 110281 1
80 67 110335 1
91 89 110358 0
110 57 110361 1
108 54 110374 1
90 49 110376 0
24 68 110430 0
27 87 110453 0
65 37 110457 1
108 51 110464 1
109 65 110488 1
32 96 110512 0
61 37 110514 1
105 40 110516 1
28 92 110527 0
35 97 110544 0
100 32 110581 1
93 52 110588 0
109 50 110594 1
107 70 110597 1
101 33 110609 1
80 58 110697 1
107 51 110702 1
78 22 110711 1
96 30 110737 1
68 36 110742 1
94 29 110757 1
78 94 110770 0
72 92 110773 0
95 30 110781 1
38 98 110802 0
46 66 110808 1
58 36 110835 1
80 60 110892 1
83 30 110892 1
69 29 110895 1
69 92 110895 0
81 94 110930 0
91 29 110961 1
107 50 110965 1
106 46 111089 1
80 54 111101 1
89 90 111107 0
77 94 111140 0
55 71 111144 0
104 37 111153 1
91 49 111159 0
76 93 111206 0
55 100 111211 0
93 88 111241 0
89 59 111243 0
106 47 111259 1
28 96 111267 0
51 57 111286 0
23 90 111310 0
80 63 111311 1
80 30 111312 1
69 36 111319 1
82 94 111328 0
23 91 111334 0
105 43 111340 1
75 93 111342 0
109 59 111346 1
106 71 111348 1
24 64 111361 0
109 60 111382 1
105 39 111385 1
55 56 111448 0
104 38 111461 1
80 57 111490 1
40 102 111491 0
108 53 111496 1
24 78 111558 0
69 91 111576 0
101 32 111582 1
71 91 111599 0
35 96 111611 0
35 103 111638 0
104 36 111640 1
54 36 111646 1
107 49 111665 1
78 31 111683 1
74 93 111685 0
46 77 111688 1
22 81 111688 0
85 93 111716 0
57 58 111729 0
80 66 111730 1
88 51 111737 0
79 60 111756 1
25 75 111794 0
77 93 111821 0
55 62 111823 0
106 44 111851 1
49 101 111852 0
41 101 111877 0
93 50 111893 0
103 37 111908 1
80 65 111917 1
92 29 111925 1
80 94 111926 0
55 69 111945 0
80 55 111949 1
88 48 111956 0
46 68 111962 1
66 37 111985 1
80 62 112018 1
109 56 112028 1
99 32 112038 1
109 62 112051 1
90 29 112068 1
39 100 112078 0
109 63 112154 1
72 93 112155 0
47 102 112166 0
105 42 112200 1
18 94 112205 0
80 93 112205 0
90 48 112218 0
52 100 112249 0
88 28 112309 1
63 36 112330 1
108 55 112379 1
45 76 112379 1
26 87 112388 0
97 30 112390 1
98 31 112399 1
56 99 112402 0
54 99 112414 0
25 63 112435 0
106 48 112516 1
105 40 112524 1
24 80 112532 0
43 103 112543 0
78 32 112576 1
27 89 112615 0
99 31 112619 1
25 61 112668 0
50 36 112674 1
51 36 112680 1
109 61 112699 1
59 36 112718 1
109 55 112718 1
62 36 112721 1
102 34 112724 1
81 93 112731 0
109 58 112734 1
109 66 112762 1
28 89 112776 0
125 49 112805 1
38 99 112812 0
53 36 112828 1
103 36 112828 1
106 43 112833 1
73 92 112842 0
55 70 112857 0
25 79 112860 0
96 29 112863 1
107 52 112869 1
72 92 112874 0
80 64 112876 1
44 103 112893 0
30 91 112912 0
25 77 112932 0
67 37 112986 1
53 59 112992 0
44 38 112992 1
81 31 113003 1
101 34 113012 1
80 58 113029 1
36 98 113041 0
44 102 113041 0
58 98 113053 0
56 59 113076 0
88 90 113081 0
73 93 113108 0
60 36 113146 1
26 58 113150 0
47 77 113186 1
47 65 113188 1
51 102 113195 0
107 50 113215 1
55 36 113217 1
78 94 113246 0
106 49 113271 1
34 98 113273 0
80 56 113279 1
109 64 113285 1
54 67 113309 0
47 61 113318 1
108 67 113320 1
37 99 113344 0
87 28 113351 1
48 101 113367 0
84 29 113417 1
106 45 113419 1
54 66 113443 0
86 92 113443 0
24 70 113457 0
53 100 113476 0
65 36 113478 1
90 28 113497 1
26 86 113504 0
108 54 113510 1
83 94 113532 0
109 69 113539 1
54 68 113564 0
38 100 113568 0
106 47 113569 1
111 54 113575 1
76 93 113593 0
46 67 113599 1
93 29 113600 1
69 89 113600 0
107 51 113602 1
86 29 113619 1
45 36 113621 1
46 69 113624 1
29 89 113632 0
33 95 113642 0
44 75 113653 1
87 29 113658 1
81 60 113659 1
55 66 113666 0
45 101 113683 0
46 76 113685 1
95 30 113695 1
33 97 113730 0
46 103 113764 0
44 71 113773 1
45 102 113777 0
105 41 113843 1
25 67 113849 0
45 64 113855 1
49 102 113856 0
45 38 113857 1
29 92 113859 0
43 102 113862 0
70 91 113876 0
95 29 113879 1
48 77 113886 1
84 93 113918 0
65 37 113941 1
100 33 113954 1
55 68 113965 0
81 66 113978 1
101 80 113978 1
82 67 113978 1
96 30 113980 1
37 100 113982 0
24 75 113984 0
24 79 114005 0
25 84 114017 0
82 30 114024 1
57 57 114035 0
27 87 114059 0
31 93 114068 0
55 58 114069 0
47 36 114079 1
54 56 114088 0
81 67 114090 1
68 90 114114 0
86 49 114119 0
91 29 114137 1
72 94 114145 0
48 61 114165 1
55 57 114179 0
75 93 114188 0
68 36 114219 1
55 71 114225 0
31 94 114231 0
56 36 114245 1
102 33 114254 1
80 67 114285 1
30 93 114291 0
26 96 114319 0
73 33 114326 1
94 29 114339 1
49 36 114340 1
101 33 114359 1
93 52 114366 0
91 49 114375 0
59 35 114377 1
48 36 114383 1
38 99 114442 0
49 35 114450 1
77 93 114463 0
108 56 114463 1
82 29 114501 1
81 30 114535 1
36 99 114537 0
54 36 114564 1
88 29 114572 1
63 36 114576 1
79 96 114577 0
49 78 114577 1
45 72 114594 1
45 67 114602 1
25 65 114620 0
100 32 114625 1
83 66 114642 1
81 59 114652 1
64 36 114653 1
46 36 114662 1
54 35 114662 1
25 78 114670 0
108 69 114671 1
102 35 114672 1
74 93 114678 0
35 97 114684 0
55 69 114705 0
118 65 114717 1
41 101 114729 0
52 57 114753 0
45 70 114762 1
50 77 114779 1
47 64 114779 1
46 101 114807 0
55 72 114815 0
56 58 114817 0
25 64 114821 0
53 99 114824 0
57 98 114858 0
83 29 114858 1
96 24 114866 1
108 64 114911 1
87 49 114912 0
100 31 114917 1
24 73 114924 0
89 29 114927 1
43 101 114928 0
108 53 114958 1
45 77 114965 1
60 96 114969 0
25 71 114969 0
46 71 114974 1
45 75 114985 1
31 96 114991 0
90 48 114999 0
38 98 115008 0
106 40 115012 1
39 100 115014 0
106 46 115031 1
28 89 115046 0
108 66 115085 1
80 63 115131 1
53 56 115132 0
55 70 115156 0
71 91 115162 0
66 30 115183 1
66 36 115183 1
46 72 115205 1
93 50 115207 0
104 38 115209 1
29 53 115213 0
81 94 115223 0
25 86 115228 0
103 35 115239 1
109 57 115268 1
80 57 115272 1
109 59 115279 1
25 63 115298 0
25 85 115303 0
55 35 115307 1
49 37 115307 1
97 29 115310 1
109 60 115320 1
29 91 115326 0
52 35 115338 1
80 61 115340 1
78 29 115459 1
51 35 115460 1
105 37 115460 1
83 30 115515 1
61 36 115526 1
105 44 115531 1
46 77 115537 1
98 31 115572 1
60 36 115587 1
80 65 115591 1
26 62 115613 0
80 60 115645 1
30 91 115654 0
125 120 115662 1
81 56 115679 1
95 28 115689 1
46 75 115695 1
78 94 115697 0
24 67 115724 0
53 36 115740 1
94 30 115747 1
24 71 115752 0
76 94 115763 0
103 34 115824 1
97 31 115826 1
93 54 115854 0
104 87 115861 0
104 37 115861 1
80 55 115871 1
46 65 115872 1
25 76 115880 0
37 99 115903 0
115 94 115932 0
99 32 115932 1
24 80 115934 0
23 74 115942 0
29 89 115948 0
50 102 115965 0
45 74 115969 1
26 84 116032 0
51 77 116042 1
57 36 116046 1
38 99 116064 0
52 36 116085 1
103 37 116086 1
32 49 116088 0
75 33 116088 1
108 52 116116 1
47 102 116127 0
41 40 116128 1
24 69 116152 0
57 37 116160 1
80 62 116163 1
25 75 116212 0
29 96 116256 0
24 65 116301 0
53 75 116304 1
28 95 116316 0
55 56 116320 0
75 94 116366 0
106 42 116369 1
31 95 116376 0
80 59 116404 1
50 36 116422 1
56 70 116439 0
39 101 116459 0
67 36 116461 1
62 36 116473 1
26 86 116493 0
42 100 116501 0
92 29 116514 1
88 48 116531 0
35 98 116545 0
80 94 116560 0
69 37 116563 1
14 116 116572 0
25 67 116576 0
52 66 116579 0
108 68 116580 1
22 79 116625 0
43 38 116647 1
46 64 116648 1
17 95 116653 0
24 68 116668 0
36 98 116679 0
106 44 116684 1
18 81 116717 0
41 102 116722 0
57 58 116746 0
22 78 116756 0
40 113 116756 0
105 72 116766 1
23 81 116773 0
108 60 116775 1
47 66 116775 1
53 57 116804 0
108 59 116875 1
80 64 116888 1
59 36 116910 1
55 36 116932 1
47 78 116960 1
27 87 116961 0
92 52 117005 0
35 96 117030 0
24 81 117047 0
45 69 117061 1
80 93 117068 0
46 37 117112 1
25 79 117114 0
25 84 117146 0
49 77 117269 1
56 60 117333 0
103 36 117336 1
93 27 117350 1
47 65 117376 1
47 63 117410 1
58 36 117411 1
66 91 117428 0
50 35 117442 1
25 77 117461 0
97 30 117462 1
109 62 117486 1
27 85 117508 0
70 36 117560 1
45 76 117607 1
65 36 117643 1
44 104 117655 0
80 58 117661 1
77 94 117670 0
38 99 117692 0
85 29 117752 1
105 39 117772 1
57 35 117793 1
47 77 117800 1
27 60 117810 0
73 34 117840 1
56 99 117864 0
71 90 117866 0
47 76 117867 1
28 58 117885 0
28 90 117899 0
41 106 117903 0
33 95 117915 0
55 70 117917 0
81 32 117918 1
60 35 117973 1
24 79 118103 0
21 97 118143 0
73 92 118162 0
24 78 118214 0
25 65 118217 0
81 93 118224 0
31 93 118250 0
24 66 118256 0
53 35 118276 1
28 89 118298 0
98 30 118323 1
44 73 118365 1
109 63 118390 1
61 35 118425 1
25 80 118427 0
78 94 118453 0
66 37 118478 1
75 32 118518 1
32 96 118530 0
46 76 118535 1
25 71 118537 0
44 102 118574 0
72 36 118599 1
49 101 118626 0
25 78 118626 0
33 96 118641 0
56 58 118655 0
81 65 118673 1
104 39 118862 1
102 34 118867 1
25 64 118896 0
56 98 118947 0
79 94 118950 0
91 28 118961 1
61 37 119031 1
92 51 119088 0
68 38 119108 1
74 33 119209 1
26 60 119212 0
55 68 119253 0
107 51 119253 1
81 57 119283 1
99 31 119310 1
28 56 119361 0
31 94 119363 0
105 40 119397 1
90 49 119468 0
76 93 119500 0
53 101 119507 0
55 59 119581 0
47 37 119605 1
81 55 119616 1
54 64 119616 0
105 45 119627 1
38 100 119627 0
45 103 119684 0
88 49 119694 0
34 46 119724 0
35 97 119728 0
67 91 119746 0
29 95 119748 0
38 105 119787 0
38 99 119789 0
103 29 119798 1
30 94 119811 0
55 102 119829 0
25 60 119849 0
29 89 119857 0
57 97 119862 0
96 86 119878 0
105 43 119921 1
49 36 119943 1
20 106 119952 0
103 30 119982 1
83 99 119994 0
30 91 120011 0
106 45 120044 1
93 29 120076 1
69 36 120091 1
30 90 120176 0
24 87 120195 0
24 84 120205 0
82 65 120283 1
76 32 120306 1
47 103 120326 0
26 87 120345 0
30 93 120352 0
96 30 120383 1
109 54 120426 1
56 36 120465 1
105 42 120510 1
48 36 120586 1
109 58 120615 1
55 57 120633 0
108 54 120753 1
24 80 120816 0
52 76 120829 1
81 29 120848 1
72 35 120892 1
54 65 120895 0
104 36 120914 1
111 56 120914 1
81 68 120956 1
87 29 120981 1
39 42 121040 1
92 48 121084 0
38 98 121095 0
25 61 121154 0
80 54 121155 1
30 97 121160 0
25 85 121168 0
48 102 121169 0
25 80 121179 0
24 83 121190 0
105 38 121203 1
90 29 121222 1
79 31 121230 1
35 101 121248 0
48 77 121254 1
44 103 121260 0
54 56 121350 0
29 91 121381 0
87 91 121388 0
107 53 121417 1
71 92 121443 0
16 78 121469 0
32 97 121470 0
28 55 121496 0
45 73 121519 1
66 35 121555 1
24 72 121558 0
54 36 121576 1
33 96 121804 0
80 95 121813 0
29 54 121839 0
102 36 121868 1
80 30 121898 1
26 84 121909 0
71 36 121924 1
21 87 121946 0
46 73 121995 1
96 29 122056 1
29 56 122079 0
106 41 122097 1
109 53 122110 1
89 29 122160 1
20 93 122182 0
43 101 122193 0
78 30 122284 1
108 48 122301 1
117 62 122338 1
78 94 122349 0
92 49 122378 0
108 51 122401 1
55 66 122429 0
53 67 122475 0
79 94 122495 0
25 76 122502 0
107 49 122512 1
100 32 122520 1
33 94 122583 0
86 48 122641 0
92 52 122654 0
26 62 122656 0
54 57 122680 0
91 29 122690 1
25 75 122741 0
27 86 122780 0
44 105 122790 0
27 87 122864 0
90 48 122871 0
56 58 122872 0
110 59 122876 1
108 55 122877 1
56 60 122932 0
80 31 122979 1
78 31 123011 1
47 62 123019 1
84 49 123048 0
80 63 123065 1
24 79 123081 0
106 36 123128 1
110 53 123141 1
92 28 123144 1
77 93 123210 0
109 56 123213 1
105 31 123227 1
87 17 123263 1
64 36 123305 1
108 53 123349 1
92 51 123375 0
106 47 123425 1
107 52 123428 1
48 35 123438 1
24 73 123442 0
63 36 123459 1
117 88 123522 1
106 43 123586 1
101 79 123589 1
59 29 123624 1
107 46 123661 1
106 46 123666 1
89 28 123718 1
46 77 123774 1
90 89 123780 0
46 66 123791 1
87 48 123842 0
76 29 123842 1
51 76 123922 1
111 55 124011 1
109 61 124033 1
68 36 124352 1
56 99 124432 0
26 59 124473 0
106 48 124475 1
104 73 124564 1
105 41 124628 1
49 103 124673 0
23 92 124689 0
79 67 124689 1
84 94 124724 0
98 31 124734 1
25 63 124745 0
92 49 124766 0
107 80 124769 0
107 57 124769 1
39 41 124769 1
77 31 124780 1
11 85 124841 0
93 87 124851 0
95 86 124857 0
61 36 124893 1
45 102 124901 0
69 89 124907 0
70 91 124909 0
25 87 124921 0
94 29 124922 1
46 62 124934 1
22 77 124971 0
19 85 125011 0
25 92 125021 0
45 37 125047 1
93 50 125053 0
71 91 125058 0
22 96 125060 0
57 57 125092 0
29 92 125103 0
47 79 125126 1
101 33 125165 1
17 68 125192 0
28 89 125203 0
30 94 125206 0
22 95 125221 0
54 67 125240 0
25 80 125278 0
91 89 125287 0
57 59 125304 0
50 103 125331 0
93 52 125336 0
54 66 125355 0
95 30 125368 1
109 65 125417 1
68 90 125426 0
38 99 125450 0
33 96 125464 0
45 101 125519 0
106 49 125565 1
75 93 125585 0
53 68 125599 0
107 45 125630 1
68 92 125705 0
86 48 125747 0
27 90 125787 0
79 94 125790 0
42 100 125824 0
23 76 125826 0
27 86 125878 0
83 117 125917 0
71 92 125925 0
25 70 125934 0
55 98 126009 0
17 85 126012 0
72 92 126027 0
25 67 126032 0
84 93 126077 0
46 101 126094 0
23 94 126131 0
23 74 126140 0
26 88 126178 0
81 58 126233 1
52 100 126249 0
52 56 126255 0
29 55 126297 0
85 94 126304 0
37 108 126325 0
38 102 126345 0
31 105 126349 0
91 90 126350 0
22 94 126350 0
43 106 126352 0
94 28 126392 1
11 74 126470 0
26 82 126482 0
48 102 126526 0
54 62 126554 0
104 37 126590 1
41 101 126612 0
26 89 126714 0
104 38 126715 1
82 30 126717 1
35 116 126732 0
26 57 126742 0
73 93 126747 0
55 70 126773 0
87 48 126774 0
54 63 126785 0
71 90 126838 0
92 53 126875 0
22 65 126899 0
33 97 126973 0
24 93 127015 0
55 69 127037 0
29 93 127091 0
78 98 127101 0
40 106 127102 0
24 74 127110 0
28 91 127121 0
59 96 127126 0
80 93 127154 0
54 65 127174 0
92 49 127271 0
58 97 127282 0
22 83 127300 0
36 101 127322 0
36 100 127322 0
56 59 127343 0
52 99 127393 0
56 70 127431 0
95 29 127440 1
92 88 127451 0
25 79 127511 0
92 29 127522 1
106 44 127591 1
36 98 127614 0
25 84 127651 0
38 101 127654 0
51 36 127664 1
48 101 127668 0
88 48 127692 0
24 71 127807 0
52 33 128049 1
26 86 128148 0
89 89 128180 0
66 36 128191 1
27 85 128255 0
107 50 128292 1
30 90 128334 0
92 51 128358 0
108 67 128407 1
105 34 128420 1
80 94 128454 0
25 77 128467 0
80 61 128628 1
86 29 128760 1
51 57 128818 0
92 54 128877 0
38 98 128907 0
25 70 128912 0
33 95 128924 0
27 56 128969 0
46 68 128996 1
85 103 129072 0
85 93 129072 0
50 101 129079 0
39 102 129098 0
37 99 129104 0
78 94 129116 0
92 52 129148 0
16 108 129188 0
33 2 129212 0
81 105 129215 0
109 55 129225 1
35 102 129226 0
24 79 129248 0
85 51 129277 0
44 75 129329 1
27 88 129342 0
27 86 129354 0
61 29 129370 1
60 36 129391 1
43 102 129437 0
89 52 129479 0
79 94 129484 0
74 93 129528 0
54 68 129533 0
36 103 129557 0
38 99 129561 0
23 84 129569 0
35 100 129595 0
54 99 129610 0
31 91 129650 0
33 96 129665 0
106 50 129703 1
46 67 129708 1
25 59 129753 0
24 80 129799 0
30 53 129817 0
28 57 129844 0
76 31 129857 1
103 36 129872 1
90 48 129925 0
31 51 129946 0
30 94 129952 0
15 103 129963 0
56 68 130051 0
92 48 130099 0
53 36 130123 1
87 48 130135 0
81 93 130166 0
25 65 130193 0
22 87 130378 0
17 77 130381 0
75 95 130428 0
72 91 130514 0
81 53 130570 1
89 47 130686 0
28 56 130804 0
88 29 130874 1
29 90 130877 0
52 36 130877 1
109 59 130880 1
56 35 130933 1
89 49 130935 0
46 35 130962 1
71 35 131052 1
29 89 131068 0
56 56 131091 0
79 29 131101 1
25 80 131101 0
48 102 131138 0
80 67 131224 1
46 36 131271 1
47 35 131274 1
56 58 131349 0
26 87 131382 0
45 72 131588 1
25 66 131649 0
62 36 131651 1
56 57 131744 0
46 74 131749 1
44 36 131811 1
93 88 131874 0
31 95 132084 0
46 70 132096 1
43 37 132099 1
24 77 132134 0
67 36 132188 1
84 29 132228 1
86 48 132390 0
28 93 132418 0
92 49 132497 0
108 52 132523 1
71 92 132595 0
17 93 132635 0
39 109 132672 0
54 72 132745 0
50 36 132812 1
80 56 132825 1
20 68 132830 0
72 91 132839 0
56 99 132860 0
60 98 132948 0
103 35 132994 1
61 96 133018 0
92 54 133033 0
44 103 133109 0
99 32 133122 1
25 70 133135 0
34 104 133187 0
55 62 133286 0
5 91 133323 0
43 104 133339 0
19 90 133362 0
59 106 133380 0
27 99 133383 0
59 97 133390 0
17 102 133396 0
21 85 133400 0
21 99 133428 0
15 79 133441 0
35 97 133460 0
39 100 133471 0
27 88 133486 0
31 26 133490 0
41 103 133497 0
31 93 133513 0
24 68 133521 0
24 95 133576 0
28 108 133646 0
36 102 133663 0
29 90 133723 0
55 56 133739 0
36 113 133787 0
99 30 133825 1
22 104 133866 0
24 63 133867 0
55 61 133908 0
68 95 133927 0
74 94 133962 0
55 103 133965 0
20 80 133999 0
37 101 134038 0
50 101 134142 0
57 98 134159 0
53 56 134353 0
84 49 134356 0
106 45 134493 1
53 99 134494 0
22 73 134556 0
24 75 134666 0
93 89 134699 0
91 88 134782 0
44 70 134784 1
48 100 134839 0
52 35 134911 1
79 30 134980 1
72 91 135070 0
97 30 135083 1
106 42 135115 1
25 66 135119 0
51 58 135170 0
79 94 135225 0
53 68 135230 0
25 91 135232 0
54 65 135235 0
34 47 135237 0
25 64 135294 0
73 96 135485 0
54 101 135595 0
18 82 135782 0
23 77 135826 0
32 92 135888 0
102 33 135891 1
92 88 135901 0
44 26 135973 1
102 34 135974 1
51 100 135996 0
109 60 136014 1
74 95 136073 0
50 77 136073 1
29 103 136113 0
85 49 136119 0
37 97 136142 0
106 39 136150 1
93 51 136228 0
105 39 136239 1
91 48 136318 0
80 64 136340 1
30 91 136368 0
28 97 136375 0
89 49 136379 0
54 35 136391 1
23 72 136398 0
56 56 136402 0
92 54 136416 0
60 96 136436 0
109 57 136468 1
25 71 136475 0
109 64 136516 1
29 90 136576 0
101 32 136585 1
48 102 136607 0
87 48 136619 0
83 29 136651 1
56 57 136654 0
61 95 136715 0
45 36 136833 1
105 40 136838 1
25 78 136909 0
70 89 136955 0
69 90 137110 0
46 69 137173 1
81 94 137283 0
45 76 137295 1
80 65 137295 1
95 87 137317 0
106 43 137333 1
90 28 137344 1
45 70 137346 1
93 29 137372 1
27 88 137401 0
24 96 137444 0
107 51 137455 1
77 93 137481 0
88 28 137488 1
92 51 137491 0
28 88 137596 0
109 62 137625 1
70 35 137755 1
72 91 137784 0
99 31 137792 1
23 74 137935 0
109 58 138087 1
109 63 138109 1
24 77 138125 0
103 37 138231 1
107 49 138247 1
66 94 138253 0
80 62 138253 1
104 36 138258 1
65 36 138280 1
26 61 138287 0
107 50 138296 1
22 93 138299 0
67 37 138304 1
100 32 138304 1
25 66 138318 0
34 97 138322 0
98 30 138424 1
109 45 138432 1
69 89 138468 0
93 50 138562 0
81 67 138604 1
93 52 138621 0
106 51 138648 1
83 94 138717 0
55 36 138736 1
70 92 138746 0
81 61 138760 1
31 49 138761 0
91 29 138773 1
25 82 138805 0
100 31 138816 1
55 72 138818 0
80 55 138841 1
73 92 138874 0
106 47 138892 1
109 45 138900 0
72 95 138912 0
45 75 138947 1
15 75 138971 0
80 60 138994 1
59 37 139032 1
106 44 139035 1
107 48 139042 1
56 60 139053 0
83 30 139114 1
55 68 139139 0
81 30 139181 1
102 32 139189 1
25 75 139192 0
76 93 139209 0
48 60 139209 1
30 94 139238 0
91 48 139241 0
109 66 139242 1
55 35 139242 1
58 98 139251 0
59 36 139252 1
80 57 139253 1
101 33 139254 1
101 78 139330 1
32 101 139332 0
57 58 139352 0
22 76 139359 0
108 51 139401 1
109 61 139441 1
71 90 139450 0
47 64 139504 1
89 90 139528 0
93 51 139545 0
73 91 139575 0
106 41 139590 1
91 28 139629 1
53 34 139644 1
96 29 139645 1
28 102 139665 0
87 91 139709 0
93 28 139709 1
92 54 139713 0
109 56 139750 1
46 75 139773 1
57 57 139814 0
107 69 139815 1
69 36 139864 1
69 90 139888 0
106 40 139951 1
67 35 139952 1
81 66 139961 1
109 60 139970 1
55 71 140006 0
49 101 140026 0
81 62 140089 1
47 67 140158 1
87 28 140161 1
63 36 140170 1
82 66 140192 1
103 34 140195 1
59 35 140278 1
38 99 140288 0
25 76 140399 0
42 100 140413 0
58 36 140448 1
47 102 140460 0
85 28 140508 1
72 91 140542 0
29 90 140563 0
96 30 140594 1
62 35 140643 1
108 53 140686 1
28 88 140689 0
94 29 140709 1
26 84 140733 0
46 108 140744 0
31 92 140745 0
55 66 140751 0
33 94 140848 0
26 85 140866 0
24 78 140874 0
97 29 140875 1
92 49 140876 0
45 74 140898 1
27 87 140918 0
107 70 140928 1
97 30 140961 1
27 86 140966 0
80 93 140979 0
49 35 140993 1
27 57 140995 0
92 48 141035 0
50 102 141066 0
24 82 141072 0
29 89 141111 0
74 94 141126 0
54 56 141189 0
73 106 141229 0
46 65 141230 1
57 60 141234 0
79 65 141277 1
35 96 141284 0
70 94 141306 0
65 35 141399 1
50 101 141421 0
53 35 141422 1
25 67 141429 0
56 70 141437 0
48 32 141442 1
81 93 141461 0
80 29 141465 1
63 35 141470 1
37 98 141496 0
83 28 141522 1
71 17 141530 1
48 76 141539 1
47 77 141577 1
38 98 141588 0
51 35 141646 1
95 85 141668 0
55 67 141735 0
83 67 141751 1
100 33 141751 1
64 36 141774 1
45 77 141802 1
30 90 141806 0
109 59 141806 1
51 100 141835 0
56 36 141848 1
96 85 141852 0
56 57 141939 0
104 35 141962 1
25 66 141997 0
87 47 142007 0
27 85 142062 0
81 63 142084 1
109 67 142124 1
26 71 142139 0
45 101 142142 0
33 93 142148 0
25 82 142150 0
83 65 142151 1
80 63 142161 1
68 36 142167 1
64 35 142171 1
54 36 142172 1
104 32 142176 1
26 62 142227 0
43 101 142254 0
84 28 142320 1
25 70 142326 0
86 93 142344 0
49 36 142378 1
26 82 142396 0
104 33 142409 1
87 29 142423 1
82 29 142450 1
89 29 142451 1
46 76 142460 1
73 91 142532 0
27 88 142539 0
26 83 142546 0
24 80 142555 0
92 54 142567 0
92 52 142569 0
57 59 142583 0
50 29 142615 1
50 35 142615 1
60 97 142662 0
104 37 142764 1
98 31 142811 1
107 47 142830 1
105 38 142839 1
44 26 142873 1
81 57 142875 1
50 76 142879 1
81 54 142896 1
102 34 142914 1
46 101 142963 0
60 36 142966 1
106 46 142981 1
102 78 142989 1
109 55 143003 1
81 28 143011 1
60 35 143026 1
85 29 143026 1
69 90 143033 0
93 54 143048 0
34 97 143059 0
85 92 143070 0
56 98 143076 0
89 49 143081 0
105 39 143128 1
37 97 143134 0
57 35 143150 1
75 92 143232 0
25 63 143245 0
47 76 143365 1
90 27 143387 1
58 35 143397 1
25 79 143404 0
106 72 143458 1
34 94 143537 0
85 25 143543 1
48 61 143558 1
31 91 143570 0
26 60 143590 0
47 63 143617 1
91 48 143621 0
95 27 143628 1
64 34 143652 1
28 88 143657 0
107 6 143675 1
106 43 143710 1
81 56 143755 1
26 61 143757 0
23 79 143786 0
107 33 143852 1
74 32 143870 1
62 36 143903 1
48 102 143920 0
109 57 143961 1
25 77 144054 0
85 49 144126 0
31 92 144192 0
42 37 144203 1
46 72 144205 1
25 62 144247 0
86 48 144260 0
49 77 144370 1
26 85 144418 0
61 32 144450 1
108 68 144461 1
37 98 144511 0
44 37 144514 1
48 77 144549 1
69 13 144569 1
48 62 144570 1
51 34 144597 1
43 39 144611 1
24 77 144636 0
48 36 144639 1
81 55 144667 1
46 71 144688 1
47 61 144715 1
38 99 144765 0
105 73 144790 1
109 54 144810 1
43 36 144820 1
89 28 144879 1
53 36 144918 1
103 36 144972 1
25 80 144973 0
39 39 144973 1
93 51 145094 0
39 99 145177 0
81 52 145178 1
56 35 145182 1
109 65 145227 1
91 83 145261 1
109 62 145298 1
106 45 145336 1
52 75 145338 1
105 40 145389 1
81 65 145465 1
81 59 145582 1
109 64 145598 1
92 54 145618 0
33 96 145640 0
95 24 145647 1
80 65 145648 1
106 73 145652 1
54 32 145663 1
25 82 145718 0
107 32 145751 1
108 52 145760 1
103 35 145770 1
106 86 145786 1
47 65 145820 1
67 34 145852 1
57 31 145908 1
67 23 145917 1
81 64 145965 1
87 92 146009 0
55 67 146033 0
26 83 146068 0
100 35 146142 1
55 57 146149 0
87 27 146158 1
61 35 146176 1
80 58 146176 1
108 50 146246 1
109 63 146266 1
55 70 146304 0
109 58 146354 1
46 77 146370 1
105 37 146449 1
95 11 146479 1
109 85 146506 1
92 28 146541 1
80 64 146579 1
99 31 146581 1
86 28 146630 1
102 33 146660 1
91 27 146719 1
91 49 146754 0
109 33 146769 1
52 34 146873 1
101 32 146881 1
40 40 146920 1
90 28 146949 1
55 69 146952 0
107 50 146980 1
79 93 147107 0
51 101 147147 0
109 52 147149 1
69 35 147211 1
27 72 147228 1
101 39 147230 1
79 66 147235 1
107 71 147250 1
68 34 147414 1
29 90 147476 0
56 38 147492 1
70 89 147501 0
79 55 147549 1
82 28 147584 1
81 60 147627 1
99 26 147631 1
69 90 147726 0
0 0 147791 0
66 36 147793 1
73 91 147864 0
45 73 147867 1
92 54 147882 0
28 88 147895 0
75 92 147931 0
37 98 148095 0
5 6 148264 1
71 91 148353 0
52 35 148366 1
47 66 148416 1
65 37 148424 1
51 9 148549 1
107 49 148604 1
44 102 148640 0
106 42 148703 1
106 44 148741 1
65 36 148787 1
110 55 148793 1
34 97 148832 0
39 99 148839 0
68 61 148915 1
109 61 148950 1
46 81 148953 1
88 29 149014 1
67 36 149095 1
104 36 149139 1
103 32 149175 1
101 31 149278 1
109 48 149411 1
70 36 149442 1
109 56 149443 1
80 62 149479 1
109 53 149502 1
26 85 149517 0
114 60 149523 1
105 48 149552 1
26 76 149700 0
89 47 149779 0
108 54 149810 1
90 48 149861 0
26 81 149916 0
72 91 149926 0
107 42 150000 1
101 33 150036 1
25 83 150046 0
22 70 150096 0
108 51 150172 1
23 86 150185 0
24 90 150202 0
42 39 150243 1
28 86 150248 0
30 93 150371 0
53 68 150378 0
45 69 150420 1
87 48 150437 0
109 60 150493 1
69 89 150502 0
106 43 150511 1
98 29 150515 1
91 88 150530 0
106 41 150538 1
25 82 150551 0
77 93 150630 0
100 31 150630 1
37 99 150694 0
79 94 150710 0
103 45 150761 1
19 71 150783 0
11 77 150805 0
93 50 150822 0
96 29 150907 1
92 54 150927 0
80 30 150927 1
25 66 150965 0
56 68 151036 0
105 39 151065 1
91 28 151065 1
82 94 151072 0
86 29 151081 1
74 94 151154 0
79 93 151170 0
81 67 151173 1
24 80 151176 0
25 86 151185 0
25 65 151211 0
91 29 151217 1
90 89 151219 0
77 98 151223 0
25 62 151281 0
30 101 151295 0
113 62 151340 1
92 48 151378 0
97 30 151419 1
94 29 151443 1
71 90 151486 0
103 34 151565 1
40 100 151573 0
108 49 151574 1
63 36 151658 1
81 58 151675 1
56 56 151711 0
103 33 151728 1
83 66 151732 1
88 90 151767 0
106 40 151772 1
107 48 151776 1
97 29 151809 1
88 28 151882 1
56 34 151899 1
81 7 151913 1
32 92 151973 0
107 46 152014 1
93 27 152032 1
94 28 152153 1
56 32 152169 1
44 4 152176 1
46 73 152206 1
84 93 152255 0
55 64 152268 0
105 35 152284 1
109 59 152311 1
82 30 152345 1
55 35 152388 1
112 69 152396 1
31 93 152409 0
91 48 152456 0
51 77 152459 1
107 49 152468 1
27 88 152489 0
108 44 152502 1
110 60 152523 1
86 92 152542 0
61 97 152561 0
90 58 152646 0
93 28 152657 1
95 11 152664 0
59 36 152681 1
38 98 152697 0
68 36 152729 1
54 35 152730 1
109 55 152739 1
90 88 152743 0
84 29 152761 1
78 31 152775 1
48 35 152778 1
105 38 152790 1
30 91 152800 0
29 89 152878 0
45 72 152888 1
77 92 152898 0
90 57 152900 0
51 35 152920 1
98 30 152922 1
33 95 152938 0
68 35 152946 1
110 58 152995 1
39 99 153002 0
46 37 153047 1
96 28 153051 1
103 35 153075 1
25 75 153084 0
81 29 153141 1
100 30 153154 1
25 78 153172 0
59 98 153191 0
75 92 153206 0
45 75 153214 1
26 84 153219 0
104 35 153229 1
76 93 153292 0
95 29 153316 1
73 91 153364 0
69 89 153368 0
52 100 153379 0
26 86 153389 0
25 61 153394 0
49 102 153397 0
57 35 153408 1
24 77 153412 0
54 100 153425 0
49 78 153426 1
102 34 153428 1
61 36 153430 1
50 36 153479 1
57 57 153480 0
25 76 153493 0
37 98 153494 0
41 99 153519 0
41 101 153524 0
78 93 153563 0
26 83 153588 0
99 30 153590 1
65 35 153615 1
55 68 153617 0
56 57 153653 0
73 92 153663 0
35 97 153723 0
88 48 153740 0
28 59 153746 0
93 52 153756 0
25 71 153791 0
106 39 153827 1
66 35 153834 1
107 47 153835 1
48 101 153840 0
27 86 153844 0
109 63 153877 1
83 30 153926 1
77 31 153927 1
52 31 153941 1
83 29 154012 1
31 92 154023 0
48 75 154025 1
30 90 154026 0
55 67 154031 0
26 72 154037 0
42 100 154042 0
108 56 154147 1
110 56 154164 1
70 89 154170 0
59 35 154179 1
37 97 154186 0
25 64 154203 0
38 99 154245 0
28 86 154252 0
55 66 154269 0
80 93 154290 0
53 100 154320 0
47 62 154377 1
33 94 154381 0
72 91 154391 0
62 35 154405 1
100 32 154405 1
26 81 154413 0
49 76 154418 1
116 60 154431 1
79 93 154451 0
52 56 154472 0
109 58 154487 1
49 35 154492 1
87 28 154516 1
99 31 154521 1
81 66 154521 1
25 83 154533 0
27 58 154546 0
106 43 154557 1
53 35 154660 1
57 58 154661 0
82 58 154662 1
55 36 154703 1
26 82 154705 0
109 62 154707 1
60 36 154747 1
92 54 154831 0
92 28 154835 1
104 36 154837 1
47 68 154867 1
99 29 154908 1
55 34 154934 1
109 57 154957 1
69 36 154962 1
34 97 154967 0
27 85 155061 0
47 77 155126 1
81 93 155129 0
56 70 155141 0
91 47 155169 0
89 25 155185 1
81 57 155233 1
48 100 155256 0
68 90 155267 0
35 96 155269 0
34 94 155285 0
101 32 155286 1
63 35 155289 1
49 101 155290 0
28 88 155293 0
24 86 155304 0
51 101 155323 0
52 57 155361 0
89 89 155376 0
55 56 155380 0
36 112 155390 0
81 55 155392 1
50 101 155401 0
83 93 155401 0
29 88 155414 0
64 29 155422 1
25 67 155427 0
46 76 155430 1
104 27 155451 1
27 60 155468 0
107 50 155512 1
105 37 155542 1
102 33 155547 1
94 50 155595 0
35 98 155617 0
26 71 155673 0
47 64 155680 1
40 100 155693 0
26 85 155704 0
76 32 155715 1
92 88 155763 0
109 56 155807 1
48 76 155829 1
46 68 155860 1
26 58 155869 0
104 31 155956 1
33 93 155963 0
31 91 156028 0
45 102 156046 0
26 61 156046 0
45 101 156054 0
25 79 156061 0
91 28 156086 1
29 89 156099 0
60 35 156100 1
108 51 156109 1
106 41 156133 1
25 77 156202 0
50 34 156264 1
95 28 156292 1
104 34 156302 1
46 70 156320 1
28 98 156368 0
62 36 156396 1
25 70 156402 0
74 92 156414 0
38 98 156421 0
15 90 156427 0
58 82 156441 1
25 85 156462 0
97 30 156466 1
25 80 156482 0
75 93 156490 0
26 76 156496 0
54 36 156497 1
85 27 156528 1
71 90 156540 0
57 99 156549 0
27 87 156570 0
30 55 156608 0
39 100 156609 0
80 63 156613 1
28 89 156619 0
56 35 156622 1
25 78 156624 0
72 92 156649 0
93 51 156709 0
25 84 156718 0
26 62 156719 0
24 79 156732 0
90 92 156752 0
55 108 156770 0
99 32 156781 1
89 47 156786 0
103 34 156811 1
46 74 156834 1
58 97 156856 0
48 102 156857 0
53 55 156858 0
105 42 156881 1
25 82 156954 0
93 87 156984 0
57 97 156986 0
52 99 157011 0
75 97 157019 0
30 100 157066 0
51 100 157070 0
56 68 157078 0
28 58 157080 0
46 69 157100 1
55 98 157146 0
50 35 157148 1
106 38 157198 1
46 75 157199 1
78 93 157233 0
30 52 157302 0
19 81 157329 0
60 96 157341 0
43 101 157358 0
110 66 157492 1
19 110 157494 0
100 31 157511 1
32 92 157528 0
109 54 157530 1
15 115 157557 0
33 98 157564 0
24 80 157601 0
55 64 157615 0
47 76 157635 1
32 96 157647 0
108 52 157666 1
26 59 157695 0
106 40 157772 1
109 61 157849 1
77 93 157874 0
49 34 157917 1
35 46 157963 0
81 56 158009 1
101 33 158089 1
82 66 158102 1
39 99 158145 0
92 48 158162 0
69 90 158167 0
28 86 158217 0
81 54 158278 1
29 88 158310 0
26 81 158310 0
48 36 158441 1
31 103 158522 0
79 93 158662 0
46 35 158722 1
92 54 158798 0
55 99 158801 0
110 59 158817 1
56 58 158822 0
108 50 158850 1
85 49 158916 0
81 30 158921 1
97 28 158928 1
35 47 158938 0
87 47 159032 0
52 76 159036 1
25 83 159067 0
30 88 159152 0
89 28 159182 1
108 69 159192 1
96 29 159261 1
85 92 159335 0
96 30 159340 1
81 62 159363 1
109 64 159369 1
106 42 159519 1
81 61 159549 1
25 69 159551 0
81 53 159556 1
63 36 159572 1
25 62 159603 0
64 35 159711 1
53 34 159726 1
94 87 159772 0
52 64 159811 0
106 44 159818 1
105 36 159902 1
74 92 159923 0
61 35 159984 1
26 83 160006 0
77 30 160013 1
83 93 160013 0
49 60 160061 1
85 29 160128 1
40 100 160128 0
118 65 160172 1
80 28 160267 1
38 99 160282 0
67 35 160371 1
102 79 160401 1
56 61 160427 0
25 63 160462 0
68 36 160483 1
67 95 160525 0
87 29 160550 1
26 98 160557 0
47 35 160613 1
107 49 160653 1
51 75 160693 1
116 33 160755 1
93 53 160763 0
36 97 160799 0
51 76 160815 1
79 30 160831 1
25 66 160849 0
90 28 160925 1
45 36 160943 1
67 90 160948 0
30 91 160953 0
10 83 160957 0
109 65 160980 1
52 35 161015 1
15 89 161037 0
51 105 161108 0
45 35 161192 1
26 84 161226 0
78 93 161236 0
40 112 161330 0
56 99 161420 0
89 49 161493 0
25 81 161534 0
37 98 161550 0
71 92 161593 0
26 60 161648 0
41 39 161710 1
53 99 161831 0
54 99 161961 0
27 84 162082 0
27 86 162122 0
29 86 162157 0
107 48 162287 1
21 74 162320 0
55 35 162372 1
54 34 162388 1
45 70 162551 1
46 101 162780 0
78 92 162898 0
29 88 162909 0
49 36 162980 1
81 63 163032 1
111 63 163100 1
105 38 163113 1
36 95 163125 0
36 99 163143 0
27 98 163211 0
92 54 163230 0
105 39 163307 1
23 66 163370 0
46 67 163395 1
47 34 163408 1
77 92 163469 0
57 35 163508 1
75 92 163663 0
44 26 163794 1
29 90 163892 0
70 35 163918 1
30 96 163920 0
69 96 163928 0
47 63 163977 1
25 73 164016 0
85 93 164033 0
71 35 164064 1
54 35 164067 1
100 14 164079 1
48 77 164092 1
86 48 164144 0
110 57 164162 1
37 97 164169 0
25 69 164178 0
80 25 164221 1
55 65 164377 0
58 35 164477 1
94 29 164554 1
109 53 164557 1
88 27 164664 1
79 92 164715 0
74 92 164731 0
101 79 164766 1
36 97 164946 0
70 24 164946 1
73 91 165012 0
55 55 165054 0
70 89 165075 0
107 51 165116 1
125 79 165185 1
65 36 165217 1
109 66 165300 1
46 36 165327 1
75 32 165328 1
16 74 165332 0
19 78 165337 0
93 49 165351 0
50 77 165359 1
71 31 165420 1
69 97 165422 0
32 94 165467 0
103 35 165488 1
27 95 165499 0
54 100 165579 0
41 99 165588 0
20 69 165607 0
30 92 165660 0
13 95 165701 0
30 90 165719 0
23 104 165727 0
34 97 165732 0
55 60 165740 0
23 69 165749 0
57 55 165824 0
32 91 165841 0
55 62 165882 0
109 55 165923 1
42 100 165999 0
107 43 166003 1
83 92 166032 0
25 81 166139 0
91 48 166148 0
88 91 166191 0
97 29 166232 1
95 12 166235 1
55 63 166265 0
24 76 166296 0
55 67 166307 0
44 101 166495 0
25 83 166516 0
83 93 166555 0
92 54 166559 0
102 32 166563 1
110 54 166647 1
25 75 166775 0
81 65 166828 1
55 99 166909 0
110 62 166921 1
24 86 166972 0
82 29 167084 1
29 56 167212 0
79 93 167217 0
78 93 167238 0
26 82 167285 0
23 74 167358 0
81 67 167436 1
94 28 167448 1
47 75 167533 1
31 93 167635 0
67 90 167648 0
82 64 167674 1
82 92 167741 0
72 34 167795 1
40 100 167890 0
29 91 167943 0
31 92 167967 0
27 89 167988 0
26 85 168016 0
93 53 168125 0
81 92 168179 0
34 94 168184 0
25 73 168279 0
51 101 168501 0
34 103 168530 0
19 88 168548 0
89 58 168612 0
25 76 168628 0
77 94 168652 0
98 29 168706 1
92 54 168708 0
26 72 168711 0
42 101 168811 0
25 71 168885 0
55 65 168914 0
27 84 168980 0
36 97 169122 0
110 52 169384 1
82 65 169401 1
16 103 169431 0
89 48 169494 0
53 75 169499 1
106 34 169499 1
38 100 169523 0
31 94 169535 0
93 49 169543 0
110 61 169561 1
78 92 169615 0
25 69 169657 0
31 100 169701 0
53 66 169727 0
53 56 169762 0
33 100 170074 0
76 94 170092 0
25 100 170101 0
59 97 170103 0
26 71 170147 0
19 86 170171 0
32 94 170175 0
51 35 170229 1
70 90 170278 0
78 94 170504 0
92 49 170510 0
31 91 170511 0
54 69 170710 0
34 96 170821 0
24 70 170947 0
34 106 170976 0
110 63 171061 1
91 47 171082 0
55 55 171190 0
93 28 171209 1
30 92 171490 0
44 101 171505 0
56 69 171591 0
25 81 171613 0
94 50 171784 0
27 85 171861 0
88 28 171864 1
28 87 172052 0
33 92 172130 0
75 33 172167 1
74 91 172215 0
21 92 172430 0
69 35 172604 1
95 11 172608 1
25 73 172702 0
26 61 172861 0
25 72 172959 0
84 28 172981 1
84 93 173048 0
55 64 173162 0
40 98 173229 0
93 50 173249 0
72 90 173268 0
53 35 173358 1
94 27 173462 1
47 67 173592 1
67 36 173650 1
92 54 173710 0
55 63 173789 0
81 64 173856 1
29 94 174144 0
25 82 174170 0
42 101 174240 0
28 56 174261 0
56 65 174331 0
70 21 174441 1
78 30 174516 1
107 46 174560 1
108 51 174698 1
33 95 174725 0
85 28 174732 1
36 97 174761 0
46 116 174898 0
89 59 174947 0
87 48 174963 0
32 94 175118 0
24 80 175161 0
24 91 175245 0
26 67 175294 0
55 65 175348 0
89 48 175437 0
70 90 175520 0
116 76 175545 1
47 100 175604 0
33 94 175765 0
67 90 176004 0
108 68 176036 1
104 35 176036 1
102 33 176091 1
54 70 176104 0
68 35 176128 1
24 76 176167 0
109 60 176187 1
21 86 176257 0
107 45 176262 1
109 45 176599 1
115 42 176661 1
47 101 176680 0
32 104 176701 0
74 91 176716 0
91 88 176729 0
27 59 176742 0
28 87 176833 0
93 49 176883 0
74 92 176926 0
56 69 176939 0
80 92 177051 0
23 64 177180 0
40 101 177238 0
109 45 177255 0
25 74 177305 0
25 60 177328 0
76 91 177337 0
104 36 177341 1
38 99 177373 0
101 31 177402 1
26 104 177424 0
107 47 177518 1
56 56 177539 0
72 90 177550 0
69 89 177551 0
80 29 177561 1
109 56 177583 1
34 96 177597 0
92 54 177620 0
23 92 177761 0
23 102 177761 0
80 62 177787 1
30 2 177806 0
37 105 177836 0
15 93 177866 0
34 102 177883 0
88 29 177936 1
40 108 177936 0
22 88 177943 0
92 48 178029 0
57 55 178118 0
89 47 178128 0
95 29 178168 1
30 100 178169 0
30 98 178185 0
81 93 178187 0
106 43 178191 1
25 65 178211 0
21 75 178222 0
13 94 178239 0
91 28 178257 1
35 113 178277 0
68 89 178278 0
101 32 178402 1
109 52 178404 1
106 39 178422 1
107 44 178448 1
81 59 178511 1
48 62 178578 1
103 33 178627 1
32 92 178648 0
106 40 178657 1
28 86 178676 0
25 72 178689 0
99 30 178691 1
108 49 178736 1
56 98 178739 0
106 37 178744 1
57 34 178745 1
57 98 178750 0
115 59 178767 1
80 93 178805 0
45 75 178805 1
62 35 178884 1
25 73 178937 0
109 54 178996 1
103 34 179002 1
59 35 179029 1
56 61 179034 0
25 69 179064 0
92 28 179093 1
63 35 179105 1
100 31 179161 1
105 37 179163 1
106 41 179186 1
57 59 179255 0
94 87 179269 0
25 67 179350 0
40 102 179359 0
72 91 179364 0
34 95 179371 0
77 92 179413 0
57 57 179428 0
20 59 179442 0
20 91 179443 0
26 81 179445 0
13 82 179446 0
99 31 179452 1
71 90 179479 0
38 98 179487 0
56 60 179497 0
49 35 179555 1
46 72 179589 1
46 71 179592 1
8 75 179599 0
56 68 179605 0
26 63 179613 0
54 56 179641 0
55 66 179709 0
15 85 179719 0
57 70 179762 0
88 59 179776 0
108 50 179776 1
70 89 179805 0
60 35 179814 1
57 60 179817 0
44 101 179826 0
81 58 179831 1
81 55 179853 1
29 89 179870 0
33 93 179871 0
23 87 179884 0
19 60 179889 0
76 31 179936 1
46 76 179974 1
109 63 180019 1
29 55 180036 0
51 102 180058 0
41 102 180084 0
29 88 180116 0
58 96 180122 0
87 47 180159 0
95 28 180163 1
110 58 180172 1
48 76 180185 1
42 101 180195 0
75 31 180273 1
48 100 180283 0
65 35 180326 1
39 99 180438 0
81 60 180462 1
56 70 180498 0
44 26 180528 1
47 71 180531 1
35 96 180542 0
107 46 180556 1
95 86 180560 0
106 47 180597 1
86 28 180624 1
51 34 180626 1
74 91 180635 0
87 28 180646 1
26 67 180677 0
92 54 180689 0
81 66 180719 1
59 34 180767 1
25 81 180790 0
81 56 180798 1
56 35 180804 1
81 57 180845 1
113 55 180854 1
83 28 180892 1
97 30 180893 1
70 90 180915 0
26 76 180930 0
110 60 180932 1
55 99 180933 0
79 28 180944 1
52 100 180964 0
30 88 180981 0
65 34 181015 1
37 97 181026 0
109 53 181049 1
109 55 181051 1
39 101 181106 0
47 65 181108 1
72 90 181132 0
102 31 181174 1
100 30 181192 1
45 72 181284 1
28 57 181319 0
29 54 181330 0
66 35 181364 1
28 87 181368 0
26 62 181401 0
25 77 181404 0
55 68 181411 0
59 96 181412 0
89 48 181464 0
60 36 181488 1
105 40 181585 1
32 94 181613 0
109 64 181651 1
26 82 181663 0
40 98 181762 0
97 29 181771 1
80 65 181776 1
50 35 181826 1
78 92 181833 0
111 32 181854 1
72 89 181908 0
111 39 181910 1
78 93 181944 0
47 77 182010 1
104 34 182054 1
48 35 182067 1
36 95 182098 0
61 35 182266 1
23 88 182277 0
26 64 182280 0
48 101 182310 0
48 63 182315 1
49 101 182319 0
45 101 182364 0
29 86 182367 0
83 93 182379 0
55 55 182395 0
86 29 182410 1
73 97 182475 0
90 48 182475 0
26 93 182478 0
34 94 182510 0
81 54 182526 1
20 92 182530 0
49 76 182538 1
57 35 182542 1
108 51 182556 1
50 101 182668 0
47 101 182687 0
53 36 182705 1
61 34 182754 1
79 92 182809 0
47 76 182842 1
75 92 182851 0
56 69 182853 0
89 28 182856 1
101 80 182861 1
107 49 182862 1
96 29 182884 1
47 22 182936 1
24 80 182970 0
35 104 182978 0
67 89 183092 0
25 74 183103 0
73 91 183145 0
27 83 183184 0
72 97 183198 0
47 69 183261 1
26 83 183283 0
105 36 183298 1
24 92 183322 0
47 72 183366 1
109 58 183397 1
94 50 183401 0
63 36 183461 1
41 99 183495 0
54 55 183518 0
54 69 183585 0
105 38 183613 1
81 29 183617 1
57 58 183646 0
36 97 183652 0
90 28 183665 1
47 66 183666 1
21 89 183667 0
47 100 183702 0
69 36 183752 1
110 57 183758 1
81 61 183760 1
41 105 183784 0
23 98 183821 0
57 54 183824 0
52 34 183845 1
32 91 183850 0
51 28 183861 1
47 74 183911 1
96 28 183924 1
109 51 183933 1
84 29 183972 1
73 33 183992 1
34 95 184018 0
73 90 184033 0
94 28 184097 1
54 98 184098 0
107 47 184123 1
89 27 184123 1
62 36 184168 1
83 51 184177 1
51 100 184178 0
83 29 184188 1
110 64 184229 1
90 88 184235 0
111 64 184368 1
94 51 184387 0
30 90 184461 0
46 73 184466 1
74 33 184494 1
109 62 184496 1
68 36 184514 1
55 63 184559 0
42 100 184574 0
26 63 184584 0
98 29 184665 1
20 64 184687 0
104 35 184705 1
52 99 184724 0
12 49 184758 0
74 94 184767 0
56 65 184768 0
27 84 184770 0
19 91 184790 0
93 52 184806 0
24 86 184821 0
48 61 184885 1
25 79 184887 0
106 38 184926 1
68 89 184995 0
55 65 185080 0
15 106 185081 0
38 99 185083 0
48 64 185086 1
27 85 185114 0
38 97 185120 0
25 80 185137 0
5 71 185139 0
56 62 185156 0
91 28 185196 1
83 92 185221 0
62 95 185233 0
81 62 185251 1
25 72 185271 0
93 28 185316 1
32 92 185409 0
55 35 185511 1
34 96 185545 0
82 92 185552 0
25 64 185578 0
25 62 185652 0
46 102 185678 0
109 59 185743 1
26 71 185750 0
40 101 185871 0
30 92 185946 0
26 67 185992 0
39 97 186022 0
28 87 186039 0
85 92 186085 0
26 81 186146 0
64 35 186157 1
28 88 186238 0
67 35 186257 1
27 60 186273 0
86 92 186359 0
36 98 186369 0
26 64 186382 0
52 101 186403 0
107 48 186433 1
110 59 186450 1
47 102 186529 0
59 36 186643 1
102 78 186692 1
113 59 186800 1
58 34 186801 1
101 31 186867 1
82 57 186904 1
26 65 186994 0
52 35 187086 1
53 34 187148 1
103 34 187237 1
46 69 187385 1
24 81 187526 0
31 91 187684 0
27 83 187689 0
30 87 187764 0
28 86 187853 0
26 72 187863 0
70 90 187909 0
24 69 188091 0
77 31 188143 1
92 54 188150 0
90 89 188193 0
36 106 188238 0
80 30 188337 1
50 76 188384 1
46 75 188388 1
24 80 188464 0
60 96 188483 0
81 92 188525 0
110 56 188581 1
106 40 188626 1
100 81 188641 1
43 101 188669 0
27 86 188709 0
91 47 188726 0
56 72 188917 0
109 65 189099 1
103 33 189115 1
11 83 189156 0
37 97 189179 0
100 31 189180 1
25 111 189199 0
75 94 189218 0
46 70 189218 1
102 32 189226 1
20 42 189227 0
20 97 189234 0
42 101 189263 0
54 84 189274 0
54 35 189274 1
25 88 189288 0
93 53 189295 0
27 91 189299 0
38 98 189303 0
37 109 189310 0
107 45 189320 1
15 86 189322 0
81 63 189347 1
43 102 189382 0
55 56 189421 0
32 105 189423 0
94 51 189491 0
29 107 189547 0
110 55 189558 1
107 46 189568 1
108 49 189577 1
27 82 189579 0
93 49 189663 0
110 62 189671 1
80 92 189704 0
75 98 189741 0
58 97 189749 0
74 91 189754 0
19 67 189769 0
108 47 189770 1
110 58 189782 1
46 101 189789 0
108 48 189794 1
105 37 189807 1
84 96 189808 0
30 91 189808 0
24 77 189811 0
101 32 189813 1
28 95 189891 0
15 75 189951 0
31 96 189956 0
40 81 189983 1
109 53 189994 1
24 61 190026 0
14 113 190037 0
87 60 190052 0
25 66 190067 0
69 95 190069 0
33 107 190073 0
47 105 190093 0
19 82 190107 0
21 62 190111 0
54 58 190120 0
92 28 190124 1
73 90 190125 0
37 116 190127 0
39 107 190132 0
109 52 190138 1
55 69 190141 0
38 97 190144 0
95 85 190146 0
85 99 190148 0
60 59 190150 1
11 95 190158 0
30 88 190160 0
91 89 190195 0
25 58 190196 0
69 89 190214 0
89 89 190219 0
72 90 190228 0
43 120 190236 0
77 92 190248 0
89 47 190259 0
76 91 190266 0
13 73 190278 0
17 89 190290 0
55 67 190320 0
34 108 190342 0
53 55 190348 0
33 96 190348 0
110 61 190409 1
93 51 190430 0
89 48 190435 0
23 93 190438 0
9 123 190447 0
18 105 190456 0
74 92 190475 0
36 104 190480 0
34 95 190484 0
29 94 190489 0
15 98 190495 0
25 70 190510 0
88 28 190541 1
18 97 190556 0
10 86 190562 0
109 66 190592 1
81 55 190601 1
108 50 190613 1
107 44 190638 1
30 53 190669 0
107 43 190674 1
97 29 190688 1
44 100 190743 0
99 29 190752 1
97 28 190792 1
93 88 190806 0
29 106 190814 0
31 92 190834 0
93 87 190854 0
109 67 190875 1
25 74 190895 0
107 70 190901 1
95 28 190929 1
110 60 190930 1
99 30 190931 1
101 30 190953 1
29 53 190954 0
26 65 190993 0
87 90 191025 0
70 89 191044 0
90 47 191103 0
94 50 191110 0
59 35 191123 1
82 92 191165 0
110 65 191166 1
110 57 191171 1
47 101 191183 0
106 32 191221 1
108 48 191260 1
107 42 191263 1
82 52 191335 1
98 28 191340 1
111 58 191344 1
57 97 191347 0
67 29 191364 1
81 59 191410 1
78 92 191418 0
106 39 191418 1
57 61 191446 0
46 74 191473 1
37 96 191482 0
110 63 191482 1
72 89 191498 0
109 46 191498 1
63 31 191502 1
105 36 191511 1
108 46 191515 1
93 86 191517 0
92 27 191526 1
26 64 191531 0
42 102 191534 0
107 46 191543 1
104 36 191552 1
100 30 191567 1
81 65 191567 1
82 56 191577 1
86 48 191594 0
107 41 191612 1
82 55 191619 1
81 56 191620 1
109 54 191633 1
110 54 191639 1
81 53 191643 1
109 50 191653 1
104 33 191667 1
92 48 191672 0
108 49 191673 1
108 45 191684 1
81 57 191689 1
111 66 191715 1
69 35 191723 1
68 35 191729 1
81 64 191749 1
109 51 191769 1
103 76 191776 1
56 34 191794 1
47 62 191799 1
81 52 191804 1
85 29 191829 1
107 45 191868 1
60 35 191871 1
55 98 191911 0
103 33 191911 1
104 34 191933 1
81 54 191969 1
106 37 191972 1
110 58 191987 1
71 34 191993 1
93 54 191996 0
100 29 192000 1
101 31 192005 1
23 67 192006 0
92 54 192008 0
107 47 192008 1
110 59 192079 1
110 56 192083 1
103 35 192083 1
103 34 192083 1
110 62 192086 1
44 101 192111 0
91 28 192133 1
51 35 192133 1
53 35 192144 1
81 61 192151 1
107 39 192192 1
67 90 192195 0
82 66 192195 1
87 28 192233 1
81 66 192233 1
55 34 192242 1
48 76 192243 1
107 40 192255 1
81 60 192268 1
54 55 192285 0
79 92 192311 0
107 44 192325 1
57 35 192336 1
88 60 192338 0
91 50 192341 0
83 92 192349 0
104 35 192350 1
98 29 192361 1
82 28 192371 1
61 96 192376 0
106 38 192376 1
63 35 192383 1
33 94 192397 0
56 35 192398 1
110 55 192401 1
96 28 192406 1
33 92 192418 0
32 94 192420 0
96 85 192455 0
92 87 192456 0
47 64 192463 1
57 55 192467 0
54 100 192488 0
94 51 192493 0
56 68 192502 0
91 47 192511 0
84 28 192516 1
81 55 192517 1
52 33 192526 1
82 53 192536 1
26 63 192548 0
83 65 192552 1
110 53 192566 1
57 70 192577 0
81 62 192594 1
61 35 192636 1
93 27 192636 1
81 28 192658 1
80 92 192740 0
111 50 192751 1
62 94 192763 0
73 34 192778 1
22 66 192780 0
66 35 192788 1
40 98 192799 0
26 76 192868 0
54 34 192877 1
99 28 192888 1
79 93 192901 0
97 28 192909 1
109 53 192974 1
82 56 192982 1
62 54 192982 1
62 35 192982 1
82 51 192989 1
25 73 192990 0
103 77 193009 1
47 73 193011 1
27 58 193055 0
106 41 193056 1
105 32 193063 1
105 35 193075 1
53 99 193082 0
93 28 193098 1
68 33 193116 1
28 87 193122 0
56 69 193124 0
69 34 193126 1
36 95 193141 0
109 68 193159 1
47 75 193172 1
74 32 193172 1
51 34 193188 1
109 52 193206 1
48 75 193214 1
82 29 193217 1
81 92 193232 0
29 37 193239 1
29 88 193239 0
33 93 193241 0
82 65 193241 1
107 43 193254 1
79 30 193297 1
51 101 193300 0
48 100 193324 0
29 86 193327 0
26 61 193339 0
82 60 193349 1
53 22 193358 1
109 55 193382 1
56 54 193387 0
90 58 193403 0
77 92 193421 0
69 88 193423 0
108 42 193449 1
57 56 193470 0
47 70 193498 1
59 34 193514 1
92 26 193519 1
47 35 193532 1
90 47 193533 0
34 94 193571 0
46 76 193572 1
108 70 193576 1
46 34 193617 1
46 72 193617 1
103 32 193647 1
26 60 193674 0
50 34 193682 1
110 57 193685 1
95 28 193703 1
49 34 193720 1
48 34 193729 1
76 91 193735 0
94 28 193743 1
32 92 193744 0
26 82 193745 0
56 65 193774 0
60 34 193775 1
81 63 193790 1
70 35 193809 1
73 90 193829 0
54 99 193839 0
102 29 193885 1
46 68 193894 1
87 47 193896 0
107 46 193918 1
26 62 193958 0
47 67 193961 1
53 98 193992 0
79 29 193999 1
34 49 194008 0
110 60 194018 1
85 28 194042 1
48 36 194079 1
89 28 194092 1
83 28 194128 1
45 99 194134 0
41 99 194153 0
63 94 194154 0
57 34 194155 1
81 30 194162 1
97 29 194197 1
37 96 194199 0
93 47 194215 0
83 66 194226 1
74 91 194233 0
52 34 194256 1
103 31 194256 1
82 92 194262 0
27 83 194279 0
51 76 194301 1
66 90 194310 0
53 74 194317 1
40 101 194328 0
81 59 194339 1
55 55 194350 0
26 68 194350 0
26 71 194380 0
89 47 194381 0
44 100 194394 0
55 64 194395 0
71 90 194430 0
60 96 194430 0
52 56 194431 0
31 91 194489 0
28 59 194492 0
82 64 194493 1
26 65 194499 0
68 31 194504 1
26 67 194515 0
26 76 194537 0
105 36 194551 1
90 27 194553 1
39 97 194564 0
30 88 194584 0
70 34 194642 1
38 97 194643 0
32 91 194655 0
101 30 194656 1
82 58 194662 1
48 35 194664 1
56 70 194667 0
27 57 194669 0
108 49 194681 1
46 71 194684 1
100 31 194729 1
72 89 194758 0
92 88 194758 0
48 76 194769 1
49 76 194780 1
75 92 194781 0
52 99 194783 0
78 30 194784 1
27 72 194812 0
55 66 194827 0
87 29 194830 1
50 35 194834 1
69 89 194847 0
53 34 194860 1
25 75 194873 0
59 35 194886 1
73 91 194909 0
108 48 194955 1
110 64 194965 1
101 32 194967 1
55 54 194968 0
42 100 194978 0
49 59 194981 1
47 100 194984 0
46 35 194997 1
27 84 195000 0
65 35 195005 1
56 64 195008 0
109 42 195008 1
109 61 195008 1
102 32 195008 1
78 92 195044 0
27 59 195048 0
25 78 195060 0
56 62 195070 0
30 55 195076 0
71 35 195078 1
91 88 195090 0
66 34 195101 1
55 34 195103 1
80 29 195111 1
35 96 195113 0
26 72 195131 0
30 87 195141 0
100 30 195142 1
25 76 195148 0
106 36 195164 1
26 81 195184 0
45 101 195189 0
81 56 195209 1
110 61 195210 1
102 28 195261 1
109 64 195282 1
103 33 195323 1
49 35 195331 1
48 65 195336 1
107 45 195344 1
83 63 195345 1
29 86 195353 0
116 54 195377 1
76 30 195418 1
56 98 195430 0
47 65 195435 1
68 35 195466 1
57 57 195484 0
85 92 195502 0
94 50 195513 0
91 27 195517 1
89 27 195534 1
46 102 195541 0
79 92 195548 0
109 51 195554 1
26 64 195561 0
33 93 195569 0
58 34 195570 1
101 29 195575 1
57 35 195604 1
92 28 195604 1
55 35 195628 1
87 95 195661 0
110 54 195665 1
46 74 195680 1
109 65 195695 1
24 76 195707 0
60 97 195749 0
19 77 195765 0
87 57 195769 1
87 92 195769 0
57 59 195779 0
54 98 195782 0
110 56 195789 1
48 60 195805 1
26 59 195825 0
28 86 195837 0
63 34 195884 1
92 27 195913 1
52 100 195924 0
47 63 195933 1
72 90 195940 0
73 92 195968 0
26 83 195970 0
108 51 195973 1
47 74 195980 1
27 82 196020 0
81 60 196026 1
26 82 196042 0
110 58 196056 1
49 101 196059 0
25 71 196097 0
81 54 196099 1
80 93 196099 0
33 92 196111 0
39 99 196134 0
58 54 196168 0
28 58 196182 0
90 47 196199 0
101 31 196238 1
25 83 196250 0
18 85 196251 0
64 34 196257 1
57 60 196277 0
82 56 196286 1
110 63 196309 1
27 60 196313 0
56 68 196332 0
51 34 196333 1
93 27 196348 1
59 97 196351 0
23 70 196384 0
73 101 196395 0
81 62 196395 1
55 61 196396 0
53 100 196421 0
67 35 196446 1
92 54 196448 0
32 95 196452 0
36 95 196452 0
40 98 196468 0
63 35 196483 1
56 34 196483 1
87 91 196484 0
21 88 196484 0
76 92 196500 0
47 68 196510 1
45 34 196512 1
91 28 196514 1
56 35 196541 1
48 63 196542 1
96 28 196570 1
51 75 196570 1
45 72 196598 1
86 27 196598 1
109 49 196615 1
107 34 196645 1
82 59 196662 1
34 94 196667 0
32 92 196674 0
80 92 196683 0
103 75 196689 1
50 99 196736 0
81 93 196756 0
52 75 196761 1
57 54 196777 0
40 105 196784 0
110 59 196798 1
69 35 196832 1
26 70 196834 0
83 64 196842 1
68 89 196864 0
58 96 196881 0
30 110 196904 0
37 96 196910 0
56 97 196930 0
37 97 196932 0
90 28 196941 1
33 94 196952 0
86 28 196974 1
94 27 197005 1
106 40 197029 1
57 56 197052 0
98 29 197060 1
27 85 197062 0
35 45 197066 0
46 101 197067 0
61 35 197081 1
82 57 197081 1
48 101 197094 0
38 98 197108 0
104 33 197118 1
94 51 197150 0
69 88 197185 0
26 63 197197 0
99 29 197204 1
81 61 197276 1
104 34 197303 1
60 35 197314 1
91 47 197341 0
51 35 197342 1
110 55 197379 1
26 68 197381 0
26 65 197412 0
66 35 197422 1
52 76 197453 1
87 28 197532 1
82 62 197548 1
109 50 197550 1
45 100 197571 0
110 62 197642 1
109 66 197662 1
84 28 197670 1
68 36 197671 1
103 34 197688 1
48 64 197697 1
27 83 197707 0
81 55 197708 1
32 50 197725 0
34 99 197726 0
84 29 197729 1
48 75 197739 1
24 80 197744 0
84 64 197798 1
105 34 197802 1
34 95 197866 0
47 66 197904 1
48 62 197931 1
56 65 198015 0
106 37 198027 1
81 92 198065 0
54 34 198099 1
52 34 198125 1
88 27 198136 1
25 72 198137 0
48 61 198152 1
56 61 198186 0
37 98 198205 0
44 100 198218 0
106 38 198223 1
40 100 198257 0
46 73 198267 1
60 96 198281 0
86 92 198283 0
61 34 198286 1
53 33 198376 1
103 23 198395 1
47 71 198396 1
55 70 198398 0
64 33 198411 1
70 89 198412 0
30 88 198413 0
65 34 198456 1
102 31 198466 1
81 29 198483 1
98 28 198489 1
47 23 198498 1
106 43 198516 1
83 92 198545 0
81 64 198585 1
107 47 198620 1
109 52 198621 1
47 101 198640 0
57 33 198670 1
44 36 198681 1
30 87 198699 0
77 92 198798 0
78 31 198800 1
48 74 198860 1
26 61 198871 0
107 38 198898 1
82 61 198909 1
55 54 198955 0
108 82 199055 1
77 30 199058 1
47 69 199078 1
107 44 199078 1
47 34 199088 1
48 76 199090 1
47 75 199121 1
56 54 199130 0
36 97 199149 0
82 55 199164 1
26 71 199171 0
51 100 199172 0
88 28 199208 1
61 95 199239 0
47 72 199262 1
64 35 199291 1
39 97 199323 0
72 33 199342 1
55 63 199363 0
26 76 199376 0
29 89 199408 0
109 40 199429 1
38 97 199435 0
95 11 199474 0
48 67 199484 1
32 91 199544 0
94 49 199546 0
34 96 199574 0
108 47 199577 1
109 63 199602 1
55 65 199609 0
92 87 199636 0
107 37 199658 1
93 47 199669 0
49 60 199716 1
43 38 199786 1
57 70 199793 0
50 101 199803 0
46 69 199808 1
56 64 199822 0
107 41 199822 1
46 100 199830 0
47 99 199847 0
32 100 199902 0
95 28 199966 1
59 34 199997 1
0 0 200010 0
