40 80 0 0
22 63 108 0
48 65 176 0
28 74 287 0
73 79 427 0
58 56 664 1
64 58 723 1
25 73 826 0
86 52 875 1
69 77 1114 0
26 73 1228 0
45 64 1254 0
43 63 1269 0
85 65 1401 0
83 84 1468 0
51 51 1578 1
46 64 1661 0
74 81 1672 0
72 79 1928 0
78 82 2007 0
47 64 2133 0
43 50 2323 1
30 77 2399 0
77 82 2551 0
27 74 3238 0
43 67 3260 1
23 68 3279 0
22 68 3563 0
102 49 3600 1
98 61 3777 0
68 77 3889 0
33 79 3925 0
28 74 4034 0
33 51 4157 1
32 52 4158 1
34 51 4158 1
58 78 4235 0
41 80 4252 0
106 50 4336 1
40 66 4407 1
107 52 4488 1
72 80 4577 0
61 56 4614 1
94 74 4629 1
94 73 4651 1
23 66 4663 0
87 66 4667 0
101 49 4747 1
27 73 4808 0
54 53 4828 1
100 61 4835 0
50 52 4883 1
29 78 5035 0
67 75 5112 0
104 60 5146 0
96 69 5148 1
49 80 5284 0
69 77 5299 0
38 63 5551 0
26 73 5667 0
37 7 5669 0
23 73 5716 0
46 64 5727 0
92 51 5745 1
68 58 5806 1
87 64 5914 0
102 61 5935 0
97 49 5950 1
100 49 6022 1
87 65 6057 0
43 66 6098 1
37 63 6164 0
103 49 6216 1
49 51 6433 1
72 78 6522 0
85 64 6565 0
25 74 6591 0
77 82 6642 0
74 56 6877 1
83 65 6886 0
88 66 6902 0
106 49 6902 1
74 80 6943 0
86 53 7135 1
107 54 7190 1
83 66 7242 0
47 64 7318 0
42 79 7339 0
51 77 7347 0
42 64 7367 0
65 74 7564 0
74 57 7648 1
72 79 7658 0
30 76 7720 0
103 48 7721 1
106 51 7748 1
56 90 7750 1
47 66 7831 1
67 58 7863 1
51 53 7877 1
81 71 7959 1
107 53 7974 1
59 56 7989 1
74 81 7992 0
84 53 8036 1
65 58 8071 1
80 70 8178 1
57 55 8222 1
59 55 8242 1
87 68 8261 0
70 57 8270 1
80 53 8276 1
96 70 8314 1
85 84 8360 0
82 71 8360 1
30 77 8383 0
78 82 8404 0
93 51 8409 1
86 84 8429 0
71 57 8478 1
47 79 8545 0
44 66 8600 1
60 56 8605 1
42 80 8643 0
79 70 8678 1
46 49 8679 1
28 74 8683 0
42 48 8708 1
40 49 8802 1
23 66 8819 0
66 74 8820 0
26 71 8831 0
37 80 8845 0
70 78 8875 0
24 58 8880 0
47 50 9023 1
102 48 9102 1
87 66 9158 0
79 82 9187 0
58 54 9226 1
88 65 9305 0
107 50 9313 1
69 77 9487 0
97 70 9502 1
27 74 9592 0
75 81 9643 0
56 54 9679 1
49 63 9690 0
51 52 9715 1
87 83 9741 0
37 79 9746 0
5 61 9812 1
85 52 9830 1
27 72 9853 0
82 53 9878 1
99 60 9933 0
44 48 10040 1
71 77 10065 0
25 70 10072 0
44 49 10155 1
83 53 10164 1
77 55 10193 1
34 50 10226 1
30 51 10274 1
50 79 10294 0
41 47 10317 1
50 78 10362 0
39 65 10376 1
107 55 10379 1
62 57 10383 1
84 85 10499 0
56 90 10514 0
29 76 10527 0
53 52 10531 1
67 75 10558 0
45 63 10569 0
29 75 10569 0
70 77 10571 0
35 50 10588 1
46 64 10596 0
26 73 10680 0
87 65 10731 0
52 52 10852 1
23 68 10908 0
46 79 10974 0
41 79 10976 0
42 66 11005 1
80 54 11068 1
32 0 11074 1
39 48 11089 1
77 54 11103 1
79 55 11256 1
69 57 11273 1
99 48 11305 1
51 78 11322 0
55 51 11330 1
50 51 11336 1
30 76 11359 0
43 47 11424 1
45 49 11451 1
53 53 11463 1
77 82 11474 0
68 75 11500 0
55 53 11619 1
48 50 11625 1
13 72 11678 1
107 51 11695 1
38 101 11697 1
31 51 11714 1
49 52 11714 1
15 75 11714 1
1 112 11715 1
99 124 11722 1
33 10 11732 1
101 48 11734 1
40 47 11735 1
123 126 11749 1
108 54 11766 1
29 51 11768 1
96 66 11789 1
23 61 11813 0
104 47 11820 1
0 106 11845 1
11 2 11850 1
61 57 11855 1
43 48 11859 1
56 90 11862 1
70 15 11862 1
98 102 11866 1
5 102 11887 1
85 65 11891 0
57 105 11923 1
79 83 11973 0
23 59 12033 0
91 50 12043 1
63 58 12057 1
96 50 12060 1
39 66 12106 1
43 63 12111 0
95 11 12137 1
72 78 12140 0
96 65 12240 1
104 49 12257 1
63 57 12278 1
79 54 12326 1
90 51 12365 1
95 50 12368 1
70 58 12389 1
39 78 12407 0
105 49 12437 1
102 49 12495 1
45 66 12547 1
43 64 12581 0
26 72 12584 0
106 50 12644 1
27 73 12811 0
56 90 12832 0
34 79 12840 0
43 79 12928 0
71 79 12933 0
87 52 13098 1
32 51 13153 1
38 63 13182 0
48 51 13183 1
104 48 13227 1
25 71 13344 0
96 67 13358 1
40 64 13460 0
103 49 13530 1
60 57 13532 1
100 49 13533 1
40 78 13538 0
41 66 13592 1
39 49 13598 1
69 76 13621 0
23 66 13642 0
49 51 13656 1
28 74 13683 0
54 53 13739 1
82 83 13742 0
106 49 13814 1
24 65 13897 0
23 71 13956 0
38 80 13994 0
83 71 14138 1
107 56 14196 1
95 72 14237 1
47 64 14239 0
25 70 14292 0
25 72 14315 0
45 48 14357 1
46 48 14391 1
50 52 14414 1
67 77 14437 0
98 61 14621 0
96 68 14687 1
73 80 14707 0
22 81 14713 0
87 66 14747 0
81 54 14748 1
23 62 14777 0
83 85 14879 0
36 79 15038 0
78 43 15123 0
30 76 15232 0
74 80 15237 0
68 75 15344 0
77 44 15357 0
33 10 15361 0
107 52 15380 1
34 80 15401 0
50 78 15487 0
58 55 15530 1
41 80 15542 0
84 86 15633 0
87 64 15683 0
56 53 15798 1
57 54 15882 1
33 78 15891 0
45 47 15895 1
11 2 15896 0
30 77 16056 0
86 67 16147 0
32 78 16164 0
38 48 16212 1
85 64 16414 0
79 83 16436 0
73 79 16489 0
41 49 16608 1
55 52 16626 1
56 90 16802 1
36 78 16853 0
99 49 17004 1
41 63 17076 0
93 50 17221 1
56 90 17249 0
51 52 17328 1
81 83 17404 0
96 64 17499 1
44 81 17609 0
91 51 17634 1
71 81 17711 0
39 63 17743 0
81 71 17768 1
101 49 18034 1
78 82 18090 0
66 75 18112 0
54 52 18235 1
29 77 18235 0
37 7 18266 1
109 45 18298 1
98 49 18501 1
23 58 18564 0
65 103 18621 1
109 45 18621 0
35 79 18640 0
37 48 18683 1
73 114 18833 0
91 43 18864 0
26 73 18919 0
69 77 18987 0
30 79 19026 0
83 54 19099 1
39 80 19126 0
79 70 19144 1
99 61 19173 0
85 39 19290 0
23 60 19294 0
82 71 19310 1
26 71 19314 0
10 1 19323 0
80 71 19392 1
75 56 19392 1
74 81 19428 0
96 69 19467 1
94 50 19488 1
53 77 19549 0
86 66 19567 0
107 53 19605 1
80 70 19641 1
36 79 19644 0
100 61 19665 0
26 75 19693 0
66 58 19722 1
96 71 19735 1
24 74 19944 0
79 69 19948 1
69 58 19983 1
35 78 19986 0
64 58 19987 1
60 56 20056 1
87 82 20141 0
105 48 20150 1
79 82 20183 0
44 47 20189 1
40 48 20196 1
68 58 20209 1
96 63 20216 1
103 48 20291 1
68 75 20309 0
21 67 20340 0
46 66 20351 1
40 80 20371 0
72 79 20481 0
56 90 20501 1
71 58 20512 1
84 84 20515 0
81 53 20521 1
30 52 20564 1
97 49 20579 1
83 52 20660 1
61 56 20671 1
79 83 20676 0
27 72 20685 0
88 65 20706 0
25 72 20747 0
100 48 20753 1
68 57 20781 1
67 58 20855 1
62 57 20856 1
59 56 20883 1
73 56 20936 1
46 49 20954 1
58 54 21031 1
65 58 21039 1
84 53 21079 1
27 74 21085 0
88 66 21086 0
44 66 21148 1
37 49 21150 1
44 80 21160 0
30 76 21179 0
45 67 21214 1
40 79 21216 0
66 74 21234 0
72 57 21291 1
49 78 21298 0
36 80 21301 0
71 78 21309 0
86 64 21322 0
25 70 21348 0
47 50 21356 1
22 71 21411 0
32 78 21452 0
81 83 21507 0
66 57 21520 1
52 78 21546 0
57 55 21580 1
107 57 21582 1
83 84 21591 0
24 65 21704 0
76 56 21737 1
36 78 21774 0
87 64 21814 0
26 74 21820 0
94 49 21825 1
42 79 21873 0
86 52 21901 1
23 66 21956 0
65 57 21970 1
96 70 22011 1
50 78 22086 0
45 79 22156 0
71 57 22168 1
67 57 22218 1
70 77 22238 0
77 82 22283 0
70 57 22348 1
47 49 22351 1
44 63 22366 0
85 85 22415 0
106 50 22436 1
79 53 22448 1
85 53 22457 1
72 78 22457 0
43 80 22468 0
96 72 22495 1
43 49 22505 1
49 50 22520 1
95 49 22530 1
24 61 22534 0
35 80 22561 0
102 48 22562 1
86 85 22566 0
99 60 22577 0
71 77 22582 0
49 63 22591 0
96 67 22592 1
45 63 22634 0
55 54 22735 1
106 51 22757 1
95 68 22782 1
77 56 22787 1
59 55 22789 1
50 51 22794 1
83 65 22890 0
46 64 22929 0
82 53 22930 1
56 54 22969 1
51 77 22986 0
41 48 22991 1
61 57 23000 1
103 49 23035 1
74 56 23048 1
67 75 23068 0
69 76 23099 0
85 71 23106 1
58 76 23112 0
64 57 23139 1
87 65 23163 0
69 80 23169 0
49 51 23172 1
33 51 23178 1
96 66 23180 1
47 67 23230 1
106 49 23307 1
44 49 23317 1
107 51 23325 1
29 75 23328 0
57 77 23429 0
51 51 23474 1
42 66 23579 1
53 52 23580 1
78 54 23610 1
107 50 23611 1
39 65 23613 1
80 84 23623 0
44 48 23647 1
52 52 23729 1
40 64 23742 0
48 50 23760 1
37 79 23813 0
87 66 23816 0
28 74 23854 0
93 75 23861 1
82 83 23960 0
102 49 23970 1
79 82 24001 0
43 63 24010 0
43 65 24019 1
83 53 24022 1
105 49 24052 1
46 50 24083 1
68 75 24105 0
63 57 24107 1
24 63 24136 0
81 85 24166 0
36 50 24253 1
62 56 24358 1
24 57 24391 0
78 82 24464 0
79 70 24477 1
53 53 24554 1
107 55 24563 1
88 51 24576 1
27 72 24586 0
23 56 24657 0
45 80 24667 0
36 79 24715 0
73 79 24720 0
23 61 24734 0
46 67 24737 1
82 71 24759 1
48 66 24792 1
20 74 24807 0
53 77 24911 0
27 73 24919 0
63 73 24935 0
57 53 24949 1
84 71 25070 1
33 77 25103 0
76 81 25115 0
26 71 25135 0
49 64 25135 0
24 58 25171 0
47 66 25181 1
95 73 25282 1
65 74 25294 0
45 49 25314 1
96 65 25353 1
86 53 25379 1
30 76 25407 0
81 83 25436 0
84 84 25450 0
71 78 25452 0
41 66 25460 1
51 52 25520 1
55 53 25522 1
32 50 25529 1
101 60 25592 0
86 64 25622 0
79 83 25648 0
81 71 25773 1
25 71 25811 0
93 76 25830 1
28 73 25908 0
36 78 25966 0
100 49 25998 1
43 66 26015 1
57 54 26152 1
41 65 26152 1
34 50 26173 1
44 63 26204 0
83 71 26255 1
2 2 26269 0
48 34 26273 0
45 66 26333 1
33 50 26397 1
32 78 26408 0
24 65 26424 0
105 50 26433 1
75 81 26464 0
96 49 26521 1
96 68 26587 1
35 49 26587 1
72 58 26595 1
90 68 26604 0
54 53 26604 1
50 51 26614 1
63 72 26653 0
80 85 26693 0
60 55 26763 1
109 45 26791 1
85 84 26824 0
41 87 26839 0
109 45 26852 0
52 51 26877 1
90 50 27000 1
88 83 27025 0
31 51 27094 1
35 50 27128 1
39 78 27155 0
80 70 27229 1
25 72 27284 0
47 50 27285 1
40 78 27362 0
25 67 27378 0
80 53 27387 1
5 61 27394 1
69 77 27457 0
55 52 27503 1
69 57 27503 1
50 52 27568 1
49 52 27669 1
74 78 27680 0
46 80 27746 0
26 82 27802 1
60 56 27821 1
43 48 27823 1
89 51 27855 1
24 60 27858 0
56 53 27999 1
56 52 28000 1
43 67 28001 1
107 52 28001 1
46 49 28002 1
23 68 28008 0
61 56 28016 1
70 58 28030 1
41 47 28066 1
54 78 28075 0
104 49 28137 1
107 54 28359 1
42 47 28409 1
24 69 28438 0
33 77 28438 0
30 51 28548 1
35 78 28721 0
48 49 28727 1
25 70 28757 0
101 48 28818 1
39 47 28856 1
63 73 28977 0
103 48 28992 1
33 78 29000 0
43 81 29037 0
24 70 29045 0
76 81 29055 0
85 52 29064 1
71 78 29069 0
62 57 29071 1
49 64 29211 0
67 59 29215 1
56 90 29217 0
24 56 29246 0
101 60 29275 0
40 65 29364 1
28 73 29416 0
29 75 29441 0
24 63 29460 0
26 72 29463 0
96 50 29522 1
87 52 29540 1
47 78 29582 0
58 54 29702 1
70 77 29722 0
80 54 29799 1
105 59 29810 0
29 76 29850 0
80 84 29909 0
95 50 29922 1
42 48 29958 1
63 56 30062 1
45 48 30062 1
115 59 30102 1
50 78 30175 0
23 62 30269 0
95 74 30276 1
40 49 30404 1
91 79 30447 1
23 67 30451 0
94 75 30508 1
108 55 30554 1
56 90 30730 1
106 114 30743 1
41 63 30798 0
67 76 30821 0
58 47 30866 1
41 80 31197 0
82 65 31235 0
24 61 31274 0
107 53 31436 1
44 63 31443 0
46 79 31494 0
44 66 31531 1
58 53 31560 1
104 48 31562 1
108 48 31794 1
38 47 31847 1
84 84 31918 0
27 75 31969 0
49 51 32001 1
36 79 32075 0
105 48 32131 1
96 69 32311 1
87 83 32537 0
85 64 32539 0
97 63 32646 1
55 77 32669 0
79 69 32678 1
72 78 32679 0
79 82 32712 0
108 52 32779 1
28 73 32862 0
71 78 32965 0
74 80 32991 0
48 64 33089 0
98 49 33128 1
102 60 33159 0
81 83 33174 0
48 50 33181 1
101 60 33311 0
71 77 33312 0
107 56 33352 1
84 53 33359 1
88 65 33386 0
33 77 33455 0
107 50 33576 1
37 50 33578 1
69 79 33587 0
106 49 33605 1
86 64 33609 0
76 81 33642 0
91 78 33664 1
64 51 33672 1
64 57 33672 1
79 83 33688 0
99 49 33691 1
68 58 33695 1
62 74 33726 0
28 74 33730 0
84 52 33770 1
68 75 33814 0
81 66 33820 0
58 55 33930 1
102 48 33951 1
24 69 33959 0
107 49 33967 1
41 79 33996 0
23 72 34013 0
66 58 34025 1
75 82 34089 0
59 55 34122 1
81 54 34141 1
96 67 34194 1
97 49 34265 1
38 49 34279 1
38 81 34300 0
108 53 34374 1
23 66 34392 0
108 51 34496 1
24 60 34539 0
65 57 34540 1
69 76 34571 0
31 77 34604 0
56 90 34622 0
24 72 34653 0
88 66 34654 0
53 52 34682 1
82 71 34701 1
47 78 34708 0
105 49 34714 1
79 54 34734 1
82 86 34781 0
57 55 34784 1
51 51 34790 1
67 75 34810 0
26 54 34811 1
82 53 34857 1
85 70 34861 1
93 50 34875 1
42 80 34901 0
24 75 34939 0
100 48 34947 1
32 77 34955 0
54 52 34955 1
67 58 34956 1
87 84 34959 0
55 78 34959 0
46 48 34968 1
27 72 34969 0
81 70 34979 1
78 83 35035 0
81 53 35069 1
39 65 35078 1
68 57 35102 1
49 63 35152 0
30 77 35164 0
70 57 35179 1
104 60 35187 0
87 65 35247 0
97 64 35265 1
82 70 35276 1
49 64 35284 0
47 49 35335 1
35 79 35336 0
94 50 35350 1
78 82 35360 0
22 93 35392 0
83 84 35407 0
82 66 35425 0
43 47 35448 1
79 81 35474 0
65 75 35482 0
65 58 35508 1
27 36 35594 0
35 9 35617 0
96 64 35624 1
52 52 35641 1
103 48 35665 1
32 78 35727 0
101 48 35763 1
36 78 35771 0
108 54 35803 1
25 72 35826 0
54 51 35830 1
71 57 35838 1
49 50 35879 1
43 63 35889 0
96 66 35908 1
80 69 35925 1
82 83 35950 0
46 66 36028 1
54 31 36034 0
50 51 36034 1
61 57 36050 1
90 51 36050 1
56 54 36058 1
45 63 36075 0
53 125 36087 0
67 57 36125 1
66 57 36140 1
28 51 36149 1
34 78 36194 0
63 73 36202 0
51 77 36205 0
51 52 36218 1
80 84 36276 0
23 65 36381 0
30 76 36478 0
28 73 36516 0
40 79 36586 0
66 74 36615 0
44 49 36676 1
42 79 36705 0
83 53 36712 1
63 57 36720 1
107 55 36754 1
43 79 36767 0
47 79 36775 0
23 67 36837 0
44 47 36857 1
22 64 36915 0
26 71 36961 0
23 57 36962 0
36 81 36966 0
44 48 36972 1
23 59 36986 0
51 78 36997 0
87 64 37077 0
94 49 37123 1
53 51 37132 1
80 70 37148 1
24 65 37182 0
76 55 37225 1
91 50 37225 1
58 54 37228 1
61 56 37252 1
57 54 37283 1
43 65 37289 1
37 80 37303 0
79 82 37335 0
47 64 37336 0
96 70 37356 1
96 65 37383 1
85 64 37406 0
79 70 37498 1
27 72 37502 0
99 60 37530 0
62 57 37532 1
57 53 37547 1
83 71 37561 1
101 60 37567 0
37 79 37588 0
40 63 37657 0
27 82 37680 0
100 49 37695 1
102 60 37746 0
101 59 37782 0
55 52 37804 1
74 56 37804 1
74 78 37866 0
39 48 37866 1
49 78 37985 0
86 52 38039 1
89 82 38054 0
47 50 38067 1
55 77 38075 0
81 86 38110 0
23 78 38114 0
34 79 38144 0
96 71 38144 1
45 49 38175 1
25 67 38182 0
40 47 38188 1
72 78 38216 0
71 78 38248 0
23 60 38317 0
31 77 38325 0
88 65 38367 0
39 49 38371 1
42 66 38372 1
24 63 38377 0
87 82 38379 0
22 58 38382 0
24 58 38402 0
64 58 38411 1
32 51 38451 1
63 72 38467 0
33 77 38477 0
107 52 38497 1
75 55 38539 1
62 56 38591 1
48 64 38629 0
67 76 38630 0
58 77 38650 0
41 65 38759 1
44 63 38848 0
32 77 38851 0
22 69 38863 0
84 84 38911 0
39 78 38933 0
22 65 38955 0
106 50 38968 1
35 78 39005 0
95 11 39007 0
51 51 39046 1
69 57 39050 1
68 75 39162 0
76 81 39191 0
22 74 39192 0
103 49 39194 1
33 81 39217 0
53 77 39230 0
49 79 39252 0
80 82 39265 0
70 78 39295 0
73 56 39320 1
27 73 39350 0
47 78 39361 0
39 63 39380 0
82 65 39396 0
69 83 39400 0
59 75 39412 0
76 83 39457 0
70 77 39461 0
48 80 39476 0
40 78 39517 0
106 49 39525 1
50 84 39582 0
45 79 39630 0
58 76 39636 0
24 69 39644 0
49 63 39668 0
24 67 39673 0
28 73 39690 0
59 76 39699 0
33 51 39726 1
46 49 39754 1
37 81 39820 0
71 77 39824 0
80 52 39842 1
106 48 39864 1
86 83 39888 0
56 53 39896 1
21 91 39918 0
65 90 39922 0
79 81 39935 0
109 45 39957 1
29 51 40003 1
34 78 40019 0
42 81 40049 0
86 84 40053 0
48 67 40095 1
66 77 40109 0
20 70 40128 0
73 80 40180 0
45 81 40212 0
109 45 40246 0
33 79 40262 0
24 61 40270 0
24 60 40275 0
81 83 40375 0
52 76 40612 0
54 53 40630 1
75 56 40642 1
47 62 40648 0
48 50 40651 1
23 65 40728 0
43 48 40748 1
57 52 40756 1
60 56 40769 1
105 46 40799 1
84 66 40807 0
72 56 40814 1
51 76 40818 0
97 66 40818 1
104 48 40832 1
52 51 40910 1
36 78 40937 0
79 53 40937 1
41 66 41013 1
40 48 41090 1
87 51 41306 1
82 52 41356 1
95 49 41374 1
60 55 41388 1
42 65 41419 1
56 90 41452 1
81 84 41490 0
26 82 41523 1
83 52 41557 1
99 108 41570 1
105 48 41571 1
80 82 41579 0
39 65 41664 1
47 66 41741 1
107 50 41840 1
75 82 41841 0
64 56 41888 1
40 65 42005 1
31 50 42010 1
58 52 42023 1
79 87 42056 0
50 49 42084 1
103 59 42087 0
36 79 42122 0
91 51 42208 1
31 77 42256 0
96 48 42320 1
93 108 42382 1
96 68 42403 1
68 54 42411 1
95 50 42439 1
92 49 42498 1
107 53 42509 1
50 51 42513 1
41 48 42515 1
32 77 42543 0
108 56 42550 1
93 49 42605 1
97 67 42618 1
79 69 42651 1
64 73 42685 0
49 51 42686 1
59 54 42745 1
63 56 42752 1
53 52 42780 1
59 55 42781 1
64 57 42832 1
102 60 42899 0
47 63 42927 0
47 49 42992 1
77 55 43044 1
63 54 43117 1
24 67 43182 0
56 51 43234 1
64 48 43317 1
36 49 43351 1
41 49 43381 1
32 50 43419 1
40 63 43447 0
45 66 43470 1
107 51 43493 1
45 48 43512 1
51 49 43587 1
101 48 43699 1
23 67 43773 0
1 92 43784 1
34 78 43829 0
48 49 43863 1
62 73 43865 0
55 77 43866 0
99 48 43870 1
80 84 43950 0
56 52 43951 1
34 50 44010 1
82 71 44033 1
48 48 44061 1
102 48 44175 1
49 50 44328 1
45 67 44332 1
80 53 44374 1
23 64 44379 0
80 82 44391 0
71 58 44565 1
81 52 44591 1
50 50 44601 1
83 65 44602 0
31 51 44664 1
98 46 44664 1
95 11 44744 1
103 48 44773 1
65 57 44873 1
62 74 45046 0
27 77 45168 0
82 84 45198 0
97 63 45203 1
45 47 45234 1
87 52 45290 1
35 50 45295 1
85 52 45321 1
68 74 45490 0
38 48 45500 1
105 49 45512 1
24 57 45657 0
101 60 45666 0
70 76 45751 0
23 65 45767 0
33 50 45969 1
107 49 46057 1
86 83 46177 0
48 64 46180 0
103 60 46207 0
86 64 46240 0
44 66 46368 1
98 49 46415 1
66 58 46433 1
96 67 46627 1
89 51 46680 1
33 80 46792 0
81 53 46891 1
47 63 46895 0
61 55 46901 1
105 58 46905 0
54 52 46925 1
42 47 46928 1
64 73 46999 0
88 66 47033 0
39 80 47134 0
96 69 47169 1
81 70 47171 1
61 73 47182 0
28 73 47188 0
84 53 47220 1
73 77 47224 0
71 78 47250 0
45 65 47252 1
80 82 47272 0
108 52 47277 1
105 59 47301 0
68 58 47309 1
97 68 47380 1
82 53 47428 1
109 53 47441 1
31 78 47462 0
31 74 47481 0
67 76 47517 0
87 66 47528 0
24 67 47568 0
97 49 47574 1
31 77 47577 0
79 81 47679 0
101 59 47714 0
65 58 47747 1
67 58 47754 1
70 56 47769 1
58 54 47851 1
23 61 47873 0
106 49 47935 1
70 57 47939 1
46 48 47972 1
87 64 47992 0
108 51 48005 1
71 57 48043 1
24 69 48083 0
77 53 48084 1
82 70 48118 1
82 83 48121 0
34 40 48122 1
44 48 48178 1
108 53 48180 1
95 72 48184 1
84 52 48221 1
51 51 48225 1
47 48 48285 1
97 62 48285 1
100 48 48289 1
58 53 48304 1
68 74 48312 0
68 57 48323 1
81 84 48385 0
77 54 48437 1
47 65 48517 1
103 59 48543 0
41 47 48547 1
70 76 48568 0
57 53 48581 1
32 77 48586 0
61 56 48665 1
43 47 48671 1
74 55 48758 1
108 55 48777 1
69 76 48782 0
34 78 48826 0
65 73 48908 0
44 65 48945 1
27 72 48946 0
74 78 48962 0
96 50 49033 1
87 83 49075 0
57 54 49090 1
38 77 49106 0
38 64 49144 1
39 64 49175 1
55 53 49183 1
119 56 49195 1
63 73 49197 0
107 50 49216 1
102 60 49223 0
79 82 49277 0
24 65 49295 0
81 69 49305 1
37 77 49370 0
66 57 49376 1
33 77 49397 0
55 52 49421 1
107 55 49435 1
69 57 49437 1
43 46 49447 1
83 71 49459 1
42 63 49475 0
51 77 49491 0
53 53 49523 1
76 56 49535 1
67 57 49617 1
45 63 49630 0
25 67 49640 0
48 65 49642 1
96 49 49647 1
43 63 49688 0
25 70 49693 0
24 63 49694 0
97 74 49694 1
87 68 49714 0
60 54 49720 1
26 71 49793 0
30 51 49821 1
60 55 49845 1
40 80 49866 0
49 63 49885 0
44 80 49907 0
80 82 49908 0
38 80 49912 0
74 80 49931 0
44 47 49961 1
94 74 49963 1
23 64 49978 0
41 80 49987 0
85 64 50024 0
49 65 50041 1
73 79 50124 0
85 84 50131 0
43 65 50159 1
108 50 50166 1
77 69 50209 1
22 66 50209 0
50 78 50217 0
71 77 50218 0
29 75 50226 0
80 70 50278 1
79 52 50309 1
47 63 50345 0
23 62 50376 0
59 55 50391 1
30 52 50427 1
108 54 50439 1
47 78 50458 0
54 76 50484 0
101 48 50522 1
103 48 50533 1
76 81 50569 0
77 82 50571 0
67 92 50622 0
28 74 50634 0
85 70 50644 1
61 75 50678 0
96 72 50697 1
47 62 50714 0
50 51 50731 1
28 53 50739 1
82 84 50760 0
70 76 50809 0
53 51 50853 1
39 81 50868 0
41 63 50893 0
1 26 50900 0
67 56 50900 1
18 80 50906 0
46 49 50908 1
87 67 50927 0
105 48 50947 1
68 74 50948 0
94 49 51013 1
97 70 51020 1
104 48 51055 1
97 69 51099 1
82 52 51158 1
83 53 51177 1
97 65 51228 1
24 58 51236 0
64 73 51238 0
39 65 51241 1
93 50 51302 1
41 65 51328 1
79 69 51357 1
94 50 51486 1
52 51 51511 1
36 50 51542 1
66 56 51564 1
70 58 51565 1
36 78 51588 0
39 46 51623 1
48 49 51625 1
98 48 51630 1
91 49 51640 1
109 45 51682 1
79 81 51686 0
62 56 51693 1
24 60 51791 0
68 75 51855 0
64 72 51947 0
51 53 51988 1
49 50 51989 1
24 61 52017 0
48 50 52047 1
83 70 52051 1
23 65 52070 0
40 78 52080 0
107 56 52138 1
106 48 52149 1
47 49 52162 1
73 77 52172 0
44 49 52200 1
51 51 52213 1
24 67 52254 0
75 82 52321 0
103 60 52328 0
83 52 52335 1
65 73 52407 0
86 52 52436 1
25 56 52444 0
35 78 52456 0
88 65 52507 0
44 78 52534 0
109 45 52599 0
86 83 52632 0
42 79 52639 0
85 65 52665 0
47 80 52696 0
107 51 52732 1
47 77 52765 0
63 56 52784 1
100 49 52866 1
80 68 52883 1
85 83 52904 0
62 73 52926 0
102 48 52952 1
40 79 52990 0
72 78 52991 0
41 79 53022 0
80 69 53043 1
40 63 53159 0
86 65 53160 0
37 79 53245 0
63 72 53272 0
83 84 53277 0
70 76 53304 0
60 75 53340 0
46 47 53347 1
27 72 53392 0
56 53 53397 1
83 82 53417 0
84 84 53420 0
35 49 53480 1
55 77 53483 0
28 75 53528 0
88 51 53592 1
39 78 53593 0
40 49 53627 1
53 52 53635 1
39 47 53639 1
46 65 53650 1
58 54 53732 1
71 80 53805 0
24 56 53814 0
99 60 53830 0
68 79 53869 0
90 50 53979 1
40 47 53988 1
73 56 53994 1
99 49 54036 1
24 68 54041 0
23 69 54112 0
50 50 54238 1
24 65 54262 0
32 77 54305 0
52 76 54314 0
54 51 54343 1
54 76 54471 0
64 56 54505 1
64 57 54551 1
84 70 54651 1
25 72 54688 0
59 54 54736 1
31 77 54775 0
68 74 54871 0
30 76 54912 0
126 1 54932 1
73 78 54939 0
30 80 54968 0
42 65 54990 1
64 72 55000 0
28 73 55113 0
16 83 55129 0
56 90 55141 0
23 64 55172 0
74 56 55256 1
79 54 55258 1
46 79 55283 0
107 49 55291 1
47 63 55388 0
34 78 55432 0
40 65 55579 1
33 77 55647 0
40 46 55732 1
26 82 55735 1
27 69 55741 0
42 63 55769 0
31 74 55771 0
81 84 55786 0
25 67 55796 0
97 67 55954 1
65 73 55962 0
34 49 55992 1
60 74 56062 0
78 54 56122 1
27 51 56125 1
57 44 56166 1
56 90 56180 1
96 73 56196 1
16 11 56223 1
94 48 56224 1
80 52 56231 1
50 48 56241 1
28 52 56245 1
82 84 56264 0
53 45 56269 1
56 52 56274 1
95 75 56359 1
80 82 56385 0
109 48 56397 1
45 19 56429 1
58 53 56453 1
44 78 56461 0
55 51 56511 1
70 76 56559 0
41 45 56575 1
60 3 56609 1
85 83 56628 0
102 120 56646 1
54 50 56652 1
53 44 56785 1
93 78 56821 1
106 47 56843 1
45 47 56878 1
107 57 56906 1
45 48 56909 1
64 73 56966 0
24 63 57177 0
103 59 57178 0
23 67 57246 0
96 66 57312 1
96 70 57329 1
49 64 57369 0
57 53 57372 1
50 79 57416 0
31 78 57459 0
81 83 57596 0
30 50 57634 1
97 48 57712 1
34 40 57761 1
85 52 57770 1
108 51 57793 1
24 64 57852 0
73 78 57877 0
55 76 57892 0
87 67 57894 0
103 66 57939 1
65 57 58040 1
82 70 58082 1
57 52 58318 1
95 50 58342 1
37 49 58384 1
37 48 58384 1
107 46 58390 1
43 48 58604 1
101 59 58660 0
108 53 58723 1
107 50 58729 1
33 78 58756 0
43 47 58818 1
106 49 58949 1
33 51 58971 1
44 65 58996 1
24 68 59004 0
53 77 59007 0
111 72 59147 1
87 82 59186 0
96 71 59233 1
56 90 59247 0
47 66 59359 1
97 63 59453 1
95 49 59466 1
103 60 59477 0
99 48 59492 1
46 48 59547 1
89 50 59569 1
60 55 59596 1
87 52 59633 1
108 52 59719 1
105 48 59721 1
77 80 59878 0
71 56 59887 1
91 50 59975 1
68 58 60010 1
100 48 60099 1
44 62 60153 0
88 66 60186 0
104 47 60190 1
77 81 60202 0
103 48 60206 1
43 80 60247 0
97 66 60249 1
107 53 60267 1
42 78 60414 0
84 53 60436 1
61 55 60438 1
101 48 60477 1
57 54 60507 1
72 56 60544 1
69 56 60598 1
97 68 60706 1
66 58 60736 1
103 47 60742 1
73 78 60817 0
64 72 60913 0
39 64 60957 1
62 55 60996 1
79 81 61016 0
80 53 61071 1
23 64 61092 0
74 78 61101 0
47 62 61166 0
32 50 61172 1
59 55 61173 1
81 53 61177 1
24 64 61178 0
82 83 61230 0
89 51 61267 1
55 52 61315 1
28 75 61320 0
43 79 61414 0
98 49 61440 1
24 67 61475 0
49 50 61486 1
51 51 61504 1
49 49 61512 1
107 48 61513 1
85 83 61553 0
65 56 61588 1
65 73 61594 0
79 67 61655 1
70 76 61662 0
67 58 61670 1
76 55 61688 1
53 51 61695 1
87 51 61711 1
81 69 61743 1
73 77 61774 0
44 48 61775 1
97 49 61775 1
47 48 61824 1
105 53 61839 1
29 89 61847 0
48 48 61863 1
68 57 61911 1
81 52 61916 1
48 49 61937 1
37 77 61968 0
44 47 61991 1
41 46 62000 1
52 51 62070 1
54 76 62081 0
34 50 62087 1
75 55 62112 1
60 54 62114 1
86 64 62121 0
107 52 62191 1
82 53 62203 1
107 49 62203 1
84 52 62248 1
55 76 62250 0
106 48 62297 1
108 50 62312 1
70 57 62339 1
89 81 62345 0
93 49 62356 1
45 65 62375 1
105 58 62387 0
49 63 62468 0
41 65 62552 1
58 54 62555 1
29 76 62576 0
107 50 62581 1
44 63 62608 0
51 50 62626 1
45 80 62674 0
63 56 62675 1
20 69 62677 0
38 77 62683 0
101 60 62688 0
54 52 62694 1
33 88 62697 0
50 51 62701 1
77 80 62710 0
44 62 62714 0
86 65 62739 0
69 77 62747 0
68 80 62759 0
43 65 62772 1
108 54 62782 1
102 47 62800 1
22 67 62814 0
96 48 62839 1
87 65 62854 0
71 57 62879 1
26 70 62882 0
51 77 62905 0
47 65 62909 1
23 65 62939 0
58 76 62989 0
82 52 62998 1
105 47 63042 1
81 81 63104 0
83 52 63106 1
47 47 63141 1
59 53 63145 1
41 48 63178 1
82 84 63203 0
94 49 63216 1
35 50 63244 1
61 73 63272 0
83 82 63290 0
69 57 63317 1
44 78 63339 0
73 78 63361 0
67 78 63455 0
64 56 63519 1
46 49 63522 1
68 74 63541 0
78 53 63542 1
47 49 63549 1
56 90 63563 1
50 50 63563 1
25 55 63575 0
51 76 63615 0
97 62 63652 1
80 84 63657 0
68 56 63665 1
78 52 63720 1
89 64 63747 0
38 47 63759 1
58 52 63799 1
68 55 63802 1
40 78 63878 0
24 61 63918 0
24 64 64025 0
56 51 64026 1
42 63 64062 0
70 56 64078 1
77 81 64162 0
66 57 64186 1
39 49 64197 1
34 77 64210 0
80 82 64250 0
34 85 64267 0
88 65 64307 0
24 60 64313 0
42 62 64318 0
97 65 64320 1
101 59 64340 0
79 53 64343 1
52 79 64345 0
47 78 64369 0
105 59 64474 0
67 57 64516 1
108 51 64575 1
58 51 64579 1
42 47 64629 1
97 64 64703 1
99 48 64710 1
55 51 64752 1
37 47 64757 1
44 62 64849 0
82 65 64852 0
42 78 64866 0
92 49 64889 1
38 49 64933 1
38 78 64945 0
97 70 64951 1
33 50 64994 1
46 62 65002 0
72 55 65020 1
93 77 65053 1
95 73 65071 1
47 62 65072 0
93 50 65095 1
36 78 65096 0
96 67 65096 1
97 67 65122 1
49 78 65135 0
62 54 65204 1
63 72 65212 0
53 78 65431 0
85 70 65458 1
77 80 65467 0
40 48 65475 1
25 67 65493 0
82 70 65508 1
24 68 65509 0
54 51 65537 1
38 64 65624 1
24 58 65642 0
27 69 65669 0
46 65 65737 1
108 56 65758 1
64 72 65787 0
119 13 65789 1
31 74 65792 0
46 46 65795 1
33 49 65814 1
31 51 65821 1
105 48 65860 1
82 69 65938 1
49 47 65994 1
29 51 66076 1
101 48 66089 1
39 65 66093 1
67 55 66113 1
68 51 66182 1
56 77 66213 0
48 63 66265 0
43 46 66265 1
41 47 66271 1
33 10 66280 1
24 62 66305 0
26 82 66332 1
95 48 66342 1
86 83 66407 0
102 48 66434 1
65 57 66616 1
77 55 66646 1
67 56 66703 1
45 46 66726 1
73 78 66776 0
52 76 66814 0
33 76 66825 0
48 79 66844 0
49 46 66852 1
42 62 66862 0
55 76 66870 0
59 54 66908 1
39 48 66910 1
26 70 66945 0
79 81 66983 0
59 75 66998 0
76 54 67009 1
66 56 67011 1
57 53 67021 1
78 84 67035 0
24 65 67041 0
83 70 67058 1
81 84 67083 0
58 53 67104 1
44 62 67126 0
31 50 67163 1
47 77 67185 0
103 59 67190 0
60 53 67317 1
104 48 67318 1
51 51 67320 1
108 55 67342 1
34 77 67351 0
55 52 67363 1
50 64 67379 0
24 64 67451 0
41 77 67505 0
46 62 67553 0
104 47 67622 1
84 64 67628 0
87 67 67663 0
43 62 67677 0
39 64 67703 1
39 78 67727 0
61 54 67746 1
41 64 67755 1
24 63 67779 0
98 48 67826 1
73 77 67869 0
21 83 67885 0
90 51 67900 1
61 56 67913 1
32 77 67950 0
70 79 67995 0
60 55 68042 1
48 65 68145 1
62 74 68191 0
87 64 68204 0
28 73 68218 0
42 80 68282 0
37 77 68328 0
61 55 68351 1
65 73 68518 0
26 71 68609 0
71 76 68610 0
36 49 68655 1
67 75 68669 0
37 49 68673 1
106 49 68716 1
73 56 68723 1
77 81 68734 0
70 76 68736 0
85 52 68772 1
42 82 68804 0
85 64 68907 0
106 59 68910 0
64 57 68930 1
92 78 68948 1
78 86 68970 0
63 56 68973 1
100 48 68982 1
45 48 69037 1
48 49 69080 1
108 53 69083 1
27 72 69097 0
65 58 69121 1
38 78 69179 0
81 54 69208 1
38 48 69226 1
51 50 69412 1
42 62 69450 0
65 72 69475 0
94 50 69481 1
77 80 69516 0
33 76 69557 0
28 75 69560 0
23 64 69588 0
53 51 69623 1
102 60 69819 0
69 75 69882 0
86 68 69971 0
35 79 69979 0
33 77 70047 0
103 60 70089 0
48 63 70214 0
85 83 70217 0
34 77 70245 0
81 69 70245 1
31 78 70269 0
44 82 70313 0
24 62 70397 0
54 76 70421 0
74 82 70635 0
26 70 70731 0
43 62 70778 0
57 52 70802 1
84 70 70930 1
56 52 70948 1
46 47 71081 1
79 80 71083 0
108 49 71169 1
103 48 71169 1
48 48 71219 1
70 119 71252 1
97 69 71320 1
46 62 71380 0
42 78 71557 0
44 62 71593 0
79 52 71610 1
97 63 71621 1
52 51 71676 1
71 76 71694 0
74 78 71702 0
29 50 71720 1
25 58 71721 0
97 66 71753 1
50 62 71921 0
25 69 71925 0
68 77 71928 0
107 49 72016 1
29 72 72156 0
97 68 72181 1
53 52 72227 1
44 65 72228 1
104 11 72239 1
45 47 72239 1
88 81 72253 0
50 50 72255 1
25 65 72259 0
108 52 72266 1
97 48 72357 1
106 48 72364 1
43 65 72409 1
88 66 72440 0
33 76 72512 0
73 78 72569 0
24 57 72577 0
69 78 72637 0
65 72 72659 0
74 56 72664 1
35 49 72688 1
64 73 72725 0
90 50 72935 1
71 56 72980 1
42 65 72986 1
49 50 73017 1
59 55 73075 1
57 51 73080 1
81 81 73105 0
69 75 73175 0
83 65 73234 0
62 55 73238 1
58 54 73252 1
38 78 73273 0
87 82 73284 0
94 75 73296 1
43 47 73303 1
47 63 73369 0
24 64 73410 0
52 78 73415 0
101 59 73427 0
42 62 73461 0
46 48 73540 1
83 82 73557 0
34 77 73618 0
81 52 73628 1
40 81 73638 0
24 66 73784 0
60 54 73790 1
49 49 73810 1
78 81 73815 0
47 48 73825 1
26 73 73825 0
54 49 73908 1
30 51 73960 1
43 62 73981 0
24 62 73985 0
108 51 74003 1
72 56 74068 1
29 73 74078 0
44 47 74079 1
43 48 74099 1
42 79 74100 0
52 50 74159 1
103 47 74171 1
93 76 74186 1
36 79 74220 0
70 77 74256 0
44 78 74278 0
23 66 74301 0
99 47 74365 1
80 52 74376 1
77 81 74478 0
87 83 74479 0
69 83 74490 0
69 76 74490 0
38 77 74514 0
42 46 74546 1
84 52 74599 1
84 64 74600 0
95 49 74622 1
55 76 74625 0
47 49 74660 1
50 49 74675 1
37 78 74689 0
108 50 74709 1
83 52 74717 1
49 65 74741 1
29 53 74756 1
71 76 74795 0
89 64 74930 0
71 77 74956 0
69 18 74971 0
83 85 74992 0
47 62 74993 0
35 77 75020 0
107 55 75025 1
32 50 75158 1
64 56 75172 1
26 70 75182 0
31 77 75187 0
40 79 75217 0
29 72 75283 0
31 73 75286 0
107 48 75295 1
35 78 75424 0
28 69 75433 0
73 77 75439 0
69 57 75440 1
65 72 75497 0
34 78 75518 0
48 63 75584 0
97 67 75600 1
105 48 75601 1
41 65 75601 1
60 76 75615 0
75 55 75621 1
56 90 75639 0
57 77 75675 0
82 84 75697 0
68 57 75713 1
62 73 75752 0
77 80 75807 0
29 3 75821 0
24 68 75848 0
69 56 75857 1
31 80 75877 0
34 79 75881 0
72 79 75884 0
26 72 75908 0
97 65 75990 1
56 51 75998 1
45 65 76022 1
82 83 76029 0
70 57 76030 1
100 47 76048 1
33 76 76089 0
25 65 76094 0
69 75 76143 0
69 97 76162 0
25 67 76291 0
55 79 76296 0
81 69 76300 1
97 64 76339 1
21 64 76379 0
86 51 76404 1
58 75 76433 0
27 69 76487 0
47 65 76565 1
74 55 76566 1
56 77 76592 0
87 51 76625 1
44 48 76648 1
105 58 76700 0
104 47 76735 1
108 54 76735 1
79 80 76743 0
40 78 76810 0
66 72 76816 0
82 52 76850 1
51 50 76948 1
41 79 76958 0
63 55 76969 1
46 62 76972 0
82 69 77002 1
94 49 77004 1
25 56 77019 0
81 53 77036 1
24 61 77067 0
31 74 77085 0
42 62 77092 0
81 81 77129 0
95 11 77139 0
37 63 77186 1
79 81 77205 0
106 47 77213 1
47 46 77233 1
43 62 77253 0
65 56 77256 1
68 56 77304 1
44 62 77310 0
85 69 77332 1
58 53 77381 1
81 82 77388 0
59 53 77396 1
80 67 77406 1
45 79 77407 0
80 68 77449 1
34 77 77469 0
25 69 77478 0
89 51 77486 1
24 62 77543 0
54 51 77548 1
47 79 77551 0
25 70 77560 0
29 73 77575 0
68 74 77602 0
83 82 77605 0
78 79 77614 0
64 72 77622 0
75 78 77633 0
63 56 77648 1
27 73 77659 0
104 59 77680 0
84 53 77689 1
109 45 77695 1
55 51 77697 1
29 72 77699 0
56 90 77757 1
48 49 77769 1
105 47 77801 1
35 77 77803 0
51 77 77811 0
71 76 77838 0
85 51 77917 1
34 84 77942 0
58 52 77953 1
39 64 78046 1
96 48 78097 1
38 78 78118 0
24 69 78155 0
50 62 78240 0
34 49 78246 1
51 76 78252 0
60 52 78321 1
78 81 78340 0
103 59 78372 0
107 49 78390 1
55 52 78393 1
25 58 78412 0
62 55 78418 1
24 66 78420 0
109 46 78473 1
101 48 78648 1
46 65 78733 1
60 74 78772 0
76 55 78776 1
60 54 78815 1
52 76 78816 0
57 53 78868 1
40 47 78904 1
77 54 79008 1
47 47 79047 1
108 49 79055 1
28 71 79073 0
37 77 79086 0
48 79 79092 0
65 72 79101 0
59 52 79114 1
61 55 79132 1
79 82 79171 0
25 65 79183 0
71 57 79187 1
69 75 79237 0
41 46 79257 1
65 57 79308 1
50 49 79313 1
70 56 79343 1
47 62 79371 0
53 51 79411 1
73 78 79422 0
91 50 79452 1
43 82 79468 0
88 51 79485 1
97 49 79506 1
40 64 79522 1
86 69 79522 1
109 52 79528 1
39 63 79536 1
37 78 79539 0
36 78 79541 0
66 72 79574 0
98 48 79638 1
47 49 79665 1
46 80 79695 0
67 57 79730 1
41 77 79753 0
32 49 79770 1
42 64 79786 1
52 50 79815 1
97 70 79982 1
49 48 80002 1
22 68 80044 0
85 70 80064 1
24 60 80132 0
38 77 80162 0
75 79 80200 0
33 76 80201 0
56 50 80226 1
26 70 80227 0
97 68 80230 1
54 76 80242 0
35 77 80289 0
68 75 80294 0
81 82 80319 0
61 54 80413 1
41 64 80462 1
45 64 80481 1
47 78 80505 0
93 75 80512 1
83 51 80515 1
46 49 80562 1
86 65 80568 0
61 74 80632 0
80 53 80651 1
75 78 80683 0
27 74 80703 0
47 77 80723 0
43 63 80726 0
29 75 80761 0
37 79 80815 0
24 64 80828 0
86 52 80833 1
66 71 80880 0
79 83 80887 0
68 58 80900 1
43 62 80950 0
65 88 80951 0
27 69 81049 0
59 54 81072 1
75 81 81090 0
39 78 81101 0
28 77 81125 0
46 78 81186 0
29 73 81269 0
76 82 81282 0
74 78 81399 0
29 72 81528 0
39 46 81529 1
81 68 81539 1
24 62 81555 0
53 50 81569 1
77 78 81600 0
108 53 81814 1
48 48 81839 1
67 76 81878 0
28 71 81881 0
28 69 81943 0
34 50 82019 1
85 83 82046 0
66 72 82053 0
66 56 82145 1
64 56 82207 1
97 62 82216 1
56 52 82246 1
25 57 82250 0
52 51 82312 1
54 77 82313 0
36 48 82314 1
83 70 82359 1
84 70 82471 1
40 46 82491 1
50 50 82566 1
49 49 82587 1
28 72 82588 0
104 59 82591 0
97 66 82596 1
73 77 82614 0
93 49 82659 1
28 70 82736 0
58 75 82747 0
64 75 82765 0
78 81 82767 0
24 66 82775 0
25 69 82795 0
60 55 82797 1
31 74 82819 0
7 76 83017 0
86 83 83027 0
35 77 83046 0
81 82 83067 0
29 81 83072 0
89 50 83082 1
35 50 83094 1
43 65 83134 1
82 70 83141 1
46 79 83147 0
81 87 83198 0
39 82 83245 0
102 47 83283 1
43 64 83327 1
58 54 83374 1
57 52 83445 1
80 82 83447 0
21 81 83462 0
77 80 83479 0
44 81 83617 0
18 81 83686 0
66 73 83851 0
31 91 83899 0
55 76 83944 0
75 78 83964 0
82 85 84028 0
43 21 84045 0
69 75 84078 0
57 76 84179 0
21 62 84187 0
34 17 84190 0
96 71 84194 1
3 74 84201 0
78 82 84202 0
26 76 84203 0
75 79 84240 0
77 90 84291 0
9 29 84370 0
24 63 84375 0
34 77 84527 0
32 76 84538 0
67 56 84570 1
89 82 84601 0
37 78 84721 0
42 78 84739 0
39 47 84818 1
63 73 84823 0
30 50 84888 1
78 79 84903 0
108 51 84920 1
86 82 84937 0
49 83 84961 0
31 73 85012 0
72 82 85027 0
88 64 85028 0
84 85 85045 0
25 67 85051 0
57 75 85058 0
2 40 85088 0
99 48 85158 1
28 71 85167 0
43 84 85248 0
76 85 85264 0
60 85 85296 0
28 70 85319 0
66 72 85345 0
31 75 85372 0
75 82 85386 0
12 75 85394 0
66 57 85424 1
9 33 85432 0
106 48 85459 1
79 54 85589 1
43 46 85605 1
100 48 85633 1
77 81 85704 0
71 76 85764 0
48 63 85783 0
86 84 85811 0
73 86 85829 0
7 28 85842 0
88 65 85891 0
29 73 86007 0
81 81 86010 0
49 63 86015 0
35 77 86039 0
93 50 86082 1
97 63 86096 1
29 79 86118 0
32 78 86140 0
108 50 86149 1
47 48 86194 1
55 77 86259 0
104 47 86263 1
81 82 86280 0
9 64 86282 0
51 50 86335 1
28 72 86430 0
85 52 86443 1
103 47 86456 1
20 68 86497 0
70 76 86526 0
72 56 86526 1
45 19 86528 0
45 47 86540 1
44 78 86543 0
62 75 86544 0
63 72 86545 0
84 84 86548 0
79 80 86586 0
28 75 86643 0
25 55 86647 0
32 82 86669 0
30 83 86671 0
97 67 86767 1
107 47 86838 1
100 60 86853 0
94 48 86856 1
95 48 86878 1
27 71 86889 0
82 69 86918 1
101 59 86919 0
80 81 86933 0
93 48 86960 1
66 75 86968 0
78 54 86995 1
82 92 87010 0
81 69 87067 1
91 49 87077 1
72 77 87086 0
25 65 87093 0
108 48 87106 1
106 58 87174 0
83 82 87199 0
38 78 87206 0
83 52 87219 1
97 69 87287 1
94 76 87350 1
70 75 87375 0
107 50 87407 1
89 64 87420 0
46 78 87438 0
68 78 87476 0
70 79 87478 0
94 74 87478 1
41 78 87524 0
87 82 87544 0
92 49 87551 1
71 56 87577 1
107 48 87600 1
108 55 87646 1
104 59 87648 0
59 75 87772 0
56 51 87782 1
73 56 87854 1
24 66 87858 0
48 49 87864 1
75 79 87878 0
47 64 87896 1
35 48 87922 1
44 65 87964 1
88 64 87972 0
66 76 87992 0
78 81 87993 0
85 84 88019 0
63 56 88043 1
75 78 88053 0
36 80 88077 0
24 62 88092 0
38 79 88106 0
45 48 88116 1
97 65 88121 1
46 47 88125 1
42 62 88171 0
107 49 88173 1
88 81 88214 0
89 81 88245 0
84 82 88253 0
32 76 88266 0
105 58 88274 0
106 47 88290 1
44 64 88326 1
28 68 88341 0
48 65 88350 1
40 62 88357 0
46 62 88372 0
97 48 88385 1
58 53 88393 1
76 78 88401 0
84 52 88416 1
105 47 88430 1
44 62 88453 0
66 73 88531 0
63 74 88544 0
46 46 88553 1
109 50 88608 1
50 62 88618 0
108 49 88637 1
45 46 88639 1
74 81 88654 0
81 52 88660 1
86 82 88695 0
25 57 88697 0
41 48 88702 1
76 77 88704 0
28 70 88748 0
73 55 88756 1
95 11 88758 1
33 76 88761 0
31 79 88794 0
60 54 88797 1
25 63 88810 0
38 63 88880 1
47 62 88927 0
25 69 88953 0
67 74 88973 0
62 55 89045 1
65 72 89080 0
46 76 89122 0
36 77 89137 0
14 5 89149 1
60 75 89157 0
64 55 89158 1
82 52 89158 1
57 51 89165 1
97 64 89168 1
81 81 89228 0
60 53 89240 1
101 47 89265 1
28 71 89268 0
62 54 89282 1
66 72 89320 0
90 50 89349 1
108 52 89382 1
83 81 89419 0
43 47 89493 1
97 47 89512 1
55 51 89527 1
68 57 89550 1
66 71 89576 0
59 53 89592 1
41 47 89595 1
31 75 89605 0
25 58 89620 0
61 73 89625 0
108 54 89684 1
100 45 89694 1
47 65 89718 1
29 72 89747 0
63 55 89779 1
58 52 89799 1
88 66 89804 0
80 81 89844 0
64 72 89875 0
82 51 89924 1
109 51 89935 1
81 82 89935 0
55 52 89970 1
83 64 89978 0
67 71 90084 0
21 60 90105 0
54 77 90108 0
23 63 90213 0
24 58 90223 0
65 56 90249 1
80 52 90254 1
99 48 90260 1
102 58 90278 0
69 56 90312 1
28 72 90347 0
35 49 90354 1
43 62 90378 0
52 50 90390 1
70 75 90394 0
78 79 90404 0
58 51 90454 1
26 70 90454 0
50 49 90489 1
75 55 90528 1
27 69 90538 0
101 46 90579 1
65 55 90580 1
72 77 90583 0
61 54 90671 1
35 77 90708 0
98 68 90712 1
88 50 90745 1
76 78 90748 0
37 77 90780 0
27 71 90785 0
88 64 90799 0
51 49 90823 1
50 78 90839 0
39 63 90849 1
69 57 90915 1
54 51 90945 1
57 75 90981 0
48 48 91012 1
46 64 91036 1
83 69 91041 1
39 64 91071 1
95 49 91079 1
42 47 91138 1
32 50 91149 1
52 76 91158 0
28 69 91202 0
98 61 91275 1
45 45 91277 1
52 48 91278 1
25 63 91313 0
74 56 91318 1
49 65 91334 1
52 49 91351 1
31 50 91381 1
58 75 91421 0
44 47 91421 1
85 51 91430 1
48 79 91498 0
79 80 91522 0
99 101 91531 1
50 47 91552 1
84 82 91576 0
67 58 91641 1
28 70 91646 0
41 64 91646 1
64 56 91667 1
94 49 91669 1
97 68 91693 1
94 46 91715 1
59 49 91725 1
82 69 91773 1
30 75 91837 0
37 48 91888 1
32 76 91910 0
37 78 91916 0
77 78 91935 0
51 76 91937 0
43 79 91938 0
56 77 91969 0
23 64 91973 0
73 77 91983 0
84 64 92117 0
56 51 92175 1
33 49 92177 1
87 51 92200 1
75 79 92220 0
79 53 92247 1
57 76 92249 0
46 65 92255 1
96 72 92266 1
38 77 92327 0
51 50 92330 1
64 54 92347 1
68 56 92364 1
25 65 92422 0
84 69 92450 1
50 77 92467 0
41 77 92498 0
89 66 92502 0
104 47 92504 1
80 81 92541 0
29 73 92558 0
61 55 92590 1
40 78 92596 0
36 77 92607 0
48 76 92745 0
74 76 92775 0
83 82 92776 0
53 51 92800 1
96 48 92871 1
53 50 92908 1
56 76 92921 0
54 50 92954 1
69 75 92967 0
108 51 93134 1
70 75 93139 0
97 66 93139 1
47 47 93203 1
73 51 93226 1
103 47 93241 1
31 74 93325 0
41 78 93327 0
31 75 93342 0
81 68 93388 1
102 47 93393 1
103 59 93438 0
25 71 93444 0
33 50 93478 1
98 48 93510 1
50 62 93527 0
48 49 93556 1
66 56 93667 1
70 48 93667 1
70 56 93667 1
51 47 93731 1
98 62 93755 1
34 49 93805 1
66 53 93817 1
108 48 93860 1
66 73 93892 0
36 49 93944 1
49 48 93966 1
90 49 94103 1
76 78 94121 0
76 82 94124 0
75 78 94171 0
49 64 94174 1
84 51 94189 1
57 52 94227 1
88 83 94231 0
59 52 94269 1
25 57 94288 0
40 62 94326 0
67 56 94331 1
69 50 94344 1
28 71 94356 0
45 64 94364 1
40 45 94378 1
88 64 94379 0
83 52 94447 1
42 64 94467 1
97 67 94507 1
104 59 94516 0
80 67 94535 1
4 107 94536 1
72 77 94689 0
38 48 94715 1
25 63 94743 0
108 56 94755 1
41 76 94766 0
56 52 94775 1
77 55 94776 1
31 73 94831 0
42 45 94834 1
28 72 94900 0
109 53 94952 1
47 77 94974 0
26 55 94995 0
46 78 95133 0
81 69 95305 1
122 77 95305 1
56 90 95315 0
60 54 95354 1
95 74 95395 1
73 78 95410 0
85 69 95437 1
49 49 95444 1
70 57 95464 1
80 81 95482 0
24 66 95515 0
47 48 95536 1
27 71 95560 0
48 47 95562 1
100 60 95573 0
25 67 95641 0
47 67 95653 1
84 70 95752 1
43 48 95864 1
40 79 95883 0
62 55 95883 1
48 81 95910 0
31 78 96042 0
73 83 96083 0
13 72 96090 0
38 79 96107 0
70 75 96173 0
28 68 96182 0
32 76 96241 0
13 71 96296 0
25 64 96393 0
108 50 96413 1
24 61 96418 0
24 65 96419 0
25 56 96426 0
19 77 96477 0
36 77 96502 0
32 79 96591 0
34 77 96592 0
61 74 96616 0
46 62 96715 0
87 52 96785 1
43 64 96789 1
88 62 96826 0
17 68 96854 0
21 74 96912 0
78 81 96970 0
72 56 97063 1
70 54 97107 1
97 70 97150 1
62 54 97181 1
89 50 97190 1
69 84 97298 0
47 78 97307 0
72 84 97334 0
48 78 97381 0
67 74 97471 0
25 66 97510 0
46 47 97549 1
84 82 97829 0
109 55 97847 1
13 69 97885 0
52 77 98001 0
31 75 98028 0
30 75 98041 0
52 50 98090 1
38 82 98118 0
83 64 98130 0
71 76 98130 0
55 51 98242 1
35 77 98279 0
29 72 98331 0
44 64 98341 1
74 55 98365 1
1 48 98395 1
33 76 98398 0
98 64 98449 1
86 82 98522 0
108 49 98565 1
81 82 98759 0
107 48 98831 1
86 51 98857 1
39 79 98871 0
54 76 98878 0
105 47 98888 1
45 47 98934 1
56 76 98939 0
54 77 98940 0
50 77 98971 0
42 61 98977 0
26 68 98983 0
109 49 99079 1
81 81 99090 0
38 78 99109 0
88 63 99119 1
88 64 99120 0
25 64 99166 0
46 46 99307 1
29 74 99413 0
80 81 99450 0
85 64 99478 0
28 70 99541 0
79 46 99620 1
86 69 99641 1
36 78 99664 0
45 62 99666 0
97 65 99805 1
72 77 99834 0
75 79 99915 0
76 77 99952 0
89 64 99976 0
44 78 100047 0
58 53 100115 1
25 69 100130 0
74 77 100131 0
110 50 100187 1
78 79 100287 0
66 72 100304 0
57 51 100320 1
72 55 100320 1
102 58 100346 0
66 71 100361 0
45 46 100413 1
39 42 100414 1
98 63 100438 1
81 67 100448 1
104 47 100472 1
106 47 100497 1
107 47 100537 1
23 63 100545 0
83 81 100584 0
76 78 100595 0
97 71 100640 1
76 55 100645 1
43 46 100663 1
70 75 100682 0
25 66 100703 0
71 56 100764 1
109 54 100815 1
87 82 100833 0
101 59 100925 0
56 75 100987 0
48 48 100988 1
50 49 101062 1
69 74 101072 0
97 46 101072 1
51 49 101149 1
61 54 101162 1
60 53 101172 1
58 52 101189 1
77 80 101200 0
100 47 101255 1
37 76 101273 0
77 78 101282 0
85 70 101283 1
85 63 101284 0
64 55 101363 1
63 56 101397 1
97 64 101407 1
79 81 101452 0
82 69 101478 1
93 49 101534 1
66 73 101536 0
63 55 101604 1
66 55 101618 1
25 63 101647 0
83 82 101669 0
101 44 101707 1
109 51 101751 1
27 71 101769 0
28 72 101805 0
68 57 101814 1
67 71 101842 0
83 69 101859 1
97 63 101917 1
92 48 101927 1
109 52 101953 1
95 79 101960 1
79 80 101989 0
27 69 101992 0
100 59 102037 0
43 65 102049 1
59 53 102072 1
77 54 102086 1
101 47 102097 1
36 77 102185 0
74 76 102299 0
44 46 102304 1
39 63 102314 1
98 66 102322 1
51 50 102325 1
107 56 102325 1
24 71 102350 0
42 61 102352 0
42 46 102371 1
97 68 102387 1
31 51 102398 1
56 90 102418 1
21 70 102423 0
25 58 102433 0
25 64 102458 0
23 70 102460 0
48 76 102487 0
44 62 102487 0
47 46 102497 1
64 56 102518 1
81 52 102526 1
63 54 102532 1
96 47 102534 1
56 49 102558 1
56 51 102558 1
109 50 102586 1
40 47 102601 1
88 62 102603 0
50 48 102637 1
26 68 102639 0
28 69 102661 0
32 76 102692 0
97 48 102759 1
108 48 102765 1
105 58 102820 0
87 83 102894 0
58 47 102916 1
81 51 102922 1
41 64 102926 1
34 40 102960 1
87 50 102964 1
69 72 102967 0
65 54 102973 1
50 62 102975 0
41 46 102976 1
38 47 102980 1
71 54 103011 1
41 63 103018 1
62 53 103034 1
74 77 103099 0
57 75 103124 0
95 48 103132 1
69 56 103148 1
81 68 103160 1
47 65 103208 1
47 64 103210 1
55 52 103231 1
99 47 103251 1
83 51 103264 1
53 50 103275 1
84 82 103286 0
98 47 103291 1
84 69 103319 1
79 52 103360 1
58 51 103389 1
25 57 103404 0
48 64 103423 1
48 46 103434 1
76 77 103436 0
61 53 103458 1
47 62 103498 0
103 47 103506 1
41 78 103576 0
81 49 103621 1
90 48 103621 1
90 50 103622 1
55 42 103672 1
126 29 103681 1
65 56 103779 1
99 48 103781 1
37 77 103795 0
60 74 103798 0
41 61 103805 0
82 52 103823 1
100 48 103879 1
107 49 103892 1
71 75 103894 0
51 62 103959 0
48 78 103988 0
46 64 104006 1
39 78 104014 0
52 49 104082 1
81 81 104107 0
69 74 104116 0
47 47 104124 1
25 66 104129 0
45 55 104169 1
45 44 104169 1
55 50 104169 1
60 52 104183 1
98 67 104211 1
25 65 104234 0
45 62 104260 0
47 43 104262 1
37 76 104308 0
28 68 104324 0
97 69 104336 1
86 50 104336 1
43 63 104340 1
52 76 104366 0
57 76 104425 0
102 46 104426 1
36 40 104456 1
43 44 104499 1
69 55 104500 1
39 35 104544 1
54 50 104546 1
49 48 104558 1
105 46 104561 1
73 48 104588 1
62 54 104621 1
50 49 104650 1
104 46 104728 1
107 98 104747 1
30 49 104766 1
42 78 104790 0
97 78 104797 1
51 49 104815 1
58 50 104830 1
38 46 104832 1
52 77 104842 0
45 19 104850 1
75 55 104850 1
85 63 104864 0
31 49 104875 1
27 50 104888 1
32 74 104891 0
30 75 104896 0
92 49 104918 1
109 56 104934 1
91 48 104936 1
56 75 104940 0
34 76 104981 0
78 79 104991 0
85 51 105013 1
86 63 105021 0
89 97 105062 1
88 50 105084 1
119 74 105121 1
66 56 105151 1
96 48 105164 1
102 47 105165 1
32 49 105183 1
62 55 105206 1
88 67 105249 0
94 48 105272 1
108 49 105305 1
50 77 105333 0
108 54 105372 1
95 73 105387 1
82 51 105436 1
57 50 105469 1
57 49 105473 1
73 14 105481 1
87 63 105483 0
33 49 105501 1
11 4 105509 1
69 73 105523 0
38 79 105527 0
65 55 105548 1
46 76 105574 0
27 45 105586 1
52 50 105632 1
42 115 105663 1
65 71 105668 0
45 64 105727 1
42 61 105736 0
56 76 105758 0
97 66 105796 1
25 64 105799 0
91 50 105817 1
61 54 105920 1
31 75 105936 0
35 49 105949 1
98 65 105965 1
46 45 105973 1
39 49 105977 1
42 62 106016 0
65 57 106091 1
105 47 106096 1
36 82 106127 0
28 70 106134 0
85 83 106142 0
97 47 106150 1
74 77 106170 0
67 56 106173 1
97 67 106174 1
64 55 106185 1
94 49 106198 1
26 68 106212 0
95 72 106284 1
84 52 106284 1
25 63 106298 0
80 86 106318 0
57 52 106375 1
68 56 106375 1
78 54 106401 1
56 79 106413 0
51 62 106435 0
31 73 106437 0
27 69 106444 0
57 53 106517 1
66 71 106553 0
104 59 106613 0
73 55 106620 1
70 56 106631 1
60 54 106632 1
58 75 106687 0
83 52 106691 1
56 50 106706 1
70 75 106736 0
26 67 106800 0
76 78 106826 0
76 82 106833 0
71 75 106849 0
75 78 106853 0
42 79 106993 0
43 47 106994 1
29 74 107031 0
85 69 107045 1
35 48 107056 1
24 67 107089 0
75 54 107196 1
48 61 107249 0
55 47 107259 1
55 51 107264 1
69 74 107350 0
48 48 107355 1
100 59 107372 0
109 53 107395 1
49 47 107429 1
41 45 107438 1
40 46 107463 1
108 55 107508 1
104 47 107544 1
31 74 107604 0
56 52 107634 1
59 52 107673 1
41 61 107694 0
54 51 107730 1
39 46 107791 1
80 80 107804 0
106 47 107831 1
44 64 107847 1
39 63 107850 1
91 49 107931 1
32 74 107955 0
49 65 107982 1
87 51 108071 1
61 52 108162 1
32 50 108207 1
93 48 108212 1
39 79 108235 0
34 49 108307 1
41 47 108393 1
38 77 108455 0
77 78 108492 0
45 62 108500 0
26 57 108590 0
69 73 108591 0
63 55 108606 1
34 76 108628 0
33 77 108644 0
28 51 108679 1
58 49 108721 1
80 81 108738 0
60 53 108808 1
78 53 108833 1
72 80 108883 0
28 71 108895 0
100 60 108926 0
88 81 108934 0
47 61 108940 0
29 73 108940 0
37 76 108971 0
59 80 109019 0
81 101 109091 0
25 66 109116 0
40 77 109129 0
67 74 109131 0
58 52 109133 1
32 84 109143 0
65 71 109147 0
52 55 109198 1
19 81 109206 0
32 81 109218 0
51 62 109245 0
41 76 109245 0
47 48 109282 1
42 64 109307 1
43 64 109311 1
25 78 109355 0
35 86 109375 0
95 49 109444 1
37 48 109447 1
86 63 109494 0
36 48 109503 1
98 61 109518 1
98 48 109524 1
86 82 109570 0
30 52 109585 1
29 72 109591 0
74 36 109600 0
27 86 109613 0
47 82 109618 0
25 79 109647 0
28 69 109708 0
35 77 109754 0
41 77 109757 0
85 63 109793 0
74 77 109862 0
76 54 109882 1
87 63 109905 0
64 78 110037 0
44 84 110097 0
80 54 110127 0
80 52 110127 1
51 76 110237 0
83 81 110245 0
68 73 110312 0
22 59 110322 0
26 67 110335 0
105 59 110426 0
71 75 110461 0
80 80 110570 0
83 69 110595 1
69 72 110627 0
98 69 110648 1
48 61 110668 0
48 78 110691 0
59 74 110762 0
57 51 110780 1
59 73 110852 0
106 57 110885 0
26 68 110931 0
59 75 111019 0
32 74 111042 0
98 62 111065 1
15 80 111113 0
40 63 111143 1
56 75 111184 0
25 64 111210 0
29 71 111260 0
30 50 111322 1
25 54 111343 0
67 79 111387 0
33 75 111417 0
54 47 111684 1
70 55 111703 1
102 58 111740 0
69 73 111750 0
41 64 111786 1
48 47 111786 1
34 76 111809 0
41 61 111906 0
42 76 111929 0
69 74 112067 0
42 61 112114 0
36 77 112223 0
100 59 112246 0
47 61 112246 0
51 79 112398 0
45 77 112415 0
37 78 112552 0
46 47 112591 1
35 76 112612 0
83 82 112665 0
46 78 112676 0
82 64 112682 0
28 76 112697 0
88 67 112701 0
59 53 112720 1
25 88 112787 0
89 51 112814 1
41 79 112872 0
40 78 112924 0
24 62 112949 0
82 68 112959 1
46 46 112992 1
19 69 113044 0
109 68 113117 0
28 68 113131 0
79 80 113167 0
50 62 113203 0
29 70 113210 0
40 77 113242 0
74 76 113252 0
87 64 113256 0
35 82 113262 0
72 56 113268 1
65 71 113415 0
82 69 113438 1
21 73 113543 0
21 65 113581 0
45 62 113582 0
28 78 113700 0
80 80 113721 0
51 62 113756 0
29 50 113831 1
63 71 113848 0
26 67 114014 0
27 68 114095 0
28 72 114120 0
52 77 114146 0
106 58 114199 0
39 77 114277 0
39 47 114298 1
87 63 114322 0
80 67 114365 1
67 71 114405 0
51 50 114471 1
25 67 114474 0
68 73 114501 0
89 81 114517 0
46 77 114517 0
25 73 114564 0
88 64 114614 0
29 71 114639 0
24 55 114758 0
72 78 114780 0
83 83 114887 0
86 64 114889 0
30 75 114956 0
33 75 114959 0
25 66 114963 0
49 78 115028 0
86 69 115111 1
48 49 115134 1
51 77 115374 0
29 74 115379 0
74 78 115385 0
55 75 115386 0
84 51 115394 1
34 76 115439 0
82 82 115453 0
107 82 115526 0
107 47 115526 1
5 15 115545 0
89 64 115590 0
25 58 115594 0
46 82 115595 0
51 78 115602 0
25 55 115623 0
25 80 115632 0
69 73 115633 0
54 77 115633 0
26 57 115654 0
86 63 115717 0
69 81 115743 0
15 75 115743 0
48 94 115750 0
32 74 115793 0
63 14 115816 0
67 72 115885 0
21 72 115916 0
23 58 115917 0
37 86 115932 0
64 72 115937 0
23 62 115939 0
74 36 116035 0
9 84 116100 0
24 59 116115 0
30 78 116156 0
47 61 116301 0
81 68 116355 1
89 66 116361 0
21 63 116369 0
23 63 116371 0
35 76 116411 0
66 72 116443 0
25 57 116457 0
23 65 116460 0
79 89 116466 0
71 75 116543 0
63 72 116547 0
47 77 116547 0
8 68 116573 0
71 78 116595 0
26 68 116617 0
29 70 116701 0
108 44 116796 1
41 82 116868 0
74 77 116954 0
85 63 116997 0
27 68 117004 0
53 50 117066 1
103 58 117080 0
49 48 117156 1
53 77 117194 0
32 85 117213 0
74 14 117231 0
45 77 117232 0
76 77 117363 0
24 64 117391 0
48 61 117395 0
88 62 117480 0
23 60 117490 0
53 76 117496 0
25 86 117506 0
29 71 117523 0
24 81 117525 0
31 71 117575 0
25 65 117627 0
74 55 117851 1
43 45 117985 1
50 49 117996 1
59 74 118053 0
45 46 118124 1
33 75 118126 0
33 74 118145 0
69 74 118278 0
25 63 118287 0
25 56 118321 0
27 71 118367 0
101 47 118407 1
65 74 118409 0
89 50 118443 1
23 68 118452 0
48 79 118466 0
58 53 118505 1
53 49 118526 1
39 79 118597 0
40 77 118644 0
27 70 118684 0
68 73 118755 0
109 50 118816 1
46 77 118884 0
67 72 118893 0
78 79 118939 0
39 77 118959 0
32 76 119000 0
30 79 119253 0
43 46 119335 1
22 60 119400 0
82 82 119434 0
48 78 119456 0
26 67 119471 0
27 67 119512 0
55 75 119533 0
34 76 119570 0
51 75 119683 0
49 76 119732 0
98 68 119760 1
44 77 119843 0
70 79 119883 0
52 50 119953 1
49 64 120015 1
45 42 120095 1
62 54 120115 1
76 49 120163 1
56 76 120169 0
27 68 120310 0
40 61 120345 0
35 76 120486 0
62 52 120492 1
46 61 120548 0
41 61 120567 0
42 7 120576 1
103 58 120653 0
86 83 120691 0
45 62 120700 0
66 112 120712 1
65 72 120848 0
35 75 120881 0
102 59 120947 0
48 76 121059 0
72 77 121116 0
80 80 121168 0
83 64 121176 0
100 59 121225 0
47 46 121312 1
72 55 121383 1
33 74 121408 0
98 64 121409 1
71 55 121485 1
83 83 121569 0
84 83 121614 0
87 63 121638 0
29 71 121694 0
64 56 121853 1
45 47 121881 1
56 51 121969 1
58 76 122062 0
24 66 122227 0
97 64 122349 1
56 90 122429 0
70 80 122493 0
87 67 122505 0
54 50 122510 1
59 51 122721 1
38 79 122829 0
49 62 122881 0
67 72 122979 0
53 76 123053 0
99 101 123110 0
43 61 123281 0
79 86 123335 0
71 56 123396 1
29 70 123406 0
18 79 123505 0
27 67 123619 0
25 64 123636 0
35 88 123640 0
33 75 123694 0
53 84 123743 0
51 62 123881 0
69 56 123903 1
45 79 123926 0
97 70 123928 1
101 61 123973 0
82 82 124143 0
98 63 124391 1
46 61 124397 0
68 73 124632 0
56 90 124667 1
75 86 124680 0
45 59 124689 0
45 45 124689 1
13 76 124860 0
105 47 124977 1
30 71 125059 0
38 48 125226 1
100 47 125244 1
51 70 125327 0
42 49 125328 1
42 76 125328 0
84 81 125449 0
103 58 125516 0
45 77 125552 0
103 47 125723 1
66 74 125727 0
88 67 125734 0
87 82 125829 0
108 48 125845 1
55 84 125949 0
108 49 125980 1
41 80 126009 0
84 69 126014 1
37 76 126084 0
74 14 126099 1
70 74 126266 0
109 48 126267 1
77 87 126316 0
56 90 126346 0
44 77 126358 0
109 51 126456 1
98 66 126606 1
109 49 126680 1
68 76 126788 0
25 60 126817 0
106 47 127013 1
66 71 127044 0
81 67 127102 1
102 59 127108 0
82 80 127195 0
39 62 127211 0
109 52 127231 1
77 78 127246 0
44 61 127283 0
67 55 127384 1
39 76 127389 0
47 64 127392 1
97 68 127496 1
83 81 127521 0
50 48 127614 1
49 62 127627 0
48 64 127678 1
52 49 127705 1
46 64 127804 1
56 90 127833 1
65 71 127858 0
55 75 127938 0
55 50 128079 1
25 61 128110 0
58 51 128167 1
108 47 128192 1
98 67 128200 1
33 74 128229 0
51 48 128316 1
35 75 128328 0
43 77 128357 0
81 81 128395 0
73 81 128429 0
46 61 128439 0
69 72 128449 0
46 77 128457 0
57 75 128538 0
61 53 128546 1
93 47 128549 1
30 73 128593 0
43 61 128633 0
84 83 128655 0
69 73 128771 0
50 77 128783 0
63 54 128844 1
47 47 128865 1
35 76 128892 0
102 58 128907 0
76 82 128919 0
64 55 128971 1
29 71 128988 0
61 54 129016 1
41 63 129025 1
76 78 129066 0
84 82 129119 0
81 52 129197 1
49 76 129251 0
83 51 129278 1
60 52 129292 1
39 77 129332 0
84 81 129392 0
82 82 129464 0
66 55 129471 1
30 71 129474 0
76 53 129476 1
47 61 129477 0
40 61 129498 0
66 56 129595 1
47 65 129600 1
80 80 129617 0
57 74 129618 0
81 83 129661 0
28 69 129714 0
52 77 129741 0
74 76 129773 0
31 73 129774 0
83 83 129811 0
85 51 129835 1
26 55 129843 0
76 77 129853 0
109 65 129872 1
67 72 129909 0
29 74 129922 0
67 71 130009 0
27 68 130012 0
95 48 130061 1
28 68 130077 0
99 47 130081 1
89 49 130102 1
27 67 130105 0
82 52 130114 1
103 58 130218 0
46 76 130237 0
41 76 130307 0
56 50 130323 1
78 80 130335 0
88 63 130347 0
56 75 130356 0
70 74 130437 0
87 50 130545 1
52 76 130560 0
28 70 130592 0
71 75 130598 0
93 126 130612 1
80 51 130612 1
104 47 130618 1
109 68 130640 0
65 55 130652 1
77 77 130655 0
27 69 130834 0
60 53 130850 1
82 51 130871 1
98 47 130895 1
106 46 130917 1
109 54 131004 1
57 50 131016 1
43 78 131033 0
35 26 131064 1
48 48 131073 1
99 48 131193 1
98 65 131234 1
74 54 131235 1
67 56 131235 1
94 75 131237 1
59 52 131253 1
32 74 131264 0
44 80 131265 0
33 75 131267 0
53 76 131349 0
53 50 131395 1
43 63 131406 1
56 78 131468 0
83 52 131503 1
25 66 131520 0
55 76 131524 0
44 61 131537 0
83 82 131547 0
55 51 131570 1
34 48 131619 1
88 50 131657 1
81 85 131692 0
59 74 131707 0
64 54 131744 1
86 82 131757 0
65 90 131763 0
51 80 131771 0
26 68 131782 0
23 61 131786 0
26 56 131846 0
50 49 131853 1
78 79 131870 0
85 69 131883 1
15 75 131967 0
57 52 131990 1
30 51 132000 1
25 61 132006 0
27 70 132012 0
41 78 132016 0
27 78 132021 0
65 73 132074 0
62 54 132079 1
102 47 132079 1
37 77 132124 0
70 86 132138 0
7 76 132148 0
39 63 132155 1
45 48 132155 1
60 75 132175 0
42 61 132185 0
30 77 132190 0
39 76 132192 0
25 60 132193 0
12 72 132202 0
31 83 132210 0
47 78 132247 0
79 79 132275 0
57 51 132276 1
63 55 132431 1
68 56 132437 1
87 94 132484 0
45 64 132495 1
31 75 132527 0
29 85 132615 0
93 49 132635 1
33 82 132676 0
51 49 132690 1
52 49 132756 1
58 52 132797 1
42 77 132838 0
108 48 132867 1
40 77 132881 0
53 75 132890 0
49 62 132894 0
107 47 132901 1
31 50 132927 1
41 46 132963 1
44 64 132964 1
54 76 132999 0
39 86 133026 0
73 76 133032 0
31 74 133034 0
46 61 133055 0
33 76 133134 0
71 83 133153 0
25 82 133165 0
30 86 133168 0
55 49 133193 1
26 67 133242 0
43 92 133258 0
63 75 133303 0
82 68 133313 1
31 85 133314 0
50 62 133332 0
68 74 133339 0
29 70 133350 0
81 68 133359 1
33 74 133402 0
40 90 133433 0
65 82 133451 0
51 86 133460 0
102 59 133515 0
83 68 133517 1
82 80 133524 0
96 48 133538 1
48 61 133658 0
43 61 133737 0
90 49 133755 1
47 60 133800 0
24 59 133816 0
105 46 133827 1
44 63 133855 1
43 77 133882 0
44 77 133952 0
45 63 133968 1
107 46 133979 1
41 62 134106 0
84 69 134137 1
35 75 134274 0
26 57 134309 0
70 74 134325 0
96 73 134437 1
30 71 134443 0
50 48 134453 1
49 48 134571 1
38 77 134649 0
48 46 134767 1
34 76 134846 0
33 48 134873 1
41 77 134903 0
97 48 134908 1
73 77 134918 0
77 78 134921 0
74 77 134980 0
68 73 135017 0
70 56 135037 1
30 73 135049 0
72 53 135223 1
54 50 135277 1
94 49 135296 1
64 71 135340 0
49 47 135353 1
83 84 135403 0
46 63 135458 0
51 62 135508 0
79 79 135530 0
57 74 135533 0
44 78 135589 0
37 47 135595 1
75 55 135602 1
62 55 135714 1
42 63 135824 1
84 81 135873 0
41 81 135944 0
25 63 135954 0
103 59 136040 0
22 62 136041 0
84 64 136067 0
59 53 136144 1
51 76 136181 0
95 47 136289 1
63 54 136299 1
42 45 136359 1
81 51 136386 1
88 81 136389 0
99 64 136414 1
109 50 136429 1
88 63 136430 0
84 83 136510 0
26 86 136546 0
38 78 136555 0
49 82 136562 0
27 72 136574 0
41 64 136580 1
94 48 136735 1
28 79 136741 0
60 51 136776 1
44 61 136790 0
56 51 136815 1
40 63 136849 1
25 72 136905 0
90 61 136905 0
90 50 136905 1
95 11 136906 0
29 71 136918 0
73 76 137019 0
19 64 137043 0
78 80 137045 0
60 74 137059 0
98 63 137064 1
71 79 137072 0
40 47 137090 1
53 49 137267 1
25 60 137382 0
26 69 137593 0
64 55 137614 1
31 71 137642 0
19 57 137655 0
19 86 137694 0
28 68 137894 0
107 57 137976 0
24 60 138047 0
104 46 138083 1
46 46 138413 1
61 74 138447 0
96 47 138501 1
48 78 138602 0
27 67 138624 0
81 82 138638 0
88 62 138700 0
76 55 138712 1
83 81 138828 0
82 82 138865 0
54 79 138880 0
64 81 138888 0
15 68 138888 0
106 57 138928 0
59 76 138931 0
65 70 138994 0
105 58 139001 0
55 75 139041 0
98 64 139129 1
70 74 139157 0
103 46 139176 1
79 85 139262 0
43 78 139264 0
63 53 139269 1
31 72 139279 0
30 72 139300 0
92 49 139327 1
42 77 139391 0
84 51 139511 1
66 71 139516 0
106 47 139644 1
35 76 139678 0
79 78 139687 0
103 58 139699 0
86 63 139719 0
79 79 139728 0
25 64 139887 0
108 49 139966 1
27 68 140073 0
73 55 140152 1
92 46 140281 1
85 63 140288 0
109 51 140335 1
89 64 140336 0
26 56 140343 0
109 53 140365 1
53 75 140520 0
81 67 140532 1
97 47 140786 1
85 50 140796 1
48 47 140822 1
68 55 140830 1
108 48 140842 1
69 55 140852 1
54 49 140898 1
82 80 140967 0
67 72 140985 0
101 58 141053 0
98 66 141053 1
77 53 141077 1
61 53 141104 1
105 46 141113 1
66 54 141126 1
74 76 141174 0
73 76 141178 0
52 34 141249 1
27 70 141250 0
109 49 141253 1
103 48 141266 1
103 45 141266 1
89 66 141293 0
81 66 141298 1
60 52 141334 1
102 58 141347 0
82 81 141390 0
83 65 141429 0
61 73 141480 0
76 77 141488 0
108 47 141488 1
45 46 141562 1
43 77 141567 0
77 77 141574 0
79 53 141593 1
62 53 141616 1
64 71 141636 0
58 75 141662 0
32 49 141672 1
85 51 141791 1
39 45 141795 1
72 55 141819 1
98 68 141903 1
77 54 141912 1
39 76 141949 0
89 50 141954 1
98 67 141988 1
75 76 142003 0
74 55 142012 1
109 52 142013 1
67 55 142019 1
47 45 142023 1
49 62 142027 0
52 44 142043 1
83 51 142051 1
104 46 142081 1
31 49 142150 1
46 61 142174 0
67 71 142194 0
91 49 142233 1
70 75 142242 0
89 65 142251 0
53 50 142325 1
64 53 142330 1
37 76 142341 0
47 47 142370 1
86 50 142388 1
39 79 142411 0
100 47 142430 1
98 48 142454 1
90 80 142459 0
65 55 142469 1
99 47 142477 1
55 50 142534 1
88 63 142554 0
75 78 142586 0
98 62 142600 1
83 83 142616 0
95 49 142622 1
80 80 142623 0
96 71 142642 1
105 47 142649 1
36 47 142713 1
47 61 142715 0
84 81 142718 0
87 50 142725 1
41 63 142787 1
62 54 142789 1
79 52 142791 1
52 49 142807 1
88 62 142811 0
70 55 142832 1
83 90 142873 0
72 75 142885 0
47 77 142903 0
51 49 142919 1
47 46 142925 1
28 69 142975 0
45 45 143024 1
58 51 143039 1
63 71 143045 0
109 48 143056 1
31 72 143094 0
107 47 143099 1
33 74 143107 0
97 67 143109 1
48 76 143110 0
102 59 143119 0
33 49 143131 1
84 82 143154 0
50 47 143155 1
76 78 143169 0
30 73 143184 0
56 75 143186 0
30 72 143192 0
35 48 143198 1
61 54 143216 1
45 61 143235 0
45 77 143243 0
51 48 143278 1
20 69 143313 0
32 80 143357 0
87 68 143425 1
79 80 143428 0
83 82 143444 0
40 78 143455 0
83 68 143476 1
66 55 143487 1
42 76 143514 0
34 49 143533 1
60 53 143649 1
59 73 143664 0
83 81 143690 0
42 78 143708 0
43 63 143742 1
83 63 143747 0
85 69 143787 1
75 54 143795 1
50 48 143804 1
47 64 143812 1
57 74 143827 0
29 70 143867 0
70 74 143956 0
59 51 143992 1
27 69 144002 0
98 69 144034 1
101 47 144060 1
65 71 144063 0
46 45 144064 1
28 74 144066 0
53 76 144112 0
32 74 144115 0
37 48 144151 1
40 80 144164 0
30 71 144192 0
57 76 144231 0
106 47 144239 1
67 56 144333 1
35 77 144334 0
79 79 144344 0
49 63 144366 1
25 61 144403 0
57 50 144486 1
93 48 144501 1
78 54 144504 1
63 54 144514 1
25 58 144548 0
51 50 144548 1
51 75 144548 0
77 93 144577 0
77 78 144585 0
78 80 144590 0
69 72 144595 0
64 54 144596 1
46 77 144656 0
31 73 144730 0
49 76 144761 0
61 52 144766 1
59 52 144825 1
39 78 144892 0
99 60 144925 1
56 51 144930 1
33 75 144944 0
84 69 144953 1
47 83 145049 0
66 80 145093 0
36 48 145096 1
46 64 145148 1
47 60 145186 0
82 51 145210 1
98 63 145264 1
98 61 145264 1
86 68 145285 1
48 61 145403 0
110 52 145434 1
102 46 145440 1
101 58 145447 0
54 50 145461 1
41 45 145468 1
111 44 145522 1
41 76 145541 0
64 55 145579 1
107 46 145615 1
25 60 145634 0
58 50 145644 1
45 64 145660 1
35 75 145668 0
32 48 145711 1
49 64 145713 1
57 51 145731 1
48 77 145746 0
35 74 145766 0
80 52 145848 1
103 47 145854 1
49 47 145895 1
31 71 145898 0
59 74 145949 0
61 53 145976 1
60 4 145978 1
54 49 145992 1
39 77 146037 0
55 51 146037 1
78 79 146044 0
82 81 146064 0
45 63 146109 1
75 77 146121 0
49 60 146124 0
44 61 146151 0
85 81 146219 0
26 69 146245 0
65 54 146284 1
75 76 146322 0
61 50 146322 1
109 50 146324 1
70 49 146435 1
60 50 146445 1
81 67 146510 1
49 46 146519 1
106 46 146587 1
34 44 146612 1
82 68 146635 1
58 52 146646 1
72 75 146687 0
26 57 146704 0
73 76 146715 0
30 85 146718 0
99 48 146721 1
109 55 146755 1
26 55 146784 0
17 77 146785 0
88 50 146859 1
85 47 146860 1
79 78 146864 0
43 46 146871 1
38 45 146913 1
66 52 147034 1
53 49 147063 1
82 88 147072 0
29 51 147089 1
43 45 147102 1
47 63 147102 1
87 82 147103 0
69 73 147175 0
30 72 147227 0
27 67 147231 0
38 47 147305 1
115 94 147335 1
31 72 147352 0
53 75 147431 0
25 57 147446 0
52 48 147461 1
46 76 147467 0
42 77 147584 0
43 61 147589 0
50 49 147622 1
89 65 147727 0
48 75 147772 0
28 68 147784 0
68 56 147899 1
26 65 147966 0
41 47 148044 1
73 74 148061 0
26 53 148069 0
71 74 148095 0
42 63 148107 1
68 76 148154 0
82 52 148156 1
41 63 148186 1
49 48 148441 1
98 47 148454 1
49 61 148614 0
73 78 148699 0
38 48 148701 1
71 55 148709 1
84 49 148820 1
44 77 148824 0
105 46 148847 1
69 54 148892 1
53 50 149034 1
69 56 149044 1
48 46 149087 1
55 49 149118 1
44 44 149121 1
75 79 149160 0
45 61 149222 0
52 49 149256 1
35 26 149266 0
19 67 149305 0
40 45 149378 1
98 65 149435 1
96 72 149439 1
48 64 149524 1
60 52 149526 1
68 55 149561 1
76 81 149568 0
33 74 149690 0
44 64 149691 1
99 65 149700 1
96 48 149759 1
40 46 149787 1
77 83 149820 0
72 76 149906 0
41 61 149946 0
97 69 149954 1
22 82 149986 0
45 83 150017 0
27 68 150038 0
26 56 150159 0
35 81 150223 0
51 49 150230 1
26 62 150247 0
86 69 150347 1
75 77 150397 0
43 78 150557 0
34 75 150606 0
62 53 150627 1
24 59 150636 0
82 67 150643 1
50 64 150695 1
38 101 150816 0
32 75 150847 0
72 75 150967 0
95 11 150967 1
61 82 151007 0
98 64 151113 1
82 81 151188 0
15 75 151244 0
25 126 151262 0
25 65 151363 0
84 83 151427 0
65 55 151436 1
108 48 151519 1
82 80 151538 0
44 63 151556 1
29 69 151614 0
108 47 151622 1
84 51 151694 1
74 79 151782 0
109 51 151795 1
66 78 151816 0
32 73 151867 0
88 66 151883 0
65 79 151891 0
11 89 151910 0
39 80 151917 0
55 75 151971 0
109 49 151986 1
103 46 152081 1
30 72 152127 0
85 81 152140 0
46 46 152143 1
101 58 152148 0
38 86 152177 0
26 65 152293 0
26 54 152353 0
52 84 152372 0
56 90 152375 0
71 74 152391 0
98 70 152631 1
49 61 152738 0
57 75 152772 0
90 49 152777 1
66 71 152872 0
43 77 152945 0
25 63 153011 0
103 58 153021 0
86 82 153032 0
76 77 153076 0
73 75 153118 0
24 70 153163 0
27 76 153165 0
68 81 153192 0
107 47 153208 1
40 77 153221 0
87 63 153271 0
39 76 153277 0
66 79 153278 0
71 75 153297 0
83 68 153330 1
109 48 153349 1
99 47 153366 1
48 77 153395 0
106 57 153398 0
38 76 153407 0
41 77 153458 0
74 76 153478 0
110 51 153479 1
77 77 153552 0
110 50 153553 1
84 81 153567 0
107 46 153601 1
88 81 153624 0
69 55 153633 1
79 79 153671 0
72 55 153681 1
75 76 153789 0
65 70 153805 0
109 53 153806 1
66 43 153812 1
66 50 153812 1
67 71 153914 0
98 66 153921 1
85 51 153997 1
73 55 154093 1
89 81 154104 0
104 46 154121 1
29 77 154172 0
81 51 154246 1
82 80 154346 0
64 71 154384 0
88 62 154456 0
98 67 154481 1
26 62 154515 0
28 67 154611 0
73 76 154642 0
94 48 154664 1
50 48 154679 1
47 47 154743 1
51 48 154751 1
48 63 154770 1
88 63 154792 0
73 54 154830 1
101 46 154834 1
77 78 154871 0
67 55 154874 1
57 74 154894 0
79 78 154933 0
81 52 154946 1
62 54 154969 1
48 47 154976 1
37 46 155008 1
47 46 155016 1
64 52 155018 1
81 67 155019 1
45 61 155058 0
45 45 155072 1
73 43 155089 1
31 72 155094 0
97 47 155127 1
96 47 155132 1
109 54 155145 1
83 52 155145 1
63 54 155145 1
24 63 155190 0
58 51 155193 1
102 58 155198 0
46 61 155199 0
89 65 155208 0
97 70 155225 1
59 50 155245 1
77 84 155270 0
75 77 155275 0
47 60 155278 0
29 70 155361 0
94 47 155363 1
82 50 155383 1
109 52 155394 1
30 71 155412 0
69 72 155478 0
85 50 155496 1
38 80 155506 0
55 50 155510 1
34 75 155516 0
64 54 155519 1
87 50 155537 1
56 49 155546 1
91 49 155556 1
43 63 155583 1
60 51 155599 1
66 55 155685 1
28 65 155733 0
26 65 155738 0
26 67 155784 0
83 81 155799 0
72 75 155801 0
85 69 155837 1
71 91 155896 0
29 69 155913 0
71 74 155936 0
83 50 155952 1
85 68 155967 1
26 69 156021 0
22 77 156035 0
32 77 156056 0
32 73 156071 0
28 87 156090 0
73 75 156095 0
27 70 156099 0
37 76 156101 0
28 69 156198 0
47 45 156213 1
62 73 156224 0
45 46 156317 1
73 74 156332 0
40 62 156350 1
42 76 156374 0
61 53 156378 1
74 55 156396 1
98 63 156414 1
46 45 156448 1
35 75 156459 0
80 79 156467 0
40 82 156499 0
92 49 156500 1
35 74 156591 0
54 49 156616 1
73 89 156638 0
107 57 156660 0
72 76 156697 0
109 50 156769 1
83 68 156772 1
49 63 156775 1
63 53 156887 1
39 46 156889 1
49 60 156892 0
108 46 156933 1
42 45 156954 1
65 49 157030 1
100 54 157030 1
64 47 157030 1
64 55 157031 1
57 50 157060 1
56 50 157084 1
49 47 157206 1
59 51 157227 1
78 51 157228 1
82 80 157256 0
62 53 157265 1
23 67 157269 0
30 72 157335 0
89 64 157338 0
35 80 157362 0
85 81 157434 0
28 68 157443 0
95 47 157447 1
31 71 157461 0
38 76 157468 0
70 55 157469 1
76 77 157474 0
105 46 157491 1
82 81 157539 0
91 119 157581 0
20 64 157635 0
87 68 157636 1
83 95 157648 0
49 61 157682 0
27 67 157701 0
26 62 157714 0
21 80 157730 0
40 84 157746 0
48 76 157773 0
53 75 157780 0
106 46 157812 1
25 61 157859 0
77 77 157874 0
33 49 157885 1
48 45 157890 1
17 62 157892 0
36 77 157918 0
45 91 157978 0
50 47 157983 1
60 74 157992 0
41 76 158017 0
52 49 158046 1
62 81 158047 0
98 68 158051 1
32 75 158056 0
54 50 158081 1
33 74 158104 0
78 52 158121 1
57 51 158137 1
21 84 158159 0
22 76 158189 0
24 77 158225 0
69 74 158252 0
30 73 158285 0
95 74 158297 1
34 92 158368 0
45 19 158379 0
87 90 158380 0
28 67 158384 0
73 80 158410 0
58 50 158429 1
85 82 158493 0
21 61 158507 0
102 46 158515 1
26 65 158517 0
26 57 158522 0
50 48 158528 1
61 52 158538 1
29 71 158541 0
25 56 158550 0
60 52 158574 1
52 76 158607 0
38 84 158657 0
86 50 158729 1
104 58 158787 0
52 48 158926 1
84 68 158926 1
68 54 158931 1
34 75 158964 0
56 90 159021 1
109 47 159037 1
89 49 159061 1
80 79 159078 0
45 63 159096 1
73 75 159135 0
78 81 159158 0
55 49 159160 1
110 46 159371 1
81 66 159428 1
94 74 159441 1
18 67 159477 0
25 60 159511 0
42 77 159521 0
83 51 159547 1
84 50 159555 1
109 51 159560 1
53 48 159591 1
98 46 159592 1
71 73 159673 0
63 52 159702 1
75 39 159720 1
41 46 159819 1
37 47 159861 1
49 77 159881 0
51 48 159912 1
77 52 159934 1
85 80 159969 0
95 75 159991 1
48 62 160014 0
51 47 160015 1
84 81 160030 0
79 51 160084 1
51 75 160097 0
81 50 160100 1
109 49 160146 1
32 49 160194 1
29 46 160195 1
33 48 160234 1
32 73 160319 0
75 76 160326 0
67 56 160343 1
70 74 160355 0
59 52 160357 1
95 48 160359 1
29 69 160363 0
74 54 160405 1
68 72 160437 0
34 48 160491 1
47 63 160504 1
89 50 160558 1
56 51 160585 1
82 51 160663 1
85 62 160679 0
41 63 160684 1
66 73 160774 0
34 49 160829 1
39 76 160855 0
56 90 160898 0
71 74 161057 0
31 72 161096 0
28 70 161129 0
44 78 161222 0
90 81 161259 0
109 48 161319 1
78 80 161375 0
39 47 161456 1
55 48 161584 1
49 76 161637 0
42 63 161644 1
38 76 161651 0
48 77 161699 0
26 65 161740 0
75 77 161788 0
45 64 161843 1
101 58 162007 0
45 77 162028 0
47 60 162073 0
27 66 162165 0
88 50 162169 1
80 79 162171 0
81 67 162363 1
35 47 162377 1
71 73 162391 0
65 55 162521 1
28 67 162576 0
95 73 162622 1
108 47 162704 1
89 63 162769 0
15 86 162847 0
34 75 162893 0
43 63 162901 1
44 63 162923 1
51 76 162980 0
83 86 162980 0
63 54 162982 1
35 78 163140 0
24 86 163154 0
48 75 163206 0
26 62 163225 0
39 62 163262 1
54 75 163329 0
46 79 163344 0
35 57 163380 0
35 74 163380 0
57 92 163381 0
99 61 163490 1
98 64 163595 1
85 63 163599 0
64 54 163608 1
104 46 163609 1
44 85 163609 0
57 74 163617 0
37 48 163649 1
72 75 163681 0
48 46 163700 1
79 78 163742 0
82 67 163806 1
97 71 163812 1
26 55 163872 0
96 48 163885 1
73 75 163913 0
49 46 163934 1
107 46 163998 1
74 53 164065 1
80 51 164150 1
85 82 164178 0
86 49 164178 1
69 52 164234 1
86 68 164310 1
61 73 164313 0
79 84 164327 0
97 68 164344 1
45 61 164381 0
72 76 164498 0
103 46 164551 1
69 75 164551 0
104 58 164566 0
98 47 164588 1
26 56 164630 0
38 77 164633 0
26 74 164680 0
14 70 164685 0
83 67 164709 1
40 47 164826 1
36 87 164868 0
36 89 164988 0
31 73 164996 0
53 80 165163 0
74 79 165179 0
104 61 165216 0
40 88 165219 0
85 83 165233 0
21 68 165286 0
49 60 165294 0
110 48 165321 1
93 108 165349 0
27 80 165391 0
34 78 165453 0
106 47 165478 1
26 82 165485 0
29 72 165487 0
25 79 165490 0
25 69 165490 0
41 85 165525 0
46 81 165529 0
26 78 165549 0
26 87 165552 0
20 82 165564 0
23 86 165577 0
15 78 165590 0
46 78 165608 0
76 76 165610 1
71 73 165664 0
25 85 165689 0
88 49 165841 1
72 81 165879 0
67 74 165894 0
107 47 165946 1
73 79 165954 0
44 75 165961 0
26 65 165967 0
55 81 165988 0
83 68 165997 1
85 85 166059 0
80 79 166127 0
26 70 166143 0
90 49 166159 1
77 78 166269 0
68 72 166285 0
73 74 166291 0
28 68 166317 0
81 99 166327 0
27 66 166330 0
37 77 166343 0
22 61 166366 0
75 54 166574 1
53 49 166584 1
58 73 166643 0
28 65 166742 0
68 55 166792 1
103 58 166810 0
59 74 166812 0
21 66 166839 0
51 49 166868 1
110 53 166905 1
85 51 166918 1
109 68 166956 1
35 73 166970 0
106 57 167069 0
54 49 167108 1
46 77 167122 0
25 64 167134 0
99 55 167151 1
99 47 167151 1
89 66 167157 0
61 53 167171 1
109 53 167171 1
87 81 167209 0
66 55 167262 1
72 55 167272 1
85 62 167273 0
65 70 167275 0
82 81 167326 0
62 53 167374 1
110 50 167420 1
59 73 167441 0
78 85 167450 0
32 75 167549 0
99 64 167563 1
85 81 167582 0
105 46 167609 1
25 62 167622 0
98 45 167642 1
83 63 167722 0
104 45 167722 1
53 50 167786 1
62 51 167811 1
100 46 167841 1
110 49 167846 1
49 45 167856 1
99 60 167873 1
50 46 167889 1
67 54 167889 1
46 44 167926 1
62 52 167952 1
29 70 167956 0
111 49 167988 1
72 54 167990 1
50 44 167998 1
82 80 168023 0
57 49 168025 1
54 75 168027 0
49 61 168080 0
60 51 168085 1
67 55 168086 1
87 50 168101 1
58 51 168132 1
70 54 168172 1
33 47 168189 1
34 75 168208 0
42 44 168270 1
109 48 168342 1
109 50 168343 1
86 62 168345 0
46 76 168378 0
34 40 168382 1
43 45 168385 1
45 44 168443 1
92 48 168449 1
7 28 168481 1
38 76 168512 0
66 54 168546 1
98 63 168612 1
63 53 168614 1
82 66 168628 1
57 50 168638 1
99 46 168640 1
65 54 168644 1
69 72 168667 0
55 49 168668 1
26 64 168716 0
110 51 168777 1
89 48 168802 1
60 52 168823 1
77 77 168827 0
105 45 168835 1
32 73 168846 0
61 46 168849 1
80 50 168850 1
50 45 168855 1
47 47 168869 1
88 82 168893 0
89 63 168918 0
40 62 168927 1
47 77 168944 0
91 49 168954 1
96 47 168957 1
52 48 168978 1
85 68 168982 1
54 48 168982 1
71 73 169013 0
93 46 169019 1
106 47 169019 1
106 46 169019 1
56 90 169028 1
50 48 169038 1
47 46 169103 1
79 53 169135 1
73 54 169156 1
108 48 169165 1
104 46 169180 1
109 46 169195 1
35 75 169216 0
48 63 169226 1
56 49 169234 1
91 79 169267 0
27 54 169280 0
48 47 169283 1
49 47 169305 1
89 65 169325 0
71 54 169326 1
91 48 169333 1
57 44 169334 1
107 46 169352 1
31 71 169353 0
49 77 169384 0
50 47 169387 1
51 48 169445 1
88 81 169467 0
59 50 169480 1
85 50 169541 1
45 45 169543 1
102 46 169547 1
84 51 169557 1
33 74 169575 0
43 44 169590 1
77 53 169595 1
99 62 169607 1
61 52 169633 1
29 69 169654 0
58 50 169676 1
79 78 169679 0
46 45 169705 1
105 43 169720 1
84 81 169759 0
97 47 169769 1
95 46 169770 1
108 46 169784 1
85 82 169804 0
61 51 169878 1
58 49 169951 1
41 45 170024 1
83 68 170034 1
39 77 170053 0
42 62 170088 1
49 63 170094 1
65 71 170176 0
47 45 170234 1
59 51 170234 1
107 45 170254 1
45 63 170266 1
99 63 170305 1
93 48 170335 1
45 41 170349 1
63 72 170397 0
71 74 170406 0
98 67 170433 1
83 67 170446 1
35 36 170465 1
80 81 170487 0
90 80 170522 0
71 55 170530 1
80 79 170578 0
54 49 170579 1
42 76 170582 0
58 73 170596 0
75 76 170616 0
47 60 170634 0
29 84 170689 0
27 66 170703 0
109 47 170741 1
99 68 170760 1
70 55 170773 1
109 52 170789 1
48 62 170814 0
87 68 170816 1
84 67 170826 1
45 46 170829 1
26 68 170864 0
31 49 170870 1
41 76 170905 0
63 54 170929 1
85 80 170932 0
109 49 170932 1
89 39 171047 1
73 75 171088 0
96 46 171128 1
66 77 171184 0
53 75 171208 0
26 65 171268 0
32 74 171334 0
30 71 171335 0
64 53 171360 1
43 77 171402 0
38 47 171487 1
26 62 171524 0
45 60 171568 0
98 69 171639 1
86 50 171642 1
35 74 171672 0
41 77 171714 0
83 51 171769 1
84 46 171788 1
84 68 171788 1
36 47 171810 1
104 58 171833 0
109 51 171905 1
106 11 171920 1
26 64 172088 0
43 63 172105 1
52 47 172111 1
26 57 172170 0
44 77 172175 0
46 63 172175 1
56 90 172176 0
27 67 172179 0
75 95 172189 0
83 79 172198 0
22 73 172209 0
77 80 172214 0
99 66 172240 1
31 70 172256 1
73 55 172256 1
47 64 172259 1
28 67 172297 0
51 47 172320 1
73 74 172338 0
27 68 172348 0
87 81 172395 0
30 50 172442 1
40 77 172491 0
27 53 172530 0
21 75 172533 0
83 81 172587 0
34 74 172618 1
7 28 172680 0
29 83 172695 0
64 54 172710 1
19 68 172728 0
80 52 172732 1
74 55 172743 1
110 52 172750 1
62 53 172795 1
35 48 172799 1
49 60 172809 0
92 47 172815 1
105 46 172855 1
108 47 172875 1
45 78 172898 0
111 52 172928 1
86 62 173018 0
53 79 173064 0
63 71 173067 0
40 76 173068 0
27 56 173103 0
80 85 173107 0
68 54 173124 1
65 53 173172 1
47 63 173179 1
81 66 173220 1
68 55 173248 1
64 74 173372 0
47 59 173453 0
68 72 173486 0
33 11 173488 0
37 76 173503 0
33 78 173538 0
98 66 173542 1
54 75 173553 0
69 54 173573 1
76 53 173597 1
32 48 173622 1
55 49 173705 1
68 53 173718 1
65 54 173780 1
52 48 173808 1
35 76 173940 0
27 73 173986 0
76 77 174059 0
28 83 174071 0
43 46 174090 1
81 51 174090 1
33 92 174178 0
109 48 174191 1
74 76 174194 0
64 73 174213 0
33 49 174258 1
83 82 174304 0
63 53 174310 1
82 51 174336 1
25 62 174393 0
33 73 174482 0
49 47 174638 1
79 52 174641 1
99 65 174671 1
71 73 174710 0
78 53 174746 1
84 50 174751 1
63 50 174786 1
43 78 174868 0
44 44 174918 1
67 51 174953 1
35 46 174985 1
85 43 175007 1
98 46 175015 1
71 50 175018 1
89 49 175076 1
45 60 175287 0
57 51 175291 1
60 51 175293 1
47 44 175299 1
83 50 175326 1
48 78 175372 0
68 56 175381 1
64 55 175382 1
87 83 175412 0
26 59 175421 0
94 48 175455 1
51 75 175500 0
48 46 175521 1
50 48 175569 1
77 85 175643 0
26 64 175649 0
28 65 175692 0
48 76 175709 0
57 74 175718 0
31 72 175733 0
27 66 175756 0
28 68 175780 0
84 82 175783 0
80 80 175797 0
95 47 175831 1
90 49 175887 1
61 53 176171 1
48 45 176240 1
82 50 176346 1
79 50 176347 1
48 77 176398 0
44 63 176413 1
47 61 176439 0
50 55 176518 1
50 47 176519 1
99 67 176540 1
64 71 176557 0
87 50 176566 1
67 55 176572 1
93 43 176596 1
57 50 176596 1
107 46 176683 1
49 46 176777 1
41 63 176817 1
26 69 176973 0
97 72 177071 1
30 76 177114 0
26 54 177139 0
98 68 177151 1
99 47 177151 1
27 60 177168 0
37 97 177204 0
51 43 177254 1
103 46 177339 1
30 72 177408 0
48 75 177408 0
51 48 177442 1
89 63 177475 0
42 45 177482 1
75 77 177550 0
65 52 177663 1
33 73 177669 0
40 76 177717 0
85 82 177751 0
58 73 177756 0
100 47 177849 1
106 44 177853 1
20 67 178020 0
92 49 178033 1
71 76 178038 0
88 62 178099 0
69 55 178167 1
23 64 178298 0
67 71 178298 0
99 61 178337 1
31 71 178383 0
53 48 178437 1
56 90 178457 1
23 82 178469 0
38 76 178489 0
104 46 178498 1
76 76 178499 0
35 73 178621 0
72 76 178668 0
34 75 178840 0
26 63 178921 0
110 50 178979 1
81 84 179003 0
47 46 179065 1
26 59 179216 0
24 68 179298 0
60 50 179406 1
26 61 179431 0
87 81 179504 0
26 64 179578 0
99 64 179579 1
59 77 179641 0
98 47 179654 1
77 76 179665 0
65 78 179673 0
29 69 179676 0
45 60 179911 0
82 52 180003 1
26 65 180006 0
26 56 180007 0
44 75 180041 0
86 62 180067 0
43 80 180092 0
54 49 180128 1
29 67 180129 0
79 78 180133 0
20 66 180162 0
28 84 180163 0
65 55 180164 1
61 52 180277 1
96 48 180286 1
110 54 180345 1
100 46 180424 1
28 69 180427 0
83 83 180428 0
83 68 180428 1
25 68 180441 0
85 62 180444 0
86 68 180491 1
87 82 180491 0
49 77 180512 0
106 45 180512 1
60 74 180542 0
73 76 180551 0
82 80 180605 0
83 67 180641 1
59 73 180652 0
27 87 180735 0
85 68 180743 1
65 70 180744 0
109 47 180785 1
110 48 180788 1
37 47 180825 1
19 60 180827 0
46 76 180847 0
86 82 180871 0
85 69 180939 1
23 74 180941 0
30 90 180948 0
74 54 180949 1
89 82 180971 0
110 49 180989 1
102 46 181004 1
39 76 181005 0
94 47 181074 1
45 86 181078 0
23 71 181093 0
76 78 181122 0
67 83 181153 0
106 57 181172 0
20 65 181224 0
25 75 181234 0
60 52 181299 1
56 49 181316 1
88 82 181317 0
43 60 181338 0
97 46 181348 1
73 54 181350 1
106 46 181355 1
109 53 181406 1
101 46 181492 1
109 48 181543 1
99 62 181599 1
85 80 181616 0
76 76 181625 0
26 60 181640 0
83 79 181662 0
84 65 181679 0
108 46 181690 1
57 49 181747 1
33 73 181786 0
61 49 181789 1
62 52 181791 1
96 73 181795 1
31 48 181809 1
41 47 181854 1
107 56 181919 0
77 77 181979 0
98 63 181991 1
105 40 181991 1
45 63 182063 1
45 44 182088 1
49 59 182122 0
58 50 182127 1
99 60 182141 1
109 46 182168 1
78 50 182212 1
85 51 182217 1
25 62 182255 0
109 68 182323 1
58 49 182343 1
108 45 182346 1
62 50 182363 1
58 47 182415 1
59 49 182424 1
40 46 182429 1
82 66 182441 1
85 50 182441 1
91 49 182492 1
46 45 182493 1
38 46 182515 1
48 63 182528 1
102 45 182544 1
35 74 182551 0
60 46 182593 1
54 48 182600 1
109 54 182612 1
77 76 182624 0
84 81 182647 0
33 48 182661 1
47 45 182667 1
90 48 182677 1
56 44 182680 1
78 43 182684 1
38 40 182700 1
111 50 182703 1
59 50 182714 1
59 51 182725 1
75 53 182750 1
73 74 182752 0
82 79 182777 0
63 51 182782 1
105 46 182828 1
26 61 182853 0
55 49 182869 1
67 54 182870 1
97 47 182933 1
42 77 182943 0
45 45 182947 1
84 67 182957 1
88 49 182977 1
55 75 182985 0
71 71 183000 0
47 60 183030 0
26 59 183066 0
62 53 183079 1
49 60 183090 0
110 51 183103 1
66 54 183156 1
41 76 183163 0
105 45 183201 1
40 62 183261 1
96 47 183287 1
87 67 183288 1
52 48 183303 1
68 52 183305 1
42 62 183333 1
50 46 183352 1
61 73 183360 0
26 63 183361 0
76 80 183388 0
65 47 183395 1
43 62 183412 1
51 47 183428 1
48 43 183464 1
49 63 183479 1
58 51 183489 1
40 76 183521 0
70 54 183641 1
100 43 183656 1
63 53 183685 1
107 46 183686 1
79 78 183715 0
64 53 183718 1
48 42 183719 1
43 41 183722 1
32 73 183725 0
77 50 183758 1
58 48 183781 1
113 55 183782 1
49 75 183809 0
85 81 183811 0
67 70 183862 0
91 45 183866 1
64 41 183883 1
65 54 183906 1
49 47 183908 1
43 63 183920 1
49 45 183989 1
87 68 184016 1
89 81 184024 0
40 75 184026 0
32 75 184026 0
76 76 184027 0
96 72 184056 1
49 76 184074 0
103 45 184076 1
69 13 184129 1
72 54 184135 1
29 67 184148 0
97 70 184193 1
71 73 184235 0
54 49 184239 1
95 11 184277 0
89 80 184313 0
39 46 184320 1
83 67 184338 1
66 71 184367 0
28 53 184444 0
30 68 184472 0
42 42 184528 1
119 107 184567 1
63 52 184598 1
47 59 184658 0
28 67 184696 0
51 46 184707 1
34 49 184709 1
71 54 184724 1
26 62 184729 0
60 72 184791 0
86 50 184827 1
58 73 184879 0
26 64 184923 0
80 79 184945 0
74 75 184951 0
26 57 184953 0
39 63 184958 1
45 77 184962 0
56 48 184999 1
45 75 185003 0
76 84 185042 0
67 80 185057 0
72 55 185057 1
24 73 185090 0
26 55 185126 0
47 63 185133 1
82 79 185152 0
50 47 185167 1
25 58 185197 0
85 68 185206 1
104 46 185236 1
99 66 185240 1
32 71 185252 0
26 60 185264 0
114 44 185265 1
99 64 185305 1
43 44 185311 1
57 79 185333 0
34 46 185335 1
43 60 185338 0
40 45 185339 1
36 46 185342 1
41 61 185343 1
60 44 185358 1
70 55 185371 1
28 65 185379 0
41 44 185419 1
99 45 185422 1
119 70 185487 1
87 49 185584 1
60 51 185646 1
58 46 185653 1
110 53 185704 1
48 44 185830 1
54 75 185831 0
104 45 185966 1
30 49 186009 1
99 46 186013 1
67 55 186013 1
88 67 186025 1
65 19 186031 1
67 53 186081 1
26 61 186091 0
31 50 186097 1
49 46 186117 1
45 60 186127 0
32 49 186138 1
81 50 186161 1
43 45 186188 1
107 45 186242 1
115 59 186283 1
35 75 186329 0
99 63 186340 1
27 66 186369 0
28 72 186399 0
53 75 186416 0
77 76 186456 0
90 63 186482 0
109 50 186496 1
87 50 186572 1
31 71 186573 0
61 51 186584 1
76 76 186644 0
35 73 186663 0
67 70 186707 0
61 52 186715 1
45 46 186728 1
90 49 186758 1
81 67 186776 1
53 48 186781 1
84 50 186790 1
20 79 186849 0
81 66 186878 1
37 75 186885 0
33 73 186891 0
92 48 186921 1
11 61 186933 0
83 88 186987 0
30 75 187041 0
57 50 187139 1
68 55 187157 1
26 59 187166 0
40 61 187195 1
40 75 187210 0
35 74 187214 0
15 75 187261 0
29 82 187267 0
34 81 187342 0
68 57 187372 1
26 63 187390 0
68 54 187404 1
82 79 187421 0
22 80 187442 0
44 62 187512 1
30 68 187527 0
46 77 187617 0
42 44 187637 1
68 72 187791 0
42 76 187798 0
52 47 187854 1
118 106 187900 1
110 47 187922 1
30 69 187956 0
32 71 188024 0
13 80 188047 0
40 47 188062 1
40 79 188067 0
83 79 188093 0
86 68 188147 1
41 90 188193 0
77 53 188203 1
56 49 188206 1
29 68 188223 0
110 50 188240 1
41 46 188284 1
97 45 188288 1
45 78 188306 0
109 47 188393 1
56 90 188399 0
48 46 188400 1
78 79 188425 0
74 75 188437 0
51 48 188482 1
33 75 188504 0
2 76 188508 0
26 60 188545 0
63 73 188598 0
74 93 188658 0
57 74 188716 0
31 70 188789 0
86 49 188826 1
27 60 188827 0
46 62 188930 1
41 62 188962 1
47 78 189142 0
36 74 189207 0
113 120 189231 0
27 54 189237 0
55 49 189238 1
20 72 189253 0
29 67 189296 0
69 54 189310 1
64 54 189310 1
99 65 189320 1
20 85 189419 0
36 47 189458 1
56 47 189534 1
26 61 189551 0
67 70 189595 0
28 75 189709 0
62 52 189852 1
65 76 189858 0
98 70 189861 1
25 76 189904 0
104 58 189922 0
79 82 189926 0
41 78 189980 0
45 63 190012 1
45 75 190016 0
56 90 190031 1
52 48 190034 1
84 91 190063 0
34 47 190088 1
74 80 190134 0
82 79 190134 0
25 59 190149 0
27 75 190165 0
28 57 190188 1
105 57 190214 0
38 47 190382 1
22 63 190408 0
81 81 190451 0
94 76 190467 1
46 43 190472 1
43 60 190489 0
77 86 190502 0
30 69 190543 0
37 75 190544 0
73 74 190598 0
34 76 190602 0
89 80 190635 0
65 77 190665 0
69 73 190692 0
56 75 190706 0
110 52 190717 1
37 80 190738 0
76 76 190798 0
38 96 190817 0
87 81 190853 0
40 78 190875 0
40 75 190900 0
85 82 190914 0
27 22 190949 0
83 50 190951 1
26 82 190963 0
44 75 191034 0
42 80 191063 0
88 86 191073 0
32 71 191109 0
43 87 191129 0
109 45 191194 1
37 79 191214 0
59 53 191215 1
41 87 191260 0
49 75 191438 0
36 74 191552 0
90 63 191565 0
109 45 191610 0
29 68 191632 0
35 47 191648 1
49 59 191676 0
40 76 191725 0
30 68 191754 0
75 84 191781 0
109 48 191797 1
74 75 191892 0
73 87 191986 0
33 89 192008 0
26 59 192035 0
26 60 192077 0
43 59 192079 0
31 70 192094 0
110 48 192117 1
28 89 192143 0
26 63 192172 0
73 75 192173 0
88 81 192180 0
27 67 192209 0
44 45 192252 1
71 71 192293 0
49 44 192348 1
51 47 192354 1
44 45 192370 1
24 58 192407 0
89 49 192438 1
44 45 192479 1
25 72 192509 0
85 80 192545 0
44 45 192583 1
48 75 192606 0
44 45 192686 1
17 72 192695 0
44 45 192791 1
91 48 192835 1
57 49 192844 1
106 45 192886 1
44 45 192902 1
103 60 192904 0
29 78 192909 0
77 78 192912 0
24 62 192940 0
107 46 192977 1
34 48 193010 1
44 45 193029 1
44 45 193139 1
84 62 193187 0
98 46 193197 1
110 49 193233 1
44 45 193247 1
82 79 193257 0
83 67 193313 1
44 45 193357 1
30 69 193379 0
21 76 193418 0
22 75 193443 0
44 45 193484 1
76 53 193537 1
67 70 193557 0
61 75 193582 0
44 45 193601 1
109 46 193614 1
86 63 193630 0
102 46 193636 1
83 51 193721 1
46 44 193724 1
44 45 193753 1
102 56 193805 0
25 68 193820 0
108 46 193823 1
62 53 193825 1
105 57 193837 0
77 76 193846 0
105 58 193856 0
58 49 193864 1
44 45 193877 1
59 74 193935 0
28 68 193959 0
81 89 193971 0
60 90 193991 0
105 45 194020 1
44 45 194020 1
33 74 194095 0
74 79 194114 0
48 45 194121 1
44 45 194156 1
30 70 194185 0
103 56 194311 0
37 75 194327 0
44 45 194335 1
100 46 194336 1
82 50 194366 1
41 45 194384 1
65 53 194400 1
54 48 194408 1
99 64 194419 1
25 62 194461 0
108 43 194482 1
63 53 194485 1
93 47 194488 1
44 45 194507 1
103 45 194546 1
101 46 194550 1
36 74 194585 0
86 62 194598 0
57 48 194615 1
35 48 194622 1
42 62 194622 1
64 53 194627 1
84 67 194631 1
44 45 194672 1
66 53 194695 1
65 54 194767 1
99 47 194794 1
83 68 194863 1
41 77 194879 0
44 45 194886 1
49 60 194916 0
61 72 194925 0
107 56 194956 0
45 76 194967 0
80 84 194995 0
84 80 194998 0
101 42 195026 1
59 73 195065 0
73 78 195076 0
31 72 195102 0
44 45 195128 1
73 54 195132 1
97 119 195134 0
48 60 195148 0
47 45 195148 1
83 79 195190 0
72 85 195228 0
47 46 195280 1
47 62 195280 1
72 75 195321 0
58 50 195326 1
62 51 195328 1
99 62 195365 1
44 45 195397 1
49 47 195399 1
29 68 195476 0
31 70 195480 0
85 68 195511 1
85 50 195517 1
32 71 195540 0
26 61 195550 0
50 47 195612 1
49 63 195646 1
108 56 195648 0
69 55 195669 1
79 53 195692 1
67 54 195693 1
43 62 195705 1
55 48 195711 1
44 45 195751 1
80 82 195762 0
47 59 195765 0
43 59 195793 0
82 66 195812 1
60 72 195831 0
33 73 195832 0
26 64 195859 0
58 73 195885 0
99 61 195888 1
87 48 195890 1
45 62 195922 1
37 47 195939 1
95 47 195953 1
71 72 195992 0
29 69 195994 0
59 50 196026 1
50 77 196033 0
110 51 196043 1
34 74 196079 0
99 67 196121 1
47 60 196135 0
74 75 196140 0
35 73 196155 0
99 60 196176 1
79 78 196199 0
54 49 196203 1
61 74 196217 0
71 71 196234 0
51 75 196250 0
44 45 196256 1
60 50 196265 1
88 82 196280 0
44 44 196290 1
34 77 196293 0
107 45 196297 1
48 76 196325 0
98 47 196327 1
32 72 196331 0
47 44 196365 1
90 63 196441 0
45 44 196504 1
79 46 196571 1
41 76 196633 0
78 52 196645 1
54 44 196674 1
30 69 196681 0
43 77 196703 0
41 61 196740 1
59 43 196741 1
26 60 196744 0
40 75 196751 0
64 52 196808 1
83 49 196832 1
100 44 196832 1
86 67 196834 1
50 46 196862 1
30 66 196866 0
97 46 196877 1
44 45 196895 1
65 70 196926 0
62 73 196932 0
27 65 196942 0
76 76 196943 0
41 42 196949 1
27 64 196957 0
63 52 196958 1
71 52 196978 1
44 63 197005 1
54 46 197008 1
82 51 197015 1
7 28 197018 1
35 74 197026 0
28 65 197090 0
25 66 197109 0
47 77 197116 0
82 79 197126 0
61 71 197185 0
53 48 197230 1
90 80 197243 0
91 49 197305 1
64 70 197306 0
109 46 197322 1
89 80 197329 0
77 77 197359 0
109 47 197367 1
59 49 197401 1
46 45 197414 1
45 45 197435 1
36 74 197446 0
49 45 197446 1
30 68 197460 0
31 82 197472 0
27 56 197520 0
73 53 197563 1
69 77 197569 0
60 51 197587 1
109 45 197614 1
83 67 197632 1
49 46 197641 1
84 80 197657 0
52 47 197681 1
99 63 197688 1
82 84 197712 0
84 81 197738 0
45 75 197765 0
57 50 197782 1
44 45 197817 1
50 80 197825 0
80 51 197875 1
53 47 197881 1
121 45 197882 1
108 45 197915 1
30 70 197952 0
51 47 197962 1
105 57 197970 0
61 50 198026 1
99 66 198077 1
61 52 198094 1
27 60 198099 0
48 63 198131 1
85 80 198133 0
24 79 198148 0
26 65 198150 0
59 75 198160 0
80 52 198186 1
34 80 198187 0
34 97 198192 0
53 81 198194 0
44 77 198254 0
110 50 198258 1
59 48 198306 1
49 59 198370 0
67 55 198402 1
85 67 198410 1
48 60 198439 0
42 78 198446 0
43 43 198479 1
96 46 198483 1
42 60 198506 0
39 76 198545 0
88 49 198582 1
27 53 198595 0
55 49 198727 1
69 51 198731 1
76 52 198741 1
31 70 198834 0
104 46 198851 1
87 45 198851 1
87 68 198851 1
68 54 198886 1
110 48 198940 1
71 72 198999 0
67 70 199024 0
72 54 199032 1
99 65 199053 1
102 37 199069 1
39 45 199087 1
25 59 199111 0
96 45 199113 1
96 47 199132 1
29 67 199145 0
37 75 199167 0
37 46 199176 1
51 46 199187 1
110 47 199257 1
62 71 199263 0
71 54 199310 1
103 44 199351 1
31 47 199367 1
75 52 199407 1
71 73 199460 0
56 49 199524 1
70 54 199558 1
30 69 199648 0
44 45 199704 1
70 55 199728 1
60 49 199733 1
106 45 199734 1
47 42 199750 1
40 44 199759 1
32 72 199776 0
62 48 199777 1
53 60 199778 0
85 79 199806 0
46 76 199816 0
109 45 199838 0
85 81 199969 0
45 81 199975 0
75 76 199981 0
0 0 200010 0
