16 64 0 0
64 99 175 0
56 86 438 0
38 69 486 0
48 43 510 1
74 14 521 0
16 61 574 0
100 69 578 1
53 43 733 1
22 71 784 0
84 64 913 0
36 68 1144 0
21 69 1179 0
56 87 1213 0
43 44 1244 1
71 100 1336 0
93 24 1392 0
33 76 1427 0
55 71 1656 0
46 43 1663 1
56 88 1773 0
25 70 1820 0
17 66 1958 0
42 70 2090 0
59 92 2160 0
81 99 2336 0
66 99 2376 0
38 70 2503 0
17 67 2516 0
90 40 2557 1
29 70 2671 0
65 99 2675 0
63 98 2697 0
23 50 2930 1
18 68 3185 0
57 90 3211 0
59 95 3352 0
67 102 3490 0
15 62 3504 0
77 101 3686 0
27 72 3721 0
91 41 3922 1
58 73 4185 0
14 63 4188 0
98 51 4188 1
15 66 4195 0
83 59 4409 0
25 73 4574 0
57 73 4604 0
33 69 4656 0
44 69 4704 0
77 77 4766 0
66 101 4789 0
12 69 4801 0
26 72 4801 0
51 9 4803 0
47 82 4803 0
54 96 4808 0
6 39 4848 0
10 56 4862 0
73 113 4921 0
71 100 4954 0
31 71 5020 0
11 33 5043 0
30 98 5266 0
30 70 5266 1
77 100 5269 0
56 88 5288 0
60 52 5318 1
28 71 5349 0
42 69 5351 0
19 68 5351 0
55 75 5355 0
34 71 5360 0
71 110 5360 0
57 71 5362 0
24 28 5397 0
56 85 5440 0
45 68 5447 0
69 101 5460 0
83 66 5476 0
69 88 5513 1
91 62 5513 1
5 15 5530 0
26 71 5551 0
75 49 5589 1
33 68 5597 0
96 75 5606 1
38 68 5625 0
109 68 5649 0
85 78 5650 1
27 73 5652 0
10 86 5678 0
36 69 5753 0
51 20 5756 0
16 56 5769 0
19 70 5784 0
78 76 5789 1
76 100 5790 0
34 70 5796 0
33 71 5814 0
11 21 5814 0
21 69 5820 0
45 90 5827 0
75 82 5827 1
39 24 5840 0
47 67 5848 0
99 63 5871 1
14 38 5880 0
82 70 5908 0
21 68 5935 0
0 5 5957 0
66 63 5958 1
23 6 5979 0
55 76 6021 0
98 53 6026 1
19 67 6185 0
64 98 6259 0
63 25 6425 0
70 99 6598 0
56 83 6636 0
24 71 6648 0
23 70 6694 0
65 99 6898 0
15 59 6969 0
71 101 7098 0
32 69 7120 0
63 98 7463 0
69 100 7601 0
25 70 7607 0
15 62 7838 0
31 70 7862 0
7 28 7920 1
17 67 8109 0
29 32 8470 0
75 100 8496 0
15 61 8556 0
73 73 8682 1
56 88 8762 0
18 69 8913 0
74 36 9205 1
7 28 9254 0
57 88 9417 0
88 40 9463 1
57 77 9695 0
56 64 9751 0
99 53 10652 1
16 63 10653 0
23 70 11309 0
100 65 11447 1
64 41 11671 1
71 100 11682 0
54 64 11686 0
69 100 11853 0
97 75 12288 1
73 113 12303 1
66 100 12571 0
60 95 12631 0
27 49 12750 1
21 50 12753 1
73 77 12791 1
65 99 12823 0
15 62 12928 0
68 99 13364 0
35 26 13498 1
14 116 13556 1
18 67 14273 0
100 57 14331 1
99 68 14396 1
92 41 14491 1
93 42 14499 1
89 40 14517 1
97 47 14657 1
56 88 14671 0
31 46 14696 1
99 51 14711 1
100 62 14832 1
15 68 15210 0
99 70 15240 1
95 43 15276 1
93 41 15295 1
45 42 15381 1
100 66 15426 1
74 73 15436 1
95 44 15461 1
100 63 15495 1
100 61 15495 1
99 52 15499 1
58 70 15571 0
84 62 15636 0
97 46 15641 1
80 45 15921 1
100 56 15957 1
81 97 15964 0
61 96 15990 0
95 42 16000 1
73 41 16047 1
94 41 16064 1
97 45 16119 1
94 42 16160 1
92 40 16185 1
68 41 16304 1
21 51 16311 1
74 72 16318 1
58 69 16360 0
57 72 16400 0
56 80 16437 0
77 99 16448 0
56 78 16473 0
98 50 16489 1
100 64 16514 1
45 44 16521 1
44 43 16561 1
69 100 16569 0
63 96 16604 0
64 97 16676 0
57 77 16695 0
81 98 16703 0
70 39 16703 1
99 53 16711 1
93 40 16735 1
98 49 16749 1
100 59 16760 1
77 71 16793 0
59 93 16809 0
73 78 16818 1
72 78 16824 1
35 26 16829 0
72 40 16850 1
16 68 16853 0
56 87 16877 0
75 99 16885 0
58 72 16895 0
62 97 16896 0
97 47 16924 1
78 44 16941 1
77 43 16950 1
99 54 16971 1
97 73 16977 1
89 10 16999 0
77 44 17018 1
99 65 17040 1
96 45 17041 1
60 95 17076 0
62 96 17111 0
71 40 17165 1
84 67 17166 0
43 67 17235 0
72 41 17239 1
57 86 17248 0
63 98 17271 0
74 80 17301 1
76 42 17305 1
73 79 17325 1
73 100 17357 0
98 48 17359 1
100 55 17397 1
59 63 17427 0
31 48 17429 1
56 82 17436 0
99 69 17459 1
74 41 17482 1
56 86 17503 0
64 42 17542 1
100 53 17544 1
54 64 17690 0
96 77 17734 1
42 67 17738 0
23 70 17758 0
100 67 17759 1
41 68 17777 0
55 42 17801 1
46 67 17810 0
99 50 17817 1
100 57 17820 1
48 42 17849 1
45 67 17873 0
58 64 17909 0
57 74 17933 0
55 65 17969 0
66 99 17979 0
100 54 17980 1
83 68 17992 0
70 100 17995 0
33 48 18001 1
96 43 18049 1
75 69 18049 1
59 92 18061 0
68 99 18064 0
62 42 18089 1
47 43 18089 1
96 46 18103 1
79 46 18114 1
16 63 18143 0
98 46 18158 1
67 41 18158 1
98 47 18199 1
20 68 18201 0
24 70 18215 0
65 42 18235 1
56 64 18254 0
90 39 18261 1
73 39 18277 1
53 42 18285 1
61 42 18290 1
100 62 18291 1
29 47 18291 1
57 88 18323 0
87 39 18325 1
85 64 18344 0
28 48 18364 1
61 41 18382 1
59 65 18409 0
49 43 18463 1
100 68 18513 1
35 47 18521 1
16 46 18521 1
16 60 18521 0
88 39 18555 1
27 48 18568 1
86 40 18579 1
93 82 18617 1
78 43 18677 1
22 50 18692 1
27 69 18694 0
58 42 18776 1
34 47 18784 1
16 66 18817 0
74 14 18875 1
73 74 18875 1
97 46 18881 1
23 45 18972 1
70 99 18989 0
95 43 18999 1
81 46 19045 1
34 69 19070 0
97 49 19076 1
37 46 19091 1
57 75 19114 0
92 40 19187 1
99 55 19288 1
57 64 19312 0
74 100 19314 0
59 67 19329 0
73 80 19340 1
32 69 19352 0
84 44 19360 0
18 67 19362 0
28 69 19393 0
91 40 19412 1
56 75 19413 0
54 84 19418 0
32 47 19455 1
78 44 19474 1
16 55 19478 0
56 83 19503 0
38 68 19523 0
58 92 19528 0
74 42 19540 1
15 60 19554 0
29 72 19595 0
37 7 19597 0
64 99 19597 0
100 60 19598 1
57 90 19608 0
25 71 19614 0
100 63 19625 1
59 41 19626 1
79 45 19630 1
30 46 19633 1
65 99 19641 0
56 81 19646 0
75 41 19658 1
99 52 19663 1
15 62 19676 0
69 41 19695 1
53 22 19696 0
95 44 19732 1
51 43 19734 1
38 46 19757 1
57 41 19788 1
77 42 19789 1
59 42 19813 1
99 51 19814 1
28 49 19820 1
97 47 19832 1
21 70 19836 0
84 64 19848 0
73 40 19924 1
57 80 19967 0
24 50 19973 1
62 41 19994 1
61 97 20005 0
40 69 20011 0
35 70 20077 0
60 41 20122 1
37 68 20126 0
60 42 20138 1
20 51 20145 1
15 57 20202 0
54 85 20218 0
53 65 20228 0
94 41 20228 1
25 70 20302 0
59 93 20311 0
95 42 20317 1
49 65 20341 0
54 42 20364 1
76 42 20366 1
43 68 20376 0
67 42 20390 1
100 58 20391 1
63 96 20395 0
59 70 20404 0
57 92 20423 0
71 100 20430 0
66 42 20431 1
61 96 20433 0
90 40 20438 1
82 97 20448 0
36 68 20484 0
84 93 20495 1
16 58 20537 0
37 69 20571 0
60 95 20572 0
100 65 20574 1
57 91 20579 0
14 61 20594 0
41 70 20610 0
77 43 20630 1
62 96 20642 0
21 68 20649 0
24 49 20675 1
57 77 20677 0
17 66 20692 0
69 100 20707 0
17 67 20730 0
92 84 20744 1
58 73 20756 0
21 69 20797 0
99 53 20802 1
19 67 20818 0
44 34 20829 0
15 65 20843 0
89 40 20877 1
16 64 20880 0
64 98 20888 0
16 61 20895 0
95 79 20906 1
78 100 20923 0
20 68 20938 0
5 71 20944 0
56 79 20947 0
57 84 20960 0
56 41 21067 1
75 99 21102 0
81 47 21179 1
89 39 21183 1
73 77 21197 1
93 41 21288 1
43 42 21289 1
73 79 21325 1
74 75 21335 1
28 70 21387 0
52 42 21424 1
59 66 21459 0
68 40 21480 1
77 44 21485 1
70 40 21496 1
72 39 21518 1
16 60 21557 0
64 97 21565 0
56 88 21571 0
56 91 21574 0
69 40 21577 1
47 66 21623 0
79 99 21663 0
71 39 21675 1
45 67 21701 0
75 68 21720 1
100 56 21720 1
57 86 21733 0
73 41 21744 1
42 67 21745 0
57 81 21781 0
74 79 21839 1
15 59 21890 0
99 68 21900 1
66 41 21932 1
52 43 21966 1
50 43 22004 1
98 49 22023 1
68 99 22026 0
57 83 22047 0
68 100 22071 0
59 69 22140 0
24 70 22173 0
56 85 22200 0
88 40 22273 1
100 61 22307 1
100 66 22330 1
54 64 22340 0
95 81 22340 1
95 11 22342 0
96 47 22349 1
59 92 22360 0
30 71 22362 0
55 86 22385 0
43 67 22386 0
99 66 22412 1
55 93 22446 0
77 99 22447 0
20 69 22458 0
74 41 22475 1
84 62 22506 0
50 42 22581 1
18 67 22616 0
29 48 22641 1
16 63 22746 0
71 41 22830 1
57 88 22843 0
29 70 22856 0
100 64 22960 1
57 93 23027 0
44 44 23036 1
75 71 23044 1
57 82 23084 0
47 42 23150 1
72 40 23172 1
63 99 23244 0
84 60 23273 0
23 70 23320 0
52 65 23343 0
78 98 23385 0
28 71 23437 0
30 47 23462 1
94 81 23491 1
66 99 23492 0
80 46 23522 1
62 97 23577 0
98 48 23640 1
74 40 23654 1
73 76 23662 1
75 100 23702 0
59 93 23706 0
71 40 23741 1
34 46 23764 1
87 40 23878 1
19 68 23921 0
100 57 23980 1
96 42 24022 1
75 42 24027 1
100 55 24039 1
98 50 24047 1
59 63 24074 0
79 44 24080 1
64 42 24098 1
82 62 24128 0
29 71 24146 0
33 46 24172 1
31 47 24284 1
25 50 24305 1
93 40 24309 1
52 33 24348 1
26 71 24417 0
33 47 24466 1
49 42 24469 1
43 43 24593 1
60 95 24600 0
56 89 24631 0
96 45 24647 1
23 49 24683 1
27 71 24767 0
26 49 24786 1
56 80 24796 0
37 68 24843 0
73 75 24873 1
16 66 24921 0
92 41 24927 1
58 41 24929 1
87 41 24930 1
38 44 24932 1
20 42 24945 1
72 41 24983 1
67 40 25093 1
91 39 25157 1
73 78 25167 1
77 42 25304 1
37 45 25358 1
62 42 25377 1
35 68 25383 0
64 41 25393 1
48 43 25393 1
47 43 25401 1
22 70 25432 0
56 64 25465 0
95 11 25489 1
49 43 25581 1
40 45 25645 1
72 80 25648 1
97 45 25650 1
51 67 25667 0
19 67 25668 0
44 68 25698 0
99 71 25777 1
54 65 25782 0
25 72 25809 0
68 41 25828 1
65 41 25833 1
100 54 25992 1
109 68 26045 1
74 80 26046 1
32 70 26065 0
81 45 26078 1
55 42 26104 1
95 43 26122 1
48 42 26140 1
99 54 26245 1
59 64 26283 0
58 94 26331 0
73 102 26368 0
95 78 26407 1
95 80 26444 1
38 45 26445 1
18 67 26461 0
20 50 26535 1
76 68 26618 1
53 42 26665 1
17 57 26671 0
36 45 26684 1
70 99 26695 0
47 65 26761 0
115 3 26804 1
92 40 26857 1
100 52 26878 1
100 53 26911 1
24 48 26934 1
61 42 26972 1
80 45 26978 1
23 69 26980 0
61 38 27028 1
27 50 27074 1
15 62 27131 0
80 2 27152 1
92 39 27177 1
40 43 27286 1
69 100 27400 0
44 42 27425 1
45 42 27477 1
76 44 27532 1
72 78 27744 1
99 70 27809 1
44 43 27858 1
83 60 27886 0
51 42 27929 1
84 61 27930 0
58 42 27984 1
93 81 28011 1
84 94 28112 1
84 60 28117 0
78 68 28145 0
78 43 28145 1
27 47 28265 1
79 45 28284 1
97 46 28316 1
25 27 28335 0
16 61 28340 0
28 72 28372 0
56 77 28379 0
56 87 28458 0
100 63 28479 1
85 64 28532 0
99 69 28551 1
38 68 28565 0
93 42 28570 1
55 43 28608 1
15 64 28625 0
26 48 28727 1
97 74 28794 1
20 52 28855 1
97 75 28856 1
56 86 28872 0
57 87 28911 0
73 100 28966 0
94 40 29031 1
29 49 29041 1
45 44 29051 1
27 69 29094 0
75 70 29120 1
99 52 29200 1
61 41 29241 1
60 41 29276 1
41 45 29337 1
74 74 29379 1
57 74 29384 0
59 93 29480 0
20 70 29511 0
60 97 29584 0
100 62 29625 1
41 43 29707 1
52 100 29856 0
13 64 30071 0
3 63 30081 0
20 68 30126 0
52 33 30551 1
101 59 30569 1
119 103 30774 1
92 90 30784 1
59 64 30831 0
69 39 30870 1
99 48 30889 1
85 60 30892 0
57 79 30951 0
42 42 30966 1
57 73 31147 0
57 84 31199 0
63 96 31225 0
57 77 31283 0
100 59 31307 1
58 90 31359 0
73 40 31360 1
23 69 31371 0
100 68 31394 1
68 99 31397 0
91 40 31445 1
95 42 31446 1
96 43 31457 1
78 44 31471 1
16 56 31571 0
56 82 31615 0
45 43 31673 1
17 66 31682 0
42 67 31698 0
14 64 31715 0
46 42 31753 1
101 58 31756 1
94 79 31775 1
35 47 31775 1
57 81 31788 0
18 67 31821 0
100 69 31878 1
74 73 31911 1
25 70 31929 0
16 60 32003 0
101 61 32009 1
50 66 32104 0
41 68 32141 0
16 64 32175 0
51 66 32247 0
62 96 32255 0
16 66 32277 0
16 63 32288 0
18 70 32324 0
33 68 32357 0
84 61 32399 0
59 94 32415 0
15 61 32443 0
58 72 32447 0
65 99 32624 0
35 69 32651 0
63 98 32653 0
57 85 32661 0
56 90 32664 0
37 68 32692 0
28 69 32779 0
15 60 32824 0
35 68 32830 0
94 41 32919 1
31 69 32963 0
57 83 32984 0
77 43 32995 1
56 83 33005 0
57 87 33025 0
83 59 33172 0
40 68 33212 0
31 70 33250 0
54 65 33328 0
54 64 33408 0
57 72 33416 0
33 70 33492 0
36 68 33498 0
60 95 33503 0
46 67 33509 0
33 10 33525 0
22 49 33585 1
26 70 33634 0
51 105 33645 0
74 72 33694 1
76 100 33755 0
83 61 33804 0
71 17 33836 0
16 58 33856 0
46 68 33873 0
65 98 33925 0
99 49 33961 1
90 39 34087 1
50 65 34220 0
84 60 34377 0
57 80 34429 0
62 41 34491 1
23 70 34585 0
58 90 34676 0
100 67 34701 1
22 49 34742 1
58 70 34746 0
76 42 34768 1
30 70 34818 0
67 99 35154 0
75 41 35156 1
23 48 35167 1
62 95 35232 0
64 97 35340 0
99 51 35461 1
99 50 35603 1
23 69 35678 0
77 98 35764 0
72 100 35910 0
16 55 35921 0
51 43 35968 1
55 64 36047 0
57 67 36075 0
29 47 36141 1
22 49 36182 1
32 48 36302 1
55 82 36303 0
57 75 36355 0
17 65 36416 0
33 69 36444 0
98 47 36456 1
57 79 36500 0
97 76 36516 1
71 99 36557 0
81 46 36636 1
53 63 36645 0
58 97 36813 0
100 65 36891 1
35 46 36901 1
99 53 36916 1
59 64 37015 0
32 70 37025 0
98 49 37061 1
74 102 37122 0
70 99 37132 0
100 72 37136 1
56 92 37153 0
26 47 37355 1
36 67 37373 0
22 49 37473 1
28 48 37481 1
32 69 37550 0
102 54 37615 1
73 72 37669 1
59 94 37770 0
42 44 38032 1
73 80 38035 1
56 77 38070 0
68 102 38091 0
65 98 38215 0
34 47 38235 1
22 49 38615 1
84 61 38699 0
63 39 38789 1
26 70 38913 0
75 99 38921 0
55 80 38999 0
28 70 39011 0
62 95 39109 0
106 55 39313 1
40 68 39393 0
19 71 39482 0
40 41 39485 1
40 44 39485 1
58 69 39560 0
56 65 39640 0
97 47 39652 1
22 49 39669 1
16 59 39705 0
65 42 39712 1
97 44 39742 1
58 90 39752 0
57 85 39839 0
100 55 39870 1
56 88 39988 0
60 94 40200 0
67 99 40223 0
38 101 40417 0
59 41 40468 1
5 71 40575 0
15 62 40577 0
76 99 40600 0
24 73 40638 0
21 50 40671 1
82 61 40766 0
31 48 40778 1
100 56 40859 1
27 48 40865 1
42 43 40914 1
59 42 41016 1
22 49 41090 1
93 41 41261 1
73 79 41293 1
59 93 41414 0
99 72 41445 1
63 97 41542 0
17 65 41660 0
55 41 41700 1
84 67 41719 0
22 50 41814 1
98 48 41866 1
28 47 41886 1
53 36 41916 1
30 70 41998 0
22 49 42090 1
90 40 42146 1
95 43 42146 1
92 40 42174 1
74 41 42231 1
72 100 42254 0
16 66 42272 0
15 56 42335 0
52 42 42363 1
69 100 42684 0
57 87 42693 0
71 99 42791 0
93 40 42812 1
54 42 42890 1
98 46 42923 1
74 78 42925 1
98 74 42976 1
89 39 43000 1
95 41 43084 1
101 56 43090 1
58 40 43091 1
89 40 43097 1
55 64 43106 0
99 64 43110 1
48 66 43140 0
22 49 43196 1
57 41 43206 1
57 86 43256 0
102 58 43294 1
19 66 43303 0
65 98 43323 0
100 64 43324 0
100 70 43324 1
40 67 43371 0
41 41 43397 1
59 92 43435 0
100 53 43450 1
97 46 43496 1
20 113 43504 1
57 88 43535 0
92 112 43568 1
80 98 43609 0
107 86 43609 1
96 41 43611 1
62 95 43614 0
125 106 43616 1
77 99 43659 0
103 68 43667 1
97 45 43684 1
71 40 43696 1
100 66 43730 1
100 54 43789 1
94 116 43825 1
61 40 43890 1
91 39 43890 1
100 64 43936 1
73 41 43954 1
42 121 43984 1
78 43 43989 1
94 80 44012 1
101 60 44176 1
57 82 44262 0
77 44 44287 1
37 95 44320 0
37 109 44320 1
27 45 44342 1
77 42 44350 1
47 42 44351 1
72 28 44381 1
59 94 44446 0
58 89 44465 0
89 38 44546 1
88 40 44564 1
93 39 44578 1
50 42 44602 1
101 52 44635 1
68 39 44643 1
74 40 44790 1
57 64 44840 0
22 49 44844 1
63 96 44845 0
100 52 44856 1
95 42 44902 1
72 40 44910 1
72 39 44933 1
71 100 44941 0
99 52 44993 1
60 94 45027 0
78 44 45109 1
52 43 45226 1
16 59 45272 0
58 73 45275 0
101 57 45307 1
43 67 45337 0
92 39 45342 1
96 43 45366 1
28 49 45404 1
92 88 45419 1
57 90 45526 0
64 98 45531 0
76 99 45557 0
93 83 45627 1
57 81 45645 0
59 70 45657 0
79 44 45680 1
76 42 45696 1
76 41 45788 1
66 40 45812 1
67 99 45820 0
56 41 45896 1
66 41 45922 1
94 41 45968 1
88 39 45980 1
22 49 46027 1
49 42 46029 1
70 39 46029 1
45 67 46055 0
50 65 46060 0
73 77 46127 1
19 67 46303 0
66 99 46305 0
64 42 46349 1
32 47 46351 1
85 62 46375 0
18 67 46394 0
26 70 46407 0
88 95 46472 1
75 79 46516 1
57 84 46524 0
77 43 46581 1
73 39 46634 1
57 83 46639 0
25 48 46679 1
60 41 46691 1
35 26 46727 1
39 80 46767 1
39 44 46767 1
73 37 46794 1
64 41 46897 1
79 45 46899 1
73 78 46921 1
63 97 46961 0
49 43 46997 1
21 69 47005 0
71 39 47034 1
58 41 47042 1
32 46 47057 1
22 49 47081 1
71 38 47124 1
59 63 47146 0
49 12 47198 1
70 99 47204 0
80 45 47226 1
42 67 47350 0
43 42 47408 1
16 61 47418 0
75 69 47452 1
36 46 47453 1
40 67 47471 0
27 49 47486 1
70 40 47555 1
2 112 47570 1
98 47 47616 1
80 44 47639 1
27 69 47662 0
38 68 47676 0
16 54 47694 0
58 90 47694 0
30 47 47751 1
16 60 47803 0
53 42 47831 1
39 45 47854 1
72 87 47869 1
69 40 47931 1
58 89 47965 0
19 66 47967 0
57 77 48002 0
76 69 48091 1
23 69 48188 0
22 49 48191 1
74 39 48216 1
65 41 48233 1
99 50 48240 1
99 51 48327 1
92 40 48340 1
43 43 48350 1
17 65 48382 0
35 45 48422 1
24 70 48452 0
69 41 48501 1
48 42 48529 1
103 45 48617 1
75 64 48659 1
21 68 48689 0
24 50 48701 1
47 43 48722 1
39 46 48731 1
57 79 48751 0
75 99 48850 0
24 49 48924 1
34 46 48990 1
75 41 49020 1
80 99 49057 0
62 41 49062 1
40 68 49075 0
30 46 49090 1
31 46 49103 1
21 51 49134 1
61 42 49175 1
22 49 49254 1
96 77 49264 1
98 48 49288 1
57 78 49349 0
74 76 49353 1
29 39 49406 1
29 46 49406 1
73 76 49422 1
77 68 49447 1
61 41 49498 1
68 99 49526 0
78 98 49598 0
61 95 49629 0
90 39 49667 1
74 75 49681 1
58 92 49686 0
62 95 49758 0
55 92 49797 0
37 46 49801 1
100 63 49801 1
62 96 49810 0
60 94 49813 0
20 69 49836 0
15 57 49847 0
43 45 49864 1
100 57 49879 1
16 58 49923 0
58 45 49932 1
45 42 49992 1
71 99 50010 0
15 75 50061 0
55 42 50093 1
58 64 50116 0
57 85 50157 0
77 42 50170 1
23 49 50200 1
18 52 50208 1
20 51 50230 1
51 42 50258 1
73 40 50293 1
16 65 50309 0
98 63 50316 1
68 41 50320 1
65 98 50336 0
15 59 50355 0
55 65 50457 0
23 50 50491 1
16 59 50512 0
84 60 50574 0
57 74 50621 0
22 49 50648 1
57 80 50671 0
30 70 50716 0
96 78 50763 1
36 69 50779 0
49 41 50785 1
84 61 50821 0
54 65 50924 0
57 70 50964 0
68 40 50967 1
13 104 50984 0
61 96 51003 0
47 67 51053 0
74 100 51061 0
28 73 51068 0
121 98 51070 0
58 66 51071 0
19 81 51090 0
0 0 51095 0
11 61 51099 0
56 77 51121 0
62 42 51152 1
85 62 51164 0
14 66 51179 0
47 41 51201 1
19 68 51248 0
64 97 51253 0
94 40 51316 1
87 39 51483 1
29 70 51636 0
72 100 51719 0
58 67 51748 0
22 49 51861 1
20 67 51900 0
37 68 51996 0
100 51 52146 1
17 64 52147 0
16 53 52270 0
57 87 52311 0
100 65 52443 1
44 67 52481 0
100 62 52494 1
63 97 52623 0
41 42 52656 1
101 55 52665 1
59 94 52756 0
29 48 52907 1
59 97 52928 0
58 89 53001 0
26 49 53018 1
55 64 53214 0
35 68 53219 0
67 99 53298 0
85 59 53393 0
22 49 53465 1
19 69 53517 0
19 66 53553 0
101 62 53592 1
27 71 53747 0
16 63 53900 0
59 40 53913 1
97 46 53913 1
65 40 53945 1
18 51 53974 1
91 38 54046 1
100 68 54114 1
34 36 54185 1
101 59 54256 1
78 42 54321 1
100 53 54343 1
77 98 54369 0
29 69 54375 0
58 42 54419 1
59 64 54507 0
51 64 54549 0
28 69 54572 0
79 74 54602 0
40 67 54758 0
93 40 54788 1
32 70 54824 0
96 42 54846 1
85 63 54856 0
24 72 54883 0
75 72 55023 1
99 68 55058 1
119 107 55095 1
58 88 55113 0
97 47 55127 1
57 78 55131 0
22 49 55192 1
100 54 55198 1
85 60 55222 0
114 96 55247 1
76 99 55258 0
85 64 55272 0
61 95 55374 0
58 63 55424 0
43 41 55495 1
98 45 55509 1
98 46 55609 1
74 41 55618 1
73 79 55640 1
48 66 55648 0
81 46 55652 1
33 46 55671 1
78 43 55682 1
15 63 55705 0
95 42 55841 1
20 67 55847 0
96 40 55874 1
94 41 55879 1
100 52 55975 1
31 47 56015 1
97 45 56101 1
100 64 56109 1
73 75 56115 1
81 45 56246 1
96 43 56251 1
89 39 56293 1
101 58 56300 1
101 54 56346 1
57 86 56358 0
63 96 56379 0
76 42 56382 1
74 79 56409 1
101 53 56417 1
87 40 56441 1
91 39 56452 1
97 44 56505 1
99 70 56573 1
100 55 56584 1
75 70 56777 1
99 69 56796 1
17 64 56808 0
60 94 56845 0
78 44 56860 1
15 73 56899 0
101 61 56908 1
57 82 57016 0
84 44 57018 0
57 88 57028 0
92 39 57053 1
16 65 57077 0
85 62 57080 0
29 71 57096 0
100 67 57134 1
57 83 57145 0
58 68 57155 0
54 64 57180 0
97 75 57182 1
57 41 57183 1
97 43 57190 1
51 43 57203 1
56 64 57223 0
37 67 57235 0
71 98 57242 0
80 72 57257 0
77 99 57307 0
70 100 57348 0
99 49 57353 1
47 66 57356 0
77 43 57411 1
36 68 57444 0
25 49 57449 1
13 65 57451 0
49 65 57455 0
57 81 57463 0
17 67 57477 0
15 112 57479 0
25 70 57497 0
59 41 57499 1
59 69 57511 0
56 78 57512 0
31 71 57530 0
79 44 57543 1
85 63 57548 0
50 42 57552 1
61 100 57553 0
62 95 57557 0
31 69 57626 0
73 100 57673 0
59 90 57674 0
74 40 57771 1
53 86 57786 0
7 76 57815 0
59 70 57817 0
59 92 57818 0
57 84 57836 0
13 76 57838 0
61 101 57845 0
38 71 57854 0
16 64 57870 0
11 75 57872 0
1 26 57875 0
51 83 57887 0
56 66 57896 0
95 41 57982 1
74 78 57986 1
92 40 57988 1
67 97 58012 0
58 91 58039 0
66 98 58078 0
99 51 58085 1
44 67 58090 0
70 99 58114 0
58 73 58118 0
17 65 58121 0
15 27 58143 0
28 71 58155 0
98 47 58157 1
100 69 58170 1
101 65 58206 1
101 60 58217 1
79 43 58264 1
58 88 58270 0
99 50 58294 1
22 49 58351 1
16 60 58386 0
47 65 58401 0
34 69 58407 0
12 61 58409 0
20 68 58409 0
75 99 58451 0
85 64 58479 0
34 68 58486 0
56 69 58545 0
17 55 58560 0
48 67 58570 0
16 62 58579 0
43 67 58619 0
53 63 58654 0
55 12 58657 0
16 56 58663 0
71 40 58695 1
63 101 58704 0
77 42 58709 1
16 61 58711 0
74 73 58727 1
58 89 58731 0
75 71 58783 1
51 41 58822 1
54 96 58842 0
94 39 58843 1
100 66 58844 1
44 42 58851 1
77 41 58852 1
36 67 58857 0
99 48 58942 1
19 67 58959 0
57 77 58959 0
59 63 58994 0
93 39 59011 1
95 40 59120 1
58 72 59228 0
76 41 59232 1
71 99 59268 0
17 66 59289 0
16 59 59324 0
45 67 59325 0
84 62 59335 0
28 70 59337 0
101 57 59344 1
47 42 59370 1
48 41 59388 1
42 67 59399 0
57 80 59428 0
58 90 59441 0
20 67 59450 0
38 45 59456 1
100 53 59460 1
17 57 59471 0
45 41 59471 1
73 77 59473 1
58 65 59480 0
54 42 59511 1
59 67 59551 0
52 42 59577 1
101 59 59662 1
35 46 59769 1
44 43 59834 1
89 40 59871 1
98 46 59880 1
65 98 59918 0
57 65 59948 0
79 99 59960 0
54 41 59994 1
27 69 60025 0
67 40 60025 1
98 48 60050 1
97 46 60083 1
31 70 60097 0
74 74 60104 1
17 53 60124 0
101 64 60149 1
43 69 60171 0
60 41 60197 1
33 68 60224 0
99 73 60251 1
75 41 60281 1
29 47 60290 1
58 63 60303 0
73 79 60313 1
93 40 60346 1
46 41 60374 1
28 46 60396 1
33 47 60435 1
37 7 60456 1
85 63 60458 0
59 90 60543 0
94 40 60547 1
16 57 60606 0
57 85 60616 0
17 64 60626 0
49 42 60630 1
64 97 60676 0
57 89 60737 0
100 71 60741 1
63 97 60761 0
57 83 60802 0
80 45 60850 1
93 84 60850 1
64 41 60869 1
17 63 60929 0
99 71 61030 1
40 67 61085 0
37 45 61093 1
95 42 61106 1
30 70 61123 0
73 78 61136 1
57 79 61137 0
66 98 61188 0
74 77 61214 1
79 42 61229 1
88 39 61231 1
89 39 61232 1
19 66 61273 0
20 65 61318 0
91 39 61367 1
33 48 61419 1
58 88 61431 0
63 96 61496 0
72 39 61501 1
101 56 61509 1
37 67 61531 0
73 39 61551 1
81 71 61576 0
57 78 61578 0
62 40 61602 1
16 58 61622 0
78 43 61642 1
98 73 61715 1
25 71 61753 0
36 71 61753 0
59 93 61772 0
32 69 61810 0
80 98 61858 0
60 65 61897 0
14 62 61955 0
23 69 61960 0
14 67 61975 0
85 62 61999 0
45 68 62004 0
57 108 62010 0
57 87 62066 0
57 75 62072 0
23 70 62102 0
29 69 62119 0
72 40 62142 1
41 44 62143 1
18 66 62186 0
58 41 62195 1
55 87 62199 0
62 41 62241 1
61 92 62242 0
58 69 62296 0
15 72 62355 0
59 91 62375 0
57 71 62416 0
96 43 62421 1
90 39 62503 1
30 69 62513 0
34 45 62572 1
80 63 62627 0
69 95 62638 0
22 39 62638 1
22 49 62639 1
52 41 62677 1
55 41 62766 1
81 44 62773 1
80 44 62839 1
44 67 62894 0
20 67 62916 0
77 98 62959 0
56 81 63004 0
16 65 63018 0
16 62 63018 0
56 85 63032 0
94 41 63102 1
21 68 63103 0
71 98 63173 0
54 66 63193 0
16 66 63233 0
60 64 63299 0
78 66 63447 1
59 70 63455 0
60 95 63482 0
58 91 63503 0
78 98 63524 0
101 63 63627 1
100 52 63690 1
98 31 63716 1
68 38 63732 1
50 45 63764 1
50 65 63764 0
43 28 63807 1
27 46 63808 1
52 33 63808 1
88 38 64187 1
63 95 64214 0
75 39 64236 1
17 63 64249 0
57 86 64259 0
67 99 64307 0
57 84 64321 0
76 99 64352 0
85 60 64484 0
100 51 64515 1
18 67 64546 0
66 98 64563 0
96 42 64573 1
78 75 64606 0
59 90 64651 0
81 97 64694 0
57 82 64709 0
85 59 64833 0
76 42 64894 1
15 63 64921 0
57 73 64922 0
16 60 64936 0
48 42 64988 1
46 42 65089 1
101 67 65102 1
32 71 65119 0
34 68 65141 0
58 93 65221 0
68 99 65250 0
85 63 65258 0
62 95 65283 0
53 42 65354 1
38 68 65368 0
70 40 65444 1
101 62 65448 1
99 52 65454 1
17 64 65672 0
56 41 65703 1
57 72 65724 0
58 70 65827 0
59 96 65911 0
92 39 65912 1
67 100 65914 0
93 82 65919 1
82 63 65999 0
59 91 66040 0
18 66 66056 0
88 40 66075 1
73 40 66136 1
57 81 66173 0
44 81 66213 0
75 40 66224 1
16 57 66387 0
28 68 66647 0
22 49 66814 1
44 66 66836 0
49 43 67049 1
26 71 67102 0
57 89 67135 0
57 91 67198 0
97 44 67307 1
24 71 67333 0
60 94 67439 0
27 47 67460 1
58 62 67541 0
100 68 67541 1
67 41 67644 1
87 41 67659 1
74 80 67755 1
101 55 67845 1
63 95 67882 0
32 47 67906 1
100 54 67906 1
78 42 67917 1
16 62 67924 0
76 70 67927 1
24 69 67964 0
66 98 68033 0
98 74 68132 1
95 41 68144 1
98 47 68195 1
96 79 68269 1
30 47 68392 1
21 49 68440 1
101 58 68451 1
100 46 68457 1
77 67 68574 1
73 74 68632 1
99 50 68728 1
37 44 68778 1
59 94 68885 0
16 65 68907 0
79 44 68984 1
65 41 69004 1
70 39 69039 1
99 49 69085 1
100 50 69102 1
84 43 69103 0
28 48 69105 1
50 42 69171 1
81 46 69172 1
101 59 69198 1
98 45 69244 1
77 42 69296 1
58 91 69440 0
82 45 69536 1
84 67 69607 0
97 76 69607 1
75 79 69616 1
12 67 69622 0
61 41 69626 1
59 73 69629 0
98 46 69677 1
20 67 69680 0
81 45 69729 1
26 70 69744 0
92 40 69770 1
93 39 69780 1
17 63 69808 0
8 60 69851 0
101 61 69874 1
77 100 69882 0
17 68 69896 0
57 83 69916 0
81 98 69928 0
77 53 69932 1
77 43 69932 1
58 89 69960 0
59 91 69973 0
74 75 69984 1
70 99 70016 0
15 60 70047 0
67 97 70100 0
97 43 70138 1
99 51 70144 1
19 51 70159 1
67 98 70225 0
100 70 70235 1
85 64 70242 0
97 42 70269 1
101 57 70307 1
74 39 70309 1
60 65 70366 0
58 88 70431 0
74 78 70435 1
45 66 70452 0
99 47 70491 1
39 68 70515 0
61 40 70519 1
93 40 70548 1
18 66 70581 0
56 80 70594 0
60 64 70609 0
99 48 70648 1
100 43 70650 1
30 46 70652 1
97 77 70667 1
37 67 70733 0
46 67 70780 0
41 66 70851 0
63 40 70852 1
76 40 70872 1
101 66 70892 1
100 67 70990 1
29 70 71005 0
17 65 71008 0
96 41 71034 1
76 68 71045 1
30 69 71052 0
66 41 71067 1
22 67 71071 0
24 48 71082 1
75 99 71093 0
85 63 71105 0
78 43 71108 1
19 64 71138 0
95 42 71204 1
76 41 71258 1
100 49 71261 1
67 39 71264 1
101 60 71264 1
94 40 71265 1
80 43 71272 1
84 60 71274 0
92 38 71311 1
16 55 71398 0
57 41 71424 1
77 77 71433 0
79 43 71449 1
63 95 71451 0
50 41 71473 1
74 40 71482 1
28 69 71496 0
66 98 71507 0
55 89 71509 0
77 41 71512 1
71 39 71525 1
44 66 71533 0
53 41 71544 1
77 99 71548 0
27 48 71575 1
89 88 71577 1
75 41 71588 1
100 52 71630 1
59 65 71647 0
16 59 71695 0
71 98 71698 0
49 41 71718 1
21 50 71765 1
42 67 71770 0
77 66 71781 1
55 64 71836 0
45 46 71862 1
45 42 71862 1
43 42 71864 1
59 41 71865 1
41 43 71898 1
59 90 71911 0
44 67 71928 0
96 43 71928 1
28 47 71934 1
47 66 71953 0
38 44 71957 1
34 47 71979 1
58 73 72008 0
40 67 72159 0
27 70 72172 0
58 63 72186 0
77 98 72208 0
69 40 72215 1
17 54 72222 0
40 44 72264 1
78 42 72318 1
33 69 72334 0
98 42 72437 1
101 54 72474 1
85 66 72508 0
71 99 72542 0
40 43 72556 1
73 38 72571 1
55 40 72590 1
98 75 72688 1
27 69 72696 0
16 63 72713 0
85 43 72740 0
60 41 72769 1
16 61 72785 0
57 77 72790 0
16 57 72797 0
60 40 72834 1
43 67 72854 0
85 62 72883 0
57 80 72903 0
85 93 72918 1
20 65 72920 0
42 42 72924 1
36 67 72952 0
61 92 73031 0
57 81 73053 0
22 50 73087 1
57 79 73099 0
55 73 73119 0
24 49 73123 1
47 43 73191 1
39 43 73202 1
71 40 73206 1
57 88 73261 0
100 66 73301 1
55 81 73346 0
57 85 73352 0
53 63 73356 0
40 68 73364 0
53 65 73365 0
24 69 73377 0
17 57 73398 0
28 70 73399 0
36 68 73446 0
101 56 73457 1
20 71 73459 0
78 65 73503 1
48 66 73503 0
49 65 73548 0
19 66 73555 0
62 96 73597 0
47 41 73608 1
59 92 73608 0
51 65 73637 0
47 42 73638 1
55 85 73648 0
72 38 73660 1
76 99 73665 0
72 101 73690 0
35 45 73714 1
57 78 73728 0
59 69 73745 0
67 98 73747 0
90 38 73811 1
96 42 73812 1
57 84 73821 0
49 42 73886 1
25 48 73888 1
78 76 73940 0
57 35 73952 1
91 38 74048 1
58 40 74068 1
80 44 74070 1
75 70 74099 1
31 46 74101 1
17 55 74111 0
17 62 74115 0
16 62 74117 0
57 87 74139 0
22 67 74150 0
91 39 74183 1
39 44 74202 1
22 49 74221 1
23 49 74251 1
102 52 74275 1
100 51 74278 1
59 88 74296 0
92 39 74304 1
17 63 74309 0
52 64 74343 0
103 75 74367 1
85 35 74376 1
44 41 74414 1
61 62 74463 0
51 41 74484 1
56 84 74593 0
74 76 74737 1
77 42 74741 1
59 91 74778 0
32 46 74788 1
95 79 74811 1
42 68 74818 0
57 86 74860 0
40 0 74880 1
106 55 74930 1
57 89 74963 0
100 37 74986 1
73 39 75048 1
100 64 75096 1
18 66 75099 0
64 41 75121 1
52 42 75121 1
45 66 75154 0
55 42 75158 1
17 64 75162 0
63 96 75173 0
98 47 75257 1
58 90 75286 0
43 43 75303 1
95 40 75321 1
38 43 75462 1
62 41 75466 1
101 53 75526 1
29 47 75544 1
73 77 75565 1
48 65 75699 0
57 64 75780 0
66 40 75824 1
80 45 75831 1
16 56 75846 0
44 66 75875 0
39 42 75894 1
72 100 75912 0
46 66 75937 0
34 40 75938 1
98 46 75958 1
62 94 75986 0
99 50 76008 1
58 96 76149 0
66 98 76180 0
57 69 76181 0
59 66 76196 0
31 47 76217 1
73 78 76247 1
57 40 76256 1
58 88 76305 0
14 60 76335 0
32 70 76345 0
66 102 76354 0
68 41 76358 1
62 95 76388 0
16 65 76391 0
45 41 76399 1
54 41 76409 1
95 41 76423 1
29 46 76462 1
55 41 76468 1
65 98 76480 0
78 98 76503 0
31 69 76609 0
63 95 76618 0
19 67 76622 0
13 58 76645 0
20 67 76661 0
56 74 76730 0
34 70 76749 0
31 74 76793 0
52 86 76801 0
50 66 76805 0
30 70 76810 0
58 72 76831 0
41 66 76835 0
82 18 76837 0
69 98 76899 1
97 45 76901 1
65 97 76904 0
97 44 76937 1
45 81 76938 0
82 96 76950 0
16 58 77010 0
33 46 77015 1
29 69 77025 0
17 69 77068 0
17 62 77078 0
79 44 77082 1
57 98 77105 0
100 69 77140 1
62 97 77161 0
28 49 77168 1
39 67 77173 1
6 71 77196 0
18 63 77219 0
67 98 77317 0
63 97 77331 0
59 39 77397 1
57 74 77468 0
72 39 77547 1
69 97 77582 0
22 67 77661 0
75 68 77687 0
75 78 77687 1
42 41 77869 1
41 67 77933 0
28 68 77961 0
75 72 78042 1
94 81 78132 1
57 83 78137 0
89 38 78181 1
101 58 78248 1
20 50 78369 1
15 63 78385 0
52 41 78460 1
58 41 78470 1
27 70 78475 0
64 99 78483 0
24 69 78574 0
98 44 78685 1
35 46 78710 1
75 71 78729 1
68 40 78785 1
54 63 78792 0
102 56 78808 1
97 43 78918 1
23 48 78988 1
62 40 78997 1
62 94 79076 0
99 49 79092 1
49 40 79242 1
64 97 79360 0
101 65 79366 1
39 68 79398 0
59 40 79403 1
16 60 79475 0
101 62 79482 1
53 42 79489 1
58 91 79583 0
54 42 79612 1
98 45 79821 1
92 84 79854 1
30 71 79885 0
87 39 80006 1
50 42 80037 1
48 41 80090 1
89 39 80093 1
20 65 80150 0
56 40 80163 1
94 39 80210 1
86 40 80389 1
34 68 80391 0
45 67 80423 0
28 46 80560 1
84 61 80619 0
68 98 80653 0
19 74 80684 0
48 68 80720 0
19 71 80760 0
76 42 80770 1
65 97 80776 0
46 41 80782 1
80 98 80823 0
52 66 80838 0
90 39 80863 1
57 82 80919 0
35 67 80977 0
61 95 81029 0
17 71 81049 0
52 91 81062 0
23 71 81082 0
56 76 81121 0
75 73 81184 1
30 68 81199 0
58 75 81259 0
52 65 81279 0
17 62 81453 0
56 41 81492 1
81 114 81529 0
16 57 81548 0
86 92 81721 1
18 63 81823 0
85 60 81835 0
62 98 81856 0
18 66 81896 0
52 64 81963 0
55 77 82072 0
37 67 82075 0
15 58 82094 0
25 75 82094 0
77 78 82095 0
14 59 82128 0
27 79 82171 0
100 52 82179 1
51 42 82224 1
19 64 82275 0
97 41 82285 1
19 50 82566 1
58 62 82625 0
58 78 82643 0
71 98 82706 0
67 98 82723 0
41 67 82777 0
48 42 82780 1
78 44 82931 1
22 73 83142 0
30 69 83175 0
74 77 83216 1
67 97 83239 0
22 49 83373 1
51 65 83403 0
101 55 83449 1
8 70 83451 0
75 40 83466 1
56 84 83478 0
101 61 83552 1
62 94 83571 0
54 63 83579 0
45 66 83582 0
26 47 83641 1
67 40 83652 1
46 66 83700 0
59 90 83836 0
101 64 83839 1
101 63 83894 1
68 98 83907 0
85 94 83983 1
100 68 84059 1
78 43 84059 1
23 68 84067 0
51 64 84088 0
59 91 84134 0
25 70 84157 0
42 66 84190 0
68 39 84195 1
73 76 84290 1
99 48 84305 1
85 59 84306 0
47 65 84463 0
74 78 84550 1
33 68 84780 0
101 59 84911 1
101 57 84923 1
48 65 84931 0
65 97 84941 0
61 40 84944 1
31 45 84980 1
11 33 85033 1
93 39 85294 1
75 39 85353 1
76 41 85494 1
59 63 85498 0
28 69 85520 0
99 72 85544 1
44 42 85561 1
54 64 85653 0
57 76 85753 0
64 96 85807 0
40 67 85856 0
94 40 85866 1
93 40 85901 1
22 67 85974 0
24 70 86052 0
81 45 86057 1
55 67 86364 0
38 45 86365 1
42 68 86370 0
58 89 86402 0
24 69 86410 0
96 77 86434 1
27 70 86598 0
58 78 86652 0
99 70 86663 1
101 60 86675 1
16 62 86725 0
85 63 86783 0
61 63 86806 0
74 73 86830 1
77 98 86924 0
58 75 86988 0
68 98 87031 0
9 64 87092 0
1 63 87176 0
50 84 87180 0
16 65 87183 0
41 69 87220 0
51 89 87258 0
22 71 87334 0
55 91 87354 0
74 74 87380 1
48 69 87381 0
35 68 87453 0
97 75 87461 1
41 67 87587 0
17 63 87597 0
56 64 87648 0
29 73 87701 0
84 66 87723 0
42 67 87790 0
66 98 87844 0
35 67 87915 0
75 100 87920 0
21 71 87928 0
15 55 87951 0
32 69 88005 0
74 39 88093 1
53 83 88131 0
19 66 88322 0
22 72 88348 0
51 21 88367 0
44 67 88391 0
100 45 88563 1
23 68 88593 0
51 91 88645 0
42 66 88769 0
21 67 88951 0
63 98 88998 0
44 66 89122 0
38 69 89149 0
39 68 89159 0
64 96 89325 0
77 41 89382 1
85 64 89500 0
73 113 89518 0
79 43 89551 1
31 68 89596 0
60 39 89631 1
14 74 89640 0
22 69 89758 0
95 39 89776 1
84 63 89905 0
36 45 90134 1
17 62 90158 0
100 53 90478 1
70 40 90516 1
65 41 90626 1
64 40 90658 1
25 67 90710 0
99 47 90732 1
68 98 91024 0
65 97 91105 0
62 93 91497 0
96 42 91520 1
21 65 92073 0
69 103 92218 0
56 84 92248 0
57 63 92250 0
97 46 92275 1
101 54 92289 1
94 82 92423 1
23 69 92450 0
61 63 92485 0
81 103 92575 0
57 95 92609 0
60 63 92696 0
58 64 92737 0
57 89 92810 0
66 99 92833 0
29 70 92929 0
21 70 92931 0
56 104 92931 0
52 68 93032 0
17 64 93119 0
15 58 93249 0
92 39 93297 1
21 67 93330 0
16 75 93334 0
61 94 93363 0
64 96 93375 0
9 85 93390 0
25 69 93402 0
31 70 93431 0
58 73 93454 0
65 99 93510 0
59 70 93547 0
83 68 93548 0
41 76 93569 0
67 108 93603 0
60 64 93617 0
22 75 93628 0
14 75 93642 0
53 87 93653 0
37 45 93657 1
32 72 93666 0
55 110 93679 0
19 69 93681 0
18 63 93686 0
27 69 93693 0
45 69 93727 0
56 77 93739 0
13 69 93774 0
38 46 93922 1
57 101 93948 0
77 76 94001 0
54 82 94029 0
16 64 94032 0
67 98 94057 0
57 76 94057 0
7 71 94062 0
75 102 94085 0
13 72 94102 0
56 72 94182 0
54 68 94190 0
11 58 94246 0
56 71 94287 0
84 64 94365 0
100 50 94398 1
81 62 94443 0
100 51 94457 1
85 65 94515 0
101 56 94534 1
40 73 94540 0
23 68 94557 0
37 69 94577 0
56 79 94634 0
35 69 94655 0
98 46 94708 1
49 68 94723 0
34 69 94841 0
85 57 94841 0
85 62 94876 0
95 40 94883 1
36 70 94959 0
82 98 94978 0
96 41 95034 1
51 90 95102 0
99 48 95152 1
98 45 95187 1
80 44 95294 1
95 41 95301 1
101 52 95355 1
97 43 95379 1
51 84 95417 0
78 42 95418 1
91 39 95419 1
17 61 95446 0
16 59 95485 0
101 59 95517 1
73 105 95555 0
67 101 95578 0
61 92 95603 0
65 103 95709 0
76 40 95711 1
56 86 95732 0
60 99 95770 0
33 70 95771 0
101 53 95851 1
61 91 95927 0
101 67 95978 1
92 38 96035 1
97 42 96038 1
82 69 96057 0
79 97 96058 0
100 49 96080 1
81 44 96127 1
63 95 96206 0
101 61 96209 1
62 93 96237 0
61 62 96246 0
101 58 96249 1
41 71 96271 0
58 63 96276 0
59 72 96285 0
59 73 96288 0
59 88 96335 0
79 42 96390 1
59 67 96442 0
50 102 96453 0
97 44 96493 1
76 69 96511 1
93 39 96517 1
59 64 96521 0
60 65 96527 0
60 41 96544 1
58 78 96550 0
59 89 96550 0
81 72 96552 0
62 94 96560 0
82 45 96668 1
84 66 96707 0
67 97 96744 0
41 67 96757 0
78 98 96787 0
69 39 96812 1
60 63 96820 0
77 42 96821 1
55 83 96847 0
71 107 96854 0
98 74 96885 1
101 66 96888 1
69 97 96906 0
41 74 96928 0
76 39 96971 1
53 41 96988 1
71 98 97011 0
65 40 97046 1
101 55 97048 1
57 81 97060 0
85 66 97092 0
77 98 97094 0
97 43 97109 1
101 62 97138 1
80 43 97153 1
74 38 97212 1
57 79 97227 0
91 38 97288 1
57 41 97289 1
49 41 97297 1
99 71 97340 1
99 47 97360 1
36 67 97367 0
78 42 97389 1
93 38 97410 1
58 88 97428 0
68 98 97452 0
79 43 97470 1
100 67 97470 1
98 46 97489 1
70 99 97504 0
96 43 97504 1
64 98 97522 0
45 42 97540 1
99 48 97572 1
57 85 97573 0
73 77 97573 1
42 66 97575 0
64 96 97582 0
41 66 97582 0
50 65 97585 0
75 99 97598 0
57 80 97598 0
50 41 97608 1
57 63 97632 0
101 51 97635 1
96 41 97688 1
100 70 97700 1
58 75 97728 0
98 44 97770 1
74 78 97770 1
61 94 97781 0
77 41 97799 1
33 45 97802 1
100 52 97807 1
59 41 97833 1
82 97 97849 0
99 49 97883 1
54 63 97887 0
73 39 97889 1
58 82 97902 0
16 29 97907 0
69 98 97915 0
74 57 97918 1
74 75 97919 1
21 66 97925 0
30 72 97930 0
71 40 97940 1
58 48 97946 1
58 87 97946 0
63 40 97946 1
90 38 98017 1
98 45 98019 1
100 51 98028 1
88 39 98039 1
62 95 98046 0
96 40 98112 1
99 46 98113 1
89 39 98127 1
101 65 98127 1
21 67 98132 0
17 57 98137 0
62 39 98142 1
96 42 98147 1
61 92 98160 0
71 39 98161 1
82 44 98171 1
70 39 98182 1
66 96 98184 0
66 39 98189 1
78 41 98200 1
95 40 98263 1
49 42 98297 1
101 57 98327 1
60 40 98328 1
45 66 98363 0
74 76 98374 1
30 46 98443 1
101 52 98504 1
58 86 98512 0
94 39 98517 1
59 90 98535 0
101 60 98545 1
101 54 98601 1
46 66 98609 0
25 69 98649 0
79 42 98675 1
74 36 98727 1
17 55 98761 0
80 44 98766 1
47 41 98796 1
20 65 98846 0
51 41 98849 1
88 38 98875 1
20 66 98890 0
94 40 98928 1
77 40 98929 1
28 68 98949 0
101 63 98951 1
62 41 98951 1
53 63 98986 0
90 39 99010 1
34 45 99022 1
71 38 99025 1
30 47 99125 1
59 89 99131 0
18 54 99136 0
57 83 99141 0
85 59 99154 0
109 45 99180 1
101 59 99183 1
75 39 99184 1
20 67 99198 0
26 70 99220 0
69 40 99252 1
57 84 99252 0
62 93 99281 0
80 42 99294 1
75 78 99317 1
109 45 99354 0
22 69 99359 0
61 63 99363 0
76 70 99438 1
94 38 99461 1
58 40 99480 1
59 88 99529 0
91 39 99536 1
70 38 99573 1
95 41 99624 1
59 69 99639 0
74 77 99641 1
63 39 99683 1
100 49 99700 1
61 40 99700 1
78 42 99711 1
47 42 99722 1
22 67 99722 0
52 41 99736 1
89 38 99745 1
58 78 99756 0
55 41 99765 1
64 41 99785 1
101 64 99800 1
58 62 99823 0
52 64 99832 0
19 64 99862 0
97 42 99867 1
54 41 99875 1
102 58 99883 1
25 47 99895 1
62 94 99933 0
100 69 99948 1
85 60 99959 0
71 98 99965 0
61 62 99982 0
32 47 99999 1
81 44 100026 1
49 65 100032 0
75 77 100042 1
57 82 100050 0
65 97 100050 0
17 61 100058 0
85 65 100074 0
81 97 100078 0
76 40 100078 1
45 41 100094 1
63 95 100106 0
102 55 100110 1
28 70 100112 0
101 56 100114 1
31 68 100119 0
98 43 100142 1
35 45 100173 1
47 66 100174 0
27 70 100182 0
81 96 100199 0
29 69 100218 0
76 68 100230 1
92 38 100270 1
74 39 100274 1
17 62 100298 0
16 61 100317 0
77 98 100330 0
73 38 100337 1
48 41 100375 1
34 46 100398 1
17 54 100450 0
58 73 100451 0
37 67 100481 0
40 67 100483 0
67 40 100492 1
72 38 100533 1
49 41 100541 1
50 42 100563 1
21 66 100607 0
17 57 100684 0
79 44 100706 1
102 61 100738 1
75 98 100762 0
28 69 100765 0
75 70 100766 1
69 38 100780 1
61 91 100782 0
43 41 100789 1
44 66 100836 0
66 96 100855 0
27 46 100860 1
17 53 100872 0
67 96 100874 0
48 65 100918 0
93 83 100922 1
101 53 100937 1
62 40 100980 1
33 69 101020 0
75 71 101076 1
31 46 101082 1
61 39 101083 1
24 49 101084 1
23 49 101105 1
27 69 101106 0
24 48 101152 1
20 65 101171 0
54 40 101181 1
91 38 101190 1
61 97 101217 0
25 67 101224 0
29 45 101238 1
30 69 101241 0
58 86 101243 0
80 43 101280 1
53 41 101294 1
58 82 101296 0
44 41 101305 1
18 63 101338 0
58 87 101348 0
50 64 101391 0
67 97 101405 0
100 68 101446 1
24 69 101456 0
79 43 101474 1
99 47 101524 1
60 63 101534 0
101 61 101536 1
31 69 101552 0
30 68 101591 0
75 72 101594 1
102 62 101596 1
75 38 101599 1
33 47 101627 1
81 45 101663 1
59 40 101664 1
69 97 101676 0
47 65 101703 0
77 41 101714 1
33 46 101718 1
29 47 101727 1
43 42 101735 1
59 89 101850 0
66 40 101865 1
39 44 101921 1
57 78 101952 0
30 70 101967 0
21 65 101978 0
35 67 102005 0
76 78 102063 1
93 39 102067 1
69 98 102073 0
74 99 102076 0
17 63 102111 0
20 66 102142 0
63 96 102144 0
16 57 102147 0
32 68 102244 0
67 113 102247 0
72 39 102281 1
15 75 102298 0
57 77 102300 0
64 96 102302 0
28 47 102315 1
42 66 102372 0
61 94 102396 0
16 58 102409 0
92 39 102425 1
34 68 102454 0
23 68 102467 0
98 45 102468 1
41 66 102563 0
78 40 102585 1
99 45 102607 1
27 48 102609 1
25 48 102630 1
50 41 102650 1
57 63 102680 0
26 48 102714 1
98 76 102741 1
68 98 102747 0
17 65 102786 0
85 64 102945 0
102 63 102975 1
74 78 102991 1
32 46 103039 1
81 43 103041 1
51 65 103076 0
84 63 103196 0
99 50 103232 1
49 64 103309 0
65 41 103449 1
71 99 103474 0
59 72 103486 0
95 39 103525 1
21 66 103567 0
80 98 103635 0
42 42 103656 1
97 76 103708 1
78 76 103714 0
57 41 103719 1
53 42 103732 1
39 67 103738 0
43 43 103738 1
21 67 103765 0
12 75 103796 0
17 61 103828 0
101 55 103838 1
78 41 103859 1
65 96 103872 0
19 64 103888 0
75 98 103908 0
102 56 103962 1
57 92 103963 0
45 42 104114 1
98 46 104137 1
33 68 104139 0
17 55 104149 0
27 47 104156 1
97 43 104159 1
13 60 104198 0
38 44 104225 1
64 100 104278 0
58 88 104282 0
82 45 104312 1
68 99 104330 0
98 75 104342 1
62 93 104361 0
65 40 104387 1
46 41 104388 1
58 86 104417 0
100 47 104496 1
79 41 104504 1
32 69 104526 0
66 96 104545 0
102 54 104712 1
121 10 104717 1
101 68 104744 1
64 40 104753 1
91 86 104763 1
58 87 104771 0
25 69 104816 0
54 80 104852 0
27 68 104935 0
37 44 104941 1
57 87 104964 0
102 51 104994 1
31 47 104996 1
15 58 105001 0
99 73 105047 1
28 68 105084 0
101 58 105134 1
57 76 105201 0
95 40 105201 1
51 41 105210 1
93 38 105230 1
61 92 105240 0
42 68 105254 0
9 62 105293 0
20 66 105308 0
32 45 105344 1
96 41 105419 1
22 49 105422 1
79 97 105442 0
101 67 105520 1
21 49 105550 1
33 45 105571 1
41 42 105580 1
49 63 105594 0
29 46 105665 1
36 44 105698 1
115 59 105699 1
79 42 105730 1
77 39 105784 1
98 44 105856 1
52 33 105867 1
58 78 105883 0
101 62 105886 1
67 39 105928 1
61 40 105963 1
69 98 106007 0
101 50 106030 1
56 84 106091 0
40 44 106153 1
70 40 106222 1
63 40 106280 1
47 41 106382 1
68 38 106449 1
16 60 106489 0
58 41 106500 1
58 72 106547 0
59 89 106630 0
68 36 106709 1
58 40 106711 1
96 78 106756 1
18 66 106811 0
41 68 106823 0
52 41 106898 1
100 51 106931 1
50 40 106944 1
60 41 107006 1
84 66 107040 0
16 55 107047 0
17 62 107071 0
74 38 107082 1
80 44 107088 1
36 45 107095 1
58 75 107205 0
94 39 107299 1
75 39 107360 1
78 42 107372 1
65 96 107376 0
58 99 107515 0
39 68 107521 0
22 67 107531 0
61 111 107560 0
35 46 107607 1
99 48 107655 1
21 68 107680 0
74 99 107683 0
54 99 107689 0
58 70 107705 0
20 72 107740 0
85 63 107745 0
45 66 107746 0
19 71 107797 0
15 61 107810 0
73 39 107843 1
57 81 107882 0
50 64 107933 0
14 71 107962 0
85 43 108013 0
36 67 108149 0
52 99 108151 0
8 60 108179 0
41 67 108183 0
17 64 108195 0
87 40 108234 1
75 74 108267 1
101 54 108294 1
22 48 108429 1
21 66 108468 0
79 100 108597 0
76 40 108597 1
59 62 108602 0
67 98 108628 0
53 111 108660 0
55 94 108765 0
47 68 108784 0
75 98 108787 0
59 105 108792 0
27 68 108815 0
20 69 108841 0
54 63 108856 0
88 40 108860 1
57 40 108915 1
18 63 109033 0
81 71 109086 0
32 73 109093 0
22 69 109119 0
58 82 109257 0
56 73 109305 0
96 42 109326 1
78 98 109359 0
75 78 109378 1
75 73 109386 1
101 66 109404 1
67 103 109417 0
20 66 109423 0
39 67 109437 0
58 86 109448 0
51 64 109535 0
1 61 109539 0
60 40 109551 1
70 98 109562 0
17 57 109591 0
68 40 109594 1
61 94 109628 0
58 87 109638 0
57 90 109766 0
73 77 109772 1
59 73 109788 0
59 88 109789 0
38 68 109801 0
83 65 109811 0
70 104 109813 0
58 91 109819 0
77 98 109828 0
72 98 109831 0
14 69 109834 0
57 75 109840 0
19 66 109851 0
3 31 109931 0
74 39 109997 1
49 66 109998 0
71 97 110027 0
64 95 110061 0
3 64 110087 0
68 110 110178 0
65 100 110257 0
95 80 110270 1
71 98 110294 0
69 98 110295 0
20 65 110310 0
22 74 110312 0
21 69 110329 0
51 70 110345 0
59 63 110350 0
63 94 110444 0
101 52 110456 1
90 38 110546 1
101 51 110706 1
17 61 110789 0
102 57 110813 1
66 97 110872 0
97 41 110891 1
102 60 110892 1
34 44 110915 1
99 46 110924 1
102 59 110976 1
59 90 110985 0
61 62 111029 0
67 96 111068 0
65 96 111076 0
59 70 111089 0
77 41 111280 1
87 38 111360 1
61 91 111361 0
24 68 111517 0
101 69 111519 1
101 60 111567 1
54 41 111631 1
43 36 111668 1
34 45 111732 1
96 40 111736 1
21 65 111742 0
64 39 111750 1
85 42 111758 0
101 53 111798 1
99 72 111810 1
63 95 111841 0
69 97 111868 0
40 43 111918 1
74 14 111951 0
46 65 112009 0
82 70 112029 0
25 67 112084 0
97 42 112097 1
97 40 112097 1
73 98 112118 0
56 40 112120 1
58 89 112131 0
43 67 112192 0
67 97 112198 0
65 97 112242 0
64 96 112247 0
52 63 112252 0
49 64 112452 0
51 40 112595 1
92 38 112597 1
83 60 112606 0
101 65 112626 1
57 63 112632 0
59 62 112723 0
27 68 112778 0
85 57 112787 0
62 94 112832 0
29 70 112871 0
61 63 112894 0
101 63 112925 1
30 69 112927 0
61 65 112943 0
99 47 113021 1
74 74 113023 1
35 79 113024 0
21 50 113056 1
6 67 113069 0
56 83 113073 0
28 69 113093 0
100 48 113116 1
59 89 113179 0
72 98 113187 0
64 95 113211 0
63 94 113225 0
49 42 113296 1
74 77 113299 1
85 65 113332 0
66 96 113340 0
31 68 113419 0
70 98 113501 0
59 41 113701 1
44 66 113703 0
53 66 113706 0
15 68 113713 0
25 69 113769 0
42 66 113773 0
55 41 113783 1
47 78 113834 0
72 104 113851 0
58 62 113894 0
100 49 113978 1
60 63 114100 0
57 62 114237 0
30 46 114368 1
98 43 114468 1
58 69 114515 0
39 67 114560 0
30 47 114586 1
30 45 114598 1
27 69 114790 0
76 71 114909 1
77 33 115179 1
66 97 115186 0
98 40 115226 1
98 31 115286 1
48 41 115300 1
77 99 115350 0
32 68 115370 0
26 68 115442 0
58 102 115486 0
12 71 115523 0
15 67 115539 0
31 70 115561 0
16 69 115564 0
27 71 115585 0
97 39 115658 1
60 66 115701 0
101 49 115709 1
29 69 115731 0
61 98 115741 0
20 66 115782 0
73 98 115915 0
57 86 115917 0
68 96 115970 0
102 58 116004 1
81 44 116124 1
63 100 116126 0
74 99 116171 0
71 37 116211 1
76 39 116223 1
62 40 116244 1
80 43 116309 1
64 95 116310 0
35 45 116369 1
24 68 116372 0
72 98 116431 0
76 99 116478 0
26 81 116527 0
36 68 116544 0
24 48 116589 1
43 65 116692 0
58 63 116714 0
81 61 116763 0
24 47 116802 1
62 93 116896 0
56 41 117052 1
75 98 117096 0
69 98 117103 0
41 66 117120 0
40 42 117134 1
63 94 117238 0
45 40 117251 1
94 38 117288 1
69 39 117352 1
70 98 117394 0
18 61 117547 0
65 96 117560 0
90 39 117570 1
57 83 117630 0
68 98 117747 0
83 96 117804 0
101 59 117924 1
65 95 117994 0
85 58 118100 0
21 67 118210 0
68 39 118250 1
101 64 118253 1
19 64 118303 0
74 75 118355 1
34 47 118426 1
56 89 118430 0
83 63 118498 0
61 99 118618 0
75 75 118644 1
66 98 118725 0
85 62 118751 0
22 70 118817 0
80 42 118990 1
59 71 119145 1
3 63 119174 0
68 97 119217 0
21 66 119249 0
55 88 119251 0
63 117 119318 0
60 62 119324 0
101 46 119481 1
52 98 119590 0
16 62 119603 0
52 63 119805 0
85 66 119927 0
58 87 119949 0
57 80 119952 0
56 109 119961 0
66 97 119990 0
26 68 119993 0
31 72 120013 0
67 106 120056 0
90 37 120364 1
60 93 120454 0
57 62 120511 0
14 56 120512 0
7 28 120545 1
98 74 120575 1
49 41 120606 1
100 71 120969 1
38 67 120973 0
72 98 121036 0
64 95 121066 0
77 40 121080 1
96 41 121177 1
43 66 121194 0
39 67 121214 0
74 76 121255 1
58 86 121409 0
23 48 121439 1
59 40 121443 1
79 43 121463 1
43 40 121515 1
89 39 121523 1
91 39 121548 1
24 68 121686 0
73 99 121705 0
39 43 121727 1
48 40 121728 1
78 99 121793 0
18 61 121828 0
76 70 121887 1
33 41 121938 1
22 69 121985 0
95 40 122032 1
58 84 122049 0
97 43 122081 1
93 39 122119 1
45 41 122199 1
73 98 122202 0
34 36 122234 1
20 42 122354 1
46 40 122370 1
82 44 122430 1
65 95 122433 0
71 31 122449 1
101 61 122467 1
74 37 122467 1
18 65 122483 0
95 39 122502 1
73 38 122518 1
70 39 122540 1
103 58 122541 1
28 46 122547 1
41 73 122606 0
102 53 122772 1
88 38 122816 1
98 42 122916 1
102 37 122953 1
70 98 123045 0
97 77 123113 1
68 97 123142 0
58 79 123319 0
58 39 123335 1
62 39 123417 1
102 66 123534 1
23 49 123535 1
59 62 123543 0
82 71 123547 0
23 68 123617 0
65 39 123654 1
46 65 123659 0
60 90 123682 0
64 94 123685 0
62 92 123715 0
53 40 123747 1
98 44 123815 1
109 45 123850 1
55 40 123855 1
67 96 123976 0
16 56 124022 0
102 56 124038 1
99 43 124062 1
58 77 124189 0
87 36 124191 1
109 45 124212 0
93 38 124218 1
43 65 124240 0
58 82 124322 0
77 69 124336 1
50 42 124368 1
99 47 124397 1
98 45 124434 1
89 38 124438 1
60 62 124440 0
53 41 124462 1
18 54 124479 0
37 67 124487 0
39 69 124487 0
103 62 124498 1
79 42 124516 1
85 59 124518 0
75 97 124549 0
47 65 124558 0
101 52 124590 1
75 76 124644 1
58 78 124659 0
23 45 124661 1
27 68 124697 0
59 88 124730 0
59 67 124734 0
63 94 124758 0
50 64 124770 0
67 40 124793 1
50 67 124795 0
99 48 124816 1
91 38 124828 1
64 40 124840 1
71 38 124852 1
78 41 124863 1
85 58 124864 0
56 63 124876 0
57 39 124954 1
92 37 125023 1
99 45 125030 1
61 91 125039 0
75 77 125051 1
100 49 125061 1
50 41 125093 1
22 50 125150 1
75 39 125203 1
26 68 125241 0
69 97 125275 0
95 38 125278 1
102 55 125313 1
66 97 125353 0
69 40 125353 1
28 68 125405 0
58 84 125431 0
61 92 125437 0
51 41 125477 1
82 96 125548 0
102 57 125555 1
61 65 125559 0
101 51 125571 1
30 68 125576 0
74 78 125591 1
65 40 125607 1
94 39 125613 1
101 66 125696 1
66 40 125746 1
58 95 125748 0
23 66 125845 1
48 65 125927 0
73 37 125954 1
86 62 125989 0
72 38 126027 1
79 97 126036 0
73 35 126074 1
77 98 126085 0
53 63 126135 0
49 66 126150 0
71 97 126165 0
59 72 126191 0
49 39 126216 1
96 38 126248 1
38 67 126257 0
43 66 126263 0
46 41 126468 1
44 41 126485 1
26 46 126488 1
21 65 126493 0
17 57 126510 0
35 43 126537 1
17 54 126557 0
101 62 126560 1
61 39 126564 1
15 62 126566 0
100 48 126611 1
31 69 126628 0
97 42 126638 1
102 58 126649 1
15 58 126654 0
66 96 126671 0
100 72 126686 1
17 58 126690 0
59 39 126691 1
77 41 126749 1
61 40 126770 1
64 94 126791 0
31 46 126802 1
62 92 126814 0
102 54 126878 1
24 67 126934 0
95 41 126951 1
64 95 127064 0
58 79 127105 0
61 62 127106 0
99 46 127109 1
18 61 127111 0
18 63 127113 0
25 67 127138 0
17 53 127147 0
17 55 127163 0
20 65 127165 0
103 56 127198 1
96 41 127211 1
31 67 127244 0
59 95 127311 0
102 61 127313 1
59 77 127339 0
52 64 127344 0
60 90 127371 0
67 97 127470 0
17 61 127472 0
80 43 127475 1
100 69 127486 1
3 67 127580 0
82 43 127636 1
99 71 127713 1
77 68 127716 1
65 95 127716 0
97 41 127763 1
72 98 127788 0
76 40 127814 1
29 47 127834 1
68 97 127853 0
96 39 127890 1
31 45 127896 1
75 78 127897 1
96 40 127898 1
40 67 127921 0
77 40 127926 1
74 38 127938 1
25 48 127947 1
17 62 127964 0
81 44 128022 1
99 74 128029 1
78 66 128039 1
77 66 128065 1
52 41 128157 1
49 40 128157 1
22 49 128168 1
46 66 128173 0
26 47 128244 1
103 53 128254 1
63 40 128266 1
28 69 128346 0
92 38 128353 1
55 63 128365 0
102 60 128369 1
78 42 128423 1
63 39 128442 1
18 65 128542 0
99 44 128608 1
72 99 128627 0
67 12 128643 1
50 39 128655 1
58 77 128713 0
101 54 128727 1
24 68 128774 0
76 39 128800 1
52 33 128810 1
39 44 128864 1
100 47 128889 1
32 47 128890 1
101 67 128904 1
86 63 128984 0
27 46 128991 1
24 49 129008 1
30 69 129038 0
73 101 129040 0
91 37 129051 1
86 62 129098 0
73 39 129135 1
51 43 129149 1
58 84 129157 0
75 72 129235 1
80 42 129249 1
59 108 129279 0
34 46 129310 1
66 39 129328 1
47 41 129370 1
60 39 129553 1
58 40 129631 1
73 98 129655 0
57 62 129662 0
86 64 129698 0
60 93 129704 0
33 44 129727 1
100 70 129770 1
101 53 129814 1
101 55 129818 1
15 63 129828 0
101 65 129880 1
56 88 129924 0
43 42 129965 1
55 74 129972 0
58 73 129986 0
32 70 130120 0
64 97 130134 0
73 99 130158 0
65 96 130192 0
42 67 130192 0
17 72 130256 0
59 73 130348 0
63 92 130353 0
76 69 130432 1
68 96 130433 0
70 98 130440 0
55 101 130441 0
76 78 130668 1
26 68 130686 0
90 38 130713 1
24 67 130738 0
62 92 130759 0
17 58 130774 0
56 87 130776 0
81 43 130784 1
42 41 130787 1
101 48 130792 1
29 68 130851 0
58 75 130891 0
94 38 130893 1
82 45 130895 1
43 41 130939 1
75 71 130963 1
49 41 130963 1
47 40 131016 1
50 65 131097 0
102 59 131116 1
60 90 131119 0
99 73 131164 1
115 115 131199 1
57 41 131216 1
75 38 131260 1
51 9 131302 1
78 40 131321 1
95 40 131356 1
51 34 131361 1
102 63 131366 1
56 63 131395 0
56 39 131404 1
55 39 131791 1
35 44 131832 1
62 39 131887 1
43 66 131887 0
74 39 131909 1
77 67 132030 1
105 50 132050 1
20 66 132162 0
76 68 132189 1
58 79 132257 0
18 58 132299 0
60 62 132338 0
98 43 132364 1
44 70 132419 0
37 66 132450 0
34 36 132497 1
74 77 132501 1
51 39 132537 1
65 34 132570 1
25 46 132603 1
93 36 132608 1
101 68 132988 1
70 38 133010 1
78 99 133028 0
42 66 133099 0
38 67 133154 0
58 76 133244 0
125 57 133275 1
64 94 133306 0
102 52 133382 1
111 64 133390 1
102 62 133402 1
25 44 133430 1
86 62 133526 0
40 41 133597 1
38 44 133639 1
59 89 133678 0
38 43 133731 1
60 92 133815 0
86 63 133818 0
82 42 133855 1
43 65 133898 0
61 61 133907 0
32 45 133917 1
73 113 133952 1
58 77 133968 0
27 70 133980 0
90 86 133988 1
59 86 134019 0
98 41 134058 1
17 57 134252 0
100 68 134262 1
37 44 134350 1
102 64 134375 1
95 39 134515 1
99 47 134525 1
48 41 134564 1
71 39 134588 1
79 43 134618 1
58 82 134648 0
17 58 134674 0
26 48 134743 1
101 50 134744 1
19 64 134795 0
84 94 134840 0
38 45 134841 1
69 102 134855 0
97 43 134930 1
16 71 134932 0
55 78 134963 0
18 72 135059 0
101 64 135071 1
17 63 135083 0
100 49 135123 1
79 42 135141 1
58 83 135177 0
79 41 135255 1
83 44 135299 1
88 39 135344 1
56 82 135431 0
55 61 135516 0
101 52 135577 1
29 46 135582 1
93 39 135595 1
81 96 135682 0
58 84 135740 0
55 63 135803 0
75 98 135815 0
46 72 135835 0
93 38 135870 1
60 90 135874 0
39 67 135886 0
18 65 135903 0
78 41 135922 1
21 66 135926 0
24 67 135945 0
102 51 136030 1
102 53 136030 1
102 56 136045 1
102 54 136073 1
45 66 136076 0
41 66 136135 0
66 97 136161 0
71 98 136166 0
81 42 136238 1
69 97 136261 0
55 103 136264 0
65 101 136273 0
83 95 136302 0
50 99 136317 0
97 42 136355 1
76 38 136422 1
59 69 136434 0
67 96 136441 0
102 57 136444 1
102 58 136544 1
58 78 136557 0
62 65 136651 0
72 99 136652 0
45 42 136677 1
63 94 136699 0
53 64 136761 0
91 38 136762 1
100 48 136812 1
60 66 136828 0
81 97 136876 0
62 93 136906 0
16 74 136912 0
15 64 136951 0
20 68 136951 0
58 62 136990 0
96 40 136993 1
59 91 137004 0
56 96 137013 0
61 91 137015 0
75 97 137019 0
52 63 137023 0
28 47 137035 1
49 65 137068 0
18 52 137092 0
75 39 137134 1
99 45 137174 1
76 77 137183 1
98 42 137228 1
56 40 137230 1
18 62 137245 0
97 41 137313 1
86 64 137317 0
27 68 137374 0
82 44 137398 1
86 61 137428 0
77 39 137550 1
100 46 137561 1
18 58 137619 0
44 35 137709 1
35 67 137736 0
80 43 137770 1
86 62 137809 0
26 69 137820 0
54 41 137821 1
28 68 137866 0
68 97 137911 0
62 40 137940 1
33 46 137955 1
77 40 137989 1
59 40 138019 1
62 92 138021 0
18 61 138046 0
109 45 138054 1
58 74 138076 0
59 86 138078 0
81 44 138103 1
91 34 138107 1
109 45 138111 0
35 68 138113 0
71 97 138132 0
75 73 138147 1
60 72 138152 0
84 67 138233 0
85 58 138247 0
101 66 138315 1
94 81 138324 1
35 45 138331 1
75 37 138356 1
50 40 138411 1
63 95 138441 0
95 38 138485 1
89 77 138488 1
89 39 138488 1
80 42 138503 1
33 68 138514 0
99 72 138544 1
65 95 138552 0
49 64 138557 0
64 39 138584 1
102 60 138597 1
24 26 138652 0
55 41 138657 1
86 63 138661 0
27 69 138676 0
58 90 138695 0
74 76 138707 1
32 69 138710 0
59 88 138733 0
21 64 138751 0
37 66 138780 0
78 98 138814 0
97 40 138828 1
61 40 138833 1
36 44 138875 1
13 76 138898 0
54 40 138936 1
96 41 138943 1
21 65 138964 0
14 58 138977 0
77 98 139004 0
68 96 139058 0
19 60 139080 0
64 94 139092 0
23 47 139105 1
58 76 139145 0
17 58 139149 0
93 37 139180 1
55 40 139224 1
29 68 139231 0
53 41 139241 1
33 45 139255 1
31 47 139292 1
81 43 139294 1
103 51 139313 1
103 65 139318 1
73 97 139368 0
58 83 139413 0
98 31 139435 1
69 39 139436 1
25 67 139462 0
75 74 139489 1
18 64 139502 0
87 94 139512 1
69 37 139512 1
57 37 139560 1
103 60 139569 1
77 41 139595 1
69 97 139606 0
94 38 139621 1
72 37 139666 1
99 46 139709 1
95 40 139726 1
63 39 139795 1
57 40 139826 1
100 47 139830 1
46 65 139830 0
61 61 139841 0
102 61 139857 1
36 45 139857 1
75 76 139865 1
79 42 139881 1
67 40 139897 1
27 47 139900 1
57 63 139908 0
34 44 139958 1
45 41 139974 1
65 40 140004 1
50 41 140022 1
17 55 140074 0
20 65 140080 0
66 96 140080 0
60 40 140099 1
64 95 140109 0
47 65 140114 0
29 69 140153 0
73 38 140154 1
54 63 140181 0
34 68 140210 0
30 46 140215 1
26 68 140234 0
95 39 140247 1
30 68 140250 0
52 40 140293 1
34 45 140341 1
92 38 140373 1
58 77 140405 0
51 40 140417 1
75 78 140529 1
32 46 140530 1
68 38 140539 1
63 92 140557 0
79 97 140611 0
102 65 140628 1
100 49 140708 1
79 41 140713 1
30 69 140746 0
69 38 140761 1
18 54 140779 0
25 47 140840 1
99 43 140877 1
51 41 140952 1
58 86 140967 0
57 61 141020 0
95 79 141030 1
102 54 141033 1
65 39 141070 1
49 63 141081 0
71 38 141093 1
30 47 141097 1
58 79 141104 0
43 65 141154 0
102 52 141169 1
69 98 141198 0
87 34 141206 1
22 67 141209 0
60 90 141227 0
67 39 141234 1
24 48 141234 1
18 62 141251 0
28 45 141317 1
61 92 141396 0
95 81 141429 1
19 64 141452 0
102 56 141460 1
61 39 141462 1
24 68 141470 0
74 38 141482 1
76 70 141518 1
86 61 141523 0
101 52 141530 1
32 68 141557 0
101 49 141560 1
27 48 141560 1
27 67 141573 0
86 60 141601 0
33 69 141641 0
103 59 141649 1
73 79 141665 1
31 68 141676 0
19 54 141678 0
103 47 141719 1
73 99 141725 0
72 38 141737 1
79 40 141779 1
76 39 141823 1
43 66 141871 0
64 96 142000 0
24 67 142015 0
34 69 142019 0
74 37 142026 1
92 37 142033 1
18 58 142034 0
102 55 142047 1
54 88 142064 0
43 68 142072 0
67 96 142139 0
93 40 142173 1
52 41 142274 1
29 67 142342 0
56 63 142380 0
60 92 142418 0
97 42 142429 1
29 45 142433 1
66 104 142435 0
94 82 142455 1
36 67 142463 0
18 63 142466 0
102 59 142473 1
63 93 142605 0
59 70 142621 0
97 78 142650 1
15 75 142659 0
60 89 142677 0
78 40 142797 1
101 51 142838 1
59 62 142851 0
58 39 142929 1
101 50 142970 1
101 65 142992 1
97 41 143005 1
28 68 143013 0
58 83 143017 0
75 75 143046 1
59 86 143064 0
102 63 143080 1
28 70 143127 0
61 96 143146 0
76 71 143155 1
48 40 143233 1
73 97 143247 0
93 38 143283 1
23 67 143373 0
23 66 143483 0
96 40 143495 1
58 40 143525 1
17 57 143526 0
102 53 143540 1
59 83 143611 0
102 57 143616 1
98 75 143632 1
100 44 143651 1
42 42 143710 1
58 84 143737 0
18 61 143773 0
66 40 143824 1
38 67 143827 0
37 43 143852 1
71 36 143872 1
49 40 143884 1
78 41 143909 1
17 58 143946 0
95 34 144033 1
89 36 144036 1
59 39 144055 1
98 43 144086 1
96 39 144176 1
73 36 144181 1
89 37 144214 1
102 62 144269 1
101 67 144270 1
100 71 144282 1
52 33 144324 1
65 35 144337 1
89 38 144339 1
100 35 144350 1
105 48 144381 1
72 98 144399 0
58 76 144403 0
17 60 144499 0
62 38 144536 1
43 37 144538 1
55 63 144567 0
109 68 144703 1
60 93 144769 0
54 39 144832 1
21 65 144859 0
27 45 144903 1
107 119 144934 1
102 49 144959 1
22 48 145002 1
78 39 145010 1
97 76 145175 1
41 41 145199 1
115 59 145216 1
70 39 145238 1
18 64 145240 0
49 41 145342 1
46 41 145364 1
62 92 145384 0
86 60 145430 0
78 99 145460 0
26 69 145544 0
100 48 145571 1
67 97 145697 0
98 42 145761 1
45 64 145765 0
102 58 145773 1
80 43 145802 1
27 75 145909 0
25 69 145951 0
31 46 145956 1
31 67 145998 0
58 82 146010 0
76 78 146011 1
18 62 146098 0
63 93 146141 0
58 74 146204 0
91 39 146248 1
17 61 146363 0
125 98 146394 1
47 41 146473 1
86 61 146483 0
69 99 146524 0
60 89 146534 0
23 48 146558 1
21 64 146565 0
59 75 146591 0
46 40 146619 1
70 37 146779 1
57 62 146782 0
59 77 146803 0
61 94 146824 0
66 39 146843 1
30 45 146855 1
27 68 146902 0
57 39 146929 1
86 92 146941 1
77 97 146968 0
59 87 147044 0
99 45 147114 1
37 66 147140 0
101 59 147216 1
17 56 147367 0
63 102 147452 0
23 66 147743 0
72 99 147754 0
75 38 147824 1
100 45 147824 1
80 42 147833 1
98 74 147852 1
102 51 147857 1
60 39 147911 1
86 62 147922 0
29 47 147943 1
62 39 148045 1
63 38 148093 1
77 40 148155 1
18 59 148166 0
68 39 148200 1
84 66 148221 0
27 67 148318 0
99 44 148346 1
45 40 148346 1
99 73 148390 1
47 40 148503 1
58 83 148547 0
39 43 148563 1
74 75 148593 1
40 43 148641 1
75 97 148760 0
102 64 148788 1
59 72 148791 0
90 37 148890 1
90 38 148893 1
7 61 148968 0
91 37 149042 1
18 65 149098 0
48 65 149103 0
23 67 149120 0
82 43 149122 1
79 74 149143 0
47 88 149204 0
58 87 149222 0
54 96 149227 0
21 81 149236 0
64 88 149244 0
64 94 149244 0
59 90 149255 0
56 90 149277 0
21 72 149295 0
75 70 149366 1
51 64 149372 0
75 39 149398 1
60 62 149460 0
86 64 149483 0
68 96 149490 0
30 73 149529 0
20 65 149536 0
26 67 149594 0
39 66 149597 0
102 66 149630 1
98 41 149664 1
63 94 149686 0
102 60 149696 1
65 96 149707 0
61 62 149750 0
17 60 149755 0
69 97 149789 0
53 64 149790 0
82 44 149841 1
59 38 149855 1
59 73 149871 0
86 63 149895 0
73 37 149917 1
17 62 149967 0
73 97 150036 0
76 72 150053 1
41 66 150055 0
81 44 150075 1
21 73 150079 0
81 40 150084 1
29 81 150127 0
63 106 150138 0
94 38 150209 1
74 98 150228 0
86 60 150258 0
76 77 150273 1
60 86 150279 0
60 89 150284 0
71 97 150351 0
65 95 150371 0
25 67 150431 0
67 99 150531 0
63 93 150535 0
77 97 150610 0
101 64 150628 1
104 54 150635 1
101 48 150706 1
75 72 150709 1
50 64 150715 0
91 38 150719 1
81 72 150752 0
102 54 150754 1
95 39 150791 1
48 66 150815 0
102 56 150817 1
101 51 150818 1
59 87 150821 0
77 39 150866 1
104 47 150891 1
24 65 150915 0
100 46 150932 1
42 66 150935 0
100 47 151029 1
83 44 151048 1
53 40 151093 1
61 61 151122 0
66 100 151128 0
28 46 151138 1
61 91 151148 0
58 78 151159 0
81 43 151189 1
102 58 151191 1
97 40 151214 1
56 62 151245 0
62 62 151245 0
62 63 151274 0
85 57 151277 0
102 61 151307 1
103 57 151308 1
81 42 151330 1
94 37 151330 1
59 75 151360 0
97 41 151381 1
19 61 151407 0
102 68 151407 1
101 44 151423 1
18 64 151427 0
105 66 151431 1
79 98 151435 0
56 90 151457 1
102 38 151498 1
63 39 151514 1
101 68 151519 1
61 63 151523 0
60 72 151541 0
79 41 151548 1
76 38 151558 1
67 38 151583 1
79 42 151587 1
17 58 151598 0
101 66 151615 1
55 61 151651 0
96 40 151798 1
71 96 151811 0
62 94 151812 0
95 38 151823 1
63 92 151888 0
21 63 151890 0
68 97 151916 0
30 69 151920 0
86 40 151925 0
18 59 151961 0
44 66 151990 0
81 96 152005 0
23 66 152049 0
75 97 152096 0
59 88 152104 0
19 71 152122 0
58 76 152131 0
87 91 152140 1
60 90 152146 0
60 69 152154 0
18 58 152155 0
53 39 152219 1
67 96 152250 0
43 65 152302 0
58 62 152311 0
61 40 152313 1
102 53 152346 1
99 42 152369 1
48 41 152376 1
24 67 152379 0
44 41 152558 1
37 67 152599 0
16 65 152620 0
86 61 152631 0
29 68 152636 0
60 92 152648 0
59 86 152686 0
84 65 152702 0
47 65 152722 0
54 40 152728 1
75 77 152738 1
76 39 152777 1
26 47 152836 1
18 62 152876 0
50 40 152893 1
77 78 152950 1
79 65 152954 1
64 39 152958 1
19 64 152995 0
102 52 152996 1
78 40 153010 1
93 37 153024 1
77 68 153121 1
22 66 153191 0
31 69 153199 0
71 37 153249 1
74 76 153263 1
26 67 153285 0
59 83 153400 0
56 90 153410 0
19 60 153435 0
46 65 153452 0
18 68 153504 0
55 40 153506 1
99 47 153506 1
51 78 153525 0
66 96 153548 0
80 41 153551 1
25 48 153552 1
17 54 153558 0
77 97 153560 0
18 61 153577 0
15 65 153581 0
57 68 153582 0
100 49 153589 1
21 65 153591 0
99 43 153753 1
17 56 153775 0
101 52 153821 1
26 69 153832 0
79 97 153873 0
102 50 153886 1
21 49 153886 1
97 42 153914 1
77 40 153949 1
39 44 153959 1
102 57 153970 1
43 43 154033 1
80 42 154093 1
58 77 154094 0
27 69 154100 0
18 54 154124 0
60 89 154133 0
98 42 154141 1
59 87 154169 0
78 41 154249 1
39 66 154258 0
47 39 154266 1
56 40 154298 1
26 68 154328 0
22 65 154362 0
92 38 154381 1
56 90 154397 1
21 64 154432 0
100 48 154432 1
93 38 154453 1
61 39 154465 1
51 40 154485 1
83 30 154513 1
32 45 154514 1
101 50 154520 1
57 61 154549 0
65 40 154592 1
62 62 154594 0
31 45 154598 1
61 38 154617 1
35 46 154688 1
17 60 154691 0
41 42 154698 1
65 39 154699 1
48 39 154717 1
98 76 154753 1
109 45 154817 1
61 65 154867 0
41 42 154885 1
95 36 154924 1
28 44 154981 1
74 37 154983 1
101 70 154984 1
79 40 154988 1
55 62 154994 0
53 41 154995 1
74 98 155038 0
44 40 155082 1
27 43 155083 1
40 66 155088 0
28 67 155139 0
103 48 155187 1
30 68 155205 0
52 40 155251 1
100 70 155257 1
18 59 155320 0
23 49 155336 1
99 45 155358 1
28 68 155556 0
19 61 155567 0
32 69 155575 0
59 77 155588 0
56 62 155654 0
76 37 155745 1
102 63 155754 1
100 69 155759 1
58 74 155890 0
52 63 155913 0
13 73 155915 0
60 86 155924 0
23 66 155938 0
59 75 155961 0
35 44 156004 1
63 93 156067 0
19 53 156113 0
17 55 156159 0
24 65 156181 0
74 36 156241 1
22 49 156242 1
33 68 156272 0
32 44 156278 1
28 69 156284 0
33 45 156290 1
52 92 156314 0
40 32 156336 1
39 39 156358 1
24 47 156360 1
62 39 156380 1
50 36 156457 1
67 37 156470 1
58 39 156489 1
45 41 156490 1
23 67 156508 0
102 59 156538 1
27 46 156539 1
110 86 156562 1
18 55 156666 0
62 92 156785 0
62 63 156883 0
96 39 156901 1
27 67 156943 0
73 97 156976 0
58 83 157004 0
36 44 157040 1
92 37 157047 1
37 44 157111 1
102 62 157156 1
18 58 157161 0
50 41 157220 1
21 66 157221 0
61 90 157224 0
68 96 157280 0
22 65 157283 0
105 55 157430 1
67 40 157439 1
109 45 157446 0
75 76 157450 1
83 43 157501 1
22 66 157503 0
60 65 157528 0
73 38 157540 1
33 46 157556 1
74 38 157617 1
61 66 157625 0
59 74 157691 0
53 76 157714 0
64 94 157720 0
86 60 157720 0
77 97 157753 0
29 67 157838 0
74 99 157883 0
105 57 157886 1
26 67 157959 0
77 34 157975 1
82 96 157984 0
35 67 158011 0
70 98 158023 0
62 93 158087 0
49 40 158137 1
48 40 158241 1
75 39 158272 1
35 45 158423 1
60 38 158441 1
17 57 158444 0
65 38 158457 1
29 46 158500 1
67 39 158540 1
58 85 158579 0
43 42 158602 1
6 83 158605 0
18 64 158607 0
101 69 158641 1
81 99 158767 0
60 69 158879 0
92 85 158879 1
20 63 158936 0
55 72 158942 0
39 66 158988 0
59 39 159026 1
57 31 159057 1
31 68 159061 0
52 41 159078 1
58 40 159147 1
9 72 159154 0
62 65 159161 0
77 77 159197 1
8 60 159201 0
16 59 159340 0
101 49 159426 1
84 20 159453 1
59 40 159456 1
69 96 159458 0
59 87 159484 0
103 41 159537 1
69 39 159571 1
34 45 159639 1
101 65 159651 1
75 37 159663 1
75 78 159847 1
17 56 159890 0
76 76 159933 1
98 46 159936 1
75 73 159978 1
5 71 159983 0
90 35 160021 1
30 82 160056 0
74 98 160076 0
94 38 160140 1
58 79 160180 0
32 68 160184 0
57 62 160190 0
24 48 160274 1
53 94 160275 0
75 38 160279 1
103 55 160352 1
18 59 160362 0
77 98 160415 0
65 104 160417 0
79 41 160422 1
27 68 160435 0
69 97 160519 0
16 54 160603 0
56 67 160625 0
59 99 160625 0
13 62 160638 0
29 69 160644 0
70 38 160669 1
11 64 160690 0
72 38 160718 1
22 65 160733 0
73 98 160758 0
34 44 160763 1
40 66 160765 0
39 65 160835 0
68 101 160851 0
18 76 160857 0
22 69 160873 0
22 79 160897 0
29 71 160905 0
15 59 160906 0
60 89 160908 0
58 61 160919 1
57 79 160955 0
27 78 160959 0
51 62 160978 0
99 72 161047 1
33 67 161082 0
55 62 161084 0
17 77 161087 0
96 38 161095 1
62 62 161114 0
53 63 161118 0
58 92 161126 0
102 60 161157 1
74 77 161157 1
17 60 161179 0
22 93 161220 0
101 51 161220 1
102 54 161242 1
28 67 161250 0
17 58 161263 0
62 110 161289 0
46 109 161295 0
56 62 161344 0
15 75 161369 0
97 41 161394 1
101 47 161433 1
80 72 161467 0
100 46 161474 1
61 90 161548 0
21 63 161556 0
102 58 161558 1
18 55 161608 0
69 99 161621 0
79 98 161655 0
25 67 161660 0
67 102 161667 0
95 39 161708 1
38 43 161798 1
91 37 161805 1
100 72 161820 1
102 65 161830 1
33 72 161830 0
100 45 161864 1
18 51 161880 0
30 66 161924 0
70 105 161930 0
43 65 161934 0
22 66 161941 0
17 70 162004 0
59 94 162011 0
56 65 162017 0
30 70 162034 0
9 55 162041 0
1 66 162073 0
75 99 162086 0
57 105 162087 0
97 40 162108 1
35 73 162122 0
62 116 162142 0
27 72 162162 0
71 100 162162 0
59 65 162166 0
59 71 162184 0
81 43 162201 1
57 85 162205 0
68 100 162206 0
102 53 162239 1
36 78 162248 0
57 97 162250 0
55 84 162251 0
102 51 162269 1
30 69 162272 0
15 66 162275 0
35 26 162278 0
59 107 162281 0
15 57 162284 0
34 67 162287 1
70 117 162288 0
49 67 162289 0
100 47 162299 1
47 74 162316 0
18 63 162317 0
64 95 162343 0
55 64 162343 0
59 66 162357 0
51 86 162368 0
47 69 162372 0
2 47 162375 0
17 68 162377 0
29 75 162386 0
75 97 162413 0
39 70 162455 0
9 50 162478 0
71 97 162493 0
69 108 162498 0
23 66 162505 0
82 65 162512 0
57 88 162515 0
49 64 162525 0
18 62 162526 0
60 83 162563 0
60 63 162563 0
16 70 162600 0
70 101 162600 0
48 94 162608 0
96 40 162613 1
102 56 162617 1
14 55 162619 0
16 67 162635 0
9 71 162635 0
82 43 162664 1
36 53 162689 1
37 66 162705 0
101 48 162713 1
61 61 162721 0
20 63 162726 0
57 84 162742 0
85 66 162791 0
72 37 162830 1
77 39 162865 1
8 75 162889 0
59 83 162984 0
63 92 163005 0
70 97 163042 0
71 96 163057 0
63 62 163093 0
74 97 163116 0
59 74 163140 0
69 96 163163 0
58 94 163182 0
51 101 163187 0
59 72 163209 0
82 44 163240 1
43 70 163241 0
51 72 163259 0
45 64 163266 0
83 94 163365 0
60 61 163367 0
98 41 163368 1
17 53 163414 0
60 64 163443 0
81 42 163476 1
31 73 163480 0
77 97 163508 0
59 73 163571 0
83 96 163611 0
65 95 163621 0
62 95 163622 0
102 52 163703 1
55 61 163733 0
81 41 163735 1
80 40 163762 1
43 40 163818 1
46 69 163855 0
83 95 163933 0
98 42 163964 1
102 61 164034 1
95 38 164049 1
67 96 164175 0
58 80 164199 0
66 39 164209 1
72 96 164224 0
60 72 164225 0
82 70 164254 0
60 39 164279 1
61 69 164292 0
78 40 164313 1
76 77 164325 1
58 85 164329 0
95 74 164333 1
95 37 164333 1
63 39 164335 1
77 69 164382 1
99 43 164396 1
81 95 164493 0
59 86 164498 0
80 43 164516 1
75 101 164517 0
49 41 164574 1
97 39 164589 1
52 39 164607 1
98 40 164619 1
70 96 164637 0
52 64 164664 0
71 38 164702 1
75 75 164713 1
69 95 164729 0
102 64 164745 1
76 39 164763 1
94 37 164772 1
60 86 164794 0
19 61 164821 0
101 66 164825 1
31 67 164845 0
58 82 164908 0
46 40 164935 1
43 66 164961 0
76 73 165031 1
73 97 165062 0
86 64 165068 0
80 42 165080 1
93 37 165088 1
75 74 165099 1
102 67 165118 1
40 66 165187 0
103 54 165188 1
47 40 165197 1
34 68 165206 0
21 64 165214 0
44 65 165226 0
59 75 165272 0
78 39 165292 1
68 38 165311 1
50 40 165323 1
80 63 165331 1
64 103 165357 0
19 60 165362 0
49 63 165385 0
97 41 165386 1
99 42 165391 1
26 69 165395 0
76 78 165395 1
82 42 165402 1
76 70 165426 1
39 66 165465 0
39 65 165471 0
91 38 165535 1
53 32 165548 1
57 39 165592 1
99 44 165604 1
90 37 165607 1
22 65 165692 0
56 97 165697 0
55 63 165756 0
18 61 165763 0
68 96 165766 0
35 69 165768 0
57 82 165783 0
45 42 165789 1
29 68 165803 0
41 65 165820 0
74 97 165840 0
64 39 165842 1
101 67 165843 1
54 77 165847 0
95 80 165847 1
63 93 165893 0
61 90 165898 0
85 65 165917 0
85 58 165929 0
34 46 165930 1
76 38 165949 1
100 44 165959 1
60 87 165979 0
46 65 165982 0
67 98 165990 0
83 44 166025 1
27 47 166031 1
73 37 166113 1
56 39 166128 1
74 98 166141 0
86 62 166151 0
13 74 166153 0
14 47 166175 0
0 0 166179 0
21 65 166189 0
39 73 166192 0
54 64 166193 0
79 40 166194 1
60 94 166196 0
44 72 166202 0
70 111 166209 0
82 71 166222 0
23 67 166229 0
59 62 166234 0
53 107 166235 0
10 60 166264 0
81 96 166265 0
75 97 166285 0
69 100 166288 0
19 59 166293 0
55 97 166309 0
24 65 166322 0
36 66 166326 0
69 96 166337 0
77 38 166339 1
59 98 166349 0
100 46 166363 1
14 65 166386 0
84 126 166407 0
46 76 166408 0
26 67 166415 0
79 73 166431 0
82 97 166432 0
21 62 166476 0
50 68 166511 0
97 40 166530 1
18 58 166554 0
98 31 166646 1
57 61 166675 0
70 97 166677 0
102 63 166678 1
17 56 166799 0
31 44 166812 1
27 67 166835 0
20 63 166863 0
79 97 166870 0
65 39 166908 1
42 41 166927 1
19 54 166966 0
78 99 167011 0
86 58 167025 0
18 55 167025 0
100 45 167027 1
63 92 167073 0
18 54 167078 0
61 39 167116 1
43 65 167161 0
70 96 167167 0
96 39 167179 1
32 46 167284 1
47 41 167304 1
56 90 167348 0
54 40 167356 1
102 54 167430 1
63 94 167492 0
69 38 167571 1
59 77 167577 0
60 69 167587 0
55 39 167608 1
71 96 167613 0
60 61 167666 0
64 94 167675 0
33 67 167677 0
78 101 167691 0
36 67 167698 0
101 49 167706 1
77 67 167734 1
89 39 167766 1
101 50 167842 1
100 43 167856 1
80 41 167899 1
102 66 167942 1
22 66 167952 0
85 60 167972 0
18 59 167974 0
59 74 168027 0
77 40 168033 1
51 40 168052 1
25 47 168109 1
43 41 168111 1
26 46 168116 1
102 48 168122 1
79 41 168122 1
28 68 168135 0
55 40 168143 1
45 39 168184 1
88 38 168187 1
30 47 168280 1
59 83 168317 0
60 87 168423 0
28 72 168427 0
56 62 168433 0
62 63 168436 0
81 43 168597 1
58 80 168668 0
70 39 168672 1
93 38 168708 1
81 42 168725 1
77 39 168742 1
25 73 168762 0
92 37 168762 1
19 71 168766 0
60 85 168769 0
68 107 168775 0
84 44 168786 1
19 76 168802 0
17 52 168806 0
74 97 168864 0
65 105 168885 0
81 71 168893 0
24 67 168899 0
57 38 168927 1
8 71 168956 0
62 39 168957 1
7 110 168978 0
26 68 168979 0
102 53 168985 1
61 91 168986 0
58 84 169034 0
98 39 169049 1
44 65 169080 0
100 71 169092 1
101 48 169172 1
75 76 169201 1
76 71 169253 1
99 73 169286 1
59 71 169288 0
59 87 169291 0
52 40 169347 1
95 81 169349 1
21 63 169387 0
50 64 169409 0
36 43 169427 1
38 40 169429 1
23 47 169446 1
48 71 169447 0
21 64 169472 0
41 65 169548 0
55 62 169635 0
30 69 169654 0
102 50 169656 1
81 98 169678 0
76 101 169738 0
70 96 169742 0
30 46 169772 1
61 68 169896 0
19 62 169902 0
45 64 169913 0
89 37 169934 1
30 44 169999 1
102 62 170074 1
103 58 170096 1
28 67 170132 0
45 40 170178 1
89 38 170225 1
31 46 170239 1
70 97 170570 0
50 39 170594 1
91 37 170618 1
59 101 170739 0
96 38 170745 1
64 38 170779 1
77 97 170788 0
102 51 170788 1
53 40 170815 1
59 85 170832 0
98 41 170847 1
95 38 170858 1
94 38 170919 1
60 87 170961 0
58 85 171004 0
40 66 171012 0
96 77 171014 1
40 42 171107 1
25 67 171157 0
80 99 171158 0
62 92 171179 0
66 97 171199 0
33 44 171252 1
22 65 171355 0
29 45 171359 1
88 37 171407 1
32 45 171460 1
62 96 171489 0
29 47 171516 1
60 66 171517 0
39 43 171591 1
78 66 171649 1
72 96 171656 0
98 42 171736 1
86 58 171775 0
101 68 171815 1
60 86 171872 0
62 38 171872 1
18 64 171874 0
102 58 171880 1
59 70 171895 0
36 44 171965 1
72 99 171973 0
63 39 171983 1
61 66 171990 0
17 60 172017 0
59 63 172023 0
18 52 172047 0
60 70 172177 0
31 45 172190 1
71 37 172191 1
60 98 172328 0
97 77 172332 1
61 60 172392 0
60 89 172398 0
99 71 172413 1
26 78 172419 0
56 40 172426 1
103 56 172468 1
9 63 172491 0
76 72 172515 1
80 38 172521 1
19 64 172581 0
75 38 172590 1
59 84 172599 0
75 77 172615 1
66 93 172654 0
62 91 172797 0
62 62 172848 0
41 66 172866 0
96 79 172868 1
106 51 172939 1
95 39 173017 1
48 40 173054 1
20 65 173070 0
63 104 173115 0
61 90 173160 0
34 79 173171 0
28 47 173178 1
71 98 173195 0
75 98 173211 0
19 61 173296 0
58 66 173326 0
61 87 173351 0
30 45 173352 1
17 66 173358 0
59 89 173367 0
81 97 173384 0
59 81 173465 0
86 61 173467 0
35 83 173517 0
19 62 173533 0
50 62 173550 0
58 80 173600 0
82 43 173621 1
73 113 173642 0
29 67 173742 0
23 66 173764 0
44 65 173773 0
26 70 173798 0
24 65 173807 0
62 61 173825 0
58 86 173834 0
74 101 173863 0
58 76 173941 0
30 68 173973 0
20 63 174014 0
26 76 174033 0
61 62 174040 0
56 90 174080 1
13 67 174113 0
59 85 174115 0
62 64 174115 0
39 76 174116 0
36 69 174138 0
9 73 174197 0
77 105 174201 0
45 66 174217 0
70 102 174223 0
69 96 174305 0
102 52 174389 1
72 97 174397 0
49 40 174407 1
47 64 174418 0
74 97 174479 0
60 61 174506 0
36 66 174647 0
45 65 174657 0
70 96 174678 0
14 62 174693 0
67 35 174752 1
79 75 174788 0
54 89 174794 0
7 76 174823 0
44 67 174825 0
18 55 174830 0
70 95 174945 0
58 68 174955 0
60 87 174982 0
70 97 175041 0
102 49 175195 1
59 69 175230 0
79 98 175231 0
21 48 175247 1
19 63 175255 0
35 26 175257 1
99 43 175269 1
60 90 175354 0
53 64 175592 0
51 65 175597 0
51 95 175658 0
93 37 175665 1
59 84 175679 0
16 61 175713 0
71 97 175716 0
102 60 175729 1
78 40 175785 1
100 46 175806 1
69 97 175852 0
83 67 175894 0
73 99 175915 0
15 69 175928 0
71 103 175942 0
46 73 175967 0
60 92 176004 0
67 74 176039 0
67 97 176039 0
61 88 176043 0
77 96 176074 0
15 48 176086 0
86 63 176154 0
58 72 176158 0
68 96 176183 0
61 70 176198 0
66 39 176215 1
48 65 176252 0
51 62 176277 0
103 55 176284 1
73 104 176326 0
69 95 176375 0
60 72 176385 0
48 64 176399 0
60 68 176409 0
24 69 176435 0
62 91 176444 0
84 94 176480 0
59 81 176534 0
25 65 176561 0
73 97 176590 0
39 65 176632 0
76 38 176644 1
5 67 176719 0
100 45 176721 1
64 101 176726 0
25 66 176736 0
41 65 176738 0
76 77 176740 1
94 37 176749 1
67 96 176768 0
74 37 176771 1
48 41 176792 1
37 68 176814 0
18 57 176815 0
43 65 176858 0
82 96 176873 0
101 51 176926 1
79 40 176956 1
97 40 177056 1
97 41 177061 1
8 68 177075 0
86 58 177076 0
101 46 177098 1
59 86 177103 0
59 73 177107 0
62 61 177150 0
22 66 177163 0
24 79 177217 0
19 68 177230 0
61 61 177230 0
58 39 177251 1
59 39 177262 1
78 39 177263 1
76 76 177263 1
87 90 177278 1
17 56 177286 0
2 76 177296 0
35 77 177315 0
42 42 177319 1
91 36 177328 1
67 39 177363 1
75 97 177391 0
14 57 177397 0
55 61 177416 0
60 85 177425 0
19 62 177433 0
79 39 177491 1
102 56 177514 1
58 61 177523 0
97 39 177571 1
101 47 177607 1
98 31 177611 1
98 40 177629 1
100 44 177641 1
71 96 177694 0
18 60 177704 0
77 70 177726 1
99 42 177742 1
102 65 177743 1
75 37 177745 1
69 39 177745 1
50 40 177754 1
44 41 177782 1
81 96 177862 0
101 48 177879 1
37 43 177895 1
59 71 177913 0
60 70 177924 0
33 68 177925 0
77 37 177961 1
77 39 177963 1
102 64 178010 1
59 75 178012 0
84 95 178022 0
59 85 178030 0
57 62 178033 0
59 74 178039 0
36 68 178046 0
92 36 178126 1
103 57 178140 1
56 90 178141 0
101 49 178179 1
72 97 178194 0
81 41 178258 1
28 46 178276 1
63 38 178286 1
72 96 178296 0
81 42 178303 1
82 41 178341 1
49 39 178366 1
83 43 178394 1
76 39 178409 1
102 61 178411 1
97 38 178426 1
85 61 178444 0
26 67 178458 0
63 92 178478 0
103 52 178486 1
65 37 178517 1
77 68 178534 1
30 66 178549 0
59 83 178567 0
82 42 178599 1
18 61 178602 0
63 93 178615 0
102 52 178641 1
102 63 178688 1
24 49 178715 1
19 59 178759 0
18 58 178787 0
32 47 178795 1
96 78 178795 1
77 106 178822 0
99 43 178835 1
61 88 178838 0
27 68 178877 0
19 60 178881 0
49 64 178899 0
47 65 178906 0
60 86 178987 0
45 65 178994 0
66 96 179000 0
31 68 179015 0
102 54 179027 1
59 77 179045 0
62 88 179078 0
18 79 179088 0
78 67 179146 1
60 62 179156 0
59 84 179185 0
79 41 179195 1
39 66 179200 0
16 73 179219 0
54 90 179238 0
58 85 179243 0
40 66 179250 0
80 40 179253 1
72 38 179256 1
31 67 179257 0
51 39 179322 1
70 96 179391 0
34 44 179441 1
77 76 179445 1
103 59 179450 1
95 37 179480 1
74 36 179489 1
77 77 179499 1
98 41 179509 1
47 40 179524 1
77 71 179542 1
15 70 179551 0
32 68 179556 0
22 68 179560 0
58 62 179570 0
83 44 179573 1
57 104 179582 0
63 62 179591 0
96 80 179609 1
64 39 179622 1
65 39 179639 1
54 39 179696 1
49 70 179700 0
62 65 179715 0
28 71 179753 0
59 81 179771 0
33 45 179775 1
57 61 179789 0
22 48 179848 1
61 38 179849 1
61 68 179917 0
19 63 179924 0
47 39 179934 1
25 66 179986 0
58 80 180016 0
27 67 180032 0
62 91 180047 0
54 40 180082 1
59 61 180088 0
60 87 180134 0
18 59 180143 0
103 53 180172 1
21 63 180173 0
23 48 180181 1
72 36 180196 1
35 44 180202 1
95 38 180251 1
21 62 180262 0
30 69 180284 0
28 68 180326 0
61 37 180333 1
21 64 180353 0
26 47 180356 1
29 68 180386 0
18 57 180411 0
70 37 180417 1
51 40 180450 1
44 65 180455 0
52 81 180486 0
77 69 180509 1
74 98 180522 0
47 64 180531 0
75 75 180551 1
25 65 180555 0
73 38 180576 1
19 53 180587 0
57 39 180631 1
60 39 180652 1
49 66 180663 0
102 51 180668 1
57 66 180671 0
31 47 180704 1
61 69 180705 0
100 46 180753 1
98 75 180760 1
77 97 180773 0
58 83 180786 0
62 64 180812 0
106 49 180848 1
77 38 180888 1
18 54 180906 0
68 38 180912 1
63 39 180976 1
63 97 180988 0
26 73 181014 0
53 39 181018 1
56 80 181024 0
81 43 181128 1
17 55 181205 0
69 96 181208 0
45 64 181215 0
74 97 181216 0
78 38 181226 1
71 38 181252 1
61 87 181265 0
33 67 181275 0
75 38 181283 1
48 64 181290 0
24 65 181328 0
58 61 181334 0
52 63 181339 0
20 63 181341 0
109 45 181354 1
62 61 181374 0
100 43 181396 1
38 67 181403 0
73 37 181403 1
19 62 181458 0
62 39 181461 1
103 60 181504 1
22 65 181525 0
102 53 181550 1
48 39 181557 1
59 79 181713 0
23 72 181743 0
18 60 181787 0
58 74 181806 0
52 39 181811 1
24 47 181816 1
43 71 181821 0
63 96 181879 0
99 41 181888 1
98 42 181923 1
80 41 181942 1
61 88 181953 0
72 97 182017 0
20 74 182025 0
61 64 182040 0
49 84 182048 0
70 97 182081 0
56 90 182132 1
54 63 182222 0
78 97 182250 0
28 67 182282 0
66 93 182314 0
103 54 182341 1
79 40 182372 1
19 61 182432 0
92 37 182464 1
45 41 182466 1
19 54 182490 0
109 45 182490 0
60 61 182540 0
60 68 182579 0
61 60 182581 0
58 38 182728 1
56 38 182798 1
72 37 182885 1
102 50 182910 1
96 37 182953 1
66 38 182953 1
96 36 182957 1
56 39 182961 1
55 39 182974 1
59 85 183013 0
55 40 183029 1
25 66 183075 0
41 65 183081 0
90 36 183129 1
96 38 183213 1
16 68 183229 0
58 78 183348 0
59 84 183354 0
38 43 183372 1
24 66 183395 0
90 37 183396 1
55 65 183413 0
81 39 183447 1
78 39 183452 1
18 55 183584 0
102 66 183602 1
45 65 183660 0
73 36 183672 1
76 37 183730 1
103 61 183785 1
61 39 183792 1
76 73 183792 1
27 46 183840 1
29 44 183853 1
93 36 183933 1
102 69 184008 1
63 61 184030 0
77 14 184061 1
85 34 184097 1
58 27 184127 1
106 43 184136 1
52 33 184147 1
46 39 184151 1
33 46 184158 1
103 62 184205 1
99 39 184232 1
94 36 184247 1
100 42 184270 1
18 57 184277 0
60 70 184332 0
75 73 184395 1
51 64 184406 0
35 43 184478 1
47 66 184573 0
91 37 184607 1
37 66 184617 0
59 67 184641 0
96 39 184643 1
75 76 184676 1
34 45 184725 1
20 64 184807 0
54 100 184839 0
68 97 184860 0
29 46 184929 1
76 38 185020 1
19 59 185048 0
84 43 185048 1
59 88 185063 0
59 79 185109 0
41 42 185152 1
51 103 185181 0
77 39 185310 1
61 65 185332 0
21 47 185336 1
19 63 185362 0
28 45 185385 1
43 65 185455 0
46 40 185668 1
52 40 185705 1
58 61 185749 0
83 38 185788 1
49 40 185827 1
51 63 185834 0
35 45 185849 1
82 43 185854 1
59 61 185868 0
86 58 186051 0
100 72 186119 1
18 60 186211 0
61 89 186341 0
81 42 186477 1
99 38 186588 1
51 38 186591 1
35 66 186672 0
17 59 186689 0
103 63 186744 1
100 45 186767 1
25 66 186879 0
62 91 186889 0
78 97 186929 0
97 40 186966 1
70 38 187033 1
79 99 187042 0
48 64 187044 0
72 97 187053 0
54 94 187083 0
66 39 187099 1
93 37 187127 1
49 41 187211 1
101 48 187215 1
25 65 187313 0
18 58 187331 0
18 67 187355 0
79 97 187385 0
67 38 187397 1
17 63 187403 0
103 58 187425 1
19 60 187432 0
59 81 187439 0
99 72 187454 1
17 57 187454 0
24 66 187508 0
74 37 187599 1
99 42 187698 1
39 65 187740 0
56 93 187743 0
103 56 187761 1
53 102 187813 0
78 40 187819 1
62 105 187885 0
95 11 187914 0
76 75 187949 1
86 60 188017 0
58 40 188019 1
32 43 188077 1
50 39 188094 1
94 37 188104 1
102 49 188166 1
75 74 188195 1
63 61 188218 0
99 43 188333 1
101 66 188349 1
98 40 188423 1
78 36 188480 1
103 43 188542 1
77 96 188555 0
102 62 188623 1
50 41 188704 1
76 74 188740 1
71 96 188742 0
19 62 188770 0
100 44 188826 1
60 95 188834 0
60 68 188856 0
32 44 188869 1
69 95 188951 0
57 93 188973 0
60 85 189000 0
20 64 189067 0
53 62 189068 0
76 77 189097 1
44 39 189160 1
99 40 189179 1
113 59 189214 1
103 55 189300 1
78 68 189305 1
29 43 189323 1
101 46 189334 1
99 73 189335 1
97 39 189367 1
21 65 189521 0
115 59 189556 1
70 95 189573 0
81 41 189575 1
73 100 189623 0
100 45 189808 1
98 41 189826 1
102 52 189833 1
72 96 189848 0
102 46 189863 1
104 42 189904 1
103 57 189935 1
82 42 189940 1
69 38 189959 1
103 64 189992 1
76 76 190009 1
75 37 190023 1
97 76 190030 1
103 51 190050 1
58 39 190054 1
61 89 190063 0
19 52 190082 0
95 37 190096 1
57 60 190098 0
83 42 190101 1
41 39 190110 1
31 44 190157 1
101 45 190215 1
50 40 190250 1
44 64 190284 0
59 72 190327 0
103 53 190331 1
41 41 190354 1
25 46 190364 1
18 57 190376 0
83 95 190393 0
79 39 190416 1
61 88 190476 0
60 86 190488 0
97 38 190492 1
68 96 190494 0
101 69 190502 1
61 38 190524 1
59 78 190570 0
81 95 190600 0
96 40 190642 1
59 38 190650 1
59 79 190659 0
35 67 190727 0
62 88 190730 0
100 71 190731 1
101 47 190733 1
33 66 190792 0
15 76 190811 0
101 48 190812 1
65 95 190827 0
80 40 190832 1
101 68 190832 1
63 92 190877 0
103 59 190882 1
49 63 190913 0
73 115 191013 0
60 87 191013 0
75 36 191024 1
65 38 191058 1
98 74 191064 1
99 42 191084 1
69 37 191089 1
67 39 191090 1
38 41 191123 1
26 43 191125 1
21 63 191133 0
70 96 191147 0
100 43 191152 1
19 55 191164 0
79 40 191182 1
61 71 191223 0
101 49 191250 1
56 90 191251 0
75 97 191254 0
102 51 191319 1
45 65 191325 0
60 69 191339 0
68 37 191381 1
59 83 191422 0
62 38 191442 1
60 72 191444 0
97 40 191469 1
39 44 191513 1
55 62 191522 0
60 88 191541 0
30 68 191553 0
102 48 191582 1
56 62 191598 0
64 38 191605 1
29 67 191608 0
49 39 191633 1
30 69 191654 0
102 64 191686 1
76 36 191692 1
30 66 191695 0
59 71 191732 0
87 57 191789 0
36 43 191804 1
24 66 191815 0
95 38 191865 1
24 48 191874 1
103 54 191992 1
66 93 191996 0
51 39 192009 1
60 36 192009 1
87 38 192009 1
87 92 192010 1
25 47 192031 1
102 68 192052 1
39 42 192076 1
79 66 192103 1
102 47 192103 1
61 87 192125 0
98 39 192126 1
83 43 192154 1
59 84 192199 0
99 43 192300 1
35 65 192305 0
99 74 192360 1
8 60 192387 0
103 50 192471 1
77 66 192514 1
78 97 192523 0
54 39 192534 1
109 45 192590 1
48 40 192591 1
106 55 192616 1
78 39 192617 1
81 42 192656 1
21 61 192680 0
21 64 192680 0
33 68 192680 0
55 61 192690 0
34 43 192739 1
47 64 192768 0
102 49 192769 1
65 39 192792 1
77 77 192792 1
21 62 192810 0
69 95 192855 0
50 62 192906 0
109 45 192919 0
74 78 192944 1
24 65 192960 0
32 45 192961 1
72 96 192963 0
102 67 192977 1
100 46 193026 1
20 64 193040 0
59 75 193040 0
60 79 193049 0
36 66 193051 0
51 62 193065 0
63 61 193071 0
27 47 193086 1
81 96 193089 0
79 74 193097 0
56 63 193126 0
96 38 193162 1
95 11 193217 1
68 38 193239 1
27 67 193241 0
63 39 193242 1
77 68 193247 1
83 94 193247 0
18 60 193248 0
59 77 193259 0
86 64 193262 0
102 65 193267 1
20 70 193276 0
45 40 193291 1
62 63 193295 0
64 93 193323 1
25 66 193358 0
59 93 193403 0
54 40 193430 1
23 66 193437 0
59 39 193444 1
27 66 193458 0
53 80 193482 0
35 68 193497 0
73 97 193519 0
11 78 193539 0
25 67 193555 0
77 39 193555 1
59 74 193595 0
61 61 193626 0
44 40 193631 1
61 70 193649 0
103 60 193650 1
61 64 193652 0
92 36 193655 1
57 39 193678 1
60 85 193696 0
58 73 193720 0
58 98 193733 0
56 90 193770 1
100 44 193790 1
103 52 193809 1
19 51 193827 0
44 64 193832 0
59 87 193839 0
18 69 193841 0
87 60 193850 0
45 64 193853 0
74 36 193861 1
57 61 193874 0
77 38 193881 1
31 67 193893 0
59 61 193901 0
61 89 193949 0
19 61 193963 0
9 67 193980 0
34 68 194004 0
31 40 194007 1
31 46 194007 1
102 50 194008 1
19 63 194018 0
46 71 194049 0
58 61 194088 0
52 82 194109 0
70 95 194153 0
59 78 194168 0
63 38 194173 1
27 76 194192 0
36 44 194257 1
54 65 194313 0
61 66 194318 0
71 105 194336 0
61 90 194361 0
75 38 194375 1
51 63 194486 0
98 40 194514 1
48 64 194523 0
77 96 194527 0
96 37 194537 1
59 85 194570 0
19 60 194575 0
52 39 194576 1
76 38 194601 1
89 111 194613 0
67 95 194617 0
26 67 194664 0
43 65 194686 0
10 56 194727 0
103 58 194732 1
25 65 194772 0
21 63 194773 0
76 72 194801 1
84 93 194828 0
101 70 194833 1
60 86 194839 0
86 66 194852 0
77 67 194884 1
62 88 194897 0
93 37 194912 1
20 63 194943 0
87 64 194972 0
32 68 195028 0
19 59 195039 0
65 98 195044 0
77 76 195096 1
59 92 195114 0
87 59 195120 0
39 43 195159 1
31 45 195176 1
19 55 195178 0
22 68 195184 0
63 60 195188 0
81 40 195212 1
18 59 195225 0
85 61 195242 0
29 72 195259 0
122 41 195322 1
15 54 195336 0
54 96 195348 0
69 96 195357 0
53 63 195406 0
44 65 195448 0
53 62 195450 0
71 37 195451 1
75 76 195459 1
103 55 195460 1
87 17 195491 1
37 70 195493 0
99 41 195515 1
41 65 195587 0
60 70 195590 0
59 76 195592 0
17 59 195596 0
60 67 195599 0
0 0 195617 0
82 42 195622 1
34 44 195628 1
33 43 195698 1
79 38 195727 1
99 42 195727 1
24 66 195737 0
55 39 195756 1
82 96 195771 0
56 90 195783 0
87 57 195864 0
103 49 195867 1
97 39 195921 1
111 63 195937 1
22 47 195939 1
72 38 196006 1
84 59 196021 0
45 63 196022 0
98 38 196023 1
48 39 196027 1
103 65 196087 1
77 70 196126 1
62 33 196135 1
60 88 196138 0
53 39 196169 1
45 39 196249 1
26 46 196264 1
78 96 196288 0
93 36 196290 1
75 33 196337 1
60 68 196348 0
20 42 196351 1
66 39 196499 1
27 45 196500 1
78 38 196559 1
35 66 196640 0
47 40 196675 1
62 39 196736 1
33 44 196774 1
61 88 196778 0
109 45 196823 1
104 46 196847 1
89 37 196871 1
109 45 196900 0
87 60 196952 0
59 78 196955 0
94 37 196955 1
43 41 196955 1
27 66 196981 0
32 46 197000 1
63 36 197008 1
74 14 197014 0
101 71 197017 1
62 64 197022 0
18 71 197081 0
19 54 197099 0
65 93 197197 0
44 64 197238 0
20 64 197254 0
74 37 197273 1
37 43 197279 1
81 41 197364 1
28 46 197380 1
72 97 197391 0
92 37 197506 1
22 80 197578 0
28 65 197582 0
59 79 197621 0
58 75 197631 0
62 108 197696 0
70 96 197729 0
37 40 197754 1
62 100 197778 0
37 71 197805 0
18 57 197817 0
64 92 197847 0
55 104 197982 0
64 94 198003 0
15 75 198050 0
102 63 198053 1
72 112 198057 0
4 57 198060 0
28 67 198069 0
40 42 198084 1
32 69 198093 0
69 39 198100 1
98 38 198102 1
67 95 198118 0
29 74 198133 0
59 81 198174 0
62 62 198186 0
19 70 198231 0
61 68 198244 0
83 98 198269 0
65 97 198363 0
55 99 198372 0
36 74 198391 0
18 55 198423 0
98 76 198446 1
75 39 198461 1
19 71 198475 0
18 65 198512 0
19 62 198526 0
40 72 198544 0
42 41 198553 1
39 67 198554 0
87 59 198559 0
44 41 198569 1
101 48 198650 1
58 67 198715 0
76 73 198722 1
14 72 198728 0
103 61 198758 1
98 41 198783 1
87 61 198824 0
59 73 198908 0
17 71 198922 0
37 67 198923 0
5 66 198936 0
54 67 198947 0
80 98 198957 0
102 66 198983 1
57 72 198989 0
57 64 198989 0
33 78 199018 0
54 62 199022 0
46 65 199065 0
45 67 199069 0
10 70 199072 0
56 81 199073 0
52 67 199074 0
15 60 199075 0
31 69 199093 0
63 63 199228 0
103 57 199305 1
8 66 199318 0
21 62 199375 0
46 64 199413 0
62 91 199474 0
98 38 199606 1
22 64 199725 0
66 107 199752 0
91 38 199753 1
34 67 199779 0
65 103 199788 0
31 68 199797 0
42 42 199819 1
82 60 199841 0
5 71 199893 0
42 66 199915 0
49 102 199970 0
47 84 199982 0
0 0 200010 0
