32 88 0 0
100 62 157 1
85 43 186 1
99 67 291 1
99 62 350 1
51 102 553 0
109 45 712 1
109 45 742 0
97 54 822 1
95 77 882 1
99 57 925 1
15 71 961 0
17 92 980 0
94 49 984 1
39 94 999 0
15 95 1004 0
88 44 1026 1
97 74 1051 1
99 60 1141 1
95 51 1141 1
109 45 1162 1
109 45 1267 0
98 69 1273 1
83 40 1273 1
24 66 1274 1
13 76 1529 0
65 100 1545 0
14 87 1575 0
97 53 1620 1
67 100 1633 0
77 96 1800 0
94 48 1804 1
39 88 1827 0
89 44 1844 1
47 101 1862 0
100 64 1863 1
92 46 1955 1
84 41 2031 1
93 47 2154 1
78 32 2389 1
57 102 2409 0
96 50 2421 1
45 53 2451 1
44 98 2454 0
99 55 2466 1
87 43 2473 1
41 94 2489 0
89 45 2512 1
100 57 2520 1
40 88 2592 0
39 84 2595 0
91 45 2600 1
45 19 2608 1
72 64 2647 0
91 46 2649 1
81 37 2653 1
60 77 2667 1
80 36 2683 1
43 97 2720 0
46 98 2740 0
48 102 2760 0
14 80 2769 0
71 71 2809 0
61 102 2826 0
76 32 2828 1
57 101 3005 0
79 35 3018 1
94 50 3050 1
60 79 3074 1
85 42 3092 1
75 31 3094 1
63 81 3134 1
74 30 3205 1
48 100 3267 0
59 101 3269 0
41 56 3271 1
100 63 3282 1
84 40 3292 1
62 80 3333 1
60 39 3337 1
58 102 3369 0
81 39 3388 1
85 43 3412 1
75 30 3435 1
105 97 3439 1
96 51 3465 1
60 76 3469 1
19 66 3469 1
17 68 3480 1
47 100 3523 0
94 49 3595 1
61 80 3637 1
80 35 3650 1
64 100 3674 0
1 112 3676 1
63 80 3678 1
88 88 3697 1
90 44 3849 1
82 40 3855 1
40 95 3918 0
40 86 3920 0
67 34 3953 1
100 66 3960 1
71 31 3964 1
46 100 4020 0
78 34 4026 1
62 71 4126 1
41 93 4157 0
98 54 4224 1
82 38 4233 1
97 75 4262 1
60 75 4331 0
15 79 4352 0
45 99 4377 0
81 38 4389 1
95 49 4404 1
30 62 4406 1
60 80 4430 1
83 41 4489 1
72 30 4501 1
26 92 4551 0
78 96 4608 0
15 91 4657 0
98 52 4701 1
97 52 4707 1
31 88 4708 0
15 90 4721 0
70 99 4739 0
77 97 4752 0
63 101 4760 0
41 87 4826 0
71 99 4831 0
35 26 4842 1
32 63 4854 1
67 39 4866 1
23 66 4883 1
45 98 4950 0
59 76 4952 1
18 93 4961 0
43 98 4976 0
40 89 5015 0
100 58 5046 1
65 79 5059 1
91 83 5109 1
65 100 5163 0
100 59 5206 1
101 59 5220 1
48 101 5268 0
21 94 5285 0
40 96 5290 0
49 101 5306 0
17 121 5334 1
16 93 5460 0
95 50 5497 1
62 100 5583 0
99 56 5606 1
41 91 5636 0
74 67 5656 0
14 85 5660 0
55 102 5779 0
99 69 5780 1
73 30 5817 1
80 36 5881 1
44 53 5910 1
43 68 5917 1
43 95 5917 0
31 62 5966 1
71 73 5975 0
61 78 6010 1
34 61 6027 1
71 30 6050 1
15 72 6055 0
47 99 6125 0
73 66 6157 0
15 73 6165 0
94 95 6201 1
19 96 6258 0
15 86 6325 0
80 96 6370 0
16 92 6429 0
22 66 6484 1
68 99 6533 0
15 75 6563 0
78 32 6571 1
41 90 6607 0
33 61 6631 1
60 100 6640 0
60 76 6640 1
83 39 6686 1
60 78 6692 1
14 78 6761 0
15 81 6774 0
72 69 6782 0
25 66 6806 1
64 70 6866 0
42 95 6876 0
99 54 6970 1
46 98 7037 0
97 53 7082 1
23 92 7087 0
79 34 7094 1
40 84 7186 0
55 43 7223 1
15 87 7249 0
31 61 7281 1
78 33 7281 1
16 70 7298 0
77 31 7306 1
36 59 7361 1
79 35 7493 1
40 88 7496 0
92 46 7503 1
75 31 7584 1
100 68 7642 1
15 84 7664 0
94 49 7720 1
96 76 7743 1
67 63 7757 1
41 95 7802 0
15 89 7893 0
24 106 7913 1
81 36 7939 1
58 40 7947 1
19 93 7973 0
29 63 7981 1
80 35 8205 1
22 67 8205 1
17 92 8208 0
35 60 8309 1
98 71 8336 1
83 40 8395 1
67 101 8467 0
41 94 8543 0
99 57 8601 1
79 38 8604 1
63 92 8665 1
98 72 8673 1
40 85 8737 0
53 102 8761 0
69 65 8770 0
65 100 8785 0
47 52 8931 1
96 75 9011 0
41 97 9035 0
87 43 9059 1
43 96 9074 0
88 87 9165 1
99 65 9171 1
88 44 9226 1
15 85 9230 0
93 80 9326 1
84 42 9356 1
36 60 9449 1
12 126 9590 1
71 64 9596 0
100 57 9633 1
64 80 9712 1
29 89 9904 0
79 33 9914 1
85 43 9926 1
45 54 9934 1
17 91 9948 0
97 51 9969 1
30 64 9971 1
61 79 10046 1
86 43 10079 1
96 50 10084 1
65 35 10087 1
61 77 10128 1
15 93 10196 0
39 98 10197 0
97 54 10229 1
15 76 10262 0
14 84 10317 0
15 92 10342 0
57 101 10365 0
74 68 10813 0
64 101 10943 0
87 44 11074 1
15 90 11147 0
21 66 11356 1
60 77 11409 1
92 45 11411 1
100 67 11444 1
73 64 11459 0
73 67 11469 0
81 39 11559 1
89 44 11578 1
91 45 11750 1
23 66 11834 1
20 66 11869 1
109 45 11882 1
21 67 12021 1
74 30 12054 1
20 67 12083 1
43 55 12144 1
26 65 12175 1
29 90 12209 0
91 46 12325 1
84 41 12601 1
70 31 12840 1
15 79 12912 0
27 91 12985 0
16 87 13006 0
100 61 13033 1
82 39 13188 1
82 38 13209 1
39 86 13244 0
62 100 13251 0
19 67 13266 1
65 100 13353 0
40 87 13429 0
42 97 13513 0
30 63 13514 1
28 89 13528 0
16 94 13555 0
100 63 13574 1
109 45 13660 0
50 101 13740 0
24 67 13767 1
75 98 13770 0
96 51 13788 1
89 45 13831 1
99 88 13855 0
99 55 13855 1
13 79 13891 0
69 100 13929 0
38 58 14084 1
61 80 14125 1
46 98 14138 0
72 64 14143 0
86 42 14152 1
14 72 14212 0
42 96 14217 0
19 95 14228 0
17 95 14256 0
40 91 14266 0
71 65 14273 0
14 93 14279 0
39 85 14286 0
17 93 14289 0
93 47 14337 1
94 48 14413 1
39 84 14547 0
43 97 14566 0
41 93 14592 0
97 74 14670 1
47 100 14679 0
77 96 14716 0
27 32 14719 0
27 23 14770 0
19 104 14783 0
60 102 14790 0
40 97 14873 0
43 99 14906 0
100 60 14913 1
75 97 14923 0
54 28 14927 0
18 95 14930 0
109 68 14931 0
58 42 14970 1
68 99 14979 0
59 101 15169 0
80 36 15241 1
100 64 15303 1
22 95 15396 0
61 101 15412 0
98 54 15443 1
99 53 15448 1
93 46 15450 1
63 100 15465 0
100 65 15482 1
32 88 15486 0
97 50 15498 1
17 94 15530 0
88 43 15542 1
60 79 15585 1
41 84 15649 0
39 89 15679 0
62 72 15696 1
24 51 15745 0
58 41 15749 1
66 99 15750 0
60 76 15837 1
70 100 15839 0
95 50 15910 1
73 65 16013 0
87 43 16059 1
85 42 16069 1
59 102 16184 0
95 49 16245 1
45 98 16248 0
75 30 16262 1
91 44 16275 1
96 50 16277 1
121 98 16291 0
37 7 16295 0
32 87 16300 0
63 80 16336 1
75 31 16473 1
72 100 16493 0
62 71 16496 1
96 77 16564 1
73 99 16568 0
70 74 16575 0
49 102 16579 0
47 99 16582 0
67 80 16690 0
100 56 16717 1
77 32 16739 1
86 43 16750 1
94 47 16835 1
87 42 16852 1
79 34 16890 1
50 101 16906 0
15 81 16924 0
35 85 16931 0
24 93 16958 0
92 46 16969 1
78 32 16993 1
90 44 17028 1
83 41 17041 1
101 61 17079 1
100 58 17101 1
24 94 17155 0
14 82 17162 0
73 64 17244 0
98 70 17257 1
63 101 17262 0
32 61 17288 1
80 35 17289 1
41 87 17314 0
81 35 17363 1
27 90 17364 0
100 55 17369 1
24 66 17390 1
38 85 17415 0
85 41 17435 1
57 102 17439 0
76 30 17454 1
71 99 17468 0
15 89 17497 0
16 92 17573 0
25 93 17626 0
91 45 17637 1
67 67 17709 0
101 60 17714 1
99 55 17728 1
81 38 17747 1
41 90 17779 0
63 39 17846 1
34 86 17854 0
70 99 17879 0
22 66 17896 1
48 100 17908 0
16 82 17912 0
100 66 17954 1
74 31 17957 1
99 54 17968 1
42 95 18040 0
15 86 18046 0
55 102 18085 0
40 87 18096 0
27 65 18171 1
100 59 18176 1
15 69 18187 0
59 40 18196 1
18 94 18218 0
60 76 18240 1
13 78 18256 0
81 37 18268 1
72 30 18294 1
68 100 18295 0
16 71 18298 0
59 101 18303 0
22 94 18309 0
99 56 18322 1
37 84 18338 0
98 52 18367 1
43 96 18391 0
96 75 18412 1
40 92 18437 0
15 84 18580 0
15 75 18610 0
100 62 18622 1
93 47 18690 1
49 101 18718 0
77 97 18728 0
19 94 18748 0
18 92 18757 0
83 40 18763 1
70 66 18809 0
14 88 18828 0
74 30 18858 1
78 31 18867 1
15 87 18869 0
45 53 18903 1
93 81 18928 1
14 89 18935 0
17 92 18938 0
109 45 18972 1
19 92 19053 0
97 52 19059 1
15 73 19064 0
53 100 19079 0
71 72 19079 0
84 40 19088 1
23 93 19136 0
67 34 19143 1
79 35 19161 1
40 86 19189 0
79 95 19198 0
57 101 19207 0
22 92 19232 0
15 91 19248 0
46 100 19294 0
25 65 19330 1
94 49 19331 1
13 82 19334 0
40 84 19360 0
19 66 19381 1
109 45 19427 0
15 79 19450 0
79 97 19529 0
79 32 19529 1
46 98 19539 0
43 95 19600 0
62 80 19677 1
100 57 19707 1
94 48 19709 1
41 94 19775 0
79 33 19775 1
44 98 19869 0
41 93 19872 0
15 85 19885 0
87 43 19933 1
18 93 19936 0
66 99 19958 0
41 91 20068 0
61 80 20097 1
15 77 20105 0
82 37 20110 1
66 100 20126 0
74 99 20133 0
15 70 20134 0
15 71 20147 0
33 60 20149 1
43 101 20163 0
72 65 20170 0
82 40 20199 1
14 80 20222 0
69 33 20235 1
42 96 20235 0
77 31 20310 1
43 54 20377 1
78 33 20409 1
50 101 20413 0
48 52 20453 1
88 43 20456 1
99 68 20457 1
30 88 20496 0
15 76 20504 0
68 99 20516 0
97 51 20572 1
39 87 20603 0
20 93 20656 0
100 63 20794 1
80 36 20832 1
14 86 20857 0
31 87 20878 0
35 61 20924 1
31 88 20940 0
84 41 20966 1
28 91 20969 0
17 91 20984 0
21 94 20994 0
16 93 20994 0
71 64 21187 0
73 30 21199 1
14 77 21289 0
89 44 21454 1
40 93 21479 0
52 100 21551 0
15 81 21589 0
99 69 21606 1
62 79 21671 1
98 53 21673 1
48 51 21714 0
40 89 21733 0
45 54 21783 1
63 80 21783 1
39 57 21840 1
60 76 21875 1
44 99 21901 0
98 54 21921 1
23 92 21921 0
86 43 21962 1
49 49 21980 0
15 72 21983 0
40 88 22055 0
81 95 22062 0
95 50 22103 1
16 83 22152 0
95 48 22157 1
24 92 22186 0
67 78 22254 1
29 62 22287 1
61 78 22303 1
23 66 22376 1
41 85 22466 0
81 36 22518 1
75 31 22631 1
18 92 22660 0
99 57 22726 1
47 52 22788 1
30 62 22877 1
23 94 22919 0
99 53 22922 1
13 88 22923 0
88 44 22925 1
67 80 23060 0
15 86 23303 0
34 60 23312 1
80 34 23321 1
75 30 23375 1
122 125 23404 1
90 84 23573 0
64 79 23790 1
59 39 23825 1
75 64 23849 0
15 77 23874 0
15 75 23929 0
97 74 23982 1
39 83 23990 0
61 120 24006 1
40 87 24107 0
61 76 24197 1
96 50 24201 1
18 68 24380 1
100 64 24462 1
82 39 24471 1
62 101 24478 0
93 46 24630 1
89 43 24707 1
82 38 24718 1
73 29 24767 1
0 0 24791 0
91 126 24959 1
91 45 24966 1
21 66 25006 1
90 44 25087 1
50 101 25131 0
98 51 25135 1
20 95 25185 0
97 118 25209 1
20 93 25216 0
38 92 25292 0
59 41 25399 1
15 89 25405 0
109 45 25529 1
85 91 25676 1
78 32 25676 1
79 34 25791 1
96 51 25811 1
34 61 25815 1
72 70 25928 0
50 102 25938 0
15 78 26098 0
73 31 26144 1
45 97 26226 0
91 47 26228 1
97 118 26381 0
52 100 26395 0
92 45 26974 1
28 64 26974 1
73 68 27027 0
60 101 27082 0
16 87 27140 0
15 84 27153 0
30 90 27234 0
109 45 27302 0
49 51 27633 0
73 64 27723 0
52 101 27735 0
47 103 27830 0
71 32 27866 1
21 96 27905 0
47 99 27959 0
5 102 27965 0
14 74 27967 0
59 103 27981 0
42 96 27998 0
39 83 28031 0
92 46 28131 1
78 82 28191 1
43 97 28228 0
41 95 28229 0
83 94 28238 0
66 99 28285 0
45 96 28432 0
16 60 28445 0
63 100 28467 0
59 101 28469 0
14 116 28523 0
73 100 28592 0
15 77 28623 0
82 36 28638 1
62 100 28643 0
14 76 28845 0
72 67 28880 0
81 39 28882 1
15 73 28901 0
48 101 28904 0
71 100 28994 0
83 93 29001 0
51 48 29008 0
47 88 29086 1
38 35 29116 0
52 47 29117 0
74 68 29121 0
37 83 29190 0
27 92 29230 0
45 97 29261 0
15 90 29494 0
65 100 29553 0
39 82 29580 0
41 84 29584 0
11 83 29706 0
15 87 29715 0
61 79 29763 1
59 100 29836 0
69 100 29851 0
45 98 29876 0
40 85 29877 0
15 78 29902 0
44 96 29931 0
80 35 29936 1
14 81 30052 0
75 97 30062 0
46 98 30133 0
39 90 30356 0
52 101 30461 0
47 100 30489 0
21 51 30501 0
20 93 30516 0
74 100 30521 0
29 89 30531 0
41 90 30619 0
96 48 30819 1
79 33 30977 1
19 93 30987 0
26 91 31037 0
25 91 31168 0
62 72 31271 1
22 66 31280 1
41 89 31303 0
38 57 31525 1
24 92 31576 0
15 81 31698 0
109 45 31731 1
26 92 31818 0
71 98 31822 0
109 45 31835 0
47 98 31872 0
96 76 32168 1
32 87 32191 0
16 82 32342 0
62 101 32381 0
14 48 32447 0
39 83 32453 0
83 39 32500 1
61 74 32500 1
70 73 32564 0
45 97 33063 0
14 79 33086 0
15 76 33109 0
44 96 33309 0
59 77 33424 1
100 58 33507 1
52 102 33690 0
60 101 33704 0
96 49 34145 1
83 40 34186 1
18 93 34212 0
98 72 34257 1
15 78 34269 0
98 50 34325 1
52 101 34349 0
17 92 34420 0
83 38 34548 1
96 77 34589 1
18 92 35298 0
88 43 35343 1
96 75 35538 1
52 100 35558 0
60 79 35701 1
77 30 35750 1
40 87 35859 0
37 7 36047 1
37 60 36148 1
94 48 36214 1
42 90 36217 0
50 101 36488 0
100 65 36561 1
64 80 36716 1
20 66 36825 1
24 66 36850 1
25 92 36854 0
63 36 36893 1
71 30 37054 1
31 61 37093 1
74 30 37187 1
73 99 37246 0
85 42 37259 1
106 55 37639 1
16 92 37757 0
54 102 37968 0
60 76 38376 1
31 62 38540 1
86 42 38620 1
44 97 39114 0
42 94 39128 0
40 57 39199 1
40 90 39240 0
93 47 39672 1
97 73 39674 1
101 60 39882 1
85 43 39911 1
94 47 39914 1
46 99 39947 0
39 98 40211 0
99 54 40227 1
101 61 40316 1
98 71 40450 1
14 91 40475 0
99 55 40481 1
57 41 40543 1
101 59 40612 1
101 62 40653 1
17 67 40747 1
87 43 40749 1
78 31 40758 1
33 61 40761 1
95 49 40766 1
97 50 40771 1
100 56 40795 1
98 53 40902 1
72 30 40916 1
87 42 40933 1
98 52 40954 1
100 59 40968 1
81 37 41072 1
79 120 41075 1
26 65 41098 1
83 41 41120 1
97 51 41274 1
66 34 41303 1
46 97 41334 0
100 54 41381 1
96 50 41490 1
100 55 41493 1
84 41 41498 1
81 38 41532 1
85 41 41552 1
15 82 41559 0
77 31 41561 1
100 67 41620 1
100 57 41662 1
84 40 41763 1
99 53 41783 1
99 56 41803 1
29 64 41818 1
100 62 41838 1
91 44 41882 1
82 37 41952 1
59 75 41970 0
63 79 42011 1
71 31 42024 1
94 46 42095 1
93 46 42113 1
90 43 42122 1
72 64 42145 0
81 35 42236 1
75 30 42239 1
101 59 42248 1
66 99 42262 0
47 98 42377 0
81 34 42409 1
71 99 42423 0
52 102 42431 0
76 30 42438 1
99 54 42457 1
81 36 42515 1
65 80 42520 1
99 51 42527 1
89 42 42546 1
100 66 42557 1
70 99 42577 0
86 41 42581 1
99 52 42592 1
92 91 42602 1
93 47 42612 1
79 95 42621 0
79 32 42623 1
90 44 42629 1
98 53 42659 1
92 45 42674 1
80 35 42718 1
92 46 42754 1
41 87 42763 0
21 65 42763 1
100 64 42801 1
57 101 42840 0
96 76 42870 1
44 96 42893 0
75 29 42897 1
77 96 42948 0
87 43 42959 1
100 53 42977 1
15 30 42988 1
91 83 42997 0
62 79 43046 1
83 39 43055 1
82 35 43111 1
89 45 43135 1
61 38 43183 1
95 48 43231 1
101 66 43239 1
100 68 43241 1
59 101 43246 0
81 37 43288 1
80 34 43315 1
76 29 43386 1
95 49 43418 1
97 53 43431 1
79 31 43483 1
85 40 43501 1
35 60 43555 1
88 43 43559 1
65 34 43585 1
89 43 43599 1
17 94 43604 0
51 100 43608 0
94 79 43619 1
98 51 43645 1
97 73 43660 1
101 48 43674 1
63 100 43687 0
78 32 43708 1
42 95 43711 0
75 98 43816 0
78 35 43818 1
59 92 43855 1
48 100 43862 0
20 67 43885 1
87 42 43894 1
101 60 43895 1
72 29 43895 1
41 85 43901 0
42 94 43905 0
54 102 43930 0
63 79 43951 1
99 53 43959 1
64 100 43970 0
77 31 44076 1
52 101 44086 0
43 96 44108 0
41 57 44109 1
15 79 44165 0
15 78 44171 0
46 99 44207 0
73 30 44216 1
16 75 44245 0
101 59 44247 1
79 32 44255 1
44 55 44276 1
65 79 44284 1
43 95 44315 0
81 35 44322 1
22 92 44365 0
42 96 44431 0
78 30 44445 1
61 78 44454 1
28 65 44462 1
44 97 44484 0
25 65 44499 1
69 31 44511 1
24 65 44522 1
98 98 44566 1
41 89 44574 0
101 61 44594 1
47 99 44605 0
78 96 44630 0
82 36 44631 1
59 100 44648 0
99 55 44648 1
99 48 44651 1
96 48 44664 1
92 44 44672 1
15 85 44687 0
73 69 44691 0
20 93 44697 0
68 99 44704 0
75 30 44704 1
28 90 44724 0
16 71 44727 0
93 46 44736 1
23 66 44743 1
18 94 44760 0
41 90 44764 0
85 41 44767 1
73 65 44774 0
98 53 44784 1
42 91 44784 0
98 71 44816 1
61 101 44819 0
17 91 44846 0
45 97 44864 0
41 91 44872 0
97 49 44875 1
84 40 44886 1
78 31 44891 1
97 51 44908 1
40 84 44922 0
46 97 44936 0
17 93 44955 0
19 92 44980 0
91 45 44993 1
86 43 45003 1
77 30 45006 1
95 50 45013 1
67 100 45021 0
71 64 45026 0
75 31 45050 1
62 101 45072 0
15 77 45092 0
32 88 45095 0
61 79 45102 1
41 93 45107 0
13 84 45111 0
60 100 45120 0
70 32 45148 1
88 42 45176 1
52 100 45212 0
61 76 45234 1
28 63 45246 1
46 98 45247 0
66 99 45330 0
16 70 45337 0
61 77 45373 1
85 42 45377 1
98 52 45377 1
42 86 45402 0
97 50 45408 1
39 83 45427 0
101 63 45462 1
61 80 45464 1
15 75 45475 0
73 64 45484 0
15 86 45485 0
99 54 45566 1
13 81 45607 0
98 54 45631 1
56 103 45650 0
94 47 45681 1
101 62 45683 1
15 81 45700 0
60 101 45705 0
16 83 45711 0
94 48 45717 1
96 50 45718 1
74 67 45722 0
100 55 45741 1
76 30 45747 1
15 82 45765 0
41 84 45768 0
21 94 45781 0
91 44 45897 1
41 87 45909 0
17 69 45922 0
81 36 45968 1
15 84 45977 0
59 101 46005 0
95 75 46032 0
45 19 46033 0
39 82 46047 0
34 86 46052 0
86 45 46058 1
32 61 46076 1
93 47 46122 1
40 90 46188 0
51 100 46236 0
16 87 46262 0
83 39 46286 1
16 74 46293 0
47 98 46315 0
83 38 46319 1
56 100 46328 0
71 98 46381 0
45 53 46397 1
75 64 46402 0
44 96 46406 0
73 29 46415 1
82 38 46419 1
17 73 46429 0
45 96 46444 0
100 65 46516 1
42 90 46528 0
17 92 46533 0
53 100 46558 0
18 92 46634 0
75 97 46654 0
63 79 46664 1
57 101 46679 0
49 101 46684 0
27 91 46701 0
40 88 46707 0
45 99 46749 0
81 34 46759 1
28 92 46809 0
48 52 46824 1
35 86 46874 0
74 29 46897 1
53 103 46933 0
58 41 46940 1
70 99 46954 0
67 34 47036 1
61 73 47038 1
44 98 47052 0
23 65 47058 1
90 44 47067 1
23 92 47079 0
95 77 47086 1
87 43 47121 1
58 102 47161 0
16 82 47204 0
81 37 47259 1
27 90 47259 0
84 41 47280 1
80 96 47314 0
15 89 47322 0
80 33 47343 1
92 45 47376 1
53 44 47391 0
42 94 47439 0
25 66 47490 1
15 87 47532 0
63 71 47557 1
42 56 47594 1
46 97 47636 0
95 47 47677 1
67 80 47691 1
22 94 47755 0
61 100 47758 0
82 37 47775 1
62 79 47832 1
24 65 47866 1
96 76 47868 1
77 95 47877 0
86 42 47935 1
49 100 47936 0
31 87 47941 0
63 100 47954 0
22 65 47975 1
63 72 48017 1
74 64 48057 0
101 56 48081 1
100 56 48083 1
33 87 48105 0
64 80 48161 1
64 79 48184 1
52 100 48253 0
43 53 48259 1
100 54 48274 1
17 91 48281 0
58 101 48297 0
57 100 48305 0
46 99 48328 0
100 69 48401 1
15 76 48401 0
19 92 48413 0
47 99 48431 0
93 45 48536 1
71 99 48589 0
80 34 48612 1
77 31 48636 1
70 31 48673 1
61 78 48677 1
38 83 48769 0
25 92 48783 0
101 58 48798 1
22 92 48809 0
90 43 48810 1
16 83 48812 0
32 87 48844 0
98 51 48849 1
75 30 48858 1
15 81 48860 0
79 33 48919 1
51 100 48937 0
76 98 48961 0
24 92 48997 0
19 66 49163 1
93 46 49202 1
89 43 49214 1
64 101 49218 0
21 66 49236 1
79 32 49261 1
59 100 49325 0
91 43 49410 1
41 94 49424 0
100 57 49477 1
80 35 49481 1
19 94 49484 0
43 95 49511 0
81 35 49518 1
73 30 49591 1
73 70 49605 0
41 89 49637 0
85 40 49704 1
80 32 49712 1
15 82 49777 0
41 85 49817 0
16 75 49865 0
101 97 49900 0
101 57 49900 1
55 42 49965 1
75 29 50000 1
75 66 50036 0
101 65 50040 1
95 48 50047 1
101 59 50065 1
99 70 50082 1
54 102 50096 0
20 66 50139 1
46 52 50199 1
60 75 50207 1
101 60 50240 1
71 17 50318 1
84 39 50432 1
16 74 50457 0
98 53 50461 1
47 52 50507 1
36 58 50517 1
99 56 50525 1
16 92 50542 0
100 59 50559 1
15 85 50575 0
100 63 50575 1
18 93 50583 0
78 31 50592 1
96 47 50627 1
51 101 50637 0
62 38 50641 1
46 98 50658 0
84 40 50685 1
65 99 50690 0
96 49 50693 1
50 99 50752 0
99 53 50768 1
87 42 50796 1
27 64 50885 1
112 6 50910 1
109 68 50914 1
62 100 50963 0
39 59 50981 1
39 82 50987 0
79 31 51010 1
46 53 51031 1
21 65 51078 1
15 78 51161 0
69 65 51203 1
57 102 51212 0
15 79 51213 0
18 92 51350 0
79 95 51362 0
66 99 51530 0
40 86 51550 0
86 41 51602 1
23 98 51645 0
15 91 51656 0
98 50 51660 1
52 101 51664 0
59 75 51679 0
59 40 51679 1
64 100 51689 0
15 71 51707 0
47 98 51721 0
16 87 51770 0
66 101 51850 0
40 91 51886 0
60 100 51895 0
41 83 51910 0
83 41 51915 1
34 60 51934 1
17 73 51962 0
48 100 52037 0
51 100 52109 0
65 68 52175 0
16 71 52296 0
49 100 52365 0
92 46 52478 1
44 96 52489 0
71 30 52578 1
37 97 52621 0
40 90 52775 0
26 65 52825 1
22 66 52835 1
92 82 52846 1
43 96 52909 0
61 77 52935 1
16 68 52943 0
46 97 52990 0
88 40 53194 1
63 79 53364 1
82 95 53395 0
16 72 53407 0
74 64 53421 0
46 99 53601 0
58 101 53616 0
97 50 53758 1
15 75 53759 0
18 67 53761 1
42 86 53766 0
15 81 53773 0
41 91 53787 0
80 36 53806 1
53 119 53826 0
15 80 53925 0
39 57 53934 1
25 65 54031 1
77 30 54093 1
52 102 54101 0
21 91 54107 0
15 73 54153 0
15 84 54178 0
49 50 54370 0
86 40 54409 1
100 66 54439 1
38 58 54524 1
76 30 54540 1
82 36 54541 1
23 65 54552 1
42 100 54552 0
42 91 54552 0
42 90 54758 0
83 93 54811 0
100 64 54842 1
83 39 54846 1
97 73 54879 1
85 41 54941 1
95 49 54968 1
15 92 55035 0
78 98 55042 0
57 101 55088 0
47 100 55113 0
97 51 55204 1
35 59 55220 1
38 83 55294 0
95 75 55390 0
16 74 55449 0
98 73 55486 1
41 83 55527 0
52 99 55528 0
81 94 55560 0
74 30 55592 1
97 74 55596 0
47 101 55721 0
50 99 55739 0
32 88 55776 0
42 94 55793 0
38 84 55830 0
61 74 55904 0
45 97 55908 0
74 68 55931 0
15 77 55963 0
98 71 56003 1
72 64 56062 0
45 96 56165 0
16 82 56223 0
15 72 56310 0
81 36 56351 1
41 90 56416 0
63 99 56500 0
20 92 56524 0
51 101 56555 0
17 68 56675 0
45 101 56754 0
48 103 56804 0
62 78 56806 1
55 102 56822 0
32 104 56856 0
41 84 56868 0
23 66 56924 1
15 82 56948 0
33 88 56957 0
17 92 56964 0
94 47 56971 1
87 41 57032 1
56 100 57100 0
16 90 57142 0
67 33 57159 1
81 38 57161 1
51 100 57212 0
65 99 57227 0
68 33 57228 1
101 61 57244 1
100 45 57255 1
64 70 57378 0
67 99 57532 0
102 57 57583 1
73 69 57653 0
16 89 57771 0
50 49 57788 0
78 32 57829 1
25 91 57885 0
49 100 57897 0
16 83 57922 0
37 87 57951 0
15 80 57995 0
71 98 57996 0
20 93 58048 0
21 95 58049 0
38 101 58161 0
47 97 58163 0
93 80 58168 1
73 67 58190 0
49 103 58204 0
73 64 58254 0
3 86 58419 0
41 87 58465 0
37 92 58470 0
52 100 58496 0
54 102 58497 0
16 91 58514 0
16 69 58516 0
98 52 58543 1
36 59 58550 1
61 79 58686 1
87 89 58702 0
40 82 58712 0
40 83 58793 0
94 46 58869 1
18 94 59006 0
59 100 59080 0
19 92 59112 0
58 101 59130 0
75 99 59133 0
74 64 59202 0
75 66 59228 0
16 72 59276 0
100 53 59331 1
73 70 59357 0
27 89 59542 0
19 93 59581 0
94 79 59674 1
73 68 59825 0
18 66 59835 1
11 89 59874 0
50 48 60282 0
57 114 60327 0
22 92 60334 0
41 83 60423 0
45 95 60533 0
48 99 60571 0
28 91 60587 0
74 98 60653 0
73 99 60935 0
59 101 60948 0
80 34 61006 1
48 51 61073 1
64 35 61090 1
16 90 61104 0
63 99 61150 0
20 92 61181 0
40 90 61223 0
44 97 61259 0
77 96 61356 0
41 93 61404 0
69 100 61465 0
17 91 61479 0
17 93 61483 0
62 79 61542 1
23 29 61546 0
45 100 61568 0
41 99 61575 0
53 101 61596 0
29 90 61599 0
16 89 61701 0
71 65 61721 0
15 86 61730 0
16 70 61735 0
105 97 61758 0
52 33 61801 0
36 60 61874 1
16 75 61926 0
50 99 61928 0
47 98 61965 0
89 6 61974 0
16 93 62027 0
20 91 62075 0
15 80 62147 0
51 101 62223 0
76 97 62265 0
92 45 62335 1
70 65 62337 0
20 65 62475 1
16 91 62491 0
67 99 62501 0
68 100 62517 0
74 66 62632 0
40 82 62737 0
63 78 62751 1
70 74 62851 0
72 72 63138 0
94 80 63268 1
34 40 63283 1
16 73 63342 0
109 68 63359 1
90 84 63685 1
78 30 63751 1
16 74 63786 0
101 64 64050 1
88 42 64061 1
101 55 64086 1
100 68 64170 1
100 62 64398 1
41 92 64408 0
80 95 64409 0
40 83 64440 0
82 37 64583 1
41 96 64634 0
14 48 64665 0
22 93 64796 0
81 96 64869 0
27 65 64869 1
96 75 64895 1
32 89 64955 0
100 67 64995 1
43 54 65063 1
83 37 65067 1
43 98 65305 0
98 51 65309 1
5 91 65382 0
50 101 65426 0
70 30 65469 1
16 72 65638 0
9 78 65702 0
74 63 65808 0
58 40 65825 1
73 98 65831 0
40 89 65894 0
34 87 65917 0
48 99 65962 0
44 95 66004 0
16 90 66043 0
81 34 66076 1
42 109 66126 0
62 71 66237 1
78 95 66285 0
49 99 66298 0
79 32 66517 1
55 101 66567 0
46 99 66679 0
38 83 66757 0
16 89 66768 0
68 6 66877 0
39 82 66886 0
53 101 66904 0
90 44 66913 1
61 100 66936 0
29 88 66956 0
96 76 66960 1
57 105 67019 0
17 89 67029 0
46 102 67097 0
39 81 67153 0
16 91 67167 0
62 102 67355 0
53 99 67576 0
96 48 67785 1
24 65 67923 1
81 35 67947 1
95 75 68028 0
33 60 68048 1
56 101 68280 0
101 59 68292 1
12 77 68312 0
95 48 68314 1
61 76 68682 1
92 44 68762 1
80 33 68776 1
75 30 68845 1
82 38 68879 1
91 44 68884 1
93 46 68924 1
99 53 68931 1
16 73 68958 0
99 54 68958 1
109 45 69039 1
15 81 69042 0
89 43 69128 1
67 99 69168 0
85 25 69184 1
83 38 69199 1
49 100 69262 0
65 69 69293 0
41 89 69351 0
75 64 69417 0
15 80 69436 0
79 31 69507 1
78 31 69530 1
100 56 69543 1
109 45 69552 0
79 30 69620 1
53 100 69686 0
93 100 69695 0
93 45 69695 1
92 43 69706 1
68 99 69785 0
98 70 69785 1
72 30 69788 1
73 30 69819 1
61 78 69926 1
61 75 70009 1
100 54 70018 1
72 71 70039 0
60 100 70042 0
101 62 70045 1
46 97 70057 0
84 40 70071 1
65 79 70120 1
76 30 70120 1
77 31 70200 1
73 98 70222 0
74 66 70257 0
43 92 70267 0
78 29 70278 1
55 101 70321 0
85 40 70427 1
44 95 70467 0
69 65 70498 1
75 29 70514 1
49 99 70548 0
90 43 70559 1
41 92 70581 0
99 51 70641 1
100 55 70664 1
89 42 70667 1
43 95 70668 0
80 95 70672 0
101 58 70680 1
85 42 70726 1
87 42 70776 1
43 94 70861 0
44 96 70871 0
74 98 70891 0
22 93 70945 0
101 63 70961 1
91 83 70970 0
64 79 70995 1
100 52 71005 1
78 96 71074 0
59 75 71098 1
76 29 71122 1
57 100 71192 0
82 35 71245 1
80 34 71264 1
73 29 71266 1
40 83 71281 0
62 73 71309 1
93 44 71321 1
81 37 71326 1
70 99 71367 0
94 46 71375 1
95 46 71419 1
42 86 71445 0
56 100 71450 0
71 64 71457 0
101 59 71531 1
63 99 71531 0
42 90 71598 0
42 91 71706 0
58 101 71715 0
17 73 71721 0
87 96 71776 1
97 49 71778 1
40 82 71778 0
33 86 71834 0
51 101 71843 0
95 47 71885 1
48 99 71933 0
20 92 71933 0
84 38 71942 1
66 100 71970 0
77 30 71976 1
101 56 72009 1
73 62 72011 0
93 47 72054 1
16 83 72096 0
84 39 72099 1
16 82 72154 0
81 35 72157 1
74 29 72184 1
102 60 72185 1
98 53 72277 1
78 95 72277 0
61 77 72310 1
41 56 72320 1
97 76 72327 1
95 49 72328 1
88 38 72337 1
63 79 72351 1
35 60 72410 1
88 42 72410 1
81 34 72456 1
74 63 72473 0
85 41 72529 1
56 101 72536 0
47 97 72588 0
45 96 72604 0
16 87 72658 0
55 100 72689 0
31 61 72724 1
101 60 72741 1
32 87 72746 0
41 83 72794 0
67 67 72807 0
40 57 72819 1
75 28 72857 1
102 58 72869 1
22 65 72887 1
86 41 72950 1
9 115 72966 1
53 101 73017 0
83 39 73021 1
32 60 73031 1
63 71 73053 1
60 39 73097 1
30 88 73153 0
83 37 73242 1
18 76 73252 1
18 92 73252 0
89 86 73262 1
23 92 73297 0
52 100 73344 0
16 91 73372 0
16 90 73380 0
82 38 73393 1
70 64 73408 0
64 80 73429 1
42 95 73504 0
19 67 73513 1
45 52 73543 1
45 94 73546 0
81 36 73610 1
41 85 73617 0
41 57 73640 1
83 92 73757 0
97 50 73789 1
90 44 73850 1
100 53 73885 1
26 64 73895 1
91 43 73973 1
34 61 74031 1
23 65 74125 1
16 73 74180 0
17 89 74180 0
79 32 74191 1
42 98 74204 0
96 50 74216 1
15 76 74241 0
55 101 74244 0
74 64 74272 0
15 87 74343 0
25 92 74356 0
28 89 74367 0
52 99 74440 0
60 75 74442 1
50 99 74488 0
66 99 74536 0
98 50 74576 1
93 46 74614 1
25 67 74655 1
16 89 74703 0
80 33 74789 1
87 96 74847 0
44 95 74870 0
64 100 74925 0
100 65 74983 1
71 99 74990 0
96 48 75007 1
21 66 75086 1
39 84 75111 0
17 92 75186 0
17 88 75208 1
44 53 75220 1
89 87 75220 1
61 75 75289 1
76 97 75320 0
49 99 75331 0
82 36 75372 1
43 94 75390 0
47 99 75419 0
23 91 75537 0
33 87 75864 0
45 95 75880 0
47 98 75974 0
41 84 76028 0
31 87 76049 0
28 90 76071 0
41 87 76114 0
39 98 76294 0
76 30 76300 1
74 99 76370 0
23 104 76399 0
16 72 76404 0
70 100 76450 0
51 100 76475 0
41 90 76535 0
46 52 76609 1
48 98 76640 0
31 89 76646 0
22 93 76695 0
40 56 76718 1
77 95 76771 0
45 98 76798 0
64 79 76908 1
40 104 76913 0
59 100 76917 0
46 97 76955 0
50 114 77028 0
56 101 77046 0
77 98 77051 0
71 73 77070 0
60 101 77104 0
92 44 77117 1
53 100 77149 0
27 91 77166 0
67 99 77172 0
41 92 77246 0
24 65 77398 1
38 57 77418 1
15 88 77482 0
80 32 77551 1
73 98 77561 0
70 65 77572 0
102 54 77601 1
67 68 77673 0
79 31 77726 1
62 77 77761 1
99 53 78089 1
71 98 78308 0
109 45 78432 1
61 78 78484 1
53 102 78499 0
15 82 78631 0
109 45 78744 0
15 90 78772 0
25 65 78790 1
55 100 78805 0
30 62 78824 1
16 77 78828 0
78 30 79104 1
55 101 79216 0
100 54 79244 1
75 65 79267 0
42 94 79283 0
16 74 79325 0
14 92 79341 0
35 86 79392 0
37 104 79450 0
23 45 79501 0
90 42 79511 1
67 100 79590 0
19 94 79604 0
79 95 79651 0
12 52 79654 0
81 95 79690 0
59 39 79802 1
48 98 79981 0
72 98 79995 0
16 75 80118 0
65 69 80136 0
71 100 80152 0
74 66 80218 0
40 82 80297 0
35 85 80306 0
98 51 80390 1
51 102 80529 0
18 93 80551 0
101 57 80596 1
93 45 80610 1
64 98 80702 0
44 96 80951 0
101 54 81041 1
46 101 81144 0
89 43 81165 1
102 59 81272 1
39 95 81304 0
80 95 81357 0
19 92 81375 0
54 102 81404 0
101 59 81493 1
42 55 81496 1
101 65 81505 1
71 70 81528 0
72 29 81594 1
80 34 81686 1
81 33 81754 1
83 38 81790 1
83 36 81810 1
87 41 81828 1
87 40 81860 1
21 91 81991 0
16 91 82002 0
91 44 82021 1
60 100 82046 0
81 35 82056 1
75 64 82083 0
102 29 82090 1
102 61 82090 1
62 73 82188 1
89 42 82240 1
81 94 82322 0
81 34 82357 1
16 73 82359 0
68 33 82388 1
84 40 82447 1
97 49 82457 1
90 43 82545 1
100 52 82610 1
49 100 82629 0
0 0 82654 0
87 42 82662 1
101 62 82662 1
85 40 82708 1
85 39 82716 1
16 77 82770 0
97 48 82792 1
98 73 82821 1
95 47 82824 1
48 99 82891 0
44 95 82897 0
77 30 82946 1
70 32 82953 1
99 50 82971 1
57 100 83091 0
52 99 83095 0
41 88 83098 0
94 46 83114 1
101 66 83140 1
88 42 83275 1
89 39 83309 1
15 88 83323 0
39 83 83347 0
23 93 83375 0
22 94 83492 0
22 93 83496 0
43 95 83535 0
56 101 83542 0
53 101 83551 0
101 58 83564 1
86 40 83575 1
61 75 83582 1
76 29 83605 1
77 29 83614 1
99 51 83705 1
82 35 83752 1
80 33 83764 1
62 76 83789 1
16 90 83792 0
46 98 83810 0
62 100 83817 0
43 92 83819 0
65 78 83820 1
100 55 83826 1
37 34 83844 0
63 78 83854 1
47 97 83855 0
99 52 83865 1
100 68 83945 1
101 61 83963 1
64 79 83969 1
58 39 84043 1
16 82 84063 0
61 76 84081 1
56 100 84109 0
101 55 84150 1
16 83 84162 0
115 59 84169 1
99 71 84183 1
81 93 84184 0
25 91 84189 0
74 98 84211 0
100 53 84221 1
67 67 84252 0
49 51 84257 1
43 94 84263 0
34 60 84278 1
95 48 84310 1
57 101 84352 0
30 87 84382 0
52 100 84405 0
69 97 84429 0
17 91 84452 0
65 99 84509 0
22 92 84533 0
17 89 84547 0
16 84 84551 0
75 65 84604 0
84 38 84648 1
72 98 84673 0
94 44 84711 1
73 30 84761 1
106 55 84775 1
64 78 84778 1
101 63 84847 1
48 98 84864 0
17 72 84874 0
45 97 84877 0
37 58 84884 1
23 64 84885 1
41 89 84901 0
19 90 84930 0
21 65 84979 1
91 42 85051 1
101 56 85082 1
98 50 85086 1
15 80 85106 0
62 78 85126 1
16 60 85127 1
16 87 85127 0
17 69 85199 0
79 32 85199 1
27 90 85225 0
19 93 85226 0
41 83 85258 0
40 83 85270 0
97 74 85271 1
69 65 85331 1
80 31 85342 1
74 63 85353 0
83 38 85386 1
49 99 85395 0
89 42 85395 1
42 91 85408 0
100 56 85448 1
94 45 85450 1
84 39 85466 1
42 86 85499 0
52 99 85503 0
48 51 85550 1
98 72 85590 1
24 92 85599 0
78 95 85650 0
47 96 85731 0
96 47 85741 1
60 100 85796 0
92 44 85803 1
16 71 85952 0
18 92 85966 0
42 90 85972 0
92 43 85975 1
45 95 86016 0
75 66 86018 0
78 31 86032 1
55 101 86034 0
82 37 86049 1
76 30 86082 1
84 93 86087 0
50 99 86109 0
71 98 86149 0
61 77 86152 1
73 29 86255 1
16 80 86336 0
74 28 86450 1
81 35 86474 1
45 96 86515 0
100 54 86531 1
80 32 86542 1
41 91 86580 0
65 79 86638 1
82 34 86644 1
83 37 86657 1
20 93 86664 0
79 30 86675 1
16 77 86745 0
85 41 86777 1
39 82 86821 0
45 55 86879 1
55 100 86934 0
53 100 86934 0
75 29 86972 1
20 91 86984 0
61 75 87096 1
79 31 87111 1
26 65 87163 1
50 111 87224 0
20 92 87255 0
33 86 87304 0
81 34 87317 1
40 84 87390 0
12 82 87435 0
16 83 87457 0
41 85 87489 0
78 30 87494 1
53 99 87549 0
84 37 87554 1
40 82 87562 0
9 85 87587 0
13 78 87603 0
71 29 87630 1
41 86 87656 0
40 87 87658 0
43 56 87759 1
32 61 87766 1
73 62 87820 0
16 84 87852 0
17 76 87886 0
27 89 87951 0
68 98 87951 0
17 68 88010 0
64 98 88067 0
30 61 88070 1
93 43 88087 1
93 44 88252 1
28 89 88343 0
91 43 88369 1
47 98 88416 0
84 92 88479 0
57 100 88533 0
23 65 88569 1
41 92 88662 0
73 97 88719 0
72 64 88823 0
66 34 88884 1
41 95 88895 0
81 33 88928 1
28 65 88984 1
66 33 88992 1
41 88 89013 0
17 88 89073 0
64 79 89176 1
28 64 89208 1
24 65 89327 1
18 69 89524 0
35 91 89557 0
85 40 89559 1
95 75 89559 1
16 78 89583 0
27 64 89730 1
97 49 89753 1
78 29 89832 1
76 29 89858 1
82 33 89882 1
16 80 90036 0
22 65 90130 1
95 46 90200 1
77 28 90204 1
24 64 90225 1
72 28 90347 1
104 118 90390 1
93 46 90466 1
46 96 90549 0
76 97 90555 0
22 93 90598 0
88 39 90632 1
15 88 90719 0
16 89 90764 0
80 33 90772 1
101 57 90805 1
23 91 90824 0
87 42 90923 1
16 79 90964 0
17 78 91012 0
16 84 91206 0
15 89 91254 0
16 72 91257 0
15 81 91349 0
98 49 91638 1
16 77 91721 0
20 65 91843 1
16 81 91865 0
97 75 91867 1
96 48 91887 1
64 99 92137 0
47 51 92142 1
41 86 92166 0
13 75 92171 0
48 98 92188 0
42 92 92371 0
16 74 92390 0
93 45 92494 1
42 87 92641 0
67 33 92653 1
74 30 92676 1
95 47 92693 1
86 41 92792 1
66 69 92820 0
82 36 92832 1
67 99 92841 0
37 60 93005 1
66 78 93051 1
102 59 93051 1
88 42 93124 1
73 28 93190 1
94 46 93192 1
68 98 93320 0
61 78 93343 1
46 96 93419 0
102 58 93456 1
69 32 93468 1
17 88 93546 0
39 98 93601 0
82 38 93662 1
31 61 93686 1
41 87 93710 0
50 98 93743 1
100 53 93748 1
16 78 93800 0
39 56 93856 1
68 33 93865 1
101 64 93872 1
15 78 94208 0
37 89 94212 0
13 91 94218 0
25 65 94262 1
82 35 94268 1
16 82 94282 0
57 104 94297 0
47 53 94298 1
19 49 94307 0
72 98 94408 0
75 64 94469 0
101 67 94491 1
89 42 94533 1
86 40 94543 1
101 58 94698 1
16 80 94718 0
100 52 94743 1
44 96 94834 0
98 50 94897 1
83 38 94910 1
16 79 94923 0
9 78 94927 0
83 36 94951 1
75 63 94983 0
14 87 95028 0
99 68 95048 1
97 74 95156 1
52 102 95181 0
84 40 95218 1
91 44 95364 1
17 89 95493 0
13 83 95494 0
88 41 95518 1
102 60 95521 1
75 65 95561 0
84 38 95572 1
44 95 95583 0
60 100 95585 0
71 97 95603 0
17 92 95604 0
16 81 95639 0
61 101 95718 0
24 93 95731 0
70 99 95734 0
75 97 95760 0
73 98 95773 0
43 94 95781 0
101 62 95791 1
47 97 95797 0
65 68 95810 0
52 99 95832 0
40 81 95838 1
67 67 95882 0
35 60 95884 1
58 101 95889 0
13 77 95893 0
43 96 95896 0
8 91 95901 0
72 101 95912 0
97 48 95955 1
69 98 95964 0
32 0 96012 0
51 99 96044 0
90 43 96045 1
81 34 96046 1
81 94 96046 0
14 83 96053 0
48 102 96064 0
41 84 96077 0
54 99 96130 0
72 99 96156 0
97 49 96162 1
90 44 96178 1
100 51 96222 1
83 35 96242 1
72 71 96264 0
85 39 96285 1
101 61 96303 1
63 78 96346 1
45 94 96365 0
87 41 96367 1
43 92 96377 0
74 67 96384 0
80 32 96400 1
99 50 96403 1
39 81 96421 0
16 84 96435 0
74 68 96466 0
63 99 96491 0
92 44 96527 1
59 40 96593 1
16 86 96614 0
95 47 96630 1
52 47 96708 0
90 42 96725 1
41 88 96726 0
37 57 96754 1
41 86 96773 0
71 98 96807 0
102 62 96827 1
16 73 96837 0
47 96 96875 0
46 96 96887 0
101 65 96922 1
82 94 96940 0
34 85 96967 0
42 92 96982 0
80 30 96995 1
64 78 97002 1
89 42 97016 1
75 29 97038 1
16 87 97064 0
95 75 97068 1
62 77 97085 1
35 59 97097 1
63 77 97106 1
61 75 97127 1
100 53 97137 1
80 31 97166 1
40 85 97206 0
78 28 97235 1
79 30 97291 1
79 28 97315 1
101 55 97348 1
76 29 97427 1
45 54 97489 1
99 70 97515 1
94 46 97522 1
99 52 97551 1
101 53 97558 1
53 100 97574 0
45 95 97619 0
99 53 97633 1
43 55 97652 1
17 72 97655 0
16 75 97663 0
21 91 97705 0
52 99 97772 0
57 100 97795 0
98 48 97799 1
69 97 97802 0
16 78 97808 0
56 100 97819 0
21 93 97851 0
102 58 97854 1
41 56 97855 1
85 40 97883 1
100 55 97888 1
64 99 97918 0
97 47 97946 1
78 30 97968 1
25 64 97996 1
67 97 98011 0
94 79 98026 1
68 98 98034 0
45 93 98042 0
100 54 98064 1
17 91 98083 0
42 90 98096 0
68 32 98112 1
102 56 98150 1
49 49 98260 0
42 87 98286 0
30 88 98303 0
62 76 98336 1
61 100 98353 0
50 99 98356 0
17 90 98420 0
102 61 98520 1
19 92 98522 0
32 53 98536 1
87 40 98550 1
42 86 98585 0
75 63 98607 0
97 76 98620 1
40 90 98656 0
17 83 98688 0
61 76 98691 1
64 98 98706 0
101 57 98726 1
51 99 98788 0
60 38 98842 1
55 100 98861 0
84 38 98912 1
16 79 98940 0
17 71 98973 0
101 63 98977 1
20 66 98985 1
68 99 99064 0
42 84 99076 0
80 95 99095 0
45 96 99103 0
69 30 99155 1
18 72 99168 0
86 40 99192 1
17 73 99194 0
101 56 99195 1
17 88 99204 0
92 42 99206 1
74 29 99232 1
16 81 99341 0
36 59 99417 1
75 64 99426 0
41 83 99429 0
83 36 99438 1
19 90 99453 0
66 98 99462 0
40 58 99471 1
23 92 99515 0
22 93 99526 0
62 101 99535 0
96 48 99539 1
42 91 99548 0
29 89 99562 0
43 92 99597 0
50 104 99603 0
78 95 99628 0
96 47 99629 1
6 99 99633 0
83 38 99652 1
76 98 99658 0
26 64 99686 1
41 94 99686 0
93 44 99687 1
62 75 99716 1
101 58 99730 1
79 32 99762 1
17 69 99765 0
97 73 99791 1
85 38 99794 1
85 35 99823 1
98 49 99850 1
53 99 99887 0
81 33 99919 1
88 54 99979 1
88 42 99979 1
74 63 100047 0
16 86 100076 0
92 43 100092 1
20 91 100146 0
69 98 100193 0
16 77 100202 0
100 52 100258 1
21 65 100286 1
50 49 100339 0
71 101 100344 0
99 69 100360 1
59 101 100364 0
47 97 100383 0
16 88 100413 0
102 59 100473 1
48 98 100474 0
95 45 100488 1
16 83 100563 0
72 98 100564 0
91 43 100584 1
48 99 100616 0
25 91 100660 0
74 64 100815 0
16 80 100832 0
43 95 100956 0
84 92 100971 0
98 72 100973 1
41 86 101007 0
43 86 101016 0
35 36 101037 0
89 42 101060 1
95 46 101089 1
75 98 101189 0
53 98 101231 0
83 31 101242 1
82 34 101379 1
33 86 101475 0
17 99 101543 0
41 90 101544 0
35 85 101555 0
52 99 101557 0
46 97 101575 0
46 96 101575 0
32 60 101619 1
42 92 101644 0
42 88 101645 0
71 63 101656 0
77 97 101691 0
23 91 101701 0
25 104 101704 0
32 87 101757 0
15 85 101772 0
51 99 101813 0
95 47 101928 1
64 78 101929 1
46 52 101946 1
26 89 101969 0
72 29 101976 1
16 78 101984 0
47 96 102028 0
15 88 102068 0
101 52 102176 1
30 87 102181 0
42 97 102206 0
73 97 102320 0
16 84 102334 0
74 61 102347 0
87 42 102382 1
26 91 102423 0
17 78 102434 0
70 98 102534 0
46 99 102591 0
66 68 102608 0
68 101 102629 0
97 49 102672 1
40 82 102679 0
23 64 102684 1
18 92 102736 0
42 84 102737 0
20 93 102739 0
17 76 102771 0
17 90 102796 0
49 99 102825 0
16 82 102846 0
59 100 102864 0
98 50 102865 1
40 56 102865 1
81 34 102901 1
43 97 102988 0
12 85 103020 0
101 64 103053 1
41 55 103077 1
99 50 103079 1
73 29 103144 1
24 65 103149 1
56 101 103154 0
56 102 103192 0
20 94 103224 0
16 91 103235 0
14 88 103264 0
74 98 103276 0
15 84 103313 0
71 102 103321 0
16 86 103325 0
67 32 103328 1
68 98 103346 0
71 67 103361 0
40 92 103431 0
66 98 103450 0
16 81 103484 0
41 98 103513 0
32 92 103588 0
21 91 103726 0
94 45 103739 1
42 94 103741 0
51 40 103762 0
81 93 103768 0
40 93 103772 0
53 112 103781 0
63 78 103782 1
22 92 103790 0
55 101 103859 0
46 100 103921 0
49 64 103949 1
102 60 104141 1
15 75 104159 0
82 35 104164 1
78 29 104182 1
19 66 104244 1
45 95 104289 0
35 106 104291 0
25 92 104293 0
79 31 104355 1
46 116 104357 0
89 43 104358 1
17 89 104361 0
93 80 104458 0
76 29 104459 1
72 99 104475 0
16 79 104499 0
15 81 104577 0
20 97 104582 0
16 88 104678 0
62 100 104722 0
63 117 104773 0
85 41 104777 1
12 91 104778 0
17 71 104873 0
74 66 104874 0
14 78 104938 0
77 29 104950 1
64 99 104966 0
51 101 105009 0
79 96 105032 0
29 93 105034 0
40 94 105062 0
67 102 105069 0
50 102 105096 0
21 94 105107 0
42 87 105151 0
6 83 105159 0
10 20 105190 0
17 70 105242 0
53 56 105250 1
61 74 105251 1
52 100 105373 0
67 98 105392 0
41 89 105396 0
45 111 105426 0
28 41 105437 0
48 100 105455 0
14 94 105456 0
65 101 105461 0
19 92 105467 0
72 70 105477 0
71 73 105491 0
9 90 105527 0
7 105 105534 0
3 85 105545 0
61 111 105549 0
100 53 105566 1
17 26 105598 0
78 96 105607 0
34 86 105649 0
34 60 105739 1
41 86 105811 0
51 99 105901 0
3 98 105909 0
75 28 105936 1
63 101 105954 0
99 52 106213 1
69 37 106227 0
17 72 106282 0
43 94 106289 0
21 93 106391 0
41 85 106561 0
70 98 106593 0
23 94 106624 0
69 98 106740 0
14 82 106743 0
42 88 106814 0
85 91 106856 0
16 87 106899 0
17 88 106957 0
39 98 106962 0
60 100 107067 0
75 63 107096 0
57 99 107288 0
17 90 107318 0
31 91 107443 0
82 36 107454 1
67 97 107462 0
14 85 107486 0
16 78 107539 0
80 94 107554 0
22 64 107606 1
31 60 107644 1
16 86 107649 0
40 81 107772 0
14 84 107807 0
97 48 107912 1
39 91 107935 0
52 103 107979 0
44 53 108023 1
66 98 108097 0
109 45 108116 1
19 91 108289 0
109 45 108296 0
102 55 108320 1
79 29 108330 1
16 88 108343 0
67 98 108384 0
79 30 108408 1
44 96 108456 0
47 95 108486 0
102 53 108491 1
64 70 108533 1
94 46 108628 1
81 35 108686 1
16 92 108784 0
53 104 108937 0
44 99 108937 0
39 92 108964 0
42 84 108988 0
42 92 109001 0
5 85 109058 0
51 49 109113 0
43 100 109165 0
21 66 109207 1
74 14 109368 0
15 74 109382 0
51 113 109551 0
91 44 109625 1
51 45 109984 0
74 14 109988 1
11 90 110078 0
57 100 110121 0
61 77 110154 1
19 95 110276 0
73 69 110352 0
34 87 110452 0
102 63 110473 1
76 28 110684 1
45 94 110749 0
88 41 110780 1
66 68 110847 0
81 94 110867 0
70 98 110891 0
40 81 111171 0
28 89 111180 0
23 65 111206 1
62 99 111315 0
38 88 111330 0
17 77 111337 0
51 100 111399 0
53 45 111427 0
16 75 111444 0
44 95 111454 0
67 98 111568 0
69 101 111570 0
39 81 111581 0
93 81 111584 1
71 63 111658 0
16 88 111761 0
19 91 111847 0
50 98 111864 0
60 39 111981 1
65 37 111993 0
101 51 112059 1
33 60 112262 1
90 42 112287 1
24 64 112472 1
74 68 112476 0
25 65 112590 1
16 80 112618 0
84 91 112625 0
97 74 112674 1
96 46 112700 1
42 56 112780 1
35 86 113358 0
102 57 113401 1
16 81 113481 0
62 77 113505 1
75 29 113626 1
84 37 113722 1
101 66 113741 1
37 58 113889 1
16 86 113976 0
25 64 114075 1
54 101 114132 0
62 76 114168 1
58 100 114177 0
80 94 114219 0
17 70 114281 0
45 93 114288 0
78 30 114439 1
85 39 114440 1
81 31 114621 1
74 28 114645 1
18 68 114651 0
39 57 114671 1
22 65 114783 1
102 58 114827 1
101 61 114902 1
61 75 114933 1
69 75 114983 1
16 79 114998 0
82 30 115001 1
17 77 115021 0
14 90 115039 0
93 39 115051 1
74 97 115104 0
64 79 115166 1
29 91 115185 0
17 67 115208 0
10 87 115248 0
28 90 115276 0
99 51 115300 1
43 91 115345 0
80 31 115416 1
84 38 115473 1
16 88 115525 0
75 26 115627 1
20 94 115659 0
65 78 115680 1
82 33 115757 1
69 76 115765 1
48 97 115856 0
19 91 115877 0
20 91 115922 0
17 68 115960 0
40 81 116007 0
64 78 116089 1
29 90 116167 0
50 98 116224 0
72 30 116244 1
27 64 116258 1
42 82 116324 0
27 63 116443 1
65 35 116541 1
87 89 116603 1
35 58 116605 1
67 98 116808 0
17 90 117079 0
56 102 117104 0
109 45 117338 1
16 74 117438 0
109 45 117450 0
41 86 117493 0
62 99 117655 0
72 99 117930 0
36 58 118167 1
81 32 118395 1
74 65 118400 0
21 93 118443 0
93 43 118493 1
81 25 118728 1
44 52 118954 1
91 42 119028 1
66 98 119038 0
76 65 119048 0
16 88 119185 0
97 75 119413 1
94 80 119433 1
76 96 119452 0
80 30 119578 1
71 30 119626 1
100 67 119663 1
101 57 119754 1
95 42 119889 1
93 27 119980 1
41 82 120000 0
102 59 120067 1
89 42 120210 1
99 70 120271 1
46 51 120295 1
18 91 120311 0
98 49 120347 1
93 42 120348 1
74 97 120380 0
94 44 120485 1
42 88 120575 0
96 47 120604 1
58 100 120706 0
101 55 120707 1
44 93 120795 0
102 58 120802 1
71 31 120899 1
87 41 120950 1
48 97 120959 0
21 92 120960 0
101 62 121016 1
96 48 121031 1
100 66 121040 1
100 52 121069 1
101 58 121107 1
83 37 121138 1
42 85 121203 0
102 62 121229 1
93 44 121259 1
99 52 121312 1
16 78 121339 0
85 40 121339 1
101 60 121384 1
81 33 121384 1
39 97 121385 0
40 88 121393 0
43 91 121401 0
18 72 121496 0
73 68 121512 0
101 65 121526 1
82 34 121532 1
83 36 121557 1
91 43 121732 1
65 79 121736 1
92 43 121742 1
95 46 121761 1
99 51 121827 1
101 53 121896 1
87 39 121996 1
86 40 122002 1
50 98 122033 0
83 35 122082 1
42 82 122111 0
73 62 122146 0
43 89 122147 0
53 99 122182 0
87 40 122233 1
101 56 122233 1
18 87 122291 0
56 100 122327 0
80 29 122337 1
102 61 122349 1
102 58 122365 1
14 80 122414 0
69 97 122438 0
69 105 122446 0
96 47 122472 1
67 95 122499 0
67 67 122500 0
79 96 122505 0
76 29 122526 1
68 98 122543 0
9 84 122557 0
82 35 122596 1
89 41 122603 1
54 99 122604 0
17 75 122692 0
99 50 122760 1
62 75 122794 1
66 35 122801 1
84 38 122820 1
86 39 122828 1
11 76 122899 0
50 99 122929 0
91 42 122933 1
70 98 122957 0
99 72 122993 1
78 29 123051 1
54 101 123079 0
87 41 123099 1
52 98 123118 0
97 47 123119 1
43 92 123127 0
82 31 123132 1
16 69 123148 0
19 91 123149 0
47 96 123181 0
85 38 123181 1
75 68 123185 0
51 99 123199 0
77 29 123216 1
30 90 123236 0
93 43 123242 1
18 95 123242 0
42 86 123296 0
53 98 123299 0
55 100 123326 0
71 97 123327 0
42 90 123352 0
63 78 123354 1
85 39 123377 1
18 97 123388 0
88 40 123399 1
97 48 123418 1
102 54 123452 1
102 54 123452 1
101 66 123455 1
73 28 123457 1
95 78 123458 1
100 50 123490 1
102 52 123499 1
94 44 123506 1
63 77 123553 1
101 67 123606 1
98 31 123612 1
98 48 123612 1
100 52 123635 1
97 75 123704 1
93 122 123724 1
102 56 123729 1
83 37 123741 1
15 74 123785 0
95 45 123804 1
99 69 123808 1
17 33 123843 1
17 83 123844 0
99 52 123847 1
101 68 123849 1
91 39 123882 1
73 97 123906 0
98 47 123920 1
89 40 123942 1
67 97 123952 0
46 96 123968 0
79 30 123977 1
62 74 124014 1
20 92 124018 0
45 95 124039 0
82 33 124073 1
71 98 124098 0
89 42 124122 1
64 98 124130 0
74 63 124147 0
32 88 124152 0
16 88 124154 0
99 70 124205 1
84 30 124220 1
84 36 124221 1
80 31 124267 1
61 74 124268 1
76 28 124276 1
65 99 124300 0
83 34 124305 1
102 57 124306 1
57 99 124317 0
99 49 124341 1
96 47 124353 1
47 97 124370 0
99 51 124384 1
102 58 124428 1
72 63 124428 0
35 59 124430 1
62 76 124456 1
102 64 124461 1
59 39 124498 1
19 90 124515 0
101 59 124524 1
74 97 124559 0
54 99 124585 0
96 48 124586 1
95 46 124590 1
17 73 124603 0
33 59 124624 1
95 75 124625 1
48 97 124645 0
98 49 124669 1
16 84 124691 0
44 93 124711 0
67 106 124719 0
53 99 124725 0
68 32 124725 1
41 81 124730 0
17 77 124730 0
93 44 124775 1
65 78 124775 1
82 34 124814 1
53 100 124822 0
64 97 124836 0
64 99 124888 0
18 91 124900 0
34 59 124903 1
45 94 124915 0
23 64 124929 1
49 97 124935 0
17 71 124951 0
102 60 124965 1
33 86 125022 0
109 45 125026 1
72 98 125033 0
21 91 125033 0
63 99 125034 0
62 75 125043 1
47 95 125053 0
92 43 125097 1
43 86 125101 0
53 19 125106 1
42 54 125189 1
42 84 125201 0
32 53 125204 1
62 99 125206 0
41 82 125209 0
75 97 125228 0
23 91 125233 0
17 78 125242 0
47 52 125243 1
18 90 125255 0
42 82 125271 0
75 63 125271 0
41 88 125302 0
42 87 125303 0
75 66 125314 0
75 28 125318 1
51 47 125326 0
42 85 125368 0
77 28 125390 1
47 96 125429 0
26 64 125454 1
81 93 125490 0
18 69 125540 0
52 46 125568 0
83 98 125569 0
83 36 125569 1
43 92 125603 0
101 64 125629 1
62 98 125630 0
52 98 125673 0
65 68 125710 0
17 76 125716 0
109 45 125786 0
90 41 125802 1
45 53 125806 1
47 98 125816 0
58 99 125825 0
45 97 125828 0
77 29 125846 1
90 42 125846 1
28 64 125850 1
83 38 125850 1
86 40 125856 1
103 56 125894 1
43 84 125920 0
50 98 125940 0
96 46 125953 1
87 41 125969 1
31 87 126010 0
29 89 126027 0
93 43 126038 1
78 29 126046 1
99 71 126058 1
43 91 126071 0
59 100 126088 0
97 49 126100 1
97 36 126101 1
17 89 126193 0
61 38 126222 1
42 91 126233 0
52 99 126277 0
17 86 126300 0
50 99 126304 0
63 76 126325 1
79 29 126341 1
28 63 126354 1
21 64 126354 1
24 64 126356 1
47 51 126403 1
101 53 126427 1
84 38 126434 1
47 99 126448 0
64 70 126463 1
23 92 126463 0
84 37 126464 1
91 42 126504 1
36 97 126528 0
65 37 126535 1
45 96 126547 0
17 75 126549 0
97 46 126572 1
103 64 126604 1
19 89 126638 0
101 55 126661 1
24 91 126669 0
25 64 126696 1
17 72 126723 0
17 83 126753 0
74 61 126801 0
69 97 126830 0
63 98 126924 0
67 98 126944 0
22 64 126955 1
103 53 126978 1
100 68 127022 1
16 83 127026 0
18 87 127034 0
74 68 127037 0
17 69 127068 0
17 91 127084 0
40 81 127088 0
88 41 127094 1
58 100 127098 0
33 87 127118 0
82 32 127163 1
57 99 127164 0
101 52 127166 1
100 52 127180 1
63 78 127201 1
87 40 127209 1
62 73 127231 0
65 98 127283 0
54 99 127290 0
42 86 127306 0
5 43 127368 0
91 43 127374 1
88 42 127428 1
21 92 127430 0
16 77 127445 0
19 93 127453 0
41 87 127455 0
80 30 127560 1
33 97 127566 0
31 88 127569 0
74 28 127591 1
80 94 127601 0
62 74 127635 1
95 47 127657 1
94 46 127657 1
99 50 127663 1
98 74 127708 1
75 61 127728 0
81 33 127737 1
44 93 127814 0
106 55 127858 1
100 49 127860 1
96 45 127876 1
83 37 127911 1
97 47 127918 1
100 53 127974 1
48 97 127986 0
39 82 128102 0
85 38 128105 1
25 63 128126 1
76 65 128146 0
26 91 128147 0
85 39 128158 1
89 41 128191 1
49 97 128195 0
19 91 128214 0
42 88 128234 0
43 89 128238 0
45 93 128246 0
74 98 128252 0
17 77 128299 0
20 91 128307 0
102 65 128387 1
17 88 128394 0
34 85 128514 0
96 47 128539 1
17 84 128548 0
92 42 128551 1
80 33 128560 1
42 82 128582 0
99 52 128635 1
83 33 128686 1
68 98 128733 0
37 7 128740 1
41 81 128767 0
16 88 128797 0
73 62 128798 0
75 68 128801 0
18 91 128836 0
47 95 128860 0
16 86 128924 0
56 100 128934 0
63 77 128952 1
62 75 128979 1
101 65 128979 1
86 39 129016 1
18 72 129043 0
61 73 129049 0
18 90 129074 0
29 88 129089 0
81 31 129112 1
62 76 129133 1
102 55 129133 1
95 44 129160 1
17 73 129248 0
17 70 129259 0
52 98 129266 0
18 67 129338 0
21 65 129346 1
22 93 129359 0
47 96 129413 0
18 96 129441 0
53 99 129481 0
62 77 129482 1
101 63 129509 1
17 86 129534 0
24 65 129567 1
102 61 129570 1
98 48 129645 1
42 85 129730 0
23 64 129747 1
65 34 129843 1
102 58 129857 1
102 62 129944 1
21 91 129945 0
99 73 129999 1
48 96 130019 0
100 69 130053 1
82 34 130111 1
37 58 130181 1
17 75 130214 0
45 94 130279 0
66 68 130289 0
51 99 130296 0
17 85 130307 0
97 74 130320 1
82 33 130323 1
17 92 130379 0
96 41 130382 1
76 28 130419 1
58 99 130470 0
67 97 130473 0
19 90 130514 0
29 62 130547 1
36 85 130643 0
94 44 130659 1
17 76 130702 0
58 40 130703 1
20 92 130718 0
76 96 130883 0
97 75 130906 1
73 99 130927 0
49 99 131002 0
38 58 131005 1
100 70 131044 1
65 100 131048 0
53 98 131083 0
17 71 131157 0
79 30 131175 1
77 29 131202 1
29 63 131244 1
18 87 131387 0
43 93 131405 0
71 97 131437 0
72 63 131471 0
20 93 131539 0
91 41 131546 1
76 29 131550 1
99 51 131552 1
17 78 131678 0
85 40 131721 1
54 101 131775 0
78 29 131811 1
88 40 131837 1
34 60 131905 1
45 19 131933 1
44 93 131951 0
79 25 131955 1
102 57 131961 1
80 31 131970 1
16 85 132098 0
27 63 132109 1
116 106 132201 1
78 28 132235 1
41 82 132268 0
56 41 132278 1
95 45 132294 1
49 50 132329 1
64 97 132344 0
43 90 132387 0
84 91 132426 0
32 60 132449 1
84 35 132454 1
25 64 132482 1
17 84 132538 0
83 35 132563 1
24 91 132655 0
18 90 132725 0
24 64 132845 1
84 36 132846 1
94 43 132880 1
41 56 132889 1
99 48 132891 1
61 37 132919 1
33 60 132972 1
89 42 133022 1
23 93 133087 0
98 49 133101 1
19 92 133102 0
45 95 133113 0
95 46 133144 1
48 96 133232 0
66 78 133233 1
22 65 133297 1
20 94 133299 0
65 78 133384 1
17 86 133413 0
74 65 133441 0
49 97 133625 0
64 78 133648 1
47 52 133674 1
69 37 133692 1
18 77 133707 0
16 76 133718 0
63 36 133785 1
17 85 133848 0
34 59 133853 1
15 83 133908 0
57 40 133924 1
61 73 134007 0
43 54 134007 1
99 70 134013 1
39 56 134065 1
83 30 134067 1
18 91 134098 0
65 98 134187 0
57 41 134233 1
85 37 134287 1
20 64 134403 1
74 97 134467 0
55 98 134468 0
77 95 134574 0
43 91 134663 0
75 65 134789 0
71 63 134934 0
69 102 134971 0
26 64 135025 1
62 74 135028 1
42 84 135037 0
93 44 135039 1
40 57 135042 1
86 38 135045 1
45 52 135045 1
55 103 135112 0
27 64 135161 1
50 103 135199 0
84 34 135210 1
51 98 135252 0
82 35 135280 1
41 97 135312 0
17 90 135320 0
16 78 135566 0
17 77 135570 0
43 84 135607 0
27 93 135619 0
15 81 135624 0
77 96 135632 0
16 73 135646 0
101 53 135656 1
42 92 135665 0
50 98 135687 0
64 77 135696 1
72 72 135717 0
18 92 135757 0
25 65 135762 1
63 98 135870 0
84 40 135915 1
67 96 135948 0
75 28 135951 1
87 41 136003 1
73 70 136033 0
35 84 136035 0
64 98 136063 0
93 43 136152 1
21 92 136172 0
82 94 136186 0
41 81 136240 0
43 93 136260 0
16 88 136371 0
80 30 136473 1
119 56 136557 1
33 86 136600 0
69 65 136675 0
72 28 136721 1
73 97 136892 0
105 66 136939 1
38 4 137045 1
72 96 137059 0
80 28 137077 1
102 53 137141 1
18 90 137169 0
100 67 137176 1
43 90 137330 0
85 53 137362 1
85 34 137362 1
42 87 137429 0
99 69 137471 1
57 99 137539 0
95 78 137558 1
52 98 137589 0
107 50 137777 1
101 67 137838 1
54 99 137995 0
70 64 137995 1
63 72 138017 1
48 97 138020 0
21 90 138051 0
48 96 138055 0
95 79 138087 1
87 37 138108 1
81 30 138117 1
49 96 138121 0
47 95 138173 0
84 37 138283 1
51 98 138303 0
20 66 138361 1
40 55 138368 1
17 85 138372 0
17 75 138388 0
19 89 138420 0
76 63 138424 0
100 52 138525 1
15 93 138562 0
102 59 138693 1
17 83 138735 0
46 98 138776 0
37 92 138848 0
63 112 138926 0
57 100 139003 0
16 72 139011 0
92 43 139043 1
37 83 139048 0
22 92 139159 0
109 45 139160 1
96 48 139263 1
26 63 139268 1
65 99 139296 0
83 34 139322 1
99 55 139396 1
18 69 139495 0
17 84 139560 0
16 85 139593 0
23 91 139631 0
75 27 139762 1
17 86 139834 0
13 74 139966 0
109 45 140067 0
73 28 140129 1
81 114 140264 0
69 98 140346 0
76 27 140356 1
76 64 140375 0
61 73 140433 0
43 87 140453 0
16 76 140459 0
100 64 140517 1
42 85 140732 0
19 91 140881 0
17 72 140961 0
74 27 141152 1
90 85 141176 1
99 49 141178 1
102 63 141217 1
101 54 141351 1
70 98 141454 0
91 83 141455 1
50 97 141563 0
37 105 141620 0
43 93 141692 0
99 42 141770 1
37 56 141836 1
17 79 141942 0
42 90 141969 0
87 39 141995 1
93 113 142110 1
18 87 142163 0
89 41 142219 1
13 86 142255 0
51 98 142332 0
41 55 142339 1
97 40 142339 1
79 29 142357 1
80 29 142516 1
58 99 142599 0
102 54 142762 1
89 37 142785 1
34 86 142842 0
18 91 142877 0
35 59 143062 1
16 82 143088 0
79 28 143095 1
93 81 143226 1
62 99 143272 0
121 98 143370 1
18 90 143383 0
23 64 143685 1
20 65 143767 1
22 64 143796 1
76 63 143798 0
77 28 143800 1
105 55 144004 1
71 31 144008 1
69 99 144266 0
92 40 144421 1
97 93 144421 1
85 38 144543 1
102 64 144566 1
70 74 144652 1
96 46 144716 1
56 102 144783 0
51 103 144844 0
17 68 144872 0
62 75 144905 1
24 92 144961 0
44 96 145030 0
15 70 145039 0
102 66 145114 1
64 70 145155 1
65 103 145180 0
17 89 145220 0
13 98 145331 0
49 108 145372 0
39 98 145380 0
43 92 145393 0
37 85 145421 0
16 70 145434 0
47 51 145442 1
17 94 145512 0
86 39 145576 1
40 56 145576 1
34 114 145603 0
100 50 145675 1
62 76 145708 1
23 92 145791 0
76 64 145902 0
7 93 146114 0
44 93 146126 0
53 22 146184 0
42 55 146199 1
51 48 146296 0
77 62 146297 0
18 93 146297 0
58 100 146378 0
15 94 146446 0
41 86 146448 0
17 79 146483 0
17 80 146509 0
55 116 146568 0
46 96 146620 0
9 78 146761 0
16 71 146772 0
24 91 146891 0
41 83 147005 0
1 112 147116 0
57 101 147273 0
99 50 147324 1
16 89 147472 0
5 86 147481 0
67 72 147528 0
21 93 147563 0
39 93 147579 0
17 88 147594 0
102 9 147622 0
37 87 147642 0
43 36 147678 0
98 48 147716 1
82 34 147762 1
102 56 147921 1
81 32 147939 1
86 40 147955 1
72 63 147979 0
82 33 148074 1
83 36 148134 1
54 101 148232 0
42 82 148247 0
100 72 148257 1
81 33 148279 1
43 83 148310 0
102 57 148368 1
76 28 148396 1
91 42 148402 1
65 98 148419 0
101 66 148461 1
73 63 148473 0
101 52 148515 1
77 63 148518 0
53 98 148528 0
91 35 148538 1
102 60 148538 1
96 47 148576 1
103 58 148576 1
87 40 148659 1
81 93 148661 0
97 47 148735 1
42 86 148764 0
100 66 148852 1
76 97 148861 0
63 76 148928 1
75 68 148952 0
17 85 148963 0
44 101 148999 0
16 90 149063 0
50 97 149268 0
77 29 149333 1
99 72 149358 1
74 28 149378 1
78 29 149398 1
81 94 149399 0
102 58 149431 1
94 44 149437 1
90 41 149457 1
15 83 149500 0
83 37 149572 1
105 54 149599 1
16 76 149656 0
103 59 149782 1
89 40 149786 1
81 31 149786 1
84 36 149893 1
51 49 149901 0
101 51 149922 1
93 43 150004 1
43 90 150182 0
54 99 150213 0
63 78 150213 1
85 39 150219 1
76 63 150220 0
69 97 150258 0
48 96 150272 0
70 99 150272 0
91 86 150316 1
43 86 150325 0
43 93 150327 0
63 71 150356 1
71 97 150420 0
71 96 150432 0
73 98 150461 0
65 78 150472 1
17 80 150487 0
101 64 150501 1
17 77 150501 0
102 61 150561 1
65 77 150590 1
18 68 150625 0
101 55 150698 1
75 61 150703 0
16 11 150794 1
43 84 150804 0
51 98 150818 0
98 47 150820 1
95 45 150851 1
49 97 150881 0
93 80 150929 1
63 74 150989 1
34 85 150997 0
100 71 151010 1
76 62 151179 0
88 40 151201 1
63 100 151249 0
63 75 151254 1
43 89 151258 0
57 99 151299 0
16 85 151339 0
93 42 151390 1
92 42 151409 1
100 51 151432 1
82 92 151451 0
63 98 151472 0
80 30 151562 1
45 93 151569 0
54 98 151626 0
53 98 151640 0
74 67 151656 0
36 58 151676 1
16 80 151683 0
20 91 151706 0
76 66 151725 0
53 99 151729 0
67 97 151763 0
75 29 151771 1
17 71 151828 0
68 67 151835 0
73 62 151870 0
95 46 151951 1
91 42 151956 1
101 50 151974 1
47 95 151994 0
16 88 152016 0
44 92 152046 0
33 59 152052 1
85 36 152077 1
75 63 152118 0
17 76 152121 0
17 81 152265 0
97 46 152270 1
63 77 152272 1
80 31 152285 1
17 78 152289 0
81 29 152291 1
73 29 152297 1
103 60 152326 1
42 88 152329 0
80 29 152339 1
98 48 152413 1
102 55 152471 1
18 72 152522 0
62 98 152539 0
77 28 152539 1
76 64 152621 0
82 32 152678 1
61 38 152678 1
101 53 152680 1
18 88 152682 0
84 35 152688 1
102 62 152760 1
21 64 152777 1
58 99 152792 0
43 91 152801 0
18 77 152816 0
28 63 152818 1
100 49 152828 1
54 100 152835 0
74 61 152925 0
49 96 152951 0
102 54 152958 1
47 96 152961 0
48 52 152987 1
82 33 152995 1
24 63 153002 1
19 90 153032 0
70 96 153046 0
45 94 153104 0
70 31 153171 1
96 46 153218 1
25 63 153284 1
17 86 153380 0
37 91 153410 0
102 56 153420 1
43 87 153502 0
84 37 153583 1
25 64 153611 1
35 102 153632 0
17 83 153742 0
17 73 153799 0
17 79 153811 0
102 49 153814 1
85 91 153841 0
98 73 153866 1
81 32 153934 1
81 31 153937 1
38 57 153968 1
56 98 154000 0
43 83 154009 0
24 64 154133 1
92 38 154139 1
17 84 154199 0
21 90 154206 0
98 75 154208 1
69 21 154247 1
115 59 154247 1
94 42 154273 1
17 80 154294 0
99 50 154313 1
64 77 154384 1
77 26 154407 1
96 45 154449 1
83 32 154476 1
46 94 154521 0
99 70 154615 0
99 48 154615 1
19 89 154637 0
66 77 154652 1
52 33 154691 1
72 29 154709 1
103 62 154713 1
52 98 154727 0
17 75 154770 0
94 43 154855 1
31 60 154858 1
93 40 154883 1
71 29 154905 1
95 44 154909 1
92 39 154942 1
109 53 154973 1
91 41 154990 1
99 49 155037 1
97 45 155098 1
99 7 155248 1
69 65 155265 0
17 69 155295 0
92 43 155314 1
49 50 155350 1
83 36 155561 1
102 57 155759 1
61 76 155799 1
84 38 155812 1
18 87 155956 0
67 33 155974 1
65 78 155997 1
90 41 156007 1
93 43 156024 1
103 54 156040 1
44 92 156081 0
18 90 156084 0
74 68 156105 0
85 37 156107 1
18 88 156111 0
26 90 156118 0
54 98 156163 0
70 97 156177 0
27 63 156215 1
88 39 156233 1
74 62 156287 0
86 38 156347 1
62 73 156364 1
83 35 156415 1
48 98 156418 0
72 97 156483 0
17 81 156560 0
17 85 156608 0
41 82 156614 0
85 38 156675 1
16 79 156683 0
89 41 156767 1
83 92 156773 0
101 52 156777 1
68 97 156824 0
86 40 157011 1
59 99 157054 0
20 92 157071 0
18 80 157087 0
48 96 157166 0
71 98 157195 0
21 92 157221 0
51 97 157310 0
26 89 157350 0
17 77 157485 0
15 74 157506 0
44 88 157629 0
75 64 157688 0
101 54 157760 1
94 44 157788 1
35 58 157794 1
31 87 157848 0
41 84 157878 0
48 97 157893 0
79 29 157931 1
15 79 157970 0
17 95 157981 0
68 32 158017 1
32 28 158072 0
17 72 158077 0
109 45 158081 1
50 97 158106 0
39 81 158118 0
68 31 158132 1
43 85 158140 0
76 62 158179 0
109 45 158275 0
68 96 158345 0
41 81 158479 0
26 63 158533 1
65 68 158612 0
46 94 158667 0
50 98 158672 0
69 99 158797 0
93 81 158806 0
44 95 159080 0
65 98 159183 0
45 95 159211 0
40 81 159262 0
24 90 159297 0
18 88 159444 0
2 93 159471 0
3 16 159549 0
102 60 159581 1
76 28 159616 1
98 46 159672 1
38 98 159829 0
68 97 159904 0
17 80 160061 0
80 93 160088 0
74 97 160210 0
26 64 160274 1
102 63 160337 1
73 63 160353 0
37 57 160423 1
93 27 160657 1
87 39 160730 1
100 69 160765 1
95 45 160772 1
98 31 160814 1
60 38 160819 1
34 53 160899 1
51 97 160959 0
105 50 160968 1
103 58 161007 1
102 53 161011 1
87 40 161026 1
82 29 161048 1
70 97 161060 0
21 1 161080 1
79 28 161102 1
98 95 161114 1
44 92 161117 0
39 57 161129 1
22 63 161163 1
83 33 161233 1
22 90 161273 0
83 34 161359 1
76 63 161508 0
23 64 161640 1
98 74 161646 1
99 71 161670 1
86 39 161716 1
91 121 161755 1
96 46 161779 1
77 95 161831 0
59 99 161876 0
91 42 162003 1
101 51 162015 1
103 57 162117 1
21 63 162130 1
72 97 162208 0
89 40 162210 1
98 48 162227 1
66 98 162228 0
68 98 162257 0
78 28 162281 1
64 76 162286 1
54 99 162305 0
54 100 162316 0
81 31 162366 1
43 94 162390 0
73 97 162421 0
79 32 162422 1
97 47 162444 1
78 27 162456 1
81 30 162469 1
77 28 162483 1
99 51 162488 1
65 77 162528 1
71 30 162538 1
53 98 162608 0
17 81 162614 0
102 56 162691 1
96 42 162760 1
77 29 162761 1
82 33 162797 1
84 33 162901 1
46 97 162938 0
18 91 162964 0
58 99 163040 0
78 29 163050 1
42 84 163057 0
101 52 163061 1
90 41 163111 1
63 99 163202 0
68 97 163223 0
69 31 163295 1
84 35 163296 1
54 98 163338 0
75 97 163365 0
44 100 163391 0
76 65 163408 0
100 49 163437 1
42 85 163445 0
37 58 163513 1
98 47 163530 1
90 40 163543 1
100 51 163561 1
74 62 163621 0
102 54 163652 1
102 64 163737 1
42 82 163773 0
88 40 163796 1
57 99 163803 0
26 90 163814 0
67 96 163849 0
82 32 163924 1
85 29 163997 1
85 39 163997 1
63 76 164011 1
87 38 164053 1
42 89 164154 0
45 93 164157 0
44 93 164157 0
71 96 164160 0
95 43 164181 1
18 88 164227 0
34 59 164244 1
49 96 164266 0
63 77 164314 1
81 93 164478 0
63 98 164488 0
106 49 164542 1
47 95 164564 0
24 90 164570 0
49 97 164573 0
43 84 164585 0
34 85 164591 0
93 43 164712 1
19 97 164773 0
75 66 164816 0
46 94 164829 0
32 86 164835 0
51 98 164870 0
75 27 164927 1
51 97 164953 0
102 61 164979 1
49 98 164980 0
65 77 164994 1
43 90 165006 0
67 67 165033 0
27 90 165045 0
102 57 165052 1
18 69 165067 0
72 72 165068 0
58 98 165102 0
43 92 165141 0
29 89 165150 0
17 86 165159 0
55 98 165169 0
73 64 165200 0
69 97 165244 0
81 32 165250 1
31 61 165331 1
43 85 165349 0
56 98 165361 0
76 27 165522 1
103 59 165522 1
62 73 165538 1
96 46 165552 1
70 97 165563 0
64 98 165601 0
84 34 165602 1
96 47 165625 1
86 27 165665 1
79 27 165723 1
70 96 165800 0
81 31 165807 1
22 90 165812 0
68 96 165821 0
99 48 165822 1
83 36 165837 1
18 77 165838 0
73 28 165858 1
19 91 165868 0
59 45 165904 1
59 99 165904 0
63 71 165922 1
102 65 165949 1
43 83 165967 0
51 99 165987 0
23 63 166021 1
25 63 166026 1
94 44 166071 1
75 28 166113 1
53 98 166136 0
92 41 166137 1
43 86 166163 0
77 63 166207 0
47 51 166233 1
47 97 166233 0
109 45 166250 0
95 44 166307 1
99 49 166383 1
85 37 166425 1
92 42 166474 1
42 54 166506 1
18 87 166550 0
17 83 166590 0
67 77 166600 1
64 100 166603 0
61 73 166664 1
17 76 166697 0
97 46 166779 1
92 43 166872 1
17 78 166895 0
29 88 166977 0
18 80 166982 0
79 95 166998 0
68 97 167019 0
71 97 167036 0
44 92 167065 0
24 63 167081 1
17 85 167108 0
81 30 167160 1
43 89 167188 0
80 30 167188 1
63 72 167208 0
66 99 167208 0
43 87 167216 0
103 58 167252 1
87 39 167256 1
96 45 167279 1
93 42 167312 1
17 79 167333 0
77 62 167393 0
18 83 167424 1
78 97 167470 0
77 28 167492 1
16 81 167541 0
46 96 167542 0
39 88 167571 0
21 90 167577 0
47 52 167596 1
23 91 167629 0
87 31 167649 1
74 78 167686 1
83 35 167719 1
67 32 167860 1
19 89 167882 0
44 88 167883 0
48 94 167886 0
32 88 167902 0
19 90 167919 0
102 62 168024 1
20 91 168146 0
26 92 168156 0
40 82 168183 0
101 54 168201 1
42 99 168201 0
77 27 168207 1
47 93 168239 0
95 45 168315 1
54 98 168316 0
90 41 168335 1
18 67 168384 0
83 34 168384 1
54 44 168391 0
25 64 168416 1
52 99 168431 0
17 75 168464 0
83 33 168487 1
62 98 168490 0
101 53 168509 1
52 98 168518 0
13 92 168530 0
13 87 168533 0
12 83 168534 0
18 88 168550 0
77 97 168560 0
74 28 168585 1
64 77 168647 1
48 50 168656 1
82 92 168702 0
72 26 168711 1
22 64 168761 1
59 38 168767 1
94 43 168836 1
27 64 168848 1
89 38 168864 1
18 76 168967 0
100 48 169025 1
17 80 169092 0
94 40 169092 1
73 27 169172 1
89 40 169220 1
24 91 169237 0
85 38 169259 1
88 27 169300 1
72 97 169315 0
27 89 169408 0
48 96 169412 0
54 99 169439 0
102 52 169467 1
16 95 169557 0
46 109 169562 0
18 84 169599 0
23 92 169671 0
44 83 169701 0
17 84 169783 0
20 64 169917 1
37 98 169919 0
99 47 170089 1
84 32 170206 1
102 51 170209 1
34 58 170232 1
24 90 170261 0
20 89 170270 0
103 61 170273 1
17 81 170354 0
80 27 170369 1
22 90 170377 0
17 77 170473 0
17 71 170497 0
21 65 170705 1
75 29 170711 1
43 91 170788 0
91 41 170837 1
79 29 170837 1
42 89 170843 0
60 99 171038 0
28 63 171062 1
36 58 171066 1
100 51 171118 1
75 67 171169 0
26 63 171211 1
69 66 171323 0
65 98 171406 0
109 51 171437 1
86 38 171516 1
100 69 171564 1
86 37 171588 1
100 70 171612 1
45 91 171649 0
80 26 171777 1
80 28 171826 1
59 99 171948 0
43 93 172039 0
59 105 172086 0
62 75 172142 1
39 98 172160 0
18 76 172213 0
17 68 172226 0
37 95 172226 0
5 96 172237 0
18 68 172254 0
19 68 172289 0
45 94 172354 0
77 61 172511 0
61 98 172645 0
32 60 172676 1
59 39 172722 1
97 75 172772 1
54 100 172798 0
103 57 173166 1
48 95 173197 0
63 75 173254 1
15 86 173328 0
95 78 173342 1
98 74 173369 1
72 28 173371 1
68 66 173387 0
49 98 173502 0
101 52 173519 1
45 19 173579 0
21 91 173590 0
102 56 173664 1
38 93 173710 0
91 42 173716 1
69 98 173804 0
72 25 173836 1
102 63 173934 1
18 84 173951 0
16 94 173981 0
84 35 174044 1
101 51 174104 1
22 91 174188 0
99 71 174280 1
80 94 174283 0
32 59 174375 1
60 100 174410 0
82 32 174434 1
103 60 174544 1
70 97 174577 0
19 64 174580 1
44 94 174620 0
100 49 174665 1
101 46 174702 1
80 29 174709 1
97 47 174727 1
62 73 174739 1
98 47 174758 1
104 49 174786 1
88 40 174819 1
24 64 174934 1
74 27 174935 1
101 67 174936 1
68 96 174938 0
108 48 174957 1
68 33 174978 1
106 71 175111 1
82 31 175128 1
76 62 175150 0
65 77 175248 1
74 62 175249 0
68 97 175328 0
78 95 175349 0
35 101 175377 0
27 63 175388 1
72 96 175395 0
104 52 175417 1
78 28 175516 1
98 48 175516 1
16 88 175525 0
61 98 175615 0
96 77 175617 1
88 39 175632 1
47 94 175686 0
82 33 175707 1
102 53 175788 1
98 46 175795 1
17 73 175870 0
77 96 175924 0
95 44 175947 1
100 51 175950 1
102 54 175981 1
63 77 175999 1
56 98 176003 0
58 99 176006 0
51 97 176063 0
81 31 176096 1
90 40 176114 1
18 81 176125 0
81 29 176132 1
69 31 176141 1
85 36 176212 1
58 98 176227 0
85 35 176254 1
101 69 176266 1
95 77 176303 1
37 92 176309 0
96 46 176354 1
79 28 176364 1
46 94 176431 0
18 73 176435 0
50 97 176440 0
45 93 176462 0
23 95 176465 0
54 97 176492 0
95 43 176547 1
99 48 176565 1
100 68 176687 1
85 37 176704 1
47 51 176704 1
42 83 176710 0
26 90 176744 0
63 74 176784 1
102 52 176790 1
71 96 176853 0
48 95 176896 0
82 30 176954 1
73 97 176983 0
75 61 177077 0
32 85 177081 0
86 32 177082 1
103 59 177088 1
90 41 177112 1
60 99 177148 0
80 97 177161 0
89 40 177214 1
49 96 177284 0
54 98 177287 0
77 28 177304 1
103 57 177310 1
69 97 177312 0
102 43 177323 1
33 60 177326 1
66 98 177347 0
63 76 177374 1
83 33 177400 1
103 56 177440 1
103 52 177461 1
81 30 177486 1
16 87 177593 0
34 85 177604 0
18 77 177608 0
20 89 177617 0
24 95 177625 0
96 45 177647 1
100 50 177653 1
65 76 177659 1
17 88 177704 0
101 52 177710 1
89 39 177716 1
102 66 177739 1
77 95 177740 0
18 88 177740 0
87 39 177754 1
103 58 177754 1
33 59 177761 1
91 40 177775 1
61 98 177805 0
101 51 177839 1
104 53 177871 1
13 78 177915 0
42 87 177925 0
43 84 177952 0
18 76 177977 0
102 64 177986 1
76 64 177998 0
20 90 178001 0
35 85 178025 0
57 99 178123 0
74 61 178130 0
97 46 178244 1
18 72 178246 0
64 76 178305 1
55 98 178386 0
48 94 178396 0
105 70 178402 1
87 40 178417 1
83 35 178417 1
18 80 178423 0
80 93 178457 0
36 85 178458 0
101 49 178467 1
65 77 178540 1
43 85 178548 0
75 28 178555 1
100 69 178578 1
35 59 178584 1
84 36 178624 1
101 66 178632 1
49 97 178667 0
92 41 178674 1
35 58 178676 1
101 48 178679 1
46 52 178682 1
75 62 178697 0
22 90 178711 0
93 42 178740 1
23 64 178752 1
42 89 178754 0
64 71 178787 1
68 66 178827 0
75 67 178840 0
75 96 178878 0
50 49 178900 1
44 92 178902 0
25 63 178920 1
94 42 178940 1
99 49 178977 1
43 87 179002 0
86 36 179059 1
88 40 179062 1
37 84 179066 0
18 69 179086 0
92 42 179119 1
43 83 179136 0
61 38 179162 1
42 96 179178 0
41 55 179186 1
91 84 179285 1
30 62 179302 1
72 30 179322 1
73 62 179349 0
80 29 179359 1
94 34 179376 1
78 28 179379 1
61 37 179379 1
51 48 179396 0
47 86 179416 0
47 94 179416 0
83 34 179441 1
91 41 179454 1
63 75 179502 1
61 73 179513 1
18 32 179531 1
18 81 179531 0
30 88 179574 0
41 54 179637 1
77 63 179659 0
70 96 179709 0
64 77 179752 1
97 47 179752 1
72 96 179758 0
36 57 179770 1
82 32 179784 1
48 95 179787 0
70 31 179800 1
51 98 179801 0
15 83 179851 0
18 84 179867 0
69 96 179875 0
100 51 179923 1
86 34 179931 1
89 28 179958 1
76 63 179962 0
84 34 179993 1
18 87 180024 0
98 74 180034 1
99 74 180042 1
45 51 180090 1
56 98 180108 0
86 37 180122 1
16 85 180189 0
85 90 180191 0
102 56 180201 1
64 75 180202 1
64 99 180204 0
17 85 180230 0
63 73 180240 1
76 27 180251 1
44 53 180265 1
29 62 180267 1
28 62 180371 1
38 57 180403 1
103 55 180417 1
62 36 180423 1
62 73 180467 1
71 63 180470 1
30 87 180496 0
65 69 180533 1
96 43 180602 1
102 60 180623 1
27 90 180650 0
61 98 180654 0
43 90 180697 0
66 34 180738 1
24 63 180752 1
26 62 180760 1
18 83 180836 0
98 46 180860 1
19 89 180928 0
44 88 180948 0
22 93 180951 0
18 66 180956 0
22 91 180982 0
68 96 180991 0
66 35 181069 0
47 50 181078 1
101 50 181086 1
100 49 181095 1
22 65 181122 1
59 99 181123 0
53 98 181263 0
67 76 181276 1
45 91 181289 0
43 89 181352 0
18 90 181382 0
85 38 181383 1
58 98 181405 0
25 91 181450 0
81 93 181454 0
46 51 181494 1
22 63 181496 1
21 92 181516 0
20 90 181770 0
63 74 181800 1
43 53 181828 1
47 93 181861 0
87 38 181897 1
95 77 181992 1
95 44 181992 1
45 90 182004 0
50 100 182007 0
24 90 182043 0
63 98 182048 0
75 96 182057 0
20 91 182101 0
66 96 182144 0
103 44 182155 1
15 77 182183 0
17 86 182210 0
61 99 182223 0
103 63 182266 1
80 28 182324 1
19 90 182374 0
19 91 182477 0
65 78 182499 1
17 79 182573 0
18 73 182694 0
49 49 182713 1
79 28 182727 1
60 99 182884 0
21 90 182894 0
42 81 182906 0
99 71 182950 1
81 29 182965 1
18 94 182997 0
100 43 183006 1
77 61 183014 0
23 63 183059 1
101 70 183075 1
103 57 183082 1
77 27 183111 1
49 98 183117 0
34 59 183117 1
18 81 183127 0
75 27 183148 1
75 60 183170 0
44 94 183242 0
39 98 183288 0
106 52 183352 1
51 49 183366 1
38 56 183443 1
62 98 183444 0
18 76 183508 0
94 80 183547 1
110 74 183564 1
100 48 183568 1
48 95 183569 0
18 85 183588 0
91 34 183635 1
81 28 183673 1
76 95 183674 0
55 99 183693 0
32 28 183765 1
98 40 183812 1
61 102 183920 0
89 2 183930 1
99 46 183954 1
70 95 184035 0
93 33 184099 1
88 38 184222 1
18 83 184238 0
103 61 184335 1
42 83 184452 0
47 94 184453 0
95 43 184522 1
94 43 184538 1
26 63 184604 1
74 63 184623 0
27 89 184636 0
47 102 184636 0
0 0 184670 0
84 35 184672 1
18 77 184672 0
43 99 184689 0
29 89 184689 0
102 63 184690 1
14 86 184710 0
61 98 184749 0
83 93 184770 0
67 77 184877 1
103 60 184896 1
76 61 184966 0
81 30 185071 1
24 92 185097 0
90 40 185152 1
98 45 185352 1
104 60 185423 1
65 35 185489 1
67 97 185509 0
20 89 185552 0
20 92 185581 0
66 33 185615 1
103 53 185619 1
32 86 185650 0
65 68 185709 1
73 66 185718 0
93 41 185811 1
74 69 185842 0
75 62 185891 0
93 82 185931 1
48 50 186016 1
19 88 186028 0
75 96 186074 0
51 47 186305 0
20 90 186370 0
42 80 186390 0
68 66 186391 0
86 38 186536 1
77 21 186543 1
109 55 186598 1
19 67 186694 0
78 27 186748 1
48 94 186817 0
77 62 186846 0
54 98 186898 0
51 97 187022 0
61 100 187038 0
27 62 187094 1
79 94 187114 0
17 81 187208 0
93 27 187234 1
17 78 187242 0
54 97 187276 0
15 81 187295 0
40 55 187306 1
69 96 187392 0
37 57 187439 1
18 85 187543 0
18 80 187689 0
43 80 187751 0
17 80 187783 0
28 90 187816 0
34 84 187837 0
83 44 187859 1
18 88 187865 0
50 97 187870 0
31 88 187874 0
35 104 187898 0
43 103 187904 0
19 92 187924 0
54 103 187924 0
76 96 187934 0
57 103 187938 0
14 48 187941 0
4 85 187953 0
38 91 187965 0
37 108 188001 0
10 103 188014 0
17 93 188046 0
41 116 188065 0
61 99 188112 0
92 71 188162 1
17 72 188191 0
44 83 188281 0
98 47 188299 1
18 83 188312 0
65 97 188339 0
19 71 188385 0
83 27 188429 1
20 95 188521 0
42 81 188523 0
42 82 188536 0
39 55 188712 1
26 89 188763 0
72 97 188782 0
95 41 188927 1
36 84 188941 0
84 92 189231 0
89 31 189259 1
97 45 189259 1
33 58 189286 1
47 96 189473 0
18 84 189531 0
19 88 189589 0
94 44 189659 1
109 45 189689 1
93 81 189756 0
15 73 189957 0
22 91 189983 0
22 89 190034 0
55 99 190059 0
96 45 190080 1
109 45 190121 0
17 87 190167 0
105 48 190308 1
32 52 190393 1
49 96 190789 0
42 80 190819 0
81 32 190929 1
84 33 191057 1
100 88 191076 1
85 36 191094 1
76 26 191094 1
71 96 191163 0
65 77 191231 1
63 76 191311 1
66 98 191315 0
17 75 191376 0
104 47 191684 1
18 85 191701 0
87 34 191716 1
75 28 191797 1
54 100 191920 0
52 98 192077 0
64 76 192129 1
25 63 192145 1
43 80 192283 0
75 96 192343 0
15 88 192359 0
103 54 192380 1
56 99 192401 0
56 98 192436 0
44 94 192457 0
22 90 192485 0
64 35 192487 1
66 35 192508 0
15 81 192548 0
57 98 192702 0
103 45 192761 1
19 71 192943 0
100 71 192985 1
60 99 193036 0
76 61 193088 0
78 28 193171 1
102 51 193210 1
83 33 193222 1
101 51 193327 1
73 63 193351 0
20 90 193377 0
69 31 193383 1
83 28 193547 1
97 33 193569 1
7 23 193570 1
51 96 193570 0
58 39 193622 1
102 37 193650 1
23 90 193760 0
82 32 193767 1
80 22 193855 1
3 16 193905 1
81 22 193907 1
74 27 193990 1
65 97 194002 0
18 83 194331 0
18 81 194360 0
82 28 194398 1
107 52 194472 1
17 77 194566 0
102 62 194657 1
75 22 194706 1
34 85 194750 0
38 89 194776 0
39 98 194843 0
25 64 194886 1
37 58 194893 1
25 71 195080 1
102 54 195190 1
48 95 195329 0
89 40 195496 1
32 82 195723 1
46 95 195731 0
61 99 195988 0
46 94 195990 0
16 78 196138 0
48 97 196284 0
72 62 196333 0
72 98 196338 0
79 94 196355 0
18 82 196524 0
83 26 196570 1
98 31 196585 1
42 81 196602 0
19 88 196614 0
42 83 196708 0
55 99 196747 0
88 39 196757 1
73 28 196783 1
44 91 196834 0
104 54 197012 1
56 99 197025 0
75 62 197108 0
57 98 197226 0
17 87 197429 0
82 31 197559 1
40 56 197775 1
76 28 197791 1
17 85 197813 0
69 97 197822 0
37 90 197847 0
82 92 198068 0
18 87 198131 0
68 88 198286 1
35 92 198361 0
24 65 198596 1
18 73 198643 0
50 98 198694 0
37 7 198708 0
17 83 198750 0
85 90 198929 0
96 39 199423 1
100 51 199460 1
86 37 199511 1
83 34 199527 1
51 96 199585 0
39 101 199696 0
99 48 199727 1
38 94 199730 0
18 72 199743 0
64 110 199809 0
50 100 199819 0
30 91 199844 0
10 86 199892 0
33 99 199898 0
16 84 199906 0
102 53 199993 1
18 85 199994 0
0 0 200010 0
