23 56 0 1
100 66 101 1
15 75 171 0
51 74 189 0
83 91 278 0
53 89 323 0
81 61 334 0
52 74 345 0
54 47 346 1
30 82 368 0
101 50 372 1
52 89 373 0
19 85 377 0
55 93 389 0
32 81 399 0
54 46 414 1
101 48 455 1
100 68 481 1
25 85 493 0
98 40 499 1
97 37 544 1
100 67 619 1
91 33 698 1
57 96 708 0
51 73 730 0
95 34 734 1
52 76 741 0
48 49 754 1
64 98 777 0
29 82 787 0
62 44 795 1
60 98 809 0
98 39 843 1
67 98 844 0
59 44 887 1
52 88 922 0
52 47 943 1
100 63 960 1
99 71 975 1
73 38 1119 1
15 70 1183 0
94 33 1183 1
77 37 1184 1
52 85 1200 0
24 56 1260 1
72 38 1269 1
102 54 1288 1
15 73 1361 0
72 71 1362 1
74 63 1431 1
48 48 1471 1
90 31 1482 1
66 98 1520 0
99 42 1553 1
15 77 1587 0
56 94 1701 0
23 57 1749 1
52 84 1754 0
61 96 1786 0
95 78 1797 1
15 78 1799 0
21 56 1914 1
89 32 1919 1
96 35 1968 1
64 97 1982 0
27 55 2017 1
26 82 2256 0
51 79 2261 0
17 62 2274 0
16 83 2303 0
38 51 2309 1
65 98 2322 0
41 76 2330 0
94 34 2343 1
71 70 2384 1
14 80 2430 0
52 82 2462 0
69 38 2506 1
47 49 2563 1
100 49 2612 1
91 32 2621 1
60 97 2663 0
73 71 2703 1
97 35 2797 1
50 74 2800 0
17 85 2916 0
99 69 2978 1
74 36 2999 1
75 72 3086 1
51 47 3122 1
46 49 3215 1
101 49 3216 1
68 38 3266 1
52 86 3347 0
53 46 3465 1
54 93 3535 0
32 28 3557 1
96 77 3601 1
101 65 3706 1
101 57 3787 1
87 32 3799 1
24 55 3801 1
32 0 3831 1
96 78 3861 1
82 56 3906 0
83 90 4036 0
29 50 4115 1
40 52 4138 1
97 74 4196 1
15 81 4212 0
100 43 4216 1
80 124 4228 1
34 55 4280 1
43 51 4330 1
19 84 4355 0
98 41 4418 1
74 71 4550 1
88 31 4700 1
100 45 4704 1
101 51 4764 1
80 35 4852 1
84 33 4890 1
65 42 4979 1
107 20 5036 1
51 48 5045 1
68 98 5059 0
55 92 5101 0
99 70 5198 1
22 59 5211 1
52 85 5249 0
15 67 5288 0
40 51 5388 1
101 53 5427 1
27 56 5538 1
16 67 5592 0
21 58 5656 1
100 46 5795 1
53 92 5809 0
22 58 5862 1
99 41 5950 1
60 45 5965 1
81 35 6230 1
15 80 6239 0
85 34 6249 1
75 38 6272 1
71 68 6287 1
56 45 6337 1
60 43 6633 1
52 83 6786 0
22 56 6810 1
46 88 6816 0
16 64 6941 0
52 80 6947 0
66 41 7035 1
51 74 7056 0
76 96 7087 0
99 43 7277 1
84 90 7311 0
74 64 7339 1
97 36 7419 1
20 85 7426 0
25 71 7429 1
41 51 7455 1
93 27 7674 1
30 56 7766 1
99 48 7855 1
4 20 7865 1
31 56 7881 1
38 78 7914 0
81 34 7915 1
93 34 8154 1
36 53 8334 1
103 34 8435 1
15 78 8665 0
100 65 8675 1
57 94 8721 0
82 57 8924 0
61 44 8967 1
15 77 9016 0
57 95 9086 0
15 68 9135 0
58 86 9303 0
24 57 9303 1
52 69 9334 1
63 98 9513 0
97 38 9526 1
45 19 9535 0
41 52 9591 1
81 59 9600 0
23 45 9609 0
89 33 9735 1
16 63 9907 0
85 85 9958 1
99 39 10099 1
72 98 10336 0
31 82 10603 0
47 69 10722 1
52 84 10748 0
53 90 10789 0
82 60 11018 0
14 81 11026 0
65 99 11030 0
74 61 11045 1
52 85 11145 0
96 34 11326 1
20 57 11392 1
56 93 11426 0
63 99 11470 0
79 67 11558 0
15 80 11768 0
52 82 12189 0
16 71 12204 0
21 84 12222 0
61 97 12263 0
49 48 12315 1
28 55 12322 1
24 85 12342 0
54 93 12443 0
23 84 12490 0
14 80 12521 0
48 75 12691 0
49 83 12703 0
5 102 12705 0
81 62 12758 0
42 51 12869 1
17 83 12926 0
45 75 13077 0
54 94 13264 0
15 81 13322 0
15 79 13389 0
41 77 13681 0
95 35 13912 1
79 69 14077 0
43 50 14133 1
64 99 14400 0
26 83 14486 0
42 76 14487 0
80 55 14797 0
80 65 14798 0
38 77 14856 0
53 86 14958 0
76 98 15009 0
18 85 15089 0
21 87 15116 0
15 71 15124 0
22 86 15143 0
100 47 15174 1
28 81 15311 0
18 84 15389 0
26 84 15506 0
45 76 15624 0
60 97 15691 0
51 74 15958 0
52 59 15959 1
15 65 16094 0
121 98 16136 0
55 94 16161 0
74 97 16179 0
51 88 16182 0
15 80 16394 0
21 85 16544 0
51 85 16617 0
70 100 16632 0
52 87 16746 0
20 86 16825 0
76 96 17068 0
15 72 17101 0
62 42 17105 1
76 37 17162 1
69 98 17194 0
15 76 17271 0
43 77 17349 0
29 83 17629 0
39 76 17733 0
13 86 17740 0
16 82 18059 0
30 84 18295 0
55 46 18360 1
74 47 18362 1
78 36 18432 1
39 85 18592 0
53 89 18601 0
81 41 18795 1
31 83 18802 0
61 97 18833 0
53 95 18854 0
4 85 19363 0
85 33 19397 1
74 38 19485 1
34 79 19617 0
19 85 19938 0
77 95 19999 0
61 102 20027 0
25 37 20032 0
19 86 20061 0
109 75 20067 0
109 68 20067 0
59 96 20177 0
21 127 20179 0
114 36 20206 0
94 81 20332 1
62 97 20526 0
55 99 20658 0
80 54 20791 0
54 93 20854 0
15 78 20873 0
8 60 20892 0
52 85 20972 0
15 66 21084 0
3 85 21114 0
45 80 21127 0
93 33 21204 1
52 78 21208 0
98 38 21220 1
53 22 21274 0
53 86 21311 0
101 61 21395 1
17 84 21475 0
15 73 21505 0
100 44 21548 1
62 100 21582 0
96 36 21626 1
83 55 21696 0
16 85 21725 0
98 39 21936 1
24 86 21952 0
99 42 22088 1
15 76 22214 0
101 56 22230 1
26 55 22331 1
97 37 22369 1
100 45 22381 1
100 64 22391 1
98 40 22418 1
92 32 22466 1
90 32 22471 1
101 52 22476 1
82 61 22482 0
99 40 22494 1
81 54 22503 0
98 73 22546 1
80 56 22612 0
15 80 22619 0
16 75 22655 0
94 34 22679 1
97 35 22707 1
72 72 22714 1
69 97 22732 0
83 34 22758 1
70 98 22790 0
101 59 22803 1
45 76 22843 0
99 43 22850 1
71 98 22873 0
97 75 22935 1
95 34 22998 1
52 75 23069 0
71 71 23140 1
82 58 23236 0
95 33 23237 1
30 55 23270 1
101 51 23270 1
71 38 23271 1
101 54 23272 1
75 37 23275 1
101 46 23293 1
100 66 23297 1
82 35 23343 1
101 45 23362 1
98 38 23384 1
66 98 23390 0
82 34 23392 1
93 32 23418 1
100 62 23434 1
101 60 23448 1
58 94 23514 0
84 90 23514 0
101 50 23560 1
82 60 23597 0
78 95 23635 0
85 90 23644 0
101 48 23656 1
81 55 23658 0
100 46 23660 1
58 95 23752 0
61 42 23755 1
46 76 23760 0
93 33 23761 1
100 42 23766 1
99 68 23815 1
97 36 23819 1
99 42 23826 1
91 32 23877 1
58 96 23885 0
100 68 23910 1
95 35 23925 1
80 34 23935 1
88 32 23937 1
96 35 23949 1
53 47 23968 1
98 74 23986 1
101 58 24047 1
101 55 24054 1
94 33 24076 1
97 35 24082 1
71 69 24101 1
39 51 24125 1
98 39 24137 1
72 69 24182 1
100 43 24229 1
80 36 24241 1
67 97 24266 0
100 44 24266 1
72 67 24277 1
50 48 24280 1
61 96 24282 0
62 98 24285 0
101 47 24315 1
55 92 24354 0
73 65 24383 1
97 37 24395 1
56 93 24407 0
100 45 24419 1
73 97 24435 0
57 94 24480 0
75 71 24495 1
80 67 24497 0
100 67 24514 1
28 83 24564 0
40 77 24580 0
73 72 24627 1
37 91 24657 0
37 77 24657 0
98 37 24669 1
29 56 24692 1
91 31 24702 1
101 52 24746 1
89 31 24762 1
35 80 24779 0
62 43 24788 1
100 70 24790 1
101 53 24800 1
29 55 24803 1
33 55 24808 1
52 80 24822 0
97 39 24830 1
74 62 24839 1
59 96 24842 0
64 42 24854 1
101 49 24884 1
56 94 24924 0
15 69 24927 0
37 79 24951 0
72 38 24989 1
74 63 25054 1
70 39 25083 1
15 82 25110 0
100 69 25114 1
71 70 25125 1
71 97 25147 0
96 36 25149 1
32 55 25158 1
29 81 25158 0
41 76 25168 0
51 73 25189 0
79 36 25262 1
101 59 25279 1
77 96 25305 0
75 60 25316 1
31 81 25348 0
70 38 25348 1
31 55 25353 1
101 57 25354 1
49 51 25363 1
49 47 25363 1
101 63 25391 1
34 80 25427 0
69 39 25441 1
89 32 25443 1
72 70 25451 1
52 82 25467 0
64 97 25471 0
91 29 25474 1
25 84 25481 0
52 78 25485 0
52 83 25516 0
62 97 25516 0
73 38 25573 1
20 85 25596 0
51 72 25602 0
92 31 25625 1
64 98 25647 0
26 56 25725 1
50 47 25729 1
99 41 25743 1
54 90 25756 0
57 95 25758 0
62 96 25762 0
61 98 25809 0
63 98 25852 0
101 66 25889 1
61 97 25904 0
16 83 25909 0
98 38 25967 1
52 76 25977 0
71 100 25994 0
39 52 26044 1
59 97 26053 0
53 86 26060 0
15 77 26081 0
87 88 26100 0
44 75 26103 0
16 84 26159 0
85 89 26194 0
95 34 26198 1
68 98 26205 0
96 37 26224 1
98 36 26224 1
101 61 26262 1
84 34 26275 1
25 55 26304 1
99 43 26323 1
42 50 26323 1
93 81 26364 1
33 80 26395 0
53 84 26413 0
47 76 26424 0
63 43 26439 1
32 56 26446 1
74 72 26462 1
25 56 26467 1
61 43 26541 1
15 70 26600 0
72 96 26639 0
52 84 26641 0
97 35 26651 1
42 76 26652 0
42 77 26686 0
30 55 26706 1
59 43 26715 1
30 81 26742 0
19 84 26743 0
69 97 26746 0
65 98 26752 0
15 76 26795 0
36 78 26805 0
58 45 26897 1
58 94 26926 0
83 54 26944 0
81 54 26974 0
77 36 26987 1
101 48 27011 1
52 47 27016 1
16 67 27082 0
72 71 27084 1
101 62 27149 1
28 56 27151 1
92 32 27162 1
56 93 27164 0
50 78 27178 0
52 74 27201 0
77 37 27224 1
14 66 27247 0
98 40 27249 1
99 42 27249 1
15 67 27256 0
58 95 27257 0
51 47 27278 1
16 82 27289 0
17 83 27316 0
21 84 27339 0
27 55 27361 1
73 70 27375 1
48 47 27387 1
100 41 27396 1
16 71 27426 0
101 56 27428 1
37 51 27438 1
102 37 27466 1
97 36 27492 1
39 77 27506 0
98 39 27532 1
113 59 27565 1
96 34 27638 1
69 38 27680 1
80 54 27688 0
90 31 27696 1
38 52 27733 1
31 56 27795 1
81 35 27803 1
80 35 27829 1
99 40 27831 1
17 85 27884 0
60 97 27908 0
57 94 27924 0
15 64 27937 0
101 46 27966 1
68 39 27986 1
97 38 28034 1
52 79 28037 0
45 49 28049 1
101 54 28060 1
83 55 28081 0
73 71 28092 1
71 71 28095 1
18 84 28112 0
93 33 28135 1
54 46 28138 1
57 44 28143 1
15 79 28161 0
63 100 28189 0
15 75 28198 0
72 68 28216 1
95 79 28249 1
49 75 28285 0
32 81 28296 0
71 38 28324 1
101 50 28328 1
48 48 28332 1
97 37 28333 1
45 76 28335 0
31 80 28336 0
20 88 28380 0
81 62 28386 0
16 75 28416 0
26 57 28435 1
15 71 28458 0
72 99 28465 0
63 42 28477 1
29 55 28490 1
68 97 28510 0
45 86 28525 0
94 34 28534 1
21 86 28555 0
43 49 28564 1
82 56 28608 0
23 84 28608 0
40 51 28614 1
60 101 28648 0
49 84 28665 0
15 68 28669 0
45 75 28711 0
68 100 28766 0
29 56 28774 1
95 35 28788 1
21 85 28793 0
100 44 28823 1
27 82 28843 0
82 61 28897 0
67 39 28945 1
75 38 28960 1
91 32 28979 1
67 97 28979 0
94 33 29074 1
61 96 29083 0
27 56 29097 1
96 35 29142 1
93 31 29173 1
19 59 29182 1
15 81 29229 0
101 58 29232 1
100 65 29242 1
100 43 29250 1
52 78 29366 0
41 50 29384 1
53 77 29394 0
44 49 29407 1
54 90 29528 0
24 56 29559 1
16 64 29569 0
74 71 29636 1
79 95 29673 0
46 48 29673 1
62 97 29682 0
66 99 29695 0
63 96 29715 0
81 63 29724 0
46 76 29728 0
67 98 29774 0
28 55 29794 1
18 83 29821 0
47 48 29821 1
23 56 29856 1
99 69 29857 1
86 32 29885 1
100 66 29885 1
58 96 29917 0
81 34 29950 1
101 55 29956 1
16 81 30000 0
16 62 30000 0
73 98 30045 0
48 49 30067 1
100 46 30069 1
101 60 30086 1
52 75 30166 0
49 82 30202 0
55 92 30273 0
53 86 30290 0
101 53 30299 1
30 82 30341 0
74 37 30498 1
41 76 30505 0
30 55 30541 1
15 78 30573 0
18 85 30578 0
68 38 30589 1
51 77 30598 0
48 76 30635 0
58 95 30649 0
52 85 30670 0
38 51 30671 1
86 89 30681 0
15 80 30682 0
29 82 30698 0
55 93 30773 0
51 83 30786 0
53 80 30787 0
101 64 30823 1
101 52 30831 1
21 83 30889 0
22 84 30961 0
24 55 31006 1
59 95 31008 0
16 83 31028 0
15 73 31035 0
60 99 31036 0
57 92 31044 0
98 38 31077 1
75 96 31095 0
87 32 31163 1
47 47 31259 1
33 54 31275 1
66 98 31573 0
15 76 31712 0
75 61 31766 1
101 45 31775 1
105 42 31781 1
93 32 31814 1
83 33 31832 1
53 84 31858 0
34 82 31916 0
37 52 31938 1
52 72 31959 0
90 32 31970 1
31 55 31972 1
82 59 32038 0
79 94 32044 0
50 49 32060 1
35 79 32099 0
72 69 32103 1
26 55 32105 1
46 49 32115 1
62 96 32131 0
53 75 32148 0
72 38 32163 1
97 33 32184 1
39 51 32244 1
101 47 32259 1
83 34 32337 1
101 49 32357 1
53 89 32369 0
80 2 32377 1
98 72 32500 1
76 96 32505 0
81 60 32531 0
25 55 32558 1
71 37 32560 1
32 55 32563 1
100 64 32588 1
50 48 32649 1
100 68 32660 1
101 48 32709 1
93 34 32812 1
97 35 32824 1
58 94 32847 0
72 72 32903 1
17 63 32970 0
75 72 32982 1
49 88 33026 0
20 85 33031 0
38 53 33038 1
22 93 33068 0
19 85 33078 0
18 84 33119 0
19 87 33133 0
54 92 33158 0
41 51 33190 1
79 35 33275 1
82 60 33292 0
71 96 33301 0
17 84 33309 0
36 52 33348 1
59 44 33360 1
68 97 33362 0
52 79 33374 0
101 57 33381 1
43 50 33410 1
74 64 33435 1
57 90 33447 0
57 45 33447 1
58 44 33556 1
82 34 33611 1
95 80 33636 1
98 37 33656 1
51 48 33748 1
16 81 33772 0
16 11 33798 1
61 97 33852 0
100 42 33914 1
101 59 34023 1
52 82 34146 0
2 112 34181 1
97 73 34198 1
99 70 34212 1
16 75 34213 0
61 42 34236 1
15 81 34260 0
99 42 34290 1
39 76 34299 0
19 84 34315 0
52 83 34325 0
21 84 34327 0
52 92 34366 0
75 37 34407 1
16 82 34415 0
97 75 34430 1
18 83 34441 0
16 67 34484 0
33 55 34498 1
23 45 34589 1
64 42 34589 1
101 51 34660 1
44 77 34663 0
99 41 34664 1
31 57 34739 1
84 33 34790 1
52 84 34858 0
73 38 34876 1
59 95 34899 0
67 96 34900 0
52 86 34911 0
100 45 34944 1
53 90 35195 0
95 34 35231 1
69 98 35271 0
52 81 35304 0
52 72 35336 0
52 80 35354 0
66 39 35423 1
97 36 35425 1
100 67 35549 1
72 97 35583 0
75 59 35654 1
52 78 35683 0
101 56 35702 1
16 63 35714 0
55 91 35716 0
81 61 35754 0
101 61 35822 1
88 32 35834 1
75 97 35836 0
51 84 35862 0
97 74 35862 1
99 39 35875 1
52 48 35903 1
15 86 35912 0
45 76 36004 0
85 33 36015 1
83 90 36038 0
51 74 36064 0
57 43 36065 1
95 33 36083 1
45 95 36118 0
53 75 36144 0
100 44 36193 1
76 38 36248 1
101 54 36304 1
45 48 36312 1
56 90 36319 0
33 80 36319 0
72 70 36359 1
50 79 36402 0
93 33 36474 1
98 39 36488 1
100 43 36518 1
67 99 36551 0
69 99 36594 0
59 96 36653 0
74 63 36664 1
74 97 36670 0
101 46 36696 1
47 49 36725 1
16 71 36731 0
73 37 36750 1
99 40 36755 1
58 95 36767 0
53 46 36815 1
101 65 36827 1
101 50 36899 1
64 97 36966 0
97 35 36973 1
81 63 36985 0
16 80 37048 0
89 32 37090 1
83 54 37091 0
48 75 37118 0
89 31 37127 1
55 45 37135 1
42 50 37138 1
96 34 37151 1
73 72 37165 1
62 42 37215 1
98 38 37217 1
34 54 37251 1
92 32 37274 1
72 96 37279 0
60 43 37354 1
102 52 37370 1
69 39 37455 1
78 35 37467 1
101 62 37524 1
101 52 37589 1
94 32 37593 1
96 77 37615 1
101 63 37673 1
50 47 37685 1
101 53 37694 1
102 46 37805 1
101 59 37860 1
44 75 37880 0
98 36 37896 1
57 94 37898 0
75 96 37919 0
84 90 37940 0
72 67 37953 1
101 58 37954 1
73 97 37956 0
78 95 37957 0
101 55 37981 1
70 38 37997 1
77 95 38003 0
81 54 38013 0
75 71 38048 1
96 36 38053 1
94 33 38055 1
62 98 38077 0
29 81 38077 0
77 70 38102 1
101 44 38105 1
69 97 38116 0
75 60 38117 1
40 76 38139 0
49 47 38198 1
22 84 38204 0
42 76 38234 0
71 97 38247 0
97 76 38263 1
101 60 38350 1
58 94 38352 0
54 90 38355 0
55 44 38399 1
56 45 38430 1
53 86 38438 0
61 43 38468 1
91 31 38495 1
51 47 38520 1
16 81 38652 0
74 70 38655 1
52 79 38704 0
101 49 38720 1
92 31 38725 1
62 97 38726 0
70 39 38743 1
71 38 38780 1
45 75 38798 0
40 52 38803 1
59 95 38810 0
101 51 38842 1
97 30 38862 1
15 77 38866 0
49 48 38945 1
101 48 38950 1
60 97 38972 0
15 75 38973 0
57 95 39000 0
61 96 39016 0
102 53 39043 1
52 72 39047 0
71 70 39061 1
68 96 39073 0
52 47 39085 1
27 55 39093 1
53 80 39094 0
54 93 39115 0
38 77 39118 0
53 84 39138 0
63 98 39139 0
39 52 39191 1
74 37 39254 1
29 55 39265 1
83 55 39322 0
30 80 39359 0
55 91 39366 0
68 97 39432 0
88 31 39455 1
28 81 39492 0
70 98 39512 0
53 77 39513 0
31 81 39527 0
25 84 39548 0
15 76 39635 0
62 43 39651 1
91 32 39679 1
37 78 39692 0
60 96 39694 0
74 98 39694 0
80 94 39708 0
17 83 39738 0
54 47 39738 1
57 92 39780 0
17 62 39781 0
27 83 39815 0
80 65 39871 0
52 46 39894 1
53 75 39909 0
101 57 39912 1
56 93 39953 0
99 71 40021 1
40 50 40024 1
99 42 40030 1
74 65 40075 1
83 58 40078 0
63 96 40093 0
28 55 40094 1
100 42 40101 1
30 55 40131 1
102 49 40152 1
52 81 40176 0
97 36 40204 1
61 99 40239 0
65 41 40240 1
41 76 40244 0
98 74 40264 1
71 99 40273 0
90 31 40297 1
25 56 40300 1
23 84 40341 0
24 84 40377 0
81 34 40389 1
50 88 40398 0
96 35 40413 1
97 35 40540 1
73 66 40540 1
18 83 40563 0
102 51 40578 1
95 34 40582 1
100 69 40611 1
64 98 40632 0
16 80 40641 0
31 56 40644 1
97 37 40695 1
60 98 40730 0
22 57 40759 1
72 38 40799 1
70 99 40803 0
109 68 40834 0
14 80 40907 0
15 72 40921 0
53 72 40921 0
17 85 40940 0
53 47 40987 1
87 31 41031 1
62 96 41041 0
53 91 41101 0
72 71 41146 1
11 82 41178 0
82 57 41193 0
35 78 41206 0
19 84 41211 0
34 80 41231 0
36 79 41256 0
15 81 41285 0
21 84 41307 0
26 56 41340 1
82 61 41344 0
80 67 41415 0
50 84 41451 0
40 51 41457 1
24 85 41460 0
52 75 41519 0
76 70 41538 1
72 97 41593 0
73 71 41594 1
16 75 41630 0
34 79 41674 0
72 69 41681 1
58 94 41683 0
101 47 41723 1
34 81 41727 0
30 81 41837 0
31 55 41850 1
53 87 41852 0
99 39 41860 1
35 26 41866 1
21 83 41883 0
101 67 41934 1
60 96 42024 0
58 95 42188 0
16 64 42207 0
98 37 42232 1
93 32 42260 1
12 73 42272 0
100 44 42307 1
18 84 42411 0
69 38 42493 1
22 84 42510 0
56 90 42543 0
37 77 42566 0
40 76 42575 0
72 98 42581 0
85 89 42713 0
16 71 42744 0
16 61 42748 0
60 42 42751 1
55 91 42772 0
80 34 42782 1
16 81 42805 0
49 89 42819 0
74 72 42831 1
100 43 42888 1
42 51 42907 1
102 57 42963 1
100 41 43018 1
67 97 43047 0
26 82 43051 0
68 99 43100 0
95 78 43210 1
44 75 43213 0
39 50 43232 1
68 98 43240 0
16 67 43308 0
64 41 43332 1
101 61 43336 1
51 72 43344 0
95 33 43388 1
88 88 43655 0
71 96 43709 0
59 95 43710 0
67 96 43717 0
15 70 43725 0
16 80 43727 0
94 80 43746 1
57 94 43780 0
25 85 43785 0
26 84 43810 0
57 96 43837 0
47 76 43866 0
15 69 43895 0
43 97 43899 0
33 81 43906 0
71 98 43924 0
52 72 43973 0
101 64 43976 1
53 84 43988 0
98 31 44002 1
101 56 44005 1
29 81 44035 0
60 96 44050 0
65 98 44146 0
57 99 44217 0
45 49 44289 1
55 92 44355 0
51 80 44359 0
59 101 44389 0
51 78 44479 0
80 93 44484 0
56 94 44486 0
21 85 44490 0
15 80 44490 0
66 100 44549 0
19 82 44549 0
73 70 44624 1
83 58 44633 0
31 80 44648 0
99 40 44694 1
47 77 44762 0
9 85 44776 0
59 108 44786 0
13 81 44789 0
12 85 44799 0
47 82 44802 0
73 67 44849 1
48 48 44962 1
79 68 45042 0
52 79 45046 0
32 55 45068 1
26 55 45105 1
6 39 45115 0
80 35 45240 1
52 78 45244 0
73 69 45280 1
61 97 45341 0
54 96 45362 0
75 96 45366 0
99 38 45393 1
81 35 45430 1
75 62 45467 1
53 80 45470 0
81 63 45479 0
95 94 45483 0
54 90 45495 0
101 54 45588 1
83 54 45644 0
52 81 45698 0
82 58 45722 0
53 87 45754 0
58 97 45807 0
53 75 45865 0
115 59 45944 1
53 86 46008 0
60 96 46036 0
95 46 46100 1
16 82 46184 0
26 83 46202 0
53 72 46219 0
79 54 46289 0
18 83 46312 0
15 63 46371 0
54 46 46545 1
24 84 46572 0
87 32 46747 1
39 51 46873 1
39 76 47011 0
65 97 47065 0
55 91 47135 0
25 55 47142 1
96 33 47179 1
98 38 47200 1
17 63 47246 0
75 61 47304 1
33 80 47311 0
75 37 47391 1
77 35 47647 1
16 80 47654 0
16 75 47687 0
20 59 47703 1
60 96 47763 0
41 50 47828 1
29 55 47939 1
50 74 47944 0
16 81 48004 0
14 116 48006 0
15 81 48034 0
24 87 48091 0
82 60 48099 0
96 34 48101 1
99 41 48112 1
52 77 48126 0
75 38 48159 1
9 78 48184 0
82 34 48248 1
17 68 48265 0
80 64 48285 0
52 80 48401 0
101 45 48466 1
67 40 48499 1
77 36 48666 1
25 54 48726 1
14 88 48931 0
101 43 49062 1
59 96 49089 0
63 43 49093 1
40 76 49107 0
17 83 49197 0
29 56 49238 1
53 98 49251 0
62 101 49280 0
53 102 49290 0
51 105 49291 0
43 76 49296 0
5 91 49301 0
100 68 49380 1
61 98 49396 0
60 96 49440 0
14 75 49494 0
21 89 49504 0
67 107 49511 0
86 89 49556 0
47 94 49613 0
7 81 49614 0
15 66 49626 0
74 99 49632 0
74 71 49633 1
8 86 49640 0
45 77 49718 0
53 87 49749 0
42 84 49764 0
72 96 49788 0
23 84 49924 0
1 78 49932 0
13 67 50026 0
41 89 50027 0
69 97 50060 0
32 81 50067 0
57 104 50075 0
90 32 50125 1
45 76 50158 0
64 97 50177 0
80 54 50283 0
13 78 50304 0
94 33 50332 1
13 73 50355 0
53 89 50505 0
64 100 50620 0
98 35 50634 1
88 87 50650 0
17 69 50769 0
5 71 50782 0
102 50 50808 1
20 58 50808 1
57 92 50849 0
45 75 50998 0
52 82 51030 0
61 96 51073 0
101 48 51075 1
10 77 51093 0
60 96 51150 0
19 83 51192 0
79 57 51224 0
68 96 51264 0
65 97 51403 0
101 60 51447 1
72 97 51451 0
62 97 51479 0
69 99 51694 0
76 95 51740 0
100 70 51774 1
109 45 51783 1
101 66 51970 1
49 73 51980 0
101 58 52027 1
48 75 52323 0
42 76 52463 0
102 48 52513 1
53 77 52522 0
22 85 52630 0
52 99 52640 0
21 84 52733 0
51 46 52802 1
93 33 52893 1
60 96 52899 0
44 49 52969 1
59 98 53029 0
89 87 53137 0
62 96 53366 0
68 97 53445 0
52 76 53595 0
41 87 53595 0
101 53 53620 1
17 87 53643 0
32 80 53662 0
28 55 53680 1
101 62 53707 1
16 83 53783 0
21 57 53808 1
83 58 53827 0
63 96 53828 0
62 99 53882 0
48 86 53887 0
58 45 53953 1
43 76 54021 0
83 34 54178 1
16 80 54181 0
23 55 54351 1
109 45 54380 0
66 98 54484 0
16 74 54501 0
53 87 54592 0
73 38 54603 1
79 34 54691 1
97 34 54744 1
70 97 54846 0
60 96 54899 0
19 83 54942 0
101 63 55044 1
70 96 55121 0
29 54 55160 1
101 46 55199 1
97 35 55220 1
28 54 55337 1
59 43 55339 1
73 37 55547 1
92 32 55552 1
84 90 55580 0
43 49 55615 1
47 75 55709 0
15 76 55862 0
95 94 55880 1
66 96 55886 0
13 119 55943 1
99 72 55946 1
52 77 55948 0
41 49 55954 1
27 56 56024 1
56 95 56066 0
46 47 56158 1
57 93 56453 0
99 73 56464 1
60 96 56595 0
98 36 56651 1
16 79 56652 0
101 55 56825 1
99 43 56829 1
27 55 56833 1
37 53 56855 1
72 70 56935 1
101 52 56945 1
52 73 57007 0
101 49 57096 1
65 97 57098 0
100 66 57300 1
101 59 57309 1
58 112 57344 0
5 89 57384 0
19 104 57397 0
39 79 57455 0
62 42 57466 1
65 103 57526 0
5 72 57559 0
70 38 57566 1
22 58 57593 1
80 36 57752 1
30 55 57827 1
29 82 57844 0
97 36 57845 1
43 84 57849 0
15 75 57907 0
60 96 57920 0
16 74 58224 0
55 91 58354 0
54 87 58364 0
15 83 58459 0
68 38 58610 1
22 85 58669 0
43 76 58670 0
19 57 58671 1
101 44 58688 1
50 46 59051 1
98 73 59082 1
55 90 59085 0
17 73 59297 0
23 85 59315 0
17 78 59324 0
33 51 59457 1
60 96 59541 0
50 47 59563 1
34 53 59567 1
64 42 59573 1
21 58 59575 1
63 42 59627 1
83 33 59736 1
71 38 59963 1
57 93 60061 0
86 122 60121 1
101 36 60212 1
16 77 60232 0
23 57 60454 1
16 79 60570 0
70 97 60594 0
89 32 60769 1
101 57 61037 1
48 47 61118 1
101 65 61127 1
100 42 61233 1
94 32 61266 1
100 45 61291 1
60 96 61347 0
71 37 61437 1
100 67 61467 1
79 36 61513 1
93 31 61523 1
82 54 61571 0
43 51 61632 1
43 79 61633 0
46 49 61753 1
101 68 61767 1
99 39 61804 1
102 56 61814 1
100 71 61826 1
102 54 61837 1
99 34 61845 1
97 35 61900 1
1 26 61905 1
88 32 61906 1
101 28 61934 1
96 34 61944 1
70 96 61948 0
101 61 61963 1
100 35 61964 1
103 113 61976 1
96 78 62005 1
95 34 62092 1
101 46 62093 1
75 70 62102 1
95 33 62111 1
95 32 62135 1
72 37 62177 1
93 40 62239 1
93 32 62239 1
84 37 62260 1
51 33 62260 1
89 47 62261 1
89 31 62261 1
101 51 62272 1
47 75 62353 0
45 79 62427 0
74 37 62474 1
99 40 62480 1
97 75 62510 1
92 31 62549 1
100 43 62549 1
101 45 62556 1
91 32 62584 1
102 61 62660 1
31 55 62670 1
98 37 62691 1
86 32 62699 1
50 48 62720 1
54 87 62775 0
101 59 62815 1
60 96 62826 0
109 68 62845 1
99 38 62882 1
106 55 62884 1
91 31 62934 1
43 50 62942 1
72 38 63055 1
100 41 63065 1
55 90 63084 0
70 37 63164 1
85 25 63169 1
101 47 63172 1
16 74 63242 0
102 58 63258 1
101 42 63305 1
65 42 63311 1
53 84 63313 0
102 49 63316 1
102 52 63323 1
85 33 63336 1
61 42 63375 1
100 39 63384 1
102 53 63389 1
58 94 63391 0
90 31 63418 1
101 41 63448 1
99 37 63460 1
82 33 63462 1
59 95 63470 0
32 80 63488 0
97 35 63489 1
102 63 63546 1
83 55 63563 0
60 96 63612 0
42 50 63642 1
57 93 63642 0
53 72 63660 0
56 90 63664 0
79 94 63676 0
101 64 63705 1
75 60 63770 1
102 51 63775 1
74 64 63779 1
81 33 63809 1
53 46 63811 1
101 48 63831 1
102 60 63860 1
71 97 63865 0
73 72 63878 1
52 81 63920 0
72 69 63928 1
53 80 63957 0
57 92 63981 0
52 47 64013 1
71 96 64021 0
75 63 64069 1
101 62 64079 1
16 78 64156 0
98 34 64157 1
57 44 64163 1
98 40 64245 1
49 46 64316 1
52 72 64385 0
60 96 64389 0
44 75 64406 0
101 44 64422 1
56 45 64435 1
98 35 64450 1
96 34 64456 1
82 46 64464 1
82 61 64464 0
16 77 64487 0
100 42 64509 1
67 96 64538 0
76 96 64555 0
19 84 64566 0
36 51 64569 1
43 76 64591 0
75 71 64611 1
94 32 64632 1
38 52 64646 1
83 54 64654 0
19 83 64658 0
53 75 64685 0
101 60 64701 1
98 36 64724 1
53 87 64740 0
49 47 64755 1
46 48 64756 1
92 32 64777 1
27 54 64780 1
67 97 64823 0
53 45 64847 1
88 31 64867 1
94 31 64870 1
99 39 64880 1
72 67 64928 1
81 54 64952 0
41 76 64961 0
22 84 64996 0
33 54 65007 1
21 83 65032 0
60 96 65034 0
81 34 65061 1
52 73 65069 0
87 88 65077 0
16 79 65082 0
101 66 65092 1
102 45 65109 1
101 46 65109 1
72 96 65123 0
73 68 65131 1
101 67 65136 1
24 56 65140 1
47 48 65173 1
73 71 65225 1
102 54 65231 1
99 35 65262 1
37 51 65268 1
103 55 65275 1
33 55 65280 1
93 27 65315 1
91 30 65318 1
55 45 65350 1
24 55 65374 1
96 33 65389 1
69 96 65396 0
77 69 65399 1
36 78 65447 0
53 77 65465 0
85 89 65509 0
50 73 65521 0
95 33 65548 1
58 93 65604 0
63 97 65654 0
60 96 65664 0
82 54 65692 0
65 97 65692 0
61 43 65713 1
63 96 65724 0
101 45 65724 1
75 61 65728 1
35 53 65782 1
52 46 65782 1
101 63 65783 1
66 96 65791 0
72 68 65791 1
74 70 65797 1
69 97 65802 0
76 36 65803 1
16 73 65815 0
61 96 65836 0
59 44 65857 1
52 79 65860 0
45 75 65871 0
77 95 65908 0
58 43 65912 1
99 70 65924 1
22 85 65939 0
58 94 65946 0
24 84 65972 0
58 95 66013 0
103 42 66023 1
47 49 66044 1
17 76 66051 0
30 55 66054 1
74 37 66077 1
56 90 66086 0
54 87 66114 0
97 35 66119 1
53 79 66121 0
83 59 66148 0
78 36 66172 1
70 97 66197 0
16 71 66205 0
23 56 66242 1
32 56 66251 1
73 97 66259 0
100 69 66275 1
22 56 66280 1
62 96 66287 0
68 96 66323 0
60 96 66334 0
76 59 66351 1
79 35 66358 1
40 50 66383 1
102 57 66400 1
100 44 66449 1
44 48 66490 1
93 31 66497 1
81 92 66520 0
57 93 66536 0
17 62 66541 0
75 37 66545 1
74 97 66568 0
99 36 66575 1
102 50 66581 1
102 48 66592 1
55 90 66597 0
78 95 66607 0
102 56 66617 1
46 76 66620 0
93 32 66626 1
53 80 66645 0
75 96 66647 0
101 43 66649 1
25 84 66663 0
76 95 66666 0
16 86 66672 0
16 67 66681 0
69 39 66685 1
57 92 66688 0
99 42 66700 1
30 54 66718 1
102 47 66724 1
15 81 66736 0
83 33 66739 1
102 46 66754 1
101 61 66799 1
53 84 66803 0
100 68 66803 1
99 38 66808 1
18 83 66820 0
31 81 66840 0
18 86 66841 0
21 84 66849 0
53 88 66860 0
14 87 66871 0
51 89 66874 0
17 84 66891 0
67 98 66895 0
20 85 66895 0
82 59 66904 0
15 68 66905 0
53 72 66920 0
30 82 66937 0
75 97 66942 0
15 85 66942 0
57 97 66946 0
46 116 66966 0
30 80 66972 0
64 97 66978 0
60 96 66979 0
16 75 67039 0
70 96 67045 0
19 82 67046 0
28 81 67067 0
29 55 67124 1
58 44 67169 1
40 76 67191 0
60 97 67196 0
98 74 67201 1
102 55 67218 1
100 41 67228 1
73 70 67239 1
18 84 67264 0
75 59 67266 1
102 58 67270 1
101 65 67311 1
73 69 67312 1
101 56 67342 1
37 7 67348 0
23 98 67350 0
98 75 67383 1
101 58 67453 1
31 54 67502 1
17 68 67509 0
31 82 67513 0
34 79 67533 0
109 45 67541 1
97 34 67579 1
56 95 67579 0
64 41 67592 1
83 90 67592 0
32 55 67618 1
47 47 67636 1
23 84 67643 0
73 37 67666 1
59 95 67687 0
16 78 67692 0
60 96 67711 0
16 77 67721 0
102 59 67744 1
39 77 67757 0
59 97 67793 0
34 54 67827 1
41 50 67846 1
35 79 67884 0
16 74 67994 0
92 31 68005 1
17 64 68024 0
18 61 68025 0
109 45 68043 0
44 49 68045 1
71 37 68060 1
38 50 68085 1
66 97 68090 0
71 38 68095 1
75 70 68095 1
15 73 68112 0
36 53 68168 1
17 69 68186 0
102 49 68213 1
91 32 68226 1
44 75 68277 0
60 96 68293 0
27 82 68302 0
97 76 68380 1
48 75 68385 0
75 62 68385 1
46 89 68404 0
17 85 68406 0
47 75 68410 0
29 81 68415 0
58 93 68416 0
61 97 68443 0
60 43 68450 1
21 83 68455 0
51 81 68470 0
96 34 68511 1
11 76 68536 0
102 52 68594 1
22 84 68615 0
87 32 68621 1
57 45 68635 1
40 75 68656 0
30 81 68660 0
56 109 68666 0
81 62 68686 0
28 54 68697 1
19 83 68703 0
100 40 68709 1
16 81 68734 0
26 54 68738 1
17 78 68763 0
12 81 68763 0
16 80 68772 0
17 63 68787 0
17 61 68860 0
51 87 68882 0
16 79 68919 0
33 92 68930 0
65 100 68934 0
60 96 68968 0
56 44 69015 1
72 38 69029 1
65 41 69030 1
27 85 69049 0
51 46 69049 1
51 47 69074 1
31 80 69135 0
8 75 69141 0
14 83 69166 0
26 55 69169 1
72 37 69171 1
40 51 69268 1
16 70 69277 0
77 36 69310 1
72 97 69324 0
53 79 69332 0
89 30 69334 1
27 54 69398 1
102 62 69436 1
74 71 69444 1
31 87 69453 0
13 77 69460 0
79 67 69461 0
85 32 69469 1
32 80 69476 0
100 42 69480 1
60 96 69506 0
25 89 69527 0
71 96 69535 0
16 73 69553 0
15 78 69567 0
46 74 69576 0
53 80 69621 0
94 32 69685 1
51 82 69732 0
16 72 69787 0
53 75 69795 0
101 54 69809 1
23 85 69818 0
28 84 69842 0
17 73 69872 0
64 42 69878 1
28 83 69887 0
83 58 69897 0
90 30 69925 1
29 54 69931 1
84 33 70003 1
54 87 70022 0
25 56 70063 1
69 96 70079 0
25 55 70093 1
45 49 70163 1
16 62 70168 0
60 96 70230 0
63 97 70378 0
72 69 70448 1
41 51 70448 1
33 80 70460 0
43 49 70467 1
52 77 70476 0
56 92 70477 0
83 59 70485 0
89 31 70493 1
55 90 70502 0
20 91 70533 0
82 54 70542 0
14 79 70557 0
83 54 70607 0
78 35 70621 1
60 96 70627 0
30 55 70634 1
57 93 70643 0
75 60 70644 1
91 31 70648 1
57 92 70654 0
50 47 70684 1
87 31 70744 1
53 77 70786 0
101 52 70788 1
16 78 70819 0
62 41 70834 1
101 59 70893 1
53 72 70920 0
81 66 71022 0
76 70 71040 1
99 39 71051 1
60 96 71241 0
87 89 71336 0
45 48 71364 1
99 40 71420 1
19 84 71446 0
80 35 71456 1
16 77 71562 0
23 45 71650 1
82 60 71707 0
96 77 71723 1
26 85 71758 0
58 94 71776 0
14 72 71799 0
68 97 71843 0
17 76 71850 0
58 93 71851 0
60 96 71908 0
63 98 71983 0
61 108 72055 0
16 75 72096 0
82 52 72114 0
55 101 72148 0
102 51 72202 1
61 42 72232 1
102 53 72249 1
17 64 72265 0
54 46 72279 1
62 42 72288 1
101 62 72310 1
33 54 72505 1
60 96 72532 0
17 68 72559 0
98 35 72604 1
21 91 72640 0
25 84 72656 0
99 71 72662 1
70 95 72689 0
10 30 72697 0
15 83 72727 0
81 63 72750 0
90 31 72772 1
21 84 72811 0
66 97 72815 0
39 50 72877 1
45 75 73047 0
53 86 73084 0
53 79 73238 0
98 36 73260 1
60 96 73308 0
102 44 73355 1
69 37 73370 1
73 66 73395 1
17 62 73474 0
95 33 73500 1
53 78 73540 0
50 99 73589 0
40 75 73670 0
19 82 73680 0
52 47 73681 1
16 74 73696 0
32 53 73697 1
55 97 73747 0
53 47 73794 1
17 69 73800 0
16 72 73822 0
15 87 73837 0
16 70 73852 0
16 73 73897 0
18 83 73975 0
37 52 73996 1
57 94 74142 0
37 76 74156 0
56 90 74164 0
60 96 74196 0
32 54 74369 1
16 78 74405 0
56 92 74482 0
96 33 74567 1
23 84 74717 0
15 81 74737 0
50 48 74773 1
50 82 74795 0
18 82 74879 0
86 89 74989 0
16 79 75038 0
43 76 75044 0
53 88 75076 0
37 7 75086 1
62 97 75087 0
24 84 75097 0
88 86 75132 0
101 55 75158 1
95 31 75279 1
99 37 75305 1
70 97 75312 0
101 44 75349 1
97 36 75384 1
101 64 75397 1
101 25 75431 1
60 96 75625 0
71 31 75653 1
69 38 75750 1
100 39 75767 1
82 34 75802 1
99 38 75864 1
19 83 75950 0
67 96 76028 0
63 97 76051 0
25 54 76115 1
77 70 76135 1
102 54 76329 1
30 54 76375 1
95 32 76436 1
53 46 76436 1
70 37 76445 1
34 53 76491 1
101 96 76523 1
27 55 76636 1
59 43 76651 1
92 32 76737 1
62 96 76766 0
88 32 76767 1
39 52 76817 1
46 49 76846 1
65 97 76853 0
53 78 76928 0
75 61 77119 1
39 51 77121 1
45 47 77280 1
86 32 77287 1
74 37 77307 1
101 46 77340 1
94 30 77457 1
47 46 77570 1
100 37 77576 1
17 81 77584 0
97 33 77585 1
15 84 77637 0
81 35 77639 1
29 55 77641 1
82 61 77645 0
16 77 77693 0
63 96 77785 0
22 85 77788 0
101 45 77806 1
66 96 77916 0
102 57 77935 1
42 50 77981 1
34 80 77993 0
17 77 77995 0
102 40 78087 1
101 48 78088 1
92 30 78163 1
83 34 78166 1
18 82 78307 0
63 101 78326 0
68 96 78353 0
51 91 78416 0
55 90 78442 0
69 97 78454 0
63 117 78584 0
27 83 78605 0
66 97 78644 0
84 53 78652 0
96 32 78691 1
16 72 78691 0
17 64 78737 0
18 81 78762 0
43 50 78790 1
61 96 78791 0
13 80 78808 0
16 63 78813 0
57 93 78827 0
47 75 78859 0
9 78 78881 0
100 41 78935 1
17 78 79019 0
16 71 79058 0
56 92 79062 0
58 93 79063 0
53 81 79084 0
52 71 79106 0
80 34 79113 1
40 77 79160 0
70 96 79199 0
39 76 79215 0
58 96 79217 0
29 83 79229 0
16 78 79231 0
32 0 79237 0
23 88 79244 0
97 35 79258 1
101 43 79416 1
18 63 79452 0
53 83 79487 0
14 70 79492 0
50 46 79566 1
61 41 79571 1
100 38 79687 1
16 65 79703 0
36 80 79740 0
16 70 79764 0
102 48 79811 1
14 73 79856 0
16 66 79860 0
24 55 79866 1
52 46 79910 1
102 47 79931 1
79 94 80029 0
102 60 80059 1
22 84 80066 0
101 42 80084 1
82 33 80127 1
16 73 80145 0
93 32 80160 1
95 34 80340 1
75 63 80402 1
69 95 80414 0
84 56 80465 0
102 50 80492 1
83 59 80505 0
17 66 80515 0
74 96 80617 0
53 82 80642 0
97 34 80667 1
101 67 80735 1
84 90 80755 0
54 87 80796 0
102 61 81066 1
46 74 81096 0
102 43 81175 1
26 82 81199 0
17 77 81248 0
102 49 81248 1
53 78 81274 0
79 32 81276 1
88 30 81294 1
17 81 81307 0
38 77 81325 0
94 32 81326 1
72 96 81329 0
17 83 81369 0
49 86 81397 0
34 79 81482 0
116 88 81590 1
73 37 81591 1
32 82 81938 0
58 100 81966 0
101 66 81971 1
31 55 81975 1
21 83 81978 0
74 36 81993 1
18 81 82067 0
67 97 82089 0
18 82 82097 0
94 31 82188 1
28 54 82208 1
57 103 82292 0
100 70 82300 1
53 81 82455 0
54 91 82493 0
98 31 82510 1
75 36 82566 1
102 64 82627 1
104 60 82642 1
97 29 82643 1
73 71 82648 1
82 54 82678 0
97 77 82813 1
18 80 82875 0
73 67 82921 1
49 47 82955 1
53 83 82970 0
17 73 83035 0
53 102 83051 1
57 91 83189 0
34 44 83190 1
101 68 83232 1
70 36 83291 1
17 80 83351 0
97 1 83438 1
103 58 83449 1
73 69 83474 1
83 21 83829 1
48 48 83834 1
42 49 83987 1
54 45 84112 1
101 61 84159 1
92 31 84183 1
57 105 84199 0
53 82 84271 0
101 63 84289 1
69 96 84305 0
53 84 84311 0
58 45 84341 1
35 80 84348 0
52 73 84401 0
30 61 84448 1
101 65 84536 1
60 42 84537 1
74 70 84598 1
62 95 84944 0
56 92 84982 0
93 31 85034 1
64 41 85042 1
75 96 85143 0
52 72 85189 0
29 54 85195 1
12 80 85204 0
30 80 85318 0
17 77 85484 0
74 65 85525 1
31 54 85607 1
16 74 85619 0
84 56 85626 0
77 97 85645 0
70 38 85666 1
73 68 85802 1
45 88 85868 0
26 84 85870 0
17 81 85898 0
102 46 86026 1
16 78 86128 0
13 84 86156 0
17 72 86190 0
102 52 86226 1
74 96 86227 0
98 34 86268 1
16 66 86302 0
55 45 86336 1
51 82 86347 0
57 92 86457 0
53 88 86589 0
63 97 86631 0
17 66 86649 0
56 45 86724 1
102 55 86745 1
101 60 86768 1
57 91 86790 0
81 53 86816 0
12 75 86861 0
53 81 86886 0
53 83 86891 0
50 85 86894 0
56 93 86916 0
75 37 86926 1
15 81 86930 0
51 79 86973 0
16 65 86986 0
81 64 87019 0
5 77 87133 0
13 76 87148 0
56 95 87189 0
66 101 87197 0
19 81 87207 0
17 80 87236 0
16 72 87254 0
88 31 87291 1
31 84 87344 0
16 64 87382 0
53 79 87425 0
63 104 87467 0
48 74 87619 0
54 90 87769 0
15 71 87839 0
64 98 87914 0
80 67 87925 0
48 90 87989 0
3 75 88005 0
42 78 88006 0
17 63 88329 0
101 44 88650 1
102 58 88735 1
74 73 88796 1
83 91 88829 0
26 83 88838 0
23 85 88902 0
62 95 88907 0
12 84 88926 0
38 101 89103 0
59 96 89104 0
69 98 89124 0
102 56 89140 1
53 78 89155 0
72 37 89196 1
100 40 89399 1
102 53 89399 1
99 36 89409 1
98 35 89454 1
18 80 89479 0
16 70 89481 0
40 50 89529 1
53 82 89554 0
102 51 89574 1
64 99 89581 0
102 59 89780 1
55 95 89932 0
85 89 89943 0
45 101 89972 0
17 85 90042 0
44 75 90092 0
96 33 90122 1
18 81 90122 0
75 71 90199 1
52 71 90221 0
71 96 90338 0
102 45 90351 1
48 75 90509 0
71 37 90602 1
74 69 90836 1
81 34 90853 1
102 54 90855 1
66 97 90905 0
76 95 90997 0
99 38 91024 1
41 86 91070 0
57 98 91121 0
53 80 91137 0
74 66 91205 1
74 96 91269 0
17 72 91326 0
35 78 91339 0
76 97 91355 0
57 91 91371 0
63 41 91396 1
75 69 91425 1
96 34 91441 1
53 83 91490 0
67 96 91490 0
60 95 91596 0
64 97 91598 0
17 68 91626 0
56 90 91667 0
81 53 91702 0
49 75 91725 0
46 48 91727 1
73 70 91794 1
36 79 91795 0
32 80 91803 0
100 39 91827 1
83 52 91836 0
102 49 91857 1
17 80 91864 0
82 52 91880 0
81 91 91908 0
53 72 91934 0
99 39 91974 1
41 50 92017 1
88 87 92026 0
99 37 92027 1
83 55 92097 0
95 33 92099 1
20 84 92134 0
76 60 92157 1
59 95 92163 0
65 96 92182 0
63 96 92235 0
91 31 92270 1
18 82 92320 0
99 72 92401 1
76 59 92452 1
19 58 92493 1
68 96 92540 0
45 75 92608 0
62 95 92610 0
84 53 92618 0
23 55 92644 1
17 79 92657 0
16 65 92705 0
48 74 92710 0
37 77 92717 0
46 74 92763 0
53 81 92768 0
51 46 92783 1
84 56 92786 0
102 44 92915 1
77 95 92926 0
17 69 92973 0
19 91 93022 0
16 79 93024 0
17 64 93030 0
17 76 93094 0
42 79 93108 0
49 46 93172 1
9 78 93226 0
8 60 93226 0
17 81 93290 0
53 77 93372 0
102 48 93379 1
66 96 93412 0
95 32 93425 1
62 104 93431 0
75 62 93439 1
102 57 93446 1
5 74 93450 0
15 65 93469 0
15 79 93470 0
63 106 93474 0
58 93 93474 0
19 82 93478 0
19 83 93482 0
71 97 93518 0
49 78 93539 0
80 93 93558 0
17 77 93582 0
17 78 93603 0
54 89 93685 0
58 102 93699 0
58 94 93712 0
49 90 93722 0
15 92 93728 0
23 84 93842 0
15 74 93886 0
62 98 93920 0
29 53 93937 1
62 96 93950 0
16 66 93951 0
11 87 93957 0
81 64 93972 0
53 75 94011 0
56 91 94061 0
55 88 94084 0
27 54 94105 1
102 65 94136 1
57 44 94148 1
47 74 94154 0
71 38 94186 1
83 33 94217 1
35 79 94250 0
100 41 94314 1
18 61 94336 0
22 82 94348 0
102 58 94386 1
91 30 94616 1
76 36 94624 1
26 54 94645 1
54 91 94677 0
70 95 94766 0
21 84 94768 0
40 75 94771 0
30 55 94805 1
57 92 94956 0
27 53 94967 1
19 85 94990 0
47 81 95021 0
70 97 95022 0
84 32 95093 1
31 80 95184 0
13 75 95231 0
60 95 95270 0
80 63 95304 0
29 81 95333 0
102 63 95356 1
31 53 95369 1
85 90 95402 0
74 37 95450 1
53 76 95459 0
90 31 95460 1
99 73 95461 1
100 42 95488 1
102 62 95518 1
18 63 95532 0
51 47 95547 1
56 92 95586 0
16 77 95612 0
80 94 95620 0
84 33 95634 1
53 82 95638 0
77 36 95667 1
94 32 95684 1
43 80 95724 0
68 39 95823 1
34 54 95995 1
33 55 96038 1
87 32 96045 1
17 66 96114 0
30 54 96148 1
101 62 96164 1
72 38 96171 1
89 31 96220 1
17 80 96242 0
52 95 96251 0
45 78 96261 0
54 72 96268 0
18 85 96284 0
21 83 96285 0
17 79 96306 0
35 53 96371 1
15 81 96378 0
17 73 96389 0
51 90 96446 0
101 64 96471 1
32 81 96494 0
68 97 96519 0
102 47 96542 1
81 33 96566 1
52 83 96592 0
15 83 96601 0
34 53 96733 1
63 95 96746 0
102 50 96774 1
27 84 96778 0
52 100 96789 0
33 82 96808 0
16 78 96814 0
102 60 96815 1
54 84 96884 0
59 42 96943 1
43 48 96969 1
57 91 96970 0
17 72 96974 0
47 48 97084 1
20 84 97113 0
95 79 97144 1
17 68 97195 0
18 83 97196 0
16 73 97205 0
82 55 97205 0
61 43 97309 1
55 86 97311 0
100 69 97329 1
74 96 97346 0
52 45 97388 1
102 42 97465 1
97 33 97493 1
101 40 97527 1
81 66 97558 0
55 88 97562 0
43 49 97578 1
73 96 97585 0
44 49 97600 1
103 30 97656 1
48 47 97657 1
22 57 97748 1
65 96 97803 0
32 54 97813 1
97 26 97820 1
46 46 97862 1
28 53 97866 1
53 73 97884 0
26 55 97906 1
55 89 97910 0
79 36 97958 1
56 91 98151 0
18 77 98197 0
64 96 98252 0
101 43 98387 1
97 35 98468 1
25 83 98615 0
102 52 98623 1
102 56 98634 1
47 74 98645 0
54 88 98655 0
100 68 98729 1
97 75 98769 1
77 98 98792 0
18 81 98952 0
102 53 99069 1
96 31 99071 1
76 70 99167 1
19 81 99213 0
50 89 99313 0
109 45 99316 1
101 45 99429 1
54 89 99436 0
75 61 99549 1
16 65 99551 0
18 84 99562 0
58 44 99634 1
54 84 99732 0
16 84 99762 0
47 95 99763 0
35 26 99782 0
97 34 99788 1
53 102 99794 0
81 53 99834 0
60 95 99840 0
79 34 99968 1
26 87 100013 0
79 65 100041 0
66 40 100115 1
94 31 100189 1
18 80 100220 0
65 41 100251 1
17 65 100338 0
54 72 100465 0
54 76 100557 0
102 46 100576 1
109 45 100584 0
53 78 100803 0
25 55 100859 1
53 76 100980 0
18 82 101015 0
24 54 101040 1
56 44 101240 1
20 82 101327 0
76 96 101343 0
103 40 101461 1
90 30 101464 1
58 92 101499 0
55 86 101631 0
55 88 101723 0
65 34 101780 1
93 30 101849 1
32 53 101884 1
17 79 101908 0
23 56 101952 1
81 32 102003 1
17 77 102064 0
18 69 102072 0
101 41 102098 1
50 47 102109 1
53 83 102116 0
93 84 102180 1
49 74 102183 0
9 4 102185 1
55 89 102196 0
20 84 102213 0
83 61 102251 0
85 32 102406 1
74 71 102423 1
72 28 102454 1
103 56 102519 1
100 34 102531 1
74 68 102542 1
101 51 102572 1
59 41 102572 1
83 58 102623 0
70 37 102663 1
75 70 102669 1
57 90 102764 0
63 95 102813 0
93 31 102821 1
64 96 102892 0
62 95 102932 0
64 42 102945 1
102 61 102967 1
17 69 102973 0
73 37 103001 1
54 84 103141 0
24 56 103153 1
29 54 103172 1
15 77 103255 0
80 66 103380 0
28 54 103414 1
101 44 103470 1
105 45 103490 1
48 74 103527 0
44 48 103611 1
70 96 103732 0
100 38 103770 1
93 27 103773 1
56 91 103883 0
69 95 104004 0
37 50 104059 1
52 47 104059 1
23 3 104140 1
98 35 104164 1
103 53 104244 1
109 68 104262 1
101 42 104304 1
0 0 104323 0
125 1 104337 1
14 48 104378 1
22 55 104418 1
105 46 104437 1
33 122 104494 1
89 28 104525 1
59 44 104586 1
94 125 104589 1
35 26 104612 1
65 39 104774 1
82 53 104979 0
92 31 104983 1
73 96 105024 0
104 116 105024 1
86 2 105041 1
105 92 105064 1
33 54 105069 1
102 41 105072 1
58 92 105218 0
54 88 105276 0
100 40 105313 1
101 65 105314 1
99 36 105335 1
23 53 105341 1
72 36 105342 1
41 49 105350 1
99 62 105360 1
53 73 105379 0
98 74 105379 1
102 51 105399 1
114 19 105400 1
98 34 105566 1
42 75 105576 0
91 32 105790 1
101 66 105822 1
96 33 105865 1
17 61 105940 0
39 46 106164 1
78 94 106220 0
79 69 106277 1
24 84 106377 0
62 42 106476 1
101 67 106481 1
111 59 106533 1
25 83 106552 0
23 86 106592 0
20 82 106641 0
60 95 106676 0
103 57 106780 1
102 54 106813 1
102 49 106857 1
17 75 106866 0
17 81 106915 0
17 65 106999 0
52 84 107154 0
17 62 107169 0
17 80 107266 0
54 89 107504 0
55 87 107533 0
72 95 107570 0
96 32 107590 1
53 79 107595 0
71 37 107607 1
15 74 107724 0
22 84 107786 0
46 75 107809 0
55 89 108087 0
72 96 108146 0
20 84 108210 0
99 71 108264 1
89 30 108299 1
53 81 108305 0
47 74 108332 0
44 84 108481 0
35 26 108513 0
20 93 108516 0
15 81 108536 0
53 46 108549 1
13 87 108624 0
31 54 108625 1
38 51 108639 1
102 59 108665 1
13 91 108690 0
57 90 108868 0
83 60 108875 0
54 84 108913 0
101 69 108973 1
82 55 108975 0
54 91 109140 0
54 72 109191 0
77 35 109520 1
16 66 109524 0
56 100 109532 0
75 64 109599 1
52 46 109617 1
55 88 109624 0
74 64 109708 1
72 37 109714 1
39 50 109941 1
100 39 109960 1
61 95 109968 0
83 59 110295 0
99 37 110350 1
53 76 110418 0
17 71 110463 0
102 45 110488 1
27 50 110499 1
89 86 110647 0
19 80 110692 0
100 82 110734 1
64 96 110798 0
82 53 110967 0
87 31 110976 1
55 96 111104 0
42 75 111377 0
29 86 111471 0
49 92 111482 0
52 88 111793 0
16 65 112026 0
56 91 112228 0
56 89 112293 0
38 76 112357 0
41 94 112485 0
93 32 112698 1
54 71 112799 0
77 96 112951 0
102 48 113043 1
17 75 113083 0
52 78 113101 0
79 66 113129 0
15 80 113162 0
16 82 113327 0
92 30 113345 1
8 70 113355 0
9 78 113472 0
54 88 113589 0
68 38 113602 1
30 53 113683 1
58 92 113701 0
16 67 113764 0
44 76 113884 0
50 46 113911 1
102 57 114014 1
55 87 114043 0
56 99 114054 0
38 78 114122 0
95 32 114130 1
54 76 114179 0
46 75 114411 0
23 116 114726 1
69 96 114987 0
36 78 115037 0
65 96 115062 0
18 72 115122 0
104 65 115136 1
78 94 115371 0
93 91 115394 1
95 31 115488 1
102 63 115491 1
81 64 115569 0
102 58 115581 1
74 36 115613 1
59 92 115782 0
18 62 115804 0
103 62 115832 1
102 55 115968 1
73 68 115998 1
16 76 116008 0
41 86 116133 0
15 81 116276 0
73 69 116289 1
102 43 116345 1
56 89 116370 0
99 35 116471 1
61 95 116495 0
65 98 116523 0
17 71 116532 0
100 37 116532 1
86 88 116553 0
53 80 116557 0
83 54 116583 0
84 57 116676 0
12 83 116782 0
66 102 116828 0
86 32 116869 1
102 53 116922 1
102 52 116984 1
87 88 116985 0
102 56 117004 1
49 73 117038 0
102 60 117149 1
24 83 117233 0
100 74 117260 1
43 75 117263 0
105 78 117273 1
94 32 117332 1
75 36 117509 1
102 64 117521 1
3 3 117558 1
45 48 117558 1
55 45 117675 1
102 46 117695 1
69 97 117788 0
117 107 117805 1
73 36 117903 1
105 65 117915 1
82 52 117989 0
71 96 118094 0
33 80 118220 0
46 74 118222 0
82 64 118271 0
98 33 118277 1
55 86 118327 0
47 47 118378 1
72 95 118410 0
33 53 118499 1
54 86 118507 0
74 96 118569 0
17 76 118634 0
82 33 118652 1
42 75 118654 0
102 44 118702 1
94 31 118703 1
61 96 118740 0
72 97 118763 0
29 55 118800 1
83 60 118809 0
57 91 118827 0
56 90 118873 0
74 70 118895 1
54 99 118923 0
34 79 118928 0
62 41 118945 1
40 50 118996 1
83 52 119046 0
76 62 119113 1
23 83 119129 0
97 33 119149 1
102 62 119151 1
68 96 119183 0
18 60 119217 0
64 41 119241 1
34 53 119286 1
63 95 119329 0
67 40 119357 1
83 57 119371 0
84 53 119377 0
76 61 119394 1
54 71 119403 0
80 33 119420 1
17 63 119421 0
79 35 119428 1
66 96 119460 0
78 35 119510 1
17 78 119514 0
54 80 119532 0
54 84 119559 0
19 83 119563 0
19 82 119573 0
102 54 119599 1
62 95 119627 0
77 69 119721 1
73 66 119732 1
14 74 119781 0
44 75 119793 0
98 75 119807 1
12 94 119839 0
13 78 119856 0
93 31 119880 1
102 66 119983 1
49 47 120011 1
87 87 120035 0
91 31 120102 1
55 89 120116 0
83 53 120141 0
73 96 120160 0
30 80 120186 0
17 68 120241 0
51 46 120246 1
36 53 120252 1
67 96 120267 0
80 66 120356 0
16 80 120363 0
56 89 120373 0
30 54 120412 1
49 74 120468 0
46 47 120508 1
48 46 120543 1
25 83 120605 0
88 31 120630 1
28 81 120702 0
76 59 120722 1
17 65 120745 0
58 93 120753 0
70 95 120756 0
17 32 120781 1
17 64 120781 0
102 49 120786 1
17 72 120812 0
82 55 120830 0
50 45 120831 1
27 54 120837 1
17 67 120849 0
100 39 120859 1
17 77 120895 0
17 73 120922 0
53 45 120932 1
43 37 120945 1
97 76 120951 1
42 49 120963 1
100 40 121006 1
17 66 121009 0
16 68 121020 0
74 37 121044 1
20 82 121061 0
104 65 121061 1
0 119 121079 1
84 56 121111 0
52 74 121142 0
18 80 121143 0
57 90 121214 0
82 53 121241 0
75 96 121271 0
17 79 121374 0
76 69 121386 1
32 53 121483 1
53 74 121530 0
21 83 121587 0
80 35 121590 1
20 84 121624 0
55 87 121646 0
75 60 121660 1
126 25 121675 1
74 69 121785 1
46 75 121814 0
100 38 121837 1
31 53 121890 1
29 53 121905 1
87 30 121918 1
86 31 121952 1
78 34 121972 1
63 96 121994 0
37 78 122006 0
18 81 122029 0
94 28 122061 1
71 36 122061 1
21 82 122064 0
102 67 122110 1
32 80 122130 0
99 36 122132 1
115 59 122173 1
77 70 122176 1
75 69 122300 1
61 42 122330 1
65 95 122421 0
90 31 122443 1
102 58 122475 1
89 31 122491 1
26 54 122638 1
101 44 122659 1
102 61 122764 1
41 50 122765 1
22 82 122803 0
96 78 122859 1
17 71 122862 0
25 54 122881 1
101 41 122892 1
27 53 122896 1
83 33 122924 1
17 69 122952 0
17 75 122959 0
98 35 122995 1
55 84 123018 0
43 75 123032 0
58 92 123045 0
81 34 123056 1
50 86 123072 0
74 67 123101 1
59 93 123198 0
75 63 123206 1
52 98 123296 0
48 74 123310 0
18 77 123322 0
40 49 123347 1
16 76 123381 0
54 46 123444 1
49 45 123471 1
38 52 123559 1
57 92 123648 0
79 94 123757 0
19 81 123768 0
102 47 123778 1
55 44 123818 1
114 41 123872 1
88 29 123892 1
100 72 123894 1
87 17 123922 1
26 53 123951 1
98 34 123961 1
35 51 123986 1
54 45 124012 1
54 87 124070 0
26 82 124081 0
47 75 124107 0
24 83 124114 0
76 36 124171 1
65 97 124194 0
101 42 124223 1
35 26 124236 1
54 80 124269 0
77 34 124288 1
57 44 124309 1
104 47 124381 1
73 70 124513 1
53 73 124544 0
61 95 124578 0
66 97 124632 0
32 79 124657 0
84 32 124765 1
104 65 124800 1
81 25 124807 1
65 40 124810 1
51 45 124813 1
23 83 124835 0
107 46 124841 1
51 82 124995 0
33 79 125039 0
103 39 125040 1
54 86 125103 0
57 37 125135 1
69 37 125293 1
76 60 125330 1
17 82 125348 0
86 88 125403 0
30 55 125413 1
99 72 125460 1
83 30 125482 1
23 45 125602 1
38 50 125694 1
73 67 125701 1
116 53 125735 1
16 75 125778 0
26 83 125804 0
80 34 125881 1
18 82 125881 0
102 38 125890 1
56 45 126019 1
60 43 126024 1
74 36 126084 1
101 66 126092 1
101 68 126112 1
17 67 126230 0
32 54 126277 1
43 49 126317 1
83 53 126325 0
96 77 126382 1
95 94 126452 0
84 57 126465 0
84 55 126681 0
51 47 127004 1
47 74 127058 0
28 54 127111 1
53 82 127139 0
54 76 127236 0
75 33 127268 1
54 85 127272 0
95 32 127362 1
102 57 127364 1
102 56 127592 1
29 82 127615 0
62 96 127659 0
55 88 127713 0
98 32 127770 1
59 93 127893 0
102 45 127955 1
91 30 128024 1
102 46 128039 1
29 54 128135 1
67 39 128146 1
96 32 128180 1
37 79 128358 0
56 89 128397 0
44 76 128426 0
99 37 128436 1
7 84 128436 0
67 97 128451 0
102 59 128526 1
5 74 128534 0
68 60 128578 1
78 94 128620 0
30 81 128634 0
67 100 128651 0
17 80 128733 0
77 36 128777 1
86 89 128804 0
45 19 128866 1
64 96 128922 0
18 63 128925 0
90 30 128951 1
21 56 128961 1
103 44 129025 1
71 37 129133 1
95 31 129161 1
102 51 129171 1
40 75 129241 0
2 76 129316 0
70 96 129356 0
15 67 129371 0
97 33 129416 1
102 53 129418 1
60 95 129419 0
50 75 129455 0
99 34 129640 1
102 52 129685 1
94 31 129698 1
102 75 129742 0
102 60 129742 1
37 51 129779 1
92 31 129787 1
103 51 129789 1
100 39 129820 1
69 95 129882 0
103 47 129894 1
84 54 129915 0
83 32 129932 1
102 43 129962 1
55 86 130018 0
102 54 130034 1
45 83 130081 0
93 30 130083 1
101 65 130179 1
77 58 130211 1
63 97 130255 0
100 37 130267 1
76 70 130284 1
73 97 130352 0
45 75 130392 0
59 92 130431 0
59 99 130454 0
101 43 130484 1
55 71 130504 0
48 94 130523 0
72 96 130528 0
15 81 130534 0
83 57 130537 0
18 69 130602 0
99 35 130634 1
109 45 130639 1
73 69 130672 1
51 86 130674 0
16 72 130753 0
101 40 130758 1
16 68 130766 0
13 70 130769 0
101 64 130789 1
54 89 130825 0
102 63 130845 1
57 91 130857 0
85 30 130859 1
85 55 130900 0
109 45 130967 0
104 65 131023 1
54 71 131024 0
55 83 131037 0
99 39 131040 1
76 95 131042 0
102 42 131070 1
102 58 131072 1
75 61 131084 1
75 70 131091 1
54 72 131094 0
31 79 131158 0
53 74 131231 0
17 77 131233 0
43 75 131257 0
21 82 131330 0
102 74 131333 0
102 44 131333 1
99 73 131371 1
85 89 131437 0
103 45 131446 1
54 86 131470 0
101 41 131503 1
100 70 131508 1
88 1 131518 1
15 74 131527 0
101 39 131530 1
103 48 131561 1
100 71 131609 1
99 36 131635 1
83 61 131662 0
102 65 131700 1
35 78 131729 0
44 49 131788 1
54 80 131809 0
49 46 131856 1
94 30 131914 1
63 95 131923 0
83 52 131965 0
62 95 131990 0
71 38 131991 1
19 80 132010 0
34 53 132035 1
100 38 132060 1
84 33 132060 1
59 94 132074 0
65 96 132133 0
38 48 132167 1
82 64 132169 0
59 93 132170 0
17 67 132227 0
101 38 132246 1
83 59 132251 0
17 76 132267 0
17 68 132279 0
17 82 132300 0
17 78 132311 0
38 76 132353 0
20 82 132379 0
82 61 132389 0
75 71 132445 1
54 85 132448 0
68 98 132488 0
18 61 132491 0
102 48 132529 1
83 58 132535 0
28 53 132536 1
17 71 132559 0
33 54 132587 1
55 84 132594 0
100 36 132662 1
47 89 132675 0
35 53 132677 1
19 82 132691 0
93 31 132711 1
27 82 132724 0
103 49 132738 1
83 53 132814 0
54 84 132815 0
52 71 132830 0
102 62 132839 1
72 95 132869 0
84 55 132915 0
86 30 132968 1
23 83 132971 0
65 41 132976 1
32 53 132990 1
66 98 133003 0
98 34 133048 1
80 92 133091 0
81 93 133097 0
73 36 133116 1
98 33 133116 1
102 64 133121 1
29 89 133128 0
77 94 133144 0
18 80 133150 0
18 62 133154 0
65 95 133187 0
84 53 133192 0
60 94 133256 0
21 81 133279 0
82 52 133302 0
57 90 133332 0
50 73 133357 0
31 53 133362 1
102 46 133370 1
87 31 133390 1
46 75 133430 0
55 87 133500 0
51 73 133532 0
24 83 133602 0
72 36 133605 1
39 76 133631 0
17 72 133675 0
74 68 133694 1
16 76 133703 0
75 36 133752 1
69 96 133815 0
70 95 133830 0
19 60 133848 0
17 73 133892 0
56 44 133900 1
30 53 133905 1
76 35 133926 1
17 69 133935 0
58 92 133961 0
102 61 133966 1
41 49 133977 1
15 82 133980 0
50 74 134038 0
101 67 134113 1
83 51 134131 0
18 72 134132 0
54 76 134196 0
44 48 134225 1
97 33 134241 1
18 77 134259 0
104 65 134317 1
92 30 134469 1
58 43 134476 1
17 75 134493 0
71 96 134546 0
57 93 134625 0
51 76 134645 0
31 80 134673 0
25 53 134756 1
69 38 134787 1
81 66 134939 0
48 74 134946 0
31 81 134980 0
16 78 134990 0
40 76 134995 0
18 81 134997 0
51 72 135069 0
79 95 135080 0
94 84 135092 1
12 78 135093 0
88 86 135101 0
19 61 135102 0
55 86 135175 0
49 73 135204 0
84 54 135231 0
35 79 135238 0
68 96 135260 0
27 83 135267 0
29 53 135302 1
81 55 135318 0
21 83 135351 0
59 92 135361 0
56 89 135384 0
33 79 135401 0
41 75 135425 0
34 79 135497 0
58 44 135529 1
80 93 135534 0
73 68 135548 1
58 42 135587 1
48 84 135589 0
19 81 135610 0
79 93 135618 0
67 96 135626 0
52 45 135663 1
22 82 135691 0
59 43 135697 1
39 49 135739 1
76 61 135748 1
85 31 135777 1
102 45 135780 1
33 53 135810 1
100 69 135840 1
17 65 135909 0
47 74 135934 0
70 37 135935 1
82 91 136010 0
17 63 136085 0
51 93 136111 0
17 81 136208 0
62 42 136209 1
19 84 136212 0
15 75 136310 0
25 56 136328 1
24 55 136411 1
83 60 136424 0
95 32 136487 1
78 95 136527 0
53 80 136558 0
74 66 136605 1
53 45 136609 1
17 66 136636 0
46 74 136733 0
74 36 136750 1
54 71 136816 0
36 78 136857 0
53 76 136896 0
53 72 137004 0
64 96 137019 0
37 76 137081 0
53 87 137098 0
76 59 137113 1
74 70 137176 1
82 55 137224 0
59 93 137266 0
30 80 137291 0
64 41 137345 1
54 88 137383 0
52 90 137385 0
63 96 137401 0
60 94 137420 0
17 79 137435 0
17 64 137438 0
50 47 137459 1
17 86 137472 0
17 77 137490 0
18 90 137495 0
27 54 137506 1
51 97 137525 0
23 84 137537 0
20 82 137580 0
81 33 137581 1
100 39 137582 1
59 94 137600 0
72 52 137606 1
72 37 137606 1
24 82 137641 0
100 37 137659 1
15 81 137690 0
17 62 137744 0
103 50 137756 1
54 85 137810 0
84 57 137816 0
88 31 137864 1
21 97 137900 0
17 76 137913 0
10 95 137915 0
94 31 137932 1
45 120 137935 0
17 68 137940 0
5 90 137978 0
5 74 137978 0
61 41 137979 1
30 54 137987 1
86 88 138003 0
30 85 138019 0
65 99 138089 0
69 97 138098 0
64 111 138105 0
18 82 138122 0
61 95 138148 0
96 32 138157 1
55 71 138160 0
25 84 138177 0
5 96 138184 0
52 87 138253 0
56 59 138260 1
55 88 138265 0
16 74 138306 0
10 82 138328 0
24 68 138341 1
87 96 138348 0
69 7 138358 0
9 78 138364 0
18 69 138366 0
63 102 138375 0
25 83 138402 0
82 32 138405 1
45 76 138505 0
91 84 138510 0
13 72 138517 0
81 110 138518 0
53 77 138519 0
38 96 138625 0
18 63 138628 0
54 80 138658 0
17 70 138847 0
15 112 139006 0
17 82 139085 0
46 48 139113 1
54 73 139119 0
101 42 139140 1
75 98 139148 0
21 82 139165 0
17 67 139203 0
55 83 139247 0
34 53 139295 1
32 53 139327 1
102 56 139340 1
16 81 139377 0
104 65 139458 1
32 79 139545 0
51 46 139563 1
53 81 139707 0
89 30 139756 1
95 31 139805 1
15 76 139817 0
91 30 139947 1
54 97 139971 0
55 91 139997 0
96 31 140273 1
4 86 140485 0
53 88 140523 0
17 60 140543 0
16 90 140558 0
98 74 140572 1
84 56 140657 0
2 112 140699 0
54 86 140738 0
97 32 140760 1
87 87 140823 0
101 66 140839 1
42 86 140880 0
4 88 140881 0
52 86 140885 0
17 71 140940 0
102 43 140969 1
52 85 141008 0
41 78 141012 0
19 83 141034 0
34 54 141075 1
47 96 141225 0
12 69 141238 0
2 40 141256 0
83 55 141318 0
64 97 141324 0
44 78 141420 0
100 40 141435 1
77 106 141444 0
18 87 141456 0
102 49 141456 1
14 95 141459 0
13 104 141486 0
79 97 141497 0
33 78 141511 0
54 91 141557 0
49 74 141582 0
54 75 141644 0
55 102 141736 0
14 82 141761 0
77 35 141851 1
54 93 141906 0
16 68 141938 0
109 68 142002 0
18 80 142112 0
101 40 142120 1
82 53 142125 0
91 29 142270 1
43 48 142272 1
84 55 142332 0
102 63 142334 1
62 41 142398 1
54 82 142422 0
88 87 142443 0
102 60 142469 1
60 94 142508 0
100 35 142545 1
103 60 142586 1
22 83 142591 0
69 95 142705 0
66 96 142725 0
101 41 142752 1
36 77 142765 0
55 45 142823 1
99 35 142875 1
93 29 142951 1
62 94 142981 0
100 38 143000 1
81 92 143018 0
18 76 143025 0
102 44 143088 1
99 36 143111 1
41 75 143121 0
78 35 143129 1
69 36 143154 1
103 55 143192 1
63 95 143196 0
58 95 143236 0
70 96 143243 0
84 54 143247 0
55 84 143351 0
102 66 143389 1
77 94 143454 0
55 81 143467 0
59 94 143468 0
77 93 143574 0
92 29 143586 1
48 85 143677 0
103 63 143741 1
89 31 143799 1
103 54 143828 1
62 95 143854 0
102 42 143854 1
74 69 143935 1
102 58 143979 1
42 48 144015 1
84 32 144060 1
64 40 144064 1
74 96 144120 0
99 34 144162 1
97 33 144163 1
98 34 144163 1
102 41 144269 1
98 33 144271 1
103 46 144324 1
17 70 144329 0
85 32 144332 1
41 48 144353 1
83 33 144355 1
85 55 144461 0
102 54 144518 1
66 40 144522 1
57 90 144592 0
100 37 144612 1
19 80 144647 0
73 96 144652 0
86 32 144706 1
54 73 144728 0
95 30 144764 1
36 52 144765 1
71 36 144775 1
78 94 144789 0
77 69 144829 1
35 50 144849 1
60 42 144869 1
93 30 144937 1
75 69 144949 1
64 95 144978 0
82 33 145000 1
45 48 145031 1
71 37 145070 1
106 55 145074 1
88 30 145111 1
70 36 145168 1
65 96 145170 0
94 30 145186 1
23 83 145212 0
35 52 145246 1
83 52 145267 0
103 59 145385 1
23 54 145411 1
102 37 145415 1
24 53 145462 1
76 36 145483 1
83 53 145485 0
103 51 145506 1
31 53 145512 1
52 46 145523 1
104 65 145568 1
54 78 145622 0
99 72 145644 1
94 29 145651 1
103 46 145655 1
103 47 145655 1
61 42 145668 1
103 49 145683 1
95 31 145699 1
101 37 145722 1
77 70 145732 1
18 77 145734 0
72 95 145753 0
70 98 145783 0
99 71 145813 1
47 48 145819 1
65 95 145872 0
49 47 145890 1
103 53 145903 1
17 75 145956 0
101 39 145971 1
79 93 146019 0
33 54 146047 1
25 55 146063 1
40 50 146077 1
62 94 146084 0
27 53 146115 1
59 92 146139 0
24 83 146140 0
82 64 146141 0
103 58 146167 1
102 62 146211 1
103 48 146214 1
26 82 146270 0
29 81 146286 0
90 30 146291 1
69 100 146306 0
17 72 146351 0
54 69 146353 1
54 75 146353 0
74 37 146353 1
17 73 146354 0
54 82 146355 0
74 67 146368 1
102 46 146371 1
32 80 146382 0
37 52 146447 1
24 82 146488 0
28 53 146515 1
48 78 146519 1
48 47 146519 1
54 76 146587 0
59 93 146596 0
21 81 146597 0
18 81 146649 0
103 56 146669 1
54 72 146676 0
75 70 146704 1
72 96 146722 0
49 80 146797 0
76 62 146836 1
55 83 146909 0
18 76 146911 0
55 87 146911 0
71 96 146931 0
74 36 146945 1
77 95 146953 0
58 92 146985 0
17 78 146994 0
18 72 147003 0
21 84 147006 0
17 69 147015 0
73 36 147088 1
76 69 147103 1
65 40 147110 1
15 81 147173 0
18 61 147285 0
19 81 147299 0
47 98 147313 0
55 84 147316 0
94 31 147319 1
55 86 147381 0
18 62 147406 0
17 82 147458 0
102 61 147488 1
46 99 147504 0
55 89 147504 0
19 82 147511 0
62 40 147534 1
20 82 147537 0
69 99 147557 0
50 87 147569 0
35 36 147650 1
35 78 147650 0
54 85 147657 0
22 82 147660 0
30 53 147670 1
81 114 147711 0
43 75 147714 0
57 95 147735 0
83 51 147756 0
75 36 147772 1
73 66 147791 1
40 49 147821 1
22 83 147840 0
27 81 147878 0
18 69 147909 0
82 52 147947 0
44 47 147972 1
37 80 148025 0
22 81 148078 0
41 50 148146 1
83 57 148197 0
21 95 148261 0
102 64 148366 1
26 81 148401 0
102 65 148404 1
47 47 148439 1
56 91 148464 0
43 49 148488 1
33 53 148546 1
29 53 148568 1
49 73 148578 0
18 60 148679 0
54 80 148688 0
76 95 148793 0
34 79 148811 0
82 56 148841 0
64 95 148943 0
13 78 148947 0
53 44 148957 1
83 56 149062 0
55 44 149065 1
51 45 149135 1
32 53 149217 1
60 94 149217 0
100 35 149227 1
54 78 149340 0
17 77 149382 0
55 71 149414 0
57 44 149422 1
70 95 149466 0
83 61 149466 0
86 31 149543 1
102 43 149605 1
81 53 149630 0
54 45 149632 1
46 74 149681 0
100 39 149690 1
44 48 149698 1
104 51 149774 1
58 41 149830 1
31 79 149854 0
19 80 149885 0
48 46 149963 1
50 45 149978 1
41 49 150009 1
81 34 150025 1
57 43 150080 1
96 32 150090 1
97 31 150091 1
104 65 150135 1
101 70 150179 1
54 82 150205 0
18 76 150350 0
17 70 150402 0
53 46 150553 1
32 52 150615 1
99 103 150668 1
50 44 150700 1
18 77 150730 0
60 41 150754 1
95 125 150781 1
40 75 150797 0
33 79 150824 0
72 36 150836 1
118 28 150837 1
83 32 150900 1
26 83 150995 0
54 84 151001 0
28 54 151007 1
79 35 151061 1
74 68 151069 1
54 71 151093 0
75 65 151102 1
21 82 151131 0
57 91 151193 0
15 81 151314 0
76 70 151368 1
18 80 151377 0
51 44 151386 1
26 54 151439 1
97 32 151479 1
62 94 151523 0
87 31 151594 1
52 102 151643 0
44 49 151677 1
27 82 151716 0
90 29 151719 1
31 53 151800 1
56 44 151851 1
56 88 151870 0
99 73 151887 1
53 85 151974 0
59 94 152137 0
45 47 152201 1
6 79 152203 0
103 57 152238 1
34 53 152243 1
101 41 152281 1
6 83 152315 0
48 74 152322 0
84 53 152332 0
49 102 152349 0
9 71 152363 0
13 96 152396 0
22 83 152428 0
14 76 152438 0
102 45 152465 1
17 65 152528 0
17 80 152528 0
57 88 152551 0
41 86 152585 0
16 65 152588 0
63 95 152656 0
97 77 152662 1
56 104 152694 0
54 75 152701 0
43 76 152782 0
96 31 152817 1
28 83 152966 0
37 77 152980 0
10 91 152980 0
49 97 152981 0
61 104 152996 0
56 90 153001 0
16 76 153004 0
12 77 153016 0
76 61 153019 1
57 92 153031 0
101 40 153062 1
103 45 153114 1
77 56 153162 1
77 58 153162 1
52 75 153196 0
47 46 153332 1
44 74 153376 0
98 75 153396 1
98 76 153503 1
32 104 153542 0
98 33 153629 1
68 54 153751 1
54 73 153763 0
56 89 153799 0
55 81 153886 0
53 74 153912 0
97 33 154064 1
18 63 154183 0
102 44 154287 1
104 50 154338 1
93 31 154419 1
99 33 154437 1
64 96 154470 0
17 68 154521 0
22 84 154580 0
103 94 154599 0
75 96 154611 0
86 88 154641 0
27 54 154649 1
56 96 154683 0
104 65 154720 1
54 78 154724 0
48 97 154806 0
47 74 154840 0
99 35 154930 1
25 54 154951 1
62 97 155077 0
100 37 155112 1
51 103 155152 0
99 34 155167 1
103 50 155225 1
17 67 155235 0
102 63 155236 1
56 87 155237 0
44 76 155286 0
54 82 155316 0
36 79 155361 0
102 42 155370 1
45 96 155467 0
69 94 155477 0
103 55 155533 1
46 47 155603 1
91 30 155661 1
56 88 155688 0
64 95 155689 0
64 95 155690 0
43 74 155780 0
101 68 155860 1
39 50 155872 1
53 71 155885 0
41 74 155896 0
95 31 156020 1
57 88 156041 0
74 35 156042 1
48 77 156340 0
55 83 156346 0
83 60 156367 0
102 52 156490 1
101 38 156517 1
98 32 156527 1
96 30 156542 1
41 75 156546 0
103 52 156580 1
69 95 156620 0
92 30 156644 1
72 98 156715 0
80 92 156731 0
94 30 156762 1
68 37 156772 1
83 59 156800 0
84 32 156859 1
103 54 156941 1
54 79 157060 0
66 96 157078 0
21 57 157112 1
50 73 157122 0
102 40 157152 1
80 34 157161 1
35 88 157173 0
84 31 157222 1
65 41 157256 1
103 48 157354 1
59 43 157409 1
26 55 157447 1
71 94 157450 0
77 59 157458 1
59 92 157487 0
79 34 157488 1
53 45 157489 1
93 30 157507 1
44 74 157521 0
95 30 157532 1
35 53 157566 1
84 57 157577 0
55 78 157581 0
38 77 157675 0
63 96 157679 0
103 61 157699 1
77 57 157701 1
62 95 157709 0
61 92 157738 0
103 49 157753 1
100 70 157793 1
101 39 157824 1
103 51 157877 1
84 54 157916 0
14 78 157985 0
102 41 158004 1
9 82 158015 0
75 35 158065 1
88 31 158076 1
84 55 158098 0
54 46 158118 1
53 84 158144 0
38 81 158177 0
25 83 158184 0
83 51 158187 0
102 43 158235 1
103 53 158237 1
52 45 158253 1
17 66 158291 0
103 47 158315 1
65 95 158333 0
54 74 158375 0
97 78 158385 1
17 61 158403 0
15 81 158419 0
21 83 158433 0
67 96 158484 0
28 81 158508 0
77 94 158583 0
55 84 158656 0
68 96 158669 0
100 71 158677 1
54 80 158685 0
22 83 158717 0
56 87 158721 0
18 72 158728 0
18 76 158746 0
102 68 158752 1
74 36 158763 1
24 82 158764 0
100 35 158781 1
56 88 158804 0
54 81 158808 0
85 55 158831 0
26 82 158834 0
23 83 158836 0
103 56 158856 1
73 36 158897 1
43 48 158906 1
54 76 158945 0
21 81 158967 0
76 35 158975 1
49 46 159000 1
59 42 159034 1
104 65 159072 1
18 69 159120 0
91 28 159140 1
57 88 159191 0
87 87 159274 0
100 37 159283 1
55 71 159294 0
58 90 159305 0
100 38 159317 1
7 97 159331 0
89 29 159346 1
30 52 159355 1
40 48 159389 1
59 93 159509 0
102 66 159532 1
103 44 159552 1
22 82 159616 0
43 74 159667 0
82 92 159677 0
19 81 159682 0
17 71 159684 0
74 70 159685 1
82 60 159697 0
51 99 159709 0
5 80 159736 0
102 42 159758 1
62 94 159767 0
69 96 159770 0
32 79 159788 0
103 45 159797 1
57 108 159802 0
74 98 159806 0
71 97 159814 0
55 83 159828 0
71 36 159847 1
32 53 159847 1
50 94 159849 0
54 44 159886 1
78 35 159917 1
101 40 159919 1
81 65 159948 0
103 58 159951 1
105 48 159951 1
28 53 159957 1
100 36 159978 1
19 61 159983 0
66 39 159988 1
42 74 160015 0
101 66 160022 1
89 86 160031 0
97 32 160037 1
59 100 160081 0
49 73 160082 0
91 29 160103 1
72 95 160117 0
102 64 160145 1
18 77 160154 0
57 101 160222 0
19 60 160228 0
103 46 160234 1
24 54 160239 1
17 82 160257 0
55 81 160320 0
20 82 160334 0
103 50 160399 1
22 81 160414 0
19 80 160448 0
36 78 160452 0
70 95 160488 0
33 78 160488 0
81 54 160492 0
51 46 160502 1
99 35 160546 1
33 53 160567 1
103 41 160569 1
103 43 160574 1
101 41 160610 1
99 34 160624 1
75 63 160637 1
12 82 160675 0
98 33 160696 1
57 90 160710 0
16 78 160725 0
17 73 160742 0
79 93 160743 0
35 26 160768 0
103 60 160781 1
63 40 160782 1
61 97 160782 0
54 79 160787 0
16 85 160848 0
90 86 160858 0
19 82 160914 0
30 53 160935 1
90 85 160956 0
84 56 160968 0
17 79 160973 0
46 78 161001 0
61 100 161002 0
55 86 161045 0
59 101 161046 0
41 74 161062 0
103 59 161068 1
81 91 161070 0
77 93 161075 0
74 97 161085 0
83 52 161088 0
70 96 161120 0
20 85 161161 0
74 66 161185 1
85 88 161227 0
107 26 161244 1
18 61 161268 0
46 85 161293 0
54 75 161310 0
103 57 161452 1
75 68 161469 1
34 52 161493 1
26 81 161508 0
56 87 161530 0
88 53 161531 1
88 86 161531 0
100 72 161559 1
104 62 161602 1
17 75 161614 0
54 82 161650 0
58 99 161652 0
54 78 161655 0
56 83 161678 0
75 95 161691 0
77 35 161701 1
75 69 161704 1
19 77 161740 0
65 96 161740 0
46 77 161745 0
58 98 161779 0
47 91 161787 0
52 96 161811 0
34 53 161879 1
95 31 161906 1
58 90 161928 0
56 88 161930 0
72 36 162014 1
64 95 162058 0
74 67 162195 1
98 31 162213 1
33 54 162251 1
5 61 162283 1
77 69 162292 1
16 70 162324 0
44 74 162511 0
102 67 162516 1
21 82 162582 0
17 76 162588 0
75 53 162614 1
75 84 162614 1
53 94 162631 0
17 72 162635 0
17 70 162648 0
18 62 162676 0
51 74 162677 0
45 85 162679 0
53 78 162693 0
54 81 162773 0
29 53 162790 1
28 52 162814 1
55 85 162831 0
46 82 162833 0
74 45 162853 1
76 59 162903 1
97 76 162938 1
76 68 162940 1
16 68 162992 0
38 76 163003 0
17 64 163034 0
18 81 163050 0
31 53 163062 1
23 82 163081 0
18 72 163084 0
49 74 163126 0
75 36 163129 1
46 87 163191 0
92 29 163214 1
18 76 163224 0
43 74 163279 0
57 88 163279 0
25 86 163279 0
13 95 163281 0
46 74 163285 0
9 99 163295 0
63 95 163307 0
9 78 163320 0
39 80 163348 0
69 105 163352 0
55 45 163352 1
42 74 163391 0
11 84 163393 0
55 93 163428 0
40 86 163442 0
118 112 163482 0
118 118 163482 0
81 64 163490 0
83 54 163491 0
53 93 163529 0
88 87 163582 0
58 52 163611 1
89 30 163624 1
53 70 163649 0
24 84 163653 0
18 63 163655 0
54 96 163662 0
18 69 163667 0
45 48 163684 1
96 31 163709 1
74 69 163709 1
51 100 163720 0
1 77 163733 0
15 81 163733 0
103 48 163848 1
61 101 163872 0
32 0 163876 0
81 63 163942 0
50 83 163944 0
31 80 163956 0
22 87 164014 0
82 64 164135 0
75 70 164140 1
30 80 164149 0
18 80 164257 0
85 31 164283 1
58 43 164350 1
54 79 164371 0
39 81 164386 0
38 90 164408 0
48 45 164414 1
64 41 164418 1
36 77 164509 0
82 32 164537 1
47 73 164546 0
58 90 164559 0
90 30 164563 1
91 30 164636 1
64 40 164638 1
102 65 164688 1
103 55 164724 1
79 94 164742 0
65 40 164749 1
63 94 164933 0
60 94 164954 0
49 76 164964 0
101 69 164999 1
53 71 165008 0
27 81 165009 0
55 87 165012 0
59 92 165013 0
66 40 165027 1
54 74 165031 0
67 40 165032 1
27 53 165073 1
14 69 165093 0
71 95 165142 0
22 86 165155 0
80 93 165161 0
41 77 165165 0
56 87 165186 0
70 117 165188 0
83 56 165228 0
71 37 165259 1
58 76 165307 1
49 45 165350 1
24 83 165426 0
41 49 165431 1
22 83 165446 0
45 94 165466 0
104 65 165494 1
55 85 165723 0
100 34 165752 1
67 95 165798 0
59 94 165872 0
101 36 165874 1
103 49 165887 1
64 94 165896 0
17 77 165951 0
50 77 166068 0
61 95 166089 0
56 86 166155 0
56 88 166161 0
62 93 166220 0
44 92 166330 0
23 82 166349 0
84 52 166423 0
9 84 166426 0
53 85 166434 0
104 49 166555 1
55 73 166607 0
21 86 166670 0
69 95 166696 0
14 80 166712 0
93 29 166716 1
82 65 166728 0
81 33 166750 1
19 59 166784 0
62 41 166826 1
80 33 166848 1
50 73 166865 0
102 44 166868 1
57 100 167005 0
42 74 167032 0
103 52 167069 1
58 108 167196 0
53 83 167198 0
31 79 167202 0
103 54 167219 1
70 97 167247 0
24 56 167273 1
21 81 167298 0
21 35 167360 0
54 70 167371 0
60 97 167379 0
20 87 167482 0
103 62 167588 1
44 48 167606 1
78 96 167675 0
101 39 167704 1
103 51 167724 1
58 90 167823 0
54 81 167857 0
50 90 168126 0
63 94 168130 0
103 64 168240 1
101 38 168261 1
94 30 168423 1
34 86 168685 0
10 83 168767 0
25 82 168864 0
83 31 168885 1
56 86 168931 0
85 88 168936 0
73 96 168947 0
103 53 168951 1
83 61 168973 0
36 81 169004 0
52 80 169008 0
44 95 169047 0
53 79 169079 0
47 73 169085 0
55 85 169101 0
99 33 169114 1
36 52 169126 1
99 72 169161 1
103 56 169174 1
102 39 169225 1
104 65 169233 1
102 40 169261 1
75 64 169282 1
105 25 169331 1
103 47 169332 1
78 94 169383 0
23 55 169396 1
61 92 169396 0
58 94 169434 0
100 37 169443 1
54 95 169457 0
83 51 169529 0
18 82 169558 0
76 93 169562 0
69 94 169669 0
85 89 169685 0
102 41 169719 1
100 35 169742 1
98 32 169768 1
104 54 169778 1
82 33 169792 1
62 93 169818 0
74 68 169833 1
42 48 169842 1
55 72 169843 0
84 52 169857 0
102 42 169923 1
103 65 169952 1
71 94 170023 0
100 33 170028 1
95 30 170051 1
79 92 170139 0
102 43 170175 1
74 36 170177 1
103 45 170179 1
97 32 170193 1
54 79 170202 0
83 33 170227 1
55 73 170236 0
71 95 170260 0
87 31 170299 1
76 69 170300 1
73 35 170327 1
56 90 170335 1
64 94 170400 0
94 27 170430 1
67 95 170490 0
74 95 170573 0
99 32 170578 1
51 45 170597 1
94 29 170623 1
86 88 170643 0
82 52 170652 0
81 52 170654 0
23 82 170656 0
15 81 170693 0
101 37 170768 1
55 78 170804 0
85 29 170814 1
75 95 170867 0
55 44 170868 1
62 94 170885 0
99 34 170899 1
95 29 170901 1
103 66 170902 1
97 33 170931 1
93 30 170961 1
43 74 170992 0
56 87 171069 0
55 71 171099 0
44 74 171115 0
18 77 171149 0
55 81 171151 0
76 36 171158 1
55 84 171159 0
89 87 171183 0
88 30 171186 1
40 49 171194 1
63 94 171280 0
55 83 171295 0
35 78 171303 0
30 82 171320 0
97 31 171348 1
81 92 171361 0
54 70 171371 0
40 79 171379 0
65 95 171394 0
68 95 171419 0
103 58 171427 1
103 48 171439 1
49 47 171497 1
77 60 171526 1
33 79 171550 0
32 53 171590 1
27 52 171609 1
56 86 171673 0
103 49 171798 1
54 80 171798 0
61 94 171819 0
60 100 171871 0
76 62 171905 1
56 85 171931 0
58 93 171968 0
57 86 172009 0
103 44 172014 1
21 85 172033 0
41 74 172046 0
23 56 172076 1
103 55 172088 1
53 70 172123 0
49 73 172157 0
104 46 172159 1
69 103 172168 0
29 52 172195 1
84 32 172195 1
99 73 172206 1
32 52 172213 1
47 47 172236 1
57 88 172240 0
58 90 172277 0
26 82 172286 0
77 58 172287 1
104 65 172310 1
61 40 172339 1
20 82 172370 0
72 104 172381 0
103 46 172417 1
56 83 172423 0
98 31 172452 1
24 82 172545 0
103 57 172551 1
26 90 172557 0
103 51 172571 1
52 44 172593 1
103 61 172616 1
73 36 172622 1
42 75 172665 0
74 35 172707 1
58 89 172756 0
42 74 172784 0
70 37 172805 1
22 81 172808 0
98 74 172822 1
101 39 172846 1
98 33 172846 1
75 93 172882 0
19 80 172887 0
101 40 172921 1
56 88 172959 0
84 53 172980 0
41 48 173049 1
34 53 173050 1
84 52 173120 0
103 50 173129 1
76 35 173152 1
25 52 173161 1
75 35 173164 1
104 88 173171 1
25 53 173181 1
86 27 173188 1
53 44 173204 1
49 44 173209 1
54 86 173217 0
103 33 173252 1
99 74 173259 1
83 32 173259 1
50 42 173289 1
103 60 173337 1
75 66 173340 1
86 31 173357 1
55 85 173407 0
55 72 173440 0
22 82 173525 0
53 45 173571 1
62 93 173585 0
84 57 173585 0
25 82 173692 0
96 30 173698 1
73 95 173737 0
35 52 173737 1
18 76 173740 0
100 36 173754 1
33 53 173777 1
55 73 173803 0
83 60 173853 0
77 93 173872 0
51 101 173883 0
54 45 173888 1
59 95 173931 0
72 95 173939 0
56 90 173953 0
79 68 173961 1
82 65 173970 0
47 73 173980 0
28 85 174000 0
83 58 174002 0
19 81 174016 0
62 96 174025 0
29 81 174026 0
95 31 174034 1
83 51 174075 0
103 59 174096 1
32 80 174116 0
34 79 174129 0
51 104 174148 0
48 106 174199 0
101 67 174248 1
70 101 174250 0
15 81 174289 0
103 42 174296 1
19 77 174306 0
103 63 174342 1
13 82 174371 0
76 61 174378 1
44 83 174390 0
77 112 174397 0
23 82 174407 0
16 87 174422 0
54 74 174442 0
18 69 174476 0
31 93 174488 0
85 55 174496 0
103 54 174564 1
103 52 174577 1
51 92 174589 0
103 43 174612 1
87 87 174616 0
71 95 174633 0
35 81 174633 0
104 65 174655 1
80 92 174666 0
19 64 174669 0
56 85 174671 0
48 75 174696 0
31 53 174718 1
104 47 174762 1
103 53 174780 1
27 82 174822 0
24 85 174838 0
74 96 174852 0
47 79 174874 0
56 86 174876 0
56 97 174879 0
13 71 174889 0
49 83 174893 0
54 78 174895 0
49 81 174905 0
67 95 174916 0
25 85 174918 0
71 96 174935 0
56 44 174936 1
15 91 174939 0
33 52 174942 1
47 88 174944 0
21 81 174988 0
83 63 175023 0
43 48 175026 1
55 83 175059 0
17 85 175066 0
58 89 175090 0
48 76 175106 0
66 99 175116 0
22 90 175148 0
63 94 175174 0
59 90 175194 0
18 72 175246 0
74 95 175298 0
72 35 175361 1
83 89 175373 0
20 84 175404 0
48 87 175463 0
30 53 175478 1
79 67 175478 1
68 95 175488 0
33 78 175672 0
30 52 175725 1
91 29 175802 1
64 95 175818 0
67 102 175954 0
55 81 175971 0
87 30 175978 1
61 94 176006 0
54 71 176022 0
52 45 176039 1
51 75 176074 0
68 107 176077 0
41 73 176150 0
72 100 176183 0
78 34 176208 1
60 99 176254 0
64 94 176257 0
70 95 176262 0
85 57 176278 0
98 32 176285 1
63 39 176286 1
100 32 176316 1
15 74 176317 0
18 77 176323 0
87 88 176367 0
32 79 176375 0
44 88 176433 0
53 75 176437 0
94 30 176458 1
33 80 176459 0
19 61 176465 0
74 67 176470 1
103 47 176492 1
37 76 176511 0
81 65 176517 0
28 53 176708 1
8 57 176739 0
21 82 176791 0
26 82 176810 0
104 48 176818 1
103 62 176878 1
71 36 176894 1
37 89 176913 0
9 90 176924 0
64 96 176960 0
57 44 176970 1
55 78 176975 0
90 28 177001 1
42 87 177045 0
77 59 177056 1
54 70 177073 0
57 43 177100 1
26 81 177115 0
29 53 177125 1
5 74 177161 0
54 81 177213 0
59 43 177299 1
84 27 177310 1
73 99 177321 0
31 52 177391 1
56 87 177428 0
67 39 177430 1
98 28 177597 1
65 97 177619 0
18 78 177657 0
77 57 177691 1
56 90 177728 1
101 38 177767 1
58 89 177852 0
59 90 177965 0
76 94 178084 0
54 44 178128 1
99 28 178149 1
104 65 178176 1
77 94 178224 0
101 68 178277 1
48 47 178337 1
49 42 178338 1
92 28 178344 1
72 36 178370 1
31 51 178382 1
54 73 178387 0
15 81 178396 0
36 78 178421 0
29 82 178496 0
100 34 178513 1
92 29 178519 1
102 42 178584 1
83 62 178593 0
25 82 178776 0
84 52 178785 0
99 35 178824 1
24 55 178981 1
56 90 178996 0
73 95 179044 0
102 40 179145 1
18 63 179163 0
104 53 179185 1
60 42 179228 1
61 42 179232 1
56 85 179271 0
100 35 179280 1
32 52 179295 1
39 49 179330 1
46 47 179380 1
75 69 179448 1
34 78 179541 0
46 46 179609 1
27 54 179628 1
50 45 179637 1
55 85 179698 0
23 82 179715 0
13 68 179717 0
37 78 179733 0
55 72 179763 0
78 68 179782 1
90 29 179807 1
18 88 179843 0
74 36 179943 1
61 41 179972 1
102 66 179990 1
49 77 180029 0
68 95 180100 0
75 68 180129 1
71 35 180142 1
61 94 180175 0
63 40 180209 1
96 79 180313 1
96 29 180353 1
16 69 180570 0
45 47 180709 1
21 80 180754 0
103 38 180756 1
43 47 180980 1
56 82 181140 0
59 91 181281 0
62 42 181293 1
43 49 181303 1
91 30 181344 1
57 87 181403 0
84 31 181419 1
84 58 181438 0
58 88 181542 0
18 62 181612 0
102 64 181631 1
18 78 181667 0
40 78 181678 0
102 58 181699 1
58 91 181717 0
67 96 181785 0
81 32 181785 1
34 53 181817 1
59 90 181861 0
18 68 181909 0
74 95 181928 0
33 88 181980 0
15 72 181981 0
18 75 181997 0
72 96 182010 0
74 68 182041 1
55 92 182050 0
101 65 182059 1
85 31 182061 1
47 83 182065 0
52 77 182083 0
99 33 182090 1
18 59 182176 0
52 81 182198 0
46 98 182245 0
9 78 182250 0
58 90 182327 0
18 67 182349 0
25 55 182352 1
20 81 182381 0
40 50 182402 1
85 88 182486 0
15 81 182546 0
104 42 182563 1
82 91 182636 0
78 35 182661 1
95 30 182710 1
65 39 182716 1
20 90 182780 0
73 35 182791 1
61 92 182818 0
91 84 182866 0
35 53 182929 1
97 32 182969 1
80 67 183001 1
65 40 183077 1
64 40 183232 1
66 39 183246 1
94 29 183284 1
75 70 183324 1
77 69 183360 1
38 49 183372 1
81 91 183426 0
76 94 183437 0
68 38 183503 1
79 34 183557 1
90 30 183606 1
88 86 183633 0
83 90 183712 0
38 50 183715 1
67 95 183717 0
5 94 183734 0
97 30 183759 1
85 52 183775 0
104 65 183779 1
71 95 183808 0
80 34 183830 1
93 29 183840 1
74 35 183860 1
37 52 183944 1
75 95 183955 0
77 68 183966 1
97 31 184055 1
69 37 184085 1
62 40 184104 1
75 67 184104 1
18 79 184173 0
109 45 184174 1
11 70 184226 0
50 73 184263 0
87 31 184292 1
47 46 184293 1
22 81 184319 0
11 83 184321 0
69 38 184331 1
71 94 184339 0
17 69 184351 0
91 83 184377 0
12 95 184377 0
24 86 184384 0
58 89 184425 0
51 44 184444 1
73 36 184464 1
51 73 184505 0
83 51 184507 0
99 34 184521 1
70 36 184540 1
109 45 184544 0
58 88 184548 0
62 93 184611 0
84 32 184624 1
15 58 184637 0
55 69 184651 0
40 90 184652 0
75 36 184658 1
18 76 184659 0
55 44 184660 1
41 76 184662 0
13 69 184665 0
37 77 184667 0
62 94 184679 0
59 91 184685 0
40 75 184687 0
42 74 184698 0
76 68 184699 1
51 72 184724 0
56 86 184724 0
69 94 184749 0
39 76 184838 0
79 93 184858 0
82 33 184889 1
37 51 184949 1
27 87 184988 0
73 95 184993 0
88 30 185044 1
36 51 185080 1
56 43 185122 1
57 87 185123 0
76 93 185154 0
41 86 185206 0
71 98 185209 0
81 33 185214 1
75 35 185217 1
17 88 185221 0
47 73 185223 0
18 75 185301 0
22 57 185301 1
48 46 185303 1
59 42 185362 1
60 41 185364 1
49 46 185370 1
68 95 185374 0
44 48 185389 1
28 81 185398 0
52 72 185418 0
20 86 185430 0
74 93 185431 0
44 47 185434 1
41 49 185469 1
80 33 185469 1
55 43 185501 1
63 94 185506 0
76 95 185552 0
70 35 185568 1
82 32 185575 1
41 74 185577 0
24 82 185595 0
26 52 185668 1
39 75 185697 0
34 78 185716 0
43 83 185725 0
51 45 185795 1
79 67 185806 1
22 82 185808 0
58 42 185850 1
27 53 185856 1
60 95 185908 0
77 70 185939 1
42 48 185950 1
55 33 186058 1
20 81 186095 0
43 48 186154 1
41 48 186158 1
27 81 186159 0
53 70 186169 0
26 53 186197 1
77 35 186242 1
18 68 186246 0
84 90 186251 0
79 33 186255 1
76 35 186263 1
30 80 186300 0
18 78 186304 0
71 93 186329 0
79 55 186347 0
49 73 186376 0
59 43 186391 1
80 92 186392 0
45 46 186406 1
62 41 186421 1
86 31 186421 1
66 96 186433 0
67 38 186436 1
83 31 186494 1
28 52 186522 1
47 47 186569 1
18 73 186602 0
99 73 186609 0
34 52 186624 1
18 67 186638 0
39 50 186664 1
81 92 186730 0
53 45 186747 1
52 71 186757 0
93 28 186783 1
79 92 186808 0
40 49 186820 1
61 94 186829 0
31 79 186898 0
87 87 186941 0
25 54 186947 1
36 52 186960 1
77 93 186976 0
58 91 186977 0
45 48 187009 1
71 34 187042 1
78 34 187116 1
90 85 187196 0
20 57 187253 1
57 43 187266 1
21 58 187268 1
30 81 187295 0
69 95 187344 0
93 30 187349 1
94 30 187389 1
30 52 187455 1
89 29 187468 1
49 45 187488 1
36 77 187490 0
25 82 187508 0
77 34 187516 1
14 86 187548 0
53 44 187570 1
50 44 187574 1
65 95 187688 0
78 94 187695 0
6 77 187814 0
35 78 187814 0
33 53 187824 1
50 46 187844 1
98 31 187852 1
17 92 187897 0
12 79 187934 0
91 28 187984 1
47 45 187989 1
67 39 188007 1
15 81 188014 0
66 40 188096 1
73 104 188100 0
3 91 188101 0
23 87 188117 0
35 52 188128 1
109 45 188164 1
33 78 188204 0
19 78 188251 0
71 36 188268 1
93 81 188277 0
40 48 188289 1
55 45 188293 1
72 36 188320 1
68 38 188334 1
20 56 188337 1
76 94 188347 0
109 45 188352 0
24 54 188403 1
22 83 188409 0
27 49 188450 1
92 83 188452 0
57 86 188493 0
83 32 188522 1
80 67 188525 1
66 39 188595 1
71 37 188639 1
51 43 188677 1
22 55 188742 1
72 35 188762 1
18 75 188781 0
87 30 188803 1
28 53 188808 1
34 53 188822 1
93 26 188846 1
66 38 188850 1
104 65 188913 1
91 29 188914 1
74 95 188956 0
89 86 188991 0
90 84 189007 0
33 52 189031 1
26 81 189053 0
21 81 189082 0
92 27 189125 1
21 56 189152 1
38 76 189186 0
99 31 189328 1
59 91 189374 0
18 44 189432 1
18 79 189433 0
33 79 189443 0
58 43 189467 1
26 82 189495 0
23 53 189569 1
64 94 189584 0
37 51 189727 1
45 47 189729 1
32 52 189758 1
39 49 189838 1
81 52 189887 0
85 52 189900 0
73 35 189909 1
41 73 189954 0
20 81 189962 0
29 53 190005 1
82 91 190065 0
25 53 190087 1
52 44 190096 1
91 25 190103 1
61 40 190109 1
61 42 190111 1
87 86 190128 0
100 26 190151 1
62 39 190157 1
73 33 190158 1
27 46 190158 1
40 74 190196 0
23 54 190204 1
85 31 190219 1
63 39 190247 1
78 56 190261 0
19 47 190265 1
35 43 190274 1
27 26 190278 1
74 32 190313 1
85 88 190354 0
104 36 190358 1
30 51 190391 1
87 28 190400 1
82 31 190410 1
97 24 190432 1
107 44 190449 1
57 31 190470 1
31 53 190511 1
27 52 190519 1
92 29 190528 1
0 0 190528 0
122 85 190547 1
45 45 190575 1
24 53 190744 1
21 55 190778 1
55 44 190780 1
100 37 190787 1
52 45 190861 1
36 51 190917 1
103 26 191023 1
75 93 191031 0
60 42 191075 1
39 75 191186 0
23 45 191204 1
38 50 191259 1
121 98 191266 1
98 30 191330 1
96 30 191396 1
101 59 191423 1
74 35 191460 1
64 39 191518 1
60 40 191767 1
46 47 191778 1
34 78 191871 0
47 46 191888 1
107 31 191909 1
76 34 192061 1
37 52 192072 1
33 11 192108 1
46 45 192129 1
103 24 192133 1
35 77 192177 0
69 36 192265 1
44 48 192386 1
75 31 192397 1
24 55 192398 1
31 52 192425 1
29 45 192563 1
59 41 192577 1
101 36 192578 1
88 27 192622 1
37 50 192640 1
58 91 192698 0
113 55 192706 1
80 25 192723 1
58 88 192771 0
109 68 192780 1
55 70 192828 0
63 36 192931 1
95 25 192940 1
78 68 193002 1
82 28 193057 1
29 81 193066 0
34 51 193144 1
43 48 193161 1
92 32 193166 1
78 33 193196 1
57 89 193196 0
18 67 193237 0
98 32 193465 1
89 5 193490 1
44 47 193532 1
103 23 193555 1
25 51 193660 1
63 95 193672 0
65 39 193677 1
82 30 193682 1
102 40 193684 1
102 78 193684 1
86 30 193749 1
84 29 193761 1
71 35 193782 1
105 32 193789 1
85 53 193791 0
87 25 193794 1
29 47 193850 1
69 37 193870 1
43 43 193886 1
74 36 193971 1
18 73 194039 0
19 78 194077 0
91 30 194094 1
46 46 194169 1
75 35 194183 1
83 89 194197 0
6 5 194207 1
43 77 194309 0
98 74 194322 0
103 62 194394 0
29 52 194394 1
89 30 194420 1
19 79 194444 0
18 79 194465 0
68 95 194498 0
90 29 194602 1
23 82 194609 0
22 81 194623 0
88 86 194631 0
77 69 194661 1
109 45 194696 1
40 74 194816 0
43 73 194859 0
20 58 194874 1
18 74 194893 0
109 45 194928 0
88 87 195006 0
65 40 195021 1
85 55 195036 1
88 30 195047 1
80 54 195077 0
97 76 195103 0
91 84 195104 0
41 49 195120 1
116 33 195123 1
31 46 195150 1
104 24 195220 1
77 33 195343 1
91 83 195360 0
84 31 195363 1
95 30 195376 1
36 50 195384 1
25 1 195385 1
82 65 195394 1
5 108 195411 1
69 38 195416 1
105 94 195420 1
81 91 195447 0
79 67 195466 1
47 5 195552 1
12 9 195563 1
70 36 195588 1
96 24 195595 1
81 66 195627 1
77 58 195693 0
73 36 195710 1
103 56 195753 0
109 45 195771 1
63 40 195809 1
93 27 195825 1
81 32 195833 1
85 27 195840 1
79 54 195843 0
88 29 195846 1
77 68 195876 1
82 52 195903 0
120 43 195927 1
83 61 195951 1
83 90 195957 0
82 64 196000 1
83 31 196008 1
61 39 196021 1
11 28 196028 1
15 121 196031 1
109 45 196051 0
82 32 196081 1
32 12 196108 1
20 81 196120 0
84 32 196126 1
83 60 196155 1
24 51 196163 1
18 75 196169 0
58 42 196169 1
126 1 196180 1
80 33 196185 1
124 87 196214 1
113 4 196221 1
102 10 196236 1
81 31 196236 1
103 17 196238 1
95 29 196241 1
46 73 196259 0
103 51 196263 0
70 32 196268 1
105 53 196268 1
93 42 196276 1
93 24 196276 1
115 49 196283 1
39 48 196293 1
78 34 196315 1
93 81 196318 0
11 47 196323 1
93 92 196326 1
60 41 196328 1
12 1 196335 1
57 123 196338 1
83 30 196345 1
93 23 196346 1
69 4 196350 1
27 53 196353 1
77 57 196358 0
106 49 196386 1
87 30 196400 1
21 115 196400 1
23 52 196415 1
68 38 196451 1
109 45 196464 1
99 73 196469 0
68 37 196469 1
75 69 196475 1
94 80 196477 0
19 57 196490 1
7 28 196497 1
73 95 196505 0
101 46 196506 1
84 57 196506 1
109 45 196519 0
61 41 196547 1
86 88 196585 0
27 54 196603 1
103 53 196615 0
81 53 196625 0
77 34 196638 1
103 50 196661 0
97 77 196666 0
93 82 196677 0
56 43 196692 1
101 68 196714 0
85 30 196752 1
94 29 196760 1
93 29 196775 1
87 86 196805 0
53 45 196825 1
89 29 196837 1
89 28 196845 1
90 84 196845 0
79 67 196901 1
83 51 196902 0
85 31 196907 1
95 79 196918 0
81 33 196929 1
80 92 196931 0
24 56 196943 1
99 72 196973 0
55 78 196975 1
100 71 196977 0
91 83 197002 0
79 55 197002 0
74 35 197002 1
85 57 197012 1
81 37 197013 1
62 40 197035 1
81 91 197038 0
57 57 197059 1
91 29 197067 1
66 39 197146 1
71 36 197148 1
40 50 197159 1
57 42 197181 1
99 60 197185 1
62 41 197186 1
75 34 197188 1
72 95 197225 0
42 48 197228 1
81 65 197240 1
103 47 197241 0
40 49 197241 1
100 72 197242 0
18 66 197249 0
88 39 197253 1
50 45 197291 1
48 45 197292 1
30 53 197301 1
76 62 197316 0
76 68 197336 1
96 77 197343 0
98 74 197347 0
72 67 197373 1
35 51 197382 1
103 59 197407 0
57 43 197407 1
51 31 197407 1
51 45 197407 1
70 37 197407 1
49 47 197414 1
23 56 197414 1
67 37 197415 1
48 46 197427 1
76 93 197432 0
86 31 197442 1
85 55 197461 1
88 86 197469 0
73 35 197476 1
66 93 197492 0
88 31 197504 1
77 94 197538 0
67 39 197549 1
69 94 197552 0
79 92 197553 0
72 94 197557 0
72 36 197557 1
67 38 197559 1
17 85 197565 0
77 93 197607 0
26 54 197607 1
51 72 197614 0
37 76 197647 0
37 49 197680 1
49 46 197692 1
32 79 197695 0
75 63 197706 0
35 77 197711 0
41 86 197714 0
83 89 197718 0
79 66 197744 1
43 47 197746 1
83 31 197780 1
103 54 197789 0
35 52 197821 1
38 77 197823 0
50 71 197825 0
41 74 197826 0
30 52 197836 1
74 93 197872 0
79 54 197907 0
91 28 197926 1
75 35 197943 1
90 28 197951 1
79 33 197959 1
83 61 197963 1
28 52 197977 1
55 44 197985 1
55 81 197991 1
87 29 198007 1
71 95 198017 0
55 43 198031 1
90 85 198061 0
34 52 198068 1
103 58 198069 0
87 87 198104 0
92 28 198149 1
39 50 198153 1
37 51 198155 1
28 81 198169 0
22 57 198175 1
82 64 198193 1
103 55 198199 0
27 82 198201 0
79 34 198230 1
47 47 198233 1
53 70 198238 0
59 42 198241 1
72 35 198277 1
53 44 198302 1
36 52 198302 1
80 67 198304 1
77 68 198314 1
19 61 198316 1
79 67 198318 1
101 66 198332 0
21 58 198355 1
68 38 198391 1
45 47 198409 1
19 60 198411 1
65 39 198418 1
63 39 198433 1
40 75 198434 0
74 61 198446 1
69 76 198447 1
58 42 198454 1
75 64 198471 0
13 83 198477 0
49 45 198481 1
81 52 198484 0
69 37 198487 1
49 73 198500 0
51 44 198504 1
54 44 198510 1
86 30 198514 1
42 74 198528 0
76 34 198555 1
49 44 198565 1
67 79 198569 1
97 76 198581 0
38 49 198589 1
45 46 198593 1
48 44 198596 1
77 58 198607 0
84 30 198664 1
36 51 198675 1
78 34 198725 1
60 41 198734 1
81 66 198738 1
50 43 198777 1
55 72 198801 1
20 57 198805 1
83 88 198809 0
24 54 198817 1
80 32 198826 1
40 48 198833 1
50 73 198847 0
25 54 198850 1
23 83 198855 0
37 77 198862 0
93 81 198877 0
43 73 198895 0
21 88 198896 0
69 36 198925 1
82 31 198931 1
82 92 198936 0
41 73 198940 0
73 93 198941 0
22 52 198944 0
26 54 198944 1
26 53 198945 1
98 75 198953 0
26 52 198980 1
32 52 198980 1
52 71 198990 0
70 35 198995 1
103 48 199009 0
27 81 199012 0
22 55 199029 1
47 73 199030 0
78 56 199042 0
77 34 199042 1
87 30 199049 1
39 75 199049 0
28 53 199050 1
25 82 199051 0
84 56 199060 1
92 83 199067 0
80 66 199078 1
55 71 199088 1
30 80 199088 0
61 40 199099 1
83 32 199122 1
64 95 199128 0
52 44 199130 1
67 95 199140 0
82 91 199180 0
94 81 199181 0
31 79 199196 0
102 66 199197 0
81 32 199202 1
18 76 199210 1
39 49 199211 1
33 52 199217 1
34 53 199241 1
43 48 199241 1
95 78 199242 0
78 67 199247 1
85 88 199259 0
62 39 199264 1
75 93 199269 0
25 52 199285 1
41 47 199290 1
83 63 199293 1
74 35 199296 1
103 49 199319 0
71 35 199330 1
38 50 199338 1
40 74 199341 0
103 51 199343 0
63 38 199369 1
19 59 199375 1
82 33 199387 1
18 72 199431 1
18 63 199432 1
33 78 199449 0
33 51 199472 1
88 29 199475 1
83 60 199477 1
29 51 199479 1
92 29 199512 1
68 36 199513 1
77 57 199550 0
15 81 199558 0
83 59 199566 1
91 83 199583 0
47 46 199589 1
77 56 199599 0
76 94 199620 0
36 77 199624 0
59 41 199625 1
66 39 199633 1
80 33 199635 1
44 47 199636 1
79 32 199640 1
50 44 199674 1
70 36 199688 1
24 49 199712 1
81 64 199720 1
74 34 199733 1
87 86 199743 0
37 50 199757 1
33 46 199759 1
88 30 199767 1
18 62 199778 1
49 43 199783 1
21 80 199787 0
43 46 199788 1
57 43 199804 1
89 27 199814 1
34 78 199826 0
64 39 199827 1
73 34 199833 1
68 37 199862 1
81 91 199868 0
26 81 199870 0
98 74 199894 0
26 82 199921 0
95 28 199922 1
92 25 199935 1
101 69 199945 0
46 46 199984 1
18 69 199993 1
56 42 199996 1
0 0 200010 0
