60 96 0 0
99 65 41 1
84 92 291 1
100 57 567 1
68 88 599 1
59 25 614 0
84 34 683 1
15 75 839 0
60 96 952 0
65 98 964 0
69 97 1344 0
14 87 1384 0
55 85 1418 0
56 91 1431 0
69 101 1432 0
66 98 1561 0
29 89 1607 0
55 91 1648 0
99 64 1672 1
60 96 1690 0
15 91 1752 0
73 72 1772 1
75 98 1851 0
50 52 1862 1
67 98 1869 0
98 41 2194 1
72 98 2235 0
58 98 2246 0
56 104 2372 0
100 53 2404 1
15 79 2537 0
33 63 2541 1
60 96 2574 0
89 32 2585 1
98 40 2647 1
32 87 2650 0
95 36 2734 1
56 75 2821 0
100 55 2907 1
15 76 2911 0
97 39 2961 1
20 93 3078 0
78 95 3088 0
100 61 3101 1
88 32 3145 1
55 83 3192 0
91 32 3261 1
56 89 3270 0
99 43 3298 1
67 97 3322 0
57 91 3386 0
77 96 3433 0
55 84 3564 0
73 113 3572 0
73 98 3593 0
100 59 3619 1
58 92 3639 0
60 96 3654 0
55 74 3745 0
55 78 3765 0
100 49 3804 1
57 90 3854 0
63 43 3855 1
57 92 3926 0
43 22 3962 0
56 83 4071 0
50 75 4149 0
19 92 4233 0
79 70 4242 0
56 81 4361 0
79 68 4363 0
36 60 4421 1
74 98 4425 0
74 70 4429 1
95 72 4549 1
64 99 4557 0
91 33 4587 1
53 72 4613 0
100 62 4713 1
100 64 4850 1
70 39 4851 1
100 47 4855 1
100 46 4875 1
93 35 5035 1
62 97 5125 0
38 83 5180 0
66 98 5255 0
79 65 5255 0
46 77 5273 0
55 77 5284 0
89 31 5350 1
54 72 5430 0
24 91 5438 0
15 90 5575 0
98 42 5620 1
55 85 5644 0
95 37 5666 1
96 38 5684 1
53 74 5702 0
71 98 5707 0
17 92 5714 0
46 76 5715 0
55 86 5722 0
37 84 5794 0
71 99 5809 0
62 96 5819 0
75 97 5852 0
15 86 5853 0
16 92 5914 0
17 93 5959 0
17 91 5960 0
89 33 5971 1
18 93 6064 0
78 70 6090 0
55 81 6130 0
80 65 6167 0
96 37 6204 1
83 34 6235 1
63 96 6256 0
64 97 6273 0
97 70 6280 1
51 74 6317 0
58 94 6322 0
83 55 6402 0
15 81 6428 0
56 91 6483 0
58 93 6537 0
68 98 6541 0
15 85 6555 0
67 98 6750 0
56 89 6955 0
99 42 6973 1
37 7 6981 0
31 88 6983 0
18 92 7177 0
55 79 7179 0
55 73 7241 0
93 78 7321 1
73 73 7324 1
85 32 7365 1
64 98 7412 0
73 75 7493 1
97 69 7605 1
15 89 7617 0
72 99 7641 0
15 78 7645 0
61 96 7659 0
15 87 7699 0
74 71 7720 1
16 75 7743 0
73 74 7772 1
30 87 7793 0
56 7 7799 0
100 45 7841 1
64 43 7875 1
97 40 7939 1
54 89 8093 0
77 36 8146 1
72 38 8207 1
19 71 8415 1
92 80 8538 1
93 34 8621 1
66 100 8659 0
46 54 8707 1
85 89 8720 1
58 92 8738 0
17 100 8766 0
90 31 8772 1
96 73 8780 1
83 59 8782 0
14 80 8829 0
37 7 8964 0
25 66 8980 1
46 53 9114 1
81 63 9143 0
15 92 9341 0
64 42 9624 1
66 98 9635 0
37 60 9839 1
22 70 9880 1
74 76 9886 1
62 43 9895 1
49 51 10095 1
18 94 10151 0
55 82 10153 0
15 84 10182 0
34 86 10209 0
16 87 10216 0
44 78 10391 0
94 75 10400 1
58 47 10482 1
39 82 10524 0
73 97 10802 0
22 93 10857 0
68 98 10919 0
56 73 10973 0
54 77 11014 0
74 73 11091 1
56 47 11157 1
55 85 11185 0
16 82 11294 0
33 86 11381 0
71 97 11416 0
65 98 11419 0
26 89 11447 0
80 64 11473 0
82 34 11509 1
14 81 11552 0
72 98 11577 0
109 45 11755 1
109 45 11840 0
59 92 11840 0
92 33 11959 1
47 78 12249 0
87 31 12305 1
22 94 12413 0
100 52 12458 1
14 82 12468 0
15 79 12480 0
15 77 12516 0
59 95 12563 0
80 35 12672 1
19 70 12762 1
73 113 12819 1
96 71 12842 1
74 74 12850 1
35 61 12865 1
100 44 12878 1
15 78 12903 0
95 35 13024 1
57 97 13159 0
42 79 13328 0
57 91 13517 0
37 7 13648 1
33 87 13785 0
94 35 14190 1
56 91 14241 0
95 36 14338 1
94 36 14371 1
96 36 14435 1
100 63 14439 1
98 41 14491 1
101 53 14499 1
56 87 14523 0
29 64 14535 1
98 40 14754 1
67 98 14858 0
99 43 15072 1
81 35 15088 1
80 95 15090 0
20 92 15127 0
95 73 15225 1
97 39 15266 1
100 48 15307 1
14 80 15315 0
88 31 15507 1
80 34 15517 1
97 38 15517 1
67 42 15562 1
69 40 15739 1
33 61 15787 1
55 82 15808 0
100 46 15850 1
37 59 16005 1
56 78 16038 0
89 32 16052 1
56 73 16095 0
100 45 16239 1
56 86 16378 0
66 98 16420 0
57 90 16471 0
56 89 16480 0
98 67 16589 1
94 34 16649 1
60 95 16649 0
56 85 16673 0
74 75 16746 1
93 33 16752 1
96 37 16800 1
77 72 16854 0
55 83 16862 0
14 88 16900 0
100 57 16910 1
90 32 16952 1
86 31 17070 1
101 54 17098 1
91 34 17099 1
101 51 17171 1
55 76 17198 0
98 38 17205 1
63 98 17219 0
91 33 17235 1
55 72 17235 0
101 56 17236 1
101 50 17237 1
68 98 17254 0
79 95 17268 0
80 94 17286 0
98 39 17352 1
99 42 17354 1
74 72 17451 1
62 96 17585 0
51 83 17616 0
82 33 17624 1
56 82 17636 0
100 49 17695 1
63 97 17726 0
80 67 17738 0
69 97 17739 0
61 43 17756 1
41 81 17782 0
56 83 17794 0
91 32 17830 1
101 49 17839 1
67 97 17839 0
22 92 17854 0
55 71 17896 0
65 42 17964 1
88 32 18032 1
95 36 18035 1
45 54 18043 1
14 84 18053 0
93 34 18070 1
73 37 18096 1
56 81 18146 0
53 89 18150 0
72 99 18181 0
17 92 18234 0
63 96 18292 0
58 92 18399 0
70 99 18481 0
95 37 18483 1
69 98 18523 0
55 84 18533 0
56 87 18552 0
48 76 18805 0
101 47 18837 1
55 87 18840 0
15 81 18931 0
101 55 19042 1
57 92 19051 0
100 61 19076 1
19 93 19154 0
15 90 19208 0
29 88 19220 0
94 35 19230 1
100 62 19265 1
56 75 19270 0
56 90 19290 0
71 38 19309 1
77 97 19348 0
56 86 19388 0
64 97 19393 0
78 35 19394 1
15 86 19475 0
99 43 19484 1
98 40 19492 1
81 34 19519 1
89 31 19544 1
101 52 19545 1
28 89 19568 0
27 90 19589 0
15 87 19625 0
15 76 19626 0
31 87 19630 0
53 73 19657 0
98 41 19677 1
97 39 19735 1
41 56 19836 1
49 52 19891 1
80 63 19903 0
74 97 19920 0
76 36 19924 1
48 52 19937 1
101 48 19972 1
26 90 19997 0
17 91 20030 0
50 51 20061 1
41 57 20064 1
33 60 20068 1
68 4 20072 1
74 36 20088 1
34 60 20110 1
92 33 20127 1
23 92 20162 0
15 75 20171 0
19 92 20180 0
97 40 20199 1
87 32 20243 1
94 76 20263 1
97 38 20265 1
60 95 20276 0
56 88 20369 0
71 98 20400 0
56 73 20415 0
26 65 20462 1
100 43 20474 1
83 33 20475 1
78 95 20527 0
70 98 20561 0
20 69 20580 1
56 85 20605 0
23 91 20615 0
96 36 20651 1
98 68 20738 1
39 42 20752 1
97 35 20770 1
67 40 20775 1
37 7 20819 1
56 78 20820 0
74 37 20836 1
79 36 20855 1
97 9 20895 1
29 7 20903 1
34 85 20924 0
41 97 20952 1
100 65 21006 1
57 45 21009 1
97 114 21035 1
87 87 21064 0
55 82 21066 0
59 45 21074 1
68 38 21081 1
90 106 21083 1
48 75 21085 0
22 4 21091 1
99 64 21128 1
100 44 21149 1
18 92 21154 0
73 38 21187 1
15 85 21279 0
16 92 21311 0
59 92 21326 0
15 78 21332 0
28 64 21369 1
32 61 21446 1
68 41 21478 1
62 44 21504 1
43 56 21554 1
15 84 21555 0
17 94 21613 0
73 72 21618 1
74 76 21716 1
55 85 21744 0
101 45 21834 1
57 46 21912 1
16 74 21927 0
40 59 21972 1
31 64 22017 1
30 64 22031 1
15 91 22063 0
20 93 22064 0
68 99 22076 0
14 80 22099 0
15 89 22108 0
56 87 22152 0
80 36 22249 1
98 38 22255 1
54 48 22297 1
39 59 22372 1
101 58 22381 1
98 42 22411 1
61 96 22414 0
100 46 22432 1
21 69 22547 1
21 94 22569 0
61 97 22598 0
96 37 22621 1
35 60 22655 1
15 81 22670 0
100 47 22711 1
56 86 22861 0
15 93 22871 0
42 57 22917 1
96 72 22925 1
38 59 22992 1
18 93 22997 0
74 71 23058 1
100 64 23091 1
86 32 23091 1
66 98 23121 0
57 90 23175 0
63 97 23186 0
27 64 23266 1
27 89 23363 0
36 61 23494 1
74 70 23533 1
16 73 23584 0
79 35 23648 1
20 92 23797 0
16 83 23859 0
100 39 23877 1
75 68 23883 1
74 74 23910 1
74 73 23912 1
42 58 23958 1
40 82 23974 0
95 35 24149 1
40 58 24213 1
17 93 24218 0
93 34 24347 1
66 42 24418 1
16 87 24419 0
69 98 24499 0
100 63 24539 1
45 55 24585 1
91 91 24663 1
68 98 24739 0
73 100 24801 0
15 96 25110 0
56 88 25150 0
60 95 25165 0
15 79 25226 0
97 70 25292 1
100 53 25371 1
57 91 25415 0
99 41 25460 1
99 65 25490 1
99 42 25606 1
37 7 25774 0
94 34 25846 1
72 38 26003 1
36 60 26005 1
74 75 26069 1
14 83 26109 0
20 95 26125 0
70 98 26273 0
26 67 26327 1
56 83 26356 0
56 92 26406 0
67 98 26559 0
72 98 26736 0
54 85 27042 0
62 97 27067 0
88 31 27212 1
81 62 27270 0
74 98 27309 0
48 77 27380 0
16 82 27384 0
15 86 27403 0
95 74 27501 1
14 86 27537 0
14 89 27563 0
100 45 27684 1
98 39 27698 1
54 73 27713 0
56 86 27820 0
56 73 27947 0
77 35 27964 1
95 36 27992 1
63 44 27999 1
101 53 28165 1
84 56 28201 0
56 87 28294 0
60 44 28345 1
75 37 28380 1
101 57 28393 1
99 43 28428 1
92 33 28612 1
20 91 28645 0
81 93 28697 0
94 35 28708 1
16 93 28774 0
89 32 28808 1
56 88 28856 0
74 72 29035 1
73 98 29088 0
17 96 29122 0
55 82 29125 0
26 92 29150 0
56 89 29180 0
77 36 29188 1
63 96 29202 0
81 66 29229 0
41 82 29289 0
98 40 29309 1
93 33 29315 1
58 92 29341 0
77 96 29360 0
90 32 29398 1
62 96 29448 0
16 95 29569 0
15 87 29580 0
79 69 29581 0
101 61 29668 1
76 97 29791 0
74 97 29795 0
55 79 29816 0
54 87 29852 0
56 85 29874 0
21 91 29929 0
42 86 29933 0
76 73 29935 0
40 81 29937 0
35 84 30035 0
59 93 30068 0
91 32 30071 1
81 95 30091 0
101 46 30097 1
15 82 30146 0
39 81 30190 0
56 82 30235 0
97 38 30296 1
90 31 30307 1
77 95 30312 0
54 90 30326 0
67 97 30333 0
56 79 30369 0
14 80 30398 0
75 97 30425 0
56 81 30516 0
71 97 30521 0
55 83 30544 0
97 68 30547 1
35 85 30592 0
97 39 30600 1
56 70 30608 0
69 97 30613 0
101 51 30619 1
37 83 30640 0
97 37 30645 1
91 33 30656 1
93 78 30657 1
55 81 30700 0
100 44 30707 1
65 98 30710 0
101 59 30793 1
87 31 30809 1
70 40 30845 1
33 62 30854 1
73 97 30859 0
46 77 30957 0
79 68 30984 0
17 92 31002 0
63 97 31009 0
63 43 31077 1
30 88 31201 0
54 74 31250 0
55 78 31292 0
100 45 31317 1
56 78 31318 0
60 95 31340 0
59 44 31361 1
54 47 31361 1
67 99 31420 0
101 50 31468 1
81 94 31489 0
44 80 31580 0
16 75 31581 0
80 35 31636 1
59 92 31639 0
100 43 31648 1
82 34 31721 1
96 37 31777 1
32 88 31782 0
84 33 31866 1
47 77 31867 0
55 75 31924 0
100 42 31995 1
99 42 32060 1
14 76 32107 0
55 71 32121 0
70 98 32170 0
93 34 32200 1
30 89 32281 0
98 38 32293 1
56 88 32305 0
98 41 32314 1
55 80 32320 0
49 75 32331 0
96 36 32344 1
37 60 32377 1
83 34 32454 1
64 42 32547 1
15 81 32615 0
100 46 32643 1
54 72 32679 0
56 86 32686 0
115 59 32693 1
15 84 32716 0
24 91 32717 0
92 32 32731 1
15 78 32755 0
94 77 32793 1
28 65 32808 1
60 97 32823 0
69 38 32834 1
84 56 32834 0
94 34 32850 1
69 98 32928 0
25 91 32947 0
75 70 32968 1
53 87 33037 0
27 65 33040 1
89 31 33064 1
101 49 33092 1
51 51 33102 1
100 62 33164 1
53 82 33185 0
19 94 33193 0
17 73 33217 0
55 86 33233 0
56 83 33336 0
64 97 33338 0
101 52 33345 1
55 47 33370 1
95 35 33387 1
53 72 33414 0
17 91 33449 0
62 95 33492 0
15 75 33495 0
59 93 33495 0
88 32 33506 1
15 77 33560 0
101 54 33572 1
93 79 33599 1
25 65 33683 1
22 92 33741 0
98 39 33793 1
97 74 33807 1
58 93 33887 0
16 83 33892 0
65 97 33912 0
101 56 33994 1
95 36 34022 1
57 90 34040 0
20 70 34131 1
18 92 34148 0
56 87 34170 0
15 82 34201 0
22 93 34249 0
15 85 34271 0
69 39 34318 1
99 43 34330 1
66 98 34342 0
56 79 34384 0
68 98 34447 0
101 60 34480 1
28 89 34484 0
101 48 34500 1
65 99 34563 0
14 93 34604 0
16 87 34659 0
9 99 34660 0
53 79 34671 0
49 76 34671 0
29 89 34690 0
53 80 34806 0
34 61 34930 1
98 40 34988 1
57 86 35034 0
70 39 35038 1
63 96 35142 0
54 81 35154 0
71 98 35182 0
19 92 35212 0
64 43 35217 1
55 89 35323 0
81 63 35369 0
81 34 35420 1
15 76 35466 0
5 99 35480 0
60 45 35657 1
80 62 35681 0
38 58 35700 1
82 57 35780 1
18 94 35798 0
78 34 35867 1
48 76 35919 0
16 82 36014 0
78 96 36041 0
28 90 36099 0
72 99 36100 0
62 95 36138 0
31 63 36200 1
54 71 36343 0
93 33 36529 1
20 92 36555 0
102 54 36579 1
67 41 36645 1
92 80 36677 1
56 88 36681 0
16 92 36717 0
56 85 36836 0
93 27 36854 1
7 28 37026 1
59 93 37055 0
81 35 37617 1
65 97 37659 0
62 96 37680 0
15 74 37754 0
29 64 37843 1
89 84 37914 1
75 67 37983 1
15 81 38235 0
94 35 38323 1
101 47 38412 1
96 71 38415 1
57 88 38530 0
101 55 38657 1
70 100 38728 0
56 81 38855 0
79 34 38867 1
55 80 38961 0
100 63 38984 1
62 95 39104 0
74 74 39185 1
91 31 39196 1
99 63 39413 1
88 30 39460 1
15 82 39482 0
73 99 39537 0
61 44 39589 1
41 86 39633 0
57 92 39663 0
92 33 39719 1
20 69 39968 1
95 75 39969 1
37 7 39987 1
98 38 39991 1
42 80 40039 0
30 63 40117 1
55 72 40220 0
56 82 40263 0
78 35 40270 1
80 34 40275 1
101 53 40310 1
18 70 40324 1
88 31 40428 1
99 40 40433 1
68 40 40479 1
59 94 40535 0
100 44 40545 1
97 38 40571 1
16 91 40766 0
97 69 40826 1
55 82 40898 0
36 85 40960 0
101 51 41103 1
71 38 41180 1
54 82 41287 0
109 45 41412 1
92 81 41425 1
99 41 41455 1
15 79 41513 0
94 74 41538 1
64 98 41541 0
109 45 41594 0
101 58 41680 1
99 42 41684 1
79 95 41684 0
15 89 41730 0
62 98 41736 0
100 43 41790 1
75 99 41795 0
89 32 41904 1
56 73 41907 0
74 71 42013 1
90 31 42016 1
91 32 42054 1
101 46 42054 1
100 45 42079 1
55 84 42081 0
18 71 42210 1
57 88 42357 0
93 34 42358 1
34 60 42366 1
96 37 42384 1
74 73 42475 1
59 93 42548 0
65 97 42582 0
97 36 42610 1
94 34 42620 1
69 97 42677 0
101 57 42692 1
80 65 42707 0
96 36 42733 1
101 50 42744 1
101 52 42799 1
57 91 42929 0
19 93 43008 0
35 61 43026 1
101 48 43049 1
101 59 43099 1
14 97 43147 0
74 97 43167 0
70 98 43184 0
97 37 43188 1
72 98 43207 0
80 67 43224 0
95 34 43235 1
19 69 43236 1
98 39 43244 1
74 72 43268 1
67 98 43270 0
78 95 43270 0
37 59 43306 1
93 32 43497 1
15 60 43498 0
60 95 43522 0
58 92 43532 0
18 93 43640 0
62 95 43643 0
15 80 43675 0
92 32 43695 1
56 78 43724 0
95 35 43823 1
75 75 43829 1
56 86 43862 0
51 92 43897 0
98 40 43900 1
16 90 43962 0
74 75 43962 1
16 94 43974 0
67 97 43991 0
84 56 44009 0
56 88 44019 0
93 33 44100 1
98 38 44147 1
63 97 44174 0
87 31 44177 1
101 49 44209 1
90 32 44248 1
59 92 44306 0
71 97 44419 0
67 96 44460 0
82 58 44480 1
97 38 44553 1
38 59 44617 1
56 83 44673 0
95 36 44691 1
17 92 44716 0
35 60 44738 1
74 98 44751 0
61 96 44768 0
68 39 44846 1
32 63 44846 1
99 66 44850 1
100 64 44855 1
101 45 44893 1
16 89 44905 0
100 44 44916 1
14 94 44922 0
56 75 44925 0
56 80 44930 0
15 87 44933 0
69 98 44940 0
80 94 44950 0
81 61 44968 0
79 70 44973 0
101 54 44976 1
93 76 44976 1
79 36 44990 1
62 43 45018 1
56 79 45022 0
97 39 45041 1
55 85 45057 0
99 42 45197 1
101 46 45213 1
79 35 45249 1
46 76 45273 0
101 56 45303 1
50 61 45303 1
50 52 45303 1
16 91 45304 0
49 51 45307 1
63 96 45314 0
17 93 45332 0
74 37 45336 1
16 83 45347 0
16 74 45349 0
73 97 45391 0
72 37 45412 1
33 86 45440 0
66 99 45468 0
55 80 45469 0
43 55 45618 1
101 51 45692 1
38 81 45719 0
57 74 45765 0
73 37 45848 1
57 88 45852 0
102 51 45853 1
21 91 45862 0
15 81 45865 0
15 86 45940 0
65 42 45954 1
20 93 45972 0
81 66 45984 0
76 35 46041 1
16 87 46080 0
39 59 46122 1
59 94 46140 0
61 43 46144 1
19 95 46154 0
89 31 46168 1
97 70 46189 1
47 53 46222 1
18 92 46298 0
58 45 46299 1
94 33 46326 1
52 50 46395 1
56 87 46412 0
62 95 46527 0
87 32 46543 1
16 75 46546 0
36 84 46617 0
15 84 46624 0
27 90 46655 0
37 60 46715 1
55 77 46725 0
83 33 46748 1
23 91 46802 0
20 91 46804 0
57 86 46808 0
96 36 46809 1
32 87 46818 0
75 69 46820 1
30 87 46855 0
75 76 46856 1
75 36 46879 1
17 91 46999 0
66 41 47018 1
91 32 47112 1
15 78 47165 0
83 60 47196 0
61 95 47275 0
92 31 47310 1
75 73 47341 1
101 55 47341 1
16 82 47359 0
102 49 47371 1
100 43 47388 1
68 96 47409 0
101 48 47454 1
15 90 47483 0
100 42 47611 1
56 80 47710 0
99 43 47721 1
56 74 47728 0
48 75 47735 0
56 70 47752 0
101 47 47763 1
101 53 47778 1
43 80 47789 0
98 31 47924 1
15 82 47946 0
101 60 47989 1
72 38 48006 1
28 89 48116 0
79 67 48141 0
15 80 48143 0
55 48 48161 1
44 55 48169 1
27 89 48214 0
97 37 48230 1
94 34 48231 1
65 97 48232 0
47 54 48255 1
101 62 48273 1
16 90 48304 0
56 91 48364 0
51 50 48369 1
98 38 48370 1
96 35 48559 1
98 39 48618 1
20 94 48677 0
54 49 48680 1
69 97 48730 0
101 58 48821 1
59 93 49016 0
16 74 49099 0
16 89 49099 0
34 85 49103 0
40 81 49116 0
77 34 49199 1
56 72 49220 0
56 95 49277 0
44 78 49366 0
75 35 49391 1
50 51 49458 1
28 64 49507 1
63 95 49525 0
21 93 49538 0
56 81 49576 0
36 60 49577 1
95 35 49663 1
42 56 49666 1
36 59 49738 1
97 35 49749 1
34 86 49753 0
45 54 49760 1
56 85 49790 0
96 37 49817 1
101 57 49924 1
57 90 49973 0
16 83 50121 0
64 42 50146 1
74 35 50183 1
99 40 50183 1
16 91 50191 0
99 41 50217 1
19 11 50243 1
45 77 50255 0
101 52 50314 1
81 34 50321 1
49 52 50359 1
26 65 50387 1
27 50 50413 1
12 0 50453 1
76 36 50463 1
56 82 50477 0
57 45 50517 1
15 73 50652 0
101 59 50652 1
86 31 50692 1
62 44 50708 1
100 62 50772 1
11 39 50863 1
56 80 50899 0
84 32 50913 1
15 119 50927 1
16 73 50951 0
39 58 50967 1
101 30 51039 1
87 30 51070 1
101 44 51123 1
93 78 51142 1
99 124 51162 1
48 53 51164 1
88 94 51193 1
90 31 51336 1
96 73 51367 1
95 73 51382 1
101 50 51401 1
75 74 51416 1
74 73 51431 1
97 36 51444 1
57 88 51449 0
15 77 51459 0
61 95 51544 0
46 54 51554 1
60 94 51631 0
100 45 51660 1
59 45 51710 1
104 118 51712 1
66 98 51873 0
30 64 51903 1
53 50 51961 1
58 96 51964 0
47 52 51980 1
80 35 51991 1
44 56 51996 1
93 34 52006 1
99 39 52033 1
15 85 52096 0
59 94 52102 0
54 6 52257 1
69 40 52281 1
98 67 52316 1
70 38 52349 1
96 72 52437 1
57 101 52553 0
66 96 52672 0
77 36 52696 1
86 32 52722 1
56 76 52737 0
63 43 52740 1
99 42 52756 1
109 45 52778 1
93 33 52792 1
98 37 52822 1
75 68 52824 1
63 95 52849 0
15 75 52886 0
68 41 52887 1
15 80 52897 0
15 81 53014 0
7 28 53027 0
55 81 53104 0
56 83 53137 0
21 69 53149 1
77 98 53173 0
109 45 53177 0
92 32 53188 1
16 87 53194 0
15 76 53218 0
71 98 53223 0
100 46 53268 1
68 98 53414 0
91 31 53419 1
22 93 53462 0
29 88 53481 0
35 86 53494 0
68 97 53499 0
26 90 53527 0
16 89 53547 0
16 90 53553 0
21 68 53737 1
84 33 53754 1
56 93 53987 0
100 44 54120 1
101 49 54159 1
100 63 54275 1
97 38 54284 1
89 30 54373 1
65 103 54424 0
88 31 54733 1
82 33 54736 1
56 72 54736 0
77 35 54765 1
23 68 54798 1
100 41 54814 1
109 45 54890 1
101 51 54928 1
59 92 54930 0
14 80 54941 0
82 34 54948 1
101 54 54998 1
98 68 55062 1
75 70 55094 1
59 101 55140 0
26 91 55179 0
109 45 55202 0
51 30 55382 0
13 91 55470 0
60 94 55565 0
70 99 55572 0
55 97 55576 0
39 42 55577 0
56 74 55579 0
10 83 55582 0
12 94 55603 0
74 74 55613 1
81 62 55633 0
19 92 55633 0
101 45 55674 1
109 45 55692 1
109 45 55721 0
101 48 55722 1
97 43 55734 1
23 92 55821 0
101 56 55823 1
73 98 55839 0
64 97 55870 0
74 72 55963 1
57 93 55985 0
97 71 56027 1
95 34 56032 1
96 36 56077 1
54 96 56098 0
98 38 56130 1
98 39 56149 1
67 96 56196 0
101 46 56265 1
67 97 56277 0
80 95 56284 0
77 95 56314 0
24 92 56325 0
63 95 56349 0
80 64 56378 0
56 80 56491 0
62 95 56575 0
100 43 56618 1
14 79 56629 0
62 96 56645 0
66 96 56654 0
55 71 56665 0
101 55 56816 1
56 86 56935 0
52 73 57014 0
55 80 57064 0
61 95 57087 0
99 65 57176 1
75 97 57239 0
56 78 57280 0
68 97 57318 0
90 30 57379 1
77 72 57409 0
39 82 57415 0
94 33 57449 1
91 30 57449 1
91 81 57450 1
101 32 57467 1
101 53 57467 1
52 74 57491 0
58 95 57510 0
101 53 57592 1
101 59 57592 1
58 90 57621 0
71 96 57624 0
16 91 57629 0
101 63 57692 1
57 86 57807 0
57 74 57814 0
97 37 57820 1
51 74 57850 0
100 42 57878 1
84 57 57885 0
56 79 57898 0
81 93 57944 0
95 35 57995 1
26 89 58016 0
29 63 58016 1
91 32 58022 1
94 34 58047 1
16 82 58126 0
46 77 58133 0
75 75 58238 1
31 87 58269 0
57 83 58278 0
98 40 58293 1
75 37 58391 1
20 92 58406 0
69 97 58409 0
57 82 58480 0
57 70 58594 0
102 52 58624 1
78 95 58663 0
15 88 58669 0
68 96 58677 0
56 46 58782 1
63 96 58807 0
93 79 58850 1
39 81 58875 0
101 58 58880 1
57 84 58914 0
93 33 58958 1
106 55 58964 1
101 47 58986 1
53 72 59023 0
19 70 59078 1
101 52 59088 1
17 76 59115 0
89 31 59129 1
18 92 59139 0
73 38 59200 1
16 89 59203 0
22 92 59207 0
57 73 59235 0
81 63 59237 0
65 97 59241 0
99 64 59293 1
29 89 59320 0
74 97 59321 0
38 59 59348 1
21 91 59350 0
78 35 59453 1
63 95 59460 0
101 60 59490 1
85 55 59491 0
50 75 59497 0
15 80 59515 0
35 59 59518 1
101 57 59538 1
71 38 59543 1
19 90 59578 0
60 94 59613 0
59 94 59633 0
16 75 59643 0
77 96 59698 0
96 35 59709 1
71 97 59726 0
56 76 59748 0
95 76 59763 1
16 90 59815 0
17 92 59863 0
57 46 59908 1
101 61 59916 1
42 81 59924 0
16 74 60026 0
72 96 60032 0
58 90 60080 0
76 68 60104 1
94 77 60117 1
16 83 60129 0
56 72 60148 0
93 32 60177 1
21 93 60240 0
57 88 60275 0
54 71 60313 0
102 56 60324 1
24 91 60437 0
99 40 60441 1
17 91 60458 0
79 34 60489 1
93 31 60550 1
57 87 60569 0
93 80 60589 1
73 97 60608 0
66 96 60665 0
74 36 60673 1
42 79 60694 0
17 72 60702 0
80 34 60800 1
33 61 60900 1
17 89 60923 0
63 42 60975 1
98 38 61107 1
102 57 61187 1
27 64 61198 1
68 97 61207 0
103 23 61365 1
101 51 61398 1
87 31 61479 1
56 81 61542 0
57 80 61586 0
81 94 61611 0
88 30 61625 1
70 98 61628 0
56 82 61635 0
81 66 61677 0
15 79 61726 0
92 31 61953 1
64 96 61982 0
33 60 62053 1
16 87 62071 0
83 34 62094 1
32 88 62216 0
82 93 62280 0
99 42 62280 1
28 65 62334 1
51 51 62363 1
56 80 62398 0
19 93 62401 0
95 34 62440 1
59 92 62455 0
96 36 62508 1
77 65 62520 1
41 81 62530 0
97 36 62553 1
20 93 62590 0
14 77 62606 0
13 94 62648 0
20 91 62658 0
57 73 62677 0
15 92 62679 0
98 39 62682 1
65 98 62713 0
97 35 62743 1
45 55 62855 1
62 95 63088 0
78 34 63100 1
90 84 63124 1
97 70 63167 1
64 43 63177 1
99 41 63222 1
58 90 63241 0
38 58 63260 1
90 31 63279 1
56 83 63293 0
56 88 63424 0
57 87 63540 0
16 82 63599 0
66 101 63601 0
101 49 63650 1
92 32 63855 1
67 96 63882 0
83 33 63968 1
15 81 63985 0
98 69 64030 1
66 97 64215 0
109 45 64262 1
101 50 64285 1
72 98 64291 0
60 94 64298 0
57 85 64435 0
61 95 64465 0
109 45 64470 0
40 58 64495 1
42 80 64571 0
59 93 64573 0
100 44 64580 1
91 31 64584 1
60 45 64601 1
75 71 64630 1
95 74 64631 1
58 72 64641 0
75 69 64662 1
58 73 64672 0
101 54 64675 1
64 41 64711 1
17 89 64813 0
99 38 64819 1
100 65 64879 1
96 34 64884 1
48 52 64900 1
39 59 64934 1
64 96 65119 0
15 88 65187 0
28 63 65189 1
57 75 65219 0
63 95 65269 0
29 64 65273 1
37 59 65360 1
72 38 65383 1
74 71 65533 1
37 58 65547 1
74 37 65557 1
18 93 65591 0
16 89 65721 0
20 94 65830 0
60 44 65849 1
101 56 65974 1
54 99 66001 0
102 50 66118 1
56 76 66202 0
41 58 66234 1
70 39 66294 1
31 89 66344 0
39 40 66525 0
17 83 66534 0
15 82 66597 0
100 43 66610 1
15 86 66627 0
101 43 66633 1
15 95 66714 0
20 69 66804 1
99 39 66837 1
101 48 66870 1
16 77 66961 0
54 92 67015 0
35 60 67053 1
16 91 67185 0
61 100 67265 0
58 89 67380 0
80 94 67380 0
55 79 67415 0
32 86 67539 0
55 47 67584 1
71 100 67594 0
94 33 67692 1
82 92 67705 0
67 103 67734 0
85 90 67794 1
94 32 67852 1
56 74 67942 0
69 99 68015 0
56 85 68136 0
55 88 68209 0
97 33 68365 1
69 98 68577 0
49 88 68652 0
28 89 68701 0
57 87 68703 0
16 83 68784 0
17 73 68852 0
55 83 68858 0
48 76 68902 0
58 90 68915 0
19 92 68920 0
39 83 68939 0
67 97 68946 0
57 81 68949 0
57 85 68980 0
67 98 68992 0
57 83 69027 0
64 96 69027 0
66 97 69029 0
68 76 69053 1
57 86 69077 0
41 97 69103 0
30 89 69111 0
64 73 69125 1
15 84 69143 0
57 73 69169 0
43 79 69176 0
68 100 69192 0
55 3 69203 0
76 97 69211 0
54 84 69221 0
92 49 69224 1
63 97 69227 0
23 93 69320 0
55 90 69343 0
49 80 69382 0
46 82 69398 0
27 65 69421 1
11 94 69424 0
65 96 69439 0
51 73 69613 0
75 98 69627 0
13 87 69643 0
24 90 69650 0
80 67 69764 0
68 97 69980 0
62 94 70127 0
86 30 70136 1
35 83 70186 0
58 89 70214 0
57 84 70337 0
57 75 70387 0
57 74 70690 0
68 96 70795 0
16 77 70895 0
80 63 70977 0
69 97 71053 0
58 92 71128 0
13 96 71158 0
59 90 71163 0
51 90 71229 0
101 55 71257 1
56 72 71259 0
101 62 71262 1
49 75 71303 0
31 41 71308 0
57 45 71343 1
15 88 71359 0
76 96 71397 0
61 92 71496 0
16 90 71670 0
21 93 71828 0
84 57 71945 0
73 37 72133 1
80 93 72195 0
101 42 72221 1
100 42 72227 1
15 80 72373 0
71 99 72375 0
56 70 72438 0
31 88 72450 0
74 73 72586 1
45 78 72614 0
75 73 72622 1
95 35 72706 1
97 37 72738 1
66 96 72874 0
52 73 72904 0
30 88 72943 0
65 96 72956 0
101 46 73007 1
5 86 73033 0
62 94 73067 0
101 45 73087 1
101 44 73088 1
59 94 73122 0
61 99 73221 0
13 78 73412 0
66 97 73474 0
69 100 73510 0
83 61 73529 0
100 40 73720 1
71 96 74009 0
18 92 74017 0
100 41 74205 1
52 72 74215 0
17 89 74218 0
80 35 74345 1
81 96 74446 0
81 35 74446 1
59 90 74485 0
75 74 74503 1
55 95 74605 0
98 37 74615 1
58 89 74657 0
93 33 74692 1
98 38 74854 1
57 72 74980 0
31 62 75148 1
16 84 75231 0
16 77 75450 0
58 88 75540 0
97 69 75606 1
20 92 75687 0
96 35 75690 1
67 41 75694 1
66 42 75720 1
75 72 75768 1
51 44 76083 1
30 87 76156 0
66 41 76351 1
72 97 76530 0
81 64 76695 0
99 40 76758 1
102 58 76853 1
81 34 76967 1
65 42 77039 1
34 60 77108 1
62 94 77142 0
5 91 77387 0
16 92 77547 0
85 31 77721 1
69 39 77766 1
109 45 77935 1
109 45 77997 0
91 32 78023 1
51 80 78114 0
59 91 78131 0
89 30 78770 1
101 59 78771 1
79 35 78955 1
15 88 79011 0
16 84 79044 0
100 64 79071 1
58 91 79350 0
65 96 79444 0
56 76 79452 0
79 95 79474 0
23 95 79480 0
102 49 79648 1
66 97 79764 0
60 94 79778 0
57 72 79791 0
53 84 79906 0
13 76 79929 0
16 80 79992 0
79 96 80128 0
68 98 80321 0
100 37 80416 1
80 66 80473 0
101 57 80759 1
30 86 80774 0
102 48 80915 1
59 90 80919 0
35 85 81024 0
58 88 81076 0
34 84 81187 0
101 60 81279 1
46 76 81282 0
66 12 81326 1
101 58 81364 1
97 36 81625 1
54 72 81632 0
14 78 81673 0
13 92 81749 0
74 98 81765 0
101 61 81781 1
17 88 81878 0
5 61 81884 0
95 34 81909 1
78 71 81910 0
101 52 81910 1
89 31 81963 1
21 92 82005 0
95 33 82014 1
101 64 82078 1
59 91 82145 0
69 99 82179 0
88 31 82218 1
56 78 82218 0
97 35 82233 1
101 46 82334 1
102 45 82374 1
102 52 82476 1
57 88 82579 0
92 32 82581 1
101 45 82690 1
72 96 82747 0
72 97 82772 0
102 54 82776 1
28 88 82796 0
72 37 82843 1
99 39 82860 1
48 51 82871 1
95 75 82873 1
76 96 82914 0
102 46 82946 1
57 85 82992 0
93 32 83001 1
56 79 83046 0
82 61 83062 0
57 87 83099 0
90 31 83100 1
75 70 83107 1
58 73 83120 0
82 33 83125 1
100 42 83144 1
57 82 83149 0
92 31 83270 1
102 51 83296 1
90 30 83337 1
85 55 83380 0
81 62 83397 0
57 70 83448 0
65 41 83455 1
67 96 83481 0
102 47 83508 1
101 44 83508 1
16 78 83530 0
98 36 83533 1
93 78 83549 1
101 51 83573 1
97 96 83587 1
81 33 83592 1
64 42 83635 1
70 96 83636 0
73 36 83637 1
101 59 83638 1
61 44 83662 1
96 34 83704 1
62 95 83723 0
62 94 83723 0
97 37 83731 1
94 33 83754 1
102 55 83849 1
97 36 83855 1
71 97 83864 0
58 90 83885 0
98 38 83887 1
102 53 83903 1
89 29 83936 1
16 84 83954 0
79 69 83998 0
51 50 84038 1
62 42 84078 1
70 97 84137 0
81 64 84163 0
100 41 84186 1
95 34 84193 1
60 25 84219 0
71 37 84220 1
97 35 84232 1
58 89 84250 0
48 75 84296 0
74 97 84300 0
37 60 84304 1
76 66 84330 1
17 90 84336 0
57 75 84380 0
57 86 84385 0
30 63 84393 1
101 48 84414 1
102 56 84420 1
102 59 84456 1
91 30 84479 1
57 83 84500 0
17 94 84503 0
16 80 84523 0
35 84 84529 0
57 72 84544 0
32 85 84545 0
91 31 84600 1
16 75 84603 0
57 80 84605 0
75 68 84611 1
55 71 84636 0
75 36 84639 1
77 95 84686 0
58 72 84706 0
67 40 84790 1
99 38 84818 1
83 55 84827 1
109 45 84843 1
57 73 84883 0
68 96 84896 0
102 49 84902 1
81 67 84905 0
99 40 84905 1
58 91 84909 0
58 44 84922 1
61 97 84940 0
61 92 84940 0
22 68 84944 1
65 95 84953 0
56 80 84986 0
19 91 84997 0
81 93 85057 0
33 86 85060 0
69 96 85075 0
23 91 85135 0
63 96 85138 0
109 45 85146 0
78 35 85148 1
69 97 85156 0
14 98 85185 0
109 45 85228 1
15 81 85244 0
67 97 85248 0
57 81 85254 0
109 45 85277 0
57 84 85288 0
71 96 85292 0
96 72 85305 1
17 92 85316 0
58 88 85338 0
64 96 85365 0
16 77 85394 0
68 97 85396 0
75 97 85414 0
54 104 85453 0
66 96 85463 0
36 59 85466 1
34 85 85508 0
75 69 85577 1
57 90 85578 0
52 50 85583 1
95 33 85586 1
21 91 85653 0
13 82 85714 0
94 32 85723 1
45 77 85768 0
59 90 85782 0
59 91 85796 0
98 37 85817 1
101 43 85880 1
94 78 85881 1
16 82 85908 0
19 90 85954 0
84 33 85995 1
58 45 86022 1
81 63 86024 0
84 32 86026 1
65 96 86028 0
16 83 86081 0
81 66 86084 0
96 35 86090 1
17 76 86104 0
29 88 86109 0
56 81 86128 0
92 32 86137 1
16 81 86162 0
16 79 86224 0
57 74 86229 0
102 57 86246 1
72 107 86248 0
16 87 86257 0
58 94 86298 0
22 93 86310 0
63 106 86312 0
47 77 86316 0
102 54 86332 1
78 70 86352 0
67 102 86365 0
75 73 86372 1
5 102 86390 0
27 89 86396 0
75 71 86398 1
101 60 86405 1
20 91 86428 0
67 96 86451 0
15 89 86462 0
57 85 86476 0
16 86 86537 0
97 35 86550 1
93 32 86564 1
99 39 86566 1
93 33 86569 1
62 94 86595 0
23 92 86605 0
56 83 86606 0
63 95 86625 0
17 88 86670 0
78 95 86725 0
13 83 86736 0
22 92 86762 0
17 91 86777 0
66 97 86782 0
39 80 86791 0
62 95 86795 0
82 64 86801 0
37 86 86802 0
33 92 86806 0
64 109 86824 0
80 64 86836 1
80 34 86836 1
52 53 86887 1
44 54 86887 1
101 46 86935 1
101 45 86968 1
75 72 86970 1
65 97 86998 0
70 96 87005 0
100 42 87015 1
57 83 87056 0
72 96 87083 0
71 98 87104 0
97 36 87116 1
57 82 87138 0
89 31 87145 1
102 60 87194 1
102 50 87218 1
16 74 87246 0
96 36 87253 1
45 94 87303 0
100 40 87335 1
16 84 87346 0
16 88 87361 0
57 89 87371 0
59 44 87371 1
16 78 87411 0
4 85 87419 0
58 73 87437 0
96 34 87559 1
101 44 87603 1
21 94 87636 0
83 33 87650 1
32 86 87676 0
17 89 87700 0
101 62 87708 1
52 49 87713 1
79 34 87714 1
72 97 87716 0
102 48 87733 1
50 51 87797 1
36 84 87809 0
93 31 87845 1
21 68 87854 1
38 59 87854 1
62 43 87964 1
92 31 87989 1
90 83 87999 1
102 52 88030 1
61 42 88048 1
30 62 88075 1
65 95 88083 0
38 81 88122 0
16 80 88139 0
17 83 88177 0
91 32 88184 1
46 53 88264 1
88 29 88265 1
70 97 88285 0
69 96 88318 0
102 44 88367 1
97 70 88372 1
49 51 88372 1
102 58 88407 1
75 70 88447 1
101 61 88454 1
57 95 88499 0
19 92 88502 0
57 71 88553 0
95 34 88559 1
94 77 88588 1
102 46 88631 1
88 30 88717 1
19 91 88722 0
34 61 88725 1
43 55 88732 1
58 88 88744 0
17 90 88775 0
87 31 88800 1
57 87 88819 0
76 36 88884 1
56 82 88896 0
98 68 88927 1
20 70 88931 1
95 32 89022 1
97 35 89035 1
26 90 89048 0
57 70 89067 0
35 59 89082 1
101 63 89103 1
99 66 89103 1
87 30 89104 1
21 92 89150 0
54 71 89168 0
43 56 89178 1
77 35 89202 1
100 41 89305 1
102 51 89348 1
57 77 89351 0
57 84 89403 0
61 43 89430 1
93 27 89454 1
16 81 89553 0
75 96 89565 0
57 81 89586 0
73 113 89620 0
16 79 89682 0
58 89 89685 0
17 73 89718 0
25 57 89724 1
25 89 89724 0
38 58 89745 1
76 73 89749 1
14 91 89820 0
71 38 89833 1
76 68 89836 1
57 72 89855 0
56 89 89857 0
90 30 89884 1
63 43 89894 1
90 31 89901 1
40 58 89911 1
76 35 89973 1
57 80 89975 0
83 32 90093 1
59 92 90111 0
97 71 90130 1
16 83 90163 0
16 82 90171 0
17 72 90189 0
53 49 90204 1
75 74 90213 1
89 30 90213 1
26 89 90259 0
53 75 90302 0
16 73 90337 0
98 38 90357 1
62 93 90388 0
41 79 90393 0
92 30 90411 1
16 86 90423 0
98 36 90436 1
17 88 90503 0
58 91 90503 0
21 91 90555 0
40 81 90586 0
45 54 90605 1
15 78 90610 0
101 54 90635 1
68 40 90647 1
64 95 90677 0
57 86 90697 0
21 69 90702 1
37 90 90714 0
37 58 90715 1
29 89 90720 0
27 92 90806 0
61 92 90809 0
58 72 90817 0
13 84 90830 0
40 82 90874 0
59 91 90887 0
28 88 90927 0
49 50 90957 1
17 78 90998 0
102 53 91008 1
61 94 91062 0
29 90 91116 0
53 99 91175 0
47 53 91194 1
80 94 91204 0
16 78 91251 0
81 61 91314 0
39 58 91341 1
81 34 91377 1
86 89 91479 1
57 45 91494 1
92 80 91614 1
16 88 91653 0
68 96 91721 0
50 50 91764 1
16 77 91769 0
98 70 91809 1
23 68 91817 1
99 38 91831 1
18 92 91932 0
16 89 91932 0
77 71 91933 0
16 84 92087 0
39 59 92121 1
9 78 92173 0
83 95 92182 0
59 88 92288 0
19 90 92331 0
16 75 92335 0
21 93 92343 0
57 77 92353 0
57 71 92378 0
24 90 92399 0
80 93 92475 0
53 72 92500 0
16 80 92509 0
20 92 92536 0
109 45 92539 1
15 88 92552 0
38 83 92654 0
40 57 92663 1
65 95 92683 0
70 96 92701 0
96 73 92715 1
94 30 92727 1
91 83 92776 1
100 39 92844 1
78 34 92956 1
97 34 92983 1
19 91 92986 0
16 81 93031 0
109 45 93032 0
91 31 93036 1
102 42 93067 1
57 89 93094 0
70 97 93115 0
56 70 93185 0
28 89 93282 0
19 69 93326 1
57 79 93335 0
101 42 93360 1
103 45 93417 1
73 37 93455 1
82 64 93458 0
102 43 93481 1
16 79 93545 0
98 35 93579 1
64 95 93618 0
101 55 93622 1
27 64 93651 1
103 48 93691 1
74 36 93691 1
16 86 93769 0
17 75 93917 0
77 34 93969 1
62 93 93994 0
97 37 94059 1
101 58 94078 1
102 47 94127 1
78 33 94196 1
96 33 94204 1
17 90 94253 0
101 59 94289 1
70 37 94310 1
36 58 94324 1
93 79 94365 1
93 30 94444 1
75 96 94449 0
81 64 94452 0
100 66 94477 1
102 49 94505 1
69 96 94524 0
25 67 94734 1
32 63 94765 1
60 45 94775 1
44 55 94780 1
33 11 94816 1
88 31 94877 1
74 37 94922 1
82 33 95000 1
30 64 95131 1
94 44 95140 1
94 32 95140 1
16 88 95190 0
61 94 95268 0
101 52 95283 1
95 33 95397 1
77 37 95413 1
113 59 95483 1
69 97 95545 0
94 33 95703 1
95 35 95723 1
98 37 95728 1
32 62 95744 1
72 38 95836 1
93 32 96185 1
61 91 96294 0
54 98 96309 0
20 93 96444 0
16 87 96470 0
102 45 96527 1
97 36 96547 1
80 66 96591 0
5 61 96668 0
47 54 96675 1
86 31 96737 1
14 74 96833 0
99 37 96920 1
101 43 96947 1
16 78 96961 0
21 92 96998 0
73 113 97007 1
99 39 97066 1
57 75 97066 0
15 87 97112 0
57 77 97123 0
57 83 97167 0
66 98 97240 0
69 95 97248 0
62 94 97254 0
72 37 97286 1
86 32 97286 1
65 96 97377 0
64 95 97408 0
57 79 97448 0
85 57 97463 0
97 38 97542 1
14 85 97558 0
17 77 97563 0
66 96 97573 0
65 41 97598 1
16 86 97739 0
71 96 97748 0
99 34 97749 1
20 68 97770 1
102 54 97774 1
18 91 97937 0
78 71 97976 0
48 86 97992 0
79 70 98010 0
63 100 98011 0
92 32 98014 1
55 103 98044 0
101 56 98048 1
26 55 98070 0
26 65 98070 1
16 81 98161 0
57 85 98165 0
18 94 98189 0
4 86 98194 0
62 99 98206 0
72 97 98234 0
50 102 98246 0
71 97 98272 0
15 81 98276 0
58 91 98642 0
102 56 98658 1
64 96 98692 0
58 73 98747 0
57 88 98753 0
17 89 98754 0
16 88 98768 0
98 69 98936 1
96 34 98944 1
57 71 99026 0
58 88 99074 0
87 92 99091 1
17 76 99122 0
102 40 99123 1
16 79 99184 0
17 78 99302 0
40 52 99311 1
97 73 99466 1
102 50 99469 1
61 94 99479 0
80 33 99488 1
17 75 99573 0
103 43 99692 1
17 88 99901 0
57 82 99948 0
102 55 100170 1
79 33 100237 1
75 69 100281 1
70 97 100333 0
17 91 100334 0
70 98 100488 0
58 90 100553 0
67 96 100601 0
62 93 100618 0
23 91 100634 0
57 44 100639 1
76 96 100656 0
102 57 100684 1
101 44 100731 1
101 41 100739 1
39 81 100764 0
25 104 100841 0
63 94 100843 0
21 90 100910 0
86 88 100984 1
59 45 100994 1
102 48 101029 1
33 87 101040 0
70 38 101076 1
42 79 101122 0
24 91 101153 0
46 54 101164 1
81 33 101164 1
75 96 101187 0
64 42 101190 1
57 96 101260 0
57 89 101303 0
75 71 101420 1
98 34 101456 1
55 46 101462 1
29 63 101523 1
59 91 101588 0
65 95 101603 0
29 64 101714 1
92 31 101752 1
107 46 101985 1
95 74 102052 1
102 61 102070 1
16 88 102146 0
95 30 102158 1
18 91 102194 0
5 3 102227 1
22 61 102241 1
75 72 102472 1
102 58 102484 1
17 77 102597 0
16 86 102608 0
64 41 102846 1
56 90 102860 0
37 83 102873 0
67 12 102944 0
17 83 103031 0
100 40 103065 1
49 75 103182 0
64 95 103208 0
75 73 103244 1
34 53 103444 1
60 43 103460 1
18 90 103483 0
97 35 103502 1
101 45 103582 1
63 42 103621 1
59 43 103640 1
102 37 103640 1
63 39 103660 1
91 30 103708 1
95 75 103722 1
60 44 103765 1
63 94 103765 0
109 45 103898 1
56 80 103974 0
20 91 104018 0
109 45 104034 0
69 40 104073 1
63 95 104161 0
56 90 104343 1
32 60 104436 1
100 64 104617 1
59 90 104684 0
100 41 104689 1
103 41 104715 1
16 78 104880 0
97 72 104906 1
27 63 104926 1
13 89 105025 0
49 52 105052 1
66 41 105238 1
75 68 105402 1
100 67 105512 1
100 42 105512 1
80 60 105668 1
48 53 105710 1
16 80 105783 0
16 88 105851 0
93 31 105863 1
74 76 105865 1
102 52 105874 1
16 84 105905 0
73 74 105916 1
56 71 105936 0
94 31 105989 1
99 67 106026 1
90 29 106104 1
61 94 106197 0
20 94 106213 0
56 90 106230 0
56 106 106254 0
67 108 106318 0
65 42 106525 1
16 91 106631 0
19 94 106691 0
15 75 106729 0
13 80 106775 0
12 77 106787 0
57 74 106791 0
64 94 106806 0
37 84 106894 0
16 13 106984 0
17 90 107008 0
56 97 107008 0
102 51 107159 1
4 90 107240 0
34 85 107270 0
18 91 107291 0
14 90 107408 0
54 78 107423 0
59 95 107437 0
52 91 107520 0
66 97 107588 0
12 91 107606 0
99 38 107649 1
52 86 107710 0
57 81 107894 0
57 79 107904 0
19 89 107999 0
3 85 108139 0
56 77 108152 0
45 78 108175 0
76 95 108297 0
18 90 108320 0
68 97 108362 0
102 59 108413 1
101 60 108450 1
102 53 108769 1
102 49 108795 1
12 83 108902 0
63 94 108921 0
95 34 108964 1
102 46 109000 1
73 97 109074 0
47 102 109144 0
47 76 109144 0
70 96 109165 0
101 61 109166 1
56 98 109241 0
3 63 109248 0
82 94 109269 0
81 67 109486 0
49 84 109486 0
62 109 109531 0
61 92 109589 0
57 77 109613 0
57 84 109652 0
16 88 109709 0
57 80 109738 0
59 106 109746 0
50 75 109748 0
55 70 109775 0
81 66 109845 0
98 36 109848 1
51 73 109987 0
63 99 109990 0
67 97 110001 0
84 55 110023 0
82 93 110076 0
19 91 110082 0
51 74 110101 0
56 78 110107 0
46 76 110126 0
72 96 110127 0
59 88 110177 0
57 72 110242 0
32 87 110299 0
52 92 110344 0
69 109 110395 0
94 32 110411 1
64 94 110436 0
77 97 110578 0
89 30 110579 1
57 83 110625 0
68 96 110646 0
109 45 110668 1
58 72 110704 0
48 75 110778 0
82 92 110826 0
102 47 110933 1
80 34 110995 1
100 39 111024 1
75 70 111065 1
100 38 111070 1
61 91 111075 0
101 25 111113 1
109 45 111143 0
69 96 111173 0
97 35 111219 1
74 97 111247 0
90 30 111273 1
99 39 111286 1
101 62 111308 1
95 33 111349 1
57 70 111352 0
62 93 111431 0
81 93 111476 0
42 80 111527 0
58 89 111601 0
59 89 111645 0
58 73 111652 0
16 81 111783 0
76 73 111795 1
16 86 111800 0
30 86 111844 0
101 42 111935 1
5 61 111943 1
66 40 112127 1
29 88 112162 0
30 87 112163 0
44 78 112184 0
102 60 112236 1
93 32 112275 1
96 34 112297 1
17 75 112309 0
93 78 112335 1
102 54 112382 1
57 91 112385 0
79 35 112448 1
102 56 112483 1
77 95 112583 0
82 64 112585 0
35 60 112612 1
84 32 112620 1
32 85 112624 0
18 72 112708 0
71 37 112768 1
101 43 112855 1
58 88 112909 0
16 79 112983 0
82 61 112984 0
71 96 113021 0
18 90 113041 0
102 45 113131 1
18 91 113209 0
22 93 113211 0
102 48 113353 1
21 90 113598 0
102 44 113642 1
46 77 113663 0
54 79 113667 0
75 97 113716 0
34 40 113758 0
99 65 113763 1
60 99 113768 0
101 44 113783 1
62 94 113823 0
31 87 113835 0
91 29 113898 1
63 94 113911 0
23 67 113967 1
64 94 113986 0
77 96 114021 0
57 78 114070 0
91 31 114105 1
56 71 114107 0
97 36 114195 1
52 72 114240 0
21 92 114267 0
28 88 114290 0
78 35 114343 1
88 30 114386 1
16 88 114387 0
59 89 114408 0
51 49 114446 1
55 82 114553 0
16 90 114588 0
17 77 114633 0
69 97 114748 0
75 36 114773 1
57 73 114793 0
102 58 114807 1
64 95 114828 0
16 82 114852 0
95 76 114877 1
48 80 114885 0
102 57 114896 1
69 95 115001 0
38 58 115011 1
103 53 115030 1
70 97 115040 0
19 92 115065 0
53 48 115067 1
30 63 115080 1
66 96 115086 0
34 84 115099 0
89 29 115110 1
51 88 115226 0
19 90 115227 0
83 33 115229 1
17 78 115254 0
57 87 115291 0
75 96 115351 0
17 73 115358 0
105 5 115400 1
57 81 115513 0
57 46 115534 1
67 96 115552 0
29 86 115588 0
55 72 115838 0
16 83 115951 0
102 52 115960 1
36 59 115966 1
19 89 115988 0
18 87 115991 0
56 87 115994 0
65 95 116053 0
30 88 116165 0
91 30 116167 1
17 76 116238 0
37 82 116279 0
100 40 116308 1
21 97 116413 0
87 31 116453 1
56 84 116537 0
76 68 116548 1
92 31 116568 1
28 63 116582 1
99 38 116695 1
39 57 116759 1
70 95 116770 0
82 65 116985 0
51 50 117041 1
20 69 117067 1
58 45 117107 1
79 94 117317 0
17 86 117347 0
79 34 117381 1
102 50 117463 1
17 88 117575 0
59 89 117615 0
17 89 117654 0
81 34 117805 1
56 77 117877 0
57 45 117955 1
92 30 117988 1
56 46 117999 1
99 36 118069 1
56 79 118083 0
58 91 118112 0
57 85 118122 0
94 78 118173 1
16 78 118297 0
67 40 118333 1
97 70 118351 1
57 79 118377 0
100 41 118553 1
57 78 118585 0
41 58 118747 1
61 98 118786 0
17 84 118799 0
43 79 118827 0
18 90 118945 0
17 83 118997 0
57 71 119035 0
34 60 119220 1
102 53 119264 1
61 94 119343 0
96 33 119383 1
94 32 119431 1
16 77 119467 0
102 49 119547 1
37 58 119599 1
16 76 119651 0
74 36 119821 1
58 87 119835 0
52 49 119980 1
34 59 120072 1
35 59 120297 1
18 87 120434 0
20 92 120490 0
51 51 120547 1
23 92 120647 0
57 84 120715 0
68 99 120724 0
102 46 120750 1
45 53 120809 1
76 95 121029 0
17 86 121050 0
102 51 121058 1
17 85 121085 0
93 31 121135 1
99 37 121277 1
57 82 121353 0
85 30 121376 1
48 94 121442 0
18 91 121442 0
97 35 121460 1
101 63 121471 1
61 95 121482 0
62 42 121522 1
58 86 121525 0
57 77 121555 0
102 43 121598 1
94 77 121659 1
60 93 121690 0
98 35 121731 1
56 90 121801 1
95 33 121871 1
101 46 121909 1
102 55 122024 1
75 72 122050 1
75 71 122215 1
102 54 122243 1
96 34 122248 1
100 39 122257 1
31 61 122311 1
80 29 122327 1
98 36 122327 1
50 81 122353 0
101 41 122356 1
96 30 122459 1
40 58 122482 1
61 44 122523 1
48 52 122530 1
28 64 122560 1
56 45 122626 1
76 72 122698 1
94 31 122787 1
102 56 122927 1
80 93 122981 0
97 34 122988 1
38 57 122995 1
76 69 123036 1
72 97 123048 0
95 32 123053 1
75 73 123053 1
61 92 123065 0
59 88 123107 0
47 88 123137 0
73 36 123179 1
16 85 123282 0
70 39 123428 1
105 42 123430 1
97 35 123464 1
101 40 123478 1
83 55 123482 1
54 49 123510 1
72 96 123515 0
96 74 123577 1
89 31 123614 1
58 87 123648 0
99 39 123655 1
61 91 123670 0
76 66 123695 1
14 92 123706 0
52 50 123719 1
21 68 123757 1
29 62 123913 1
59 89 123945 0
90 30 123995 1
75 70 124020 1
53 50 124118 1
57 78 124140 0
102 52 124144 1
19 91 124147 0
59 44 124168 1
74 99 124212 0
102 59 124224 1
100 32 124347 1
102 44 124351 1
98 68 124377 1
70 96 124389 0
31 62 124398 1
58 86 124424 0
68 72 124446 1
68 96 124446 0
64 94 124508 0
57 83 124529 0
97 68 124558 1
102 45 124579 1
69 39 124591 1
63 94 124601 0
78 95 124615 0
102 58 124641 1
35 84 124676 0
28 65 124678 1
56 70 124687 0
101 59 124704 1
82 32 124740 1
101 61 124742 1
102 62 124746 1
57 92 124747 0
22 90 124756 0
58 72 124789 0
68 39 124814 1
75 35 124814 1
102 46 124820 1
57 80 124839 0
85 31 124841 1
102 48 124939 1
47 76 124954 0
79 94 124964 0
58 73 124974 0
100 40 125005 1
102 57 125019 1
92 29 125048 1
80 33 125067 1
82 65 125075 0
103 49 125082 1
102 53 125088 1
97 71 125088 1
81 33 125124 1
101 42 125129 1
65 96 125150 0
94 32 125179 1
56 90 125183 0
56 84 125200 0
55 70 125213 0
59 90 125252 0
102 49 125323 1
81 65 125351 0
17 84 125400 0
76 35 125403 1
16 88 125424 0
35 83 125458 0
54 80 125460 0
62 93 125479 0
57 86 125502 0
82 33 125563 1
17 85 125647 0
83 61 125653 0
95 31 125678 1
100 38 125685 1
24 90 125690 0
17 86 125692 0
17 77 125728 0
99 38 125735 1
81 64 125765 0
69 99 125830 0
17 71 125849 0
76 73 125857 1
69 96 125895 0
83 60 125906 0
71 96 125922 0
76 70 125940 1
21 91 126019 0
33 88 126030 0
22 92 126064 0
19 93 126148 0
20 91 126180 0
102 61 126187 1
32 88 126194 0
23 100 126196 0
50 73 126218 0
116 88 126271 1
98 31 126290 1
100 65 126431 1
84 58 126476 0
36 84 126476 0
25 89 126501 0
85 57 126540 0
72 37 126590 1
93 31 126621 1
69 38 126672 1
57 70 126691 0
91 30 126691 1
83 32 126855 1
102 60 126914 1
17 75 126941 0
56 86 126974 0
45 55 127128 1
58 87 127131 0
100 39 127172 1
18 90 127172 0
16 76 127177 0
96 33 127187 1
96 34 127236 1
58 86 127325 0
57 75 127362 0
26 89 127413 0
5 61 127560 1
101 62 127637 1
95 75 127661 1
102 54 127687 1
67 96 127712 0
41 56 127720 1
59 88 127809 0
59 94 127914 0
69 95 127932 0
101 39 127986 1
102 42 128009 1
65 41 128020 1
71 38 128070 1
32 61 128073 1
78 69 128100 0
82 60 128108 0
24 92 128151 0
102 39 128176 1
41 86 128229 0
96 32 128231 1
98 69 128255 1
108 13 128296 1
99 37 128299 1
93 32 128326 1
70 95 128395 0
15 81 128444 0
58 88 128455 0
95 33 128463 1
26 64 128468 1
74 96 128496 0
43 84 128538 0
75 69 128543 1
52 90 128580 0
55 73 128588 0
101 41 128621 1
60 100 128633 0
41 79 128644 0
59 89 128677 0
18 92 128686 0
52 73 128690 0
17 78 128691 0
102 43 128742 1
23 91 128746 0
102 47 128757 1
18 87 128763 0
74 37 128770 1
58 82 128779 0
55 78 128795 0
35 85 128823 0
11 93 128895 0
54 94 128946 0
17 76 128950 0
17 85 129026 0
22 67 129092 1
62 92 129103 0
15 80 129129 0
61 91 129165 0
25 91 129347 0
78 34 129395 1
98 35 129544 1
64 42 129555 1
98 70 129565 1
64 94 129681 0
54 71 129700 0
90 29 129719 1
77 33 129724 1
17 83 129766 0
61 107 129770 0
15 85 129772 0
17 86 129836 0
51 72 129865 0
19 89 129878 0
22 90 129894 0
99 36 129936 1
16 80 129938 0
64 41 129958 1
84 32 129987 1
65 95 130009 0
103 50 130013 1
57 81 130073 0
36 58 130214 1
92 31 130230 1
102 41 130231 1
53 73 130312 0
31 85 130319 0
21 90 130354 0
13 88 130402 0
61 92 130476 0
16 85 130556 0
39 82 130610 0
103 47 130636 1
39 80 130661 0
60 93 130740 0
94 31 130752 1
87 30 130781 1
19 90 130864 0
48 75 131045 0
41 80 131115 0
106 55 131118 1
54 48 131134 1
70 96 131161 0
57 77 131227 0
93 30 131244 1
17 77 131333 0
102 51 131376 1
38 58 131468 1
97 35 131506 1
99 66 131571 1
79 33 131600 1
25 66 131642 1
32 86 131705 0
63 43 131753 1
76 71 131774 1
42 79 131791 0
69 97 131792 0
41 57 131857 1
50 51 132081 1
101 44 132158 1
17 84 132252 0
58 87 132276 0
30 62 132304 1
102 56 132347 1
58 86 132378 0
62 92 132411 0
92 28 132450 1
3 63 132536 1
92 30 132561 1
98 36 132731 1
93 27 132781 1
100 35 132923 1
21 42 132926 1
76 68 132952 1
59 73 133199 0
18 77 133223 0
50 49 133285 1
71 37 133307 1
35 58 133373 1
22 91 133387 0
103 51 133525 1
47 52 133577 1
73 37 133692 1
74 96 133702 0
87 87 133849 1
107 37 133903 1
91 28 133939 1
56 77 133967 0
55 94 134042 0
95 32 134173 1
17 79 134194 0
94 32 134212 1
56 84 134246 0
61 43 134320 1
34 85 134407 0
67 41 134411 1
17 90 134546 0
80 34 134554 1
21 92 134562 0
27 91 134573 0
97 34 134577 1
102 58 134635 1
42 82 134640 0
102 57 134690 1
100 37 134743 1
16 88 134807 0
57 78 134836 0
68 40 134948 1
50 50 135058 1
102 46 135087 1
42 56 135112 1
27 89 135118 0
80 94 135125 0
96 73 135136 1
102 44 135140 1
72 38 135214 1
62 43 135243 1
57 82 135372 0
72 36 135399 1
102 53 135457 1
102 45 135510 1
17 88 135522 0
51 94 135527 0
109 68 135629 0
54 91 135646 0
63 94 135656 0
75 96 135788 0
102 52 135810 1
40 57 135837 1
91 29 135873 1
100 39 135935 1
19 91 135950 0
77 78 135990 0
77 34 135990 1
15 83 135990 0
57 79 136043 0
75 72 136099 1
17 85 136153 0
93 31 136173 1
63 93 136279 0
76 72 136302 1
59 70 136375 0
17 72 136381 0
79 94 136513 0
58 73 136545 0
49 83 136568 0
33 86 136580 0
82 64 136582 0
10 68 136591 0
73 96 136692 0
66 102 136740 0
75 70 136766 1
99 35 136825 1
96 33 136852 1
88 29 136865 1
97 33 136902 1
45 88 136913 0
68 96 136941 0
81 65 136964 0
58 82 136979 0
81 67 136997 0
60 90 137033 0
76 96 137035 0
16 76 137061 0
79 70 137061 0
71 97 137063 0
16 86 137071 0
49 94 137080 0
16 78 137095 0
87 29 137113 1
81 62 137127 0
64 97 137131 0
102 59 137131 1
83 92 137152 0
64 95 137175 0
72 96 137183 0
60 104 137191 0
59 98 137206 0
57 83 137213 0
55 71 137232 0
59 96 137237 0
85 55 137248 0
82 61 137261 0
18 88 137268 0
82 92 137378 0
62 92 137452 0
102 54 137482 1
30 87 137541 0
102 49 137584 1
91 30 137715 1
100 38 137758 1
81 66 137832 0
100 40 137832 1
57 80 137836 0
71 96 137895 0
75 71 137940 1
58 44 138016 1
59 88 138041 0
15 81 138062 0
16 74 138121 0
17 80 138157 0
99 37 138187 1
103 46 138208 1
101 42 138230 1
74 96 138237 0
58 70 138304 0
94 31 138315 1
94 79 138382 1
68 101 138477 0
78 33 138508 1
86 31 138525 1
90 30 138534 1
66 96 138535 0
64 100 138536 0
17 79 138566 0
97 35 138673 1
69 95 138715 0
98 34 138768 1
81 92 138773 0
89 29 138840 1
102 43 138904 1
24 91 138992 0
64 94 139039 0
95 76 139066 1
101 40 139096 1
83 33 139109 1
76 70 139154 1
88 30 139154 1
63 93 139285 0
76 73 139340 1
17 86 139369 0
103 54 139461 1
16 85 139475 0
69 96 139515 0
58 86 139539 0
50 74 139540 0
101 41 139585 1
62 93 139612 0
17 75 139685 0
82 65 139755 0
74 36 139787 1
18 87 139789 0
61 91 139816 0
76 95 139847 0
83 91 139862 0
99 36 139870 1
47 53 139897 1
21 91 139899 0
76 69 139931 1
65 40 139931 1
17 73 140005 0
98 35 140035 1
103 40 140044 1
70 95 140075 0
62 95 140148 0
18 72 140171 0
102 60 140219 1
37 58 140223 1
58 72 140238 0
40 58 140258 1
83 63 140306 0
66 39 140335 1
18 88 140396 0
49 51 140406 1
95 32 140456 1
12 89 140462 0
59 89 140471 0
73 98 140476 0
77 95 140503 0
77 66 140519 1
60 90 140588 0
24 67 140591 1
20 91 140705 0
22 91 140713 0
17 85 140719 0
81 93 140784 0
18 90 140878 0
67 40 140951 1
24 90 141020 0
17 78 141063 0
17 77 141076 0
48 76 141083 0
22 90 141088 0
17 83 141101 0
30 86 141116 0
17 89 141178 0
95 31 141281 1
18 91 141310 0
102 58 141415 1
21 69 141450 1
45 54 141481 1
100 39 141510 1
17 80 141581 0
73 36 141656 1
73 96 141680 0
20 89 141719 0
60 93 141733 0
17 93 141753 0
20 92 141755 0
56 94 141769 0
58 87 141783 0
81 32 141802 1
14 87 141840 0
60 92 141842 0
102 42 141845 1
58 70 141848 0
99 32 141891 1
58 82 141897 0
58 78 141905 0
104 46 141923 1
76 98 142009 0
32 85 142036 0
93 29 142054 1
102 56 142093 1
62 97 142165 0
41 80 142216 0
57 81 142314 0
79 68 142375 0
23 67 142443 1
29 88 142447 0
19 89 142465 0
80 33 142560 1
37 82 142560 0
24 66 142591 1
57 45 142632 1
39 57 142649 1
17 79 142696 0
1 26 142704 1
29 63 142774 1
100 64 142847 1
63 93 142878 0
97 70 142949 1
34 84 142967 0
62 92 143122 0
37 57 143141 1
74 96 143222 0
18 77 143227 0
44 56 143228 1
43 55 143253 1
17 76 143308 0
9 78 143360 0
54 75 143388 0
62 41 143472 1
17 84 143519 0
18 71 143646 0
93 30 143664 1
60 90 143667 0
66 40 143714 1
67 101 143738 0
18 88 143782 0
100 37 143818 1
33 89 144128 0
67 39 144365 1
21 67 144411 1
29 89 144446 0
75 36 144509 1
46 78 144616 0
72 95 144619 0
63 98 144740 0
66 41 144741 1
81 33 144773 1
59 90 144774 0
51 75 144779 0
46 53 144885 1
22 94 144897 0
12 90 144907 0
82 33 144937 1
37 83 144942 0
53 103 144985 0
61 92 145063 0
58 78 145078 0
28 89 145113 0
17 80 145121 0
48 51 145332 1
99 67 145336 1
96 34 145400 1
16 93 145468 0
43 80 145520 0
61 42 145635 1
19 90 145680 0
21 90 145699 0
72 99 145746 0
81 94 145747 0
29 86 145748 0
54 96 145761 0
63 113 145762 0
84 31 145766 1
97 3 145822 0
15 97 145856 0
14 84 145859 0
14 86 145938 0
53 81 145977 0
104 47 145996 1
49 86 146000 0
57 74 146007 0
70 5 146014 0
45 90 146026 0
17 103 146030 0
47 80 146034 0
97 34 146043 1
63 95 146050 0
62 108 146054 0
56 110 146107 0
63 92 146152 0
25 89 146259 0
56 73 146396 0
58 70 146418 0
23 90 146456 0
17 81 146526 0
44 54 146860 1
72 98 146867 0
81 63 146881 0
20 93 146886 0
16 81 146896 0
58 75 146955 0
58 84 147000 0
20 89 147050 0
93 31 147079 1
102 61 147081 1
90 29 147110 1
102 44 147145 1
55 87 147148 0
65 103 147186 0
94 32 147239 1
73 97 147312 0
16 79 147314 0
48 78 147320 0
13 90 147323 0
9 92 147370 0
79 69 147382 0
57 84 147387 0
55 101 147426 0
89 28 147537 1
60 90 147557 0
57 77 147630 0
73 96 147692 0
18 88 147725 0
4 100 147860 0
55 69 147874 0
22 91 147889 0
55 92 147891 0
76 97 147941 0
55 85 148007 0
17 85 148060 0
100 38 148128 1
96 33 148238 1
94 31 148254 1
102 46 148269 1
92 30 148407 1
103 35 148521 1
56 71 148561 0
101 64 148563 1
18 87 148567 0
85 31 148593 1
36 85 148753 0
75 96 148786 0
38 92 148788 0
51 50 148976 1
58 78 149032 0
97 33 149063 1
103 55 149141 1
80 93 149144 0
56 84 149145 0
94 30 149220 1
49 76 149222 0
103 48 149233 1
96 32 149326 1
92 29 149430 1
103 56 149472 1
76 68 149502 1
102 43 149530 1
91 29 149531 1
91 30 149558 1
17 80 149578 0
101 41 149632 1
103 52 149641 1
101 38 149652 1
54 88 149685 0
103 45 149695 1
43 54 149725 1
102 45 149755 1
63 93 149783 0
95 75 149803 1
82 32 149832 1
83 30 149857 1
101 62 149942 1
60 92 149953 0
47 84 149974 0
20 90 149992 0
51 49 149993 1
58 73 150014 0
56 99 150059 0
78 71 150076 0
103 49 150117 1
59 73 150152 0
84 32 150162 1
99 37 150191 1
17 86 150257 0
95 32 150274 1
103 44 150311 1
101 39 150313 1
70 96 150352 0
58 84 150379 0
76 71 150389 1
17 81 150448 0
102 63 150467 1
76 34 150470 1
59 70 150479 0
102 62 150551 1
69 94 150653 0
103 53 150677 1
98 35 150683 1
72 95 150716 0
65 95 150736 0
59 88 150757 0
76 72 150809 1
59 69 150836 0
83 32 150899 1
99 36 150904 1
68 96 150928 0
101 40 150935 1
98 34 151049 1
59 44 151099 1
83 31 151105 1
103 51 151128 1
95 31 151152 1
55 70 151164 0
68 38 151186 1
69 95 151291 0
50 73 151300 0
103 50 151323 1
58 75 151363 0
83 61 151364 0
72 96 151402 0
28 88 151416 0
67 95 151454 0
38 81 151533 0
58 45 151538 1
102 42 151602 1
88 28 151610 1
81 61 151615 0
17 79 151672 0
50 74 151672 0
102 41 151733 1
58 82 151754 0
68 97 151771 0
100 39 151827 1
66 93 151866 0
100 37 151878 1
64 94 151879 0
18 73 151902 0
56 70 151961 0
61 91 152003 0
57 70 152012 0
70 97 152037 0
95 77 152082 1
70 95 152113 0
74 96 152127 0
94 77 152149 1
76 73 152176 1
23 90 152178 0
48 48 152199 1
15 83 152223 0
62 92 152245 0
96 75 152275 1
99 35 152313 1
102 44 152335 1
83 62 152347 0
58 78 152519 0
53 72 152559 0
60 90 152565 0
17 77 152658 0
82 64 152663 0
76 70 152689 1
77 65 152713 1
99 68 152715 1
42 55 152803 1
103 47 152815 1
18 76 152843 0
103 57 152861 1
65 41 153021 1
102 58 153058 1
102 54 153083 1
38 57 153094 1
34 58 153112 1
57 79 153122 0
52 49 153125 1
74 73 153151 0
74 35 153151 1
84 91 153164 0
51 77 153166 0
35 83 153168 0
58 84 153200 0
49 75 153223 0
63 92 153234 0
44 78 153240 0
35 84 153254 0
101 63 153334 1
65 42 153371 1
45 77 153374 0
25 90 153396 0
58 70 153425 0
82 66 153425 1
94 31 153429 1
60 95 153481 0
33 60 153563 1
102 60 153564 1
103 58 153626 1
31 87 153725 0
64 41 153861 1
35 59 153862 1
101 37 153897 1
17 83 153956 0
57 78 153966 0
73 35 154035 1
47 75 154051 0
79 50 154089 1
79 33 154089 1
26 89 154106 0
18 88 154132 0
58 86 154164 0
86 30 154167 1
83 59 154194 0
75 35 154259 1
97 33 154266 1
18 77 154277 0
30 87 154394 0
103 59 154401 1
100 38 154419 1
17 75 154422 0
41 57 154438 1
17 81 154444 0
42 79 154501 0
49 73 154505 0
12 87 154518 0
40 57 154533 1
20 90 154620 0
18 80 154649 0
38 58 154729 1
103 38 154731 1
101 41 154798 1
98 69 154802 1
74 36 154823 1
103 54 154887 1
60 45 154937 1
102 52 154946 1
17 78 154968 0
94 78 154974 1
57 76 155014 0
22 67 155020 1
20 89 155055 0
39 56 155069 1
100 36 155079 1
97 32 155166 1
67 95 155183 0
102 43 155192 1
59 86 155251 0
16 85 155297 0
22 89 155382 0
30 62 155393 1
75 73 155407 1
22 90 155614 0
73 96 155642 0
36 58 155651 1
55 44 155651 1
21 88 155674 0
57 69 155679 0
69 39 155695 1
49 52 155755 1
40 56 155761 1
103 26 155774 1
100 34 155785 1
42 80 155883 0
93 30 155909 1
97 72 155979 1
97 35 156092 1
83 63 156099 0
58 75 156108 0
96 74 156167 1
64 42 156293 1
96 85 156326 1
58 84 156327 0
59 89 156329 0
51 74 156337 0
91 29 156345 1
67 96 156416 0
18 87 156421 0
81 31 156472 1
44 55 156530 1
40 79 156533 0
78 34 156544 1
99 69 156692 1
90 28 156694 1
17 80 156814 0
93 27 156814 1
70 38 156825 1
18 76 156831 0
27 64 156844 1
89 29 156906 1
27 63 156915 1
98 33 156920 1
39 57 156933 1
126 69 156953 1
13 23 156988 1
58 27 157005 1
93 79 157039 1
107 43 157041 1
101 40 157106 1
71 96 157109 0
20 91 157139 0
89 118 157149 1
76 35 157249 1
97 71 157249 1
97 30 157300 1
48 53 157337 1
86 27 157369 1
98 70 157385 1
76 68 157404 1
103 48 157442 1
78 96 157514 0
18 84 157555 0
89 84 157629 0
19 89 157651 0
20 68 157726 1
96 32 157935 1
99 36 158065 1
36 84 158091 0
63 93 158237 0
91 28 158255 1
23 90 158288 0
62 42 158293 1
18 73 158295 0
37 58 158330 1
104 8 158347 1
79 32 158356 1
92 29 158378 1
65 39 158391 1
28 63 158408 1
31 61 158421 1
15 127 158429 1
89 5 158445 1
60 43 158450 1
83 62 158530 0
18 80 158607 0
34 61 158611 1
94 30 158833 1
95 32 158865 1
63 94 158948 0
59 86 158963 0
100 37 159096 1
87 30 159123 1
17 85 159132 0
103 46 159241 1
43 56 159275 1
22 91 159381 0
25 67 159422 1
102 40 159475 1
102 61 159480 1
91 30 159505 1
19 88 159556 0
70 37 159574 1
60 92 159611 0
95 76 159621 1
51 47 159721 1
102 56 159834 1
47 22 159932 1
117 43 159938 1
61 43 159944 1
89 27 159993 1
96 73 160067 1
60 89 160095 0
72 37 160287 1
64 96 160297 0
85 25 160301 1
20 90 160345 0
19 92 160358 0
60 90 160490 0
67 95 160573 0
21 91 160577 0
17 81 160605 0
102 59 160647 1
16 87 160655 0
13 78 160670 0
15 76 160873 0
36 59 160891 1
95 33 160891 1
16 88 160925 0
98 35 160946 1
55 80 160964 0
102 38 160984 1
21 89 161030 0
100 65 161090 1
102 42 161145 1
18 72 161174 0
18 84 161297 0
57 80 161440 0
31 62 161456 1
96 72 161487 1
57 94 161513 0
78 94 161521 0
100 49 161571 1
30 63 161573 1
21 68 161604 1
57 69 161633 0
7 67 161635 0
13 103 161716 0
14 88 161722 0
76 69 161736 1
18 90 161739 0
19 91 161744 0
4 94 161745 0
12 85 161865 0
68 39 161888 1
13 86 161892 0
58 84 161921 0
60 98 162035 0
18 79 162040 1
29 7 162052 0
11 89 162100 0
64 99 162103 0
69 102 162127 0
98 34 162128 1
73 113 162142 0
99 42 162143 1
72 97 162169 0
18 95 162200 0
3 74 162216 0
17 84 162230 0
79 34 162304 1
100 62 162304 1
82 92 162318 0
22 89 162333 0
16 84 162398 0
17 92 162406 0
56 83 162406 0
53 102 162413 0
59 88 162417 0
55 93 162430 0
57 82 162476 0
59 104 162486 0
60 44 162488 1
9 78 162522 0
23 91 162533 0
76 95 162551 0
73 110 162551 0
66 52 162556 1
17 73 162560 0
82 65 162748 0
18 88 162771 0
19 90 162774 0
38 83 162784 0
15 77 162816 0
14 82 162842 0
72 95 163111 0
59 70 163190 0
57 76 163379 0
52 72 163424 0
60 89 163428 0
86 53 163474 0
58 78 163655 0
79 94 163916 0
58 82 164078 0
61 90 164250 0
58 83 164329 0
103 45 164367 1
59 87 164410 0
19 88 164534 0
80 33 164560 1
11 80 164653 0
78 95 164698 0
80 68 164803 0
41 80 164820 0
11 79 164846 0
48 75 164851 0
59 83 165236 0
81 92 165276 0
84 25 165316 1
50 96 165603 0
43 79 165610 0
57 89 165626 0
60 102 165629 0
38 96 165641 0
67 100 165666 0
26 90 165675 0
59 86 165684 0
9 85 165709 0
17 79 165805 0
25 90 166154 0
18 76 166180 0
83 60 166246 0
24 90 166316 0
79 62 166347 1
82 60 166369 0
81 59 166454 1
53 83 166495 0
103 49 166528 1
63 92 166599 0
39 81 166601 0
59 73 166660 0
78 64 166689 1
22 92 166725 0
18 81 166788 0
62 92 166790 0
68 95 166815 0
46 88 166861 0
90 29 166931 1
80 67 166997 0
11 83 167019 0
5 89 167089 0
11 101 167196 0
60 89 167202 0
61 97 167237 0
69 96 167276 0
66 93 167290 0
96 31 167301 1
16 76 167313 0
18 84 167328 0
99 66 167328 1
53 48 167375 1
59 72 167850 0
59 87 168019 0
78 94 168123 0
87 86 168129 1
84 56 168156 1
61 90 168218 0
93 28 168306 1
103 55 168463 1
98 31 168489 1
126 27 168564 1
47 75 168624 0
58 83 168630 0
52 48 168643 1
9 16 168670 1
29 62 168698 1
105 25 168768 1
98 81 168861 1
122 84 168902 1
105 64 168936 1
116 72 168937 1
99 28 169217 1
94 31 169295 1
73 113 169440 1
86 1 169470 1
66 37 169479 1
58 69 169545 0
45 53 169704 1
115 59 169715 1
72 28 169814 1
84 55 169979 1
103 37 170011 1
18 77 170056 0
111 95 170303 1
58 75 170335 0
72 36 170399 1
106 83 170435 1
58 68 170438 0
95 31 170599 1
18 81 170605 0
77 67 170870 1
101 36 170914 1
18 83 171201 0
20 90 171233 0
86 31 171249 1
92 81 171278 1
76 70 171281 1
68 95 171414 0
55 74 171445 0
18 85 171454 0
41 56 171534 1
93 78 171701 1
60 93 171747 0
27 88 171810 0
16 88 171887 0
82 32 171891 1
86 53 171931 0
32 88 171948 0
15 93 172162 0
17 88 172226 0
59 87 172258 0
76 72 172297 1
44 88 172376 0
17 77 172388 0
58 79 172580 0
71 110 172611 0
58 97 172662 0
11 59 172687 0
21 89 172736 0
50 74 172778 0
66 95 172864 0
62 94 172870 0
81 33 173138 1
50 88 173262 0
36 82 173425 0
58 83 173489 0
41 79 174038 0
61 90 174132 0
69 105 174196 0
25 92 174229 0
59 69 174303 0
49 77 174358 0
63 41 174459 1
34 86 174686 0
58 69 174742 0
21 90 174774 0
77 68 174821 1
103 52 174882 1
101 39 175017 1
67 95 175059 0
67 99 175118 0
84 32 175247 1
60 89 175340 0
103 53 175406 1
17 87 175446 0
18 85 175480 0
103 51 175560 1
103 43 175688 1
103 56 175832 1
97 33 175939 1
59 72 175989 0
88 30 175989 1
77 71 176028 1
67 94 176038 0
85 56 176150 0
23 67 176170 1
57 69 176185 0
8 98 176315 0
102 41 176394 1
18 83 176458 0
68 95 176472 0
99 34 176506 1
103 50 176509 1
16 83 176569 0
56 75 176719 0
8 75 176766 0
100 39 176800 1
69 95 176837 0
17 85 177041 0
103 47 177045 1
70 95 177099 0
18 73 177121 0
58 79 177364 0
74 96 177367 0
4 88 177371 0
69 94 177425 0
30 89 177478 0
83 62 177496 0
82 33 177595 1
104 44 177601 1
101 38 177619 1
100 37 177742 1
73 36 177766 1
100 38 177818 1
109 45 177824 1
59 87 177978 0
99 35 177998 1
70 96 178026 0
93 30 178051 1
62 91 178066 0
102 44 178103 1
103 48 178113 1
63 104 178136 0
101 40 178141 1
58 93 178199 0
103 44 178221 1
18 81 178277 0
80 93 178314 0
102 43 178317 1
66 95 178417 0
18 80 178421 0
17 81 178438 0
71 38 178481 1
93 29 178492 1
19 88 178510 0
56 81 178520 0
81 32 178581 1
60 86 178606 0
31 85 178617 0
46 76 178635 0
103 60 178753 1
109 45 178754 0
27 65 178755 1
64 94 178805 0
77 72 178832 1
23 90 178884 0
16 78 178901 0
57 44 178916 1
58 83 178929 0
100 36 178929 1
49 113 178940 0
15 100 178960 0
57 83 178966 0
102 60 178989 1
96 32 178991 1
16 82 179044 0
31 86 179052 0
30 86 179257 0
99 36 179282 1
58 72 179291 0
48 52 179296 1
20 89 179323 0
83 32 179341 1
102 42 179348 1
94 29 179359 1
78 94 179360 0
18 87 179387 0
37 7 179442 0
62 101 179512 0
48 89 179530 0
34 84 179534 0
82 93 179573 0
103 54 179592 1
56 69 179605 0
58 69 179641 0
17 86 179658 0
52 76 179663 0
63 102 179726 0
75 96 179748 0
18 96 179780 0
103 57 179803 1
17 80 179815 0
72 96 179836 0
99 67 179864 1
25 88 179870 0
24 91 179885 0
71 94 179888 0
18 85 179896 0
47 96 179909 0
66 40 179925 1
103 49 179942 1
67 94 179944 0
58 84 179985 0
20 99 180014 0
15 81 180015 0
58 87 180030 0
55 91 180057 0
59 86 180083 0
13 81 180112 0
70 39 180112 1
94 30 180185 1
36 83 180204 0
73 96 180213 0
98 71 180249 1
85 31 180297 1
48 85 180386 0
67 40 180391 1
101 39 180416 1
58 73 180424 0
95 31 180432 1
37 81 180480 0
66 93 180484 0
77 66 180551 1
77 66 180551 1
14 80 180599 0
57 76 180649 0
36 57 180734 1
63 92 180882 0
61 90 180887 0
50 73 180888 0
88 29 180900 1
79 70 180913 0
77 34 181009 1
65 40 181040 1
40 58 181128 1
98 34 181154 1
68 95 181167 0
58 78 181168 0
90 27 181206 1
103 45 181230 1
22 90 181261 0
21 92 181263 0
84 31 181340 1
59 83 181370 0
91 29 181371 1
100 33 181374 1
59 108 181405 0
32 86 181477 0
24 67 181483 1
97 33 181483 1
18 82 181530 0
62 91 181560 0
18 84 181676 0
58 44 181698 1
59 70 181703 0
17 75 181723 0
51 72 181725 0
51 81 181765 0
18 76 181770 0
24 66 181807 1
19 89 181818 0
81 65 181893 0
53 85 182125 0
63 93 182132 0
72 100 182137 0
16 88 182142 0
25 89 182144 0
77 98 182219 0
109 45 182337 1
58 79 182361 0
33 59 182393 1
21 88 182415 0
37 82 182424 0
103 58 182439 1
66 94 182491 0
76 96 182584 0
103 46 182597 1
32 61 182603 1
110 66 182622 1
72 95 182668 0
18 83 182711 0
17 76 182749 0
15 103 182792 0
60 87 182837 0
102 40 182874 1
58 89 182879 0
61 91 182902 0
42 78 182994 0
84 90 182997 0
17 87 182999 0
45 79 183035 0
64 40 183039 1
38 57 183169 1
103 55 183172 1
44 77 183198 0
78 33 183222 1
95 75 183294 1
54 86 183294 0
74 97 183315 0
95 30 183352 1
92 29 183385 1
65 101 183519 0
64 105 183532 0
68 103 183570 0
51 103 183606 0
65 104 183613 0
22 89 183617 0
58 68 183630 0
65 93 183644 0
60 97 183730 0
23 92 183734 0
46 52 183749 1
103 51 183752 1
76 73 183784 1
102 62 183847 1
67 94 183932 0
10 86 183985 0
69 98 183986 0
5 96 183999 0
20 92 184011 0
55 86 184026 0
58 70 184034 0
35 60 184035 1
18 74 184040 0
15 91 184063 0
65 105 184156 0
72 110 184166 0
59 72 184173 0
104 49 184175 1
18 80 184214 0
80 68 184230 0
19 71 184238 0
16 97 184241 0
18 85 184247 0
65 96 184249 0
24 89 184257 0
32 85 184261 0
21 93 184285 0
60 108 184340 0
67 97 184367 0
58 85 184368 0
18 77 184371 0
48 74 184390 0
41 57 184401 1
29 86 184450 0
71 95 184547 0
18 81 184598 0
51 84 184634 0
66 95 184637 0
27 90 184656 0
56 103 184670 0
100 35 184673 1
56 88 184845 0
61 120 184896 0
71 37 184986 1
15 112 184994 0
18 97 185037 0
14 89 185043 0
52 100 185044 0
25 90 185057 0
62 96 185145 0
103 56 185276 1
52 94 185338 0
18 82 185366 0
83 92 185467 0
93 31 185497 1
65 100 185518 0
18 71 185560 0
73 113 185619 0
98 33 185817 1
50 50 185834 1
29 91 185976 0
60 87 186139 0
40 57 186139 1
66 94 186224 0
18 88 186229 0
9 78 186299 0
57 68 186351 0
17 78 186416 0
44 90 186468 0
71 96 186496 0
66 99 186532 0
11 69 186539 0
43 81 186541 0
54 48 186575 1
63 91 186575 1
17 91 186649 0
62 93 186679 0
76 95 186700 0
62 91 186760 0
59 77 186865 0
59 87 186955 0
103 52 187213 1
82 63 187242 0
27 88 187434 0
15 83 187444 0
65 93 187550 0
67 107 187669 0
35 58 187683 1
101 41 187759 1
92 28 187874 1
103 53 188009 1
103 47 188014 1
74 36 188022 1
58 69 188035 0
100 37 188057 1
18 75 188194 0
100 66 188235 1
103 42 188362 1
83 31 188370 1
97 32 188375 1
37 7 188396 1
80 32 188449 1
71 36 188456 1
83 63 188530 0
60 42 188617 1
101 38 188663 1
32 55 188689 1
97 24 188717 1
103 59 188739 1
91 28 188741 1
102 41 188774 1
96 24 188827 1
103 48 188893 1
103 50 188927 1
97 31 189020 1
37 57 189023 1
102 42 189026 1
89 28 189141 1
99 35 189189 1
103 49 189231 1
18 74 189235 0
103 44 189247 1
79 93 189311 0
96 31 189320 1
90 28 189356 1
39 57 189390 1
89 29 189409 1
102 58 189536 1
55 47 189580 1
22 91 189591 0
18 70 189638 0
103 43 189710 1
60 86 189762 0
69 94 189774 0
18 82 189849 0
71 95 189882 0
59 73 189884 0
95 31 190073 1
58 82 190099 0
58 85 190179 0
17 87 190196 0
103 45 190203 1
104 51 190236 1
66 94 190249 0
97 33 190291 1
55 70 190323 0
83 61 190384 0
84 27 190410 1
60 89 190449 0
105 48 190471 1
31 86 190526 0
60 87 190549 0
93 30 190560 1
59 69 190629 0
77 69 190667 1
103 57 190735 1
101 39 190858 1
101 32 190875 1
103 54 190937 1
69 95 190950 0
57 45 190966 1
103 51 190982 1
99 34 190983 1
58 83 190988 0
91 30 190988 1
96 75 191005 1
56 69 191032 0
1 46 191107 1
102 61 191182 1
82 66 191210 0
99 68 191234 1
68 95 191241 0
78 65 191264 1
98 34 191319 1
82 31 191332 1
73 113 191353 1
34 53 191391 1
94 30 191414 1
104 52 191414 1
59 43 191442 1
67 94 191466 0
77 95 191481 0
103 41 191491 1
58 77 191503 0
40 56 191517 1
81 92 191540 0
89 26 191567 1
76 68 191601 1
101 37 191613 1
65 93 191744 0
75 35 191777 1
67 39 191791 1
100 37 191862 1
59 85 191866 0
82 92 191874 0
74 35 192008 1
81 114 192033 0
67 12 192049 0
20 90 192069 0
55 69 192121 0
18 75 192226 0
83 91 192244 0
100 36 192265 1
18 72 192298 0
92 27 192335 1
65 41 192354 1
79 33 192372 1
59 83 192377 0
47 53 192389 1
102 40 192424 1
63 92 192426 0
50 51 192437 1
91 24 192448 1
54 47 192635 1
103 55 192644 1
103 61 192655 1
59 86 192662 0
58 79 192690 0
47 52 192717 1
96 32 192721 1
102 46 192726 1
60 85 192728 0
30 87 192733 0
71 94 192796 0
84 60 192809 0
24 89 192821 0
77 33 192822 1
35 83 192829 0
19 88 192844 0
51 73 192891 0
98 32 193024 1
70 95 193061 0
75 34 193112 1
42 56 193163 1
21 89 193165 0
20 89 193169 0
93 29 193197 1
59 97 193198 0
77 94 193223 0
66 93 193265 0
91 29 193267 1
104 47 193294 1
104 50 193320 1
25 66 193329 1
96 74 193380 1
66 95 193561 0
99 85 193584 1
112 43 193699 1
42 79 193707 0
102 39 193913 1
20 91 193938 0
103 53 193946 1
18 73 193955 0
77 71 193962 1
78 34 194006 1
21 90 194048 0
62 43 194070 1
18 85 194075 0
44 78 194107 0
59 44 194159 1
61 88 194165 0
77 70 194174 1
58 78 194210 0
18 74 194220 0
106 62 194240 1
102 37 194294 1
52 49 194334 1
77 68 194336 1
103 48 194355 1
30 61 194394 1
58 75 194434 0
98 33 194442 1
92 80 194474 1
39 56 194482 1
21 91 194514 0
91 81 194532 1
96 28 194533 1
93 23 194541 1
94 28 194542 1
18 76 194574 0
83 62 194607 0
98 69 194633 1
103 56 194633 1
18 87 194639 0
18 84 194639 0
15 81 194650 0
109 41 194707 1
67 95 194743 0
52 73 194766 0
66 94 194779 0
95 77 194861 1
100 67 194890 1
25 65 194925 1
93 25 194951 1
18 83 194956 0
51 49 195078 1
18 77 195086 0
92 29 195087 1
64 41 195099 1
37 58 195120 1
103 47 195140 1
71 95 195183 0
18 82 195313 0
59 85 195393 0
34 60 195417 1
60 87 195520 0
60 86 195559 0
97 70 195562 1
45 54 195576 1
60 92 195600 0
103 52 195601 1
101 40 195603 1
63 96 195659 0
59 70 195727 0
103 58 195738 1
18 80 195756 0
61 90 195849 0
23 90 195858 0
64 101 195864 0
18 75 195942 0
82 32 195948 1
82 30 195974 1
49 51 196001 1
36 83 196004 0
18 81 196013 0
103 45 196028 1
14 95 196037 0
54 72 196085 0
62 91 196114 0
80 33 196116 1
38 56 196152 1
82 65 196194 0
68 94 196198 0
62 88 196220 0
17 83 196225 0
87 52 196260 0
101 75 196322 1
77 67 196326 1
77 72 196351 1
58 77 196438 0
103 49 196569 1
28 98 196570 0
13 104 196577 0
39 80 196624 0
32 87 196682 0
97 32 196693 1
59 84 196706 0
47 76 196935 0
87 28 196946 1
80 92 196949 0
61 89 196979 0
21 67 197005 1
94 29 197034 1
20 88 197105 0
18 86 197214 0
29 87 197281 0
95 31 197308 1
19 91 197427 0
23 88 197439 0
85 30 197440 1
19 80 197545 0
17 85 197550 0
103 46 197603 1
104 54 197635 1
19 81 197681 0
73 36 197775 1
19 82 197851 0
54 96 197868 0
41 55 197895 1
82 64 197994 0
66 39 198060 1
17 57 198060 1
22 67 198120 1
49 73 198160 0
64 92 198243 0
102 42 198371 1
30 62 198379 1
103 44 198419 1
49 74 198557 0
50 86 198615 0
98 70 198679 1
101 28 198933 1
69 38 198951 1
95 30 198951 1
77 93 199036 0
95 76 199119 1
75 95 199201 0
69 39 199218 1
58 85 199234 0
50 49 199276 1
97 33 199304 1
28 64 199495 1
103 50 199577 1
79 93 199580 0
34 59 199716 1
61 88 199752 0
93 80 199879 1
41 56 199891 1
99 35 199997 1
0 0 200010 0
