69 39 0 1
73 71 45 1
39 79 97 0
88 37 174 1
68 96 190 0
70 81 266 1
26 87 315 0
60 96 366 0
16 82 398 0
79 93 445 0
56 48 465 1
14 84 510 0
57 45 727 1
30 65 745 1
14 78 824 0
54 76 954 0
29 84 1073 0
68 80 1150 1
51 53 1205 1
65 98 1232 0
62 96 1248 0
60 96 1314 0
85 60 1386 0
54 88 1403 0
84 64 1419 0
57 48 1487 1
16 74 1501 0
16 88 1537 0
81 36 1613 1
55 94 1643 0
43 77 1650 0
98 47 1652 1
99 50 1683 1
23 88 1701 0
54 91 1803 0
76 93 2009 0
60 96 2087 0
63 98 2183 0
99 54 2191 1
100 55 2319 1
55 90 2413 0
55 81 2464 0
99 48 2494 1
63 96 2546 0
15 81 2551 0
36 61 2711 1
40 60 2717 1
71 96 2767 0
70 96 2794 0
59 98 2804 0
95 42 2813 1
98 62 2825 1
56 75 2844 0
87 52 2906 0
60 96 2911 0
14 86 2937 0
100 49 2939 1
29 85 3054 0
25 86 3088 0
27 86 3126 0
60 65 3127 0
55 87 3152 0
55 75 3159 0
59 95 3269 0
100 54 3307 1
62 98 3411 0
67 42 3414 1
99 56 3415 1
56 90 3494 0
34 53 3504 1
60 96 3534 0
55 88 3639 0
64 97 3674 0
97 45 3694 1
16 89 3704 0
93 71 3739 1
62 44 4042 1
60 96 4208 0
15 79 4248 0
84 35 4256 1
97 46 4274 1
42 57 4282 1
96 43 4334 1
58 94 4388 0
50 72 4404 0
80 36 4516 1
90 36 4525 1
83 65 4549 0
74 67 4609 1
2 2 4615 0
60 96 4729 0
34 82 4794 0
69 81 4820 1
24 87 4898 0
96 42 5237 1
21 87 5239 0
99 49 5295 1
39 78 5315 0
85 36 5346 1
69 79 5436 1
60 96 5447 0
94 41 5486 1
37 79 5493 0
44 57 5502 1
46 75 5657 0
32 82 5740 0
52 69 5780 0
96 68 5789 1
86 58 5843 0
86 89 5855 1
42 77 5971 0
16 83 6020 0
91 75 6021 1
60 96 6044 0
55 79 6186 0
93 72 6204 1
55 87 6305 0
54 93 6366 0
73 80 6382 1
15 77 6394 0
70 39 6494 1
60 96 6545 0
55 88 6649 0
63 63 6691 0
46 74 6755 0
18 88 6758 0
30 84 6769 0
55 84 6811 0
57 72 6813 0
99 53 6994 1
60 96 7036 0
55 83 7055 0
84 62 7074 0
13 87 7092 0
56 81 7172 0
57 93 7213 0
100 52 7326 1
97 66 7483 1
100 51 7489 1
65 42 7649 1
86 36 7650 1
85 62 7675 0
99 61 7745 1
90 38 7746 1
60 96 7914 0
71 81 7915 1
99 47 7964 1
50 53 8115 1
92 39 8243 1
57 92 8365 0
60 96 8418 0
87 36 8482 1
41 86 8512 1
80 35 8765 1
15 76 8776 0
17 86 8840 0
13 82 8934 0
60 96 9010 0
62 65 9077 0
109 45 9206 1
72 73 9246 1
109 45 9276 0
100 56 9370 1
69 96 9522 0
43 56 9555 1
27 49 9631 1
22 87 9671 0
52 51 9673 1
60 96 9752 0
121 98 9910 0
15 84 9954 0
55 88 9960 0
79 70 9990 0
18 87 10016 0
56 96 10122 0
60 96 10235 0
36 82 10253 0
82 35 10340 1
57 93 10401 0
99 58 10412 1
19 88 10585 0
53 89 10709 0
56 67 10743 0
15 81 10778 0
60 96 10779 0
66 98 10926 0
55 87 11032 0
44 77 11221 0
16 86 11261 0
84 61 11287 0
14 79 11303 0
100 53 11329 1
81 57 11329 1
60 96 11348 0
98 46 11373 1
65 97 11428 0
69 80 11446 1
86 52 11475 0
57 67 11497 0
17 88 11552 0
90 37 11729 1
53 80 11830 0
91 38 11993 1
75 37 12011 1
60 96 12014 0
20 87 12213 0
63 97 12269 0
17 86 12387 0
55 89 12547 0
94 40 12563 1
49 54 12593 1
78 92 12667 0
60 96 12678 0
44 75 12714 0
52 70 12749 0
15 75 12772 0
35 82 12836 0
96 67 12836 1
16 88 12894 0
19 89 13006 0
62 64 13209 0
60 96 13341 0
67 40 13493 1
43 78 13586 0
48 55 13783 1
60 96 13941 0
22 87 14050 0
63 63 14082 0
93 40 14085 1
55 88 14277 0
15 85 14401 0
14 80 14416 0
13 80 14474 0
41 78 14578 0
69 96 14623 0
92 73 14729 1
60 96 14730 0
57 93 14831 0
60 98 14871 0
16 87 14875 0
97 44 14877 1
61 96 14928 0
67 96 14940 0
91 39 15018 1
85 35 15117 1
67 98 15119 0
68 96 15150 0
57 101 15309 0
72 96 15311 0
65 97 15328 0
62 96 15367 0
16 86 15369 0
58 93 15414 0
87 55 15460 0
86 52 15477 0
72 95 15516 0
95 42 15585 1
49 13 15602 0
74 70 15603 1
89 111 15607 0
60 96 15662 0
88 36 15728 1
50 52 15768 1
86 35 15785 1
89 36 15788 1
93 39 15968 1
54 68 16113 0
55 86 16185 0
38 61 16304 1
56 90 16309 0
63 96 16361 0
89 37 16366 1
83 35 16400 1
74 37 16418 1
99 60 16434 1
20 87 16443 0
15 87 16576 0
63 97 16744 0
96 41 16782 1
96 43 16818 1
87 52 16827 0
98 45 16866 1
70 40 16902 1
56 92 16921 0
55 89 16936 0
85 34 16944 1
27 66 16994 1
35 63 17003 1
17 86 17090 0
56 74 17109 0
83 36 17210 1
99 48 17296 1
81 35 17372 1
95 41 17377 1
68 41 17443 1
98 46 17470 1
57 74 17475 0
37 60 17488 1
84 35 17513 1
79 35 17553 1
94 41 17571 1
34 64 17584 1
93 74 17611 1
100 49 17668 1
100 57 17682 1
100 59 17707 1
20 86 17709 0
56 83 17795 0
78 35 18023 1
68 40 18035 1
88 37 18036 1
69 78 18043 1
91 37 18047 1
97 43 18072 1
101 52 18105 1
61 43 18170 1
75 38 18195 1
64 42 18230 1
108 16 18240 1
99 55 18276 1
77 36 18311 1
23 87 18352 0
56 78 18396 0
37 62 18397 1
87 83 18399 1
68 97 18431 0
54 69 18434 0
58 94 18489 0
56 82 18497 0
16 82 18525 0
79 60 18585 1
70 96 18605 0
100 55 18696 1
95 40 18734 1
31 31 18744 1
92 38 18802 1
22 87 18885 0
74 36 18891 1
58 93 18910 0
100 52 18924 1
63 43 18931 1
70 80 18999 1
25 66 19011 1
37 61 19017 1
93 40 19022 1
16 116 19039 1
46 55 19077 1
55 87 19160 0
70 76 19183 1
25 67 19247 1
65 97 19256 0
61 44 19266 1
77 62 19270 1
69 40 19280 1
92 86 19372 0
92 40 19372 1
91 78 19479 1
99 47 19484 1
97 64 19502 1
33 81 19532 0
29 65 19596 1
51 111 19623 1
54 50 19624 1
87 36 19646 1
34 61 19765 1
92 39 19790 1
85 36 19796 1
57 47 19808 1
98 63 19833 1
76 94 19873 0
91 38 19905 1
26 67 20006 1
15 79 20010 0
26 65 20011 1
67 97 20030 0
75 95 20035 0
57 93 20050 0
35 80 20065 0
100 54 20090 1
69 97 20095 0
83 34 20135 1
81 34 20156 1
74 68 20183 1
105 78 20229 1
28 65 20272 1
85 35 20285 1
57 92 20365 0
89 82 20387 1
86 52 20422 0
55 81 20606 0
79 36 20608 1
24 67 20623 1
55 83 20650 0
82 34 20730 1
26 86 20841 0
36 62 20852 1
33 82 20862 0
100 53 20904 1
58 95 20929 0
31 65 20931 1
16 83 20983 0
34 62 21002 1
72 81 21081 1
15 77 21092 0
55 90 21217 0
20 87 21236 0
56 92 21288 0
13 86 21290 0
100 51 21327 1
14 80 21331 0
43 57 21404 1
94 71 21431 1
32 65 21438 1
15 74 21494 0
15 81 21501 0
61 98 21522 0
55 84 21526 0
87 35 21608 1
55 88 21620 0
72 95 21679 0
94 40 21717 1
55 89 21746 0
71 96 21883 0
57 73 21898 0
32 81 21941 0
62 63 21965 0
70 81 21984 1
77 93 22045 0
21 87 22050 0
79 71 22297 0
63 97 22325 0
44 56 22380 1
79 72 22400 0
17 83 22406 0
96 42 22445 1
69 96 22583 0
80 35 22615 1
77 64 22653 1
89 80 22780 1
92 76 22785 1
102 52 22794 1
17 86 22819 0
70 77 22909 1
82 35 22970 1
56 78 23162 0
75 66 23164 1
98 47 23212 1
26 66 23313 1
48 73 23498 0
93 39 23689 1
73 70 23699 1
49 53 23740 1
20 86 23784 0
36 81 23803 0
16 86 23868 0
99 59 23945 1
59 95 24050 0
90 37 24244 1
69 81 24283 1
87 84 24361 1
109 45 24400 1
86 57 24445 0
109 45 24452 0
97 65 24494 1
91 77 24615 1
55 78 24638 0
95 42 24833 1
87 57 24863 0
47 55 24937 1
41 59 24970 1
62 96 24971 0
53 50 25141 1
21 69 25198 1
36 61 25233 1
86 36 25236 1
64 43 25250 1
56 81 25296 0
89 81 25357 1
56 92 25563 0
65 97 25606 0
97 44 25780 1
58 93 25797 0
47 54 25797 1
27 65 25798 1
92 75 25839 1
22 87 25853 0
100 58 25941 1
75 67 26030 1
69 79 26042 1
25 86 26095 0
19 87 26242 0
15 82 26547 0
101 51 26598 1
100 48 26677 1
63 42 26711 1
23 67 26769 1
98 45 26906 1
72 38 26916 1
91 39 26985 1
66 96 27001 0
57 91 27064 0
89 37 27153 1
55 89 27275 0
15 78 27293 0
15 76 27379 0
73 38 27381 1
88 35 27401 1
55 85 27435 0
17 85 27456 0
96 43 27497 1
99 48 27542 1
98 46 27841 1
66 41 27847 1
89 36 27859 1
86 35 27877 1
64 97 28064 0
63 96 28176 0
14 80 28187 0
88 36 28295 1
80 71 28307 0
80 70 28349 0
55 92 28363 0
54 81 28485 0
84 35 28524 1
92 74 28674 1
84 64 28710 0
30 65 28737 1
21 89 28880 0
15 75 28889 0
100 52 28914 1
27 85 28946 0
93 73 29007 1
70 97 29008 0
95 41 29038 1
37 7 29055 0
75 96 29063 0
100 56 29114 1
68 96 29122 0
87 36 29185 1
83 35 29203 1
80 92 29253 0
100 49 29366 1
86 52 29503 0
98 44 29541 1
87 56 29569 0
80 91 29574 0
71 98 29584 0
91 38 29625 1
77 94 29636 0
66 42 29656 1
83 88 29680 0
87 53 29730 0
23 86 29761 0
99 46 29766 1
99 43 29780 1
105 78 29807 0
56 75 29949 0
74 69 29966 1
15 84 29970 0
55 86 29974 0
79 59 30021 1
57 93 30033 0
63 62 30086 0
92 38 30097 1
62 97 30115 0
57 94 30122 0
73 96 30166 0
63 97 30187 0
16 86 30203 0
69 77 30223 1
42 69 30226 0
42 76 30227 0
56 86 30227 1
94 41 30312 1
93 39 30323 1
93 40 30333 1
81 35 30335 1
57 92 30351 0
56 83 30361 0
56 90 30397 0
32 83 30429 0
61 96 30436 0
97 43 30481 1
37 81 30498 0
31 84 30507 0
55 69 30522 0
55 79 30541 0
20 87 30558 0
66 96 30566 0
57 91 30584 0
56 78 30589 0
41 77 30685 0
94 39 30698 1
15 81 30775 0
55 85 30831 0
16 82 30849 0
47 73 30863 0
9 67 30885 0
67 41 30921 1
39 60 30931 1
99 47 30970 1
56 92 31001 0
15 82 31033 0
19 87 31160 0
24 87 31163 0
85 35 31187 1
71 38 31206 1
93 72 31216 1
100 57 31271 1
66 97 31294 0
61 63 31312 0
94 70 31344 1
16 75 31422 0
81 56 31447 1
17 85 31449 0
56 79 31452 0
72 95 31475 0
90 36 31491 1
55 82 31521 0
100 51 31530 1
98 64 31554 1
56 82 31600 0
45 55 31682 1
57 45 31732 1
96 42 31735 1
99 48 31749 1
91 37 31780 1
92 39 31798 1
98 45 31819 1
54 82 31828 0
90 37 31829 1
16 84 31857 0
65 41 31857 1
100 55 31932 1
77 37 31938 1
15 78 31969 0
72 80 31984 1
85 62 32002 0
63 96 32104 0
30 85 32131 0
58 94 32132 0
16 83 32150 0
59 65 32173 0
98 46 32354 1
100 53 32371 1
94 40 32419 1
70 78 32423 1
95 42 32486 1
38 80 32556 0
79 61 32560 1
74 80 32561 1
98 38 32626 1
87 57 32778 0
70 80 32816 1
78 62 32839 1
45 56 32873 1
70 96 32907 0
15 79 32908 0
23 66 32926 1
59 70 32929 0
74 37 32946 1
87 35 32995 1
31 64 33000 1
28 65 33018 1
100 54 33019 1
35 61 33070 1
58 93 33121 0
55 87 33122 0
70 95 33166 0
99 60 33170 1
71 80 33231 1
25 65 33254 1
97 44 33328 1
33 64 33350 1
57 74 33386 0
46 56 33492 1
57 91 33521 0
58 47 33553 1
80 34 33677 1
87 52 33726 0
71 81 33730 1
80 36 33740 1
72 72 33746 1
40 78 33772 0
89 38 33777 1
17 86 33792 0
28 86 33822 0
57 97 33827 0
30 66 33892 1
64 42 33923 1
82 56 34167 1
85 51 34248 0
27 86 34255 0
69 96 34275 0
15 27 34344 0
29 43 34370 1
29 65 34370 1
20 86 34412 0
65 42 34458 1
81 34 34726 1
87 53 34744 0
63 63 34769 0
18 87 34803 0
48 54 34806 1
22 87 34838 0
53 51 34850 1
21 87 34859 0
56 89 34970 0
15 77 34977 0
17 85 34997 0
55 85 35015 0
70 39 35056 1
66 96 35060 0
69 95 35084 0
100 48 35149 1
15 82 35293 0
15 81 35341 0
29 84 35360 0
65 97 35435 0
23 86 35548 0
16 84 35593 0
87 56 35599 0
19 87 35705 0
74 95 35753 0
89 37 35774 1
89 36 35802 1
41 76 35827 0
56 81 35835 0
91 38 35861 1
26 65 35864 1
93 38 35882 1
87 55 35895 0
69 78 35903 1
37 80 35906 0
101 50 35944 1
56 91 35947 0
96 43 35956 1
66 97 35968 0
26 86 35995 0
95 41 36008 1
55 82 36071 0
97 43 36144 1
92 38 36175 1
73 37 36179 1
56 79 36182 0
106 55 36249 1
87 36 36279 1
84 35 36287 1
22 67 36348 1
15 78 36372 0
39 80 36376 0
88 37 36400 1
95 40 36463 1
41 86 36526 1
85 34 36534 1
71 75 36556 1
27 87 36632 0
97 42 36845 1
58 73 36972 0
86 35 37001 1
96 41 37007 1
93 75 37009 1
27 66 37015 1
42 77 37048 0
14 82 37092 0
58 72 37162 0
16 82 37169 0
71 97 37225 0
73 71 37245 1
55 89 37257 0
62 95 37268 0
55 83 37283 0
99 47 37313 1
55 84 37361 0
90 79 37366 1
25 87 37373 0
60 95 37426 0
17 83 37490 0
100 49 37552 1
56 89 37740 0
55 81 37793 0
54 85 37807 0
54 68 37820 0
71 74 37834 1
55 68 37850 0
67 96 37866 0
69 97 37879 0
53 104 37958 0
47 74 38047 0
14 80 38058 0
57 91 38065 0
68 96 38101 0
16 83 38289 0
62 42 38335 1
75 37 38359 1
78 94 38417 0
16 86 38460 0
62 96 38488 0
28 87 38499 0
9 29 38508 0
48 94 38513 0
65 103 38517 0
14 87 38529 0
54 96 38552 0
70 81 38553 1
16 88 38602 0
84 34 38691 1
56 67 38874 0
32 82 39019 0
3 16 39106 0
40 79 39305 0
32 64 39343 1
23 68 39404 1
16 84 39477 0
76 93 39616 0
25 86 39716 0
55 80 39752 0
23 87 39988 0
88 36 40134 1
14 77 40151 0
15 76 40162 0
83 64 40168 0
15 82 40201 0
69 39 40285 1
62 95 40290 0
55 85 40386 0
55 82 40399 0
17 85 40413 0
56 89 40586 0
100 45 40614 1
79 72 40745 0
78 93 40802 0
77 98 40809 0
55 77 40815 0
71 39 40829 1
56 91 40850 0
56 83 41154 0
66 97 41183 0
74 95 41263 0
74 95 41264 0
56 92 41295 0
16 74 41341 0
84 52 41566 0
54 80 41651 0
57 71 41782 0
87 54 41808 0
87 53 41923 0
75 36 41928 1
19 87 42040 0
20 88 42057 0
13 78 42179 0
9 33 42211 0
9 62 42234 0
67 97 42257 0
15 88 42293 0
100 52 42343 1
62 63 42508 0
79 92 42587 0
45 75 42619 0
82 35 42643 1
57 92 42723 0
60 67 42740 0
19 86 42802 0
58 68 42946 0
15 78 42970 0
14 83 43097 0
60 8 43125 0
71 96 43130 0
57 66 43434 0
15 81 43489 0
31 83 43653 0
82 67 43959 0
56 89 44083 0
98 38 44105 1
62 95 44226 0
43 76 44329 0
56 73 44378 0
45 57 44457 1
62 34 44458 0
57 90 44527 0
87 56 44573 0
80 35 44611 1
60 95 44738 0
59 69 44813 0
58 66 44937 0
56 78 45034 0
79 35 45056 1
16 73 45080 0
63 113 45118 0
16 84 45237 0
64 96 45248 0
85 51 45271 0
25 88 45305 0
56 86 45320 0
56 91 45352 0
60 64 45375 0
60 66 45445 0
96 42 45459 1
56 85 45509 0
53 69 45788 0
81 35 45837 1
24 65 46301 1
83 98 46331 1
35 81 46332 0
55 80 46423 0
65 96 46447 0
98 45 46447 1
80 69 46644 0
19 86 46747 0
37 60 47036 1
37 7 47058 1
58 92 47098 0
74 95 47309 0
56 87 47352 0
73 72 47442 1
17 87 47445 0
75 95 47463 0
94 40 47473 1
82 34 47607 1
78 63 47633 1
98 44 47919 1
55 82 48051 0
38 60 48111 1
87 54 48177 0
95 68 48292 1
78 35 48382 1
20 69 48385 1
56 79 48463 0
15 75 48563 0
74 70 48617 1
66 97 48704 0
77 35 48778 1
64 96 48960 0
86 34 49000 1
21 88 49003 0
35 62 49045 1
56 86 49410 0
20 87 49624 0
60 95 49692 0
98 46 49718 1
31 82 50140 0
17 86 50256 0
55 67 50316 0
99 46 50318 1
63 95 50546 0
65 96 50563 0
88 35 50640 1
38 61 50692 1
96 66 50880 1
77 71 51161 0
97 64 51175 1
17 84 51221 0
58 92 51370 0
77 36 51417 1
56 76 51478 0
94 72 51490 1
17 85 51531 0
15 82 51549 0
80 71 51589 0
56 91 51680 0
20 86 51757 0
83 35 51766 1
55 88 51869 0
54 84 51882 0
56 87 51894 0
56 85 51903 0
101 52 52436 1
35 80 52441 0
27 65 52536 1
19 86 52575 0
15 80 53008 0
76 36 53165 1
20 70 53217 1
55 80 53250 0
24 66 53430 1
94 69 53615 1
56 80 53645 0
37 61 53649 1
64 96 53704 0
19 87 53705 0
54 89 53772 0
47 99 53774 0
56 89 53834 0
83 34 53875 1
85 35 53973 1
93 39 53984 1
100 51 54211 1
56 86 54270 0
79 73 54487 0
86 54 54594 0
101 54 54790 1
69 79 54858 1
73 80 55327 1
90 37 55362 1
17 87 55416 0
99 48 55433 1
99 61 55449 1
100 47 55499 1
58 96 55542 0
101 51 55573 1
98 63 55586 1
100 56 55601 1
97 44 55641 1
86 52 55823 0
82 90 55893 0
87 54 55933 0
100 57 56061 1
65 96 56072 0
92 38 56083 1
57 90 56118 0
60 68 56180 0
97 43 56197 1
94 39 56220 1
73 79 56291 1
100 58 56374 1
73 95 56392 0
57 91 56454 0
56 82 56458 0
55 49 56515 1
58 92 56534 0
56 87 56633 0
94 71 56640 1
87 35 56657 1
76 77 56667 0
63 95 56683 0
66 96 56685 0
50 71 56693 0
57 73 56706 0
76 94 56728 0
101 53 56760 1
99 62 56770 1
91 37 56794 1
72 95 56797 0
97 66 56866 1
62 95 56904 0
90 36 56908 1
100 49 56923 1
99 47 56972 1
70 80 57038 1
14 80 57071 0
100 60 57093 1
43 76 57107 0
33 81 57166 0
56 88 57188 0
59 92 57344 0
95 40 57362 1
91 36 57434 1
96 41 57439 1
15 80 57457 0
95 41 57661 1
100 48 57682 1
28 65 57745 1
89 36 57758 1
92 37 57804 1
91 38 57971 1
99 45 57988 1
56 80 58020 0
27 85 58049 0
37 79 58075 0
67 96 58079 0
55 85 58101 0
56 81 58111 0
18 85 58121 0
63 96 58122 0
98 45 58181 1
60 95 58190 0
78 92 58268 0
70 95 58286 0
46 74 58370 0
56 76 58376 0
44 76 58447 0
15 81 58475 0
95 69 58500 1
66 99 58504 0
35 81 58540 0
64 96 58595 0
58 93 58598 0
79 36 58616 1
56 83 58680 0
45 76 58705 0
23 86 58735 0
15 79 58749 0
70 96 58788 0
56 86 58790 0
74 95 58792 0
16 83 58815 0
71 73 58815 1
69 95 58866 0
16 75 58897 0
48 73 58901 0
95 39 58962 1
61 95 58985 0
81 34 59042 1
57 75 59050 0
16 82 59111 0
30 65 59139 1
40 59 59158 1
97 35 59162 1
93 39 59207 1
68 96 59250 0
57 93 59256 0
69 96 59260 0
17 84 59262 0
16 84 59281 0
109 68 59338 0
93 74 59382 1
100 55 59382 1
86 35 59407 1
81 91 59431 0
81 90 59542 0
83 89 59591 0
100 53 59600 1
33 82 59616 0
68 97 59626 0
93 38 59651 1
19 85 59666 0
54 90 59676 0
36 61 59734 1
57 92 59746 0
32 81 59759 0
97 65 59801 1
72 38 59820 1
71 38 59889 1
15 86 59965 0
51 52 59965 1
83 66 60018 0
57 72 60040 0
44 75 60089 0
41 77 60095 0
84 64 60119 0
57 74 60175 0
21 85 60185 0
59 66 60190 0
17 83 60289 0
100 59 60350 1
81 68 60359 0
15 77 60363 0
39 78 60425 0
19 52 60426 0
51 9 60466 0
56 90 60502 0
59 95 60527 0
21 86 60549 0
39 79 60597 0
19 86 60656 0
98 38 60672 1
89 35 60678 1
56 87 60716 0
52 71 60788 0
22 87 60817 0
54 79 60866 0
56 85 60914 0
84 35 60938 1
65 96 60945 0
51 71 61111 0
85 57 61154 0
43 77 61165 0
70 78 61165 1
58 92 61228 0
85 62 61233 0
87 36 61289 1
96 42 61290 1
15 78 61294 0
63 95 61321 0
70 77 61333 1
56 91 61377 0
56 88 61402 0
63 43 61489 1
30 64 61563 1
18 86 61590 0
82 89 61629 0
21 68 61700 1
85 34 61700 1
47 55 61772 1
59 67 61834 0
18 85 61948 0
96 40 61963 1
90 35 62065 1
58 94 62112 0
31 65 62159 1
17 73 62194 0
71 80 62332 1
44 57 62347 1
77 93 62371 0
49 71 62397 0
26 65 62447 1
15 80 62456 0
29 65 62494 1
40 92 62604 0
29 85 62735 0
73 95 62866 0
98 44 62944 1
55 80 63074 0
76 66 63120 1
46 55 63156 1
74 37 63186 1
58 69 63259 0
29 64 63304 1
66 96 63377 0
33 63 63431 1
61 95 63446 0
98 31 63466 1
25 66 63520 1
56 49 63525 1
58 46 63533 1
70 76 63567 1
79 34 63694 1
15 81 63819 0
25 86 63843 0
83 65 63847 0
17 87 63901 0
90 37 64009 1
68 41 64024 1
66 41 64099 1
56 80 64103 0
57 90 64193 0
73 38 64206 1
70 40 64279 1
85 35 64279 1
56 89 64299 0
13 95 64301 0
36 81 64531 0
62 95 64552 0
17 85 64670 0
39 60 65118 1
56 86 65184 0
92 38 65197 1
56 88 65236 0
43 55 65376 1
71 81 65567 1
21 86 65898 0
70 79 65921 1
40 60 65935 1
19 85 66087 0
101 48 66164 1
64 96 66219 0
76 35 66253 1
101 55 66283 1
55 48 66353 1
97 43 66369 1
57 45 66418 1
75 66 66431 1
69 40 66541 1
98 38 66629 1
16 85 66641 0
99 46 66668 1
44 56 66669 1
56 76 66713 0
55 82 66861 0
100 49 66934 1
53 49 66944 1
26 85 66991 0
84 34 67032 1
97 35 67035 1
54 49 67052 1
51 51 67103 1
116 101 67112 1
100 43 67120 1
93 36 67143 1
98 43 67156 1
67 40 67201 1
100 48 67297 1
91 37 67320 1
99 47 67341 1
101 50 67463 1
87 34 67466 1
18 85 67482 0
94 39 67500 1
97 42 67505 1
86 60 67606 0
101 52 67608 1
18 86 67698 0
95 40 67700 1
80 34 67747 1
90 36 67748 1
42 76 67768 0
69 78 67783 1
96 41 67819 1
101 51 67895 1
100 47 67897 1
70 116 67924 1
99 60 67948 1
87 57 67948 0
97 43 68074 1
95 41 68088 1
34 63 68093 1
75 68 68167 1
83 34 68172 1
89 36 68198 1
94 40 68238 1
75 94 68245 0
87 35 68254 1
101 49 68266 1
64 42 68276 1
87 50 68287 0
76 65 68306 1
97 67 68387 1
93 39 68400 1
93 71 68430 1
92 75 68442 1
93 38 68468 1
83 30 68514 1
81 35 68555 1
82 34 68589 1
86 34 68626 1
64 41 68630 1
72 80 68643 1
45 55 68660 1
99 92 68692 1
94 38 68722 1
101 53 68764 1
109 68 68774 1
96 67 68781 1
79 60 68796 1
80 35 68820 1
101 54 68868 1
80 58 68916 1
90 80 68948 1
57 91 68991 0
81 69 69036 0
37 62 69040 1
98 42 69146 1
94 70 69165 1
88 35 69170 1
93 40 69189 1
56 79 69201 0
56 87 69215 0
79 73 69217 0
81 34 69243 1
101 56 69275 1
57 75 69280 0
100 37 69287 1
100 46 69287 1
56 88 69370 0
56 83 69385 0
56 82 69391 0
59 92 69419 0
99 45 69468 1
75 93 69470 0
85 34 69470 1
100 57 69562 1
96 41 69587 1
70 95 69604 0
97 42 69631 1
65 42 69652 1
91 36 69693 1
88 33 69725 1
91 37 69764 1
70 80 69772 1
68 40 69819 1
72 95 69854 0
75 37 69862 1
95 40 69884 1
63 95 69900 0
82 33 69929 1
80 90 70038 0
56 81 70044 0
98 63 70117 1
96 40 70131 1
69 95 70139 0
34 82 70195 0
65 96 70211 0
74 69 70227 1
56 78 70260 0
67 41 70264 1
71 79 70300 1
72 96 70303 0
101 51 70323 1
67 96 70334 0
65 97 70362 0
90 36 70378 1
61 95 70382 0
98 44 70407 1
78 34 70456 1
20 86 70511 0
97 43 70539 1
73 37 70539 1
95 39 70546 1
27 84 70577 0
101 52 70614 1
52 50 70636 1
100 48 70674 1
58 92 70717 0
80 57 70721 1
31 64 70745 1
69 81 70750 1
100 49 70755 1
95 70 70762 1
97 41 70779 1
65 41 70785 1
81 57 70830 1
74 36 70835 1
87 34 70848 1
93 38 70874 1
79 61 70876 1
76 93 70880 0
40 77 70897 0
94 71 70950 1
79 35 70964 1
37 60 70965 1
68 96 71005 0
45 56 71008 1
58 73 71085 0
28 65 71100 1
57 92 71131 0
99 46 71180 1
57 86 71183 0
96 42 71185 1
80 59 71225 1
85 52 71226 0
15 80 71238 0
62 95 71247 0
43 58 71338 1
87 50 71352 0
17 84 71361 0
88 83 71383 1
85 63 71423 0
57 74 71433 0
100 47 71465 1
61 63 71473 0
66 97 71482 0
94 39 71498 1
55 83 71505 0
91 77 71505 1
80 71 71512 0
98 45 71542 1
89 35 71542 1
49 55 71544 1
25 67 71544 1
83 67 71563 0
27 64 71566 1
56 80 71575 0
56 85 71578 0
16 82 71598 0
83 54 71606 1
73 95 71618 0
54 50 71639 1
93 75 71652 1
71 37 71654 1
33 62 71664 1
73 79 71672 1
80 91 71695 0
41 76 71709 0
98 64 71725 1
58 70 71734 0
57 90 71746 0
77 63 71782 1
92 76 71812 1
17 76 71820 0
66 96 71838 0
83 34 71877 1
27 85 71902 0
62 44 71923 1
36 62 71970 1
84 33 71999 1
101 57 71999 1
16 84 72005 0
86 34 72008 1
89 36 72027 1
94 37 72027 1
14 81 72031 0
56 82 72032 0
39 59 72035 1
84 34 72044 1
16 83 72047 0
15 81 72070 0
55 67 72075 0
58 64 72082 0
70 78 72089 1
59 93 72091 0
30 83 72113 0
18 84 72124 0
56 86 72128 0
53 87 72164 0
98 43 72184 1
87 35 72206 1
85 35 72224 1
72 38 72237 1
54 78 72277 0
16 75 72299 0
32 63 72316 1
70 77 72380 1
56 83 72388 0
15 76 72395 0
57 73 72396 0
19 86 72416 0
23 86 72478 0
93 97 72485 0
93 73 72485 1
75 67 72485 1
85 60 72502 0
35 81 72528 0
87 56 72604 0
63 96 72636 0
85 34 72649 1
51 70 72652 0
81 55 72715 1
90 37 72720 1
95 40 72744 1
94 38 72745 1
83 33 72755 1
101 50 72770 1
18 86 72779 0
37 80 72819 0
70 39 72840 1
80 72 72841 0
35 80 72881 0
101 48 72882 1
21 87 72888 0
17 83 72909 0
72 79 72920 1
56 68 72920 0
93 37 72940 1
56 95 72959 0
81 34 72970 1
71 77 73003 1
63 42 73051 1
63 95 73051 0
56 67 73065 0
91 37 73090 1
27 65 73134 1
21 86 73137 0
59 92 73137 0
74 37 73156 1
55 95 73184 0
26 85 73202 0
31 82 73219 0
21 85 73222 0
90 35 73239 1
52 51 73266 1
74 93 73286 0
53 50 73304 1
16 88 73306 0
96 41 73317 1
97 42 73319 1
16 74 73320 0
78 35 73334 1
87 53 73379 0
85 33 73400 1
72 37 73467 1
56 88 73488 0
15 79 73494 0
29 64 73523 1
30 64 73535 1
62 62 73537 0
18 85 73539 0
92 37 73543 1
32 82 73589 0
82 34 73594 1
87 54 73653 0
75 94 73721 0
66 40 73742 1
76 94 73755 0
17 86 73767 0
17 85 73783 0
99 45 73832 1
81 67 73873 0
79 59 73914 1
36 60 73937 1
91 78 73969 1
94 73 73973 1
19 85 73978 0
57 67 73984 0
47 54 73999 1
42 58 74003 1
59 96 74030 0
25 65 74037 1
49 54 74057 1
80 34 74073 1
61 62 74080 0
101 45 74159 1
102 51 74172 1
38 60 74173 1
72 74 74180 1
57 91 74227 0
101 47 74245 1
43 76 74247 0
29 84 74251 0
96 68 74269 1
90 36 74309 1
78 75 74330 0
89 34 74357 1
93 27 74360 1
28 64 74365 1
26 84 74393 0
70 38 74405 1
56 81 74407 0
71 38 74424 1
56 94 74434 0
61 68 74495 0
71 76 74520 1
87 85 74541 1
16 85 74580 0
101 55 74688 1
87 50 74717 0
16 82 74726 0
41 58 74729 1
93 74 74744 1
34 53 74750 1
26 65 74750 1
60 68 74770 0
70 95 74791 0
101 49 74825 1
97 35 74847 1
99 61 74854 1
37 79 74863 0
24 67 74869 1
19 69 74870 1
101 53 74921 1
50 72 74934 0
44 55 74952 1
72 73 74953 1
33 81 75021 0
59 45 75037 1
96 40 75052 1
92 38 75100 1
71 80 75131 1
37 60 75197 1
18 84 75206 0
93 38 75219 1
57 88 75220 0
70 80 75238 1
35 63 75264 1
56 87 75299 0
101 54 75313 1
72 80 75401 1
91 36 75422 1
99 60 75424 1
74 70 75470 1
30 65 75481 1
31 81 75503 0
57 46 75524 1
87 83 75609 1
74 71 75648 1
59 93 75667 0
63 62 75681 0
100 46 75767 1
57 83 75773 0
20 86 75868 0
87 55 75913 0
87 52 75934 0
99 44 75971 1
48 54 76086 1
56 79 76086 0
57 86 76086 0
63 63 76159 0
73 80 76160 1
58 92 76198 0
99 47 76205 1
15 75 76212 0
15 82 76222 0
15 78 76238 0
56 80 76242 0
31 64 76246 1
30 84 76254 0
28 65 76274 1
72 95 76274 0
94 72 76293 1
67 96 76298 0
27 64 76320 1
97 40 76337 1
58 93 76379 0
62 63 76402 0
93 39 76405 1
100 58 76428 1
91 35 76480 1
16 83 76522 0
15 81 76548 0
41 59 76627 1
74 68 76628 1
59 94 76679 0
78 62 76687 1
89 54 76691 0
57 75 76813 0
92 36 76901 1
71 79 77024 1
86 58 77040 0
54 68 77103 0
40 59 77123 1
63 97 77140 0
62 95 77222 0
80 35 77268 1
69 39 77280 1
20 85 77327 0
26 86 77350 0
18 86 77387 0
70 96 77392 0
74 80 77432 1
5 89 77493 0
16 81 77503 0
64 96 77511 0
45 75 77534 0
27 84 77574 0
65 77 77575 0
65 96 77575 0
59 101 77582 0
55 84 77587 0
13 78 77604 0
13 79 77605 0
60 99 77718 0
17 84 77773 0
57 82 77774 0
16 86 77812 0
95 39 77838 1
53 83 77872 0
57 88 77959 0
65 95 78050 0
21 86 78098 0
47 73 78149 0
58 72 78243 0
61 66 78288 0
38 80 78318 0
69 95 78328 0
58 65 78355 0
2 52 78398 0
56 85 78407 0
100 48 78411 1
90 79 78460 1
60 94 78469 0
69 96 78489 0
89 35 78526 1
57 65 78530 0
25 85 78637 0
34 81 78723 0
86 33 78953 1
18 84 78989 0
84 34 78989 1
77 92 79037 0
80 72 79048 0
63 61 79050 0
59 93 79060 0
82 56 79086 1
87 34 79086 1
100 47 79128 1
86 60 79137 0
46 54 79163 1
77 36 79170 1
18 85 79262 0
30 82 79283 0
76 36 79372 1
16 75 79451 0
19 86 79483 0
56 88 79532 0
88 35 79565 1
75 94 79617 0
36 80 79755 0
26 85 79768 0
95 41 79770 1
67 97 79802 0
57 66 79822 0
17 85 79825 0
50 51 79841 1
32 81 79862 0
63 95 79875 0
98 38 79915 1
88 34 79924 1
35 60 79944 1
17 72 79998 0
17 83 80012 0
82 67 80130 0
56 86 80134 0
57 80 80149 0
95 93 80182 1
35 61 80184 1
21 85 80201 0
66 41 80231 1
58 67 80279 0
61 67 80295 0
46 56 80332 1
23 86 80340 0
101 51 80418 1
75 36 80431 1
15 80 80497 0
85 34 80604 1
55 86 80719 0
56 78 80723 0
60 67 80724 0
20 85 80740 0
15 73 80746 0
98 43 80829 1
29 65 80887 1
83 66 80951 0
18 87 80951 0
17 87 80952 0
85 62 81024 0
58 73 81055 0
86 34 81082 1
57 88 81126 0
65 95 81164 0
89 81 81252 1
79 34 81340 1
16 81 81430 0
57 68 81474 0
61 95 81523 0
15 77 81690 0
46 55 81696 1
68 54 81750 1
94 39 81787 1
70 78 81799 1
97 42 81834 1
43 57 81932 1
77 93 81995 0
60 45 82036 1
26 64 82040 1
47 55 82065 1
75 93 82133 0
56 83 82137 0
60 94 82176 0
16 80 82271 0
101 52 82349 1
87 51 82503 0
59 94 82512 0
16 82 82596 0
100 49 82627 1
57 90 82628 0
41 95 82630 0
87 50 82637 0
57 72 82650 0
67 12 82650 0
85 63 82682 0
83 88 82684 0
52 69 82685 0
71 94 82690 0
56 76 82702 0
97 65 82718 1
57 74 82719 0
16 74 82756 0
50 71 82774 0
61 97 82819 0
77 94 82854 0
35 91 82918 0
109 45 82945 1
25 85 82974 0
10 92 82982 0
54 70 83032 0
68 98 83071 0
59 92 83137 0
109 45 83153 0
16 73 83195 0
57 84 83235 0
52 85 83238 0
19 85 83259 0
60 65 83280 0
11 81 83314 0
57 45 83344 1
94 38 83391 1
49 73 83392 0
42 76 83415 0
55 89 83419 0
59 93 83492 0
97 41 83560 1
79 74 83567 0
91 37 83647 1
83 34 83749 1
16 85 83790 0
44 76 83862 0
44 75 83879 0
19 87 83916 0
92 37 83923 1
60 64 83990 0
62 64 84009 0
87 35 84133 1
68 96 84233 0
16 77 84281 0
18 86 84314 0
65 95 84448 0
98 38 84452 1
71 75 84598 1
56 82 84600 0
15 81 84602 0
100 59 84629 1
98 42 84634 1
101 56 84636 1
89 36 84675 1
60 95 84760 0
64 42 84772 1
75 78 84794 1
100 45 84856 1
16 81 84909 0
68 39 85021 1
55 66 85049 0
71 81 85067 1
18 84 85094 0
31 65 85177 1
95 40 85177 1
101 48 85195 1
59 64 85250 0
97 35 85298 1
99 45 85346 1
101 50 85418 1
61 65 85432 0
21 67 85462 1
57 86 85463 0
80 70 85473 0
56 74 85494 0
36 80 85537 0
71 95 85613 0
20 85 85631 0
82 34 85644 1
67 39 85688 1
46 75 85779 0
58 66 85812 0
16 80 85817 0
60 69 85835 0
88 54 86081 0
66 98 86237 0
60 94 86263 0
15 85 86295 0
57 88 86379 0
81 34 86431 1
100 57 86445 1
81 35 86460 1
51 53 86491 1
99 43 86546 1
32 64 86602 1
81 56 86623 1
77 35 86676 1
17 73 86766 0
57 83 86786 0
64 41 86801 1
101 53 86846 1
73 37 86890 1
23 67 86944 1
20 68 87296 1
27 85 87301 0
29 83 87319 0
66 96 87366 0
29 64 87368 1
30 64 87489 1
33 64 87700 1
62 94 87728 0
94 79 87916 1
16 77 88061 0
59 94 88128 0
99 108 88151 1
25 85 88159 0
90 35 88283 1
93 37 88521 1
40 78 88543 0
64 95 88667 0
62 62 88713 0
16 81 88842 0
73 71 88896 1
61 64 88899 0
81 33 88904 1
34 81 88917 0
99 62 88987 1
91 34 89191 1
65 41 89241 1
70 76 89241 1
36 61 89305 1
62 96 89386 0
98 63 89461 1
20 87 89482 0
57 77 89501 0
88 81 89549 1
18 88 89792 0
16 80 89852 0
22 88 90018 0
95 69 90091 1
87 51 90127 0
96 41 90242 1
73 95 90253 0
23 66 90346 1
71 95 90439 0
28 64 90468 1
59 93 90498 0
62 94 90522 0
94 34 90631 1
90 36 90694 1
94 71 90747 1
88 54 90964 0
15 81 91059 0
95 38 91063 1
50 52 91127 1
106 55 91140 1
40 77 91187 0
21 86 91191 0
98 38 91231 1
31 63 91248 1
69 38 91315 1
71 74 91403 1
16 88 91668 0
64 95 91748 0
17 76 91774 0
76 66 91789 1
97 35 92019 1
75 94 92134 0
20 86 92256 0
26 85 92270 0
57 47 92424 1
84 35 92436 1
74 95 92663 0
56 93 92735 0
97 43 92825 1
16 77 92938 0
16 79 92955 0
56 48 92965 1
60 94 93019 0
65 95 93030 0
25 86 93108 0
47 83 93170 0
109 45 93188 1
29 86 93226 0
55 49 93265 1
84 63 93318 0
17 85 93352 0
57 77 93470 0
96 40 93582 1
41 77 93669 0
13 84 93683 0
16 81 93691 0
89 53 93791 0
16 78 93930 0
91 36 93938 1
93 38 93957 1
95 39 93983 1
57 92 94045 0
62 94 94063 0
101 49 94101 1
36 80 94114 0
101 51 94117 1
26 84 94120 0
100 46 94162 1
93 27 94207 1
109 45 94330 0
101 54 94713 1
59 94 94748 0
64 97 94852 0
89 80 94885 1
97 64 94948 1
95 68 95144 1
91 38 95189 1
64 95 95341 0
94 74 95362 1
22 86 95364 0
76 93 95500 0
97 42 95552 1
92 75 95604 1
75 68 95652 1
101 55 95793 1
75 37 95897 1
97 36 95910 1
83 33 95954 1
79 60 96019 1
88 54 96023 0
97 38 96081 1
100 44 96121 1
97 41 96122 1
81 31 96185 1
73 36 96220 1
84 33 96311 1
70 77 96327 1
19 84 96329 0
70 95 96340 0
82 33 96374 1
53 6 96431 1
74 37 96482 1
94 38 96492 1
103 51 96497 1
101 52 96504 1
79 32 96506 1
69 13 96572 1
57 87 96581 0
100 47 96583 1
87 34 96584 1
81 90 96647 0
80 72 96674 0
56 80 96679 0
99 44 96786 1
65 42 96844 1
74 36 96861 1
101 57 96911 1
69 95 96915 0
71 95 96956 0
16 79 96973 0
21 69 97071 1
92 36 97094 1
98 42 97117 1
100 60 97129 1
98 65 97150 1
74 93 97154 0
33 63 97169 1
98 38 97202 1
73 79 97215 1
16 80 97293 0
102 49 97296 1
72 38 97398 1
89 35 97400 1
80 34 97456 1
86 34 97505 1
102 52 97509 1
16 84 97571 0
85 34 97690 1
45 55 97722 1
88 55 97776 0
71 79 97838 1
56 88 97914 0
80 60 97922 1
57 77 97936 0
62 94 97951 0
57 84 98022 0
97 35 98028 1
60 44 98037 1
57 82 98125 0
61 92 98142 0
67 96 98180 0
18 85 98205 0
67 40 98251 1
57 75 98260 0
16 78 98379 0
25 64 98425 1
57 80 98430 0
31 64 98443 1
56 81 98485 0
35 80 98532 0
100 45 98537 1
89 54 98658 0
72 79 98670 1
101 48 98753 1
41 76 98794 0
90 84 98947 1
85 33 98965 1
57 81 98969 0
39 59 99016 1
89 82 99023 1
32 63 99041 1
20 85 99049 0
64 95 99061 0
57 88 99119 0
59 92 99139 0
50 53 99203 1
89 34 99221 1
57 85 99239 0
97 66 99305 1
92 37 99311 1
102 79 99314 1
100 42 99322 1
91 32 99350 1
125 68 99405 1
89 33 99437 1
80 58 99443 1
78 92 99482 0
55 67 99501 0
96 41 99541 1
75 69 99573 1
84 34 99611 1
57 86 99652 0
43 56 99695 1
5 6 99724 1
97 39 99724 1
55 12 99763 1
58 90 99765 0
68 38 99771 1
16 77 99791 0
25 85 99814 0
57 87 99829 0
57 83 99835 0
21 85 99839 0
93 76 99857 1
56 67 99887 0
98 64 99891 1
72 37 99905 1
27 65 99911 1
90 36 99942 1
58 73 100000 0
78 63 100009 1
95 40 100046 1
71 78 100074 1
107 46 100084 1
34 62 100092 1
22 67 100097 1
93 37 100150 1
76 65 100231 1
22 86 100266 0
113 62 100288 1
43 76 100308 0
27 84 100349 0
99 45 100392 1
18 46 100423 1
18 108 100423 1
79 61 100503 1
17 84 100550 0
17 83 100561 0
70 78 100656 1
25 65 100656 1
26 65 100678 1
109 45 100680 1
94 37 100691 1
99 43 100700 1
95 36 100703 1
9 123 100726 1
28 65 100734 1
80 33 100840 1
16 83 100900 0
93 27 100931 1
101 47 100997 1
34 63 101175 1
102 48 101176 1
88 34 101209 1
18 84 101237 0
90 80 101258 1
63 43 101284 1
19 85 101293 0
69 40 101298 1
101 50 101308 1
19 84 101326 0
24 66 101327 1
81 69 101363 0
81 58 101410 1
16 79 101411 0
96 40 101472 1
91 36 101473 1
93 35 101474 1
49 71 101490 0
56 77 101519 0
72 80 101523 1
29 84 101542 0
37 60 101614 1
83 34 101654 1
101 58 101670 1
29 7 101676 1
91 77 101683 1
34 64 101742 1
90 35 101811 1
79 35 101819 1
98 38 101820 1
102 58 101843 1
80 90 101906 0
87 84 101913 1
102 54 101938 1
14 29 101967 1
88 57 101980 0
65 40 102027 1
14 4 102037 1
38 59 102119 1
125 79 102143 1
91 35 102185 1
34 120 102192 1
100 37 102226 1
51 51 102230 1
93 74 102230 1
100 87 102267 1
14 113 102271 1
41 126 102290 1
70 80 102319 1
88 39 102342 1
98 31 102360 1
77 65 102393 1
99 60 102412 1
66 89 102417 1
16 78 102510 0
56 47 102569 1
61 43 102613 1
119 56 102617 1
63 95 102639 0
61 63 102668 0
78 35 102756 1
81 34 102760 1
100 61 102904 1
101 46 102980 1
71 38 103001 1
88 55 103115 0
47 54 103122 1
73 72 103136 1
28 63 103137 1
101 51 103235 1
58 92 103300 0
15 81 103361 0
58 90 103372 0
61 44 103483 1
62 42 103514 1
40 59 103556 1
58 47 103567 1
75 38 103576 1
89 40 103602 1
61 60 103708 1
36 60 103714 1
114 99 103725 1
95 39 103776 1
16 81 103937 0
17 78 103940 0
88 54 104151 0
99 61 104165 1
97 41 104197 1
92 76 104215 1
57 81 104353 0
21 68 104362 1
91 79 104377 1
90 34 104446 1
57 85 104456 0
86 33 104480 1
29 64 104486 1
59 94 104511 0
109 68 104686 1
97 42 104797 1
98 43 104806 1
57 91 104815 0
57 87 104832 0
25 84 104872 0
94 72 104883 1
96 39 104892 1
101 53 104901 1
88 38 105049 1
27 64 105113 1
25 66 105311 1
18 83 105332 0
87 33 105343 1
94 38 105403 1
65 95 105449 0
73 73 105470 1
22 86 105473 0
15 75 105491 0
101 49 105493 1
68 40 105578 1
16 80 105665 0
90 34 105760 1
95 64 105825 1
87 51 106022 0
16 88 106084 0
23 86 106238 0
60 94 106324 0
16 79 106479 0
101 56 106525 1
69 76 106621 1
90 34 106648 1
68 95 106765 1
16 78 106949 0
16 75 106965 0
87 34 106981 1
77 92 107011 0
98 38 107232 1
29 76 107314 1
97 40 107323 1
88 53 107342 0
90 34 107564 1
58 90 107616 0
63 94 107762 0
57 77 107794 0
62 94 107886 0
98 42 107972 1
80 59 108038 1
86 60 108059 0
57 74 108068 0
87 58 108162 0
58 89 108171 0
21 84 108197 0
101 52 108207 1
82 33 108222 1
90 34 108232 1
93 38 108255 1
83 33 108331 1
16 85 108340 0
95 38 108346 1
91 37 108350 1
100 45 108411 1
92 36 108528 1
71 95 108558 0
71 94 108559 0
101 48 108591 1
75 93 108803 0
28 64 108805 1
54 96 108829 0
86 34 108833 1
101 54 108849 1
99 63 108900 1
85 64 108949 0
56 79 108989 0
37 80 108998 0
17 85 109027 0
61 62 109037 0
64 94 109108 0
99 84 109137 0
99 43 109137 1
98 41 109138 1
62 93 109163 0
89 53 109228 0
19 86 109232 0
30 83 109232 0
90 34 109260 1
56 83 109280 0
15 81 109414 0
87 57 109503 0
102 53 109520 1
93 37 109629 1
93 36 109647 1
100 46 109710 1
102 51 109760 1
94 36 109794 1
39 78 109815 0
18 83 109910 0
90 34 109915 1
96 40 109978 1
23 87 110225 0
57 84 110266 0
88 55 110273 0
70 95 110322 0
94 73 110339 1
37 79 110356 0
36 80 110372 0
97 35 110384 1
17 78 110388 0
85 63 110433 0
30 64 110443 1
95 70 110460 1
57 83 110471 0
46 74 110476 0
71 77 110496 1
84 64 110567 0
64 61 110589 0
97 41 110590 1
64 95 110626 0
90 34 110640 1
15 34 110658 1
15 84 110658 0
57 90 110687 0
63 94 110702 0
82 34 110727 1
57 80 110741 0
71 79 110867 1
57 82 110868 0
78 93 110878 0
88 57 110930 0
84 33 110952 1
71 37 110973 1
56 87 111006 0
18 86 111035 0
71 96 111050 0
16 77 111066 0
76 93 111101 0
81 71 111143 0
91 36 111149 1
58 90 111185 0
81 33 111185 1
57 81 111198 0
58 79 111218 0
58 72 111218 0
61 92 111242 0
95 39 111267 1
13 81 111282 0
83 90 111300 0
90 34 111325 1
58 89 111342 0
22 86 111400 0
57 87 111415 0
85 33 111416 1
69 97 111445 0
57 86 111501 0
72 95 111503 0
82 89 111505 0
74 93 111509 0
33 81 111516 0
87 50 111517 0
56 92 111519 0
69 95 111555 0
55 85 111570 0
102 50 111591 1
61 68 111627 0
78 33 111693 1
59 93 111700 0
102 52 111727 1
57 85 111746 0
70 39 111752 1
59 92 111754 0
20 85 111758 0
75 67 111758 1
89 34 111774 1
56 77 111826 0
79 34 111845 1
15 74 111851 0
59 70 111851 0
64 94 111860 0
101 59 111869 1
37 59 111954 1
88 33 111972 1
34 81 111991 0
98 63 111998 1
99 42 112031 1
19 84 112045 0
89 54 112086 0
90 34 112156 1
77 34 112176 1
62 93 112203 0
70 38 112212 1
78 34 112224 1
100 45 112228 1
76 35 112266 1
54 49 112290 1
71 76 112344 1
58 73 112374 0
16 78 112389 0
17 76 112484 0
75 36 112485 1
100 44 112489 1
91 35 112489 1
57 88 112524 0
90 35 112529 1
25 85 112530 0
21 85 112568 0
17 83 112589 0
14 29 112625 0
26 84 112655 0
90 34 112730 1
17 89 112821 0
73 78 112839 1
49 54 112932 1
102 49 112941 1
32 64 112952 1
29 7 113005 0
85 62 113014 0
101 51 113160 1
44 75 113255 0
61 94 113256 0
16 79 113267 0
101 55 113300 1
98 42 113302 1
31 63 113303 1
90 34 113305 1
56 91 113314 0
65 96 113361 0
63 94 113367 0
18 84 113371 0
101 48 113386 1
74 70 113403 1
49 53 113414 1
27 63 113479 1
70 77 113514 1
48 54 113549 1
76 94 113549 0
73 37 113561 1
73 79 113595 1
88 53 113617 0
19 90 113645 0
48 53 113656 1
62 94 113657 0
51 90 113676 0
30 63 113727 1
99 62 113729 1
94 37 113731 1
51 52 113889 1
98 38 113894 1
91 78 113956 1
44 56 113986 1
90 34 113988 1
40 58 113988 1
95 38 114027 1
61 67 114036 0
94 38 114054 1
95 37 114055 1
101 46 114085 1
66 40 114097 1
101 47 114152 1
17 77 114274 0
72 79 114288 1
64 41 114302 1
72 78 114311 1
58 89 114339 0
19 85 114343 0
15 81 114378 0
38 78 114388 0
65 95 114397 0
18 85 114430 0
18 83 114463 0
65 41 114511 1
101 49 114557 1
96 67 114578 1
97 40 114633 1
32 63 114714 1
22 89 114732 0
90 34 114735 1
70 78 114750 1
31 64 114814 1
45 54 114820 1
72 73 114905 1
47 53 114940 1
77 93 114950 0
53 50 114976 1
76 36 115000 1
17 75 115005 0
64 42 115064 1
10 56 115086 0
83 54 115104 1
58 88 115109 0
57 77 115114 0
57 79 115163 0
29 83 115168 0
87 34 115198 1
95 69 115233 1
80 71 115276 0
103 45 115280 1
90 34 115290 1
28 84 115313 0
92 36 115324 1
100 59 115393 1
42 58 115398 1
93 37 115413 1
71 78 115465 1
26 85 115470 0
39 59 115486 1
71 75 115498 1
74 36 115565 1
69 39 115614 1
79 91 115648 0
67 40 115671 1
45 56 115730 1
16 88 115757 0
64 94 115765 0
46 54 115806 1
90 34 115822 1
16 82 115876 0
96 39 115896 1
24 65 115901 1
69 94 115914 0
62 93 115929 0
15 83 116198 0
88 34 116417 1
44 57 116449 1
90 34 116453 1
97 41 116551 1
71 94 116639 0
87 58 116642 0
100 46 116649 1
86 33 116719 1
57 83 116834 0
27 84 116887 0
46 76 117032 0
15 76 117043 0
60 68 117049 0
63 94 117059 0
31 82 117061 0
29 85 117088 0
58 90 117105 0
90 34 117111 1
99 43 117280 1
74 71 117287 1
74 37 117287 1
75 94 117613 0
38 60 117643 1
79 33 117684 1
17 78 117701 0
89 35 117755 1
16 78 117776 0
16 74 117867 0
96 40 117896 1
77 64 117982 1
101 57 117982 1
61 94 118017 0
21 84 118036 0
62 95 118044 0
57 104 118049 0
17 77 118121 0
64 98 118132 0
65 99 118143 0
48 73 118155 0
55 71 118158 0
38 81 118177 0
62 43 118177 1
57 84 118214 0
58 88 118273 0
90 34 118300 1
97 35 118346 1
61 64 118500 0
59 90 118625 0
58 89 118642 0
64 99 118780 0
42 76 118785 0
18 72 118853 0
22 86 118898 0
83 67 118919 0
80 34 119055 1
64 63 119061 0
73 80 119092 1
90 34 119099 1
98 34 119112 1
98 41 119112 1
29 64 119124 1
25 84 119139 0
92 35 119198 1
84 63 119220 0
58 46 119360 1
56 86 119564 0
93 75 119566 1
26 64 119579 1
82 69 119722 0
52 70 119908 0
53 77 119956 0
21 86 119962 0
20 86 119971 0
17 73 120084 0
56 66 120089 0
57 73 120143 0
45 75 120162 0
98 38 120181 1
90 34 120183 1
53 86 120229 0
38 79 120248 0
54 50 120292 1
88 53 120298 0
55 80 120329 0
68 96 120389 0
14 84 120392 0
57 95 120394 0
19 83 120406 1
17 75 120426 0
30 84 120597 0
62 65 120663 0
57 87 120670 0
29 63 121130 1
46 55 121166 1
29 84 121462 0
57 78 121693 0
73 94 121728 0
62 63 121802 0
90 34 121852 1
96 38 122255 1
86 34 122420 1
92 77 122454 1
61 94 122491 0
83 33 122586 1
87 33 122587 1
59 90 122679 0
15 91 122944 0
57 81 123059 0
15 81 123106 0
72 74 123206 1
86 50 123286 0
67 95 123294 0
22 87 123313 0
61 96 123644 0
59 91 123648 0
15 80 123669 0
57 79 123706 0
90 34 123718 1
97 35 123881 1
22 93 123886 0
90 32 123934 1
95 39 123986 1
35 80 124015 0
76 95 124018 0
89 51 124029 0
75 93 124047 0
62 62 124049 0
81 34 124065 1
18 83 124140 0
57 85 124266 0
19 84 124279 0
91 36 124301 1
58 88 124533 0
98 38 124539 1
102 54 124675 1
16 80 124861 0
63 61 124953 0
102 55 124984 1
84 87 125040 0
14 78 125092 0
55 66 125126 0
63 94 125278 0
32 81 125321 0
89 53 125326 0
17 77 125357 0
39 79 125419 0
57 80 125439 0
41 59 125599 1
17 85 125637 0
90 34 125738 1
64 94 125750 0
59 64 125943 0
16 81 125955 0
97 65 125960 1
73 93 126052 0
31 83 126064 0
101 52 126185 1
31 81 126258 0
72 38 126321 1
82 33 126470 1
102 56 126694 1
73 94 126705 0
57 78 126843 0
72 80 126866 1
97 42 126929 1
28 84 126967 0
88 55 127004 0
57 86 127045 0
20 85 127259 0
47 55 127583 1
67 95 127623 0
56 77 127690 0
88 54 127905 0
68 95 127905 0
59 91 127924 0
51 72 127930 0
17 84 128044 0
46 98 128101 0
55 73 128180 0
89 51 128276 0
57 82 128314 0
61 94 128383 0
57 66 128396 0
90 34 128448 1
62 93 128504 0
86 61 128512 0
84 33 128515 1
109 68 128655 0
59 63 128689 0
38 78 128695 0
55 87 128723 0
16 88 128821 0
56 89 128832 0
59 65 128851 0
99 40 128929 1
93 36 128946 1
24 87 128999 0
88 56 129030 0
37 79 129033 0
56 82 129134 0
85 33 129151 1
53 84 129280 0
23 100 129442 0
57 75 129462 0
61 92 129489 0
57 89 129520 0
55 81 129620 0
21 87 129646 0
59 94 129660 0
13 76 129698 0
66 96 129761 0
53 90 129797 0
56 81 129831 0
65 62 129842 0
16 79 130206 0
64 61 130221 0
58 73 130223 0
76 66 130325 1
98 38 130330 1
79 62 130394 1
17 76 130562 0
18 84 130753 0
19 82 130789 0
88 53 130853 0
97 35 130919 1
15 81 131005 0
57 96 131061 0
34 80 131130 0
89 34 131491 1
100 43 131554 1
35 79 131625 0
54 67 131638 0
5 42 131728 1
17 80 131735 0
58 91 132012 0
15 83 132230 0
16 20 132300 1
90 34 132583 1
18 77 132696 0
80 33 132731 1
17 81 132732 0
88 50 132738 0
59 91 132748 0
35 81 132788 0
82 32 132877 1
83 34 132893 1
67 95 133032 0
38 79 133113 0
98 42 133193 1
97 37 133195 1
71 107 133445 0
59 103 133501 0
90 35 133589 1
68 95 133652 0
72 37 133677 1
16 78 133785 0
101 56 133842 1
101 48 133851 1
100 45 133888 1
55 48 133946 1
61 66 134030 0
16 77 134189 0
34 61 134284 1
77 35 134308 1
0 0 134386 0
57 78 134394 0
51 71 134418 0
47 87 134436 0
89 51 134444 0
102 51 134457 1
41 126 134477 0
63 102 134497 0
74 96 134590 0
102 49 134620 1
101 54 134641 1
102 53 134678 1
100 44 134715 1
102 52 134730 1
71 79 134746 1
99 43 134762 1
94 37 134765 1
95 38 134826 1
9 84 134833 0
101 47 134853 1
97 40 134870 1
19 83 134897 0
99 42 134897 1
102 50 134956 1
87 58 134962 0
92 36 135058 1
103 48 135185 1
91 35 135211 1
56 80 135279 0
57 48 135355 1
100 45 135375 1
97 41 135393 1
69 95 135488 0
98 40 135535 1
89 54 135537 0
73 94 135557 0
58 89 135560 0
93 37 135594 1
38 59 135616 1
74 93 135635 0
101 46 135641 1
88 33 135732 1
99 61 135744 1
81 33 135747 1
40 59 135761 1
81 57 135773 1
79 92 135774 0
98 41 135775 1
71 77 135834 1
86 33 135852 1
90 34 135856 1
84 62 135870 0
102 48 135885 1
59 90 135889 0
86 60 135914 0
87 34 135935 1
96 39 135949 1
75 78 135952 1
101 45 135953 1
88 56 135969 0
98 64 136191 1
57 65 136235 0
79 91 136245 0
16 76 136334 0
57 89 136345 0
63 62 136375 0
76 93 136386 0
82 68 136410 0
85 86 136451 0
89 34 136490 1
75 70 136558 1
99 43 136568 1
77 92 136587 0
75 68 136618 1
59 88 136620 0
59 73 136645 0
58 65 136646 0
57 83 136709 0
57 77 136777 0
56 66 136779 0
88 57 136779 0
49 71 136784 0
50 71 136883 0
57 84 136887 0
85 64 136900 0
99 42 136921 1
90 36 136921 1
100 44 136932 1
17 80 137004 0
58 88 137005 0
81 32 137032 1
93 36 137061 1
97 40 137064 1
52 50 137101 1
91 34 137165 1
97 39 137235 1
88 50 137246 0
69 94 137271 0
83 33 137294 1
89 33 137327 1
92 36 137344 1
102 47 137403 1
51 70 137420 0
101 55 137474 1
74 78 137477 1
105 42 137483 1
61 92 137491 0
57 81 137507 0
71 94 137509 0
64 94 137528 0
58 64 137559 0
18 82 137563 0
82 69 137625 0
85 63 137641 0
102 49 137642 1
73 36 137647 1
97 35 137689 1
33 63 137712 1
30 82 137719 0
99 64 137735 1
30 64 137744 1
100 45 137775 1
41 58 137780 1
95 70 137819 1
49 52 137833 1
95 38 137855 1
60 45 137859 1
94 37 137868 1
84 32 137868 1
58 91 137897 0
102 54 137898 1
82 31 137898 1
68 95 137941 0
94 36 137952 1
100 43 137986 1
78 92 138025 0
98 42 138045 1
83 66 138057 0
80 90 138081 0
41 76 138089 0
72 78 138133 1
90 34 138144 1
100 60 138157 1
59 91 138170 0
27 64 138184 1
17 81 138187 0
58 90 138212 0
94 73 138221 1
95 37 138221 1
57 80 138227 0
76 77 138241 1
70 95 138253 0
59 92 138287 0
33 62 138298 1
17 75 138304 0
28 64 138321 1
30 83 138323 0
102 52 138332 1
21 85 138338 0
101 46 138360 1
74 36 138368 1
96 68 138406 1
71 78 138442 1
91 35 138448 1
18 80 138456 0
61 42 138480 1
61 91 138508 0
28 65 138509 1
71 77 138511 1
74 71 138514 1
64 95 138523 0
100 46 138554 1
62 93 138571 0
81 71 138577 0
101 48 138593 1
72 79 138615 1
67 95 138627 0
102 51 138628 1
15 81 138634 0
31 63 138653 1
84 33 138653 1
61 62 138660 0
87 33 138694 1
63 94 138743 0
57 79 138768 0
17 79 138777 0
71 95 138790 0
17 84 138793 0
17 78 138793 0
68 39 138814 1
21 84 138837 0
71 76 138897 1
96 38 138904 1
85 33 138907 1
47 54 138937 1
17 72 138946 0
71 36 138950 1
17 77 138995 0
73 79 138998 1
98 41 139036 1
97 41 139041 1
89 51 139056 0
75 69 139080 1
46 74 139091 0
101 81 139101 1
74 35 139116 1
95 35 139125 1
17 57 139145 1
87 59 139162 0
32 63 139165 1
75 35 139180 1
102 53 139190 1
108 66 139205 1
86 61 139218 0
101 58 139234 1
3 16 139236 1
102 57 139238 1
102 38 139241 1
70 37 139242 1
82 33 139286 1
19 83 139299 0
58 72 139310 0
57 88 139321 0
89 53 139372 0
82 56 139449 1
77 63 139503 1
92 35 139514 1
42 125 139530 1
98 65 139556 1
18 81 139602 0
59 90 139603 0
29 83 139609 0
91 77 139642 1
99 43 139674 1
98 40 139684 1
75 36 139702 1
57 83 139740 0
70 77 139816 1
72 36 139824 1
57 82 139826 0
95 71 139877 1
40 77 139881 0
109 68 139898 0
80 91 139900 0
99 42 139920 1
37 60 139959 1
28 63 139960 1
25 85 139972 0
60 69 139977 0
72 77 140026 1
53 49 140054 1
88 33 140057 1
25 84 140078 0
83 32 140091 1
57 85 140091 0
40 58 140111 1
102 46 140113 1
58 89 140115 0
67 40 140166 1
73 78 140181 1
100 44 140202 1
56 49 140203 1
73 93 140224 0
74 93 140241 0
61 94 140271 0
32 64 140278 1
71 79 140279 1
58 73 140284 0
18 83 140286 0
27 84 140289 0
93 36 140304 1
69 96 140336 0
97 40 140350 1
17 80 140355 0
58 88 140399 0
26 65 140402 1
30 63 140462 1
62 94 140490 0
39 59 140543 1
96 40 140544 1
75 93 140570 0
32 82 140642 0
51 78 140647 0
19 84 140656 0
71 37 140677 1
17 76 140701 0
57 87 140723 0
31 64 140731 1
58 66 140791 0
89 34 140799 1
14 85 140851 0
64 94 140855 0
67 96 140857 0
80 60 140858 1
102 48 140891 1
55 67 140906 0
45 55 140909 1
94 72 140920 1
66 93 140973 0
102 50 140981 1
78 35 141080 1
88 52 141121 0
17 73 141175 0
53 70 141195 0
101 45 141205 1
102 56 141224 1
42 57 141225 1
34 80 141336 0
18 82 141346 0
24 85 141351 0
17 83 141424 0
16 88 141426 0
90 34 141454 1
59 88 141487 0
72 80 141493 1
91 34 141531 1
96 69 141609 1
99 63 141661 1
93 74 141665 1
17 77 141679 0
88 56 141740 0
57 78 141757 0
36 61 141785 1
58 95 141791 0
9 85 141824 0
52 51 141831 1
57 84 141854 0
90 81 141867 1
79 61 141879 1
20 85 141897 0
55 79 141900 0
28 84 141913 0
18 80 141914 0
68 95 141965 0
65 98 142038 0
56 98 142045 0
32 83 142078 0
37 79 142128 0
57 81 142141 0
55 49 142144 1
71 38 142198 1
100 43 142247 1
61 92 142266 0
31 84 142271 0
17 79 142275 0
17 81 142287 0
18 81 142298 0
19 82 142400 0
28 83 142415 0
19 83 142439 0
29 64 142528 1
66 40 142560 1
73 71 142561 1
98 38 142562 1
99 62 142634 1
65 41 142636 1
88 50 142666 0
21 83 142666 0
99 60 142668 1
86 32 142696 1
87 34 142707 1
48 53 142781 1
51 50 142782 1
93 37 142875 1
95 69 142918 1
76 35 142943 1
65 60 142996 0
98 66 143062 1
71 94 143095 0
89 54 143116 0
101 57 143123 1
21 84 143126 0
19 81 143131 0
18 77 143146 0
44 75 143266 0
65 61 143280 0
105 45 143333 1
104 50 143361 1
97 67 143363 1
102 49 143370 1
81 90 143423 0
94 37 143446 1
87 32 143448 1
59 45 143457 1
95 38 143481 1
17 75 143518 0
107 44 143634 1
92 80 143644 1
27 63 143684 1
100 61 143684 1
92 36 143744 1
90 33 143793 1
91 35 143873 1
36 62 143886 1
59 72 144011 0
65 40 144018 1
72 75 144079 1
82 67 144090 0
85 62 144100 0
74 37 144109 1
17 78 144162 0
83 33 144226 1
16 76 144232 0
17 80 144314 0
16 78 144343 0
93 27 144458 1
25 67 144473 1
95 68 144549 1
101 47 144622 1
85 61 144767 0
59 91 144786 0
18 82 144806 0
94 36 144849 1
29 63 144858 1
37 59 144858 1
82 89 144927 0
33 82 144935 0
61 91 144962 0
58 91 144983 0
88 83 145014 1
101 49 145015 1
63 95 145158 0
38 79 145181 0
97 39 145210 1
57 86 145239 0
98 41 145252 1
62 93 145284 0
56 75 145297 0
83 55 145316 1
64 41 145387 1
81 69 145410 0
38 77 145513 0
67 39 145578 1
85 31 145610 1
102 43 145701 1
101 51 145787 1
123 14 145806 1
38 59 145817 1
21 120 145892 1
60 43 145991 1
47 53 146000 1
73 94 146039 0
88 27 146080 1
97 35 146083 1
18 81 146107 0
18 80 146181 0
42 58 146291 1
94 75 146418 1
80 33 146541 1
22 84 146612 0
71 75 146638 1
34 62 146710 1
94 74 146744 1
91 33 146787 1
69 38 146844 1
96 39 146876 1
33 61 146877 1
19 85 146891 0
40 78 147021 0
22 86 147031 0
58 75 147056 0
82 68 147086 0
57 89 147108 0
90 34 147204 1
17 79 147240 0
38 78 147303 0
102 51 147321 1
50 88 147335 0
19 83 147348 0
68 95 147383 0
21 85 147417 0
15 81 147435 0
18 84 147450 0
71 77 147584 1
24 85 147590 0
100 62 147623 1
34 53 147662 1
81 29 147836 1
67 95 147856 0
96 36 147921 1
101 56 147937 1
100 44 147940 1
95 37 147981 1
96 38 148011 1
81 33 148121 1
44 55 148126 1
79 60 148225 1
101 36 148266 1
63 93 148294 0
91 83 148350 1
102 54 148399 1
43 55 148452 1
93 36 148509 1
23 84 148557 0
87 59 148678 0
102 53 148710 1
59 90 148745 0
82 32 148771 1
85 32 148882 1
17 81 148919 0
29 84 148919 0
34 83 149045 0
73 37 149080 1
30 64 149217 1
36 79 149248 0
22 63 149248 1
25 65 149251 1
69 94 149261 0
71 78 149391 1
18 83 149516 0
97 35 149663 1
18 82 149683 0
42 78 149784 0
39 78 149863 0
19 84 149887 0
28 83 149890 0
26 84 149892 0
85 33 149904 1
31 63 150042 1
47 73 150051 0
81 89 150075 0
93 35 150104 1
59 73 150187 0
18 72 150330 0
91 78 150377 1
99 43 150446 1
36 80 150466 0
79 34 150469 1
84 52 150510 1
89 50 150527 0
60 66 150614 0
22 84 150658 0
54 96 150701 0
28 85 150719 0
89 81 150765 1
102 47 150784 1
88 31 150806 1
77 92 150816 0
100 45 150866 1
65 61 150898 0
29 62 150912 1
25 84 150974 0
87 33 151051 1
84 33 151055 1
78 34 151102 1
80 34 151124 1
58 88 151177 0
102 55 151185 1
34 40 151201 0
92 35 151317 1
72 37 151333 1
92 76 151339 1
62 62 151391 0
17 77 151485 0
63 93 151543 0
17 80 151598 0
102 44 151761 1
58 75 151765 0
57 77 151787 0
63 94 151809 0
46 54 151829 1
15 81 151855 0
18 85 151866 0
23 66 151895 1
16 76 151935 0
56 84 151937 0
74 36 151952 1
57 79 152006 0
43 76 152017 0
88 52 152030 0
88 33 152091 1
17 71 152141 0
23 67 152259 1
61 67 152305 0
51 99 152366 0
23 84 152417 0
39 58 152432 1
72 79 152437 1
61 68 152478 0
99 41 152509 1
27 84 152554 0
47 74 152581 0
63 92 152589 0
79 33 152614 1
65 95 152780 0
55 68 152824 0
64 96 152851 0
98 39 152905 1
57 76 152968 0
30 63 153008 1
90 53 153107 0
57 82 153201 0
89 51 153246 0
57 83 153291 0
80 61 153346 1
87 50 153379 0
89 33 153481 1
82 90 153482 0
16 88 153578 0
59 88 153695 0
56 85 153814 0
84 32 153867 1
109 46 153875 1
89 50 153885 0
38 58 153919 1
19 80 153929 0
5 71 153943 0
30 84 153962 0
105 46 154003 1
105 78 154015 1
26 85 154057 0
69 95 154062 0
102 37 154142 1
13 83 154198 0
76 36 154220 1
29 83 154299 0
100 59 154347 1
89 55 154366 0
69 39 154394 1
41 77 154406 0
15 83 154475 0
17 76 154556 0
65 62 154607 0
13 78 154608 0
6 99 154652 0
10 95 154697 0
78 74 154706 0
14 88 154800 0
63 93 154801 0
57 80 154859 0
15 81 154945 0
22 84 154970 0
28 89 154981 0
18 81 155053 0
27 83 155114 0
99 42 155214 1
103 49 155359 1
26 64 155450 1
98 38 155549 1
27 64 155581 1
24 85 155683 0
35 79 155734 0
101 46 155846 1
21 83 155982 0
26 87 156027 0
57 45 156088 1
39 77 156128 0
58 91 156151 0
102 48 156165 1
35 61 156230 1
36 79 156363 0
22 66 156508 1
28 64 156526 1
95 34 156651 1
91 79 156674 1
98 40 156714 1
23 84 156766 0
82 33 156894 1
66 95 156918 0
94 34 156943 1
18 77 157163 0
18 80 157279 0
58 75 157462 0
32 63 157468 1
27 86 157477 0
58 82 157530 0
34 63 157584 1
56 48 157678 1
89 82 157680 1
109 68 157758 1
62 92 157952 0
33 62 157956 1
78 91 157974 0
55 66 157995 0
55 74 158047 0
71 93 158058 0
97 35 158088 1
17 79 158126 0
56 90 158161 0
77 93 158240 0
21 84 158262 0
18 82 158328 0
89 52 158392 0
69 37 158439 1
58 87 158477 0
102 52 158492 1
76 66 158595 1
88 56 158634 0
91 29 158685 1
93 27 159042 1
35 60 159044 1
47 72 159062 0
58 86 159079 0
97 68 159125 1
56 90 159229 1
72 78 159276 1
52 49 159279 1
100 43 159341 1
40 52 159402 1
88 50 159467 0
104 47 159500 1
92 78 159500 1
102 45 159681 1
89 50 159687 0
64 40 159942 1
41 58 159995 1
113 17 160070 1
54 49 160287 1
63 93 160599 0
16 88 160621 0
102 50 160790 1
56 84 160816 0
90 80 160979 1
97 40 160984 1
17 75 161047 0
30 83 161094 0
48 54 161173 1
96 67 161291 1
35 80 161320 0
4 85 161370 0
57 76 161377 0
58 78 161408 0
27 85 161574 0
96 37 161662 1
89 34 161827 1
16 76 161846 0
82 69 161889 0
15 81 161935 0
9 123 162035 0
53 99 162037 0
38 101 162037 0
62 92 162038 0
77 65 162080 1
59 89 162121 0
90 34 162186 1
101 44 162214 1
102 49 162303 1
66 93 162377 0
91 34 162394 1
87 49 162450 0
89 54 162455 0
92 34 162468 1
58 82 162474 0
100 42 162561 1
58 87 162569 0
89 53 162576 0
28 63 162613 1
58 89 162663 0
58 86 162706 0
71 76 162747 1
74 78 162790 1
76 93 162873 0
89 52 162904 0
73 93 162989 0
98 41 163004 1
66 95 163033 0
59 72 163258 0
99 42 163282 1
101 59 163284 1
61 91 163333 0
73 78 163355 1
78 64 163442 1
73 79 163452 1
91 35 163473 1
101 46 163477 1
101 45 163487 1
74 93 163542 0
100 44 163550 1
90 49 163557 0
101 28 163682 1
63 63 163697 0
97 38 163704 1
61 92 163715 0
94 37 163720 1
92 75 163740 1
94 36 163819 1
70 38 163907 1
73 36 163912 1
72 38 163913 1
64 94 164015 0
103 50 164059 1
85 61 164061 0
67 94 164099 0
89 55 164163 0
60 93 164219 0
76 68 164224 1
93 36 164304 1
96 35 164343 1
97 39 164385 1
97 66 164404 1
83 68 164406 0
75 78 164439 1
102 46 164439 1
74 70 164439 1
43 57 164513 1
58 73 164534 0
60 44 164602 1
11 2 164668 1
58 65 164800 0
19 82 164828 0
58 78 164841 0
85 64 164860 0
95 70 164917 1
98 63 164938 1
91 30 165002 1
96 38 165017 1
103 42 165088 1
19 83 165124 0
73 72 165147 1
97 78 165162 1
95 36 165178 1
97 35 165184 1
39 59 165184 1
100 35 165187 1
59 89 165323 0
106 55 165351 1
17 80 165374 0
102 54 165381 1
59 90 165470 0
94 35 165483 1
32 62 165500 1
63 61 165523 0
83 88 165545 0
28 83 165549 0
72 77 165656 1
61 65 165663 0
17 81 165686 0
17 78 165691 0
68 95 165691 0
62 64 165692 0
24 37 165698 1
24 66 165698 1
62 92 165758 0
81 7 165805 1
41 57 165905 1
83 33 165964 1
58 86 165980 0
98 40 166030 1
59 88 166035 0
58 87 166041 0
36 78 166095 0
56 66 166124 0
28 84 166133 0
99 61 166137 1
72 73 166158 1
72 76 166191 1
102 53 166240 1
83 32 166241 1
38 79 166254 0
57 81 166254 0
99 64 166331 1
104 105 166340 1
94 73 166341 1
102 77 166370 1
102 52 166370 1
70 39 166396 1
19 81 166400 0
51 70 166419 0
33 63 166425 1
71 94 166433 0
75 68 166456 1
90 33 166492 1
83 54 166511 1
100 43 166517 1
125 81 166574 1
75 93 166583 0
15 81 166602 0
84 20 166623 1
86 62 166671 0
25 85 166700 0
88 33 166703 1
58 75 166722 0
43 58 166736 1
95 72 166738 1
100 41 166743 1
23 84 166788 0
58 82 166793 0
63 93 166799 0
22 84 166799 0
17 77 166851 0
97 41 166889 1
55 78 166926 0
40 58 166995 1
66 39 166997 1
41 86 167022 0
30 82 167041 0
97 40 167066 1
67 94 167101 0
93 75 167282 1
40 59 167439 1
100 67 167539 1
53 69 167606 0
102 47 167693 1
57 78 167694 0
107 49 167700 1
28 85 167716 0
89 52 167720 0
63 92 167740 0
81 58 167757 1
102 51 167786 1
77 34 167804 1
86 32 167810 1
67 40 167841 1
80 58 167841 1
11 78 167882 0
16 75 167958 0
102 48 168101 1
49 85 168145 0
63 106 168152 0
69 94 168154 0
27 83 168161 0
82 68 168215 0
37 79 168263 0
64 61 168272 0
59 91 168278 0
72 94 168287 0
99 41 168356 1
66 93 168440 0
75 36 168441 1
64 42 168458 1
62 93 168572 0
25 84 168685 0
56 67 168708 0
23 86 168750 0
99 42 168757 1
14 76 168876 0
29 63 168895 1
89 34 168908 1
17 73 168911 0
75 35 168916 1
36 79 168932 0
93 35 168992 1
46 74 169030 0
96 68 169045 1
16 88 169048 0
77 98 169079 0
57 65 169085 0
91 34 169089 1
59 89 169096 0
88 52 169108 0
18 80 169167 0
59 70 169171 0
96 70 169239 1
57 85 169306 0
18 82 169422 0
18 81 169485 0
54 67 169522 0
52 94 169529 0
89 50 169532 0
86 61 169537 0
59 73 169568 0
34 80 169573 0
8 85 169581 0
88 57 169805 0
78 92 170005 0
60 63 170010 0
21 84 170013 0
58 86 170070 0
31 82 170090 0
18 77 170189 0
57 99 170196 0
58 78 170245 0
37 97 170310 0
66 95 170373 0
58 87 170386 0
41 80 170437 0
19 96 170500 0
42 76 170505 0
58 94 170548 0
71 37 170582 1
62 65 170595 0
95 71 170621 1
26 84 170623 0
87 59 170632 0
45 54 170642 1
67 95 170672 0
67 94 170746 0
18 73 170801 0
52 69 170850 0
95 83 170962 1
83 67 171117 0
30 62 171173 1
87 32 171218 1
58 90 171444 0
73 94 171499 0
51 69 171508 0
31 62 171611 1
24 85 171691 0
99 81 171748 1
57 74 171766 0
89 33 171816 1
16 93 171817 0
8 93 171959 0
23 91 171972 0
102 49 172030 1
15 81 172035 0
59 106 172053 0
98 38 172072 1
101 43 172112 1
59 69 172114 0
18 76 172236 0
76 35 172339 1
25 104 172374 0
92 35 172407 1
101 60 172473 1
38 78 172582 0
17 72 172619 0
81 32 172667 1
94 36 172785 1
56 84 172855 0
102 57 172876 1
57 76 172953 0
68 39 173121 1
10 87 173198 0
87 58 173198 0
24 88 173454 0
74 94 173463 0
100 60 173544 1
101 45 173564 1
29 64 173586 1
21 83 173603 0
58 112 173612 0
16 88 173643 0
46 73 173658 0
55 93 173707 0
15 78 173778 0
68 94 173780 0
29 83 173792 0
101 48 173824 1
72 94 173850 0
13 77 173871 0
19 92 173922 0
12 85 173926 0
66 94 173947 0
16 74 174008 0
90 34 174027 1
46 99 174039 0
100 44 174058 1
90 49 174078 0
101 46 174174 1
60 93 174290 0
85 32 174409 1
77 92 174484 0
53 91 174525 0
55 12 174543 0
16 78 174560 0
52 92 174563 0
96 37 174584 1
61 91 174612 0
59 66 174621 0
70 96 174664 0
87 56 174692 0
57 84 174700 0
8 82 174754 0
47 54 174798 1
101 44 174838 1
90 53 174855 0
97 35 174982 1
85 63 175130 0
98 39 175303 1
82 32 175310 1
65 61 175348 0
62 92 175402 0
71 93 175415 0
19 84 175426 0
17 85 175440 0
57 101 175444 0
88 32 175469 1
68 38 175497 1
19 80 175520 0
81 71 175609 0
96 84 175622 1
89 52 175644 0
81 57 175667 1
73 93 175675 0
22 67 175680 1
66 40 175690 1
100 42 175703 1
99 62 175719 1
86 49 175748 0
81 89 175789 0
101 57 175796 1
100 43 175851 1
57 83 175886 0
14 79 175888 0
67 94 175899 0
59 89 175956 0
57 93 176026 0
101 58 176029 1
77 75 176042 0
97 39 176043 1
97 38 176072 1
86 56 176122 0
95 37 176156 1
72 74 176223 1
84 32 176236 1
16 92 176247 0
61 101 176276 0
13 96 176324 0
87 57 176325 0
54 68 176344 0
98 40 176473 1
102 46 176570 1
103 53 176626 1
78 63 176795 1
74 36 176807 1
86 62 176893 0
58 82 176957 0
82 89 176957 0
80 90 176971 0
99 42 176978 1
79 91 176982 0
58 86 177000 0
59 88 177076 0
66 94 177126 0
20 85 177141 0
81 33 177160 1
19 83 177235 0
52 68 177268 0
93 34 177277 1
49 53 177278 1
72 78 177379 1
91 35 177452 1
65 60 177455 0
59 64 177468 0
84 53 177487 1
50 52 177487 1
68 94 177493 0
58 64 177563 0
59 72 177601 0
17 75 177636 0
58 88 177638 0
98 64 177639 1
30 63 177678 1
63 92 177699 0
78 91 177714 0
66 93 177758 0
82 33 177794 1
74 93 177836 0
19 82 177841 0
18 76 177881 0
18 83 177906 0
95 36 177950 1
36 78 178030 0
41 76 178083 0
38 59 178092 1
30 81 178132 0
31 81 178171 0
58 78 178215 0
102 56 178345 1
58 87 178351 0
80 33 178354 1
23 84 178381 0
21 86 178507 0
63 93 178595 0
83 31 178658 1
71 76 178689 1
19 81 178703 0
33 81 178711 0
73 79 178772 1
89 55 178821 0
22 84 178849 0
40 77 178857 0
32 81 178860 0
16 83 178925 0
57 82 178945 0
60 67 178961 0
19 71 178971 0
57 79 178982 0
81 68 178983 0
17 76 179014 0
74 35 179022 1
86 59 179022 0
61 92 179079 0
90 49 179111 0
57 64 179122 0
50 91 179153 0
102 54 179165 1
63 62 179168 0
94 36 179189 1
96 69 179199 1
88 33 179207 1
57 47 179250 1
57 80 179323 0
88 55 179331 0
18 73 179353 0
58 72 179357 0
22 85 179361 0
102 53 179365 1
17 79 179367 0
19 86 179371 0
18 72 179431 0
18 81 179439 0
101 45 179449 1
17 77 179449 0
56 83 179461 0
99 41 179467 1
15 81 179503 0
91 34 179554 1
59 90 179582 0
73 78 179596 1
93 35 179628 1
28 86 179721 0
33 83 179743 0
90 54 179778 0
95 73 179788 1
67 98 179955 0
96 38 179963 1
59 65 179972 0
30 85 180012 0
72 77 180021 1
72 94 180043 0
25 84 180088 0
89 32 180105 1
49 71 180168 0
87 49 180197 0
66 94 180206 0
18 80 180244 0
74 78 180259 1
18 77 180471 0
89 51 180517 0
86 32 180552 1
67 39 180575 1
65 40 180589 1
87 32 180604 1
75 77 180608 1
28 83 180611 0
81 59 180682 1
99 40 180684 1
31 63 180684 1
27 63 180716 1
91 33 180733 1
66 95 180757 0
63 60 180783 0
38 58 180805 1
72 36 180840 1
62 92 180845 0
70 95 180922 0
48 53 180981 1
50 71 181036 0
30 83 181103 0
102 52 181144 1
68 94 181152 0
84 33 181154 1
61 91 181173 0
58 73 181198 0
89 54 181222 0
76 77 181255 1
82 57 181276 1
67 94 181307 0
71 77 181331 1
100 61 181341 1
86 53 181364 0
27 84 181365 0
55 96 181372 0
83 65 181378 0
21 83 181381 0
102 48 181403 1
72 75 181528 1
98 38 181540 1
103 51 181541 1
32 63 181578 1
61 69 181615 0
83 32 181689 1
96 37 181699 1
21 84 181783 0
93 27 181825 1
102 55 181906 1
86 60 182010 0
90 33 182033 1
15 75 182085 0
99 63 182092 1
60 65 182156 0
102 47 182186 1
97 35 182273 1
57 66 182277 0
75 69 182300 1
16 88 182371 0
100 42 182383 1
50 73 182383 0
83 89 182459 0
23 88 182516 0
35 79 182549 0
17 78 182560 0
92 34 182561 1
62 104 182567 0
60 64 182633 0
20 86 182731 0
27 83 182735 0
58 92 182748 0
18 76 182763 0
47 53 182783 1
15 79 182794 0
33 62 182801 1
30 82 182885 0
39 78 182954 0
58 75 182961 0
61 95 182961 0
63 96 182980 0
75 95 182981 0
62 67 182990 0
77 66 183035 1
74 94 183047 0
80 60 183048 1
89 33 183188 1
36 79 183252 0
18 84 183346 0
16 76 183352 0
102 45 183360 1
88 49 183377 0
37 60 183438 1
81 70 183449 0
66 94 183467 0
84 32 183494 1
26 83 183776 0
36 60 183809 1
58 84 183825 0
78 33 183852 1
105 25 183861 1
38 77 183892 0
39 77 183901 0
109 68 184004 1
102 49 184021 1
98 40 184060 1
59 89 184080 0
19 104 184134 0
28 65 184143 1
83 33 184146 1
18 82 184227 0
53 49 184284 1
50 70 184307 0
26 63 184426 1
54 82 184508 0
98 39 184786 1
71 38 184873 1
23 84 184909 0
53 50 184938 1
55 48 184969 1
73 36 185021 1
56 47 185024 1
73 35 185034 1
90 31 185057 1
41 58 185059 1
63 99 185145 0
102 41 185167 1
80 29 185184 1
73 77 185188 1
72 76 185213 1
44 76 185349 0
8 90 185492 0
59 97 185500 0
62 61 185523 0
84 54 185769 1
58 45 185800 1
15 81 185852 0
87 60 185894 0
54 88 185965 0
61 44 185965 1
51 51 186009 1
12 79 186012 0
39 58 186031 1
22 85 186110 0
65 41 186167 1
23 64 186201 1
92 33 186203 1
23 65 186272 1
88 32 186280 1
40 58 186287 1
103 54 186289 1
93 33 186312 1
24 86 186357 0
60 93 186388 0
54 77 186401 0
17 81 186435 0
14 89 186481 0
17 82 186572 0
101 44 186669 1
30 64 186835 1
95 70 186870 1
55 101 186894 0
17 80 186985 0
103 49 187020 1
57 70 187069 0
31 83 187084 0
82 69 187140 0
58 84 187156 0
100 43 187158 1
77 92 187164 0
99 42 187249 1
26 84 187304 0
97 39 187385 1
58 78 187403 0
95 93 187439 0
47 89 187463 0
19 83 187474 0
58 102 187487 0
28 63 187540 1
65 93 187547 0
16 82 187582 0
103 48 187584 1
102 46 187609 1
71 110 187631 0
92 76 187662 1
4 90 187676 0
97 38 187715 1
92 77 187718 1
101 46 187746 1
103 47 187914 1
90 52 188036 0
29 83 188125 0
91 78 188174 1
89 34 188188 1
90 53 188259 0
49 52 188296 1
95 36 188353 1
94 35 188405 1
95 37 188405 1
74 77 188452 1
103 52 188481 1
102 58 188485 1
93 31 188572 1
82 32 188693 1
92 31 188695 1
103 84 188736 1
58 82 188747 0
87 31 188839 1
66 94 188884 0
98 38 188921 1
69 94 189039 0
40 79 189049 0
93 35 189070 1
90 49 189071 0
59 73 189079 0
46 53 189079 1
63 92 189101 0
100 41 189119 1
89 28 189152 1
103 50 189155 1
59 88 189183 0
101 42 189232 1
60 90 189234 0
96 37 189235 1
68 94 189248 0
84 31 189278 1
57 45 189386 1
77 31 189450 1
115 115 189496 1
26 83 189499 0
96 30 189501 1
91 34 189562 1
69 39 189646 1
71 93 189666 0
87 59 189726 0
3 126 189735 1
99 39 189786 1
88 48 189821 0
94 36 189853 1
46 73 189858 0
83 68 189860 0
101 45 189874 1
66 93 189938 0
99 65 189943 1
43 75 189976 0
37 59 190037 1
74 34 190064 1
96 36 190065 1
73 93 190137 0
100 42 190194 1
42 58 190197 1
29 62 190203 1
76 29 190205 1
101 41 190275 1
97 37 190280 1
101 43 190301 1
32 62 190330 1
88 49 190531 0
58 84 190538 0
31 61 190540 1
59 77 190613 0
65 93 190616 0
26 65 190645 1
99 40 190827 1
84 87 190862 0
19 80 190865 0
96 24 190920 1
83 30 190924 1
74 36 190928 1
98 40 190969 1
73 73 190981 1
101 44 191009 1
86 32 191044 1
90 32 191064 1
98 39 191082 1
37 58 191120 1
72 78 191131 1
42 57 191186 1
75 33 191198 1
58 79 191204 0
30 62 191237 1
76 68 191257 1
103 26 191367 1
87 32 191368 1
99 36 191387 1
85 32 191400 1
54 48 191401 1
39 59 191404 1
101 59 191423 1
60 92 191498 0
102 54 191545 1
19 82 191615 0
22 84 191616 0
34 62 191635 1
90 52 191685 0
58 65 191721 0
63 61 191744 0
62 44 191750 1
97 38 191820 1
88 30 191831 1
75 35 191841 1
73 78 191849 1
103 51 191876 1
58 86 191915 0
78 34 191917 1
24 65 191943 1
34 61 191949 1
102 46 191952 1
18 77 192068 0
73 79 192097 1
55 82 192102 0
98 65 192212 1
71 77 192220 1
93 34 192242 1
99 41 192279 1
72 77 192298 1
80 30 192323 1
19 81 192378 0
84 32 192437 1
102 45 192464 1
95 36 192512 1
75 70 192573 1
98 38 192585 1
46 55 192630 1
20 84 192630 0
13 78 192649 0
94 25 192678 1
102 56 192709 1
18 73 192723 0
91 33 192730 1
70 37 192787 1
31 62 192789 1
41 57 192844 1
20 82 192872 0
67 40 192873 1
44 56 193036 1
60 90 193048 0
66 39 193111 1
73 77 193144 1
79 33 193164 1
96 68 193188 1
50 51 193214 1
81 32 193275 1
99 48 193343 1
18 76 193373 0
73 92 193383 0
63 92 193389 0
76 66 193394 1
89 39 193403 1
23 85 193412 0
97 39 193422 1
99 62 193449 1
116 88 193463 1
21 83 193518 0
89 33 193595 1
18 80 193596 0
24 84 193597 0
80 32 193609 1
87 60 193637 0
62 66 193661 0
37 78 193709 0
18 81 193716 0
25 84 193718 0
69 38 193719 1
95 71 193736 1
27 82 193751 0
89 32 193752 1
62 92 193775 0
59 44 193776 1
95 86 193782 1
32 63 193884 1
106 47 193906 1
60 45 193946 1
103 49 194034 1
91 32 194053 1
71 76 194138 1
74 93 194147 0
94 35 194153 1
40 57 194183 1
55 47 194185 1
33 61 194186 1
27 64 194210 1
59 72 194260 0
97 40 194266 1
82 56 194279 1
34 81 194327 0
46 72 194342 0
65 93 194364 0
75 78 194389 1
79 32 194390 1
74 78 194391 1
17 82 194424 0
97 27 194433 1
96 37 194435 1
38 91 194489 0
73 72 194490 1
22 85 194491 0
17 77 194508 0
72 37 194514 1
38 78 194536 0
64 62 194560 0
54 86 194563 0
35 61 194582 1
51 98 194665 0
101 52 194686 1
47 73 194776 0
71 75 194843 1
96 67 194845 1
85 87 194847 0
77 34 194886 1
86 62 194910 0
15 81 194948 0
67 93 194949 0
46 54 194971 1
97 36 195146 1
37 77 195180 0
52 50 195189 1
67 38 195207 1
95 35 195246 1
66 93 195252 0
58 82 195322 0
58 84 195341 0
83 32 195412 1
16 88 195413 0
18 92 195416 0
58 79 195443 0
61 91 195462 0
74 94 195561 0
57 46 195582 1
47 52 195644 1
90 33 195645 1
100 39 195675 1
73 74 195692 1
68 38 195721 1
30 61 195748 1
93 35 195801 1
94 74 195807 1
20 82 195837 0
95 72 195858 1
103 48 195865 1
76 34 195959 1
105 48 196022 1
103 53 196098 1
39 57 196117 1
86 31 196148 1
65 34 196175 1
73 76 196258 1
88 32 196340 1
19 77 196344 0
60 90 196352 0
59 63 196367 0
100 42 196429 1
92 34 196449 1
102 53 196494 1
60 72 196541 0
57 65 196549 0
93 27 196632 1
73 34 196649 1
58 83 196687 0
59 88 196823 0
59 86 196823 0
88 56 196835 0
97 67 196868 1
48 52 196875 1
101 44 196917 1
60 70 196952 0
89 53 196985 0
102 57 197021 1
102 44 197163 1
91 34 197229 1
83 66 197268 0
85 27 197274 1
89 25 197278 1
22 82 197291 0
103 46 197298 1
64 41 197345 1
88 57 197373 0
84 27 197380 1
82 33 197646 1
59 89 197790 0
28 83 197796 0
31 82 197842 0
58 78 197857 0
74 72 197871 1
66 94 197890 0
88 48 197902 0
55 91 197935 0
59 83 197973 0
72 76 197988 1
71 37 198035 1
115 59 198058 1
19 80 198067 0
41 86 198114 0
43 57 198151 1
24 84 198247 0
99 64 198253 1
67 93 198338 0
26 83 198354 0
30 63 198355 1
63 41 198366 1
75 92 198393 0
51 52 198397 1
76 91 198414 0
74 71 198458 1
38 58 198459 1
72 93 198629 0
67 94 198702 0
52 70 198731 0
36 78 198900 0
66 40 198900 1
45 86 198930 0
21 85 198958 0
62 67 198967 0
57 100 199020 0
70 93 199092 0
16 78 199245 0
98 38 199267 1
81 33 199280 1
21 84 199325 0
100 41 199414 1
48 80 199423 0
98 37 199442 1
20 84 199499 0
18 71 199503 0
79 61 199515 1
39 76 199571 0
72 75 199624 1
89 56 199737 0
98 39 199764 1
29 63 199832 1
58 79 199862 0
18 72 199879 0
44 75 199882 0
90 54 199929 0
81 70 199954 0
0 0 200010 0
