Input scale (32 bit):
 109079800
Input zero point:
 125
Weight scale (32 bit):
 58086384
Weight zero point:
 135
Output scale (32 bit):
 200275392
Output zero point:
 102
M Scales (32 bit):
 31636694
Weight (8 bit):
weights_conv[0] = {20, 18, -9, -14, -32, -32, -45, 24, -6, 7, -7, -17, 23, 0, 17, -33, -8, 28, -7, 45};
weights_conv[1] = {-28, 39, 22, -6, -20, 27, -20, -10, 18, 33, -2, 38, 16, -46, -9, -55, -26, 26, 30, 10};
weights_conv[2] = {10, 23, 50, -3, 47, 27, 18, 25, -45, 59, 32, 13, -33, -33, 25, 10, 93, -16, -74, 28};
weights_conv[3] = {-34, -26, 16, 14, -15, 15, 21, 24, -20, -21, -25, -10, 5, 20, 26, -18, -26, -8, 6, 16};
weights_conv[4] = {12, -6, -20, 51, -5, -11, 29, -12, -18, -4, 14, -25, -20, 37, 26, 29, 35, -11, -23, 8};
weights_conv[5] = {-4, -6, -10, -17, -10, -3, -3, -18, -15, 2, 3, 1, -17, -3, -9, -7, -11, 11, 3, -2};
weights_conv[6] = {-25, -21, 53, -15, -2, -40, -6, 9, 22, 48, -20, -57, -50, 38, 48, 32, -21, -44, 13, -2};
weights_conv[7] = {-12, -5, -20, -58, 47, 33, -15, 34, 37, 44, 61, -30, -25, 50, -21, 18, 40, 29, 3, 3};
weights_conv[8] = {29, 0, -17, -13, 23, -1, -4, 42, -34, -3, -5, -10, -15, 48, -43, 12, 12, -11, -1, 24};
weights_conv[9] = {-13, 6, -7, 17, -16, -17, -1, -19, 8, 22, 1, -22, 13, -1, -11, -16, -20, 12, -22, -26};
weights_conv[10] = {0, 15, -21, -9, -4, 12, 29, -14, -5, 6, -16, 37, 14, -6, -7, -10, -15, 16, -7, 10};
weights_conv[11] = {55, -36, 31, -34, 26, 31, 12, -21, -58, 17, -5, 14, -24, 33, -12, -37, 11, 35, -18, 36};
weights_conv[12] = {39, 119, 41, -5, -43, -29, -18, 10, -13, -36, -13, -20, 13, 4, 24, 10, 13, 15, 16, 39};
weights_conv[13] = {56, -13, -1, -8, 9, -9, 21, -11, 31, -4, 15, -18, -6, 23, 29, -13, 11, 9, -23, -21};
weights_conv[14] = {5, 7, -28, 4, -13, -4, -25, -19, 4, 5, 15, -1, 1, -18, 23, -15, -25, -22, 9, 4};
weights_conv[15] = {-34, -33, -12, 0, -27, 10, -8, 10, -21, -15, 53, -12, -21, 33, -40, -9, 46, -37, 16, 5};
weights_conv[16] = {-13, -46, 62, -32, 99, 53, -3, 3, 55, -48, -37, 48, 16, -18, -34, 36, 28, -31, 11, 31};
weights_conv[17] = {-79, 40, -27, -2, -56, -74, -13, 4, -4, 39, 26, 57, 29, 64, -28, -19, -21, -6, 7, -55};
weights_conv[18] = {-13, 33, -27, -12, 45, -14, -12, -23, -5, 1, -5, -5, -22, -27, -21, 27, 38, -4, 35, 12};
weights_conv[19] = {15, 19, -17, 16, -16, 0, 16, -37, -23, 10, -5, 24, 12, -16, 19, 4, -11, 27, -2, 9};
weights_conv[20] = {-22, -134, -13, 30, -32, -5, -3, -17, 23, 3, 5, 0, -26, 22, 7, -1, -10, 34, -19, 3};
weights_conv[21] = {31, -50, 30, 38, -18, -29, 31, 5, -35, 20, 22, 10, 32, -20, 14, -11, -31, 4, -5, -9};
weights_conv[22] = {-27, 25, 28, -3, -23, -20, 12, -18, 15, 8, 25, 36, 32, -32, 17, -10, 3, 22, -29, -16};
weights_conv[23] = {-5, 3, 6, -15, 6, 27, 4, -9, 15, -2, -33, -26, 15, 19, -15, 32, 11, 16, 22, 18};
weights_conv[24] = {16, 18, -18, -20, 4, 2, -1, -20, 2, -22, -5, -11, -12, 15, 6, 4, 22, -9, -9, 4};
weights_conv[25] = {15, -20, -51, 13, 35, 40, -20, -17, 13, 51, 9, 28, 54, -34, 24, 85, 14, -26, 36, -87};
weights_conv[26] = {-54, -20, -18, 25, 8, -43, 7, -23, -17, 6, 37, -26, -4, 33, 10, 10, -4, 2, -8, -38};
weights_conv[27] = {16, -27, 3, 17, -25, 10, -33, 2, 10, 11, 6, 56, 1, -6, -27, -32, 26, -4, 30, 23};
weights_conv[28] = {-38, 3, -6, -36, 17, -9, -42, 17, -1, -16, 15, 0, 16, 16, 3, 18, 10, -11, -16, 6};
weights_conv[29] = {22, -28, -43, 26, -48, -11, 31, 16, 21, 10, 2, 1, 11, -29, -15, -9, -4, 16, 18, -30};
weights_conv[30] = {13, -15, -17, -14, -19, -13, -3, -18, 13, -23, 17, 28, 10, -31, 22, 0, 2, 27, 1, -13};
weights_conv[31] = {10, 16, -15, -22, 4, 11, 10, -22, -5, 12, -6, 1, -20, 10, 12, 22, -22, -18, -10, -21};
weights_conv[32] = {6, 105, -10, -11, -22, -17, 48, -40, -37, 18, 37, -5, 2, -41, 37, 16, 36, 15, 26, 12};
weights_conv[33] = {53, 7, -10, 9, -27, 7, -3, 34, 21, 26, 9, -17, -26, -4, -22, -2, -14, -12, 33, 1};
weights_conv[34] = {20, 12, -23, 0, 4, 21, 9, 13, -19, 15, 11, 12, 0, -3, 21, 10, 14, -16, 8, 15};
weights_conv[35] = {-24, 21, 5, 12, 26, 6, 36, -22, -17, -33, -22, 23, -7, -13, 22, -31, 18, 32, -29, 21};

Bias (8 bit):
bias_conv = {-360, -2921, -326, -1659, 1751, 469, 1242, 62, -1617, 1079, -3606, 1475, -2569, -1946, -1366, 164, -493, 835, 1453, -5920, 9, 2572, -1290, 300, -650, -373, 3073, -323, -6367, -537, 2774, -1930, -662, -6039, -259, 1369};
Input range (8 bit):
 [-3, -2, -1, 0, 1, 2, 3]
Output range (8 bit):
 [-118, -79, -39, 0, 39, 79, 118]
